5.0 -35.4663462034
10.0 -22.0370427288
15.0 -7.9719799661
20.0 -1.36480996186
25.0 0.601911330508
30.0 0.763725173729
35.0 0.578698368644
40.0 0.464350631356
45.0 0.447332122881
50.0 0.46657665678
55.0 0.482196254237
60.0 0.491158872881
65.0 0.502853364407
70.0 0.515931072034
75.0 0.527237313559
80.0 0.53939440678
85.0 0.551530733051
90.0 0.563422254237
95.0 0.575808394068
100.0 0.587844838983
105.0 0.599654470339
110.0 0.611085911017
115.0 0.622198927966
120.0 0.632788080508
125.0 0.642864830508
130.0 0.652132245763
135.0 0.661196
140.0 0.66938970339
145.0 0.677154449153
150.0 0.683964432203
155.0 0.69003370339
160.0 0.695911148305
165.0 0.701148974576
170.0 0.705679169492
175.0 0.709710368644
180.0 0.713275021186
185.0 0.716304220339
190.0 0.719074050847
195.0 0.721252618644
200.0 0.723408325847
205.0 0.724969572034
210.0 0.726487117373
215.0 0.727777680085
220.0 0.729086708898
225.0 0.7299329
230.0 0.730782544068
235.0 0.731139002966
240.0 0.731556017373
245.0 0.731861322458
250.0 0.731952970763
255.0 0.732054299153
260.0 0.732036634746
265.0 0.732060305932
270.0 0.732168540254
275.0 0.73220770339
280.0 0.732634616525
285.0 0.732920819915
290.0 0.733517972034
295.0 0.734231267797
300.0 0.735196059322
305.0 0.736417941525
310.0 0.737927425
315.0 0.73977556822
320.0 0.741921080932
325.0 0.744538647458
330.0 0.747533483898
335.0 0.751033812712
340.0 0.754961775
345.0 0.759473841102
350.0 0.764529541525
355.0 0.770225607627
360.0 0.77645722161
365.0 0.783334416525
370.0 0.790657220636
375.0 0.798445435042
380.0 0.806906385254
385.0 0.81587554911
390.0 0.824959740847
395.0 0.834290039619
400.0 0.843668489642
405.0 0.852956960042
410.0 0.861935688347
415.0 0.870406996059
420.0 0.878095884449
425.0 0.884703639661
430.0 0.889840713602
435.0 0.893111759534
440.0 0.894139249661
445.0 0.892421181017
450.0 0.887444978093
455.0 0.878770548178
460.0 0.865955399153
465.0 0.848457100381
470.0 0.825730205924
475.0 0.797077288263
480.0 0.763072863686
485.0 0.723107577542
490.0 0.677541444915
495.0 0.627220375
500.0 0.573513548305
505.0 0.518285504237
510.0 0.463600489407
515.0 0.412481190254
520.0 0.366297914407
525.0 0.326471923305
530.0 0.296173749153
535.0 0.274637281356
540.0 0.259976936441
545.0 0.255642320763
550.0 0.253827666525
555.0 0.253110518644
560.0 0.254119258898
565.0 0.254595541525
570.0 0.255122714831
575.0 0.255524376271
580.0 0.255609908475
585.0 0.2556285
590.0 0.255461206356
595.0 0.255184294068
600.0 0.254833020339
605.0 0.254402530932
610.0 0.253859745763
615.0 0.253237460169
620.0 0.252512796186
625.0 0.251757805085
630.0 0.25100933178
635.0 0.250250606356
640.0 0.249572585169
645.0 0.249016188136
650.0 0.248537111441
655.0 0.248199947034
660.0 0.248017724153
665.0 0.247990414407
670.0 0.248135105085
675.0 0.248454969915
680.0 0.248951913983
685.0 0.249632747458
690.0 0.250494577542
695.0 0.251534107203
700.0 0.252735365678
705.0 0.254130239831
710.0 0.255693140254
715.0 0.257378883475
720.0 0.259232166525
725.0 0.261245547881
730.0 0.263405400424
735.0 0.265705663983
740.0 0.268138586441
745.0 0.270707444068
750.0 0.273399864407
755.0 0.276214522458
760.0 0.279149038983
765.0 0.282198376271
770.0 0.285354166102
775.0 0.28861052839
780.0 0.292000008475
785.0 0.295366339407
790.0 0.29887532839
795.0 0.302491838559
800.0 0.306174386441
805.0 0.309929601271
810.0 0.313760509322
815.0 0.317670575424
820.0 0.321655825847
825.0 0.325718111017
830.0 0.329857233051
835.0 0.334079055932
840.0 0.338352387288
845.0 0.34275199661
850.0 0.347184596186
855.0 0.351732755932
860.0 0.356354687712
865.0 0.361086091949
870.0 0.365886148305
875.0 0.370799228814
880.0 0.375797380932
885.0 0.380901373729
890.0 0.386111723305
895.0 0.391442910169
900.0 0.396913305932
905.0 0.4025073
910.0 0.408238308475
915.0 0.414112165678
920.0 0.420136306356
925.0 0.426318024576
930.0 0.432669570763
935.0 0.439193387288
940.0 0.44589514661
945.0 0.452781154237
950.0 0.459852461017
955.0 0.467115835593
960.0 0.474576507627
965.0 0.482228305085
970.0 0.490064712288
975.0 0.498076200847
980.0 0.506244044492
985.0 0.514534747034
990.0 0.522905844068
995.0 0.53141465678
1000.0 0.539829567373
1005.0 0.547765216102
1010.0 0.555750802966
1015.0 0.563761364407
1020.0 0.570751122458
1025.0 0.576868912288
1030.0 0.582169637712
1035.0 0.586457071186
1040.0 0.589380146186
1045.0 0.590848744915
1050.0 0.590572686864
1055.0 0.588376708898
1060.0 0.584170390678
1065.0 0.57780967161
1070.0 0.569202069492
1075.0 0.558621010169
1080.0 0.546019734322
1085.0 0.531466955508
1090.0 0.515709084746
1095.0 0.498770486441
1100.0 0.481262061441
1105.0 0.463762427542
1110.0 0.446192742373
1115.0 0.429043974153
1120.0 0.414227597458
1125.0 0.400613523305
1130.0 0.388165361017
1135.0 0.37736360339
1140.0 0.368549465254
1145.0 0.360862363983
1150.0 0.35487234661
1155.0 0.350157133475
1160.0 0.346677183051
1165.0 0.343800916525
1170.0 0.34171827839
1175.0 0.339890767797
1180.0 0.338754961441
1185.0 0.337814095763
1190.0 0.336779877119
1195.0 0.335900830085
1200.0 0.334983572034
1205.0 0.333948100424
1210.0 0.332820191102
1215.0 0.331659265254
1220.0 0.330399156356
1225.0 0.329120237288
1230.0 0.327836711017
1235.0 0.326486037288
1240.0 0.325347991949
1245.0 0.3242394
1250.0 0.323309589407
1255.0 0.322628810169
1260.0 0.322112230932
1265.0 0.321865064407
1270.0 0.3218741
1275.0 0.322144138136
1280.0 0.322707527542
1285.0 0.323519258051
1290.0 0.324640951695
1295.0 0.326007892373
1300.0 0.327606338983
1305.0 0.329399447881
1310.0 0.331456396186
1315.0 0.333703683475
1320.0 0.336094776271
1325.0 0.338664533475
1330.0 0.341443311441
1335.0 0.344383345339
1340.0 0.34737463178
1345.0 0.350446795763
1350.0 0.353692337712
1355.0 0.357008464831
1360.0 0.360427585593
1365.0 0.363875319915
1370.0 0.367410750424
1375.0 0.370974422034
1380.0 0.374627591102
1385.0 0.378292057203
1390.0 0.382016733898
1395.0 0.385743981356
1400.0 0.389512053814
1405.0 0.393275218644
1410.0 0.397065952966
1415.0 0.400849486864
1420.0 0.404641488983
1425.0 0.408418701271
1430.0 0.412183734322
1435.0 0.415926790678
1440.0 0.419639207627
1445.0 0.423311721186
1450.0 0.426938730085
1455.0 0.430504214831
1460.0 0.433994292797
1465.0 0.437392508898
1470.0 0.440663954661
1475.0 0.443749113559
1480.0 0.446809058898
1485.0 0.449637374153
1490.0 0.452209970339
1495.0 0.454528022881
1500.0 0.456572686864
1505.0 0.458305893644
1510.0 0.459677375
1515.0 0.4607307
1520.0 0.461291399576
1525.0 0.461406060169
1530.0 0.461078580085
1535.0 0.460264147034
1540.0 0.458998136864
1545.0 0.457228836017
1550.0 0.45497324322
1555.0 0.452264279661
1560.0 0.449148013136
1565.0 0.445678066102
1570.0 0.441905974576
1575.0 0.437893015678
1580.0 0.433656436441
1585.0 0.429386707627
1590.0 0.425006687288
1595.0 0.420721059322
1600.0 0.416364900847
1605.0 0.412178256356
1610.0 0.408212002542
1615.0 0.404321668644
1620.0 0.400651438559
1625.0 0.397236337712
1630.0 0.394051282627
1635.0 0.391123358898
1640.0 0.388391675847
1645.0 0.385899317373
1650.0 0.383476436441
1655.0 0.38133989322
1660.0 0.379314202119
1665.0 0.377508031356
1670.0 0.375822567797
1675.0 0.374267089831
1680.0 0.372842765254
1685.0 0.371464013983
1690.0 0.370199111017
1695.0 0.369021802119
1700.0 0.36793358178
1705.0 0.366915627119
1710.0 0.366009713136
1715.0 0.365158505932
1720.0 0.364413845339
1725.0 0.363780764407
1730.0 0.363258411864
1735.0 0.362822077966
1740.0 0.362506332203
1745.0 0.362337510593
1750.0 0.362280491949
1755.0 0.362369583898
1760.0 0.362570022034
1765.0 0.362931316525
1770.0 0.363394338983
1775.0 0.364013076271
1780.0 0.364725715678
1785.0 0.365585530508
1790.0 0.366527927119
1795.0 0.367605608898
1800.0 0.368750664831
1805.0 0.369984962288
1810.0 0.371296029661
1815.0 0.372745949576
1820.0 0.374229590254
1825.0 0.375747805508
1830.0 0.377280940678
1835.0 0.378947391949
1840.0 0.380555715678
1845.0 0.382256321186
1850.0 0.383945079661
1855.0 0.385649424576
1860.0 0.387348232627
1865.0 0.389054726271
1870.0 0.390732672881
1875.0 0.392414753814
1880.0 0.394064036864
1885.0 0.395699448305
1890.0 0.397292599153
1895.0 0.398858687712
1900.0 0.400377211017
1905.0 0.401855228814
1910.0 0.403278974576
1915.0 0.404704307627
1920.0 0.406012047881
1925.0 0.407229837712
1930.0 0.408341745763
1935.0 0.409451376271
1940.0 0.410560987712
1945.0 0.411483341102
1950.0 0.412327135169
1955.0 0.413097029661
1960.0 0.413770455085
1965.0 0.414346810593
1970.0 0.414820237712
1975.0 0.415202226271
1980.0 0.415463699576
1985.0 0.415620437712
1990.0 0.415673310593
1995.0 0.415613998729
2000.0 0.415443062288
2005.0 0.415163458475
2010.0 0.41477686822
2015.0 0.414286457627
2020.0 0.413697805932
2025.0 0.413016449153
2030.0 0.412247964407
2035.0 0.411398500424
2040.0 0.410475213559
2045.0 0.409507716525
2050.0 0.408458120763
2055.0 0.407318159322
2060.0 0.406204799153
2065.0 0.405058796186
2070.0 0.403835332627
2075.0 0.402618247458
2080.0 0.401461347034
2085.0 0.400224935169
2090.0 0.39902311822
2095.0 0.397868274576
2100.0 0.396719670763
2105.0 0.395587436864
2110.0 0.394493563559
2115.0 0.393429472881
2120.0 0.392416048729
2125.0 0.391451357203
2130.0 0.390523811864
2135.0 0.389644188136
2140.0 0.38879980678
2145.0 0.388036367797
2150.0 0.387244280932
2155.0 0.386624562712
2160.0 0.386007878814
2165.0 0.385343127966
2170.0 0.38480115678
2175.0 0.384356520763
2180.0 0.383915655508
2185.0 0.383538496186
2190.0 0.383215074153
2195.0 0.382923817797
2200.0 0.382709614407
2205.0 0.382534138559
2210.0 0.382407966102
2215.0 0.382334445763
2220.0 0.382311354237
2225.0 0.382340204661
2230.0 0.382417661017
2235.0 0.382541167797
2240.0 0.382711391525
2245.0 0.382928304661
2250.0 0.383190560593
2255.0 0.383495273729
2260.0 0.383839931356
2265.0 0.384222134746
2270.0 0.384640411441
2275.0 0.385092641525
2280.0 0.385580739407
2285.0 0.386084683898
2290.0 0.386624265254
2295.0 0.387185080932
2300.0 0.387752408475
2305.0 0.38834822839
2310.0 0.38897482161
2315.0 0.38959944322
2320.0 0.390217829661
2325.0 0.390844984746
2330.0 0.39147992839
2335.0 0.392115422034
2340.0 0.392746693644
2345.0 0.393371561441
2350.0 0.393988120339
2355.0 0.394593908475
2360.0 0.395186324576
2365.0 0.395762887288
2370.0 0.396321351271
2375.0 0.396859675424
2380.0 0.397375842797
2385.0 0.397889064407
2390.0 0.398354761864
2395.0 0.398772293644
2400.0 0.399190361864
2405.0 0.399564999153
2410.0 0.399912039831
2415.0 0.400230764407
2420.0 0.400515074153
2425.0 0.400764267373
2430.0 0.400978412288
2435.0 0.401165383051
2440.0 0.401296793644
2445.0 0.401410877966
2450.0 0.401481942797
2455.0 0.401520773305
2460.0 0.401521577966
2465.0 0.401488752119
2470.0 0.401423660593
2475.0 0.401322525847
2480.0 0.401193136017
2485.0 0.401026430932
2490.0 0.400835004237
2495.0 0.400616769492
2500.0 0.40036591822
2505.0 0.400097779661
2510.0 0.399805225847
2515.0 0.399484819492
2520.0 0.399156755508
2525.0 0.398809174153
2530.0 0.398438613136
2535.0 0.398057325
2540.0 0.397690706356
2545.0 0.397292166949
2550.0 0.396895382627
2555.0 0.396490117373
2560.0 0.396098507203
2565.0 0.395697762712
2570.0 0.395300727119
2575.0 0.394912714407
2580.0 0.394532714407
2585.0 0.39415565339
2590.0 0.393795825
2595.0 0.393445016949
2600.0 0.39310637839
2605.0 0.392782762712
2610.0 0.392474688983
2615.0 0.39217984322
2620.0 0.391894381356
2625.0 0.391638745763
2630.0 0.391387908051
2635.0 0.39116655
2640.0 0.390963620763
2645.0 0.390766138136
2650.0 0.390606611017
2655.0 0.390433758475
2660.0 0.39032847839
2665.0 0.39021783178
2670.0 0.390111388983
2675.0 0.390052363559
2680.0 0.389997609746
2685.0 0.389963489831
2690.0 0.389953992797
2695.0 0.38995846822
2700.0 0.389984090254
2705.0 0.390024675847
2710.0 0.390087677966
2715.0 0.390160194915
2720.0 0.390250400847
2725.0 0.390360136864
2730.0 0.390483341949
2735.0 0.39061934661
2740.0 0.390768180085
2745.0 0.390928858475
2750.0 0.391102323729
2755.0 0.391283794915
2760.0 0.391476359322
2765.0 0.391675679237
2770.0 0.391881769492
2775.0 0.392093491949
2780.0 0.392311181356
2785.0 0.392531983475
2790.0 0.392756425
2795.0 0.392979086017
2800.0 0.393198016525
2805.0 0.393437682627
2810.0 0.393670060169
2815.0 0.393890449576
2820.0 0.394103636017
2825.0 0.394322896186
2830.0 0.394533310593
2835.0 0.394734810593
2840.0 0.394933870339
2845.0 0.395109879237
2850.0 0.395310993644
2855.0 0.395482036864
2860.0 0.395653609746
2865.0 0.395784144915
2870.0 0.395939076695
2875.0 0.396065181356
2880.0 0.396185942373
2885.0 0.396291184746
2890.0 0.396387444915
2895.0 0.396481077542
2900.0 0.396549111017
2905.0 0.396597358475
2910.0 0.396657148729
2915.0 0.396683018644
2920.0 0.396704974153
2925.0 0.396718103814
2930.0 0.396712561864
2935.0 0.396700185169
2940.0 0.396674690254
2945.0 0.396638586441
2950.0 0.39659279661
2955.0 0.39653499322
2960.0 0.39646461822
2965.0 0.396386328814
2970.0 0.396305383898
2975.0 0.396219234322
2980.0 0.396125307627
2985.0 0.396006455508
2990.0 0.395895827119
2995.0 0.395771796186
3000.0 0.395653655508
3005.0 0.395522580085
3010.0 0.395382677966
3015.0 0.395256694492
3020.0 0.39512272839
3025.0 0.394993605508
3030.0 0.394852335169
3035.0 0.394718785593
3040.0 0.394573138559
3045.0 0.394448611864
3050.0 0.39430500678
3055.0 0.394179294068
3060.0 0.394042740678
3065.0 0.393929390678
3070.0 0.393809979237
3075.0 0.393680445763
3080.0 0.393592313983
3085.0 0.393474609322
3090.0 0.393372315254
3095.0 0.393282904661
3100.0 0.39319284661
3105.0 0.393112824153
3110.0 0.393036429661
3115.0 0.392968757203
3120.0 0.392907547034
3125.0 0.392852515678
3130.0 0.392805892797
3135.0 0.392766422458
3140.0 0.392733153814
3145.0 0.392707208051
3150.0 0.392688140254
3155.0 0.392676905508
3160.0 0.392671869068
3165.0 0.392673903814
3170.0 0.392682263559
3175.0 0.392697232203
3180.0 0.392718736864
3185.0 0.392745371186
3190.0 0.392778243644
3195.0 0.392815104237
3200.0 0.392860154237
3205.0 0.392911660593
3210.0 0.392958685593
3215.0 0.393013520339
3220.0 0.393081289831
3225.0 0.39315027839
3230.0 0.393209781356
3235.0 0.393284440254
3240.0 0.393365009322
3245.0 0.39342968178
3250.0 0.393499833475
3255.0 0.393581294915
3260.0 0.393663967797
3265.0 0.393747534746
3270.0 0.393832951695
3275.0 0.393904980932
3280.0 0.393983397458
3285.0 0.394064872881
3290.0 0.394143292373
3295.0 0.394219944915
3300.0 0.394295874153
3305.0 0.394366480932
3310.0 0.394434375424
3315.0 0.39450207839
3320.0 0.394566098729
3325.0 0.394626879237
3330.0 0.394682750847
3335.0 0.394736189831
3340.0 0.394785570763
3345.0 0.39483154661
3350.0 0.394873000424
3355.0 0.394910117797
3360.0 0.394943097458
3365.0 0.394972377119
3370.0 0.394996799576
3375.0 0.395016716949
3380.0 0.395032457627
3385.0 0.395044031356
3390.0 0.395050962712
3395.0 0.395053981356
3400.0 0.395052485169
3405.0 0.395047455932
3410.0 0.395038082627
3415.0 0.395024876695
3420.0 0.395008512712
3425.0 0.394988358475
3430.0 0.394964833475
3435.0 0.394937598305
3440.0 0.3949089
3445.0 0.394876023305
3450.0 0.394841342797
3455.0 0.394803582203
3460.0 0.394765161441
3465.0 0.394723233898
3470.0 0.394680771186
3475.0 0.394635942797
3480.0 0.394591213136
3485.0 0.394544241949
3490.0 0.394497409746
3495.0 0.394449307627
3500.0 0.394401850847
3505.0 0.394353672458
3510.0 0.394306222034
3515.0 0.394257749576
3520.0 0.394211994915
3525.0 0.3941667
3530.0 0.394121789407
3535.0 0.394078098305
3540.0 0.394034747458
3545.0 0.393998927119
3550.0 0.393955690254
3555.0 0.393915533475
3560.0 0.393880374153
3565.0 0.393850580932
3570.0 0.393817224153
3575.0 0.393789487288
3580.0 0.393764201695
3585.0 0.39373529661
3590.0 0.393717742373
3595.0 0.393697582627
3600.0 0.393676483898
3605.0 0.393667276695
3610.0 0.393654496186
3615.0 0.393643438136
3620.0 0.393639535169
3625.0 0.393633273305
3630.0 0.393632604237
3635.0 0.393632548729
3640.0 0.393636337288
3645.0 0.393640072458
3650.0 0.393649210169
3655.0 0.393658652119
3660.0 0.393669539831
3665.0 0.393685097034
3670.0 0.393698511017
3675.0 0.393718019915
3680.0 0.393734087288
3685.0 0.393754761017
3690.0 0.393779749576
3695.0 0.393802736441
3700.0 0.393825843644
3705.0 0.393849282627
3710.0 0.393875253814
3715.0 0.393903469915
3720.0 0.393928459746
3725.0 0.393954673729
3730.0 0.393982365254
3735.0 0.394014422034
3740.0 0.39404621822
3745.0 0.394066576695
3750.0 0.394097097034
3755.0 0.394125126695
3760.0 0.394153360593
3765.0 0.394180755085
3770.0 0.394207468644
3775.0 0.39422817161
3780.0 0.394254805932
3785.0 0.394282721186
3790.0 0.394296692373
3795.0 0.394321735169
3800.0 0.394347627119
3805.0 0.394355434322
3810.0 0.394379093644
3815.0 0.394397505508
3820.0 0.394404564407
3825.0 0.394424818644
3830.0 0.394431167373
3835.0 0.394442708051
3840.0 0.394455221186
3845.0 0.394456855085
3850.0 0.394465917373
3855.0 0.394468028814
3860.0 0.394471767797
3865.0 0.394472843644
3870.0 0.394471885169
3875.0 0.394471205085
3880.0 0.394465852966
3885.0 0.394464253814
3890.0 0.394455831356
3895.0 0.394450636441
3900.0 0.394442786017
3905.0 0.394430779661
3910.0 0.394423916102
3915.0 0.394409894068
3920.0 0.394398374576
3925.0 0.394388138983
3930.0 0.394369386017
3935.0 0.394359703814
3940.0 0.394344312712
3945.0 0.394323704237
3950.0 0.394315055932
3955.0 0.394295137712
3960.0 0.394277377966
3965.0 0.3942659
3970.0 0.394243739831
3975.0 0.394228657203
3980.0 0.394214724153
3985.0 0.394193412712
3990.0 0.394180367797
3995.0 0.394164949153
4000.0 0.394145630085
4005.0 0.394132582203
4010.0 0.394118983475
4015.0 0.394100166949
4020.0 0.394090758898
4025.0 0.394077278814
4030.0 0.394060193644
4035.0 0.394053658475
4040.0 0.394041186017
4045.0 0.394026378814
4050.0 0.394023308475
4055.0 0.39401124661
4060.0 0.394001895763
4065.0 0.39399855678
4070.0 0.393989024153
4075.0 0.393986357627
4080.0 0.393980840254
4085.0 0.393976213136
4090.0 0.393975351695
4095.0 0.393972362712
4100.0 0.393972766525
4105.0 0.393971335593
4110.0 0.393973040254
4115.0 0.393973850847
4120.0 0.393976304661
4125.0 0.393980541949
4130.0 0.393982477542
4135.0 0.393988865254
4140.0 0.393992787712
4145.0 0.393998994915
4150.0 0.394006132203
4155.0 0.394011357203
4160.0 0.394020646186
4165.0 0.394028072458
4170.0 0.394034556356
4175.0 0.394046552966
4180.0 0.394052611441
4185.0 0.394062480932
4190.0 0.394074850847
4195.0 0.394080311017
4200.0 0.394092250847
4205.0 0.394103093644
4210.0 0.394109860593
4215.0 0.394122819068
4220.0 0.394132214831
4225.0 0.394139958475
4230.0 0.394152108898
4235.0 0.394160447458
4240.0 0.394168529661
4245.0 0.394179455085
4250.0 0.39418779322
4255.0 0.394194143644
4260.0 0.394205027542
4265.0 0.394211126695
4270.0 0.394217352119
4275.0 0.394227015678
4280.0 0.394230913559
4285.0 0.394236979237
4290.0 0.394244866102
4295.0 0.394246442797
4300.0 0.394252641102
4305.0 0.394256935169
4310.0 0.3942589
4315.0 0.394263384746
4320.0 0.394264034746
4325.0 0.394266821186
4330.0 0.394268071186
4335.0 0.394268572881
4340.0 0.394269026271
4345.0 0.394268217373
4350.0 0.394268296186
4355.0 0.394266222034
4360.0 0.394265372034
4365.0 0.39426279661
4370.0 0.394260161864
4375.0 0.394257630508
4380.0 0.394253657203
4385.0 0.394250706356
4390.0 0.394246230508
4395.0 0.394241672458
4400.0 0.394238090678
4405.0 0.394232223305
4410.0 0.394227244915
4415.0 0.394223204237
4420.0 0.394215644068
4425.0 0.394211942797
4430.0 0.394205954661
4435.0 0.394198355932
4440.0 0.394194996186
4445.0 0.394187951271
4450.0 0.394181455085
4455.0 0.394177335593
4460.0 0.394169992797
4465.0 0.394164219492
4470.0 0.394159886441
4475.0 0.394153222458
4480.0 0.394147955932
4485.0 0.394143450847
4490.0 0.394137716102
4495.0 0.394132657627
4500.0 0.394129422034
4505.0 0.394123951695
4510.0 0.394119988983
4515.0 0.394117219068
4520.0 0.394112194915
4525.0 0.394109804237
4530.0 0.394106938559
4535.0 0.394103188559
4540.0 0.394102016525
4545.0 0.394099068644
4550.0 0.394097595763
4555.0 0.394096213559
4560.0 0.394094355932
4565.0 0.394093564407
4570.0 0.394092807627
4575.0 0.394092265254
4580.0 0.394092352542
4585.0 0.394092486441
4590.0 0.394092526695
4595.0 0.394093888559
4600.0 0.394094094915
4605.0 0.394095750847
4610.0 0.394097310169
4615.0 0.394098493644
4620.0 0.394100986441
4625.0 0.394102126695
4630.0 0.394105165254
4635.0 0.39410727839
4640.0 0.394109508898
4645.0 0.394113315678
4650.0 0.394114909322
4655.0 0.394118713559
4660.0 0.394121832203
4665.0 0.39412419322
4670.0 0.394128538983
4675.0 0.394130984746
4680.0 0.39413439661
4685.0 0.394138706356
4690.0 0.394140888559
4695.0 0.39414494322
4700.0 0.394148608898
4705.0 0.394151010169
4710.0 0.39415535339
4715.0 0.394158729661
4720.0 0.39416057161
4725.0 0.394165602542
4730.0 0.394166301271
4735.0 0.394170314831
4740.0 0.394172709322
4745.0 0.394176513559
4750.0 0.394177467797
4755.0 0.394181610593
4760.0 0.394182651695
4765.0 0.394185483051
4770.0 0.394187331356
4775.0 0.394188721186
4780.0 0.394190061017
4785.0 0.394192427119
4790.0 0.394193051271
4795.0 0.394193850847
4800.0 0.394195450847
4805.0 0.394195318644
4810.0 0.394196623729
4815.0 0.394197897458
4820.0 0.39419631822
4825.0 0.394196825
4830.0 0.394198222034
4835.0 0.394196953814
4840.0 0.394195758475
4845.0 0.394195892373
4850.0 0.39419635678
4855.0 0.394193522458
4860.0 0.394193138983
4865.0 0.394192849576
4870.0 0.394191112712
4875.0 0.394189511441
4880.0 0.394190275424
4885.0 0.394185200424
4890.0 0.394185883898
4895.0 0.39418483178
4900.0 0.39418089661
4905.0 0.394180102542
4910.0 0.394177902966
4915.0 0.394176816949
4920.0 0.394174108898
4925.0 0.394171749153
4930.0 0.39417124661
4935.0 0.394166301695
4940.0 0.394166648305
4945.0 0.394165602542
4950.0 0.39416188178
4955.0 0.394161852542
4960.0 0.394155077542
4965.0 0.394156874153
4970.0 0.394156877966
4975.0 0.3941499
4980.0 0.394153127966
4985.0 0.39415089322
4990.0 0.39414475339
4995.0 0.394148158475
5000.0 0.394148882203
