5.0 -97.5046433178
10.0 -60.6043798602
15.0 -21.9591687797
20.0 -3.80432314407
25.0 1.60109438136
30.0 2.04757216102
35.0 1.54111148305
40.0 1.22885462288
45.0 1.18391979237
50.0 1.23862367797
55.0 1.28327987288
60.0 1.30960976695
65.0 1.34338621186
70.0 1.38090444915
75.0 1.41350304534
80.0 1.44838882966
85.0 1.48316105127
90.0 1.51718668093
95.0 1.55246476271
100.0 1.58669250551
105.0 1.62023415847
110.0 1.65268712076
115.0 1.68421328347
120.0 1.714245975
125.0 1.74282933686
130.0 1.76915481398
135.0 1.79489230466
140.0 1.81821051653
145.0 1.84032182924
150.0 1.85978246864
155.0 1.87718597246
160.0 1.89404108644
165.0 1.90911579153
170.0 1.92222216059
175.0 1.93393941229
180.0 1.94435694534
185.0 1.95328367754
190.0 1.9614775589
195.0 1.96803131271
200.0 1.9745046161
205.0 1.97932748771
210.0 1.98401482331
215.0 1.98806222797
220.0 1.99214826441
225.0 1.99493637966
230.0 1.99771327203
235.0 1.99911830254
240.0 2.00068043517
245.0 2.00192541525
250.0 2.00257575042
255.0 2.00324264661
260.0 2.00357480254
265.0 2.00401336314
270.0 2.00467461059
275.0 2.00513638136
280.0 2.00665443136
285.0 2.00777692712
290.0 2.00974742669
295.0 2.01203018263
300.0 2.01499517076
305.0 2.0186590911
310.0 2.02310627246
315.0 2.02847785551
320.0 2.03465919746
325.0 2.04213166059
330.0 2.05063415021
335.0 2.06051985521
340.0 2.07157482508
345.0 2.08422764763
350.0 2.09837033606
355.0 2.1142664661
360.0 2.13162809267
365.0 2.15075822623
370.0 2.17110664699
375.0 2.19272701568
380.0 2.21618849525
385.0 2.24103951547
390.0 2.26619918417
395.0 2.29202664203
400.0 2.31797823213
405.0 2.34367191575
410.0 2.36850318903
415.0 2.39192647581
420.0 2.4131842522
425.0 2.43145164119
430.0 2.44565535343
435.0 2.45470585182
440.0 2.45756103038
445.0 2.45283341076
450.0 2.43910763992
455.0 2.41516934114
460.0 2.3797939322
465.0 2.33148260877
470.0 2.26873208224
475.0 2.18962154715
480.0 2.09572614174
485.0 1.98537538831
490.0 1.85956447525
495.0 1.72062672941
500.0 1.57233932072
505.0 1.41984401314
510.0 1.26884080975
515.0 1.12765844958
520.0 1.00008921356
525.0 0.890058458898
530.0 0.806289307203
535.0 0.746682375424
540.0 0.706043607203
545.0 0.693829636017
550.0 0.688574026271
555.0 0.686348827542
560.0 0.688870980508
565.0 0.689937632203
570.0 0.691155641102
575.0 0.692044014407
580.0 0.692078664407
585.0 0.691944241525
590.0 0.691310341949
595.0 0.690385663983
600.0 0.689265390254
605.0 0.687935450847
610.0 0.686304241102
615.0 0.684461563983
620.0 0.682344232627
625.0 0.680150125
630.0 0.677980031356
635.0 0.675787755085
640.0 0.673822809746
645.0 0.67219705678
650.0 0.670788809322
655.0 0.66977475339
660.0 0.669190863983
665.0 0.669036713136
670.0 0.669359297034
675.0 0.670166669068
680.0 0.671464728814
685.0 0.67327170339
690.0 0.675579089407
695.0 0.678378410593
700.0 0.681625597458
705.0 0.685407462712
710.0 0.689654994915
715.0 0.694243189407
720.0 0.699294919068
725.0 0.704790291525
730.0 0.710691572458
735.0 0.716981841102
740.0 0.723640786441
745.0 0.730676444068
750.0 0.738055760593
755.0 0.745774949153
760.0 0.753827236441
765.0 0.762199495763
770.0 0.770867568644
775.0 0.779816614831
780.0 0.789135169068
785.0 0.798395363559
790.0 0.808051874576
795.0 0.818008474576
800.0 0.828151200424
805.0 0.838498295339
810.0 0.849057802542
815.0 0.85983945678
820.0 0.870832645339
825.0 0.882041170763
830.0 0.893465469492
835.0 0.905121175847
840.0 0.916923205085
845.0 0.929075677119
850.0 0.941324086017
855.0 0.953894149576
860.0 0.966672062288
865.0 0.979754661441
870.0 0.993030610593
875.0 1.00662101441
880.0 1.02044965508
885.0 1.03457372161
890.0 1.04899404153
895.0 1.06375040339
900.0 1.07889231186
905.0 1.09437698814
910.0 1.11024170508
915.0 1.12650215805
920.0 1.1431786339
925.0 1.16029107542
930.0 1.17787292754
935.0 1.19593097288
940.0 1.21448128941
945.0 1.23353957246
950.0 1.25311040932
955.0 1.27320932161
960.0 1.29384965805
965.0 1.31501413644
970.0 1.33668613517
975.0 1.35883776186
980.0 1.38141931483
985.0 1.40433731144
990.0 1.4274742589
995.0 1.45099213051
1000.0 1.47424792161
1005.0 1.49618704449
1010.0 1.51826119746
1015.0 1.54039916864
1020.0 1.55972379407
1025.0 1.57664122881
1030.0 1.5913035072
1035.0 1.6031676911
1040.0 1.61127141992
1045.0 1.61536379958
1050.0 1.61465031017
1055.0 1.60864329534
1060.0 1.59708691949
1065.0 1.57957944492
1070.0 1.55586837246
1075.0 1.52670608475
1080.0 1.49197021737
1085.0 1.45184903305
1090.0 1.40839287076
1095.0 1.36167330508
1100.0 1.31337275975
1105.0 1.26508643475
1110.0 1.2166046322
1115.0 1.16927783898
1120.0 1.12836199576
1125.0 1.09075627966
1130.0 1.05636446483
1135.0 1.02650702415
1140.0 1.00212308136
1145.0 0.98084729661
1150.0 0.964247133051
1155.0 0.951161065678
1160.0 0.941479664407
1165.0 0.933467263559
1170.0 0.927644941102
1175.0 0.922531654661
1180.0 0.919325975847
1185.0 0.916662569492
1190.0 0.913748160169
1195.0 0.911265734746
1200.0 0.908682522881
1205.0 0.905779102966
1210.0 0.902625659746
1215.0 0.899385470763
1220.0 0.895876155508
1225.0 0.892319011864
1230.0 0.888752501695
1235.0 0.885005983898
1240.0 0.881847130508
1245.0 0.878773548729
1250.0 0.876194442797
1255.0 0.874303982627
1260.0 0.872868625
1265.0 0.872177846186
1270.0 0.872194283475
1275.0 0.872932394068
1280.0 0.874479782203
1285.0 0.876713719068
1290.0 0.879802680508
1295.0 0.883568729661
1300.0 0.887973219915
1305.0 0.892916705085
1310.0 0.898586722881
1315.0 0.904783385593
1320.0 0.911376398729
1325.0 0.918464359322
1330.0 0.926127898305
1335.0 0.934237086441
1340.0 0.942487877119
1345.0 0.950962632203
1350.0 0.959915041949
1355.0 0.969063918644
1360.0 0.978496364831
1365.0 0.988010027542
1370.0 0.997765766525
1375.0 1.00760192585
1380.0 1.01768533432
1385.0 1.02780436398
1390.0 1.03809010424
1395.0 1.04838501525
1400.0 1.05879269407
1405.0 1.06918920847
1410.0 1.07966204831
1415.0 1.09011738347
1420.0 1.10059695339
1425.0 1.11103828814
1430.0 1.12144802076
1435.0 1.1318009928
1440.0 1.14207104153
1445.0 1.1522313589
1450.0 1.16226426102
1455.0 1.17212665085
1460.0 1.18177859068
1465.0 1.19117780424
1470.0 1.20022631525
1475.0 1.20876063263
1480.0 1.21722353729
1485.0 1.22504852246
1490.0 1.23216719068
1495.0 1.23858323686
1500.0 1.2442419178
1505.0 1.2490415161
1510.0 1.25284002203
1515.0 1.25575865339
1520.0 1.25731855678
1525.0 1.25764812881
1530.0 1.25675539025
1535.0 1.25451911737
1540.0 1.25103542119
1545.0 1.24616151271
1550.0 1.23994567712
1555.0 1.23247652203
1560.0 1.22388163263
1565.0 1.2143102322
1570.0 1.20390305508
1575.0 1.19282922966
1580.0 1.18113795127
1585.0 1.16935091102
1590.0 1.15725758475
1595.0 1.14542163008
1600.0 1.1333910339
1605.0 1.12182518941
1610.0 1.11086440805
1615.0 1.10011300254
1620.0 1.08996676271
1625.0 1.08052320254
1630.0 1.07171286314
1635.0 1.06361078686
1640.0 1.05604961398
1645.0 1.04914844873
1650.0 1.04243990508
1655.0 1.03652105424
1660.0 1.03090881737
1665.0 1.02590194958
1670.0 1.02122924407
1675.0 1.01691572119
1680.0 1.0129651661
1685.0 1.00914201525
1690.0 1.0056339411
1695.0 1.00236893983
1700.0 0.999350361017
1705.0 0.996527395339
1710.0 0.994014401695
1715.0 0.991653804237
1720.0 0.989587917797
1725.0 0.987831205085
1730.0 0.986380226271
1735.0 0.985168084322
1740.0 0.984289224153
1745.0 0.983816551271
1750.0 0.983653030932
1755.0 0.983892701271
1760.0 0.984440705932
1765.0 0.985432549576
1770.0 0.986706454661
1775.0 0.988409358475
1780.0 0.990372708475
1785.0 0.992742154237
1790.0 0.995340692373
1795.0 0.998311814407
1800.0 1.00147050212
1805.0 1.00487546695
1810.0 1.00849343856
1815.0 1.01249367924
1820.0 1.01658865847
1825.0 1.02077946314
1830.0 1.02501288475
1835.0 1.02961284534
1840.0 1.03405498093
1845.0 1.03875138729
1850.0 1.04341619364
1855.0 1.04812422288
1860.0 1.05281843263
1865.0 1.05753294492
1870.0 1.06217047331
1875.0 1.06681896271
1880.0 1.07137813983
1885.0 1.07589868517
1890.0 1.08030360593
1895.0 1.08463344322
1900.0 1.08883235805
1905.0 1.09291931441
1910.0 1.09685708602
1915.0 1.10079814661
1920.0 1.10441540636
1925.0 1.10778509661
1930.0 1.11086230508
1935.0 1.11393260551
1940.0 1.11700106653
1945.0 1.11955456186
1950.0 1.12189051568
1955.0 1.12402207839
1960.0 1.12588692627
1965.0 1.12748338178
1970.0 1.12879574153
1975.0 1.12985494915
1980.0 1.1305817411
1985.0 1.13101849788
1990.0 1.13116817839
1995.0 1.13100790636
2000.0 1.13053937331
2005.0 1.1297702089
2010.0 1.12870550424
2015.0 1.12735416059
2020.0 1.1257305911
2025.0 1.123851325
2030.0 1.12173077669
2035.0 1.11938633136
2040.0 1.1168379072
2045.0 1.11416646737
2050.0 1.11126859661
2055.0 1.10812104915
2060.0 1.10504584195
2065.0 1.10188029195
2070.0 1.09850109237
2075.0 1.09513880085
2080.0 1.09194168517
2085.0 1.08852547458
2090.0 1.08520414322
2095.0 1.0820116161
2100.0 1.07883644449
2105.0 1.07570621059
2110.0 1.07268149915
2115.0 1.06973903559
2120.0 1.06693601695
2125.0 1.06426737797
2130.0 1.06170133602
2135.0 1.05926757161
2140.0 1.0569313339
2145.0 1.05481806271
2150.0 1.05262690636
2155.0 1.05090999364
2160.0 1.04920206653
2165.0 1.04736331525
2170.0 1.04586236314
2175.0 1.04462973475
2180.0 1.04340864195
2185.0 1.04236308559
2190.0 1.04146635127
2195.0 1.04065871737
2200.0 1.04006346017
2205.0 1.03957595042
2210.0 1.03922454492
2215.0 1.03901902797
2220.0 1.03895214873
2225.0 1.03902988347
2230.0 1.03924117119
2235.0 1.03958012458
2240.0 1.04004838729
2245.0 1.04064558602
2250.0 1.04136827076
2255.0 1.04220844958
2260.0 1.04315885127
2265.0 1.04421318602
2270.0 1.04536714025
2275.0 1.04661570254
2280.0 1.04796301949
2285.0 1.04935452458
2290.0 1.05084435254
2295.0 1.05239318263
2300.0 1.05396023941
2305.0 1.05560620932
2310.0 1.05733692331
2315.0 1.05906263644
2320.0 1.06077138771
2325.0 1.06250436907
2330.0 1.06425893263
2335.0 1.06601567797
2340.0 1.06776052034
2345.0 1.06948804153
2350.0 1.07119220847
2355.0 1.07286717627
2360.0 1.07450479915
2365.0 1.07609922373
2370.0 1.07764358432
2375.0 1.07913244534
2380.0 1.08055979873
2385.0 1.08197909746
2390.0 1.0832673928
2395.0 1.08442304449
2400.0 1.08557946864
2405.0 1.08661637331
2410.0 1.08757650678
2415.0 1.08845905975
2420.0 1.08924619619
2425.0 1.08993625169
2430.0 1.09052961907
2435.0 1.09104793305
2440.0 1.09141235678
2445.0 1.09172926314
2450.0 1.09192702542
2455.0 1.09203574237
2460.0 1.09203972415
2465.0 1.09195042246
2470.0 1.0917716411
2475.0 1.0914936428
2480.0 1.09113718729
2485.0 1.09067770169
2490.0 1.09014993771
2495.0 1.08954795763
2500.0 1.08885567034
2505.0 1.0881154428
2510.0 1.08730821992
2515.0 1.08642340127
2520.0 1.08551778093
2525.0 1.08455745169
2530.0 1.08353438051
2535.0 1.08248076059
2540.0 1.08146779703
2545.0 1.08036666059
2550.0 1.07927059831
2555.0 1.0781507822
2560.0 1.07706824746
2565.0 1.07596069364
2570.0 1.07486288898
2575.0 1.07379049788
2580.0 1.07273972669
2585.0 1.07169700466
2590.0 1.07070218008
2595.0 1.06973193771
2600.0 1.06879519364
2605.0 1.06789998602
2610.0 1.06704760466
2615.0 1.06623168136
2620.0 1.06544206356
2625.0 1.06473424661
2630.0 1.06404045127
2635.0 1.06342718814
2640.0 1.06286566271
2645.0 1.06231899534
2650.0 1.06187661017
2655.0 1.06139823559
2660.0 1.06110592415
2665.0 1.06079923602
2670.0 1.06050446525
2675.0 1.06033979915
2680.0 1.06018790424
2685.0 1.06009238644
2690.0 1.0600655678
2695.0 1.0600769089
2700.0 1.06014678008
2705.0 1.06025819492
2710.0 1.06043153008
2715.0 1.06063114873
2720.0 1.06087998432
2725.0 1.06118221653
2730.0 1.06152221907
2735.0 1.06189739492
2740.0 1.06230822415
2745.0 1.06275167754
2750.0 1.06323078432
2755.0 1.06373191483
2760.0 1.06426403814
2765.0 1.06481436398
2770.0 1.0653838178
2775.0 1.065968925
2780.0 1.06657061737
2785.0 1.06718032712
2790.0 1.06780111271
2795.0 1.068415925
2800.0 1.06902147246
2805.0 1.06968375254
2810.0 1.070326175
2815.0 1.07093506398
2820.0 1.07152494237
2825.0 1.07213085975
2830.0 1.07271310254
2835.0 1.07326985424
2840.0 1.07382072542
2845.0 1.07430754025
2850.0 1.07486389703
2855.0 1.07533670085
2860.0 1.07581125
2865.0 1.07617300551
2870.0 1.0766017572
2875.0 1.07695033941
2880.0 1.07728498475
2885.0 1.07757589831
2890.0 1.07784312881
2895.0 1.07810179153
2900.0 1.07829058898
2905.0 1.07842463051
2910.0 1.07859049322
2915.0 1.07866220297
2920.0 1.07872378008
2925.0 1.07876026907
2930.0 1.07874595169
2935.0 1.07871205466
2940.0 1.07864218136
2945.0 1.07854255932
2950.0 1.0784167072
2955.0 1.07825729492
2960.0 1.07806317924
2965.0 1.07784694831
2970.0 1.07762398008
2975.0 1.07738610042
2980.0 1.07712665127
2985.0 1.07679848347
2990.0 1.0764932428
2995.0 1.07615064025
3000.0 1.07582418729
3005.0 1.07546206695
3010.0 1.07507584534
3015.0 1.07472726653
3020.0 1.07435755381
3025.0 1.07400006271
3030.0 1.07361000085
3035.0 1.07324063686
3040.0 1.07283827712
3045.0 1.07249391356
3050.0 1.07209705932
3055.0 1.07174930593
3060.0 1.07137195127
3065.0 1.07105810085
3070.0 1.07072821102
3075.0 1.0703698822
3080.0 1.07012559831
3085.0 1.06979991017
3090.0 1.06951708517
3095.0 1.0692693822
3100.0 1.069020475
3105.0 1.06879864153
3110.0 1.06858746992
3115.0 1.06839998178
3120.0 1.06823078475
3125.0 1.06807806864
3130.0 1.06794915254
3135.0 1.06783925975
3140.0 1.06774723644
3145.0 1.0676750839
3150.0 1.06762207203
3155.0 1.067590625
3160.0 1.067576625
3165.0 1.06758164746
3170.0 1.06760454025
3175.0 1.06764560636
3180.0 1.06770496695
3185.0 1.06777826271
3190.0 1.06786900593
3195.0 1.06797029322
3200.0 1.06809495975
3205.0 1.06823694576
3210.0 1.06836671822
3215.0 1.06851804831
3220.0 1.06870547034
3225.0 1.068895375
3230.0 1.06906035551
3235.0 1.06926638051
3240.0 1.06948900127
3245.0 1.06966749407
3250.0 1.06986173771
3255.0 1.07008685254
3260.0 1.07031542627
3265.0 1.07054605466
3270.0 1.07078225932
3275.0 1.07098111229
3280.0 1.07119825254
3285.0 1.07142337754
3290.0 1.0716400928
3295.0 1.07185207966
3300.0 1.07206201186
3305.0 1.07225704449
3310.0 1.07244536059
3315.0 1.07263233517
3320.0 1.07280962585
3325.0 1.07297752331
3330.0 1.07313234534
3335.0 1.07327989195
3340.0 1.07341690508
3345.0 1.07354367585
3350.0 1.07365906441
3355.0 1.07376124449
3360.0 1.07385288898
3365.0 1.07393386653
3370.0 1.0740017661
3375.0 1.07405688008
3380.0 1.07410060975
3385.0 1.07413282585
3390.0 1.07415238602
3395.0 1.07416043263
3400.0 1.07415709449
3405.0 1.07414266695
3410.0 1.07411727797
3415.0 1.07408080085
3420.0 1.07403590424
3425.0 1.07398034364
3430.0 1.07391551653
3435.0 1.07384002712
3440.0 1.07376120297
3445.0 1.07367044576
3450.0 1.07357466017
3455.0 1.0734703322
3460.0 1.07336436568
3465.0 1.07324858729
3470.0 1.07313117076
3475.0 1.07300733263
3480.0 1.07288397627
3485.0 1.07275377585
3490.0 1.07262448136
3495.0 1.07249131017
3500.0 1.07236074025
3505.0 1.07222714237
3510.0 1.07209614661
3515.0 1.07196212373
3520.0 1.07183578856
3525.0 1.07171024068
3530.0 1.07158644915
3535.0 1.07146514068
3540.0 1.07134558941
3545.0 1.07124631907
3550.0 1.07112677246
3555.0 1.07101564237
3560.0 1.07091855932
3565.0 1.07083582585
3570.0 1.07074383432
3575.0 1.07066661653
3580.0 1.07059709068
3585.0 1.07051691568
3590.0 1.07046858475
3595.0 1.07041214746
3600.0 1.07035408093
3605.0 1.07032816059
3610.0 1.07029298559
3615.0 1.07026241441
3620.0 1.0702514
3625.0 1.07023397669
3630.0 1.07023229449
3635.0 1.07023182881
3640.0 1.07024202331
3645.0 1.0702521589
3650.0 1.07027761949
3655.0 1.07030343814
3660.0 1.07033357034
3665.0 1.07037634873
3670.0 1.07041326653
3675.0 1.07046707331
3680.0 1.07051162373
3685.0 1.07056840424
3690.0 1.07063753856
3695.0 1.07070110508
3700.0 1.07076516059
3705.0 1.07082957924
3710.0 1.07090169195
3715.0 1.07097925085
3720.0 1.07104882373
3725.0 1.07112087754
3730.0 1.0711976572
3735.0 1.07128581483
3740.0 1.07137403729
3745.0 1.0714299928
3750.0 1.07151482712
3755.0 1.07159196822
3760.0 1.07167044576
3765.0 1.07174589195
3770.0 1.0718197072
3775.0 1.07187693136
3780.0 1.07195074449
3785.0 1.07202788093
3790.0 1.07206694576
3795.0 1.07213560466
3800.0 1.07220729195
3805.0 1.07222891229
3810.0 1.07229466271
3815.0 1.07234509322
3820.0 1.07236507627
3825.0 1.07242100847
3830.0 1.07243886992
3835.0 1.07247064322
3840.0 1.07250544661
3845.0 1.07250967415
3850.0 1.07253514703
3855.0 1.07254106568
3860.0 1.07255170212
3865.0 1.07255422288
3870.0 1.07255214492
3875.0 1.07254999576
3880.0 1.072535625
3885.0 1.07253092881
3890.0 1.07250807542
3895.0 1.0724932072
3900.0 1.0724720411
3905.0 1.07243852458
3910.0 1.07241989661
3915.0 1.07238086568
3920.0 1.07234909958
3925.0 1.07232065636
3930.0 1.07226939449
3935.0 1.07224222161
3940.0 1.07219985297
3945.0 1.0721430161
3950.0 1.07211928983
3955.0 1.07206414407
3960.0 1.07201499364
3965.0 1.07198315085
3970.0 1.0719221339
3975.0 1.07188012161
3980.0 1.07184198432
3985.0 1.07178302246
3990.0 1.07174700424
3995.0 1.07170414364
4000.0 1.07165075297
4005.0 1.07161467331
4010.0 1.07157696102
4015.0 1.07152520466
4020.0 1.07149935847
4025.0 1.07146158644
4030.0 1.07141455636
4035.0 1.07139627754
4040.0 1.07136196144
4045.0 1.07132080424
4050.0 1.07131233771
4055.0 1.07127881102
4060.0 1.07125339831
4065.0 1.07124360297
4070.0 1.07121777076
4075.0 1.07121009576
4080.0 1.07119486102
4085.0 1.07118168136
4090.0 1.0711795839
4095.0 1.07117107076
4100.0 1.07117236525
4105.0 1.0711680928
4110.0 1.07117320551
4115.0 1.07117486737
4120.0 1.07118210339
4125.0 1.07119351271
4130.0 1.0711990572
4135.0 1.07121640297
4140.0 1.07122745763
4145.0 1.07124438347
4150.0 1.07126433856
4155.0 1.07127830085
4160.0 1.07130419153
4165.0 1.07132451059
4170.0 1.07134277712
4175.0 1.07137538686
4180.0 1.07139280678
4185.0 1.07141948686
4190.0 1.07145385678
4195.0 1.07146867331
4200.0 1.07150219788
4205.0 1.07153184492
4210.0 1.07155096398
4215.0 1.07158654407
4220.0 1.07161244237
4225.0 1.0716336161
4230.0 1.07166756525
4235.0 1.0716904339
4240.0 1.07171294237
4245.0 1.07174301356
4250.0 1.07176636864
4255.0 1.07178372754
4260.0 1.07181386144
4265.0 1.07183037161
4270.0 1.0718482161
4275.0 1.07187447076
4280.0 1.07188553432
4285.0 1.07190204153
4290.0 1.07192412034
4295.0 1.07192833814
4300.0 1.07194575339
4305.0 1.07195717331
4310.0 1.07196314619
4315.0 1.07197498178
4320.0 1.07197714195
4325.0 1.07198474153
4330.0 1.07198859407
4335.0 1.07198941271
4340.0 1.07199114364
4345.0 1.07198857119
4350.0 1.07198902839
4355.0 1.07198306398
4360.0 1.07198097754
4365.0 1.07197373983
4370.0 1.07196699407
4375.0 1.07195933178
4380.0 1.0719487661
4385.0 1.07194025466
4390.0 1.0719284161
4395.0 1.0719156661
4400.0 1.07190594449
4405.0 1.07188937966
4410.0 1.07187584407
4415.0 1.07186436229
4420.0 1.07184404534
4425.0 1.07183341102
4430.0 1.07181690636
4435.0 1.07179610169
4440.0 1.07178680042
4445.0 1.0717672661
4450.0 1.07174949025
4455.0 1.07173758263
4460.0 1.07171768771
4465.0 1.0717015428
4470.0 1.07168969873
4475.0 1.07167101186
4480.0 1.07165662542
4485.0 1.07164387161
4490.0 1.07162863898
4495.0 1.0716141911
4500.0 1.07160573856
4505.0 1.07159001441
4510.0 1.07157944576
4515.0 1.07157135339
4520.0 1.07155781949
4525.0 1.07155099915
4530.0 1.07154339788
4535.0 1.07153276525
4540.0 1.07152982585
4545.0 1.07152131271
4550.0 1.07151752712
4555.0 1.07151325254
4560.0 1.07150862034
4565.0 1.07150604195
4570.0 1.07150395254
4575.0 1.07150222288
4580.0 1.07150310127
4585.0 1.07150306695
4590.0 1.07150352288
4595.0 1.07150687924
4600.0 1.07150776017
4605.0 1.07151196441
4610.0 1.07151666017
4615.0 1.07151959576
4620.0 1.0715268339
4625.0 1.07152934576
4630.0 1.07153828008
4635.0 1.0715437589
4640.0 1.07155015212
4645.0 1.07156029237
4650.0 1.0715649911
4655.0 1.0715751322
4660.0 1.07158406864
4665.0 1.07159039661
4670.0 1.07160272373
4675.0 1.07160905212
4680.0 1.07161883686
4685.0 1.07163067415
4690.0 1.07163706949
4695.0 1.07164763559
4700.0 1.07165826822
4705.0 1.07166459746
4710.0 1.071676925
4715.0 1.07168579661
4720.0 1.07169134492
4725.0 1.07170487669
4730.0 1.07170703475
4735.0 1.07171802458
4740.0 1.07172484364
4745.0 1.07173498432
4750.0 1.07173798941
4755.0 1.07174897839
4760.0 1.07175240678
4765.0 1.07176000508
4770.0 1.07176512712
4775.0 1.07176891144
4780.0 1.07177276314
4785.0 1.07177908983
4790.0 1.07178124449
4795.0 1.0717829089
4800.0 1.07178760636
4805.0 1.07178715212
4810.0 1.07179100085
4815.0 1.07179435763
4820.0 1.07179015678
4825.0 1.07179139661
4830.0 1.07179524195
4835.0 1.07179181949
4840.0 1.07178846441
4845.0 1.07178885424
4850.0 1.07179015763
4855.0 1.07178207331
4860.0 1.07178125847
4865.0 1.07178037669
4870.0 1.07177574703
4875.0 1.07177105127
4880.0 1.07177362542
4885.0 1.07175918305
4890.0 1.07176133136
4895.0 1.07175833051
4900.0 1.07174776737
4905.0 1.07174518941
4910.0 1.07173928771
4915.0 1.07173628432
4920.0 1.07172911059
4925.0 1.07172229449
4930.0 1.07172105297
4935.0 1.0717070339
4940.0 1.07170833432
4945.0 1.07170490763
4950.0 1.07169519068
4955.0 1.07169472966
4960.0 1.07167653983
4965.0 1.07168116314
4970.0 1.07168119322
4975.0 1.07166166525
4980.0 1.07167101653
4985.0 1.07166462458
4990.0 1.07164770551
4995.0 1.07165699025
5000.0 1.07165913983
