/*--------------------------------*- C++ -*----------------------------------*\
| =========                 |                                                 |
| \\      /  F ield         | OpenFOAM: The Open Source CFD Toolbox           |
|  \\    /   O peration     | Version:  2.3.0                                 |
|   \\  /    A nd           | Web:      www.OpenFOAM.org                      |
|    \\/     M anipulation  |                                                 |
\*---------------------------------------------------------------------------*/
FoamFile
{
    version     2.0;
    format      ascii;
    class       regIOobject;
    location    "constant/polyMesh";
    object      faceZones;
}
// * * * * * * * * * * * * * * * * * * * * * * * * * * * * * * * * * * * * * //

2
(
wings
{
    type faceZone;
faceLabels      0();
flipMap         0();
}

baffleFaces
{
    type faceZone;
faceLabels      List<label> 
1800
(
240278
240279
240280
240281
240282
240283
240284
240285
240286
240287
240288
240289
240290
240291
240292
240293
240294
240295
240296
240297
240298
240299
240300
240301
240302
240303
240304
240305
240306
240307
240308
240309
240310
240311
240312
240313
240314
240315
240316
240317
240318
240319
240320
240321
240322
240323
240324
240325
240326
240327
240328
240329
240330
240331
240332
240333
240334
240335
240336
240337
240338
240339
240340
240341
240342
240343
240344
240345
240346
240347
240348
240349
240350
240351
240352
240353
240354
240355
240356
240357
240358
240359
240360
240361
240362
240363
240364
240365
240366
240367
240368
240369
240370
240371
240372
240373
240374
240375
240376
240377
240378
240379
240380
240381
240382
240383
240384
240385
240386
240387
240388
240389
240390
240391
240392
240393
240394
240395
240396
240397
240398
240399
240400
240401
240402
240403
240404
240405
240406
240407
240408
240409
240410
240411
240412
240413
240414
240415
240416
240417
240418
240419
240420
240421
240422
240423
240424
240425
240426
240427
240428
240429
240430
240431
240432
240433
240434
240435
240436
240437
240438
240439
240440
240441
240442
240443
240444
240445
240446
240447
240448
240449
240450
240451
240452
240453
240454
240455
240456
240457
240458
240459
240460
240461
240462
240463
240464
240465
240466
240467
240468
240469
240470
240471
240472
240473
240474
240475
240476
240477
240478
240479
240480
240481
240482
240483
240484
240485
240486
240487
240488
240489
240490
240491
240492
240493
240494
240495
240496
240497
240498
240499
240500
240501
240502
240503
240504
240505
240506
240507
240508
240509
240510
240511
240512
240513
240514
240515
240516
240517
240518
240519
240520
240521
240522
240523
240524
240525
240526
240527
240528
240529
240530
240531
240532
240533
240534
240535
240536
240537
240538
240539
240540
240541
240542
240543
240544
240545
240546
240547
240548
240549
240550
240551
240552
240553
240554
240555
240556
240557
240558
240559
240560
240561
240562
240563
240564
240565
240566
240567
240568
240569
240570
240571
240572
240573
240574
240575
240576
240577
240578
240579
240580
240581
240582
240583
240584
240585
240586
240587
240588
240589
240590
240591
240592
240593
240594
240595
240596
240597
240598
240599
240600
240601
240602
240603
240604
240605
240606
240607
240608
240609
240610
240611
240612
240613
240614
240615
240616
240617
240618
240619
240620
240621
240622
240623
240624
240625
240626
240627
240628
240629
240630
240631
240632
240633
240634
240635
240636
240637
240638
240639
240640
240641
240642
240643
240644
240645
240646
240647
240648
240649
240650
240651
240652
240653
240654
240655
240656
240657
240658
240659
240660
240661
240662
240663
240664
240665
240666
240667
240668
240669
240670
240671
240672
240673
240674
240675
240676
240677
240678
240679
240680
240681
240682
240683
240684
240685
240686
240687
240688
240689
240690
240691
240692
240693
240694
240695
240696
240697
240698
240699
240700
240701
240702
240703
240704
240705
240706
240707
240708
240709
240710
240711
240712
240713
240714
240715
240716
240717
240718
240719
240720
240721
240722
240723
240724
240725
240726
240727
240728
240729
240730
240731
240732
240733
240734
240735
240736
240737
240738
240739
240740
240741
240742
240743
240744
240745
240746
240747
240748
240749
240750
240751
240752
240753
240754
240755
240756
240757
240758
240759
240760
240761
240762
240763
240764
240765
240766
240767
240768
240769
240770
240771
240772
240773
240774
240775
240776
240777
240778
240779
240780
240781
240782
240783
240784
240785
240786
240787
240788
240789
240790
240791
240792
240793
240794
240795
240796
240797
240798
240799
240800
240801
240802
240803
240804
240805
240806
240807
240808
240809
240810
240811
240812
240813
240814
240815
240816
240817
240818
240819
240820
240821
240822
240823
240824
240825
240826
240827
240828
240829
240830
240831
240832
240833
240834
240835
240836
240837
240838
240839
240840
240841
240842
240843
240844
240845
240846
240847
240848
240849
240850
240851
240852
240853
240854
240855
240856
240857
240858
240859
240860
240861
240862
240863
240864
240865
240866
240867
240868
240869
240870
240871
240872
240873
240874
240875
240876
240877
240878
240879
240880
240881
240882
240883
240884
240885
240886
240887
240888
240889
240890
240891
240892
240893
240894
240895
240896
240897
240898
240899
240900
240901
240902
240903
240904
240905
240906
240907
240908
240909
240910
240911
240912
240913
240914
240915
240916
240917
240918
240919
240920
240921
240922
240923
240924
240925
240926
240927
240928
240929
240930
240931
240932
240933
240934
240935
240936
240937
240938
240939
240940
240941
240942
240943
240944
240945
240946
240947
240948
240949
240950
240951
240952
240953
240954
240955
240956
240957
240958
240959
240960
240961
240962
240963
240964
240965
240966
240967
240968
240969
240970
240971
240972
240973
240974
240975
240976
240977
240978
240979
240980
240981
240982
240983
240984
240985
240986
240987
240988
240989
240990
240991
240992
240993
240994
240995
240996
240997
240998
240999
241000
241001
241002
241003
241004
241005
241006
241007
241008
241009
241010
241011
241012
241013
241014
241015
241016
241017
241018
241019
241020
241021
241022
241023
241024
241025
241026
241027
241028
241029
241030
241031
241032
241033
241034
241035
241036
241037
241038
241039
241040
241041
241042
241043
241044
241045
241046
241047
241048
241049
241050
241051
241052
241053
241054
241055
241056
241057
241058
241059
241060
241061
241062
241063
241064
241065
241066
241067
241068
241069
241070
241071
241072
241073
241074
241075
241076
241077
241078
241079
241080
241081
241082
241083
241084
241085
241086
241087
241088
241089
241090
241091
241092
241093
241094
241095
241096
241097
241098
241099
241100
241101
241102
241103
241104
241105
241106
241107
241108
241109
241110
241111
241112
241113
241114
241115
241116
241117
241118
241119
241120
241121
241122
241123
241124
241125
241126
241127
241128
241129
241130
241131
241132
241133
241134
241135
241136
241137
241138
241139
241140
241141
241142
241143
241144
241145
241146
241147
241148
241149
241150
241151
241152
241153
241154
241155
241156
241157
241158
241159
241160
241161
241162
241163
241164
241165
241166
241167
241168
241169
241170
241171
241172
241173
241174
241175
241176
241177
241178
241179
241180
241181
241182
241183
241184
241185
241186
241187
241188
241189
241190
241191
241192
241193
241194
241195
241196
241197
241198
241199
241200
241201
241202
241203
241204
241205
241206
241207
241208
241209
241210
241211
241212
241213
241214
241215
241216
241217
241218
241219
241220
241221
241222
241223
241224
241225
241226
241227
241228
241229
241230
241231
241232
241233
241234
241235
241236
241237
241238
241239
241240
241241
241242
241243
241244
241245
241246
241247
241248
241249
241250
241251
241252
241253
241254
241255
241256
241257
241258
241259
241260
241261
241262
241263
241264
241265
241266
241267
241268
241269
241270
241271
241272
241273
241274
241275
241276
241277
241278
241279
241280
241281
241282
241283
241284
241285
241286
241287
241288
241289
241290
241291
241292
241293
241294
241295
241296
241297
241298
241299
241300
241301
241302
241303
241304
241305
241306
241307
241308
241309
241310
241311
241312
241313
241314
241315
241316
241317
241318
241319
241320
241321
241322
241323
241324
241325
241326
241327
241328
241329
241330
241331
241332
241333
241334
241335
241336
241337
241338
241339
241340
241341
241342
241343
241344
241345
241346
241347
241348
241349
241350
241351
241352
241353
241354
241355
241356
241357
241358
241359
241360
241361
241362
241363
241364
241365
241366
241367
241368
241369
241370
241371
241372
241373
241374
241375
241376
241377
241378
241379
241380
241381
241382
241383
241384
241385
241386
241387
241388
241389
241390
241391
241392
241393
241394
241395
241396
241397
241398
241399
241400
241401
241402
241403
241404
241405
241406
241407
241408
241409
241410
241411
241412
241413
241414
241415
241416
241417
241418
241419
241420
241421
241422
241423
241424
241425
241426
241427
241428
241429
241430
241431
241432
241433
241434
241435
241436
241437
241438
241439
241440
241441
241442
241443
241444
241445
241446
241447
241448
241449
241450
241451
241452
241453
241454
241455
241456
241457
241458
241459
241460
241461
241462
241463
241464
241465
241466
241467
241468
241469
241470
241471
241472
241473
241474
241475
241476
241477
241478
241479
241480
241481
241482
241483
241484
241485
241486
241487
241488
241489
241490
241491
241492
241493
241494
241495
241496
241497
241498
241499
241500
241501
241502
241503
241504
241505
241506
241507
241508
241509
241510
241511
241512
241513
241514
241515
241516
241517
241518
241519
241520
241521
241522
241523
241524
241525
241526
241527
241528
241529
241530
241531
241532
241533
241534
241535
241536
241537
241538
241539
241540
241541
241542
241543
241544
241545
241546
241547
241548
241549
241550
241551
241552
241553
241554
241555
241556
241557
241558
241559
241560
241561
241562
241563
241564
241565
241566
241567
241568
241569
241570
241571
241572
241573
241574
241575
241576
241577
241578
241579
241580
241581
241582
241583
241584
241585
241586
241587
241588
241589
241590
241591
241592
241593
241594
241595
241596
241597
241598
241599
241600
241601
241602
241603
241604
241605
241606
241607
241608
241609
241610
241611
241612
241613
241614
241615
241616
241617
241618
241619
241620
241621
241622
241623
241624
241625
241626
241627
241628
241629
241630
241631
241632
241633
241634
241635
241636
241637
241638
241639
241640
241641
241642
241643
241644
241645
241646
241647
241648
241649
241650
241651
241652
241653
241654
241655
241656
241657
241658
241659
241660
241661
241662
241663
241664
241665
241666
241667
241668
241669
241670
241671
241672
241673
241674
241675
241676
241677
241678
241679
241680
241681
241682
241683
241684
241685
241686
241687
241688
241689
241690
241691
241692
241693
241694
241695
241696
241697
241698
241699
241700
241701
241702
241703
241704
241705
241706
241707
241708
241709
241710
241711
241712
241713
241714
241715
241716
241717
241718
241719
241720
241721
241722
241723
241724
241725
241726
241727
241728
241729
241730
241731
241732
241733
241734
241735
241736
241737
241738
241739
241740
241741
241742
241743
241744
241745
241746
241747
241748
241749
241750
241751
241752
241753
241754
241755
241756
241757
241758
241759
241760
241761
241762
241763
241764
241765
241766
241767
241768
241769
241770
241771
241772
241773
241774
241775
241776
241777
241778
241779
241780
241781
241782
241783
241784
241785
241786
241787
241788
241789
241790
241791
241792
241793
241794
241795
241796
241797
241798
241799
241800
241801
241802
241803
241804
241805
241806
241807
241808
241809
241810
241811
241812
241813
241814
241815
241816
241817
241818
241819
241820
241821
241822
241823
241824
241825
241826
241827
241828
241829
241830
241831
241832
241833
241834
241835
241836
241837
241838
241839
241840
241841
241842
241843
241844
241845
241846
241847
241848
241849
241850
241851
241852
241853
241854
241855
241856
241857
241858
241859
241860
241861
241862
241863
241864
241865
241866
241867
241868
241869
241870
241871
241872
241873
241874
241875
241876
241877
241878
241879
241880
241881
241882
241883
241884
241885
241886
241887
241888
241889
241890
241891
241892
241893
241894
241895
241896
241897
241898
241899
241900
241901
241902
241903
241904
241905
241906
241907
241908
241909
241910
241911
241912
241913
241914
241915
241916
241917
241918
241919
241920
241921
241922
241923
241924
241925
241926
241927
241928
241929
241930
241931
241932
241933
241934
241935
241936
241937
241938
241939
241940
241941
241942
241943
241944
241945
241946
241947
241948
241949
241950
241951
241952
241953
241954
241955
241956
241957
241958
241959
241960
241961
241962
241963
241964
241965
241966
241967
241968
241969
241970
241971
241972
241973
241974
241975
241976
241977
241978
241979
241980
241981
241982
241983
241984
241985
241986
241987
241988
241989
241990
241991
241992
241993
241994
241995
241996
241997
241998
241999
242000
242001
242002
242003
242004
242005
242006
242007
242008
242009
242010
242011
242012
242013
242014
242015
242016
242017
242018
242019
242020
242021
242022
242023
242024
242025
242026
242027
242028
242029
242030
242031
242032
242033
242034
242035
242036
242037
242038
242039
242040
242041
242042
242043
242044
242045
242046
242047
242048
242049
242050
242051
242052
242053
242054
242055
242056
242057
242058
242059
242060
242061
242062
242063
242064
242065
242066
242067
242068
242069
242070
242071
242072
242073
242074
242075
242076
242077
)
;
flipMap         List<bool> 
1800
(
0
0
0
0
0
0
0
0
0
0
0
0
0
0
0
0
0
0
0
0
0
0
0
0
0
0
0
0
0
0
0
0
0
0
0
0
0
0
0
0
0
0
0
0
0
0
0
0
0
0
0
0
0
0
0
0
0
0
0
0
0
0
0
0
0
0
0
0
0
0
0
0
0
0
0
0
0
0
0
0
0
0
0
0
0
0
0
0
0
0
0
0
0
0
0
0
0
0
0
0
0
0
0
0
0
0
0
0
0
0
0
0
0
0
0
0
0
0
0
0
0
0
0
0
0
0
0
0
0
0
0
0
0
0
0
0
0
0
0
0
0
0
0
0
0
0
0
0
0
0
0
0
0
0
0
0
0
0
0
0
0
0
0
0
0
0
0
0
0
0
0
0
0
0
0
0
0
0
0
0
0
0
0
0
0
0
0
0
0
0
0
0
0
0
0
0
0
0
0
0
0
0
0
0
0
0
0
0
0
0
0
0
0
0
0
0
0
0
0
0
0
0
0
0
0
0
0
0
0
0
0
0
0
0
0
0
0
0
0
0
0
0
0
0
0
0
0
0
0
0
0
0
0
0
0
0
0
0
0
0
0
0
0
0
0
0
0
0
0
0
0
0
0
0
0
0
0
0
0
0
0
0
0
0
0
0
0
0
0
0
0
0
0
0
0
0
0
0
0
0
0
0
0
0
0
0
0
0
0
0
0
0
0
0
0
0
0
0
0
0
0
0
0
0
0
0
0
0
0
0
0
0
0
0
0
0
0
0
0
0
0
0
0
0
0
0
0
0
0
0
0
0
0
0
0
0
0
0
0
0
0
0
0
0
0
0
0
0
0
0
0
0
0
0
0
0
0
0
0
0
0
0
0
0
0
0
0
0
0
0
0
0
0
0
0
0
0
0
0
0
0
0
0
0
0
0
0
0
0
0
0
0
0
0
0
0
0
0
0
0
0
0
0
0
0
0
0
0
0
0
0
0
0
0
0
0
0
0
0
0
0
0
0
0
0
0
0
0
0
0
0
0
0
0
0
0
0
0
0
0
0
0
0
0
0
0
0
0
0
0
0
0
0
0
0
0
0
0
0
0
0
0
0
0
0
0
0
0
0
0
0
0
0
0
0
0
0
0
0
0
0
0
0
0
0
0
0
0
0
0
0
0
0
0
0
0
0
0
0
0
0
0
0
0
0
0
0
0
0
0
0
0
0
0
0
0
0
0
0
0
0
0
0
0
0
0
0
0
0
0
0
0
0
0
0
0
0
0
0
0
0
0
0
0
0
0
0
0
0
0
0
0
0
0
0
0
0
0
0
0
0
0
0
0
0
0
0
0
0
0
0
0
0
0
0
0
0
0
0
0
0
0
0
0
0
0
0
0
0
0
0
0
0
0
0
0
0
0
0
0
0
0
0
0
0
0
0
0
0
0
0
0
0
0
0
0
0
0
0
0
0
0
0
0
0
0
0
0
0
0
0
0
0
0
0
0
0
0
0
0
0
0
0
0
0
0
0
0
0
0
0
0
0
0
0
0
0
0
0
0
0
0
0
0
0
0
0
0
0
0
0
0
0
0
0
0
0
0
0
0
0
0
0
0
0
0
0
0
0
0
0
0
0
0
0
0
0
0
0
0
0
0
0
0
0
0
0
0
0
0
0
0
0
0
0
0
0
0
0
0
0
0
0
0
0
0
0
0
0
0
0
0
0
0
0
0
0
0
0
0
0
0
0
0
0
0
0
0
0
0
0
0
0
0
0
0
0
0
0
0
0
0
0
0
0
0
0
0
0
0
0
0
0
0
0
0
0
0
0
0
0
0
0
0
0
0
0
0
0
0
0
0
0
0
0
0
0
0
0
0
0
0
0
0
0
0
0
0
0
0
0
0
0
0
0
0
0
0
0
0
0
0
0
0
0
0
0
0
0
0
0
0
0
0
0
0
0
0
0
0
0
0
0
0
0
0
0
0
0
0
0
0
0
0
0
0
0
0
0
0
0
0
0
0
0
0
0
0
0
0
0
0
0
0
0
0
0
0
0
0
1
1
1
1
1
1
1
1
1
1
1
1
1
1
1
1
1
1
1
1
1
1
1
1
1
1
1
1
1
1
1
1
1
1
1
1
1
1
1
1
1
1
1
1
1
1
1
1
1
1
1
1
1
1
1
1
1
1
1
1
1
1
1
1
1
1
1
1
1
1
1
1
1
1
1
1
1
1
1
1
1
1
1
1
1
1
1
1
1
1
1
1
1
1
1
1
1
1
1
1
1
1
1
1
1
1
1
1
1
1
1
1
1
1
1
1
1
1
1
1
1
1
1
1
1
1
1
1
1
1
1
1
1
1
1
1
1
1
1
1
1
1
1
1
1
1
1
1
1
1
1
1
1
1
1
1
1
1
1
1
1
1
1
1
1
1
1
1
1
1
1
1
1
1
1
1
1
1
1
1
1
1
1
1
1
1
1
1
1
1
1
1
1
1
1
1
1
1
1
1
1
1
1
1
1
1
1
1
1
1
1
1
1
1
1
1
1
1
1
1
1
1
1
1
1
1
1
1
1
1
1
1
1
1
1
1
1
1
1
1
1
1
1
1
1
1
1
1
1
1
1
1
1
1
1
1
1
1
1
1
1
1
1
1
1
1
1
1
1
1
1
1
1
1
1
1
1
1
1
1
1
1
1
1
1
1
1
1
1
1
1
1
1
1
1
1
1
1
1
1
1
1
1
1
1
1
1
1
1
1
1
1
1
1
1
1
1
1
1
1
1
1
1
1
1
1
1
1
1
1
1
1
1
1
1
1
1
1
1
1
1
1
1
1
1
1
1
1
1
1
1
1
1
1
1
1
1
1
1
1
1
1
1
1
1
1
1
1
1
1
1
1
1
1
1
1
1
1
1
1
1
1
1
1
1
1
1
1
1
1
1
1
1
1
1
1
1
1
1
1
1
1
1
1
1
1
1
1
1
1
1
1
1
1
1
1
1
1
1
1
1
1
1
1
1
1
1
1
1
1
1
1
1
1
1
1
1
1
1
1
1
1
1
1
1
1
1
1
1
1
1
1
1
1
1
1
1
1
1
1
1
1
1
1
1
1
1
1
1
1
1
1
1
1
1
1
1
1
1
1
1
1
1
1
1
1
1
1
1
1
1
1
1
1
1
1
1
1
1
1
1
1
1
1
1
1
1
1
1
1
1
1
1
1
1
1
1
1
1
1
1
1
1
1
1
1
1
1
1
1
1
1
1
1
1
1
1
1
1
1
1
1
1
1
1
1
1
1
1
1
1
1
1
1
1
1
1
1
1
1
1
1
1
1
1
1
1
1
1
1
1
1
1
1
1
1
1
1
1
1
1
1
1
1
1
1
1
1
1
1
1
1
1
1
1
1
1
1
1
1
1
1
1
1
1
1
1
1
1
1
1
1
1
1
1
1
1
1
1
1
1
1
1
1
1
1
1
1
1
1
1
1
1
1
1
1
1
1
1
1
1
1
1
1
1
1
1
1
1
1
1
1
1
1
1
1
1
1
1
1
1
1
1
1
1
1
1
1
1
1
1
1
1
1
1
1
1
1
1
1
1
1
1
1
1
1
1
1
1
1
1
1
1
1
1
1
1
1
1
1
1
1
1
1
1
1
1
1
1
1
1
1
1
1
1
1
1
1
1
1
1
1
1
1
1
1
1
1
1
1
1
1
1
1
1
1
1
1
1
1
1
1
1
1
1
1
1
1
1
1
1
1
1
1
1
1
1
1
1
1
1
1
1
1
1
1
1
1
1
1
1
1
1
1
1
1
1
1
1
1
1
1
1
1
1
1
1
1
1
1
1
1
1
1
1
1
1
1
1
1
1
1
1
1
1
1
1
1
1
1
1
1
1
1
1
1
1
1
1
1
1
1
1
1
1
1
1
1
1
1
1
1
1
1
1
1
1
1
1
1
1
1
1
1
1
1
1
1
1
1
1
1
1
1
1
1
1
1
1
1
1
1
1
1
1
1
1
1
1
1
1
1
1
1
1
1
1
1
1
1
1
1
1
1
1
1
1
1
1
1
1
1
1
1
1
1
1
1
1
1
)
;
}
)

// ************************************************************************* //
