/*--------------------------------*- C++ -*----------------------------------*\
| =========                 |                                                 |
| \\      /  F ield         | OpenFOAM: The Open Source CFD Toolbox           |
|  \\    /   O peration     | Version:  2.3.0                                 |
|   \\  /    A nd           | Web:      www.OpenFOAM.org                      |
|    \\/     M anipulation  |                                                 |
\*---------------------------------------------------------------------------*/
FoamFile
{
    version     2.0;
    format      ascii;
    class       volScalarField;
    location    "6000";
    object      nut;
}
// * * * * * * * * * * * * * * * * * * * * * * * * * * * * * * * * * * * * * //

dimensions      [0 2 -1 0 0 0 0];

internalField   nonuniform List<scalar> 
6748
(
0.0586045
0.0527574
0.0475581
0.0431819
0.0397192
0.0370771
0.0345502
0.03198
0.0293909
0.0267504
0.024083
0.0218661
0.0659985
0.0617664
0.0580521
0.0548428
0.0521584
0.0500102
0.048379
0.0472213
0.0464853
0.0461081
0.0460341
0.0462107
0.0722377
0.069198
0.0665901
0.064395
0.0625993
0.0611849
0.0601249
0.0593857
0.0589305
0.0587213
0.0587201
0.0588919
0.0774955
0.075266
0.0733828
0.0718118
0.0705328
0.0695254
0.0687678
0.0682373
0.0679108
0.0677652
0.0677793
0.0679318
0.0818611
0.0802057
0.078803
0.0776292
0.0766677
0.0759038
0.0753232
0.0749124
0.0746581
0.0745471
0.0745673
0.0747058
0.0855049
0.0842465
0.0831697
0.0822593
0.0815046
0.0808972
0.0804292
0.0800931
0.079883
0.0797921
0.0798136
0.0799402
0.0885574
0.087576
0.0867265
0.0859975
0.0853837
0.0848827
0.084491
0.0842057
0.0840245
0.0839462
0.0839679
0.0840852
0.0911221
0.0903413
0.0896567
0.0890584
0.0885429
0.0881171
0.0877809
0.0875322
0.0873709
0.0872998
0.0873208
0.0874314
0.0932902
0.0926562
0.0920944
0.0915997
0.0911498
0.0907784
0.090485
0.0902659
0.0901191
0.0900495
0.0900687
0.0901747
0.0951429
0.0946125
0.0941379
0.0937408
0.0933245
0.092993
0.0927332
0.0925417
0.0924095
0.0923325
0.0923477
0.0924502
0.0233762
0.027199
0.0296181
0.0321098
0.0351084
0.0387262
0.0429525
0.0477314
0.0529936
0.058663
0.064658
0.0709183
0.0465554
0.0471097
0.0479947
0.0492677
0.0509766
0.0531567
0.0558263
0.0589821
0.0626003
0.066641
0.0710545
0.0758192
0.0591954
0.0596545
0.0603319
0.0612591
0.0624667
0.0639829
0.0658318
0.0680291
0.0705813
0.0734845
0.0767278
0.0803383
0.0682009
0.0686001
0.0691631
0.0699081
0.0708527
0.0720141
0.0734089
0.0750507
0.0769501
0.0791141
0.0815497
0.0843049
0.0749494
0.0753063
0.0757956
0.0764272
0.0772102
0.0781539
0.0792676
0.0805592
0.0820363
0.0837059
0.0855779
0.0877022
0.0801635
0.0804883
0.0809252
0.081479
0.0821539
0.0829532
0.0838807
0.0849395
0.0861325
0.0874627
0.0889346
0.0905703
0.0842929
0.0845929
0.084991
0.0854884
0.086086
0.0867837
0.0875812
0.0884777
0.0894718
0.090563
0.0917545
0.0930667
0.087627
0.0879076
0.0882757
0.0887305
0.0892705
0.0898937
0.0905971
0.0913765
0.0922268
0.0931435
0.094125
0.095183
0.0903622
0.0906262
0.0909709
0.0913923
0.0918873
0.092454
0.0930876
0.0937799
0.0945235
0.0953113
0.0961352
0.0970053
0.0926342
0.0928789
0.0932047
0.093599
0.0940563
0.0945782
0.0951587
0.095781
0.0964384
0.0971293
0.0978606
0.0985739
0.0648747
0.0535142
0.0444265
0.0371951
0.0313368
0.0264426
0.0224401
0.0196498
0.0172515
0.014741
0.0119583
0.00870918
0.0673462
0.0579396
0.0507917
0.0454761
0.041768
0.0386547
0.0354329
0.0320303
0.0284427
0.0246137
0.0204593
0.0158775
0.0701925
0.0627633
0.0574335
0.0539332
0.0507884
0.0475446
0.0440731
0.0403014
0.0361803
0.0316654
0.0267103
0.0212696
0.0732664
0.0675353
0.0637676
0.0606497
0.0574908
0.0541112
0.0504232
0.0463636
0.0418767
0.0369092
0.0314072
0.0253211
0.0763713
0.0719664
0.0688858
0.0658722
0.0626843
0.0592092
0.0553691
0.0510979
0.0463335
0.0410113
0.0350659
0.0284323
0.0793436
0.0759856
0.0730467
0.0700583
0.0668462
0.0633061
0.0593573
0.0549261
0.0499393
0.0443216
0.0379946
0.0308794
0.0820661
0.0792111
0.0764133
0.0734666
0.0702505
0.0666705
0.0626426
0.0580857
0.052916
0.0470461
0.0403844
0.0328409
0.0846013
0.0819121
0.0791943
0.0762868
0.0730786
0.0694746
0.0653874
0.0607294
0.0554072
0.0493207
0.0423651
0.0344403
0.0866908
0.0841455
0.0815055
0.0786435
0.0754535
0.0718382
0.067704
0.0629611
0.0575106
0.0512452
0.0440434
0.0357844
0.0884219
0.0859912
0.0834307
0.0806231
0.0774618
0.0738477
0.0696734
0.0648495
0.0592836
0.0528885
0.0455257
0.0370238
0.00490646
0.00200248
0.00185095
0.00243908
0.00315595
0.00418802
0.0057429
0.00773907
0.01024
0.0133245
0.0170708
0.0215571
0.0106315
0.0050937
0.00258542
0.00302178
0.00393341
0.00517089
0.00682558
0.00885908
0.0113229
0.0142783
0.0177898
0.0219212
0.0151369
0.00828553
0.00372568
0.00370773
0.00481376
0.00621791
0.00796313
0.0100247
0.0124436
0.0152648
0.0185382
0.0223119
0.0184664
0.0108101
0.00499472
0.00446302
0.00572575
0.00726377
0.00908375
0.0111639
0.0135328
0.0162256
0.019299
0.0228908
0.0209504
0.0126797
0.00617027
0.00525074
0.00662861
0.0082759
0.0101559
0.0122466
0.0145675
0.0171523
0.0200603
0.0233703
0.0228428
0.014068
0.00717809
0.00603547
0.00749722
0.00923678
0.011166
0.0132624
0.015541
0.0180325
0.0207783
0.0238012
0.0243111
0.0151161
0.00802212
0.00678862
0.00831468
0.0101378
0.0121083
0.0142087
0.0164504
0.0188548
0.0214408
0.0242042
0.025471
0.015923
0.0087336
0.00749922
0.00908367
0.0109759
0.0129818
0.0150854
0.0172925
0.0196125
0.0220467
0.024583
0.0264201
0.016554
0.00932843
0.00815886
0.00980057
0.0117548
0.0137928
0.0158957
0.018067
0.0203054
0.0226001
0.0249394
0.0273987
0.0173972
0.00998325
0.00878409
0.0104834
0.0124591
0.0144846
0.0165911
0.0187577
0.020925
0.0230824
0.0252491
0.00109832
0.00381114
0.00811929
0.0129331
0.0178075
0.0225841
0.0271475
0.031467
0.0358038
0.0403725
0.0453255
0.051683
0.000759695
0.00247053
0.00614764
0.0098815
0.0137694
0.0179211
0.0222892
0.0267728
0.0313193
0.0359804
0.0409097
0.0466101
0.000439948
0.00163098
0.00413035
0.00790762
0.01245
0.0167569
0.0209437
0.0250925
0.0292649
0.033554
0.0381357
0.0433561
0.00052741
0.00134868
0.0034086
0.00655824
0.0110638
0.0158439
0.0204881
0.0248719
0.0289526
0.0328395
0.0368233
0.0413648
0.000492787
0.00120171
0.0030309
0.00580762
0.00984964
0.014866
0.0199179
0.0247791
0.0292463
0.0331857
0.0367612
0.0405513
0.000485758
0.00109405
0.00276275
0.00529005
0.00896798
0.013931
0.0192607
0.0245289
0.0294971
0.033866
0.037486
0.0407557
0.000473808
0.00101813
0.00257384
0.00492518
0.00834039
0.0130959
0.0185872
0.0241658
0.0295648
0.034461
0.0384877
0.0416494
0.000468676
0.000963722
0.00243271
0.00465323
0.00787499
0.0123972
0.0179427
0.0237587
0.0295101
0.0348907
0.0394736
0.0429707
0.000465625
0.00092532
0.00232716
0.00444831
0.00752101
0.0118415
0.01737
0.0233661
0.0294079
0.0352023
0.0403326
0.0443321
0.000465453
0.000898105
0.00225107
0.00429865
0.00725931
0.0114211
0.0168954
0.0230316
0.0293221
0.0354682
0.0410826
0.0456488
0.000466965
0.000879285
0.00219735
0.00419147
0.00706907
0.0111094
0.0165181
0.0227685
0.0292798
0.0357269
0.0417454
0.0467948
0.000469677
0.000866411
0.00215993
0.00411548
0.00693173
0.0108797
0.0162223
0.0225728
0.0292906
0.0360053
0.0423642
0.0478238
0.000472828
0.000857394
0.00213356
0.00406124
0.00683222
0.0107097
0.0159894
0.0224323
0.029357
0.0363339
0.0430116
0.0488694
0.000475801
0.000850318
0.00211314
0.00401908
0.00675472
0.0105768
0.015797
0.0223174
0.0294465
0.0366871
0.0436768
0.0499059
0.000478323
0.000844083
0.00209531
0.00398226
0.00668705
0.0104604
0.0156197
0.0221902
0.0295028
0.0369879
0.0442566
0.0507914
0.000480373
0.000838473
0.00207957
0.00394995
0.00662798
0.0103592
0.0154617
0.0220628
0.0295459
0.037274
0.0448351
0.0517524
0.00048185
0.000832987
0.00206455
0.00391949
0.0065729
0.0102656
0.0153135
0.0219238
0.0295597
0.037517
0.0453386
0.0525291
0.000482727
0.000827457
0.0020497
0.00388973
0.0065198
0.0101768
0.0151735
0.0217769
0.0295548
0.0377476
0.0458546
0.0534024
0.00048294
0.000821618
0.00203414
0.00385873
0.00646481
0.0100853
0.0150282
0.0216006
0.0294922
0.0379051
0.0462771
0.0541069
0.000482552
0.000815584
0.0020181
0.00382712
0.00640926
0.00999378
0.014884
0.0214105
0.0293858
0.0380051
0.0466496
0.054826
0.000481623
0.000809318
0.00200128
0.00379426
0.00635199
0.00990012
0.0147372
0.0212062
0.0292282
0.0380177
0.0468969
0.0553466
0.000480343
0.000803138
0.00198463
0.00376211
0.00629655
0.00981049
0.0145982
0.02101
0.0290594
0.0380005
0.0471104
0.0558685
0.000478841
0.000796852
0.00196793
0.00373006
0.00624172
0.00972266
0.0144632
0.0208174
0.0288754
0.0379431
0.0472506
0.0562403
0.000477203
0.000790721
0.00195164
0.00369879
0.00618838
0.0096377
0.0143337
0.0206324
0.0286897
0.0378746
0.047381
0.0566377
0.000475455
0.000784778
0.00193581
0.00366826
0.00613607
0.00955419
0.0142063
0.020449
0.028493
0.0377814
0.0474745
0.0569668
0.000473652
0.00077917
0.00192084
0.00363913
0.00608576
0.00947318
0.0140818
0.0202667
0.0282825
0.0376553
0.0475216
0.0572377
0.000471851
0.000774001
0.00190702
0.00361214
0.00603893
0.00939727
0.0139642
0.0200925
0.0280701
0.0375089
0.0475364
0.057471
0.000470067
0.000769274
0.00189446
0.0035877
0.00599644
0.00932836
0.013857
0.0199327
0.0278684
0.0373592
0.0475378
0.0576918
0.000468294
0.000764901
0.00188299
0.00356555
0.00595825
0.00926664
0.0137614
0.0197897
0.0276836
0.0372139
0.047529
0.0578867
0.000466539
0.000760818
0.00187234
0.00354511
0.00592342
0.00921109
0.0136763
0.0196639
0.0275208
0.037084
0.0475228
0.0580713
0.000464806
0.000756942
0.00186227
0.00352577
0.00589055
0.00915907
0.0135975
0.0195488
0.0273722
0.036962
0.0475023
0.0581928
0.000463068
0.000753352
0.00185285
0.00350746
0.00585926
0.00910952
0.013523
0.019442
0.0272394
0.0368704
0.0475374
0.058429
0.000461268
0.000749961
0.00184393
0.00348991
0.00582873
0.00906007
0.0134467
0.0193288
0.02709
0.0367492
0.0475352
0.0585972
0.000459387
0.000746716
0.00183545
0.00347327
0.00579983
0.00901295
0.0133728
0.0192161
0.0269303
0.0365903
0.047462
0.0586405
0.000457436
0.00074352
0.00182723
0.00345727
0.00577226
0.00896857
0.0133042
0.0191129
0.0267857
0.0364455
0.0474045
0.0587339
0.000455421
0.000740432
0.00181931
0.00344183
0.0057458
0.00892636
0.0132399
0.0190184
0.0266566
0.0363229
0.0473769
0.0588809
0.000453327
0.000737445
0.00181158
0.00342659
0.00571944
0.0088841
0.0131755
0.0189238
0.0265284
0.0362023
0.0473594
0.0590551
0.000451163
0.00073456
0.00180415
0.00341181
0.00569358
0.00884197
0.0131098
0.0188243
0.0263846
0.0360382
0.0472507
0.0590363
0.000448943
0.000731884
0.00179722
0.00339794
0.0056693
0.00880257
0.0130487
0.0187326
0.0262536
0.0358909
0.0471703
0.059105
0.00044667
0.000729359
0.00179067
0.00338472
0.00564597
0.00876442
0.0129893
0.0186431
0.0261252
0.0357417
0.0470748
0.0591202
0.000444353
0.000727093
0.00178478
0.00337268
0.00562449
0.00872892
0.0129334
0.0185584
0.0260027
0.0355966
0.0469854
0.0591739
0.000441973
0.000725011
0.00177949
0.00336183
0.005605
0.00869633
0.0128814
0.018478
0.0258835
0.0354465
0.0468698
0.0591625
0.000439581
0.000723096
0.00177481
0.00335236
0.00558812
0.00866822
0.0128364
0.0184081
0.0257788
0.0353122
0.0467608
0.0591452
0.000437166
0.000721286
0.00177044
0.00334367
0.00557305
0.00864375
0.0127981
0.0183492
0.0256916
0.0352025
0.0466771
0.059139
0.000434655
0.000719397
0.001766
0.00333501
0.00555837
0.00862064
0.0127632
0.0182977
0.0256181
0.0351174
0.0466349
0.0591912
0.000432003
0.000717372
0.00176115
0.00332545
0.00554222
0.00859551
0.0127259
0.0182444
0.0255452
0.0350387
0.0466205
0.0593224
0.000429201
0.000715203
0.00175584
0.00331477
0.00552383
0.00856633
0.0126819
0.0181801
0.0254542
0.0349268
0.0465493
0.0593633
0.000426283
0.000713073
0.00175046
0.00330361
0.00550407
0.00853442
0.012633
0.0181079
0.0253511
0.0347955
0.0464478
0.0593516
0.000423307
0.000711186
0.00174554
0.00329293
0.00548447
0.00850155
0.0125811
0.0180291
0.0252358
0.0346424
0.0463127
0.0593167
0.000420331
0.000709822
0.00174178
0.00328409
0.00546732
0.00847153
0.0125318
0.0179518
0.0251189
0.0344798
0.0461557
0.0592604
0.000417388
0.00070912
0.0017396
0.00327798
0.00545424
0.00844703
0.0124894
0.0178825
0.0250103
0.0343232
0.0459949
0.0591915
0.000414504
0.000709197
0.00173933
0.00327539
0.00544675
0.00843051
0.0124577
0.0178263
0.0249169
0.0341814
0.0458371
0.0591016
0.000411621
0.000710098
0.00174114
0.00327664
0.00544569
0.00842396
0.0124403
0.0177899
0.0248497
0.0340727
0.0457207
0.0590949
0.000408691
0.000711536
0.00174447
0.00328099
0.00545018
0.00842647
0.0124368
0.0177732
0.0248083
0.033993
0.0456134
0.0589866
0.000405728
0.00071357
0.0017492
0.00328801
0.00545943
0.00843721
0.0124469
0.0177782
0.0247998
0.0339593
0.04556
0.0589252
0.0004026
0.000716227
0.0017553
0.00329724
0.00547213
0.00845346
0.0124666
0.017801
0.0248261
0.0339972
0.0456682
0.0592467
0.000399307
0.000719469
0.00176262
0.00330818
0.00548655
0.00847056
0.0124847
0.0178175
0.0248375
0.0340035
0.0457103
0.0594151
0.000395905
0.000723739
0.00177226
0.003323
0.0055064
0.00849414
0.0125088
0.0178363
0.0248412
0.0339786
0.0456699
0.0594445
0.000392346
0.000729089
0.00178451
0.00334279
0.00553436
0.00852971
0.0125494
0.017876
0.0248688
0.0339775
0.0456438
0.0594835
0.000388508
0.000735409
0.00179928
0.0033673
0.00557041
0.00857809
0.0126094
0.0179443
0.0249375
0.0340332
0.045686
0.0595678
0.000384381
0.00074297
0.00181652
0.0033957
0.00561258
0.00863581
0.0126834
0.0180339
0.02504
0.0341443
0.0458237
0.0597981
0.000379851
0.000751748
0.00183627
0.003428
0.00565981
0.00869984
0.0127647
0.0181314
0.0251503
0.0342638
0.0459737
0.0601033
0.000374823
0.000762142
0.00185943
0.0034659
0.00571449
0.00877244
0.0128543
0.0182333
0.0252553
0.0343551
0.0460413
0.0602708
0.000369283
0.000774813
0.0018875
0.00351203
0.00578138
0.00886115
0.0129631
0.0183563
0.0253798
0.0344571
0.046091
0.0603515
0.000363116
0.000790356
0.00192178
0.00356882
0.00586426
0.00897179
0.0131004
0.0185141
0.0255451
0.0346079
0.0462038
0.0605279
0.000356099
0.000809489
0.00196376
0.00363897
0.00596748
0.00911046
0.0132738
0.0187161
0.0257612
0.0348128
0.046362
0.0606993
0.00034772
0.000832784
0.00201496
0.00372519
0.00609509
0.00928287
0.0134909
0.0189712
0.0260379
0.0350821
0.0465855
0.0609423
0.000336968
0.000861316
0.00207769
0.00383077
0.00625183
0.00949653
0.0137624
0.0192945
0.0263955
0.0354391
0.0468778
0.0611169
0.000321143
0.000895172
0.00215252
0.00395725
0.00643961
0.00975276
0.0140889
0.0196862
0.0268383
0.0359103
0.0473577
0.0616648
0.000293402
0.000934932
0.00224269
0.00410977
0.0066644
0.0100562
0.0144706
0.0201359
0.0273334
0.0364118
0.0478117
0.0620382
0.000247173
0.000982241
0.00235302
0.00429652
0.0069377
0.0104203
0.0149201
0.0206521
0.0278792
0.0369277
0.0482083
0.0622079
0.000222281
0.00104836
0.00249165
0.00453058
0.00727946
0.010872
0.0154709
0.0212735
0.0285227
0.0375218
0.048655
0.0623903
0.000211108
0.00114556
0.00267717
0.00484069
0.00772927
0.0114588
0.0161733
0.022049
0.0293075
0.0382343
0.0492022
0.0626968
0.00022171
0.00133445
0.00304916
0.00541367
0.00850352
0.0124047
0.0172377
0.0231563
0.0303649
0.0391422
0.049848
0.0629483
0.000375541
0.00200807
0.00430956
0.00718421
0.0106226
0.0147008
0.0195546
0.0253282
0.0322392
0.0406363
0.0508754
0.063402
0.00116034
0.00459497
0.00886115
0.0137134
0.0190933
0.0249431
0.0312034
0.0378123
0.0447055
0.0518147
0.0590813
0.0664695
0.000123216
0.00191843
0.0049146
0.00877598
0.0134865
0.0189789
0.025176
0.0319669
0.039236
0.0468601
0.0547207
0.0627308
0.000637113
0.0017557
0.00410152
0.00726094
0.0112744
0.0161343
0.0218204
0.0282752
0.0354047
0.0430813
0.0511528
0.0594601
0.000655442
0.001579
0.00360552
0.00635593
0.00990031
0.0142776
0.0195131
0.0255972
0.0324743
0.0400393
0.0481394
0.0565894
0.000670642
0.00138616
0.00318411
0.00564761
0.00885736
0.0128728
0.0177455
0.023498
0.030109
0.0375028
0.0455451
0.0540596
0.000673017
0.00123538
0.00286191
0.00510744
0.00805855
0.0117844
0.0163525
0.021808
0.0281576
0.0353546
0.043291
0.0518137
0.000674574
0.00112472
0.00261598
0.00468801
0.00743028
0.0109165
0.0152245
0.0204154
0.0265178
0.0335115
0.0413145
0.0497853
0.000674784
0.00103883
0.00241907
0.00434808
0.00691707
0.0102013
0.0142851
0.0192418
0.0251176
0.031917
0.0395919
0.0480451
0.000675269
0.000969728
0.00225688
0.00406551
0.00648811
0.00959946
0.0134888
0.0182382
0.0239087
0.0305262
0.0380709
0.0464721
0.00067582
0.000913083
0.00212115
0.00382717
0.00612388
0.00908559
0.0128042
0.0173685
0.0228504
0.0292895
0.0366725
0.044882
0.000676225
0.000865855
0.00200595
0.00362378
0.00581013
0.00864061
0.0122079
0.0166053
0.0219122
0.028178
0.0354004
0.0435079
0.000676513
0.000825895
0.0019068
0.00344752
0.00553628
0.00825043
0.0116823
0.015928
0.0210725
0.0271736
0.0342412
0.0422195
0.000676725
0.00079179
0.00182036
0.0032928
0.00529452
0.00790466
0.0112143
0.0153214
0.0203153
0.0262617
0.0331838
0.0410488
0.000677383
0.000766804
0.00174417
0.00315557
0.00507904
0.0075954
0.010794
0.014774
0.0196285
0.0254303
0.0322142
0.0399614
0.000679688
0.000758188
0.00167643
0.00303279
0.00488535
0.00731658
0.0104137
0.0142767
0.0190018
0.0246677
0.0313177
0.0389375
0.000683404
0.000760372
0.00161582
0.00292215
0.00471001
0.00706356
0.0100676
0.0138228
0.0184279
0.0239668
0.0304933
0.0380161
0.000687508
0.000765637
0.00156134
0.00282176
0.00455021
0.00683259
0.00975098
0.0134063
0.017899
0.0233167
0.029715
0.0370766
0.000691321
0.00077057
0.0015122
0.00273039
0.00440453
0.00662076
0.00945993
0.0130224
0.0174101
0.0227143
0.0290003
0.0363019
0.000694642
0.000774375
0.00146773
0.00264701
0.00427131
0.00642573
0.00919135
0.0126673
0.0169565
0.0221525
0.0283223
0.0354683
0.000697497
0.000777105
0.00142737
0.00257067
0.00414885
0.00624547
0.00894256
0.0123376
0.016534
0.0216273
0.0276889
0.0347501
0.000699949
0.000778951
0.00139069
0.00250044
0.00403568
0.00607826
0.00871132
0.0120304
0.0161394
0.0211357
0.0270961
0.0340619
0.000702076
0.000780269
0.00135867
0.00243558
0.00393066
0.00592257
0.00849565
0.0117435
0.0157702
0.0206758
0.0265449
0.0334402
0.000704069
0.000782209
0.00133722
0.00237571
0.0038329
0.0057772
0.00829399
0.0114749
0.0154244
0.0202453
0.0260279
0.0328361
0.000706186
0.000786182
0.00133
0.00232061
0.00374163
0.00564107
0.00810498
0.0112229
0.0150997
0.0198399
0.025536
0.0322469
0.000708527
0.000792209
0.00133208
0.00227
0.00365628
0.0055133
0.00792743
0.0109861
0.0147945
0.0194596
0.0250822
0.03176
0.000711019
0.000799366
0.00133756
0.00222337
0.00357624
0.0053931
0.00776033
0.0107631
0.0145068
0.0190998
0.0246411
0.0311818
0.000713488
0.000806562
0.00134306
0.00218022
0.00350114
0.00528015
0.00760278
0.0105527
0.0142348
0.0187575
0.0242183
0.0306792
0.000715866
0.000813263
0.00134732
0.00214012
0.00343068
0.00517417
0.00745404
0.0103537
0.013977
0.0184324
0.0238198
0.0302205
0.000718127
0.00081914
0.00135006
0.00210273
0.00336453
0.00507443
0.00731336
0.0101652
0.0137323
0.0181234
0.0234404
0.029764
0.000720176
0.000824164
0.00135134
0.00206775
0.00330231
0.00498027
0.00718004
0.00998624
0.0134997
0.0178293
0.0230793
0.0293363
0.000722049
0.000828462
0.00135137
0.00203491
0.00324363
0.00489119
0.0070535
0.00981615
0.0132783
0.0175493
0.0227354
0.0289264
0.000723775
0.000832112
0.00135036
0.00200406
0.00318822
0.00480673
0.00693322
0.0096543
0.0130675
0.0172825
0.0224065
0.0285288
0.000725379
0.000835252
0.00134852
0.00197514
0.00313575
0.00472653
0.00681876
0.00950013
0.0128666
0.0170278
0.0220921
0.0281522
0.000726879
0.000837962
0.00134613
0.00194868
0.00308606
0.00465028
0.00670966
0.00935308
0.0126747
0.0167843
0.0217906
0.0277848
0.0007283
0.000840388
0.00134375
0.00192663
0.00303901
0.00457767
0.00660556
0.00921263
0.0124913
0.016551
0.0215004
0.027429
0.000729683
0.000842785
0.00134245
0.00191204
0.00299468
0.00450847
0.00650611
0.00907835
0.0123157
0.0163272
0.0212221
0.0270958
0.000731085
0.000845458
0.00134325
0.00190589
0.00295321
0.0044425
0.00641102
0.00894987
0.0121476
0.0161129
0.0209566
0.026781
0.000732558
0.000848645
0.00134649
0.00190613
0.00291454
0.00437962
0.00632021
0.00882688
0.0119866
0.0159078
0.0207025
0.0264734
0.000734131
0.000852369
0.00135179
0.0019099
0.00287852
0.00431975
0.00623372
0.00870907
0.0118322
0.0157107
0.0204556
0.0261621
0.000735801
0.000856548
0.00135844
0.00191504
0.00284488
0.00426279
0.00615124
0.00859616
0.0116841
0.0155219
0.0202239
0.0259142
0.000737542
0.000860964
0.00136569
0.00192028
0.00281337
0.00420857
0.00607244
0.00848794
0.0115421
0.0153412
0.0200021
0.0256423
0.000739328
0.000865421
0.00137301
0.001925
0.00278371
0.00415693
0.00599711
0.00838418
0.0114061
0.0151685
0.0197891
0.0253872
0.000741136
0.000869771
0.00138002
0.00192893
0.00275571
0.00410772
0.00592501
0.00828472
0.0112757
0.0150029
0.0195851
0.0251441
0.000742948
0.000873911
0.00138652
0.00193199
0.00272919
0.00406077
0.00585605
0.00818937
0.0111507
0.0148443
0.0193894
0.0249062
0.000744756
0.000877801
0.0013924
0.00193417
0.00270396
0.00401594
0.00579
0.008098
0.0110309
0.0146918
0.0191987
0.0246579
0.000746559
0.000881407
0.00139764
0.00193554
0.00267998
0.0039731
0.00572674
0.00801036
0.0109158
0.0145446
0.019012
0.0244175
0.000748355
0.00088477
0.0014023
0.00193618
0.00265719
0.00393218
0.00566623
0.00792628
0.0108051
0.0144027
0.0188333
0.0242071
0.000750149
0.000887892
0.00140639
0.0019362
0.0026357
0.00389306
0.00560817
0.00784549
0.0106988
0.0142659
0.0186585
0.0239774
0.000751949
0.0008908
0.00140999
0.0019358
0.00261587
0.00385581
0.00555263
0.00776806
0.0105966
0.0141345
0.018498
0.023832
0.000753764
0.000893537
0.00141321
0.00193523
0.00259846
0.00382022
0.0054993
0.00769353
0.0104983
0.0140085
0.0183409
0.0236072
0.000755603
0.000896156
0.00141622
0.00193497
0.00258467
0.00378638
0.00544819
0.00762193
0.0104038
0.0138873
0.0181888
0.0234265
0.000757451
0.000898666
0.0014192
0.00193551
0.00257553
0.00375442
0.00539927
0.00755336
0.0103131
0.0137709
0.0180411
0.0232337
0.000759353
0.000901217
0.00142242
0.00193737
0.00257138
0.00372465
0.00535282
0.00748819
0.0102263
0.0136591
0.0178997
0.0230637
0.000761374
0.000903861
0.00142609
0.00194085
0.00257134
0.00369691
0.00530855
0.00742607
0.0101434
0.013552
0.0177648
0.0228994
0.000763524
0.000906667
0.00143042
0.00194584
0.00257411
0.00367113
0.00526646
0.00736681
0.0100639
0.0134497
0.0176364
0.0227463
0.000765832
0.000909781
0.00143541
0.001952
0.00257869
0.00364744
0.00522675
0.00731058
0.00998812
0.0133518
0.0175139
0.0225963
0.000768225
0.000913004
0.00144091
0.00195909
0.00258424
0.00362547
0.00518913
0.00725705
0.00991585
0.0132586
0.0173967
0.0224485
0.000770748
0.000916378
0.00144683
0.00196675
0.00259019
0.00360514
0.00515359
0.00720625
0.00984713
0.0131698
0.0172841
0.0223024
0.000773422
0.000919951
0.00145308
0.00197475
0.00259635
0.00358653
0.00512035
0.00715839
0.00978196
0.0130853
0.0171759
0.0221623
0.000776173
0.00092332
0.00145942
0.00198287
0.00260233
0.00356932
0.0050891
0.00711326
0.00972056
0.0130052
0.0170725
0.0220275
0.000779059
0.000927028
0.00146582
0.00199087
0.00260806
0.00355349
0.00505994
0.0070709
0.00966263
0.0129296
0.0169744
0.0219017
0.000782451
0.000930952
0.00147246
0.00199884
0.00261357
0.00353927
0.00503317
0.00703167
0.00960861
0.0128584
0.0168815
0.021781
0.000785895
0.000934741
0.00147894
0.00200658
0.00261887
0.00352643
0.00500861
0.00699539
0.00955839
0.0127919
0.0167949
0.0216738
0.000789572
0.000938576
0.00148531
0.00201411
0.00262402
0.00351509
0.00498643
0.00696235
0.00951233
0.0127306
0.0167149
0.0215703
0.00079354
0.000942383
0.00149155
0.00202141
0.00262904
0.00350531
0.00496677
0.00693274
0.00947069
0.012675
0.0166426
0.0214828
0.000797786
0.000946299
0.00149772
0.00202865
0.00263424
0.0034974
0.00495005
0.00690705
0.00943394
0.0126256
0.0165775
0.0213932
0.000802289
0.000949908
0.00150368
0.00203564
0.0026394
0.00349134
0.00493629
0.0068855
0.00940285
0.0125833
0.016522
0.0213347
0.000807239
0.000953984
0.00150973
0.00204267
0.00264477
0.00348743
0.00492601
0.00686869
0.00937794
0.0125493
0.0164778
0.0212803
0.000813167
0.000958365
0.00151595
0.00204974
0.00265062
0.00348631
0.00492007
0.00685776
0.0093606
0.0125245
0.0164442
0.0212285
0.000819648
0.000962833
0.0015223
0.00205708
0.00265722
0.00348839
0.00491916
0.00685362
0.00935206
0.0125106
0.0164227
0.0211945
0.000827059
0.000967421
0.0015287
0.00206468
0.00266474
0.00349423
0.00492427
0.00685772
0.00935412
0.0125093
0.0164141
0.0211643
0.000835924
0.000973517
0.00153681
0.00207392
0.00267467
0.00350702
0.00493919
0.00687406
0.00937052
0.0125244
0.0164254
0.0211869
0.000844871
0.000973972
0.00154038
0.00208047
0.00268335
0.00352109
0.00495899
0.00689927
0.00940021
0.0125565
0.0164555
0.0211848
0.000887274
0.0010146
0.00157072
0.00210889
0.0027159
0.00357878
0.00502908
0.0069765
0.00948002
0.012633
0.0165225
0.0212633
0.000439639
0.000822223
0.00150259
0.00205206
0.00265233
0.00350597
0.00495892
0.00691622
0.00943708
0.0126156
0.0165401
0.0213079
0.137515
0.131245
0.112613
0.140076
0.133625
0.0381845
0.117671
0.138732
0.135041
0.0744164
0.0698689
0.0549321
0.127952
0.137268
0.128479
0.101684
0.131877
0.0391539
0.132179
0.179341
0.0765086
0.138025
0.121536
0.0826061
0.137744
0.121277
0.13894
0.102094
0.0811821
0.135065
0.137762
0.0611453
0.116082
0.103741
0.13773
0.03051
0.110461
0.0928745
0.135412
0.120456
0.106171
0.135235
0.126934
0.0973004
0.132913
0.078115
0.110254
0.138398
0.139062
0.127426
0.140026
0.118223
0.139534
0.0939599
0.0811826
0.347162
0.12738
0.107864
0.0783231
0.124716
0.140072
0.101816
0.0894022
0.118212
0.134798
0.111729
0.123927
0.0981791
0.136298
0.106496
0.276883
0.104474
0.0743254
0.331602
0.0804708
0.0578296
0.100172
0.130755
0.0553005
0.0874138
0.12562
0.125259
0.117155
0.139959
0.128356
0.100422
0.127098
0.120345
0.282428
0.0977296
0.137932
0.139801
0.139949
0.121004
0.139869
0.0920007
0.13888
0.116172
0.136365
0.0698086
0.0805551
0.0556766
0.0737486
0.109207
0.109786
0.116915
0.135381
0.138934
0.0949411
0.128344
0.0475525
0.137764
0.1382
0.0175657
0.121709
0.142107
0.123354
0.0840849
0.0939947
0.248132
0.138924
0.0972483
0.0702061
0.119376
0.0716537
0.12135
0.105779
0.0278832
0.138689
0.10822
0.113286
0.059962
0.140003
0.128762
0.0990959
0.13642
0.0962689
0.136009
0.122883
0.12613
0.138556
0.139364
0.138435
0.126156
0.10727
0.0868515
0.113217
0.131582
0.0685647
0.103697
0.145589
0.13576
0.11626
0.138216
0.0331597
0.135305
0.118384
0.126859
0.106175
0.12892
0.0980317
0.0841114
0.104298
0.0591147
0.129173
0.309526
0.097075
0.123542
0.108675
0.0673177
0.0493029
0.1347
0.135501
0.0704068
0.0486219
0.138425
0.116046
0.0887288
0.132977
0.137465
0.122809
0.091823
0.137502
0.130104
0.139888
0.177655
0.136639
0.086263
0.138345
0.293961
0.136445
0.113626
0.0847436
0.110022
0.114849
0.0794377
0.103385
0.0727737
0.121514
0.102126
0.137187
0.120826
0.138272
0.0825833
0.106517
0.117322
0.13608
0.0862934
0.107506
0.177155
0.112633
0.11055
0.118271
0.136972
0.0917107
0.0158812
0.0707555
0.121604
0.0433831
0.0733741
0.117333
0.132537
0.129376
0.125921
0.116358
0.138632
0.0876194
0.124785
0.138188
0.0382782
0.110248
0.113932
0.128958
0.0497749
0.0897524
0.12987
0.0952689
0.101316
0.137169
0.139594
0.131198
0.0750734
0.135759
0.140035
0.11064
0.0528416
0.139929
0.117103
0.107282
0.139106
0.124683
0.120308
0.0767225
0.12686
0.125746
0.0945346
0.0435092
0.130653
0.0915946
0.101248
0.108695
0.137195
0.125164
0.105003
0.074474
0.127989
0.135839
0.137325
0.14008
0.0946341
0.126626
0.136812
0.12125
0.0668807
0.0667327
0.0977713
0.133384
0.104564
0.136884
0.0629448
0.0824949
0.0496283
0.139904
0.0713444
0.0933642
0.136308
0.128535
0.138585
0.13676
0.0265332
0.05217
0.122494
0.11975
0.111186
0.113045
0.131851
0.120934
0.140036
0.0894998
0.0584156
0.0685641
0.106841
0.0516093
0.115816
0.138007
0.138326
0.121265
0.136688
0.0726915
0.0496481
0.117843
0.0925477
0.136624
0.0426466
0.22878
0.136165
0.0339174
0.135696
0.139361
0.0778816
0.121302
0.120265
0.126058
0.138003
0.131705
0.0780463
0.135818
0.139347
0.0564085
0.134908
0.131266
0.09597
0.0539492
0.125883
0.111353
0.084968
0.0839423
0.142371
0.140456
0.135406
0.175864
0.12057
0.118822
0.263805
0.111101
0.0939769
0.135956
0.119139
0.145405
0.12777
0.136606
0.140041
0.122048
0.0361558
0.126435
0.138982
0.136868
0.138001
0.219393
0.0883591
0.102852
0.13784
0.120238
0.134152
0.0567504
0.190477
0.129609
0.110336
0.137183
0.085646
0.12851
0.0904775
0.137303
0.13952
0.0320215
0.0773207
0.0493248
0.074417
0.156593
0.0559509
0.137259
0.114763
0.131016
0.136851
0.103428
0.136738
0.0750454
0.0428389
0.0928725
0.111715
0.0708717
0.0555501
0.140018
0.125641
0.132505
0.137178
0.0875183
0.0672165
0.129873
0.0893134
0.131449
0.0625342
0.0570344
0.111743
0.136449
0.112589
0.087716
0.0389388
0.112211
0.0299102
0.0631118
0.107948
0.139927
0.136521
0.112222
0.0756947
0.0654848
0.137929
0.137928
0.139007
0.134802
0.120958
0.138387
0.111016
0.137213
0.138193
0.0931869
0.134169
0.121101
0.111668
0.135304
0.0508912
0.126796
0.0916389
0.13095
0.0866267
0.0491145
0.137297
0.0755793
0.108804
0.0842397
0.0898721
0.138207
0.116219
0.132222
0.0946643
0.139488
0.129943
0.0986103
0.122008
0.123655
0.135021
0.0560905
0.158789
0.0919505
0.0760424
0.14004
0.13389
0.0859846
0.138605
0.135691
0.109377
0.138494
0.0816621
0.0801205
0.140061
0.137192
0.0869771
0.0277714
0.105244
0.0835019
0.079979
0.131646
0.0376652
0.0689926
0.0833149
0.0755675
0.0738064
0.140082
0.119073
0.108215
0.126629
0.107092
0.0861546
0.110084
0.132086
0.134164
0.106754
0.138483
0.139001
0.0735655
0.137014
0.0534372
0.138637
0.135165
0.136114
0.120899
0.0978621
0.133493
0.117863
0.139114
0.0875496
0.13872
0.126217
0.110117
0.1396
0.110319
0.134159
0.0602746
0.134617
0.114739
0.118188
0.0975481
0.113651
0.0404191
0.0938631
0.0766685
0.138075
0.140073
0.0903752
0.262037
0.133377
0.0767504
0.128806
0.140029
0.114054
0.103875
0.0452574
0.0422829
0.0713442
0.0828684
0.118872
0.0821921
0.0628316
0.137981
0.0708845
0.135247
0.0678092
0.0869155
0.0897358
0.0302898
0.137994
0.109428
0.104471
0.0405469
0.140049
0.120583
0.0265887
0.092852
0.122248
0.127664
0.102259
0.0339135
0.135411
0.0923986
0.139266
0.138686
0.0340043
0.0686641
0.0423164
0.133533
0.132455
0.125562
0.101611
0.124444
0.139867
0.087712
0.134331
0.115025
0.0407845
0.137081
0.120226
0.125745
0.090305
0.138964
0.138431
0.026842
0.0584705
0.0871268
0.117607
0.0968565
0.117328
0.127549
0.137532
0.123754
0.13333
0.133178
0.0571678
0.141242
0.145172
0.06881
0.0750608
0.0446732
0.06993
0.137101
0.114103
0.0562034
0.111216
0.0954704
0.12841
0.0365203
0.0909653
0.108684
0.129457
0.138298
0.108584
0.118966
0.138224
0.141478
0.0937675
0.0439239
0.08316
0.207035
0.1394
0.0563743
0.138344
0.157718
0.139118
0.139016
0.0349319
0.132677
0.137579
0.0510823
0.13773
0.127211
0.0521204
0.122846
0.137605
0.257852
0.13613
0.117919
0.0473678
0.0494402
0.137925
0.0967243
0.139292
0.101282
0.0718321
0.115315
0.132892
0.123209
0.137527
0.107349
0.0887562
0.0875015
0.101818
0.0991591
0.107411
0.116146
0.0446603
0.13792
0.1364
0.0682746
0.0532734
0.138619
0.0982428
0.125294
0.0451428
0.135487
0.124276
0.140744
0.12904
0.151748
0.110817
0.130138
0.118544
0.0785031
0.0865868
0.0471382
0.125891
0.116584
0.140083
0.0794176
0.102213
0.0970653
0.342615
0.131885
0.0979481
0.0946745
0.0137275
0.0968551
0.136188
0.0686212
0.136516
0.0494688
0.119457
0.119903
0.138274
0.0751217
0.119007
0.0607613
0.114772
0.117943
0.135082
0.120689
0.074515
0.0508178
0.136671
0.0337317
0.0962059
0.129227
0.0879649
0.139185
0.14914
0.0962873
0.0767649
0.107544
0.135314
0.130954
0.139281
0.0627537
0.137668
0.139887
0.119861
0.0505115
0.121394
0.120736
0.124639
0.118763
0.126765
0.0852936
0.127288
0.0846952
0.100774
0.137529
0.0453074
0.131334
0.11589
0.138426
0.127233
0.0845802
0.133113
0.130719
0.118009
0.078099
0.276183
0.130433
0.115842
0.0819524
0.138552
0.097697
0.139636
0.10213
0.100964
0.0853476
0.0996029
0.122117
0.121279
0.0797714
0.133554
0.101111
0.106657
0.0849248
0.128152
0.140933
0.0917216
0.0975437
0.138798
0.107815
0.080708
0.10421
0.133926
0.138158
0.129581
0.0412265
0.13714
0.152091
0.138811
0.0500974
0.137112
0.134821
0.132324
0.0879208
0.0513094
0.0970322
0.042807
0.0645071
0.166073
0.0720658
0.138322
0.140014
0.0409154
0.0904087
0.0822951
0.319421
0.111156
0.117808
0.0576361
0.0984346
0.112331
0.123398
0.119748
0.114025
0.101589
0.137442
0.108461
0.111355
0.26264
0.131586
0.138767
0.0859232
0.0803893
0.123726
0.119331
0.150702
0.230423
0.116578
0.244889
0.087052
0.124839
0.0871326
0.0948064
0.0586884
0.100466
0.124947
0.0816419
0.0981447
0.0962365
0.0190429
0.0575338
0.13619
0.119641
0.0491058
0.0227564
0.137789
0.0933057
0.122849
0.133875
0.139458
0.136711
0.0767469
0.122588
0.0905855
0.0735211
0.138372
0.115349
0.141814
0.118042
0.0745847
0.122463
0.113769
0.107817
0.113502
0.138284
0.103436
0.105645
0.140009
0.115324
0.0691952
0.109537
0.138214
0.0770783
0.0948611
0.0977941
0.123397
0.138505
0.111223
0.125084
0.0825314
0.125189
0.124495
0.130098
0.139677
0.11223
0.138393
0.136322
0.135329
0.0900855
0.420504
0.0492675
0.119539
0.112911
0.138442
0.131896
0.119812
0.142254
0.0986935
0.0925231
0.0903897
0.0298657
0.0915167
0.124085
0.138406
0.119678
0.0269574
0.134628
0.137138
0.132588
0.102535
0.0409974
0.0801098
0.118104
0.118841
0.129265
0.122899
0.110424
0.125508
0.143133
0.136889
0.139029
0.130741
0.114029
0.0850637
0.0652926
0.1367
0.0224525
0.115178
0.122563
0.0691491
0.0882189
0.112264
0.13726
0.084762
0.056187
0.114404
0.137364
0.0990923
0.0929361
0.128658
0.104521
0.207948
0.136805
0.0906912
0.0333659
0.129841
0.0608584
0.137192
0.131431
0.112912
0.0971214
0.123448
0.106448
0.113867
0.0633582
0.138722
0.0969357
0.123041
0.145394
0.100406
0.0739292
0.130835
0.105502
0.0946899
0.076977
0.0924273
0.123822
0.143733
0.163086
0.126586
0.1332
0.0920271
0.129967
0.138976
0.130692
0.124004
0.0953536
0.0832938
0.120816
0.11039
0.117573
0.11649
0.052238
0.0936311
0.13945
0.13467
0.0963642
0.129678
0.103806
0.110498
0.114172
0.102654
0.120784
0.0707672
0.0527262
0.109496
0.0922111
0.334492
0.138094
0.139905
0.132067
0.339987
0.124833
0.10674
0.0602543
0.146282
0.0595273
0.138931
0.101035
0.0811207
0.129916
0.10846
0.139937
0.13542
0.0665566
0.118985
0.124164
0.0628011
0.123501
0.129064
0.0984791
0.116442
0.114483
0.0924405
0.138232
0.130757
0.0981209
0.124538
0.131424
0.12163
0.102916
0.101758
0.139906
0.0613812
0.135602
0.0708937
0.083437
0.134757
0.0785822
0.085995
0.0928957
0.132158
0.131017
0.0927337
0.0972294
0.0477366
0.0784236
0.0452391
0.0659901
0.132052
0.127889
0.0920992
0.119645
0.0839911
0.132137
0.0424981
0.109612
0.140046
0.095385
0.133449
0.139891
0.0556731
0.0529224
0.140069
0.0395435
0.108592
0.126169
0.0928727
0.138
0.133169
0.0997722
0.07131
0.0995042
0.102959
0.219457
0.138785
0.131548
0.10852
0.0153982
0.127767
0.13725
0.0375849
0.125943
0.0461366
0.107237
0.130661
0.0835191
0.118238
0.120905
0.194257
0.111852
0.104858
0.0725139
0.0883809
0.100618
0.0487483
0.133059
0.092763
0.0788972
0.138101
0.147054
0.0814718
0.0899218
0.137236
0.125126
0.0531406
0.13221
0.0991082
0.121426
0.0564584
0.0328525
0.0436194
0.134973
0.138794
0.138934
0.124213
0.134953
0.119609
0.13239
0.119573
0.105938
0.117772
0.0932707
0.137347
0.095921
0.0809211
0.127241
0.0504984
0.124464
0.0600248
0.136446
0.0791621
0.0691749
0.103306
0.10272
0.026006
0.11909
0.126502
0.0925754
0.10344
0.0916043
0.331263
0.0963809
0.0720964
0.107486
0.134828
0.0929168
0.127526
0.0693604
0.0467849
0.0855304
0.0269549
0.138471
0.138226
0.0853048
0.128769
0.120964
0.126952
0.110194
0.078876
0.106804
0.194399
0.0899302
0.134777
0.134921
0.0491945
0.204147
0.116985
0.114446
0.0647588
0.120258
0.139276
0.0758453
0.140054
0.0701968
0.0855546
0.0803665
0.139104
0.0650256
0.0725215
0.13581
0.0244778
0.0704635
0.0725719
0.137772
0.138947
0.0980938
0.0403744
0.112074
0.135573
0.0787989
0.048989
0.112849
0.103286
0.116049
0.0927583
0.0917007
0.138061
0.0602726
0.132222
0.112342
0.0821064
0.0284241
0.136424
0.127707
0.10428
0.0772894
0.0453636
0.131289
0.126208
0.206498
0.0905904
0.0988034
0.0763744
0.118683
0.0796992
0.136259
0.136277
0.133566
0.104767
0.136584
0.128276
0.129325
0.124286
0.138673
0.118164
0.0960264
0.0871239
0.129526
0.0337124
0.113748
0.138189
0.120007
0.105646
0.0983012
0.0980121
0.11393
0.121864
0.0440505
0.05396
0.0627447
0.332199
0.0819553
0.103456
0.136676
0.110894
0.133065
0.117932
0.13156
0.0948664
0.137576
0.139948
0.0309957
0.113284
0.0825302
0.116199
0.130638
0.154775
0.0966537
0.0995789
0.119589
0.137032
0.13808
0.095612
0.0894552
0.121096
0.0706555
0.0648086
0.135924
0.110716
0.0749137
0.0442622
0.139422
0.137891
0.136684
0.114791
0.0982267
0.240182
0.07184
0.12756
0.137555
0.1355
0.137581
0.1116
0.341727
0.137113
0.136533
0.0911638
0.150461
0.124643
0.140069
0.0460661
0.117406
0.122573
0.0653658
0.431228
0.137815
0.0418309
0.129977
0.0863322
0.0976677
0.0480248
0.0704489
0.0357059
0.150787
0.123165
0.138066
0.0803246
0.12543
0.13715
0.307212
0.0964174
0.0794756
0.0877441
0.139336
0.0758222
0.113764
0.0500082
0.126478
0.136635
0.133955
0.0990309
0.11884
0.136583
0.112876
0.0631268
0.0434744
0.114465
0.0465709
0.140043
0.139802
0.137062
0.132487
0.0541294
0.136859
0.0897412
0.0377632
0.131203
0.132982
0.0325769
0.0980631
0.132611
0.133557
0.13563
0.137112
0.082765
0.13651
0.0418092
0.0652717
0.104989
0.1398
0.0109121
0.0563904
0.103166
0.123239
0.101624
0.0949557
0.139857
0.0350894
0.110535
0.107488
0.106316
0.125925
0.0879461
0.0770065
0.132168
0.113442
0.138754
0.0328685
0.129304
0.087748
0.121555
0.129312
0.10345
0.125892
0.138848
0.0699188
0.135521
0.0196188
0.0555308
0.13988
0.118146
0.0741888
0.132205
0.139518
0.108919
0.133677
0.0940827
0.139362
0.0925064
0.0846769
0.137246
0.147115
0.135511
0.0974938
0.0485803
0.101219
0.133123
0.0907531
0.138585
0.0980739
0.168183
0.134545
0.138762
0.125267
0.0766526
0.0822606
0.114432
0.173451
0.0971619
0.0920957
0.0977295
0.0899609
0.137311
0.0344065
0.0582644
0.0960859
0.13881
0.107317
0.133967
0.100071
0.134429
0.139816
0.145002
0.117747
0.153215
0.13992
0.129862
0.120953
0.0891917
0.0984159
0.140038
0.127559
0.0712412
0.166575
0.0763331
0.141566
0.103926
0.113877
0.120765
0.130196
0.124412
0.0273237
0.136671
0.0820928
0.134849
0.104013
0.132646
0.129519
0.141971
0.141032
0.136717
0.133816
0.1283
0.132008
0.119201
0.101828
0.123592
0.13663
0.0268082
0.135905
0.0825489
0.132766
0.110375
0.11094
0.139334
0.139651
0.0775233
0.138303
0.0729746
0.11014
0.134424
0.100196
0.0619185
0.0818129
0.134099
0.079171
0.0550091
0.123157
0.10079
0.122325
0.1185
0.123692
0.113322
0.128887
0.138721
0.041483
0.125871
0.138892
0.13437
0.137113
0.138476
0.0301905
0.136824
0.13953
0.0561113
0.114498
0.135695
0.0735558
0.0581372
0.116922
0.0367902
0.127228
0.0680849
0.118403
0.0581971
0.0611881
0.134591
0.0952312
0.111792
0.110215
0.0780589
0.0672055
0.11976
0.0858497
0.102111
0.138527
0.0945149
0.126098
0.128239
0.0984029
0.136885
0.0830507
0.103559
0.133845
0.055519
0.079175
0.0635782
0.129276
0.0953156
0.0660236
0.0801406
0.129514
0.14005
0.13636
0.0937208
0.13812
0.106262
0.068987
0.133242
0.125276
0.0234118
0.114746
0.133046
0.124332
0.136931
0.138043
0.0680604
0.104113
0.126549
0.0997683
0.138024
0.124057
0.0701905
0.0662137
0.134482
0.0968228
0.0864814
0.0623333
0.138129
0.139846
0.117596
0.133593
0.0724464
0.0600242
0.0626439
0.123368
0.11133
0.0686687
0.100215
0.102914
0.126015
0.0449797
0.137834
0.0947185
0.210723
0.136104
0.0806441
0.137649
0.129726
0.134541
0.0291075
0.0330862
0.117503
0.139799
0.0860315
0.0368945
0.12764
0.107013
0.140001
0.0686169
0.132214
0.093768
0.0397741
0.141952
0.131198
0.137446
0.266251
0.12681
0.0851513
0.130937
0.0628662
0.128657
0.091501
0.100229
0.0864626
0.0966589
0.135733
0.130804
0.0718801
0.0779557
0.0841047
0.0273051
0.0948622
0.139482
0.138101
0.08667
0.0672976
0.0507714
0.114863
0.0693838
0.138531
0.131963
0.0816782
0.14
0.129096
0.0947293
0.137492
0.139843
0.116322
0.125944
0.13776
0.0347779
0.139621
0.0753019
0.0597453
0.112431
0.27702
0.125862
0.100114
0.138316
0.127954
0.139557
0.121732
0.0790554
0.132046
0.118223
0.137757
0.13379
0.13894
0.112606
0.0774877
0.129476
0.136996
0.0624904
0.0874011
0.0960687
0.0974686
0.0365335
0.139583
0.144108
0.131338
0.0555157
0.0394343
0.137761
0.0919829
0.0654593
0.136809
0.0965792
0.140069
0.139246
0.13748
0.122052
0.116679
0.136055
0.138415
0.139102
0.138475
0.129737
0.117218
0.12269
0.0260808
0.13054
0.114073
0.0611011
0.136374
0.130857
0.129468
0.172677
0.0729181
0.121001
0.115843
0.14006
0.132316
0.12478
0.133333
0.0847612
0.104842
0.139408
0.0623065
0.0955992
0.0878456
0.131912
0.134521
0.105193
0.103403
0.0423879
0.0639165
0.138393
0.139704
0.1398
0.134063
0.0404203
0.088927
0.0783696
0.0777359
0.120437
0.0976147
0.126799
0.0856457
0.133133
0.137835
0.135854
0.0952423
0.129155
0.133213
0.137715
0.136658
0.102928
0.119065
0.137521
0.0701251
0.0974306
0.0969009
0.0330494
0.125967
0.121337
0.116245
0.0280862
0.139893
0.0338144
0.123874
0.128812
0.0666981
0.0908449
0.118371
0.113906
0.114663
0.130156
0.187966
0.112349
0.139716
0.100891
0.0866935
0.133842
0.0737228
0.133704
0.0943025
0.0987956
0.138188
0.137722
0.0770807
0.109238
0.117005
0.0479417
0.120036
0.138777
0.107241
0.138294
0.139437
0.134896
0.139856
0.117513
0.120843
0.0443794
0.134137
0.136853
0.0933564
0.125309
0.049729
0.135519
0.136654
0.0991472
0.139366
0.138663
0.0646572
0.140012
0.0514859
0.0737705
0.0928641
0.130479
0.0872346
0.137595
0.140056
0.111212
0.125738
0.103341
0.112579
0.202533
0.135361
0.118465
0.134894
0.13778
0.136676
0.0368888
0.0271494
0.107979
0.108061
0.0734784
0.120438
0.137058
0.138321
0.0370967
0.137364
0.145446
0.131433
0.13482
0.0749497
0.0328561
0.0950262
0.0446892
0.131344
0.0399097
0.0852526
0.116633
0.135315
0.211879
0.0943633
0.116293
0.104741
0.35423
0.1366
0.110039
0.0684977
0.0809389
0.041354
0.140015
0.0971233
0.0857453
0.126894
0.0897187
0.089005
0.0633912
0.0310573
0.0879862
0.105225
0.0269806
0.0709663
0.095308
0.138228
0.112946
0.135652
0.0469354
0.0779747
0.115706
0.137856
0.0499036
0.10706
0.0799203
0.10708
0.140082
0.12976
0.126361
0.123425
0.106777
0.0359307
0.127209
0.136602
0.120894
0.13495
0.0786479
0.110184
0.140058
0.0970891
0.0776103
0.107052
0.0729707
0.0738507
0.141157
0.129352
0.113591
0.0924741
0.138466
0.133577
0.105323
0.0441709
0.0269722
0.0265811
0.0935278
0.0932605
0.0298952
0.102144
0.133936
0.0551921
0.112393
0.12302
0.106874
0.0653852
0.112447
0.137251
0.0988967
0.0369874
0.0840894
0.0623651
0.0541402
0.136907
0.0795713
0.121531
0.0677267
0.0875226
0.122122
0.10823
0.106153
0.357883
0.134769
0.0452138
0.0891162
0.0268612
0.0469683
0.123896
0.080126
0.082285
0.032069
0.0792768
0.133496
0.137707
0.118929
0.075436
0.137055
0.138089
0.122862
0.105128
0.0458589
0.1393
0.139191
0.0807159
0.0270851
0.139977
0.125096
0.0399708
0.0500489
0.0603766
0.13737
0.138592
0.0683588
0.0758831
0.02599
0.125995
0.045775
0.126274
0.137881
0.101366
0.0621632
0.0275058
0.0915661
0.0484434
0.0998389
0.0261693
0.0282497
0.126728
0.0931997
0.0923248
0.0912892
0.354073
0.0569596
0.139846
0.13723
0.113613
0.137514
0.13221
0.111728
0.0726543
0.106716
0.112305
0.0788201
0.127434
0.139189
0.332675
0.0810725
0.050626
0.127365
0.339735
0.107665
0.0544165
0.139412
0.0863135
0.124189
0.103851
0.0719269
0.130413
0.126984
0.134869
0.11999
0.137066
0.0996387
0.0309538
0.0177028
0.0584206
0.0845124
0.0387579
0.0507293
0.136694
0.0297875
0.0596855
0.191062
0.0590102
0.130442
0.139607
0.135223
0.112432
0.135791
0.111174
0.108067
0.0756313
0.138538
0.0996707
0.134881
0.15524
0.0694703
0.118234
0.0979621
0.0819695
0.138805
0.127011
0.330382
0.137707
0.0457302
0.133938
0.124548
0.075452
0.110457
0.0371112
0.104973
0.0965098
0.037239
0.12705
0.0807055
0.140041
0.135273
0.0973538
0.133824
0.07068
0.125655
0.0423206
0.0857291
0.110528
0.0880714
0.0897186
0.101591
0.0859389
0.131634
0.0513512
0.133182
0.136995
0.0820288
0.133332
0.139012
0.111262
0.112131
0.104253
0.107655
0.103854
0.049331
0.13289
0.123411
0.0892217
0.13506
0.126376
0.110318
0.0443053
0.108782
0.096759
0.0461962
0.0907557
0.0317586
0.0271281
0.137208
0.140053
0.119021
0.0899053
0.09108
0.0286513
0.0778998
0.147561
0.0685256
0.360234
0.0530304
0.0704711
0.140087
0.0295664
0.140034
0.129128
0.0815229
0.130655
0.107735
0.0963148
0.0875113
0.0324729
0.109505
0.105195
0.135318
0.0400293
0.115852
0.136925
0.0960941
0.122524
0.0327083
0.0742949
0.0649797
0.0361622
0.139977
0.118193
0.13537
0.139315
0.123739
0.0854711
0.0781159
0.0796323
0.106201
0.100575
0.135462
0.125141
0.0809818
0.139494
0.0932845
0.097325
0.139543
0.0659365
0.0673495
0.0747653
0.120394
0.0929844
0.127549
0.140011
0.156594
0.124661
0.0427317
0.119124
0.103674
0.0697433
0.0560225
0.133688
0.118315
0.138262
0.13184
0.0707566
0.140061
0.0591762
0.0919391
0.0303193
0.0702704
0.125812
0.0526497
0.140068
0.032418
0.138105
0.138955
0.126657
0.0947342
0.0386625
0.0956564
0.081607
0.122154
0.0713041
0.135865
0.122426
0.136864
0.137975
0.0952712
0.202107
0.119977
0.0319978
0.116343
0.133625
0.0775721
0.0137487
0.137394
0.0979364
0.0666855
0.139524
0.138572
0.110268
0.137095
0.0549461
0.123047
0.127065
0.0765236
0.116509
0.0680415
0.0843464
0.0927798
0.0291613
0.0982077
0.0957587
0.0726337
0.344256
0.0327169
0.0313576
0.0903879
0.137412
0.0864826
0.137632
0.103129
0.131265
0.0893212
0.0455424
0.133846
0.117104
0.106816
0.128738
0.0439164
0.13394
0.0511514
0.140555
0.137517
0.0816453
0.0449014
0.25939
0.0857106
0.0817195
0.104945
0.132052
0.116809
0.0912972
0.0993633
0.053867
0.128221
0.0893112
0.0608847
0.108282
0.137185
0.137416
0.0315277
0.0929291
0.13852
0.100996
0.11738
0.0778581
0.126818
0.0612144
0.0802766
0.129983
0.136655
0.11552
0.0907686
0.113062
0.0907925
0.120712
0.101499
0.101419
0.100965
0.0970538
0.104673
0.138044
0.0293094
0.140006
0.116408
0.137737
0.130086
0.0765267
0.131223
0.134816
0.0875984
0.121203
0.124047
0.116166
0.132712
0.098109
0.0732048
0.138163
0.130864
0.125239
0.125017
0.0833448
0.134647
0.0823835
0.0998472
0.140044
0.120036
0.093578
0.130502
0.129967
0.0974614
0.110166
0.138622
0.0872343
0.13895
0.136578
0.0890686
0.379547
0.0873033
0.0531959
0.0731322
0.107468
0.0324053
0.0327588
0.0456568
0.140075
0.119427
0.122623
0.086986
0.137628
0.0970611
0.0636099
0.0355386
0.0422277
0.0520517
0.11794
0.0508934
0.139805
0.103475
0.139305
0.0387625
0.0717777
0.113666
0.134346
0.107881
0.0340954
0.0338354
0.0844281
0.105646
0.269305
0.0655594
0.123278
0.0952141
0.140021
0.0964836
0.0968075
0.0439653
0.0763271
0.0764149
0.0867279
0.132118
0.0149403
0.10387
0.119494
0.0344403
0.150595
0.100469
0.138657
0.0961569
0.137649
0.0795483
0.1001
0.131726
0.101032
0.137986
0.0688503
0.139721
0.0291563
0.103697
0.109734
0.0450833
0.0267126
0.0690733
0.114317
0.103765
0.139997
0.125986
0.0968313
0.158425
0.168484
0.135944
0.117371
0.101086
0.0528329
0.112585
0.0743215
0.138913
0.103778
0.136805
0.136092
0.0873907
0.0483091
0.158031
0.13832
0.0845836
0.132265
0.0330234
0.0160077
0.0646286
0.137517
0.0960701
0.0557838
0.0780486
0.110727
0.136142
0.0962226
0.100558
0.0709593
0.100643
0.131979
0.116023
0.025546
0.0878254
0.128356
0.12562
0.0913069
0.0860586
0.11627
0.0785654
0.135798
0.067646
0.139128
0.0385242
0.139131
0.069605
0.13791
0.116344
0.0902205
0.100148
0.0630233
0.0564755
0.0903236
0.134726
0.108279
0.125004
0.0575701
0.140056
0.162028
0.121991
0.121998
0.140035
0.0818189
0.138878
0.138505
0.218413
0.13784
0.138242
0.058158
0.139611
0.0985645
0.0707931
0.115312
0.135293
0.140044
0.090522
0.103764
0.0938925
0.0793209
0.0978452
0.137454
0.130495
0.210697
0.0314256
0.158979
0.137684
0.0849249
0.110447
0.137872
0.111676
0.137376
0.0974768
0.0318414
0.0906366
0.307511
0.133073
0.137616
0.139517
0.139969
0.136692
0.138262
0.0682884
0.138541
0.0599498
0.0839523
0.0387775
0.0907289
0.130209
0.115035
0.102367
0.0940741
0.0845268
0.119599
0.129888
0.105157
0.0755962
0.0302761
0.0516828
0.136581
0.338789
0.140084
0.13752
0.0982319
0.0706343
0.135426
0.086907
0.124513
0.118856
0.0935403
0.13038
0.0425438
0.187603
0.0886363
0.079783
0.138404
0.14001
0.0715735
0.107559
0.109956
0.119555
0.0371536
0.029621
0.108292
0.129151
0.139747
0.127638
0.134707
0.137288
0.116397
0.033043
0.0767942
0.0610555
0.132771
0.137224
0.0874139
0.138745
0.039328
0.117861
0.151781
0.105364
0.137056
0.112262
0.0979465
0.244591
0.137829
0.13856
0.103347
0.131331
0.013301
0.108078
0.142879
0.0839205
0.123722
0.0159665
0.0876711
0.0992972
0.0684446
0.147162
0.123058
0.0893345
0.135986
0.0720996
0.0993856
0.0592856
0.066339
0.135298
0.0392253
0.0534901
0.0589176
0.0809115
0.0634361
0.109162
0.0950114
0.132735
0.139747
0.0680171
0.0887002
0.137927
0.108793
0.132199
0.132198
0.0437041
0.027489
0.0722905
0.0523564
0.0926119
0.138234
0.16644
0.138434
0.0611582
0.10401
0.14404
0.138906
0.104545
0.132033
0.139563
0.0293766
0.0698365
0.136082
0.0758037
0.0644699
0.0793336
0.138747
0.109723
0.0475553
0.0622791
0.074594
0.0640669
0.126156
0.10139
0.0685183
0.128168
0.120473
0.128809
0.135072
0.158577
0.0520633
0.140011
0.129108
0.0871081
0.0627508
0.13914
0.0923363
0.12414
0.0683629
0.0905582
0.08463
0.132718
0.094821
0.12351
0.129432
0.134464
0.0993093
0.0137792
0.11063
0.139755
0.0694233
0.114436
0.0816612
0.116812
0.130417
0.136672
0.0981281
0.0826745
0.0629412
0.100331
0.134527
0.109711
0.138362
0.139015
0.0983858
0.138923
0.130664
0.0805608
0.11992
0.0441962
0.0935221
0.138385
0.046894
0.120513
0.0529921
0.121914
0.130374
0.139021
0.13616
0.13381
0.128858
0.131294
0.133907
0.131073
0.0713557
0.13994
0.113641
0.0613421
0.137043
0.114864
0.104103
0.0361437
0.138965
0.104843
0.126197
0.128796
0.1361
0.137137
0.125128
0.133319
0.11504
0.0498618
0.0652047
0.099169
0.0792905
0.100373
0.0673919
0.139825
0.0630963
0.130255
0.131296
0.0906176
0.0588806
0.0346379
0.0509768
0.0865495
0.138877
0.077427
0.113857
0.0266022
0.131011
0.201783
0.137823
0.11296
0.0806451
0.0372286
0.0578909
0.0835193
0.0592002
0.119285
0.0358239
0.0832781
0.0706061
0.0377929
0.108242
0.0795871
0.11317
0.0532168
0.12313
0.043888
0.137138
0.118154
0.0533967
0.0408769
0.131359
0.110271
0.139916
0.0543954
0.148039
0.136956
0.138989
0.0248339
0.0904669
0.125425
0.138903
0.137691
0.0350321
0.105673
0.114001
0.019123
0.101257
0.126368
0.139139
0.139915
0.12906
0.0329848
0.128875
0.10688
0.060705
0.126827
0.053306
0.0979089
0.13021
0.13509
0.0701913
0.0327232
0.115886
0.0406513
0.127709
0.137816
0.0941971
0.11271
0.0337182
0.118958
0.114338
0.0681329
0.0653479
0.137565
0.0930176
0.12817
0.151577
0.0586991
0.128409
0.128631
0.135174
0.0953604
0.169088
0.0840909
0.0661841
0.0688543
0.0635092
0.138512
0.0574494
0.103822
0.0922114
0.0631205
0.0968644
0.0819758
0.13925
0.137503
0.00986052
0.137839
0.137551
0.145871
0.130814
0.201883
0.137632
0.0572609
0.106386
0.134324
0.0671376
0.0962558
0.0830421
0.051116
0.139035
0.133839
0.111418
0.139155
0.113737
0.0993554
0.134808
0.12492
0.114671
0.0685246
0.0856013
0.0922015
0.0819323
0.138831
0.138669
0.206819
0.100271
0.139735
0.0575928
0.140027
0.13749
0.100847
0.137595
0.0951269
0.136552
0.022249
0.130775
0.0496979
0.0922132
0.0883362
0.139228
0.0497518
0.0772027
0.116139
0.119543
0.131383
0.14002
0.139252
0.0382857
0.132784
0.134415
0.0747245
0.0993288
0.0834685
0.0388569
0.132205
0.0644766
0.138698
0.0346526
0.217341
0.129442
0.0939121
0.0589449
0.0615942
0.0841968
0.0943774
0.0326018
0.0540596
0.0567592
0.102015
0.0693069
0.091966
0.139542
0.118866
0.0386436
0.13569
0.0800844
0.0991327
0.035804
0.0936989
0.136636
0.193726
0.115883
0.0948148
0.143432
0.0887132
0.133971
0.130193
0.116253
0.13606
0.135504
0.0613179
0.129377
0.126658
0.0939898
0.12693
0.107204
0.0761432
0.116176
0.115718
0.12591
0.111629
0.136181
0.127795
0.134721
0.118361
0.0787941
0.130907
0.131891
0.0597388
0.0477752
0.103668
0.0942958
0.107172
0.13918
0.0623943
0.111598
0.132698
0.100835
0.0812152
0.13802
0.122943
0.088605
0.137539
0.0924285
0.109592
0.136987
0.138545
0.230914
0.138318
0.0217781
0.102803
0.219311
0.115883
0.111568
0.127397
0.0256127
0.137574
0.139212
0.0849403
0.0947728
0.0949628
0.134425
0.139036
0.107824
0.0556262
0.135624
0.0666941
0.0699406
0.139612
0.100074
0.0744157
0.0495976
0.113613
0.0686575
0.133444
0.123223
0.114953
0.138903
0.139418
0.119688
0.125441
0.0318401
0.0949835
0.0596425
0.0904178
0.0900911
0.1149
0.0769677
0.0335108
0.0459508
0.13879
0.0243309
0.116869
0.138486
0.136897
0.137303
0.138647
0.139963
0.0539821
0.113209
0.0971158
0.0686216
0.113752
0.370277
0.123876
0.0616166
0.137401
0.0242819
0.0851052
0.11616
0.139409
0.140039
0.104046
0.0400077
0.139524
0.0799418
0.105879
0.090148
0.116461
0.0981792
0.0860178
0.138793
0.0096215
0.333112
0.268046
0.088825
0.117657
0.0481862
0.0638657
0.109745
0.138514
0.0841525
0.109337
0.11616
0.0907153
0.0821778
0.116322
0.0462465
0.0916265
0.144623
0.0644083
0.0945073
0.139606
0.0134113
0.133101
0.0636368
0.0634703
0.129637
0.0805688
0.103107
0.0409415
0.13472
0.117353
0.137249
0.135438
0.132485
0.137635
0.139934
0.0750772
0.138565
0.058616
0.138001
0.138369
0.0947196
0.0988499
0.0155574
0.243319
0.139619
0.138718
0.132885
0.137948
0.130466
0.0783631
0.0335543
0.109327
0.0956698
0.113793
0.134737
0.0338884
0.0984982
0.126162
0.0984716
0.12787
0.0845944
0.129946
0.138884
0.0998629
0.046743
0.0352272
0.0453925
0.135261
0.0624354
0.0726869
0.056638
0.0370858
0.151527
0.0586313
0.0791038
0.0537535
0.139193
0.0922956
0.0906666
0.090495
0.128344
0.0786771
0.0599229
0.0807105
0.0937354
0.137503
0.0728883
0.0408753
0.0622497
0.126817
0.0935138
0.139561
0.100238
0.132135
0.100847
0.312481
0.136355
0.0796788
0.0942381
0.0279899
0.070092
0.134698
0.139095
0.393348
0.0185077
0.0804668
0.134387
0.0717264
0.128227
0.112188
0.136679
0.0509091
0.137786
0.107419
0.128292
0.137959
0.201023
0.137155
0.135582
0.0986692
0.0868772
0.0631968
0.137727
0.0959748
0.127404
0.112366
0.131725
0.0753625
0.140047
0.272525
0.122932
0.150954
0.0612567
0.0757437
0.0490652
0.0320953
0.0964795
0.101805
0.0711508
0.139936
0.0724616
0.0301255
0.0512155
0.0962862
0.0738576
0.0431923
0.0979248
0.128061
0.139236
0.0853244
0.0875507
0.0182019
0.137918
0.112396
0.0238338
0.139713
0.104755
0.136793
0.11693
0.138696
0.0974604
0.104407
0.109072
0.0901827
0.129274
0.043316
0.0997681
0.120596
0.137332
0.138198
0.106701
0.136615
0.0854511
0.138308
0.137764
0.10861
0.0817436
0.106307
0.138965
0.11672
0.082415
0.135735
0.131928
0.129384
0.140007
0.0151866
0.121852
0.128785
0.13596
0.138331
0.0926027
0.0961223
0.122684
0.0993096
0.102148
0.13798
0.128085
0.146326
0.0854542
0.331678
0.118601
0.112687
0.111349
0.0897553
0.132192
0.0111112
0.139992
0.130593
0.114982
0.0648904
0.0964698
0.10229
0.0769152
0.140007
0.0926021
0.0990125
0.121121
0.0976896
0.139223
0.139728
0.0858862
0.137565
0.0978941
0.360595
0.0961226
0.129544
0.126373
0.138287
0.316808
0.138473
0.138483
0.0481158
0.129914
0.123858
0.102314
0.138732
0.0568901
0.0767314
0.138381
0.131847
0.10989
0.0262047
0.138995
0.0823502
0.0628571
0.139631
0.160133
0.134137
0.109893
0.0960102
0.0662706
0.100203
0.102967
0.113792
0.0861589
0.0944045
0.110319
0.138821
0.122297
0.108311
0.139882
0.0636717
0.0815503
0.0349748
0.0216285
0.139998
0.105754
0.42008
0.0684388
0.118123
0.134257
0.0930141
0.138881
0.108528
0.0757564
0.143422
0.0475745
0.136158
0.101353
0.132499
0.0390055
0.139082
0.13819
0.131128
0.0879648
0.136541
0.140034
0.137586
0.0976418
0.139957
0.0997763
0.0799721
0.0793658
0.082102
0.0632815
0.139831
0.0926366
0.110367
0.139747
0.13554
0.0800698
0.104002
0.140062
0.118223
0.101885
0.134743
0.0956739
0.123955
0.133826
0.132449
0.05441
0.136265
0.0983098
0.05505
0.14447
0.139335
0.123182
0.137491
0.100099
0.112086
0.0686743
0.104912
0.0656059
0.13989
0.0995023
0.135696
0.137174
0.0483033
0.070045
0.135071
0.128106
0.0295975
0.0267275
0.107923
0.0893058
0.103862
0.122873
0.0997271
0.138331
0.136132
0.0986312
0.139726
0.121102
0.0588659
0.1378
0.138032
0.0477197
0.13842
0.139534
0.0268803
0.133911
0.13809
0.136618
0.150695
0.0651547
0.132189
0.094013
0.0458678
0.0525032
0.137138
0.0931169
0.0969323
0.109589
0.13613
0.134489
0.12172
0.0900755
0.113291
0.132801
0.104734
0.135731
0.137489
0.123424
0.0131304
0.0973834
0.100608
0.100424
0.13996
0.0523135
0.13944
0.135155
0.0356776
0.137353
0.102673
0.133671
0.108735
0.120745
0.130996
0.140843
0.175864
0.140061
0.100108
0.0739957
0.114806
0.136983
0.123985
0.128024
0.00923147
0.141866
0.121096
0.0787313
0.0732418
0.0940772
0.140051
0.118174
0.0734626
0.122645
0.0637482
0.097712
0.129298
0.136749
0.0855392
0.0574021
0.128837
0.0666487
0.0385011
0.0957273
0.133333
0.091431
0.0694544
0.109026
0.0797057
0.0572791
0.0886112
0.0549988
0.114063
0.0589269
0.132693
0.135988
0.138084
0.124648
0.100393
0.138172
0.0428033
0.134172
0.02865
0.109027
0.0905615
0.0571156
0.130972
0.0309216
0.114124
0.0756648
0.0691492
0.0552014
0.144366
0.154095
0.125716
0.137685
0.021473
0.0609266
0.0749244
0.0958375
0.120801
0.240372
0.103087
0.138507
0.22467
0.0774389
0.370982
0.0504037
0.0787475
0.105454
0.138587
0.0519844
0.139956
0.124519
0.122702
0.090847
0.0352311
0.120167
0.0979586
0.028733
0.0379826
0.0877215
0.112612
0.125309
0.137417
0.0617262
0.139818
0.134075
0.105654
0.0385804
0.107574
0.0948381
0.125151
0.139977
0.0949508
0.105777
0.0828337
0.108621
0.0356345
0.105208
0.116537
0.13648
0.111833
0.137327
0.0992555
0.0728916
0.0707438
0.0262405
0.138868
0.0437187
0.0502232
0.139492
0.139758
0.0864419
0.0759512
0.109261
0.0704817
0.0512704
0.118492
0.117015
0.0468133
0.10867
0.0711927
0.102427
0.0559999
0.102663
0.110696
0.139743
0.0805055
0.133789
0.122162
0.120181
0.135296
0.13264
0.041725
0.13781
0.0533775
0.070023
0.128994
0.1384
0.136628
0.140198
0.102767
0.119797
0.0576189
0.110525
0.0949436
0.135548
0.137096
0.0924278
0.0713087
0.0746372
0.092467
0.139543
0.135661
0.110327
0.139236
0.111166
0.0722051
0.138255
0.0703485
0.138546
0.120707
0.0311608
0.138059
0.138221
0.0881796
0.141087
0.128046
0.0907608
0.128038
0.139531
0.0152259
0.107723
0.0905192
0.10503
0.138646
0.0981026
0.101676
0.113321
0.0452957
0.103376
0.0474749
0.0864092
0.0356082
0.117905
0.0749184
0.0857771
0.134149
0.136013
0.0478078
0.0109665
0.078887
0.115696
0.0925291
0.0990703
0.0620488
0.124226
0.1386
0.139993
0.132673
0.129274
0.140078
0.139544
0.120401
0.0685728
0.100031
0.106995
0.121789
0.136643
0.112412
0.0644544
0.137038
0.110834
0.133061
0.0974384
0.145584
0.0498689
0.132049
0.0731188
0.142154
0.136581
0.13525
0.053794
0.105108
0.138268
0.0540577
0.130739
0.128865
0.120269
0.123101
0.0688824
0.0975988
0.12261
0.12335
0.107161
0.103846
0.101891
0.12692
0.131822
0.0268877
0.138541
0.126851
0.104703
0.0973257
0.110455
0.0603962
0.139146
0.0618062
0.124139
0.136057
0.0592124
0.134125
0.0944693
0.113298
0.0334264
0.0909935
0.137427
0.0733065
0.0630352
0.0824561
0.0875432
0.0854044
0.137143
0.148346
0.136375
0.0966769
0.101026
0.134197
0.140732
0.127485
0.142584
0.134576
0.0793344
0.0997438
0.138221
0.102223
0.0642601
0.1387
0.105772
0.113647
0.135914
0.134617
0.0727702
0.34629
0.0406506
0.10249
0.122447
0.0423699
0.0943723
0.138667
0.134108
0.119436
0.0398422
0.109083
0.0850989
0.134077
0.124298
0.138991
0.140485
0.0403782
0.124005
0.13746
0.0925383
0.140057
0.107484
0.133861
0.101836
0.0418337
0.141027
0.108689
0.0884421
0.129716
0.138843
0.11821
0.131514
0.0985962
0.132802
0.101311
0.138098
0.107974
0.116284
0.123678
0.0769502
0.0883966
0.111076
0.0650451
0.12301
0.101831
0.10419
0.137835
0.100422
0.0777453
0.138166
0.0685262
0.0291534
0.136508
0.0736875
0.106644
0.178866
0.0896889
0.0789441
0.139944
0.0898064
0.130481
0.0926309
0.0265084
0.0571051
0.131488
0.139908
0.101298
0.126502
0.13878
0.104824
0.118834
0.0912192
0.0963965
0.0667469
0.131626
0.137354
0.101914
0.111206
0.100391
0.0671694
0.122099
0.0502009
0.0873085
0.136747
0.12522
0.10953
0.108089
0.139397
0.139344
0.12703
0.120518
0.273125
0.10818
0.1383
0.121622
0.142815
0.136714
0.0940736
0.0606775
0.0439188
0.0949701
0.106236
0.130109
0.104371
0.120188
0.069084
0.114681
0.125319
0.0928953
0.0808379
0.0781895
0.089599
0.135437
0.137207
0.130144
0.103489
0.0894588
0.117946
0.128272
0.117141
0.139438
0.072679
0.140074
0.13912
0.119817
0.110229
0.118624
0.0551555
0.176352
0.083044
0.100674
0.139791
0.139967
0.133436
0.137314
0.0902546
0.133726
0.0886819
0.100601
0.0914899
0.136552
0.108832
0.0890537
0.093543
0.0715145
0.137664
0.397124
0.0838745
0.1299
0.0777521
0.131314
0.124898
0.137201
0.136783
0.138195
0.132798
0.114735
0.135332
0.0918332
0.135781
0.0932014
0.132877
0.128628
0.136958
0.139705
0.129181
0.138743
0.1392
0.07218
0.0843629
0.0612996
0.0712495
0.157744
0.135698
0.138839
0.052158
0.138203
0.0490521
0.136136
0.141301
0.0812142
0.129827
0.0886076
0.132948
0.139182
0.132423
0.0557311
0.143042
0.0239993
0.137438
0.0614488
0.0144778
0.0862203
0.128058
0.143879
0.125396
0.100583
0.021397
0.083564
0.0584195
0.138343
0.146009
0.101751
0.13589
0.137177
0.1334
0.138643
0.129212
0.0776523
0.13936
0.137357
0.0851695
0.106678
0.130542
0.113443
0.0645017
0.10522
0.091298
0.0822315
0.109829
0.0716334
0.137297
0.134905
0.137043
0.0771064
0.139441
0.137746
0.136526
0.0773698
0.0995648
0.183236
0.0989145
0.0977322
0.0873725
0.130929
0.134944
0.0221227
0.125674
0.0686184
0.0100741
0.108914
0.0696731
0.139687
0.136218
0.0677295
0.127442
0.0276877
0.136609
0.100025
0.139021
0.0958344
0.100833
0.136275
0.099621
0.13804
0.112447
0.0381727
0.139681
0.137342
0.0961194
0.138822
0.126325
0.0962197
0.0828696
0.0651687
0.106848
0.10443
0.111609
0.13881
0.0960593
0.101354
0.139995
0.0960792
0.133661
0.130502
0.115278
0.0394638
0.138372
0.0616611
0.138832
0.0436322
0.0380077
0.127645
0.136163
0.102282
0.0996504
0.139331
0.0419617
0.0335377
0.139001
0.105014
0.0680992
0.134907
0.115022
0.0524267
0.125154
0.0562506
0.130057
0.131161
0.111332
0.0946947
0.0975081
0.101846
0.0992524
0.127829
0.071258
0.119275
0.133002
0.0669647
0.127822
0.130356
0.067941
0.136914
0.114336
0.110025
0.073933
0.128494
0.0920535
0.0752138
0.102324
0.137395
0.0871222
0.0648326
0.139259
0.0984418
0.0429625
0.0597935
0.133552
0.0703698
0.08457
0.0917077
0.139781
0.106316
0.139337
0.143685
0.0837502
0.137001
0.10123
0.137977
0.140017
0.130927
0.13098
0.125615
0.128157
0.0383369
0.13842
0.0840359
0.0930447
0.105948
0.0999953
0.131599
0.0758952
0.130416
0.137009
0.141529
0.0694837
0.214748
0.0989964
0.0994635
0.102854
0.121326
0.138835
0.142082
0.154882
0.0737014
0.128119
0.0829967
0.137122
0.114445
0.134069
0.0418207
0.127043
0.0944359
0.106324
0.138715
0.125014
0.138772
0.23262
0.118134
0.137689
0.12461
0.127715
0.13944
0.139665
0.137416
0.0395132
0.138219
0.109018
0.0846406
0.0578564
0.127081
0.138298
0.135607
0.10513
0.139334
0.13853
0.13124
0.136767
0.0979591
0.124839
0.13604
0.124422
0.111955
0.0896521
0.128129
0.136986
0.14008
0.103372
0.122544
0.115716
0.0981711
0.112678
0.103478
0.0745214
0.0504464
0.118304
0.135639
0.125752
0.0836252
0.131063
0.0288574
0.131604
0.0803148
0.131916
0.135663
0.141335
0.091472
0.139514
0.0221517
0.135894
0.126618
0.137532
0.111579
0.104491
0.133337
0.138407
0.0423806
0.107771
0.102971
0.122172
0.129091
0.0394973
0.0744534
0.139599
0.0917985
0.0953866
0.0881794
0.096853
0.123126
0.131889
0.0673677
0.0666745
0.138757
0.137645
0.0577483
0.0666182
0.136401
0.102951
0.134803
0.0754616
0.125574
0.100819
0.12935
0.0843455
0.0646853
0.109141
0.100761
0.0814877
0.135877
0.134172
0.0739354
0.127804
0.144435
0.128695
0.139295
0.126192
0.0971337
0.0982083
0.102745
0.139042
0.0955427
0.138915
0.0327059
0.0896779
0.120623
0.0510989
0.116027
0.101417
0.139591
0.137371
0.13719
0.110021
0.10478
0.0917392
0.0984529
0.128529
0.104147
0.113153
0.139221
0.111125
0.124979
0.0884037
0.136143
0.102204
0.139648
0.0986383
0.135913
0.117589
0.0185991
0.099889
0.114243
0.0759209
0.101902
0.0822964
0.063
0.0784131
0.0703655
0.134324
0.0644447
0.112436
0.135122
0.132978
0.128086
0.127606
0.205012
0.10764
0.0375095
0.0592909
0.11472
0.0638677
0.0916591
0.136188
0.0215174
0.109961
0.135352
0.121611
0.109649
0.118416
0.0809192
0.138504
0.113429
0.0528262
0.118549
0.0970309
0.106446
0.139515
0.138109
0.0391887
0.115252
0.040775
0.139458
0.107323
0.137589
0.104751
0.0971539
0.0393766
0.0672841
0.0456521
0.117028
0.116692
0.102996
0.0886736
0.139698
0.136928
0.134862
0.0203166
0.03701
0.101276
0.125081
0.0846845
0.103098
0.14562
0.110578
0.162132
0.13924
0.101613
0.13779
0.134161
0.0562646
0.127776
0.0508749
0.0710927
0.089721
0.0942546
0.131035
0.102386
0.105535
0.135922
0.114034
0.139047
0.0994564
0.138235
0.139171
0.115996
0.116494
0.138233
0.139573
0.137463
0.0268551
0.0964255
0.0958546
0.112347
0.0573693
0.0664042
0.106729
0.133988
0.109026
0.136794
0.139519
0.123664
0.12139
0.102307
0.137811
0.105069
0.105096
0.125328
0.0905096
0.132277
0.322943
0.122836
0.132458
0.139266
0.13383
0.0938429
0.134477
0.100737
0.0605418
0.011142
0.0940453
0.0565071
0.129965
0.131608
0.0876208
0.134976
0.148925
0.137736
0.100739
0.0953175
0.104059
0.0810509
0.106237
0.114728
0.139109
0.163387
0.125611
0.0656592
0.198856
0.135513
0.139622
0.131001
0.0290806
0.105472
0.0881896
0.124575
0.0669599
0.137008
0.132924
0.0734093
0.101814
0.139482
0.115366
0.131724
0.133212
0.136751
0.108033
0.134308
0.139019
0.15036
0.136917
0.10036
0.0768811
0.121841
0.136726
0.124529
0.0836075
0.107581
0.0948025
0.0660435
0.107048
0.137477
0.111569
0.135694
0.113715
0.138066
0.130589
0.0956255
0.132481
0.137674
0.0948959
0.142602
0.106497
0.107998
0.0544385
0.130717
0.101579
0.136736
0.13928
0.136017
0.100281
0.162821
0.114466
0.095967
0.12546
0.144644
0.0352257
0.107244
0.132859
0.116792
0.10706
0.112647
0.127839
0.137399
0.133855
0.0217387
0.0340256
0.179828
0.132535
0.110299
0.140061
0.15786
0.0689273
0.136006
0.135635
0.144342
0.137821
0.139448
0.056732
0.111593
0.123829
0.132817
0.140056
0.0229163
0.13463
0.130831
0.0953393
0.0860455
0.0549671
0.138109
0.132131
0.139108
0.129576
0.0758833
0.118464
0.121969
0.0567236
0.139261
0.0996382
0.0546506
0.122758
0.140032
0.132696
0.0965342
0.0464092
0.136911
0.101271
0.126398
0.104522
0.106336
0.0808332
0.0997614
0.11659
0.133814
0.138466
0.136338
0.13714
0.100607
0.107963
0.119987
0.0698705
0.139793
0.0907316
0.138299
0.0624492
0.137967
0.136993
0.139993
0.0201876
0.112607
0.0838576
0.132472
0.0993973
0.108294
0.0176118
0.0828854
0.0661837
0.133195
0.113036
0.100066
0.102783
0.139031
0.138508
0.112083
0.078889
0.0930224
0.133214
0.136691
0.0481419
0.125208
0.103169
0.140062
0.13865
0.138884
0.125388
0.0597465
0.152616
0.0891244
0.139615
0.114637
0.0279177
0.106915
0.120918
0.133122
0.112987
0.0605022
0.114499
0.078461
0.073453
0.063717
0.0656908
0.0796956
0.0829463
0.118268
0.133222
0.13972
0.109234
0.137908
0.10539
)
;

boundaryField
{
    wings
    {
        type            nutUSpaldingWallFunction;
        Cmu             0.09;
        kappa           0.41;
        E               9.8;
        value           nonuniform List<scalar> 
150
(
1.19862e-05
1.50044e-05
2.52761e-05
2.85252e-05
3.15492e-05
3.37559e-05
3.50898e-05
3.60315e-05
3.67817e-05
3.73719e-05
3.78335e-05
3.82035e-05
3.8505e-05
3.87543e-05
3.89649e-05
3.91487e-05
3.93125e-05
3.94593e-05
3.9591e-05
3.97095e-05
3.9816e-05
3.99111e-05
3.99977e-05
4.00773e-05
4.01523e-05
4.02244e-05
4.0294e-05
4.03617e-05
4.04327e-05
4.04989e-05
4.05629e-05
4.06253e-05
4.0686e-05
4.07454e-05
4.08034e-05
4.08606e-05
4.09173e-05
4.09745e-05
4.10331e-05
4.10932e-05
4.11554e-05
4.122e-05
4.12872e-05
4.1357e-05
4.14295e-05
4.15049e-05
4.15827e-05
4.16632e-05
4.17466e-05
4.18331e-05
4.19225e-05
4.20149e-05
4.21098e-05
4.22126e-05
4.23225e-05
4.24396e-05
4.25606e-05
4.26892e-05
4.28252e-05
4.29671e-05
4.31219e-05
4.33026e-05
4.34862e-05
4.36868e-05
4.3909e-05
4.4147e-05
4.44064e-05
4.46976e-05
4.50481e-05
4.54335e-05
4.58864e-05
4.64254e-05
4.71378e-05
4.7842e-05
5.05e-05
7.64251e-06
3.6667e-05
1.98545e-05
2.42943e-05
2.25355e-05
2.2964e-05
2.27601e-05
2.28675e-05
2.29723e-05
2.31905e-05
2.34589e-05
2.3771e-05
2.409e-05
2.43849e-05
2.46422e-05
2.48629e-05
2.5044e-05
2.51843e-05
2.52783e-05
2.53262e-05
2.53318e-05
2.53106e-05
2.52746e-05
2.52274e-05
2.517e-05
2.51046e-05
2.50341e-05
2.49598e-05
2.4883e-05
2.48045e-05
2.4726e-05
2.46456e-05
2.45595e-05
2.44664e-05
2.43678e-05
2.42642e-05
2.41542e-05
2.40382e-05
2.39161e-05
2.37883e-05
2.36549e-05
2.35142e-05
2.33718e-05
2.32271e-05
2.30782e-05
2.29219e-05
2.27569e-05
2.25829e-05
2.24013e-05
2.22135e-05
2.20199e-05
2.18227e-05
2.16163e-05
2.14012e-05
2.11787e-05
2.09389e-05
2.06804e-05
2.04023e-05
2.01018e-05
1.97714e-05
1.94098e-05
1.90051e-05
1.85479e-05
1.80303e-05
1.74401e-05
1.67597e-05
1.59645e-05
1.5023e-05
1.38879e-05
1.24861e-05
1.07477e-05
8.63695e-06
5.96844e-06
2.59238e-06
1.99738e-06
)
;
    }
    outlet
    {
        type            freestream;
        freestreamValue uniform 0.14;
        value           nonuniform List<scalar> 
20
(
0.136308
0.137183
0.134617
0.14914
0.207948
0.431228
0.13651
0.121732
0.125017
0.136672
0.145871
0.134324
0.333112
0.131725
0.360595
0.42008
0.132189
0.135781
0.125396
0.205012
)
;
    }
    tunnel
    {
        type            nutUSpaldingWallFunction;
        Cmu             0.09;
        kappa           0.41;
        E               9.8;
        value           nonuniform List<scalar> 
40
(
0.0106045
0.00954636
0.0109847
0.00572564
0.0110848
0.00832398
0.00763124
0.0103493
0.00826469
0.00896962
0.00986488
0.00927018
0.00934601
0.0086696
0.00877757
0.00817053
0.00676341
0.00726334
0.00841103
0.00791989
0.00601588
0.0106876
0.00948134
0.0106349
0.00957185
0.00736125
0.00742407
0.00703304
0.00743694
0.00722606
0.010144
0.00860115
0.00642354
0.010056
0.00983242
0.00896421
0.00827147
0.00650045
0.00903342
0.00654916
)
;
    }
    inlet
    {
        type            freestream;
        freestreamValue uniform 0.14;
        value           uniform 0.14;
    }
    defaultFaces
    {
        type            empty;
    }
}


// ************************************************************************* //
