/*--------------------------------*- C++ -*----------------------------------*\
| =========                 |                                                 |
| \\      /  F ield         | OpenFOAM: The Open Source CFD Toolbox           |
|  \\    /   O peration     | Version:  2.3.0                                 |
|   \\  /    A nd           | Web:      www.OpenFOAM.org                      |
|    \\/     M anipulation  |                                                 |
\*---------------------------------------------------------------------------*/
FoamFile
{
    version     2.0;
    format      ascii;
    class       volScalarField;
    location    "800";
    object      nuTilda;
}
// * * * * * * * * * * * * * * * * * * * * * * * * * * * * * * * * * * * * * //

dimensions      [0 2 -1 0 0 0 0];

internalField   nonuniform List<scalar> 
7826
(
0.0668634
0.0618159
0.0570885
0.0527471
0.0488486
0.0454355
0.0425301
0.040126
0.0381799
0.0366122
0.0353143
0.0341679
0.0330573
0.0318813
0.030585
0.0728484
0.0692842
0.0661027
0.0633348
0.0609896
0.0590554
0.0575037
0.0562942
0.0553796
0.0547112
0.054242
0.0539317
0.053745
0.0536541
0.0536376
0.0781924
0.0756506
0.0734558
0.0715967
0.0700526
0.0687947
0.0677893
0.0670008
0.0663951
0.0659411
0.0656112
0.0653824
0.0652358
0.0651556
0.0651299
0.0827412
0.0809053
0.079341
0.0780286
0.0769429
0.0760565
0.0753423
0.0747744
0.0743294
0.0739877
0.0737323
0.0735492
0.0734269
0.0733559
0.0733289
0.086565
0.0851975
0.0840385
0.0830659
0.0822571
0.0815904
0.0810457
0.0806053
0.0802535
0.0799772
0.0797658
0.0796103
0.0795035
0.0794392
0.0794128
0.0897537
0.0887076
0.0878187
0.0870679
0.0864372
0.0859107
0.0854738
0.0851146
0.0848226
0.0845888
0.0844064
0.0842696
0.0841736
0.0841143
0.0840888
0.0924195
0.0915986
0.090896
0.0902964
0.0897865
0.0893547
0.0889909
0.0886871
0.088436
0.088232
0.0880701
0.0879467
0.0878588
0.0878035
0.0877788
0.094659
0.0940004
0.0934306
0.0929382
0.0925137
0.092149
0.0918374
0.0915732
0.0913519
0.0911696
0.091023
0.0909099
0.0908281
0.090776
0.0907521
0.0965518
0.096014
0.0955416
0.0951275
0.0947653
0.09445
0.0941769
0.0939424
0.0937436
0.093578
0.0934433
0.0933383
0.0932614
0.0932116
0.0931882
0.0981666
0.0977174
0.0973173
0.0969617
0.0966466
0.0963685
0.0961247
0.0959132
0.0957319
0.0955795
0.0954545
0.0953559
0.095283
0.0952352
0.0952121
0.0995534
0.0991687
0.0988235
0.0985131
0.0982344
0.0979851
0.097764
0.0975705
0.0974034
0.0972618
0.0971447
0.0970516
0.0969821
0.096936
0.0969131
0.100743
0.100411
0.10011
0.0998365
0.0995862
0.0993599
0.0991562
0.0989769
0.0988217
0.0986896
0.0985792
0.0984908
0.0984242
0.0983793
0.0983564
0.101768
0.101482
0.101217
0.100974
0.100746
0.100539
0.100348
0.10018
0.100034
0.0999117
0.0998064
0.0997223
0.0996584
0.0996143
0.0995907
0.10266
0.102411
0.102173
0.101962
0.101744
0.10156
0.101374
0.101215
0.101076
0.100966
0.100863
0.100783
0.100721
0.100677
0.100651
0.0306809
0.0321135
0.0332908
0.0343555
0.0354488
0.0367124
0.0382789
0.0402557
0.0427125
0.0456792
0.0491506
0.0530981
0.0574781
0.0622368
0.0673145
0.0536307
0.0536352
0.0537169
0.0538992
0.0542122
0.0546915
0.0553795
0.0563229
0.0575698
0.0591656
0.0611486
0.0635446
0.066361
0.0695863
0.0731895
0.0651329
0.065165
0.0652524
0.0654079
0.0656476
0.0659904
0.0664596
0.0670835
0.0678929
0.0689222
0.0702066
0.0717796
0.0736695
0.0758958
0.0784681
0.0733327
0.0733677
0.0734473
0.0735791
0.0737729
0.0740399
0.0743944
0.0748538
0.0754378
0.0761699
0.077076
0.0781831
0.0795187
0.0811079
0.0829731
0.0794166
0.079451
0.0795237
0.0796395
0.0798046
0.0800262
0.0803135
0.0806776
0.0811312
0.0816904
0.0823729
0.0831987
0.0841893
0.0853666
0.0867505
0.0840922
0.0841249
0.0841917
0.0842955
0.0844406
0.084632
0.0848754
0.0851779
0.0855485
0.0859978
0.0865379
0.0871832
0.0879495
0.0888544
0.0899172
0.0877817
0.0878124
0.087874
0.0879686
0.0880991
0.0882688
0.0884814
0.0887417
0.0890557
0.0894305
0.0898744
0.0903975
0.091011
0.0917277
0.0925619
0.0907544
0.090783
0.0908401
0.0909274
0.0910467
0.0912
0.09139
0.0916198
0.0918932
0.092215
0.0925909
0.0930277
0.0935333
0.0941166
0.0947852
0.0931898
0.0932165
0.0932697
0.0933509
0.0934612
0.0936018
0.0937745
0.0939814
0.0942246
0.0945073
0.0948333
0.0952071
0.0956343
0.0961221
0.09668
0.0952129
0.0952375
0.0952875
0.0953634
0.0954663
0.0955969
0.0957561
0.0959452
0.0961654
0.0964184
0.0967065
0.0970325
0.0974
0.097814
0.0982806
0.0969129
0.0969357
0.0969824
0.0970537
0.0971503
0.0972728
0.0974215
0.0975967
0.0977988
0.0980287
0.0982873
0.0985762
0.0988974
0.0992539
0.0996507
0.0983555
0.0983762
0.0984199
0.0984866
0.0985779
0.0986941
0.0988346
0.0989988
0.0991864
0.0993978
0.0996332
0.0998928
0.100177
0.100488
0.100826
0.0995901
0.0996075
0.0996493
0.0997107
0.099798
0.0999095
0.100044
0.100199
0.100374
0.100571
0.100788
0.101024
0.10128
0.101554
0.101847
0.100655
0.100665
0.100709
0.100762
0.100848
0.100956
0.101088
0.101232
0.101398
0.101584
0.101788
0.102004
0.102236
0.102481
0.102743
0.0136629
0.010834
0.00862003
0.0071021
0.0060084
0.00514381
0.00441357
0.00377059
0.00318982
0.00265759
0.00216702
0.00171612
0.00130576
0.000933944
0.000658598
0.0137196
0.0110924
0.00903655
0.00755309
0.00645013
0.00558441
0.00486357
0.00423439
0.00366677
0.00314345
0.00265496
0.00219694
0.00176658
0.00135979
0.001026
0.0137862
0.0113756
0.00948211
0.00802871
0.00691177
0.0060293
0.00529962
0.0046676
0.00409887
0.00357266
0.00307696
0.00260495
0.00215019
0.00170573
0.00133064
0.0138796
0.0116693
0.00990787
0.00849228
0.0073658
0.00646022
0.00570966
0.00506234
0.00448197
0.00394497
0.00343671
0.00294784
0.00246856
0.00198956
0.00157931
0.0140052
0.011967
0.0103044
0.00892936
0.00780055
0.00687232
0.00609523
0.00542455
0.00482505
0.00427154
0.00374718
0.00324006
0.00273724
0.00222715
0.00178504
0.0141159
0.0122482
0.0106714
0.00933612
0.00821059
0.00726327
0.00645845
0.00576011
0.00513645
0.00456226
0.00401916
0.00349292
0.00296773
0.00242946
0.00195807
0.0142374
0.0125059
0.0110085
0.00971206
0.00859368
0.00763134
0.00680016
0.0060727
0.00542193
0.00482421
0.00426045
0.00371459
0.00316804
0.00260399
0.00210572
0.0143819
0.012746
0.0113174
0.010058
0.00894918
0.00797562
0.00712055
0.00636432
0.00568529
0.00506231
0.00447664
0.00391084
0.00334388
0.00275611
0.00223312
0.0144926
0.0129664
0.0116006
0.0103758
0.00927765
0.00829581
0.00741976
0.00663621
0.00592893
0.00528005
0.00467176
0.00408594
0.00349943
0.00288971
0.00234405
0.0146076
0.0131676
0.0118596
0.0106671
0.00958019
0.00859237
0.00769802
0.00688919
0.00615458
0.00547984
0.00484884
0.00424319
0.00363799
0.00300795
0.00244138
0.0147071
0.0133515
0.0120965
0.010934
0.00985819
0.00886616
0.00795587
0.00712389
0.00636336
0.00566342
0.00500992
0.00438482
0.00376164
0.00311272
0.00252703
0.0147933
0.0135178
0.0123126
0.0111783
0.0101134
0.00911849
0.00819463
0.00734195
0.00655735
0.00583341
0.00515833
0.00451442
0.00387459
0.00320765
0.00260372
0.0148778
0.0136685
0.0125084
0.0113997
0.0103446
0.00934653
0.0084095
0.00753683
0.00672909
0.00598218
0.00528559
0.00462426
0.00396671
0.00328693
0.00266884
0.0149963
0.0138492
0.0127313
0.0116453
0.0106043
0.00960968
0.00866573
0.00777847
0.00694809
0.00617512
0.00546045
0.00477261
0.00410921
0.00338532
0.00274172
0.000668476
0.000911517
0.00124965
0.001615
0.00200274
0.0024105
0.00284196
0.00330931
0.00383908
0.00448824
0.00538398
0.00678165
0.00866666
0.0110626
0.0140458
0.00102837
0.00130477
0.0016502
0.00201605
0.00239828
0.00279779
0.00322264
0.00369244
0.00424603
0.00495432
0.00592851
0.00729091
0.00909708
0.0113478
0.014114
0.00132682
0.00162087
0.00197996
0.00235319
0.00273966
0.00314453
0.00358164
0.00407875
0.00468254
0.00546
0.00648605
0.00781928
0.00954645
0.0116585
0.0142192
0.00157053
0.00187824
0.00225156
0.00263577
0.00303357
0.00345517
0.00392023
0.00446173
0.00512554
0.00596354
0.00702028
0.00833124
0.00998448
0.0119698
0.0143371
0.00177229
0.00209264
0.00248003
0.00287791
0.00329306
0.00374063
0.00424455
0.00483842
0.0055608
0.00644679
0.00752218
0.008814
0.0103991
0.0122693
0.0144621
0.00194217
0.00227476
0.00267629
0.00309026
0.00352777
0.00400813
0.00455695
0.00520444
0.00597922
0.00690268
0.00799006
0.00926334
0.0107861
0.0125518
0.0145878
0.00208733
0.0024319
0.00284781
0.00328001
0.00374374
0.00426111
0.00485689
0.00555547
0.00637559
0.00732872
0.00842385
0.00967838
0.0111439
0.0128135
0.0147028
0.00221283
0.00256912
0.00299977
0.00345187
0.00394445
0.00450078
0.00514291
0.00588837
0.0067474
0.00772452
0.00882431
0.0100598
0.0114728
0.0130565
0.0148315
0.00232235
0.0026901
0.00313575
0.00360898
0.00413179
0.00472734
0.0054136
0.00620132
0.00709382
0.00809059
0.0091927
0.0104092
0.0117748
0.0132828
0.0149509
0.00241862
0.00279755
0.00325835
0.00375337
0.00430688
0.00494069
0.0056681
0.00649359
0.00741499
0.00842798
0.00953072
0.0107291
0.0120518
0.0134912
0.0150558
0.0025038
0.00289374
0.00336977
0.0038868
0.00447061
0.00514085
0.00590603
0.00676517
0.00771167
0.00873812
0.00984039
0.0110215
0.0123051
0.0136801
0.0151451
0.00257943
0.00297956
0.00347025
0.00400889
0.00462217
0.0053271
0.00612734
0.00701651
0.00798478
0.00902246
0.0101236
0.0112886
0.0125364
0.0138548
0.0152481
0.00264706
0.00305932
0.00356685
0.00412866
0.00477037
0.00550642
0.00633362
0.00724852
0.00823608
0.00928453
0.010384
0.0115333
0.0127477
0.0140119
0.0153128
0.00270804
0.00312165
0.00363181
0.00420098
0.00486492
0.00562397
0.00651285
0.00746024
0.00846793
0.00950794
0.0105949
0.0117287
0.012924
0.0141299
0.0153651
0.00129576
0.0039111
0.0067952
0.00990289
0.0132264
0.0167632
0.0205244
0.0245335
0.0288236
0.0334291
0.0383757
0.0436712
0.0492998
0.0552218
0.0613763
1.90468e-05
0.000438994
0.00175381
0.00389393
0.00640188
0.00938674
0.0128535
0.0168003
0.0212229
0.026115
0.0314651
0.0372516
0.0434363
0.04996
0.0567399
0
0.000233596
0.00108559
0.00254432
0.00436925
0.00669081
0.00955164
0.0129831
0.0170062
0.02163
0.0268477
0.0326352
0.0389472
0.0457173
0.0528758
5.00108e-05
0.000233785
0.00109184
0.00215973
0.0036098
0.00550981
0.00791944
0.0108956
0.0144877
0.0187326
0.0236491
0.0292328
0.0354508
0.0422364
0.049473
0.000127394
0.000571759
0.00105897
0.00195358
0.0031938
0.00483503
0.006942
0.00958277
0.0128233
0.0167217
0.021321
0.0266415
0.0326724
0.0393655
0.0466372
0.000346428
0.000670169
0.00106777
0.00179319
0.00289163
0.00435788
0.00625259
0.00864648
0.0116131
0.0152232
0.0195369
0.0245951
0.0304094
0.0369513
0.0441415
0.000393996
0.000637669
0.00106539
0.00165917
0.00264957
0.00398488
0.00571946
0.0079234
0.0106729
0.0140451
0.0181113
0.0229277
0.0285255
0.0348994
0.0420028
0.000383479
0.000592454
0.00103315
0.00155338
0.00245206
0.00368277
0.00528948
0.00734045
0.00991223
0.0130851
0.0169371
0.021536
0.0269286
0.0331296
0.0401139
0.000375774
0.000568753
0.00100117
0.00149685
0.00229242
0.00343387
0.00493439
0.00685786
0.00928005
0.0122827
0.0159483
0.0203523
0.0255545
0.0315871
0.0384493
0.000370814
0.000558351
0.000978793
0.00145974
0.00216185
0.00322578
0.0046359
0.00645052
0.00874432
0.0115994
0.0151007
0.0193299
0.0243562
0.030226
0.0369513
0.000367032
0.000552612
0.000962593
0.0014264
0.00205436
0.00304931
0.00438122
0.00610155
0.00828335
0.0110086
0.014364
0.0184353
0.0232989
0.0290112
0.0355914
0.000363647
0.000548133
0.000950341
0.00139887
0.00197827
0.00289939
0.00416135
0.00579877
0.00788172
0.0104917
0.0137163
0.0176441
0.022357
0.0279189
0.0343596
0.000360576
0.000544537
0.000942084
0.00138059
0.00193224
0.00277245
0.00396973
0.00553322
0.00752809
0.0100347
0.0131411
0.0169377
0.0215103
0.0269284
0.0332271
0.000357829
0.000541794
0.000936956
0.00136881
0.00190029
0.00266409
0.00380131
0.00529819
0.00721382
0.00962709
0.0126259
0.0163019
0.0207439
0.0260268
0.0321981
0.000355338
0.000539537
0.000933238
0.00135946
0.00187286
0.00257219
0.00365221
0.00508848
0.00693231
0.00926065
0.012161
0.0157258
0.0200464
0.0252037
0.0312578
0.000353024
0.000537429
0.000929858
0.00135104
0.00184933
0.00250195
0.00352038
0.00490018
0.00667841
0.00892904
0.0117388
0.0152008
0.0194083
0.0244462
0.0303767
0.000350852
0.000535432
0.000926838
0.00134424
0.00183195
0.00245488
0.00340463
0.00473033
0.00644808
0.00862722
0.0113534
0.0147199
0.0188212
0.0237443
0.0295511
0.000348829
0.000533648
0.00092451
0.00133954
0.00182012
0.00242212
0.00330293
0.00457653
0.00623805
0.00835107
0.0109997
0.0142769
0.0182777
0.0230899
0.0287758
0.00034695
0.000532097
0.000922835
0.00133636
0.00181129
0.00239534
0.00321319
0.00443666
0.00604566
0.00809723
0.0106736
0.0138673
0.0177745
0.0224878
0.0280936
0.000345188
0.000530687
0.000921459
0.00133373
0.00180338
0.00237104
0.00313585
0.00430917
0.00586871
0.00786291
0.0103717
0.0134871
0.0173053
0.0219185
0.0273946
0.00034352
0.000529316
0.000920073
0.00133113
0.00179594
0.00234979
0.00307479
0.00419342
0.00570546
0.00764583
0.0100914
0.0131332
0.0168686
0.0213949
0.0268136
0.000341926
0.000527955
0.000918635
0.00132865
0.00178961
0.00233315
0.00303058
0.00408899
0.00555453
0.0074441
0.00983015
0.0128028
0.0164592
0.0208959
0.0261866
0.000340404
0.000526643
0.000917289
0.00132664
0.00178492
0.00232102
0.00299808
0.00399491
0.00541474
0.00725609
0.00958601
0.0124932
0.0160747
0.0204279
0.025642
0.000338957
0.000525423
0.000916162
0.00132524
0.00178169
0.00231192
0.00297162
0.00390988
0.005285
0.00708043
0.00935726
0.0122025
0.0157129
0.0199866
0.0251127
0.000337585
0.000524294
0.000915242
0.00132429
0.00177933
0.00230422
0.00294781
0.00383327
0.00516436
0.00691592
0.00914238
0.0119287
0.0153707
0.019565
0.0245893
0.000336275
0.000523226
0.000914417
0.00132351
0.00177722
0.00229695
0.00292568
0.00376637
0.00505219
0.00676151
0.00893997
0.01167
0.0150463
0.0191648
0.0241125
0.000335017
0.000522187
0.000913575
0.00132266
0.00177507
0.00229003
0.00290599
0.0037117
0.00494833
0.00661636
0.00874897
0.0114255
0.0147403
0.0187945
0.0237048
0.000333807
0.000521137
0.000912653
0.00132171
0.00177297
0.00228393
0.00288981
0.00366964
0.00485267
0.00647978
0.00856846
0.011194
0.0144501
0.018437
0.0232449
0.000332629
0.000520098
0.000911697
0.00132076
0.00177118
0.0022791
0.0028773
0.00363728
0.00476478
0.0063512
0.0083976
0.0109745
0.0141747
0.0180995
0.0228559
0.000331497
0.000519109
0.000910776
0.00131995
0.00176989
0.00227559
0.00286767
0.00361085
0.00468391
0.00623003
0.00823573
0.0107661
0.0139131
0.0177793
0.022473
0.000330414
0.000518163
0.000909946
0.00131936
0.0017691
0.00227311
0.00285982
0.00358752
0.00460938
0.00611574
0.00808212
0.0105682
0.0136644
0.0174739
0.0221045
0.000329367
0.00051724
0.000909191
0.00131894
0.00176866
0.00227121
0.00285281
0.00356577
0.00454107
0.00600787
0.00793629
0.0103798
0.0134273
0.0171813
0.0217444
0.000328348
0.00051637
0.000908493
0.0013186
0.00176835
0.0022695
0.00284609
0.00354525
0.00448003
0.00590613
0.00779762
0.0102001
0.0132002
0.0168977
0.0213867
0.000327376
0.00051553
0.000907811
0.00131826
0.00176802
0.00226776
0.0028396
0.00352644
0.00442795
0.00581048
0.00766565
0.0100286
0.0129831
0.0166298
0.0210804
0.000326428
0.000514679
0.000907087
0.00131784
0.00176757
0.00226602
0.00283363
0.00351014
0.00438559
0.00572094
0.00753998
0.00986457
0.0127751
0.0163707
0.0207507
0.000325497
0.000513847
0.000906324
0.00131733
0.00176707
0.00226441
0.00282854
0.00349675
0.00435183
0.00563742
0.00742028
0.00970763
0.0125755
0.0161211
0.0204436
0.000324602
0.00051303
0.000905545
0.00131679
0.0017666
0.00226315
0.00282452
0.00348611
0.00432434
0.00555954
0.00730619
0.00955715
0.0123833
0.0158798
0.0201447
0.000323727
0.000512209
0.000904761
0.00131628
0.00176627
0.00226231
0.00282158
0.0034776
0.00430082
0.00548679
0.00719738
0.00941286
0.0121991
0.015652
0.019888
0.000322868
0.000511412
0.000903996
0.00131582
0.00176611
0.00226191
0.00281949
0.00347048
0.00427955
0.00541873
0.00709354
0.00927446
0.0120223
0.0154319
0.0196107
0.000322038
0.000510665
0.00090329
0.00131545
0.00176613
0.00226185
0.00281795
0.00346413
0.00425958
0.00535522
0.00699438
0.0091416
0.0118523
0.0152206
0.0193604
0.000321239
0.000509924
0.00090262
0.00131515
0.00176628
0.00226199
0.00281669
0.00345812
0.00424045
0.00529668
0.00689976
0.00901415
0.0116895
0.0150212
0.0191357
0.00032045
0.000509208
0.000901975
0.00131488
0.00176647
0.00226219
0.0028155
0.00345226
0.0042223
0.0052441
0.00680963
0.00889188
0.0115332
0.0148269
0.0188836
0.000319684
0.00050852
0.000901346
0.00131462
0.00176664
0.00226234
0.00281428
0.0034466
0.0042056
0.00519859
0.00672406
0.00877455
0.0113826
0.0146379
0.0186427
0.000318944
0.000507838
0.000900712
0.00131432
0.00176675
0.00226243
0.00281305
0.00344136
0.00419087
0.00516051
0.00664309
0.00866173
0.0112364
0.0144501
0.0183887
0.000318216
0.00050714
0.000900045
0.00131396
0.00176677
0.00226244
0.00281193
0.0034368
0.00417841
0.00512915
0.00656667
0.00855316
0.011095
0.0142707
0.0181811
0.000317494
0.000506463
0.000899361
0.00131355
0.00176674
0.00226246
0.00281105
0.00343307
0.00416818
0.00510304
0.00649456
0.00844858
0.0109578
0.0140949
0.0179489
0.000316799
0.000505801
0.000898673
0.00131312
0.0017667
0.00226256
0.00281049
0.00343024
0.00415986
0.00508062
0.00642641
0.00834774
0.0108246
0.0139239
0.0177347
0.000316113
0.000505128
0.000897974
0.00131269
0.00176667
0.00226278
0.00281031
0.00342823
0.00415298
0.00506056
0.00636185
0.0082504
0.0106952
0.0137573
0.0175252
0.000315434
0.000504483
0.000897292
0.00131227
0.0017667
0.00226316
0.00281049
0.00342686
0.00414707
0.00504194
0.00630062
0.00815647
0.0105699
0.0135981
0.0173402
0.000314781
0.000503859
0.00089664
0.00131189
0.00176681
0.00226371
0.00281095
0.00342595
0.00414175
0.00502416
0.00624265
0.0080658
0.0104484
0.0134432
0.0171437
0.000314139
0.000503231
0.000895999
0.00131156
0.00176699
0.00226436
0.00281161
0.00342529
0.00413669
0.00500694
0.00618816
0.00797839
0.0103312
0.0132957
0.0169758
0.000313502
0.000502619
0.000895379
0.00131123
0.00176721
0.0022651
0.00281237
0.00342474
0.00413174
0.00499029
0.00613773
0.00789421
0.0102177
0.0131504
0.0167806
0.000312884
0.000502043
0.000894782
0.00131093
0.00176745
0.00226585
0.00281313
0.00342418
0.00412688
0.00497442
0.00609213
0.00781328
0.0101077
0.01301
0.0166134
0.000312285
0.000501457
0.000894188
0.00131064
0.00176767
0.00226656
0.00281385
0.00342358
0.00412216
0.00495969
0.00605205
0.00773572
0.0100013
0.0128748
0.0164505
0.000311686
0.000500882
0.000893591
0.00131032
0.00176785
0.00226721
0.0028145
0.00342297
0.00411774
0.00494647
0.00601766
0.00766161
0.00989845
0.0127432
0.0162839
0.000311102
0.000500324
0.000892994
0.00130997
0.00176798
0.00226779
0.00281507
0.00342241
0.0041138
0.00493497
0.00598849
0.00759096
0.00979878
0.0126147
0.0161196
0.000310535
0.000499771
0.000892393
0.0013096
0.00176807
0.0022683
0.00281562
0.00342198
0.00411048
0.00492522
0.00596366
0.00752367
0.0097021
0.0124891
0.015959
0.000309972
0.000499199
0.000891769
0.0013092
0.00176809
0.00226877
0.00281618
0.00342178
0.00410783
0.00491708
0.00594213
0.00745951
0.00960836
0.0123665
0.0158036
0.000309411
0.000498648
0.000891144
0.00130878
0.00176808
0.00226922
0.00281682
0.00342184
0.00410588
0.00491029
0.00592294
0.00739826
0.00951724
0.0122463
0.015646
0.00030887
0.000498098
0.000890513
0.00130834
0.00176807
0.00226969
0.00281755
0.0034222
0.00410454
0.00490454
0.00590532
0.00733965
0.00942858
0.0121283
0.0154949
0.000308328
0.000497553
0.000889883
0.0013079
0.00176806
0.00227019
0.00281841
0.00342285
0.00410371
0.00489953
0.00588873
0.00728354
0.00934252
0.0120149
0.0153629
0.000307796
0.000497029
0.000889263
0.00130746
0.00176806
0.00227075
0.0028194
0.00342373
0.00410328
0.00489501
0.00587278
0.00722992
0.00925931
0.0119062
0.0152324
0.000307281
0.000496513
0.000888666
0.00130705
0.00176809
0.00227137
0.00282049
0.00342481
0.00410311
0.00489077
0.00585726
0.00717888
0.00917863
0.0117991
0.0150891
0.000306774
0.000495987
0.000888072
0.00130666
0.00176816
0.00227202
0.00282167
0.00342601
0.00410308
0.00488666
0.00584213
0.0071307
0.00910053
0.0116952
0.014962
0.000306269
0.000495472
0.000887492
0.00130627
0.00176824
0.00227272
0.0028229
0.00342728
0.0041031
0.00488262
0.00582744
0.00708583
0.0090249
0.011594
0.0148332
0.000305783
0.000494986
0.000886932
0.00130591
0.00176834
0.00227344
0.00282415
0.00342856
0.00410315
0.00487866
0.00581338
0.00704483
0.00895185
0.0114956
0.0147083
0.000305317
0.000494507
0.00088639
0.00130556
0.00176845
0.00227415
0.00282539
0.00342982
0.00410318
0.00487481
0.0058002
0.00700811
0.00888115
0.0113979
0.0145736
0.000304855
0.000494009
0.000885835
0.0013052
0.00176854
0.00227484
0.0028266
0.00343105
0.00410321
0.0048712
0.00578816
0.00697586
0.00881309
0.0113041
0.0144639
0.000304395
0.000493535
0.000885302
0.00130485
0.00176864
0.00227553
0.00282779
0.00343227
0.0041033
0.00486795
0.00577746
0.00694791
0.00874762
0.011212
0.0143388
0.00030398
0.00049305
0.000884746
0.00130446
0.00176868
0.00227615
0.00282892
0.00343346
0.00410351
0.00486518
0.00576818
0.00692377
0.00868476
0.0111223
0.0142244
0.000303542
0.000492581
0.000884307
0.00130421
0.00176884
0.00227688
0.00283015
0.00343478
0.00410396
0.00486304
0.00576039
0.00690289
0.00862458
0.0110352
0.0141127
0.000303286
0.000492025
0.000883605
0.00130369
0.00176886
0.00227758
0.00283149
0.00343635
0.00410489
0.00486175
0.00575411
0.00688463
0.00856726
0.0109511
0.0140044
0.000302604
0.000491683
0.000883563
0.00130326
0.00176833
0.00227726
0.00283149
0.00343651
0.00410456
0.00485963
0.00574777
0.00686744
0.00851088
0.0108678
0.0138922
0.000304258
0.000491903
0.000885764
0.00130947
0.00177787
0.00228921
0.00284495
0.0034505
0.00411791
0.0048707
0.00575372
0.00686115
0.00846829
0.0107952
0.0137947
0.000286496
0.000469858
0.000841277
0.00125079
0.00171173
0.00222048
0.00277684
0.00338482
0.00405508
0.00480978
0.00569198
0.00679177
0.00835939
0.0106746
0.0136762
0.00127095
0.00382892
0.00665543
0.00970217
0.0129808
0.0165037
0.0202925
0.0243742
0.0287747
0.0335128
0.0385942
0.0440081
0.0497283
0.0557143
0.0619219
1.86818e-05
0.000425843
0.00169838
0.00382063
0.0063049
0.00927782
0.0127525
0.0167366
0.0212304
0.026224
0.0316947
0.037604
0.0438976
0.0505062
0.057357
0
0.000245273
0.0011369
0.00259477
0.00442493
0.00675547
0.00963101
0.0130898
0.0171593
0.0218512
0.027157
0.0330434
0.0394516
0.0462988
0.0534911
6.02011e-05
0.000281422
0.00113935
0.00223319
0.00370571
0.00562909
0.00806553
0.0110756
0.0147131
0.0190184
0.0240109
0.0296819
0.03599
0.0428595
0.0501872
0.000120776
0.000539646
0.00108106
0.00200364
0.00327328
0.00494442
0.00708524
0.00976661
0.0130575
0.0170187
0.0216937
0.0271004
0.0332221
0.0400013
0.0473402
0.000363614
0.000600936
0.00100058
0.00181144
0.00294749
0.00444785
0.00637971
0.00881751
0.0118375
0.0155123
0.0199027
0.025048
0.0309553
0.0375888
0.0448631
0.000411926
0.000565213
0.000921771
0.00165394
0.00268468
0.00405771
0.00583165
0.0080808
0.0108844
0.0143218
0.0184648
0.0233688
0.0290607
0.035527
0.0427037
0.000404092
0.000535751
0.000884629
0.00152604
0.00246931
0.00373968
0.00538753
0.00748432
0.01011
0.0133474
0.0172755
0.0219603
0.0274435
0.0337245
0.0407308
0.000396583
0.000526126
0.000871779
0.00142326
0.00229362
0.00347551
0.00501866
0.0069885
0.00946428
0.0125303
0.0162699
0.0207573
0.0260463
0.0321569
0.0390723
0.000391962
0.000524133
0.000861278
0.00133916
0.00214719
0.00325236
0.00470663
0.00656843
0.00891539
0.0118323
0.0154055
0.0197152
0.0248256
0.0307732
0.037556
0.000387994
0.000522494
0.000848984
0.00126865
0.00202349
0.00306341
0.00443891
0.0062069
0.00844157
0.0112275
0.0146526
0.0188019
0.0237479
0.0295392
0.0361861
0.000384014
0.000519556
0.00083543
0.00121139
0.00191781
0.00290126
0.00420625
0.00589171
0.00802742
0.010697
0.0139894
0.0179928
0.0227855
0.0284227
0.0349142
0.000380317
0.000517428
0.000828597
0.00118697
0.00182864
0.00276002
0.00400164
0.00561385
0.00766149
0.0102269
0.0133995
0.0172697
0.021921
0.0274191
0.0338065
0.000377192
0.000517316
0.000829569
0.00118239
0.00175376
0.00263614
0.00382119
0.00536675
0.00733523
0.00980668
0.0128705
0.016619
0.0211399
0.026507
0.0327689
0.000374526
0.000518274
0.000833367
0.00118033
0.00168983
0.00252696
0.00366127
0.00514535
0.00704211
0.00942831
0.0123929
0.0160293
0.0204281
0.0256663
0.0317856
0.000372057
0.000518949
0.000835991
0.00117507
0.00163384
0.00242997
0.00351811
0.0049456
0.00677693
0.0090853
0.0119588
0.0154913
0.0197752
0.0248904
0.0308868
0.0003696
0.00051868
0.000836029
0.00116647
0.00158577
0.00234301
0.00338875
0.00476406
0.00653553
0.00877249
0.0115619
0.014998
0.0191753
0.0241798
0.0300857
0.000367164
0.000517842
0.000835169
0.00116013
0.00155869
0.00226621
0.00327157
0.0045993
0.00631472
0.00848574
0.0111974
0.014544
0.018622
0.0235223
0.0293224
0.000364878
0.000517243
0.0008358
0.00115982
0.00155094
0.00219963
0.00316539
0.0044492
0.00611186
0.00822169
0.0108612
0.0141245
0.0181094
0.0229096
0.0286026
0.000362823
0.000517239
0.000838418
0.0011637
0.00154961
0.00214163
0.00306892
0.00431163
0.00592473
0.00797758
0.0105499
0.0137352
0.0176322
0.0223361
0.0279245
0.000360968
0.000517595
0.000841951
0.00116844
0.00154759
0.00209006
0.00298086
0.00418486
0.0057514
0.00775105
0.0102605
0.0133727
0.0171865
0.0217984
0.0272897
0.000359231
0.000517887
0.00084511
0.00117186
0.00154286
0.00204331
0.00289997
0.00406756
0.00559041
0.00754011
0.00999068
0.013034
0.0167691
0.0212937
0.0266917
0.000357535
0.000517822
0.000847133
0.00117322
0.00153591
0.00200291
0.00282549
0.00395887
0.00544123
0.00734316
0.0097382
0.0127162
0.0163758
0.0208134
0.0261053
0.000355854
0.000517395
0.000848153
0.00117356
0.00153035
0.00197748
0.00275795
0.00385807
0.00530241
0.00715877
0.00950129
0.0124177
0.0160065
0.0203683
0.0256079
0.000354215
0.000516842
0.000848964
0.00117467
0.00152926
0.0019676
0.00269786
0.00376456
0.00517273
0.00698566
0.00927845
0.0121364
0.0156576
0.0199415
0.0250694
0.000352661
0.000516416
0.000850273
0.00117744
0.00153222
0.00196519
0.00264448
0.00367773
0.0050512
0.00682274
0.00906832
0.0118708
0.0153271
0.0195364
0.0245852
0.000351212
0.000516222
0.000852254
0.00118157
0.00153709
0.00196411
0.00259641
0.00359689
0.00493699
0.00666895
0.00886967
0.0116191
0.0150132
0.0191505
0.0241202
0.000349873
0.000516162
0.000854603
0.00118615
0.00154194
0.00196172
0.00255237
0.00352139
0.00482952
0.00652411
0.00868155
0.0113805
0.0147159
0.0187895
0.0237124
0.000348597
0.000516108
0.000856862
0.00119032
0.00154561
0.00195731
0.00251172
0.00345067
0.00472835
0.00638753
0.00850318
0.011154
0.014434
0.0184466
0.0232999
0.000347352
0.000515956
0.000858679
0.00119358
0.00154775
0.00195144
0.00247616
0.00338444
0.00463295
0.00625839
0.00833386
0.010939
0.0141665
0.0181216
0.0229142
0.000346137
0.000515633
0.000859942
0.0011959
0.00154894
0.00194632
0.00245122
0.00332311
0.00454287
0.00613601
0.00817291
0.0107343
0.0139111
0.0178062
0.0225132
0.000344948
0.00051516
0.000860786
0.00119776
0.00155037
0.00194429
0.00243867
0.00326724
0.00445787
0.00601983
0.00801968
0.0105392
0.0136676
0.0175082
0.022173
0.000343772
0.000514663
0.000861517
0.00119975
0.00155294
0.00194582
0.00243411
0.00321669
0.00437768
0.00590936
0.00787355
0.010353
0.0134348
0.0172216
0.0218155
0.000342649
0.000514225
0.000862402
0.00120225
0.00155684
0.00194982
0.00243269
0.00317068
0.00430194
0.00580423
0.00773418
0.0101748
0.0132114
0.0169446
0.0214735
0.000341591
0.000513865
0.000863545
0.0012053
0.00156167
0.00195483
0.00243146
0.00312831
0.00423039
0.00570417
0.00760144
0.0100044
0.0129979
0.0166835
0.021178
0.000340577
0.000513587
0.000864875
0.00120866
0.0015668
0.00195971
0.00242916
0.0030888
0.00416266
0.00560888
0.00747479
0.00984104
0.0127926
0.0164286
0.0208473
0.000339599
0.000513366
0.000866253
0.00121201
0.00157169
0.00196376
0.00242544
0.00305187
0.00409842
0.00551804
0.00735374
0.00968441
0.0125958
0.0161868
0.020573
0.000338671
0.000513114
0.000867525
0.00121507
0.00157594
0.0019667
0.00242054
0.00301846
0.00403748
0.00543134
0.00723787
0.0095341
0.0124069
0.0159548
0.0202941
0.00033776
0.000512799
0.000868563
0.00121766
0.00157944
0.0019687
0.00241559
0.00299161
0.00398003
0.00534851
0.00712682
0.00938988
0.0122261
0.0157354
0.0200446
0.000336856
0.000512434
0.000869333
0.00121978
0.00158233
0.00197042
0.00241226
0.00297422
0.00392649
0.00526942
0.00702036
0.00925144
0.0120526
0.0155221
0.0197733
0.000335982
0.000511997
0.000869887
0.00122156
0.00158498
0.00197261
0.00241164
0.00296533
0.00387713
0.00519395
0.00691823
0.00911841
0.0118857
0.0153161
0.0195204
0.00033512
0.000511528
0.00087032
0.00122323
0.00158777
0.00197577
0.00241369
0.00296169
0.00383178
0.00512199
0.00682023
0.00899058
0.011724
0.0151126
0.019251
0.000334272
0.000511089
0.000870751
0.00122498
0.00159096
0.00197999
0.00241764
0.00296031
0.00378992
0.00505338
0.00672613
0.00886765
0.0115677
0.0149179
0.0190259
0.00033346
0.000510686
0.000871275
0.00122693
0.0015946
0.00198501
0.00242257
0.00295934
0.0037509
0.00498792
0.00663576
0.00874925
0.0114165
0.0147289
0.0187883
0.000332688
0.000510304
0.0008719
0.0012291
0.00159859
0.00199046
0.00242765
0.00295781
0.00371426
0.00492541
0.00654889
0.0086351
0.0112703
0.0145459
0.0185636
0.000331931
0.000509976
0.000872607
0.00123139
0.00160273
0.00199595
0.00243235
0.00295535
0.00367965
0.00486561
0.00646529
0.00852483
0.0111284
0.0143676
0.0183406
0.000331207
0.000509676
0.000873344
0.00123369
0.00160681
0.00200116
0.00243636
0.00295189
0.00364714
0.00480833
0.00638477
0.00841832
0.0109915
0.0141977
0.0181434
0.000330515
0.000509362
0.000874047
0.00123589
0.00161064
0.00200588
0.00243956
0.00294773
0.00361775
0.00475351
0.00630713
0.00831522
0.010858
0.0140271
0.0179055
0.000329833
0.000509034
0.00087465
0.00123789
0.00161412
0.00201003
0.0024421
0.00294362
0.00359354
0.00470126
0.00623222
0.00821544
0.0107291
0.0138682
0.0177467
0.000329158
0.000508706
0.000875136
0.00123965
0.0016172
0.00201369
0.00244437
0.00294061
0.00357636
0.0046519
0.00615996
0.00811882
0.0106039
0.0137097
0.0175208
0.00032851
0.000508333
0.000875505
0.00124116
0.00161995
0.00201708
0.00244684
0.00293957
0.00356608
0.00460567
0.0060903
0.00802517
0.0104821
0.0135542
0.017326
0.00032787
0.000507934
0.000875767
0.0012425
0.0016225
0.00202043
0.00244994
0.00294068
0.00356091
0.00456256
0.00602316
0.00793437
0.0103638
0.0134043
0.0171458
0.000327233
0.000507544
0.000875962
0.00124373
0.00162499
0.00202397
0.00245386
0.00294368
0.00355868
0.00452233
0.00595849
0.00784632
0.0102488
0.0132564
0.0169469
0.000326624
0.000507144
0.000876146
0.00124495
0.00162755
0.00202785
0.00245858
0.00294797
0.00355774
0.0044846
0.00589618
0.00776081
0.0101364
0.0131098
0.016756
0.000326029
0.000506754
0.000876343
0.00124622
0.00163027
0.00203207
0.00246391
0.00295296
0.00355705
0.00444898
0.00583608
0.00767776
0.0100273
0.0129716
0.0166084
0.000325445
0.000506406
0.000876583
0.00124757
0.00163314
0.00203658
0.0024696
0.00295815
0.003556
0.0044151
0.00577806
0.00759709
0.00992102
0.0128347
0.0164217
0.000324888
0.000506077
0.000876881
0.00124901
0.00163615
0.00204126
0.00247543
0.00296315
0.00355427
0.00438277
0.00572201
0.00751876
0.00981784
0.0127033
0.0162702
0.000324361
0.000505749
0.000877213
0.0012505
0.00163923
0.00204597
0.00248115
0.00296772
0.0035518
0.00435192
0.00566783
0.00744271
0.00971746
0.0125741
0.0161008
0.00032384
0.000505441
0.000877556
0.00125201
0.00164229
0.0020506
0.0024866
0.00297173
0.00354862
0.00432284
0.00561546
0.00736884
0.00961969
0.0124486
0.0159484
0.000323336
0.000505149
0.000877891
0.00125347
0.00164525
0.00205502
0.00249167
0.00297514
0.00354499
0.00429639
0.00556491
0.00729711
0.00952481
0.0123277
0.0158057
0.000322856
0.000504858
0.000878201
0.00125485
0.00164806
0.00205916
0.0024963
0.00297805
0.00354143
0.00427393
0.00551632
0.00722748
0.00943255
0.0122099
0.0156592
0.0003224
0.000504563
0.000878475
0.00125613
0.00165067
0.002063
0.00250053
0.00298069
0.00353859
0.00425668
0.00546993
0.00716002
0.00934334
0.0120978
0.0155311
0.000321953
0.000504273
0.000878689
0.00125728
0.00165306
0.00206654
0.00250449
0.00298336
0.00353708
0.00424488
0.00542595
0.00709468
0.00925633
0.0119839
0.0153599
0.000321531
0.000503956
0.000878844
0.0012583
0.00165526
0.00206985
0.00250831
0.00298637
0.00353719
0.00423767
0.00538448
0.00703143
0.00917183
0.0118764
0.0152537
0.00032112
0.000503628
0.000878942
0.00125922
0.00165731
0.00207303
0.00251216
0.00298993
0.00353894
0.00423371
0.00534545
0.00697032
0.00909018
0.0117748
0.0151419
0.00032072
0.000503319
0.000879005
0.00126006
0.00165926
0.00207615
0.00251618
0.00299412
0.00354205
0.00423174
0.00530874
0.00691145
0.00901159
0.0116772
0.0150217
0.00032035
0.00050301
0.000879068
0.00126087
0.00166119
0.00207933
0.00252045
0.00299894
0.00354617
0.00423081
0.00527417
0.00685484
0.0089357
0.011581
0.0148935
0.000320018
0.000502686
0.000879133
0.00126169
0.00166314
0.00208262
0.00252501
0.00300429
0.00355097
0.00423029
0.00524153
0.00680048
0.00886246
0.0114878
0.0147788
0.000319702
0.000502393
0.000879234
0.00126254
0.00166517
0.00208608
0.00252985
0.00301007
0.00355616
0.0042298
0.00521068
0.00674829
0.00879151
0.0113962
0.014659
0.000319451
0.000502109
0.000879356
0.00126343
0.00166727
0.00208966
0.00253493
0.00301611
0.00356145
0.00422914
0.0051815
0.00669835
0.00872345
0.0113101
0.0145631
0.000319226
0.000501844
0.000879627
0.00126449
0.00166957
0.00209347
0.00254025
0.00302236
0.00356678
0.00422826
0.00515396
0.00665059
0.00865743
0.0112214
0.0144188
0.000319213
0.000501504
0.000879775
0.00126552
0.00167197
0.00209753
0.00254589
0.00302892
0.00357225
0.0042274
0.00512856
0.00660555
0.00859459
0.0111412
0.0143548
0.000318841
0.000501524
0.000880066
0.00126622
0.0016736
0.00210046
0.00255021
0.00303399
0.00357607
0.00422489
0.00510288
0.00656051
0.00853275
0.0110618
0.0142405
0.000320953
0.000502566
0.000884578
0.00127464
0.00168539
0.0021149
0.00256649
0.00305098
0.00359163
0.00423445
0.00509507
0.00653465
0.00848771
0.010995
0.0141553
0.00030389
0.000477499
0.000841048
0.00122227
0.00163056
0.00206144
0.00251603
0.00300293
0.00354247
0.00417609
0.00500645
0.0064207
0.00836686
0.0108781
0.014052
0.10346
0.125477
0.13827
0.114377
0.044104
0.0252698
0.0303267
0.122585
0.0863629
0.0876706
0.0895166
0.108767
0.102697
0.139264
0.139504
0.136389
0.109457
0.13429
0.0808136
0.139223
0.0660802
0.138219
0.151476
0.216779
0.139652
0.121399
0.029387
0.133859
0.0929852
0.131356
0.0457934
0.131541
0.137445
0.0683302
0.0175638
0.0176029
0.0560945
0.102258
0.0815281
0.137818
0.051065
0.0326995
0.0394936
0.138001
0.139609
0.100656
0.0864422
0.129044
0.0807621
0.13978
0.114616
0.138157
0.137934
0.131208
0.136261
0.138228
0.0583146
0.047138
0.106294
0.128233
0.0458174
0.075824
0.13941
0.138166
0.134259
0.106333
0.139218
0.0280144
0.0319604
0.0514418
0.133689
0.0172804
0.0687034
0.169382
0.123026
0.133082
0.0289127
0.0270615
0.131402
0.0536538
0.129752
0.0968773
0.135046
0.00849933
0.097473
0.038637
0.0317792
0.0891055
0.113207
0.0965222
0.122035
0.138645
0.0889386
0.0976678
0.0293775
0.137782
0.139274
0.0805574
0.138505
0.136652
0.05558
0.318648
0.0967359
0.145849
0.0527811
0.106613
0.12748
0.137194
0.117864
0.0452174
0.128293
0.110215
0.0358821
0.115006
0.139436
0.106225
0.13297
0.115405
0.0994231
0.121487
0.0421068
0.0362587
0.0477306
0.105599
0.030018
0.019011
0.102037
0.129424
0.0566144
0.12668
0.0998076
0.285425
0.0590565
0.137166
0.135188
0.0943703
0.270318
0.0363625
0.107566
0.0322223
0.024698
0.0816296
0.0370144
0.137107
0.104788
0.135315
0.0705521
0.0836869
0.133772
0.113896
0.109134
0.07391
0.104684
0.116178
0.127699
0.0362033
0.13349
0.129763
0.123705
0.103533
0.0184337
0.139045
0.110696
0.384647
0.071346
0.138523
0.13875
0.129588
0.11973
0.136064
0.137322
0.135831
0.128772
0.0602545
0.0879094
0.0266412
0.136736
0.0442636
0.0793025
0.0502204
0.0585216
0.11064
0.103909
0.121887
0.128032
0.0216857
0.0136539
0.0744996
0.0091797
0.021071
0.0988669
0.138671
0.0320399
0.0610951
0.129516
0.166766
0.0807343
0.0211744
0.0311395
0.0949861
0.0736234
0.13021
0.131152
0.137489
0.116694
0.124049
0.0397716
0.0512341
0.0914356
0.138784
0.133272
0.138924
0.109562
0.0346001
0.106394
0.072449
0.101412
0.138535
0.0380677
0.0327913
0.117922
0.0479475
0.137477
0.137629
0.104616
0.0848868
0.0417716
0.13875
0.146406
0.136125
0.0663656
0.0407914
0.134233
0.138335
0.104341
0.133851
0.138361
0.0335172
0.137332
0.0107522
0.134627
0.130485
0.135402
0.0445157
0.137279
0.047763
0.0902124
0.0658475
0.0628829
0.124807
0.0618024
0.139791
0.129231
0.133135
0.0512971
0.0557048
0.0975834
0.0718279
0.12769
0.136996
0.1019
0.120621
0.0796313
0.0352163
0.0946766
0.138209
0.0385708
0.057184
0.169655
0.132741
0.0927972
0.110753
0.11722
0.0379611
0.00848999
0.105895
0.139931
0.0567121
0.0705591
0.134039
0.161256
0.132221
0.0607175
0.124888
0.101715
0.132518
0.0614725
0.0973073
0.11794
0.0715097
0.0333091
0.124856
0.0800219
0.0745268
0.0825972
0.04208
0.107884
0.124172
0.130944
0.139513
0.02032
0.130267
0.100601
0.139569
0.133422
0.0412902
0.0613193
0.148833
0.0676232
0.111575
0.139384
0.134827
0.0387046
0.193135
0.102903
0.105755
0.0187925
0.0415422
0.0338667
0.11012
0.13037
0.123219
0.103532
0.135327
0.105248
0.0488557
0.150688
0.146271
0.1373
0.201538
0.121606
0.0304726
0.0392409
0.0879291
0.102992
0.0806542
0.130916
0.136994
0.0550602
0.123327
0.118112
0.0242777
0.11117
0.13623
0.138781
0.0547784
0.137016
0.0288886
0.050629
0.0598458
0.043724
0.0204048
0.0354397
0.020631
0.077309
0.109767
0.0850582
0.138074
0.0277998
0.136006
0.121427
0.134487
0.0614769
0.10423
0.148574
0.127554
0.0965862
0.138693
0.121478
0.130562
0.0648403
0.120337
0.132616
0.0601212
0.042447
0.119497
0.134706
0.112808
0.0680085
0.156085
0.109739
0.119635
0.132185
0.0817908
0.0667352
0.111203
0.138634
0.108391
0.105273
0.118495
0.139699
0.0331055
0.137644
0.0855802
0.130661
0.0518072
0.119665
0.132101
0.136059
0.0423723
0.138741
0.0820376
0.135404
0.0978989
0.194031
0.0913711
0.138584
0.00494848
0.136756
0.0377706
0.119034
0.039373
0.0783652
0.0596652
0.123753
0.0870408
0.122599
0.121595
0.138975
0.0648425
0.0996264
0.10979
0.136202
0.0174212
0.10184
0.14303
0.111561
0.0386178
0.116033
0.0769049
0.11429
0.133577
0.0989899
0.125333
0.122041
0.129513
0.118613
0.118703
0.0659941
0.133668
0.133036
0.00647476
0.139018
0.0302062
0.027967
0.0218359
0.0296876
0.0549994
0.0929778
0.0970944
0.119883
0.0966139
0.13918
0.124276
0.121972
0.0458117
0.235484
0.124294
0.022188
0.272744
0.0515904
0.0430581
0.135536
0.133233
0.0239652
0.154098
0.0995936
0.10604
0.128788
0.0371083
0.0900404
0.133364
0.054001
0.0550935
0.14163
0.0978486
0.00416354
0.0876734
0.0823327
0.0565481
0.131993
0.133703
0.132504
0.12976
0.102429
0.141123
0.0593014
0.0702623
0.134839
0.0924201
0.139603
0.139146
0.133616
0.270128
0.105579
0.0711241
0.138648
0.0934239
0.106754
0.0796418
0.0633893
0.113491
0.1502
0.114067
0.123861
0.109871
0.0793945
0.0470182
0.0451258
0.107424
0.101159
0.138915
0.135554
0.134896
0.0250996
0.0426028
0.0884786
0.104835
0.0263355
0.0579276
0.0164192
0.0957352
0.124967
0.102345
0.108622
0.14103
0.0561432
0.0478175
0.0511893
0.363219
0.0291808
0.0174737
0.0305769
0.073318
0.127141
0.130515
0.153116
0.086527
0.105606
0.139765
0.130806
0.0721297
0.0515479
0.084537
0.0977547
0.139821
0.109846
0.134345
0.0971453
0.146867
0.109736
0.138019
0.124
0.0227937
0.042367
0.00358358
0.130599
0.138252
0.0361531
0.139841
0.0438068
0.0606476
0.138269
0.0531787
0.129842
0.102039
0.154002
0.139202
0.0294528
0.117214
0.127369
0.13836
0.117104
0.116045
0.0617565
0.00569896
0.0257256
0.0730058
0.129895
0.0183596
0.0581997
0.112776
0.0676346
0.106515
0.115323
0.0828142
0.136872
0.042047
0.092377
0.0769214
0.127432
0.137473
0.139293
0.122815
0.134775
0.0515757
0.124769
0.107672
0.0214608
0.139011
0.0994918
0.0756004
0.0964292
0.0984954
0.13924
0.124922
0.0197341
0.0177828
0.134907
0.141764
0.101162
0.107709
0.0192065
0.138634
0.088515
0.0511714
0.0735165
0.131525
0.135764
0.135864
0.122099
0.131115
0.0298322
0.0696422
0.0622227
0.0384874
0.139726
0.125667
0.0440639
0.0352009
0.128238
0.0602786
0.125853
0.00399831
0.137953
0.0184302
0.0509659
0.132412
0.0499479
0.0808753
0.097559
0.093821
0.0626669
0.0413554
0.0365473
0.138432
0.059649
0.115676
0.138381
0.0659885
0.13507
0.142428
0.0713577
0.0962849
0.0800296
0.0474324
0.127292
0.0251772
0.136272
0.0852644
0.109277
0.0668519
0.127064
0.138666
0.0956948
0.114147
0.11158
0.14149
0.132389
0.0198451
0.0890956
0.104439
0.127569
0.132508
0.153911
0.10999
0.0659678
0.107715
0.172437
0.126943
0.0902958
0.10388
0.138541
0.104034
0.016829
0.161827
0.0648372
0.0822531
0.141066
0.0753842
0.0439343
0.137643
0.132541
0.115909
0.0353841
0.0349939
0.122821
0.140825
0.132199
0.0684995
0.123934
0.126106
0.0267915
0.135594
0.0314492
0.0298162
0.0598667
0.134255
0.111558
0.13932
0.0811958
0.0328968
0.071711
0.077745
0.114725
0.126493
0.122348
0.126727
0.103143
0.0031093
0.117872
0.0221327
0.0627312
0.0144549
0.0941528
0.133026
0.0253019
0.133137
0.131218
0.120077
0.0215986
0.0657591
0.043572
0.0414689
0.0911619
0.133701
0.133953
0.0920174
0.0760019
0.0239207
0.0405038
0.102507
0.0392059
0.102106
0.138718
0.135218
0.112238
0.0378741
0.138945
0.138088
0.115543
0.0510514
0.0206985
0.0327272
0.0174316
0.082945
0.0646929
0.0698156
0.119647
0.0622889
0.107881
0.0855306
0.133622
0.139113
0.121821
0.0874084
0.0921075
0.0590202
0.139109
0.138806
0.134336
0.0560782
0.0735377
0.139896
0.00369565
0.0201385
0.13884
0.0361493
0.0732143
0.0735081
0.207512
0.138977
0.031144
0.109602
0.138941
0.109298
0.139402
0.137379
0.0561131
0.0958065
0.310493
0.070205
0.143787
0.130297
0.11803
0.0326473
0.0604682
0.127937
0.163107
0.0802124
0.071277
0.142597
0.0996631
0.134466
0.135992
0.104232
0.138828
0.0449225
0.067375
0.096379
0.020291
0.0615228
0.134518
0.0864275
0.137897
0.135769
0.132196
0.0669975
0.130944
0.131417
0.139705
0.0271602
0.0851982
0.0365194
0.137918
0.138586
0.0234415
0.0856641
0.137926
0.08682
0.0870022
0.126342
0.137046
0.138764
0.132179
0.117212
0.123643
0.0268793
0.11638
0.0710779
0.088011
0.105122
0.137177
0.115711
0.13712
0.138648
0.133598
0.178388
0.0659093
0.139172
0.137293
0.0354459
0.103163
0.121454
0.0492164
0.128369
0.134646
0.051477
0.0279865
0.132288
0.0320469
0.0560388
0.220856
0.101657
0.0635419
0.139237
0.110413
0.116364
0.129625
0.0565574
0.136285
0.0824545
0.132561
0.00276535
0.062909
0.13489
0.0515182
0.13857
0.138072
0.0945465
0.0259921
0.103967
0.132137
0.108228
0.139156
0.0946208
0.135467
0.0700664
0.0997612
0.0304091
0.139537
0.0338412
0.0432709
0.134456
0.139949
0.122176
0.0351181
0.113641
0.128393
0.112721
0.222522
0.0372881
0.00743692
0.0985116
0.129831
0.102269
0.13108
0.0532044
0.127769
0.130034
0.163737
0.0208788
0.120662
0.0220974
0.0952457
0.0266085
0.139575
0.0216464
0.120982
0.135644
0.137138
0.0595791
0.124637
0.12442
0.114303
0.0275498
0.0222073
0.11562
0.323087
0.0094669
0.0212939
0.0933231
0.0289971
0.113373
0.0283061
0.138834
0.104407
0.101129
0.0614068
0.117682
0.135907
0.0257139
0.0419542
0.130472
0.135669
0.121718
0.124902
0.0588335
0.125904
0.15214
0.0955358
0.00948747
0.103277
0.0467025
0.126198
0.134037
0.138395
0.0328624
0.041218
0.111844
0.10345
0.0963426
0.05253
0.13922
0.111894
0.139291
0.0666367
0.0561369
0.0490255
0.139966
0.032535
0.139027
0.0737046
0.13881
0.134454
0.0779927
0.125511
0.0616255
0.0685055
0.0214519
0.0754721
0.0767557
0.0270871
0.138886
0.0896916
0.138564
0.118147
0.136826
0.08523
0.138045
0.136986
0.0227685
0.0830336
0.13927
0.0200766
0.0395573
0.137666
0.0509381
0.0529217
0.0735843
0.106175
0.126354
0.137866
0.138706
0.108534
0.0386804
0.106343
0.025716
0.138474
0.119116
0.15692
0.0641553
0.07861
0.107612
0.0169665
0.135735
0.104518
0.0930863
0.115361
0.0514836
0.137739
0.13905
0.162258
0.139687
0.139069
0.128846
0.171209
0.118212
0.093744
0.105364
0.205193
0.138826
0.136464
0.101406
0.106672
0.00405357
0.140134
0.0222392
0.0606703
0.0702371
0.074981
0.0473747
0.0317804
0.0369751
0.138861
0.127476
0.128734
0.0621575
0.0771237
0.102858
0.13951
0.110516
0.116399
0.139611
0.0209588
0.0712501
0.128324
0.0916329
0.100916
0.106797
0.116343
0.0991158
0.0650466
0.142115
0.13511
0.136347
0.081585
0.101805
0.131816
0.0305035
0.0064663
0.136686
0.139294
0.107361
0.0949624
0.0431098
0.0723033
0.0161621
0.102347
0.0998603
0.103814
0.0741011
0.13861
0.0898952
0.0474739
0.11159
0.100018
0.0874367
0.042146
0.0106653
0.104226
0.0302726
0.0425705
0.0397541
0.0677068
0.0695587
0.0674698
0.115527
0.126464
0.116603
0.0493778
0.134744
0.089356
0.0395278
0.118961
0.134111
0.254982
0.0469609
0.0332615
0.102732
0.0684635
0.0955987
0.106928
0.135269
0.135431
0.135852
0.0376561
0.140252
0.137287
0.0812889
0.063851
0.083051
0.0877859
0.0965032
0.0172405
0.0261518
0.0422133
0.0333541
0.0780731
0.137516
0.136971
0.0375193
0.138166
0.0558196
0.169224
0.128131
0.100712
0.138597
0.0791615
0.120278
0.0749006
0.0751254
0.106776
0.311763
0.125441
0.137701
0.0693076
0.135298
0.114275
0.151485
0.108654
0.111227
0.260222
0.0569438
0.0945096
0.131307
0.13611
0.143995
0.102536
0.1114
0.121787
0.105429
0.0983192
0.10326
0.119239
0.121683
0.125366
0.138495
0.118845
0.0637989
0.114229
0.129582
0.139241
0.138781
0.125157
0.0624713
0.129424
0.139311
0.0494565
0.0173586
0.114631
0.0473279
0.104645
0.137377
0.0591173
0.132435
0.135465
0.130318
0.017999
0.0845975
0.0999645
0.139156
0.0429196
0.0226723
0.128768
0.0615247
0.0938523
0.130517
0.122634
0.135386
0.0742268
0.0581307
0.0379988
0.0872584
0.0465488
0.0503683
0.138606
0.0217206
0.116219
0.0718925
0.0339671
0.132109
0.129421
0.0338483
0.00874634
0.0842487
0.138771
0.0824921
0.0554991
0.129842
0.0598888
0.091586
0.0510664
0.134906
0.111397
0.129352
0.138797
0.016475
0.061129
0.0353617
0.0715966
0.111409
0.134055
0.110998
0.127877
0.110464
0.133974
0.0993964
0.0387628
0.107409
0.0437549
0.11045
0.0224219
0.139017
0.138364
0.135204
0.0415833
0.083137
0.139413
0.102738
0.0351987
0.137735
0.132869
0.0254718
0.135551
0.111769
0.124085
0.137116
0.133298
0.0464307
0.01898
0.110513
0.111132
0.0828607
0.0819626
0.0257528
0.131473
0.0941791
0.054537
0.138918
0.0848764
0.108797
0.129857
0.138513
0.134626
0.0166709
0.134987
0.0248481
0.138647
0.137425
0.019048
0.127819
0.0991555
0.0374848
0.127451
0.0287624
0.0327841
0.10165
0.114657
0.277991
0.0774313
0.128115
0.0625026
0.110302
0.071564
0.10011
0.0669062
0.104488
0.168668
0.088943
0.0809477
0.0750203
0.138232
0.128173
0.143724
0.122965
0.132438
0.124367
0.13467
0.12056
0.106771
0.137172
0.126008
0.0233885
0.183258
0.0503404
0.0153328
0.0230998
0.13464
0.142224
0.0224671
0.120093
0.116276
0.131424
0.113373
0.104067
0.0614575
0.0766676
0.137978
0.174011
0.132076
0.0556105
0.139568
0.100466
0.047504
0.0994466
0.0487094
0.122632
0.137526
0.104594
0.0969223
0.131849
0.0819217
0.131838
0.0991364
0.00403481
0.129016
0.0870164
0.124603
0.141743
0.106532
0.164229
0.0761301
0.0458153
0.136808
0.129744
0.112101
0.100328
0.130213
0.165849
0.0229021
0.369146
0.0172663
0.114348
0.0381681
0.128931
0.03568
0.139837
0.128024
0.0984244
0.136099
0.128232
0.131493
0.0953689
0.0241811
0.139751
0.16293
0.107048
0.130844
0.0750472
0.196284
0.141239
0.022045
0.133613
0.12612
0.137729
0.134994
0.0859449
0.0162632
0.107836
0.100076
0.102116
0.13185
0.0420014
0.13647
0.103348
0.118167
0.0766529
0.127513
0.12812
0.0288437
0.128326
0.0767183
0.137089
0.0348145
0.139423
0.0497773
0.13537
0.146897
0.123311
0.0623894
0.13844
0.134995
0.0323668
0.107257
0.12539
0.136426
0.0970007
0.136826
0.0717974
0.10542
0.0276763
0.335106
0.134455
0.106492
0.139171
0.101112
0.0890986
0.178488
0.21038
0.0919115
0.11168
0.136174
0.0180471
0.0982225
0.0406079
0.124359
0.0867768
0.0734936
0.138298
0.135609
0.13544
0.124443
0.0321339
0.0466533
0.0306248
0.138558
0.0743337
0.133906
0.0187553
0.115849
0.0632215
0.138119
0.136204
0.0484563
0.132467
0.113619
0.0620758
0.107791
0.0980011
0.120213
0.0204923
0.108683
0.0335265
0.139547
0.11449
0.101741
0.106755
0.0316862
0.111221
0.124799
0.128966
0.137302
0.101103
0.0682745
0.0593293
0.073017
0.138055
0.138889
0.118686
0.129366
0.0903358
0.0667801
0.114785
0.00583283
0.138026
0.13681
0.140246
0.151788
0.139527
0.0855898
0.0435265
0.133568
0.0734832
0.111225
0.122342
0.0194002
0.0419875
0.120057
0.0638618
0.103432
0.0673788
0.103084
0.10675
0.137966
0.0351537
0.0914616
0.0191669
0.0278605
0.135194
0.13719
0.0420486
0.127382
0.0880619
0.039355
0.0965673
0.136394
0.132181
0.135559
0.0684913
0.0888443
0.0756382
0.10976
0.0652549
0.0300029
0.0860116
0.137849
0.00964572
0.0704944
0.134087
0.136924
0.134965
0.0359932
0.0346899
0.065406
0.273955
0.113993
0.138719
0.07119
0.102175
0.0896213
0.135624
0.183359
0.0454251
0.138733
0.053142
0.0906478
0.0462396
0.126846
0.321449
0.0367643
0.102287
0.139653
0.085363
0.137004
0.0262644
0.138494
0.136968
0.063263
0.0323847
0.122426
0.0411202
0.0426161
0.0535493
0.0326636
0.0772273
0.0940089
0.0524043
0.138026
0.0773169
0.139338
0.172984
0.137942
0.13724
0.136817
0.131072
0.0458742
0.0180852
0.104726
0.072774
0.0322463
0.130431
0.13564
0.0030088
0.0727107
0.136501
0.0172538
0.138453
0.0774413
0.0566606
0.114636
0.119851
0.134932
0.134083
0.12039
0.134271
0.10013
0.0214301
0.0238515
0.0322994
0.0284024
0.0947511
0.13509
0.0178264
0.0883879
0.133109
0.119329
0.107789
0.143592
0.0235008
0.0620634
0.129595
0.132085
0.124733
0.11033
0.136307
0.0962091
0.0878756
0.135847
0.0399499
0.128094
0.132484
0.10036
0.128904
0.13853
0.136245
0.0203381
0.107963
0.0724558
0.0306904
0.129798
0.062254
0.129229
0.130204
0.124236
0.0300942
0.054874
0.0181277
0.138745
0.106361
0.0810574
0.119976
0.147978
0.107155
0.068347
0.138571
0.021256
0.0316034
0.109768
0.106942
0.222853
0.138995
0.0249516
0.137143
0.138171
0.0261263
0.123812
0.0161714
0.100981
0.076197
0.135951
0.0307432
0.0262981
0.0920601
0.137729
0.0356388
0.129357
0.0226228
0.128503
0.121778
0.0777021
0.029275
0.0836999
0.0755993
0.102577
0.0332964
0.113326
0.398007
0.140876
0.122296
0.125597
0.162734
0.00437447
0.0415925
0.0105314
0.14624
0.138397
0.13234
0.137829
0.0906619
0.139974
0.132788
0.138282
0.107663
0.13635
0.156306
0.0146974
0.133813
0.0975945
0.141553
0.0948559
0.126878
0.037141
0.132038
0.105868
0.137723
0.136715
0.138981
0.125701
0.0210179
0.118657
0.0691419
0.117375
0.0927219
0.0362447
0.13928
0.132263
0.136602
0.127992
0.13818
0.0871094
0.0466064
0.0400417
0.0259447
0.0865681
0.127769
0.137009
0.0643294
0.13079
0.106213
0.107739
0.100669
0.0617416
0.135455
0.0846268
0.131855
0.0141087
0.100559
0.103657
0.0156054
0.139472
0.133976
0.127946
0.0937208
0.126326
0.0644305
0.13365
0.0951346
0.137778
0.13725
0.0960177
0.10909
0.138769
0.139087
0.0919194
0.13837
0.11998
0.0465321
0.151617
0.203037
0.0933427
0.137093
0.11871
0.116808
0.15428
0.0560787
0.138638
0.034215
0.0398134
0.028725
0.00713879
0.0876796
0.0583041
0.120074
0.0791982
0.139055
0.0205068
0.108608
0.0839121
0.0690481
0.137556
0.102997
0.0819798
0.117949
0.0685278
0.127267
0.115302
0.122921
0.05039
0.0467075
0.133381
0.138449
0.0555095
0.118214
0.0248487
0.0977608
0.0451748
0.137765
0.0154671
0.0289693
0.130029
0.119211
0.139656
0.0321574
0.13687
0.0249253
0.0347759
0.0378064
0.0808631
0.128227
0.103748
0.0551497
0.138322
0.125896
0.139515
0.128689
0.132456
0.129166
0.135543
0.0920615
0.122757
0.0281958
0.111059
0.016669
0.0414532
0.0220786
0.0235721
0.0217639
0.133165
0.0418932
0.104696
0.0306973
0.126323
0.139612
0.0480351
0.10527
0.184613
0.133136
0.123436
0.112811
0.1119
0.136137
0.0438227
0.126068
0.062109
0.133308
0.102127
0.0262691
0.0806506
0.0377005
0.115876
0.0517185
0.131535
0.139837
0.0039626
0.138366
0.0476838
0.0989902
0.099383
0.113076
0.0770688
0.0399107
0.0956208
0.133795
0.127104
0.023713
0.10202
0.139038
0.0902512
0.0978007
0.138466
0.107251
0.130238
0.0394466
0.237596
0.118047
0.118104
0.1388
0.0419633
0.105402
0.0543189
0.0226762
0.0987759
0.00669758
0.0171811
0.0683042
0.10373
0.136554
0.0730192
0.116006
0.22157
0.0851542
0.136939
0.0554269
0.136977
0.169756
0.111822
0.138716
0.115765
0.0161587
0.0973038
0.0974586
0.0890993
0.137985
0.11837
0.139159
0.0376159
0.0528154
0.133341
0.138235
0.134615
0.101783
0.0788586
0.0168916
0.00283078
0.138732
0.110753
0.0625419
0.0860111
0.0879214
0.0698087
0.0779459
0.119487
0.0804715
0.119333
0.0537924
0.138435
0.118964
0.134056
0.0852797
0.139619
0.133441
0.0698069
0.0938111
0.114721
0.116367
0.326185
0.0171249
0.111416
0.121339
0.0887813
0.13543
0.120937
0.0991652
0.126998
0.091264
0.133255
0.0491627
0.067425
0.0685785
0.113063
0.10389
0.131681
0.0294833
0.107932
0.0197895
0.0370953
0.130002
0.0346306
0.0450543
0.205183
0.115621
0.0854637
0.0195023
0.13441
0.0694219
0.0570431
0.099711
0.0291434
0.105705
0.130768
0.0561119
0.218203
0.128323
0.0561331
0.141073
0.0800401
0.0223649
0.118039
0.135407
0.11512
0.0522516
0.134189
0.1208
0.0796413
0.00950479
0.105296
0.0244555
0.130296
0.0780576
0.132521
0.0443922
0.121774
0.0454067
0.119615
0.0663227
0.128311
0.00328571
0.117482
0.0230922
0.149158
0.111084
0.0394353
0.138315
0.133085
0.138965
0.0755409
0.0245985
0.108568
0.0341339
0.0227296
0.0474109
0.0305281
0.029605
0.138448
0.0326803
0.137092
0.1006
0.0778527
0.134241
0.0622764
0.115054
0.11476
0.13894
0.117519
0.066922
0.0262197
0.110821
0.0618621
0.100492
0.139853
0.119302
0.134352
0.138664
0.0468204
0.134446
0.0854963
0.102965
0.147393
0.0561587
0.132052
0.135451
0.0689611
0.0953515
0.123249
0.137658
0.116186
0.0946302
0.126718
0.119939
0.0372519
0.0750253
0.0365794
0.0930141
0.0465676
0.0453087
0.101971
0.102576
0.126751
0.136321
0.0493135
0.0486274
0.143672
0.115025
0.139651
0.104991
0.136725
0.0958468
0.0841635
0.0399663
0.137398
0.128282
0.0169195
0.0580783
0.134576
0.136023
0.135808
0.0749563
0.112502
0.00468858
0.062605
0.11845
0.0375521
0.0830399
0.0237415
0.134879
0.103162
0.102793
0.111702
0.107255
0.017171
0.123889
0.0616672
0.0851517
0.0898605
0.053622
0.132659
0.150428
0.123657
0.137014
0.125129
0.108929
0.133164
0.061873
0.1017
0.0659927
0.124979
0.124331
0.0777073
0.0208712
0.073219
0.0265744
0.10697
0.0952243
0.103345
0.06935
0.136116
0.0264891
0.0935586
0.092626
0.0243719
0.116909
0.0370004
0.0206334
0.125531
0.134997
0.137693
0.0155367
0.102052
0.0793922
0.107793
0.0935996
0.0033781
0.068748
0.114526
0.0133135
0.134843
0.131243
0.129468
0.148294
0.0419965
0.119031
0.15011
0.0862108
0.128639
0.0310075
0.135246
0.02262
0.108933
0.0424591
0.0249667
0.0473394
0.0776809
0.113577
0.0919856
0.108434
0.101601
0.123716
0.0166553
0.0452366
0.125552
0.0268408
0.125746
0.124742
0.0911148
0.113327
0.0754613
0.134971
0.084133
0.118099
0.0933006
0.123191
0.138833
0.131667
0.339073
0.116605
0.117594
0.0947162
0.134064
0.0561547
0.0622996
0.0648102
0.0521759
0.126273
0.115431
0.136369
0.0228372
0.137285
0.325982
0.11268
0.129342
0.137835
0.0939921
0.0613671
0.118473
0.117576
0.115288
0.122049
0.0580351
0.107066
0.016272
0.0484204
0.103158
0.0955275
0.139891
0.110276
0.111928
0.139777
0.171866
0.0779041
0.135941
0.050685
0.102148
0.0408808
0.138836
0.0889582
0.161898
0.19096
0.133913
0.13753
0.10229
0.0856806
0.133524
0.0559522
0.0544521
0.139425
0.202603
0.138548
0.149891
0.0530318
0.142988
0.0244438
0.333624
0.126453
0.0977266
0.138582
0.105334
0.077348
0.0240326
0.103579
0.134817
0.136279
0.13802
0.139209
0.0378826
0.215454
0.0438636
0.0246266
0.0507418
0.0546012
0.10447
0.200905
0.0190209
0.129279
0.0694842
0.13317
0.023407
0.138855
0.124314
0.119946
0.094085
0.0872987
0.0816591
0.00308354
0.120309
0.139279
0.114688
0.128507
0.14281
0.0193824
0.0380832
0.0385981
0.13769
0.0353335
0.107106
0.0434208
0.0671601
0.099214
0.0196806
0.139542
0.0301295
0.129395
0.138918
0.111845
0.0482351
0.123267
0.132437
0.099335
0.0189568
0.0264063
0.044883
0.33591
0.126685
0.00393419
0.126189
0.139032
0.168753
0.0312457
0.115505
0.0160963
0.132311
0.0596898
0.0506452
0.0450434
0.11332
0.0933693
0.00358121
0.119485
0.106532
0.101611
0.0648267
0.0651047
0.139535
0.00273674
0.138574
0.139447
0.100492
0.0300635
0.0504039
0.0222901
0.0192567
0.0769489
0.125729
0.0206459
0.0381248
0.124223
0.139379
0.0522349
0.0465107
0.0167741
0.138873
0.0171512
0.0844946
0.0995728
0.299213
0.103568
0.092967
0.125296
0.114974
0.130707
0.101628
0.130131
0.0544526
0.139344
0.121764
0.0266519
0.0792298
0.0743439
0.139632
0.0126059
0.121561
0.0371189
0.126189
0.0976815
0.0348056
0.112839
0.109007
0.101123
0.0495728
0.129861
0.0972881
0.0628211
0.0918208
0.259108
0.112869
0.134029
0.135112
0.088581
0.138066
0.068239
0.13899
0.0310882
0.024841
0.0955398
0.115704
0.134783
0.0446761
0.0895866
0.0786891
0.0132731
0.0648819
0.138932
0.104995
0.0895924
0.0420166
0.029021
0.0514056
0.107245
0.110932
0.127658
0.138634
0.0262105
0.0170045
0.00931775
0.0819146
0.0920311
0.130199
0.12897
0.0780783
0.0616712
0.0308683
0.0350225
0.0770889
0.0643503
0.125222
0.0990929
0.103086
0.135905
0.0384757
0.0824309
0.115034
0.139119
0.138573
0.211104
0.0191405
0.0394357
0.21809
0.0288267
0.139908
0.116544
0.139307
0.0423243
0.116809
0.0737005
0.0471154
0.0177342
0.0194222
0.0160303
0.0914499
0.136192
0.138225
0.13818
0.126622
0.042062
0.0881335
0.114541
0.0437412
0.0804555
0.107656
0.138809
0.137717
0.375775
0.0270443
0.135307
0.138627
0.139786
0.12646
0.107543
0.100585
0.0422645
0.00508486
0.131339
0.0889847
0.0791746
0.109477
0.154148
0.138783
0.138233
0.168207
0.115725
0.109853
0.137278
0.187486
0.0697231
0.136709
0.0179513
0.0524897
0.120555
0.130516
0.104001
0.0105122
0.052154
0.125553
0.123447
0.0777335
0.0551308
0.102412
0.0761554
0.00532006
0.135489
0.114515
0.0267519
0.139767
0.0257108
0.118232
0.103448
0.138764
0.13789
0.129442
0.130998
0.00868989
0.127378
0.0580773
0.0595819
0.137282
0.136365
0.0302825
0.0766706
0.103579
0.139703
0.138399
0.0413507
0.123111
0.016502
0.0856408
0.133622
0.131523
0.136827
0.0944453
0.0930036
0.103766
0.131084
0.058976
0.0553102
0.138613
0.0577696
0.104983
0.119107
0.125834
0.13446
0.0365257
0.134331
0.0419602
0.0142402
0.131049
0.139346
0.0933707
0.102753
0.0387868
0.0225328
0.104255
0.106834
0.126015
0.103427
0.137756
0.114402
0.0417177
0.206578
0.13978
0.102297
0.107844
0.102702
0.0432225
0.113528
0.087419
0.0118681
0.00792368
0.101135
0.040961
0.0458654
0.138417
0.13733
0.132181
0.0221704
0.0886804
0.10224
0.0249669
0.0691235
0.134045
0.132038
0.0933026
0.123552
0.0395127
0.0095082
0.0187347
0.0912046
0.105873
0.138312
0.137228
0.138658
0.104101
0.106642
0.0270611
0.1119
0.139185
0.0185965
0.0672114
0.0709717
0.0235031
0.0446185
0.139903
0.13038
0.0464744
0.105744
0.0378732
0.0236135
0.115234
0.027899
0.137504
0.11937
0.0884027
0.102156
0.0956799
0.12471
0.0982939
0.0347845
0.0270322
0.00532301
0.109028
0.0283454
0.0216099
0.133552
0.312026
0.0425842
0.0566957
0.0548836
0.10485
0.13911
0.138535
0.0287134
0.10053
0.12616
0.0472079
0.0871095
0.139823
0.103623
0.142824
0.0259247
0.0293094
0.0810246
0.0471278
0.139043
0.0902407
0.125375
0.0224082
0.0982901
0.0865993
0.0542131
0.127683
0.073819
0.128472
0.0407707
0.128977
0.139003
0.133366
0.0904682
0.138831
0.130307
0.139013
0.0468415
0.0268718
0.093332
0.0417759
0.0783334
0.00769294
0.056286
0.107552
0.132722
0.0816007
0.120793
0.301113
0.139658
0.128374
0.119393
0.0872627
0.135344
0.0908824
0.0866578
0.0109704
0.111956
0.138473
0.121179
0.0561308
0.0754773
0.034625
0.0311884
0.0724037
0.137246
0.0843325
0.213758
0.0242776
0.116742
0.0561879
0.130554
0.131606
0.138545
0.346054
0.117379
0.0588317
0.0372635
0.103656
0.0448611
0.106267
0.0830271
0.102279
0.0192855
0.129474
0.135454
0.136624
0.133884
0.0686143
0.152326
0.0390364
0.116683
0.0597299
0.040753
0.0480219
0.0921908
0.103345
0.0642
0.0170401
0.139714
0.0992046
0.0918549
0.0728738
0.13864
0.113704
0.121654
0.017666
0.137127
0.0596401
0.132247
0.0227201
0.106447
0.0924244
0.0257502
0.0290292
0.13633
0.136205
0.125536
0.0175007
0.00830805
0.0958707
0.127663
0.08216
0.127212
0.131861
0.0247353
0.138972
0.133002
0.0648732
0.138898
0.13996
0.0930252
0.00586442
0.0830897
0.125421
0.103258
0.117335
0.0648971
0.0315211
0.127369
0.0755556
0.139625
0.0499669
0.033355
0.0243189
0.138716
0.0204558
0.0203277
0.136844
0.0702393
0.135586
0.0209237
0.106846
0.0319649
0.13262
0.112964
0.0712965
0.129379
0.154673
0.122252
0.0111444
0.139398
0.122879
0.0287815
0.0369098
0.134415
0.142648
0.119196
0.0518791
0.0703075
0.00819283
0.28834
0.0664924
0.0505454
0.138499
0.0928705
0.0369786
0.00682151
0.140801
0.13997
0.0182728
0.0461529
0.135875
0.0543493
0.120474
0.0376052
0.0177471
0.13045
0.048147
0.118999
0.0675879
0.0376613
0.0525899
0.07723
0.0201325
0.133677
0.0354292
0.0271729
0.14023
0.0338908
0.138156
0.0250829
0.137337
0.0515789
0.0428489
0.051689
0.133325
0.0387341
0.0205457
0.134957
0.0171015
0.0730842
0.136295
0.034572
0.114194
0.0347478
0.104681
0.118435
0.137277
0.0994966
0.0186862
0.0431237
0.0519011
0.11841
0.138227
0.130716
0.137321
0.120013
0.138299
0.026423
0.0513558
0.103171
0.0224612
0.0247753
0.135869
0.391859
0.04669
0.120199
0.132656
0.138674
0.0410513
0.0694394
0.0196039
0.117903
0.133596
0.250869
0.0366032
0.10286
0.0691199
0.137528
0.0889767
0.0836936
0.135846
0.161852
0.134175
0.123264
0.0995014
0.10441
0.142669
0.10665
0.0962479
0.139042
0.0728058
0.101557
0.122431
0.0802613
0.0633786
0.0476285
0.0972998
0.042116
0.137698
0.105618
0.19551
0.123081
0.129085
0.0892066
0.0606449
0.117997
0.134529
0.107321
0.0516272
0.126056
0.0291225
0.0394355
0.137926
0.121302
0.0348742
0.048175
0.136747
0.0190628
0.122444
0.0451935
0.139161
0.00854889
0.0716078
0.0314276
0.0282557
0.0573323
0.0908367
0.11746
0.0286877
0.0789846
0.139211
0.139824
0.110615
0.108966
0.10504
0.0378672
0.0423039
0.070545
0.0534567
0.0803616
0.00702067
0.0303287
0.0873381
0.100508
0.134467
0.0294767
0.0424689
0.0832234
0.187411
0.0623617
0.0824216
0.139503
0.0587728
0.00606271
0.13712
0.1195
0.021564
0.123465
0.124723
0.097085
0.132864
0.102207
0.135263
0.139708
0.0939993
0.086994
0.138078
0.145275
0.139868
0.132297
0.0931506
0.0509088
0.0940819
0.0115628
0.139668
0.142276
0.136305
0.315969
0.113397
0.109878
0.0342558
0.138815
0.324835
0.138309
0.023592
0.13054
0.00523219
0.0767431
0.0499964
0.135459
0.0335228
0.0373955
0.118269
0.101823
0.151471
0.0490499
0.103215
0.0600315
0.106445
0.0613963
0.137812
0.138872
0.0600719
0.110202
0.0936641
0.139678
0.0643121
0.185999
0.131838
0.0211994
0.102736
0.0678702
0.0878063
0.03086
0.0807809
0.112407
0.0618987
0.139671
0.101987
0.129976
0.135899
0.275477
0.058956
0.0240184
0.0116471
0.135607
0.0220317
0.0433377
0.32114
0.136689
0.106941
0.137264
0.00527385
0.139121
0.0245001
0.136958
0.0691923
0.103626
0.120953
0.0314721
0.13741
0.178552
0.122772
0.12135
0.0801092
0.0175273
0.0575551
0.136999
0.0502337
0.066725
0.229271
0.139166
0.138652
0.139033
0.0576509
0.131978
0.123736
0.00764564
0.139014
0.137235
0.0599461
0.033051
0.0244086
0.143824
0.139251
0.028385
0.117785
0.0234097
0.138803
0.0929332
0.116068
0.101516
0.12123
0.0851263
0.0533868
0.139894
0.139946
0.133498
0.131198
0.136703
0.134583
0.134715
0.139771
0.0979074
0.117166
0.00674727
0.136815
0.123677
0.139361
0.0615213
0.137252
0.133486
0.00463535
0.0464664
0.147011
0.13366
0.032123
0.107964
0.101899
0.0146898
0.132087
0.124321
0.072659
0.0232576
0.043951
0.0308127
0.0679651
0.0352114
0.113138
0.107538
0.0907205
0.130986
0.0222678
0.117929
0.0494144
0.125531
0.118406
0.133665
0.0317518
0.166641
0.0225345
0.105579
0.0287003
0.0207565
0.0720531
0.102106
0.135141
0.0164661
0.0889894
0.129883
0.103375
0.133121
0.138823
0.139654
0.032799
0.138269
0.111252
0.130476
0.0593603
0.136576
0.115796
0.136928
0.127683
0.0817575
0.102888
0.0560222
0.0552941
0.104166
0.133723
0.0376636
0.135119
0.128131
0.0417673
0.136471
0.0136535
0.143912
0.0839956
0.0366258
0.0392731
0.0145451
0.106334
0.125151
0.0888356
0.1402
0.0653042
0.0687777
0.138238
0.0210012
0.020614
0.131238
0.0824976
0.0286478
0.0129011
0.0507045
0.056394
0.0336615
0.0235514
0.0301882
0.116519
0.138923
0.134194
0.139021
0.0927998
0.107888
0.126208
0.00540635
0.130209
0.112625
0.115228
0.139336
0.135755
0.0686182
0.139542
0.107823
0.040503
0.0185836
0.137792
0.0822726
0.13595
0.0628746
0.119204
0.137122
0.139144
0.124984
0.0980905
0.040127
0.00916435
0.138974
0.105795
0.11421
0.134206
0.0769608
0.149821
0.103486
0.13129
0.143292
0.124563
0.00947788
0.0487343
0.0318619
0.137897
0.27134
0.0179922
0.103214
0.127644
0.0743312
0.0281537
0.0979976
0.0644242
0.139725
0.119586
0.14065
0.126748
0.138111
0.101699
0.0922966
0.0815118
0.0501851
0.131615
0.101963
0.123316
0.114021
0.307191
0.12562
0.138641
0.0140205
0.134724
0.114056
0.0273547
0.0951451
0.131013
0.09662
0.0257874
0.117853
0.170713
0.0354681
0.133131
0.104263
0.07641
0.10684
0.120706
0.118945
0.0963258
0.0444207
0.0257408
0.0387749
0.104138
0.139012
0.138239
0.0232548
0.257391
0.0376787
0.135548
0.0580015
0.0984284
0.0385353
0.0900741
0.00982847
0.139001
0.0197457
0.149938
0.134461
0.081463
0.112364
0.112342
0.124503
0.104551
0.1226
0.124338
0.0174022
0.0276976
0.138307
0.0830446
0.0113209
0.0851232
0.272457
0.126304
0.0832316
0.061973
0.00323478
0.127467
0.136377
0.0368504
0.135787
0.11855
0.132238
0.0130455
0.0768358
0.12684
0.122267
0.0825621
0.0590869
0.0367158
0.0971503
0.0347905
0.156591
0.139834
0.128924
0.0494049
0.111502
0.137621
0.0835729
0.0558342
0.136354
0.0793545
0.135414
0.0793078
0.102463
0.0466919
0.0285862
0.0560794
0.127673
0.0079015
0.0780155
0.0257653
0.12024
0.0416428
0.0229618
0.0894383
0.101765
0.0462653
0.138825
0.109634
0.0316913
0.075907
0.0897927
0.0677532
0.0983781
0.13566
0.135542
0.0956177
0.0283816
0.0242123
0.0309192
0.0663444
0.0328592
0.0738421
0.0707045
0.0489415
0.126466
0.144655
0.0639135
0.0233097
0.136489
0.0413528
0.0257185
0.138659
0.0505783
0.129039
0.138154
0.214066
0.098741
0.0515292
0.135275
0.133249
0.151542
0.105846
0.019523
0.138309
0.0162343
0.0258165
0.131713
0.0512183
0.0884664
0.12826
0.102712
0.0430235
0.131233
0.0881428
0.135856
0.104356
0.0949651
0.0533386
0.00605126
0.0859708
0.0338711
0.130662
0.0844359
0.138865
0.122701
0.104212
0.0424735
0.0109473
0.131342
0.0611351
0.037433
0.0384864
0.105711
0.100562
0.0516013
0.105847
0.131941
0.129473
0.0517854
0.0569164
0.101892
0.133103
0.107452
0.0209899
0.17505
0.10496
0.239446
0.105498
0.0970846
0.139185
0.112455
0.128247
0.0487855
0.117276
0.118926
0.0875489
0.13442
0.104778
0.108249
0.005517
0.137925
0.107477
0.0716927
0.0120542
0.0475648
0.102635
0.0773013
0.0196742
0.217656
0.0659899
0.126698
0.0427007
0.118847
0.0369568
0.135242
0.0897974
0.104197
0.0389191
0.0973577
0.0972933
0.0748914
0.124894
0.124144
0.121501
0.103918
0.077559
0.13875
0.0544248
0.025806
0.123412
0.121088
0.137154
0.0668528
0.097788
0.0582428
0.133001
0.021732
0.125048
0.130804
0.120708
0.109454
0.115572
0.132762
0.118204
0.0428021
0.0577692
0.135093
0.0821511
0.0640037
0.0659556
0.0320677
0.0256848
0.169544
0.0229397
0.0611463
0.101584
0.0992255
0.139214
0.0703609
0.127808
0.123311
0.0812159
0.13936
0.00651726
0.0844458
0.069502
0.128743
0.0966835
0.0323361
0.137965
0.139904
0.038602
0.134668
0.139933
0.122411
0.0118527
0.0713603
0.0564326
0.13492
0.135094
0.139833
0.120421
0.0615784
0.0534448
0.0192358
0.0326202
0.134866
0.024724
0.138851
0.118893
0.139698
0.143357
0.129773
0.130996
0.122415
0.0381753
0.137917
0.0616441
0.139924
0.191745
0.0276656
0.0174433
0.0651892
0.0609798
0.121507
0.089293
0.0638629
0.133017
0.0644949
0.108796
0.0231953
0.027181
0.0334428
0.139642
0.0397232
0.18804
0.109689
0.0354733
0.121389
0.13623
0.119564
0.101088
0.060381
0.138923
0.0730928
0.0769565
0.0176489
0.0547175
0.104666
0.0181448
0.0621624
0.0432924
0.0483621
0.136161
0.0236329
0.05799
0.045747
0.110652
0.137935
0.0215569
0.0687761
0.0453148
0.0923094
0.104013
0.116697
0.116707
0.139089
0.0842389
0.137575
0.0201619
0.142902
0.0417979
0.134783
0.0346643
0.0983741
0.128322
0.126619
0.136609
0.132809
0.136809
0.139878
0.0301418
0.0914112
0.0751128
0.0736692
0.0224674
0.204617
0.0444828
0.113031
0.0988643
0.132723
0.137189
0.137761
0.0476335
0.135897
0.131323
0.0270454
0.0182923
0.0565936
0.135446
0.0873877
0.108445
0.0652506
0.120564
0.0815841
0.0581246
0.10541
0.0395902
0.107366
0.0088623
0.0621291
0.0378308
0.138564
0.133875
0.135667
0.145803
0.00767497
0.129552
0.123886
0.0733753
0.0272471
0.108946
0.0875239
0.11079
0.0324503
0.091854
0.0257346
0.0258526
0.0236255
0.136899
0.128575
0.115278
0.10373
0.0444422
0.132033
0.0529866
0.136024
0.135227
0.0906771
0.0992488
0.110657
0.0369031
0.0489037
0.139004
0.126977
0.117572
0.0683762
0.143775
0.0572034
0.105968
0.14469
0.0187392
0.107761
0.0091787
0.0403884
0.00682668
0.0977658
0.136437
0.0147046
0.113821
0.094306
0.0104318
0.136695
0.107246
0.138874
0.138894
0.0247578
0.0218265
0.0345292
0.0292324
0.0251707
0.128803
0.102002
0.0733556
0.11059
0.0583124
0.00581498
0.136726
0.111857
0.0474921
0.0731638
0.0253147
0.115048
0.134261
0.113853
0.136104
0.0332329
0.138185
0.016032
0.0986331
0.0357651
0.108092
0.012597
0.0643476
0.104527
0.108889
0.0880557
0.0192561
0.0370588
0.0436806
0.121938
0.0887055
0.103094
0.0841236
0.035795
0.139018
0.0832677
0.206466
0.0361813
0.08072
0.00344076
0.138623
0.0555306
0.136098
0.105264
0.0999346
0.0880369
0.126
0.0156765
0.138292
0.13849
0.133808
0.126337
0.0325157
0.112942
0.108068
0.103622
0.113742
0.135889
0.109339
0.121039
0.138201
0.1047
0.133149
0.137734
0.118084
0.136948
0.111427
0.0115207
0.111712
0.101234
0.334825
0.0300517
0.13823
0.0791391
0.139465
0.051158
0.0469313
0.139256
0.105259
0.10731
0.0595554
0.0312491
0.105164
0.101022
0.113365
0.0683502
0.124012
0.134922
0.104774
0.136541
0.0294537
0.113575
0.0651221
0.13502
0.0335293
0.102154
0.02713
0.111771
0.138741
0.133428
0.134817
0.134027
0.159414
0.106998
0.0505738
0.139882
0.133023
0.0519475
0.0159285
0.0935645
0.137507
0.137805
0.039481
0.0513694
0.0880305
0.0920962
0.114461
0.139699
0.00380639
0.105824
0.137413
0.0877642
0.103672
0.114094
0.0801207
0.138897
0.109915
0.131537
0.136259
0.120786
0.326936
0.0499944
0.110373
0.00876172
0.0193794
0.106193
0.0334906
0.103245
0.0959101
0.064172
0.113698
0.0810855
0.0859346
0.13581
0.136791
0.128062
0.0838108
0.0181032
0.0908533
0.101848
0.119888
0.0866904
0.12602
0.119008
0.0561358
0.11899
0.0614597
0.125923
0.10576
0.137518
0.150139
0.022296
0.105954
0.126282
0.0634615
0.0358839
0.0229595
0.140409
0.0526
0.103522
0.12691
0.0765295
0.0370516
0.0957934
0.122437
0.100313
0.0936445
0.12412
0.138774
0.129066
0.055846
0.0571162
0.0514415
0.0498571
0.139022
0.0271989
0.134685
0.110633
0.0824878
0.0364074
0.136566
0.00594734
0.147018
0.0540723
0.13814
0.0103749
0.121132
0.0238423
0.135664
0.00887199
0.0868618
0.130109
0.0897532
0.132032
0.0212872
0.034828
0.136023
0.0252317
0.112538
0.0253504
0.0852589
0.00426572
0.104986
0.0760815
0.0656965
0.139167
0.1322
0.0548625
0.136961
0.136616
0.0317255
0.127489
0.067127
0.104598
0.0283769
0.122063
0.0888941
0.10233
0.117211
0.051193
0.0287422
0.0259338
0.0334627
0.140998
0.0606246
0.0381817
0.0488179
0.0614482
0.0190967
0.0940492
0.00460467
0.0316324
0.0933464
0.0776097
0.109097
0.133849
0.129095
0.0779111
0.124123
0.0386614
0.0567264
0.10627
0.0488372
0.039172
0.108055
0.12797
0.1339
0.134241
0.11526
0.0194069
0.204086
0.0509988
0.20104
0.138886
0.131657
0.022374
0.0836573
0.0526444
0.136366
0.136666
0.0232517
0.0274219
0.10385
0.0413557
0.0519167
0.102346
0.0463648
0.139316
0.13511
0.0997831
0.0803164
0.0244806
0.0699679
0.101259
0.112295
0.122223
0.123073
0.106468
0.139704
0.135168
0.0568519
0.109235
0.0955004
0.143402
0.137105
0.123957
0.129692
0.0848108
0.240289
0.0828086
0.105258
0.137823
0.0592555
0.0673724
0.0374959
0.142431
0.100729
0.0700578
0.0593326
0.100489
0.133548
0.132333
0.0597263
0.0797099
0.135413
0.132469
0.0252826
0.0316935
0.130943
0.0403356
0.0668694
0.114247
0.0882878
0.141376
0.138996
0.138956
0.111696
0.130461
0.0704752
0.100997
0.0336434
0.0344901
0.127309
0.0984277
0.0554308
0.307807
0.107478
0.328641
0.192744
0.0522992
0.126211
0.103024
0.13828
0.137791
0.0961552
0.0157519
0.13439
0.13618
0.107719
0.026919
0.0922563
0.107974
0.00556096
0.109636
0.0863996
0.137465
0.0316091
0.0292181
0.287903
0.00433347
0.13915
0.132119
0.0775079
0.0488183
0.115306
0.108181
0.0044487
0.0970367
0.10483
0.122609
0.131142
0.0774361
0.129183
0.0659004
0.13442
0.0929994
0.0437534
0.111872
0.113758
0.109569
0.119296
0.107486
0.12923
0.139917
0.112218
0.00512186
0.111507
0.0553405
0.121993
0.036695
0.093906
0.121601
0.131206
0.0438517
0.0432639
0.133378
0.148987
0.136839
0.138692
0.0256328
0.135927
0.0544053
0.13634
0.137873
0.034663
0.0296442
0.101818
0.120176
0.139309
0.0194722
0.096118
0.0187928
0.130537
0.129795
0.135822
0.0946005
0.0918723
0.104359
0.125396
0.134596
0.104351
0.0554963
0.135091
0.13206
0.12687
0.137208
0.139811
0.131391
0.0912342
0.0275407
0.0856317
0.358579
0.0703268
0.131683
0.0832497
0.0776539
0.139418
0.114674
0.115243
0.136836
0.137037
0.126596
0.0441191
0.0351368
0.110175
0.155571
0.134394
0.138117
0.135744
0.12871
0.0680153
0.017585
0.131291
0.110404
0.162433
0.10533
0.136021
0.117267
0.0540913
0.061402
0.0834689
0.118442
0.137645
0.0214797
0.0843775
0.136231
0.0907012
0.103445
0.128885
0.328808
0.139688
0.137521
0.00384222
0.0209924
0.0145159
0.113772
0.0983629
0.0658217
0.135314
0.10106
0.136841
0.0838111
0.13597
0.0963934
0.0438504
0.138131
0.104709
0.115825
0.0617112
0.122106
0.0524257
0.0475368
0.147644
0.0541714
0.109396
0.0233993
0.130088
0.136008
0.0922338
0.0613221
0.103168
0.137248
0.114717
0.0369208
0.0180925
0.09622
0.0603495
0.137591
0.120269
0.0240412
0.076414
0.137669
0.0850516
0.12187
0.139412
0.137521
0.171699
0.137528
0.0289765
0.0583062
0.0139582
0.115208
0.0243455
0.139974
0.0335149
0.136339
0.0173843
0.0938347
0.139799
0.132507
0.139091
0.131625
0.0985336
0.104371
0.0115744
0.125091
0.127955
0.135773
0.14802
0.136543
0.138629
0.300844
0.137222
0.130137
0.0327432
0.0655953
0.131389
0.0911459
0.276084
0.00864448
0.0797379
0.119713
0.0155511
0.138449
0.029878
0.115212
0.0213404
0.138636
0.0211329
0.0641797
0.103
0.138601
0.133488
0.122829
0.0534827
0.127013
0.139606
0.127272
0.140358
0.0823297
0.0837358
0.124113
0.119114
0.252692
0.139119
0.136189
0.138032
0.115546
0.119452
0.116255
0.0269079
0.0775613
0.138058
0.133389
0.0950919
0.114586
0.141544
0.116305
0.0404394
0.105014
0.0895719
0.103485
0.108881
0.053532
0.0658391
0.0534105
0.125368
0.103181
0.13257
0.116612
0.104707
0.0980463
0.0658083
0.0433789
0.143019
0.0125433
0.087424
0.123682
0.135683
0.125157
0.13448
0.139478
0.12798
0.15429
0.0999519
0.111119
0.0211706
0.137495
0.0819232
0.119494
0.0613358
0.11138
0.106052
0.112222
0.122479
0.0832187
0.122517
0.0480606
0.035805
0.141879
0.104765
0.0292258
0.00797669
0.107032
0.0466774
0.139134
0.123298
0.136459
0.139799
0.135267
0.139376
0.134239
0.139314
0.0195632
0.101428
0.0260037
0.124964
0.140558
0.0196642
0.139754
0.0965297
0.0362775
0.0434871
0.13313
0.362765
0.123505
0.0483659
0.132452
0.145889
0.139572
0.13927
0.0905238
0.137608
0.114834
0.0213698
0.0387969
0.138781
0.139365
0.115609
0.095207
0.0896975
0.136447
0.0997583
0.108919
0.105208
0.108576
0.129662
0.103913
0.0739891
0.138395
0.163805
0.118781
0.136673
0.00748554
0.163089
0.136622
0.133906
0.137486
0.120105
0.0434493
0.137258
0.115904
0.137826
0.103687
0.0559844
0.00666076
0.125924
0.276818
0.0487305
0.0278996
0.0583557
0.11601
0.0228766
0.131025
0.0121547
0.0421009
0.136646
0.0330831
0.118868
0.138485
0.137748
0.0176171
0.0623455
0.134274
0.129467
0.139648
0.0942802
0.385867
0.00490639
0.0542618
0.100981
0.0415856
0.0909768
0.0415814
0.0710943
0.136282
0.126173
0.0370565
0.178294
0.0295505
0.0823148
0.102818
0.102808
0.138666
0.120452
0.00400403
0.130908
0.0105332
0.144872
0.104293
0.130888
0.00595667
0.0124892
0.138972
0.101691
0.130414
0.121808
0.339844
0.115584
0.138906
0.102799
0.0981419
0.00568984
0.0435309
0.0614623
0.140029
0.125659
0.0861958
0.0231244
0.031328
0.0276557
0.119926
0.0895636
0.0442441
0.16552
0.0311518
0.119919
0.0459718
0.0960968
0.0716992
0.0383414
0.0804035
0.13291
0.101749
0.0544852
0.0711778
0.0361847
0.0443875
0.118792
0.129611
0.103755
0.127866
0.105589
0.139184
0.102659
0.0317523
0.0487728
0.122391
0.0789257
0.124904
0.137958
0.116961
0.0902494
0.113096
0.111193
0.044291
0.137086
0.117567
0.117724
0.039468
0.120699
0.041011
0.138431
0.0262377
0.0838404
0.122657
0.132429
0.105691
0.110433
0.104544
0.379244
0.034213
0.11298
0.0824841
0.143002
0.0639269
0.138506
0.110289
0.134597
0.139369
0.122478
0.0446866
0.108739
0.0289123
0.0733821
0.146367
0.117491
0.141588
0.117131
0.0871603
0.100251
0.0395654
0.0131558
0.118845
0.0134821
0.0611784
0.075612
0.137498
0.138913
0.109467
0.030206
0.139332
0.0545586
0.149461
0.102993
0.109013
0.137912
0.114801
0.0665526
0.139504
0.0657052
0.132573
0.138674
0.113684
0.144944
0.133448
0.113792
0.0685377
0.0418275
0.129991
0.137619
0.130685
0.103876
0.0246795
0.0371775
0.138452
0.0827732
0.0841113
0.133161
0.137648
0.0873326
0.136067
0.0981481
0.10809
0.0194917
0.138185
0.12328
0.112301
0.0643208
0.117398
0.172609
0.139885
0.12123
0.131736
0.0937965
0.0546698
0.0193292
0.134561
0.136699
0.127136
0.13906
0.0452966
0.139846
0.210351
0.052436
0.119867
0.142913
0.112086
0.00520342
0.0416515
0.126117
0.130867
0.131955
0.164074
0.13687
0.12692
0.122418
0.135372
0.0836372
0.0833141
0.110107
0.0585737
0.136086
0.133065
0.105223
0.0476664
0.109108
0.108788
0.0213876
0.136443
0.139261
0.0828797
0.140916
0.124856
0.0285141
0.0423543
0.125405
0.13677
0.136546
0.0805939
0.0166138
0.11312
0.0930118
0.153571
0.0394429
0.0783853
0.137733
0.122531
0.0226922
0.11086
0.132032
0.0234311
0.139204
0.0711557
0.132216
0.122748
0.037428
0.10466
0.0154802
0.133958
0.138488
0.105636
0.133081
0.138558
0.0341556
0.136125
0.0316926
0.0932607
0.106996
0.120639
0.0461268
0.0302839
0.112482
0.108177
0.0817436
0.13753
0.0837277
0.0375549
0.117307
0.0419874
0.107258
0.105351
0.0673263
0.0619757
0.139443
0.0716902
0.124842
0.011673
0.133694
0.0949665
0.0919277
0.0972521
0.121333
0.130277
0.124049
0.108781
0.1019
0.0671826
0.0569783
0.117087
0.0265574
0.0297051
0.0759088
0.0359126
0.138671
0.132387
0.10638
0.0837148
0.110463
0.103532
0.0943415
0.113429
0.127904
0.132328
0.110203
0.00646238
0.12769
0.0298675
0.0356734
0.0962284
0.138028
0.119811
0.134984
0.124288
0.131372
0.138805
0.234792
0.132874
0.0148773
0.120538
0.0402414
0.136198
0.136587
0.00485573
0.108462
0.111773
0.13838
0.134755
0.105902
0.112037
0.138682
0.0210241
0.0785515
0.024424
0.0956051
0.135806
0.136572
0.109149
0.0430593
0.091575
0.00627928
0.116429
0.136403
0.117974
0.0478819
0.0887928
0.119641
0.0717306
0.125319
0.101968
0.107996
0.0046194
0.0313341
0.075702
0.0376988
0.0963889
0.120189
0.0778354
0.13695
0.136549
0.111504
0.0716586
0.10667
0.112656
0.104069
0.0196434
0.137749
0.111806
0.125582
0.100946
0.0246668
0.0158634
0.106673
0.107075
0.0140277
0.103781
)
;

boundaryField
{
    wings
    {
        type            fixedValue;
        value           uniform 0;
    }
    outlet
    {
        type            freestream;
        freestreamValue uniform 0.14;
        value           nonuniform List<scalar> 
20
(
0.136006
0.121427
0.141123
0.137138
0.0949624
0.21038
0.398007
0.15428
0.141073
0.339073
0.092967
0.21809
0.115725
0.135875
0.391859
0.137235
0.149821
0.131615
0.133849
0.339844
)
;
    }
    tunnel
    {
        type            fixedValue;
        value           uniform 0;
    }
    inlet
    {
        type            freestream;
        freestreamValue uniform 0.14;
        value           uniform 0.14;
    }
    defaultFaces
    {
        type            empty;
    }
}


// ************************************************************************* //
