/*--------------------------------*- C++ -*----------------------------------*\
| =========                 |                                                 |
| \\      /  F ield         | OpenFOAM: The Open Source CFD Toolbox           |
|  \\    /   O peration     | Version:  2.3.0                                 |
|   \\  /    A nd           | Web:      www.OpenFOAM.org                      |
|    \\/     M anipulation  |                                                 |
\*---------------------------------------------------------------------------*/
FoamFile
{
    version     2.0;
    format      ascii;
    class       volScalarField;
    location    "4000";
    object      p;
}
// * * * * * * * * * * * * * * * * * * * * * * * * * * * * * * * * * * * * * //

dimensions      [0 2 -2 0 0 0 0];

internalField   nonuniform List<scalar> 
6890
(
1.46058e-05
-0.0848995
-0.150361
-0.160867
-0.100059
0.0399574
0.261127
0.564181
0.952834
1.42798
2.00359
2.5794
0.340466
0.317949
0.299586
0.299522
0.330241
0.407507
0.548554
0.768817
1.07937
1.48776
2.00472
2.6311
0.655525
0.711354
0.794018
0.910871
1.06401
1.25244
1.47323
1.72203
1.99331
2.28039
2.57559
2.86882
0.886933
0.96075
1.052
1.1636
1.29707
1.45287
1.6304
1.82786
2.04213
2.26872
2.50195
2.73552
1.0712
1.15597
1.25475
1.36926
1.49899
1.64307
1.80008
1.96813
2.14472
2.32678
2.51069
2.6927
1.20876
1.29386
1.38753
1.49283
1.6091
1.73591
1.87228
2.01706
2.16844
2.3242
2.48171
2.63813
1.31429
1.39694
1.48456
1.58134
1.68642
1.80018
1.92128
2.0493
2.18281
2.31997
2.4589
2.59725
1.39849
1.47512
1.55522
1.64269
1.73705
1.83969
1.94896
2.06457
2.18531
2.30911
2.43501
2.5606
1.46373
1.53623
1.61079
1.69071
1.7794
1.87395
1.97455
2.08061
2.19062
2.30355
2.42049
2.53735
1.52149
1.58077
1.65283
1.73686
1.81747
1.91512
1.99963
2.09789
2.19896
2.30321
2.41391
2.52513
4.57172
5.97283
6.20861
6.3136
6.4054
6.43906
6.39798
6.28784
6.11474
5.88614
5.61571
5.34603
3.34332
4.05791
4.61705
5.02661
5.30798
5.47343
5.53564
5.51282
5.42558
5.29322
5.13208
4.96856
3.15966
3.45143
3.72873
3.98083
4.20058
4.38338
4.52556
4.62454
4.67895
4.68919
4.65864
4.60249
2.96722
3.19729
3.42075
3.62972
3.81745
3.97888
4.11065
4.21089
4.27914
4.3162
4.32454
4.31258
2.87165
3.04866
3.22166
3.38629
3.53852
3.67506
3.79339
3.89169
3.9687
4.02376
4.05712
4.0732
2.79222
2.94418
3.09232
3.23351
3.36493
3.48421
3.58957
3.67975
3.75399
3.81185
3.85295
3.88127
2.73373
2.86784
2.99815
3.12217
3.23793
3.34365
3.43819
3.52061
3.59061
3.64804
3.69146
3.7215
2.6845
2.80574
2.92359
3.03556
3.14037
3.23626
3.32284
3.39895
3.4651
3.52167
3.56625
3.60267
2.65302
2.76634
2.87548
2.97766
3.07403
3.16238
3.24118
3.30987
3.37118
3.42376
3.45918
3.49378
2.63783
2.74934
2.85315
2.94746
3.03695
3.11922
3.1888
3.2471
3.30174
3.34798
3.36472
3.39322
0.10156
0.0987535
0.145892
0.253097
0.407045
0.572774
0.711223
0.788177
0.785805
0.707929
0.45901
0.638509
0.133739
0.0977089
0.0589601
0.0079283
-0.0632577
-0.151886
-0.242679
-0.31851
-0.374979
-0.364309
-0.464255
-0.351076
0.139038
0.0725364
-0.0132962
-0.116016
-0.226942
-0.332689
-0.420622
-0.480871
-0.532859
-0.52609
-0.585992
-0.542745
0.179896
0.134372
0.0869957
0.0417069
0.00101491
-0.0340003
-0.064971
-0.0860234
-0.119581
-0.124476
-0.168269
-0.155391
0.239083
0.218962
0.198877
0.181064
0.16435
0.148123
0.129624
0.116794
0.0930395
0.0852695
0.0562708
0.0645235
0.291738
0.278534
0.262045
0.244732
0.225728
0.206051
0.183335
0.165035
0.139227
0.122193
0.0917552
0.0915399
0.333229
0.324678
0.311861
0.297867
0.280698
0.259313
0.231641
0.201813
0.164729
0.129685
0.0813035
0.0673081
0.373292
0.368994
0.364649
0.361884
0.354225
0.340853
0.314588
0.280891
0.239601
0.208813
0.140778
0.0414328
0.406346
0.410721
0.414343
0.419314
0.422543
0.399088
0.374595
0.29278
0.220194
0.16583
0.0719494
-0.081852
0.422055
0.430738
0.444582
0.484526
0.520041
0.545995
0.565507
0.498966
0.412333
0.616584
0.738195
-0.104974
0.660915
0.506296
0.784317
0.888903
0.917814
0.867349
0.75785
0.626502
0.515027
0.458575
0.464226
0.529374
-0.341604
-0.443161
-0.320442
-0.306088
-0.217654
-0.105635
0.0242563
0.152801
0.264351
0.35761
0.439285
0.527664
-0.531146
-0.555219
-0.469956
-0.451855
-0.369377
-0.275523
-0.151108
-0.00792218
0.14048
0.280983
0.404614
0.517194
-0.144852
-0.137486
-0.0690098
-0.0395972
0.02307
0.0750546
0.139162
0.208639
0.285177
0.367573
0.452425
0.540824
0.0741049
0.0856548
0.137991
0.170307
0.223114
0.266452
0.31713
0.366518
0.417816
0.47136
0.527556
0.589762
0.095074
0.108716
0.162493
0.20902
0.2688
0.320877
0.377104
0.430306
0.483391
0.53509
0.585409
0.636781
0.0715399
0.0988159
0.173627
0.246218
0.321049
0.382538
0.441225
0.493664
0.543453
0.590461
0.635171
0.67886
-0.0300315
0.0139907
0.157598
0.288979
0.391628
0.463183
0.522147
0.570599
0.613223
0.650818
0.686716
0.721091
-0.14249
0.05125
0.286289
0.44267
0.527767
0.576324
0.619855
0.659082
0.686212
0.71318
0.739313
0.765684
-0.913739
-0.496168
0.138125
0.484707
0.58528
0.626456
0.674077
0.712587
0.739667
0.756823
0.781562
0.804639
-14.4941
-11.9602
-10.0429
-8.31819
-6.67367
-5.13932
-3.79861
-2.69578
-1.83743
-1.19833
-0.732187
-0.412911
-2.63594
-3.92015
-4.0533
-3.92261
-3.70874
-3.39998
-2.98624
-2.49485
-1.97199
-1.46601
-1.01215
-0.655317
-0.870429
-1.65886
-1.47212
-1.50902
-1.60374
-1.66473
-1.66148
-1.58788
-1.4399
-1.2247
-0.961065
-0.706084
-2.2654
-2.01554
-1.72783
-1.72216
-1.67934
-1.60016
-1.50081
-1.3852
-1.24756
-1.0832
-0.888001
-0.695785
-2.21939
-1.72939
-1.70425
-1.71885
-1.65152
-1.56332
-1.46001
-1.33724
-1.19383
-1.03244
-0.852043
-0.677951
-1.49328
-1.22287
-1.32834
-1.31755
-1.27982
-1.24655
-1.20147
-1.13521
-1.04459
-0.929402
-0.787958
-0.640933
-1.08973
-0.991623
-1.06909
-1.02864
-1.00926
-0.994758
-0.970391
-0.932064
-0.876629
-0.80061
-0.698967
-0.583713
-0.928492
-0.896599
-0.924442
-0.884101
-0.872641
-0.856694
-0.832751
-0.799717
-0.754973
-0.695386
-0.616012
-0.522161
-0.804863
-0.792003
-0.795587
-0.768998
-0.761057
-0.745355
-0.724756
-0.697123
-0.659675
-0.609932
-0.544081
-0.464596
-0.686824
-0.679438
-0.675593
-0.659551
-0.65207
-0.638806
-0.623123
-0.601789
-0.572304
-0.532436
-0.479027
-0.416678
-0.589391
-0.584131
-0.578701
-0.56765
-0.559462
-0.548124
-0.535274
-0.51781
-0.493853
-0.461327
-0.416767
-0.361997
-0.511112
-0.507009
-0.501438
-0.492412
-0.483822
-0.473761
-0.462271
-0.446929
-0.426265
-0.398436
-0.360314
-0.311488
-0.446001
-0.442221
-0.435989
-0.427377
-0.418976
-0.40996
-0.399493
-0.385839
-0.36772
-0.343521
-0.310848
-0.269512
-0.391196
-0.38671
-0.378755
-0.369645
-0.361859
-0.353642
-0.344034
-0.331819
-0.315813
-0.294543
-0.265894
-0.229378
-0.343141
-0.337492
-0.327962
-0.318534
-0.311516
-0.303766
-0.294809
-0.283706
-0.269343
-0.250392
-0.224932
-0.19201
-0.298515
-0.292081
-0.282083
-0.272998
-0.266686
-0.259234
-0.250868
-0.240701
-0.2277
-0.21071
-0.188112
-0.158558
-0.25624
-0.24974
-0.240194
-0.231844
-0.226101
-0.21896
-0.21122
-0.201918
-0.190124
-0.174817
-0.154644
-0.128452
-0.216714
-0.210713
-0.201983
-0.194436
-0.189142
-0.18235
-0.175221
-0.166709
-0.156009
-0.142211
-0.124166
-0.101655
-0.180518
-0.175258
-0.167338
-0.160511
-0.15556
-0.149092
-0.142473
-0.134605
-0.124783
-0.112135
-0.0954094
-0.0743129
-0.148041
-0.14351
-0.136233
-0.1299
-0.125115
-0.118918
-0.112704
-0.105358
-0.0962578
-0.084599
-0.0691958
-0.0496761
-0.119585
-0.115602
-0.108706
-0.102367
-0.0974373
-0.0915222
-0.0856641
-0.0787738
-0.0703282
-0.0596132
-0.045653
-0.0280304
-0.0949669
-0.0912463
-0.0844171
-0.0775017
-0.072175
-0.0666052
-0.0610268
-0.0545036
-0.0465903
-0.0366018
-0.0236143
-0.00798763
-0.0731847
-0.0694398
-0.0624676
-0.0547866
-0.0491227
-0.043918
-0.038496
-0.0322437
-0.024754
-0.0153777
-0.00314354
0.0111811
-0.0530293
-0.0491021
-0.0419715
-0.0337624
-0.0280319
-0.0231365
-0.0177735
-0.0117307
-0.0045676
0.00432153
0.0159756
0.0302371
-0.0337401
-0.0296418
-0.0224777
-0.0141171
-0.00856577
-0.00390294
0.00141784
0.00725646
0.0141344
0.0225958
0.0335559
0.0473987
-0.0150737
-0.0109281
-0.00388946
0.00431516
0.00955446
0.014035
0.0192769
0.0248941
0.0314921
0.0395657
0.0498741
0.0632301
0.0029013
0.00694399
0.0137359
0.0215978
0.0264836
0.0308036
0.0359262
0.0413161
0.0476376
0.055355
0.0651153
0.077837
0.0199733
0.0237978
0.0302815
0.0377163
0.0422698
0.0464479
0.0514258
0.0565873
0.0626182
0.0699443
0.0791207
0.0904881
0.0358899
0.0394376
0.0456026
0.0526033
0.056921
0.0610146
0.0658393
0.0707852
0.076538
0.0834852
0.0922111
0.102797
0.050406
0.0536715
0.0595451
0.0661746
0.0704633
0.0745932
0.079253
0.0840101
0.0895345
0.0961831
0.104632
0.115014
0.0633766
0.0663997
0.072042
0.0784227
0.0829481
0.087238
0.0916957
0.0962872
0.101611
0.107983
0.116063
0.126209
0.074882
0.0777362
0.0832304
0.0895072
0.0944414
0.0989199
0.103146
0.107608
0.112747
0.118865
0.12655
0.136365
0.0852046
0.0879735
0.0933991
0.0996847
0.105023
0.109612
0.113621
0.118004
0.122976
0.12886
0.136167
0.14533
0.0946796
0.0974296
0.102833
0.109176
0.114787
0.119375
0.123219
0.127567
0.1324
0.138098
0.145135
0.15398
0.103577
0.10634
0.111727
0.118115
0.123835
0.128334
0.132066
0.136398
0.14112
0.146684
0.153538
0.162251
0.112052
0.114826
0.120171
0.126552
0.132239
0.136594
0.140245
0.144553
0.149171
0.154611
0.161255
0.169796
0.12016
0.122916
0.128182
0.134491
0.140043
0.144228
0.147807
0.15207
0.156582
0.161903
0.168357
0.176536
0.127878
0.130582
0.13573
0.141908
0.147265
0.151272
0.154778
0.158974
0.163366
0.168535
0.174782
0.1823
0.135136
0.137753
0.142759
0.148761
0.153896
0.157745
0.161191
0.165311
0.16959
0.174613
0.18071
0.18814
0.141831
0.144338
0.149185
0.154987
0.159902
0.16365
0.167069
0.171104
0.175273
0.180152
0.186085
0.192897
0.14785
0.150235
0.15492
0.160514
0.165239
0.168987
0.172437
0.176375
0.180453
0.185221
0.191059
0.198568
0.153099
0.155362
0.159893
0.165292
0.169878
0.173746
0.177283
0.181093
0.185077
0.189724
0.195308
0.201951
0.157542
0.159696
0.16409
0.169328
0.173841
0.177921
0.181564
0.185226
0.189131
0.193671
0.199156
0.205721
0.161213
0.163278
0.167562
0.172687
0.177192
0.181511
0.185244
0.188776
0.192655
0.197147
0.202656
0.209226
0.164173
0.166177
0.170377
0.175435
0.179975
0.184499
0.188275
0.191701
0.195572
0.199993
0.205405
0.211755
0.166488
0.168451
0.17259
0.177615
0.182208
0.186866
0.190641
0.193996
0.197888
0.202285
0.207702
0.214577
0.168211
0.170152
0.174242
0.179249
0.183888
0.188609
0.192347
0.195663
0.199586
0.203983
0.209378
0.216058
0.169377
0.171303
0.175348
0.180339
0.184999
0.189716
0.193393
0.196682
0.200616
0.204987
0.210341
0.216863
0.169999
0.171911
0.175906
0.180869
0.18552
0.190185
0.193787
0.197059
0.201004
0.205367
0.210744
0.217315
0.170068
0.171961
0.175898
0.180815
0.185429
0.190008
0.193534
0.196799
0.200759
0.205131
0.210545
0.217114
0.169547
0.171411
0.175281
0.180134
0.184683
0.189158
0.192611
0.195873
0.19984
0.204208
0.209624
0.21607
0.168373
0.170197
0.173992
0.178762
0.183229
0.18759
0.190987
0.19426
0.198237
0.202621
0.208087
0.214662
0.166465
0.168241
0.171955
0.176627
0.181
0.185251
0.188629
0.19194
0.195934
0.200358
0.205903
0.212514
0.163726
0.165449
0.169076
0.173641
0.177916
0.182071
0.185484
0.188864
0.192864
0.197319
0.202909
0.209365
0.160055
0.16172
0.16526
0.169715
0.173896
0.17798
0.181498
0.184989
0.189003
0.193537
0.199288
0.20599
0.15535
0.156957
0.160413
0.164761
0.168865
0.172914
0.176603
0.180241
0.184287
0.188956
0.194924
0.20183
0.149506
0.151059
0.154436
0.158688
0.162738
0.166793
0.170692
0.17449
0.178587
0.183427
0.189633
0.196735
0.142408
0.143913
0.14722
0.151393
0.155417
0.159517
0.163641
0.167608
0.17181
0.176918
0.183555
0.191403
0.133924
0.13539
0.138636
0.142749
0.146776
0.150951
0.155293
0.159428
0.163785
0.169205
0.176262
0.184608
0.123896
0.12533
0.128526
0.132597
0.136649
0.140923
0.145464
0.149768
0.154327
0.160092
0.167571
0.176439
0.112132
0.113543
0.116697
0.120745
0.124843
0.129232
0.133965
0.138466
0.143311
0.149528
0.157595
0.167148
0.0983947
0.0997896
0.102912
0.106953
0.111116
0.115644
0.120582
0.125343
0.130603
0.137456
0.146433
0.15736
0.0823667
0.0837511
0.0868473
0.0908978
0.0951446
0.0998337
0.105008
0.110111
0.115919
0.123582
0.133707
0.146221
0.0636215
0.064999
0.0680744
0.0721472
0.0764957
0.0813754
0.0868318
0.0923704
0.0988671
0.107502
0.118967
0.133701
0.0415898
0.0429632
0.0460235
0.0501346
0.054612
0.0597299
0.0655498
0.0716677
0.0790607
0.0889424
0.102004
0.120205
0.0155717
0.0169444
0.0199986
0.0241717
0.0288226
0.034258
0.0405745
0.047483
0.0560598
0.0675598
0.0823719
0.103529
-0.0155252
-0.0141455
-0.0110813
-0.00680276
-0.00189418
0.0040048
0.0110531
0.0191048
0.0293267
0.0430502
0.060323
0.0840484
-0.0527961
-0.051397
-0.0482927
-0.0438392
-0.038542
-0.0319531
-0.0238063
-0.014049
-0.00140681
0.0156021
0.0370666
0.0661764
-0.0993328
-0.0978781
-0.0946733
-0.0898883
-0.0839015
-0.0761275
-0.0661357
-0.053628
-0.0372683
-0.0155717
0.0113961
0.0461132
-0.155202
-0.153657
-0.150264
-0.144972
-0.138003
-0.128545
-0.115917
-0.099492
-0.0778903
-0.0497394
-0.0153985
0.0289667
-0.23598
-0.23416
-0.230233
-0.223661
-0.214208
-0.200738
-0.182241
-0.157875
-0.126624
-0.0878294
-0.0430658
0.010626
-0.317912
-0.315464
-0.311175
-0.303118
-0.291179
-0.273444
-0.248448
-0.215043
-0.172721
-0.121848
-0.0654975
-0.00203502
-0.523525
-0.52276
-0.513629
-0.498011
-0.471123
-0.431236
-0.377725
-0.311872
-0.237498
-0.159352
-0.0829417
-0.00672873
-0.549723
-0.534052
-0.538048
-0.516429
-0.481687
-0.43431
-0.373799
-0.301992
-0.223642
-0.143944
-0.0677441
0.00716915
-1.4307
-1.65052
-1.54344
-1.39303
-1.21116
-0.991644
-0.749939
-0.513915
-0.313337
-0.161834
-0.0533145
0.0303495
21.6345
19.8524
17.6476
15.6313
13.7389
11.961
10.3619
8.99584
7.87807
6.98908
6.28559
5.75433
11.3595
9.96189
10.0391
10.0776
9.89073
9.51745
9.01183
8.40553
7.74246
7.07497
6.44461
5.91289
7.34979
6.87987
7.30625
7.40042
7.41574
7.39758
7.32956
7.18139
6.94273
6.62013
6.23168
5.84406
6.97693
7.15692
7.32833
7.21118
7.11924
7.02053
6.89459
6.73286
6.5334
6.29232
6.00426
5.71075
6.60607
6.93453
6.90255
6.81503
6.76879
6.69489
6.58667
6.44438
6.26849
6.05902
5.81254
5.55679
6.09929
6.28263
6.1992
6.1943
6.1942
6.16576
6.11514
6.03862
5.92967
5.78401
5.59675
5.38634
5.73148
5.79463
5.73823
5.76315
5.76198
5.74411
5.71521
5.66979
5.60104
5.50317
5.36855
5.20428
5.45118
5.4701
5.44842
5.47096
5.46312
5.44836
5.42512
5.38892
5.33558
5.26083
5.15774
5.02565
5.18742
5.19796
5.19512
5.20956
5.2032
5.19435
5.17731
5.14946
5.10771
5.04843
4.96597
4.85652
4.94689
4.95652
4.95964
4.96868
4.96633
4.96201
4.95046
4.93062
4.89979
4.85472
4.79104
4.70908
4.74062
4.7489
4.75272
4.75924
4.7596
4.75725
4.74897
4.73435
4.71104
4.67622
4.62547
4.55617
4.56102
4.56742
4.57091
4.57645
4.5782
4.57679
4.57061
4.55922
4.54059
4.51237
4.47075
4.41012
4.39847
4.40329
4.40664
4.4119
4.4145
4.41394
4.40952
4.40068
4.38571
4.36258
4.32856
4.27914
4.24797
4.25207
4.25618
4.26182
4.26499
4.26524
4.26234
4.25565
4.24377
4.22487
4.19643
4.15555
4.10758
4.11213
4.11816
4.12477
4.12816
4.12909
4.12743
4.12252
4.11323
4.09803
4.07462
4.04102
3.97805
3.9837
3.99167
3.999
4.00233
4.00392
4.00326
3.99976
3.99251
3.98022
3.96076
3.93181
3.86027
3.86678
3.8756
3.88295
3.88614
3.88831
3.8884
3.88599
3.88034
3.87034
3.85419
3.82992
3.75323
3.75993
3.76858
3.77549
3.77859
3.78119
3.7818
3.78026
3.77599
3.76812
3.75539
3.73774
3.65484
3.6611
3.66912
3.67545
3.67847
3.68132
3.68224
3.68129
3.67794
3.67137
3.66014
3.64452
3.56304
3.56856
3.57586
3.58164
3.58458
3.58756
3.58867
3.58813
3.58542
3.57983
3.56978
3.55583
3.47632
3.48107
3.48777
3.49307
3.496
3.49909
3.50041
3.50027
3.49821
3.49368
3.48534
3.4732
3.39347
3.39757
3.40385
3.40899
3.41208
3.41529
3.41682
3.41709
3.41565
3.41206
3.40498
3.39601
3.31347
3.31716
3.32329
3.32879
3.33234
3.33559
3.33732
3.33797
3.33715
3.33456
3.32896
3.32098
3.23598
3.23956
3.2458
3.25211
3.25621
3.25939
3.26132
3.26228
3.26191
3.25998
3.25535
3.24603
3.16148
3.16519
3.17167
3.17877
3.18322
3.18628
3.18844
3.18967
3.18966
3.18822
3.18475
3.17619
3.09049
3.09442
3.10108
3.10864
3.11316
3.11613
3.11854
3.12
3.12032
3.11927
3.11664
3.10866
3.02314
3.02721
3.03391
3.04157
3.04595
3.04888
3.05148
3.05312
3.05371
3.05298
3.0509
3.04393
2.95915
2.96324
2.96981
2.97731
2.98145
2.98437
2.9871
2.98886
2.9897
2.98931
2.98771
2.9822
2.89806
2.90202
2.90836
2.91554
2.91942
2.92232
2.92514
2.92702
2.92812
2.92816
2.92721
2.92231
2.83932
2.84304
2.8491
2.85589
2.85953
2.86242
2.86529
2.86724
2.86852
2.86887
2.86842
2.8632
2.78238
2.78582
2.79159
2.79799
2.80146
2.80435
2.80724
2.80924
2.81063
2.81115
2.81118
2.80637
2.72674
2.72991
2.7354
2.74147
2.74494
2.74793
2.75081
2.75284
2.75432
2.75493
2.75521
2.75063
2.67204
2.67497
2.68024
2.68608
2.68981
2.69302
2.69585
2.69794
2.69953
2.70035
2.70102
2.69735
2.61812
2.62088
2.62602
2.63178
2.63596
2.63943
2.64218
2.64435
2.6461
2.64718
2.64838
2.64577
2.56503
2.5677
2.57279
2.57858
2.58322
2.58689
2.58955
2.59181
2.59368
2.59491
2.59633
2.59423
2.5129
2.51555
2.52064
2.52652
2.5315
2.53524
2.53782
2.54018
2.54211
2.54341
2.54489
2.5433
2.46188
2.46455
2.46964
2.47561
2.48076
2.48447
2.48701
2.48946
2.49142
2.49276
2.49411
2.49292
2.41203
2.41472
2.4198
2.42581
2.43099
2.43462
2.43716
2.4397
2.44173
2.4432
2.44454
2.44332
2.36333
2.36603
2.37106
2.37704
2.38215
2.38567
2.38823
2.39088
2.39301
2.39473
2.39648
2.39513
2.31566
2.31832
2.32326
2.32916
2.33413
2.33754
2.34013
2.34287
2.34514
2.34714
2.3495
2.34983
2.2688
2.27139
2.27621
2.28197
2.28676
2.29005
2.29264
2.29542
2.29775
2.29983
2.3023
2.30157
2.22253
2.22502
2.2297
2.23528
2.23986
2.24305
2.24563
2.24839
2.25068
2.25264
2.25487
2.25388
2.17667
2.17904
2.18357
2.18895
2.19335
2.1965
2.19912
2.20189
2.20424
2.20633
2.20888
2.20872
2.13102
2.13328
2.13765
2.14285
2.1471
2.15033
2.15307
2.15587
2.15833
2.16065
2.16359
2.16414
2.0854
2.08754
2.09177
2.0968
2.10096
2.10438
2.10729
2.11007
2.11262
2.11508
2.11829
2.11974
2.03965
2.04169
2.0458
2.05069
2.05482
2.0585
2.06155
2.06426
2.06685
2.06935
2.07253
2.07345
1.99373
1.99569
1.9997
2.0045
2.00866
2.01259
2.01575
2.01839
2.02102
2.02355
2.02677
2.0277
1.94765
1.94955
1.9535
1.95825
1.96247
1.96662
1.96985
1.97247
1.9752
1.97785
1.98134
1.98256
1.90142
1.90329
1.90718
1.91192
1.91622
1.92052
1.92379
1.92642
1.92928
1.93206
1.93579
1.93707
1.855
1.85686
1.86072
1.86545
1.86981
1.8742
1.87747
1.88014
1.88313
1.88602
1.88998
1.89143
1.80836
1.81021
1.81403
1.81877
1.82317
1.82758
1.83085
1.83357
1.8367
1.83973
1.84397
1.8458
1.76143
1.76327
1.76705
1.77178
1.77619
1.78058
1.78384
1.78665
1.78992
1.79314
1.79771
1.80014
1.7141
1.71593
1.71966
1.72435
1.72875
1.7331
1.73635
1.73924
1.74267
1.74609
1.75091
1.75379
1.66623
1.66803
1.6717
1.67635
1.68071
1.685
1.68825
1.69125
1.69485
1.69852
1.70366
1.7068
1.61764
1.6194
1.623
1.62759
1.6319
1.63613
1.6394
1.64253
1.64634
1.65033
1.65603
1.65959
1.5681
1.56982
1.57335
1.57786
1.58211
1.58629
1.58962
1.59291
1.59694
1.60128
1.60761
1.61137
1.51738
1.51905
1.5225
1.52692
1.53111
1.53524
1.53867
1.54216
1.54642
1.55109
1.5581
1.56208
1.46521
1.46682
1.47019
1.47451
1.47864
1.48275
1.48635
1.49006
1.49454
1.49952
1.50715
1.51181
1.41131
1.41286
1.41615
1.42038
1.42446
1.42858
1.43243
1.43643
1.44116
1.44653
1.45477
1.46094
1.3554
1.35689
1.36012
1.36427
1.36832
1.37251
1.37668
1.38103
1.38611
1.39206
1.40102
1.40897
1.29714
1.2986
1.30175
1.30584
1.30991
1.31423
1.31878
1.32353
1.32906
1.33577
1.34568
1.3552
1.23615
1.23756
1.24066
1.24472
1.24885
1.25335
1.25831
1.26352
1.26961
1.27725
1.28844
1.29979
1.17192
1.17331
1.17637
1.18041
1.18464
1.18938
1.19479
1.20052
1.20731
1.21603
1.22865
1.24247
1.10387
1.10524
1.10827
1.11234
1.11671
1.12175
1.12765
1.13403
1.14172
1.15177
1.16611
1.18364
1.03124
1.0326
1.03562
1.03975
1.04432
1.04974
1.05625
1.06346
1.07236
1.08413
1.10052
1.12385
0.953088
0.954447
0.957477
0.961705
0.966559
0.972471
0.979747
0.988076
0.99862
1.01272
1.03141
1.06193
0.867978
0.869357
0.872419
0.876816
0.88206
0.888654
0.896982
0.906869
0.919658
0.936986
0.958845
0.99418
0.774348
0.775764
0.778897
0.783551
0.789345
0.796888
0.806688
0.818775
0.834669
0.856409
0.883512
0.925295
0.668543
0.670039
0.673313
0.678407
0.685091
0.694141
0.706255
0.72173
0.742238
0.770061
0.804319
0.856289
0.54962
0.551242
0.554756
0.560501
0.568438
0.579609
0.594998
0.615264
0.642241
0.67831
0.721777
0.785258
0.401146
0.403071
0.407194
0.414436
0.425251
0.441062
0.463236
0.492676
0.530972
0.57995
0.636236
0.711265
0.244454
0.2469
0.251537
0.260609
0.274551
0.295663
0.325844
0.366329
0.41833
0.482773
0.554671
0.643105
-0.044655
-0.0433743
-0.0334446
-0.0160172
0.0142473
0.0595408
0.120927
0.197099
0.284843
0.380665
0.477317
0.583307
-0.172684
-0.156684
-0.159462
-0.134463
-0.0937464
-0.0372531
0.0359087
0.123682
0.221803
0.326104
0.429938
0.543933
-1.17102
-1.39046
-1.27844
-1.11816
-0.920722
-0.680553
-0.415132
-0.155082
0.0696359
0.248614
0.387622
0.514819
0.965189
0.97873
3.69521
1.15161
15.2603
1.52321
1.08036
-0.121008
3.88729
0.769613
-1.15756
0.472533
2.28408
0.87781
0.841973
1.33616
0.266651
2.85029
1.741
8.60704
1.90996
0.511781
1.46647
0.0131218
4.29713
0.214215
3.15985
0.902958
-0.46824
0.771103
1.33809
1.23223
3.75513
1.59351
0.418703
1.71917
0.641114
1.56348
1.14872
-1.08011
3.53588
1.74381
2.0834
-0.886788
1.05069
7.40027
2.02365
1.0234
1.23811
3.02035
3.30076
0.640127
1.56288
0.238286
2.41213
1.6889
2.26813
0.385632
1.63822
2.90299
0.634071
2.20897
0.955631
1.76328
14.8689
-2.05158
1.67723
2.5566
2.11404
0.898567
0.541998
3.14866
1.91253
1.50756
0.249864
2.27635
0.816155
-1.26959
0.800436
3.47681
0.0379633
0.168371
2.94674
3.65283
0.691047
2.84137
3.38341
1.02847
1.62791
2.45689
0.910347
0.633886
2.23016
0.956439
0.968791
0.473172
0.795299
1.51142
0.600816
2.04057
1.03133
-8.98889
0.175409
2.70209
1.59991
1.24125
0.295189
2.14982
2.13106
1.11434
2.31807
2.40091
1.081
2.07702
1.67987
0.384594
2.79605
0.245998
1.13728
1.58157
5.34175
3.59769
1.48632
1.4234
1.74218
0.221048
3.55493
0.817723
-4.24003
0.899284
1.78644
0.561958
1.77612
5.78527
0.513075
3.33206
2.36173
1.93317
1.89711
1.39735
0.0113741
4.08891
0.835918
0.264976
2.15596
3.15904
1.2886
3.21998
0.748288
2.06169
0.318249
1.96991
1.19944
7.56884
1.05869
1.49829
2.23347
2.33099
0.214201
2.27506
1.74681
2.0768
1.94951
1.48129
1.63806
0.985468
0.744391
0.527155
1.92282
-1.03775
0.863778
5.876
0.216387
1.67696
-8.54626
0.245078
3.01254
5.36165
2.77968
0.573051
1.98347
10.1621
2.83304
2.39382
0.870538
2.12355
2.12537
0.258211
0.226396
1.07044
-0.409941
4.87686
0.816602
1.02753
1.09722
1.49225
0.906684
1.54077
2.42618
2.11245
0.896864
2.1022
0.125525
3.2716
2.65019
3.70321
2.13087
0.459082
7.51686
2.59195
-0.0557787
3.7583
0.25624
3.40088
-1.77795
1.75066
0.436722
1.81082
6.85703
3.06989
2.00414
2.37778
3.50353
2.50818
3.87233
-5.78257
0.30547
1.1568
1.86313
0.241335
1.26481
-6.08797
1.53347
0.216229
1.41307
-0.221902
13.2195
0.931351
1.60559
0.176416
2.74398
2.71568
3.20256
1.93208
2.54936
1.12351
0.657877
3.53037
2.07121
2.30989
0.902672
0.37062
2.22197
0.184522
4.3292
1.5111
1.99904
0.756107
3.21548
0.150817
2.92056
0.0786157
3.10522
1.41096
2.00953
1.47041
0.842102
2.17792
0.399247
2.29672
0.756055
4.02595
2.28763
2.37235
2.1254
1.9809
1.98869
0.260847
2.36103
0.890282
2.764
2.13497
1.15671
2.42294
-0.320086
5.40496
1.5076
1.51919
3.03965
0.269985
1.98135
5.0036
1.70118
1.27304
0.606756
0.0391301
4.15298
0.347269
2.7563
1.41874
1.40748
-2.50083
0.517215
2.89868
1.85323
7.61403
2.56674
-15.6953
2.12107
3.15071
2.95952
0.174713
1.82967
0.328217
3.55267
0.243117
2.23578
1.95763
0.0735031
3.65054
-0.451324
2.15617
2.60223
0.272205
2.038
2.12664
0.798718
1.87147
2.05593
-3.61888
2.90659
0.773429
1.90389
1.94811
-6.60264
0.382952
0.435953
3.97847
1.17293
0.25848
2.03414
0.725568
2.2887
0.368425
3.75885
-0.0444874
0.885315
0.368759
1.77241
0.099424
3.8942
0.218884
2.8525
0.120422
3.67922
0.191152
3.66985
1.24939
3.23801
0.752281
1.13012
2.04504
2.10721
2.13315
2.10951
1.59973
3.39424
3.15068
1.23971
1.40406
1.51045
1.38939
5.3608
0.259573
3.6645
1.82599
8.49188
5.15624
1.93418
3.27777
2.38212
-0.462036
5.38638
2.48673
1.91904
1.22512
-0.546602
2.06909
-0.253933
0.224569
2.03727
-0.116783
4.58371
0.261006
1.6277
0.898483
2.32401
0.999395
0.231942
1.87449
2.65383
0.0673517
3.27825
2.27635
3.58067
2.16395
-0.0787141
4.07908
3.0748
1.54493
0.747101
3.30646
1.42657
0.89333
3.88137
1.7301
5.4703
3.06912
2.2051
1.5648
1.79698
2.5627
3.08001
2.87863
2.70603
1.83511
2.76062
1.61885
0.252845
1.67311
0.666557
0.123181
1.64596
1.07458
2.43963
-0.452819
5.03499
3.76689
1.70459
1.19856
1.05034
1.08691
0.255358
2.5046
1.01331
1.22686
1.83545
0.503114
3.26375
2.47647
0.301567
3.21428
0.244144
1.71249
2.6711
0.197044
1.17758
0.882292
0.52004
4.30741
1.70885
5.00584
1.82146
0.924315
2.70531
4.97081
0.376026
1.67077
3.59705
0.483444
0.315248
1.86414
0.753433
3.63121
0.243177
2.17239
0.370648
1.46407
2.16063
2.41908
1.27205
1.44492
0.907499
0.603703
2.30166
0.956205
2.92646
1.13964
1.1186
1.00579
5.26365
0.281203
0.811999
-17.0645
0.0845253
3.2361
9.171
1.88039
2.9749
0.497809
0.273187
2.10565
1.21012
0.720827
4.23105
-0.0739383
3.7084
0.268944
1.71346
0.90071
1.31664
2.30484
2.12005
0.349611
3.2544
1.96163
1.18811
4.57261
1.73149
0.668388
2.28853
4.0659
1.09064
3.54415
-0.149457
15.6858
2.22651
0.333241
1.62582
0.708611
0.147969
4.71113
0.386439
3.82346
0.935679
3.32563
0.226089
1.90261
2.14833
0.914976
1.04617
2.81505
0.450411
1.71859
2.82276
1.65875
3.35338
2.008
0.166617
1.0963
2.43038
1.95996
0.492448
2.00403
0.950292
3.37707
0.128994
3.33449
10.8554
0.734885
2.8918
5.98384
1.26412
1.66236
0.867015
2.04946
2.05974
1.09648
1.84045
2.39284
0.776454
0.21844
2.93975
0.778572
3.21649
3.12249
2.7555
1.05198
1.69195
0.554259
3.56807
1.45712
2.12625
1.28522
1.54017
2.39759
7.62211
5.86076
1.00228
-0.0529918
2.84658
0.443712
2.2466
1.50144
1.81945
3.04327
1.9759
1.62097
0.644939
2.09104
0.223719
1.81091
-0.111564
4.46186
0.731634
3.0046
-10.6596
0.646266
2.79579
2.55433
0.791545
0.905556
2.39875
-1.52284
-5.52279
2.37792
0.954032
0.504592
2.27942
1.02594
1.90102
2.03115
10.8137
0.188951
1.42641
0.820605
2.01256
-0.974173
2.98777
0.443299
0.720288
0.914978
0.465063
1.57644
1.44625
1.28438
0.389269
2.26611
0.235873
4.70525
2.59706
2.2561
2.55473
-0.953683
1.84559
-0.15733
1.09227
0.671645
3.37251
2.04627
0.486266
2.4489
2.50542
1.73475
1.36466
0.173202
2.83809
0.24151
2.10926
-0.238477
1.16528
0.234082
2.14991
2.38223
0.241311
1.87559
1.21543
2.1493
-0.464558
1.97459
1.6995
1.16376
2.20834
0.469858
2.29709
1.98335
0.61851
1.44777
2.31645
1.35055
0.760988
2.95115
1.8822
2.18979
-2.07662
2.18498
0.983959
1.73264
0.421629
2.66869
-9.17164
2.48928
-3.54595
1.30468
2.24492
4.36128
3.67516
1.14419
1.08286
1.89515
1.84849
2.5226
0.936211
0.609101
3.31469
0.740395
0.04415
3.36191
0.849061
3.62288
2.96624
0.0733351
0.886296
1.46254
1.02015
0.181048
2.61133
0.158213
2.76281
0.989386
2.3641
0.450428
3.63313
0.467853
2.99226
10.1022
1.52244
-0.0309125
4.67213
0.545839
0.609242
0.704934
2.29478
1.43438
3.43358
0.278742
1.9142
0.589114
-0.313477
0.160325
4.00673
0.709655
3.16792
1.66229
-3.3914
-5.0088
1.79565
0.292779
0.839685
2.4434
1.55882
1.03849
0.893971
2.05409
1.93184
-0.106894
5.08361
0.179535
2.54533
1.29486
0.534986
0.126718
1.98323
0.628417
2.43959
2.0138
0.871191
1.61797
2.06002
3.66272
1.4207
1.95249
0.695611
-0.0532927
4.13805
0.856199
0.305141
2.06362
2.00853
0.267393
3.56666
2.14592
0.249805
3.22151
1.7992
0.312153
3.30478
1.80164
0.193512
2.59693
0.285185
1.98256
1.69717
0.126409
2.86947
1.28254
1.45157
1.84154
3.01713
1.77982
0.698015
0.268608
2.68605
0.423991
1.90931
0.968484
3.13491
0.494129
0.233318
1.54945
4.08651
1.52184
1.24942
0.868258
6.50174
0.862246
3.82506
1.07577
0.269303
2.44358
1.54227
0.082028
4.00367
0.997485
0.561032
2.15033
1.03392
1.93572
2.87552
3.09158
2.70815
1.34027
-0.316591
4.78466
1.54084
2.20056
1.64162
2.81458
0.0122793
3.66765
2.44054
1.23346
3.478
0.0753262
-2.20235
0.328907
1.45583
1.35246
0.631684
1.23117
1.54154
0.653725
2.13917
1.64503
0.266672
1.57626
2.45095
0.0665117
3.81088
-0.0212969
3.74511
0.0539707
-12.3936
0.677111
0.868447
1.83565
2.44716
0.839912
0.66969
1.14153
0.239528
3.79624
0.235567
1.91728
1.77689
2.21322
0.792327
1.8294
3.08769
1.8797
0.830953
0.59299
3.06803
1.71576
-0.0472033
3.97251
0.848731
2.72605
-1.68158
0.370047
0.321076
2.32027
0.465906
1.69082
0.829353
0.202077
2.76953
3.45327
0.223419
2.74107
3.82977
1.1541
0.814025
0.769317
1.06253
2.44947
-0.523298
0.236159
2.85194
0.391212
1.45252
2.05697
1.23574
3.25246
1.02327
1.82395
0.994137
6.71083
-6.66789
0.722447
3.23367
0.976729
0.398635
3.44069
1.99016
2.21947
1.11604
2.81985
1.87641
0.21371
2.49702
-0.00796898
4.4333
-0.220112
4.21198
1.97052
1.87938
4.01852
1.37347
6.27872
2.52429
1.25265
3.12468
2.12215
3.07387
-0.346363
4.62248
1.68926
2.08523
0.328437
1.73825
2.4012
2.60099
0.648147
0.967733
6.5403
0.795487
2.16798
0.77293
4.72909
1.32092
0.210459
1.58457
0.358702
1.8621
0.393701
1.55162
0.750092
0.867176
1.2983
0.498069
4.05133
2.24517
0.526302
10.0507
0.589691
1.89227
3.39001
3.02219
0.823573
1.81241
0.427424
4.10538
1.66182
0.223821
2.65342
0.604453
0.824305
-0.0827613
4.63184
0.199766
2.36328
0.270511
3.47742
1.72474
4.24625
0.51184
1.32454
1.00252
1.28285
-1.18812
1.31603
1.61871
1.52583
1.84086
1.22863
1.88513
2.97396
0.257973
1.979
0.713279
0.833638
3.65676
2.56037
1.99086
0.691943
2.47941
2.22522
2.78967
0.25307
2.13127
-1.05126
3.77796
0.0584423
3.75156
1.15423
-2.73331
1.19035
4.49435
2.82323
0.796672
0.229184
1.69243
2.40751
1.54828
3.11186
1.87566
1.03269
0.127571
1.09639
0.15934
2.13821
3.35057
0.414286
2.22427
0.306719
2.19844
2.88212
2.19835
1.01628
1.80919
0.929499
3.5658
0.0920268
3.10629
2.36793
0.226081
1.94816
1.67196
4.23365
0.777769
0.160914
3.19962
0.0942745
3.03645
2.48683
0.957594
0.416929
-7.97975
1.89347
0.896352
1.91938
0.598523
3.78293
0.286389
2.76147
1.73901
1.12736
0.212516
-4.40708
1.54958
-0.323555
5.20233
0.397535
1.64712
0.249932
2.93083
2.34213
1.40799
1.0977
1.11846
0.35656
1.60419
0.919335
2.07278
-0.548621
6.29495
1.7337
2.06334
0.501599
2.16389
2.24763
2.58276
0.791075
2.43189
1.7453
2.57103
1.0112
1.97322
0.915224
1.8278
1.62687
4.04476
-0.725659
3.68325
1.36816
0.992596
2.91716
0.615421
3.96716
3.37721
2.29356
0.874422
0.281619
-0.188511
1.01543
1.14385
0.784012
2.99417
1.8189
0.24569
2.0222
1.19343
2.31258
0.218614
2.52919
0.598054
1.83729
0.852629
0.238027
1.74416
1.77366
-1.71418
0.420966
3.18822
1.50269
1.42446
0.393919
2.16681
0.125713
3.20987
1.0859
-0.372195
0.466623
1.53823
0.463002
2.81065
1.68618
0.233527
2.05436
3.69652
2.01172
0.553424
3.3735
1.82657
0.549178
2.31451
2.73071
1.05476
0.6059
-0.178038
5.06943
0.874227
1.01531
1.70957
1.21078
1.35064
0.204379
0.860488
2.72126
1.10987
1.4459
0.782622
1.64731
2.18022
0.814919
2.71513
2.56592
0.797375
0.707134
0.242091
1.27304
1.99175
1.93714
1.9962
2.2108
0.781597
1.18232
0.941718
1.4608
0.50185
2.63437
2.3373
0.913956
1.3525
1.38881
1.96699
0.288793
1.82946
3.66594
-2.56053
1.41029
0.376791
1.84411
2.13466
1.24345
2.25844
3.11967
2.1297
1.60386
0.240235
-14.6017
0.963657
0.246855
3.31227
0.919026
2.45254
0.941128
0.650334
1.05535
0.775256
2.53805
-0.0626499
0.784389
2.87105
4.64927
0.0465301
3.24356
1.39086
1.4322
0.457561
2.0853
1.49412
0.49651
1.9281
1.11577
1.26931
1.6865
1.72144
2.03708
2.13482
2.35852
6.88192
0.898875
0.789541
2.79532
1.60356
0.259234
1.76277
0.790073
2.32899
3.6595
0.547876
3.19984
2.70492
1.36487
3.95468
1.14758
4.67442
0.742733
0.65718
0.712718
0.32435
1.58907
-0.0320455
4.80577
7.79331
0.239992
2.49792
0.272121
2.01392
0.438802
2.27019
3.47713
2.40654
1.88182
3.33867
0.863073
2.54644
0.656944
3.83419
2.25154
1.58465
2.1387
-12.7581
2.00436
2.31457
1.93414
8.01618
1.07452
-2.07628
0.419077
3.07025
1.47656
1.93612
0.343387
0.327826
4.72148
0.707092
2.92422
0.727315
3.09049
0.589546
0.458565
1.08254
0.98933
1.8619
0.0287098
0.943137
1.85209
3.02849
2.28221
0.33861
1.98292
1.55953
0.268663
2.53867
1.45619
-0.341017
-0.0357255
3.65355
0.765569
1.81775
1.94505
0.57175
3.79151
2.71657
1.94257
0.871805
3.26745
0.235256
2.2043
1.66759
0.929004
1.54599
0.540176
3.498
-0.346283
4.91124
-1.07907
4.84854
0.851072
1.53363
0.497688
2.82673
2.38282
0.398803
2.4234
0.633365
2.13056
2.05903
1.48394
1.83339
0.349921
1.52141
0.34044
2.58169
2.12563
1.09878
1.88575
2.18911
0.577192
3.20621
1.37374
0.600159
0.135275
0.986434
1.78099
2.04666
0.943138
2.26856
1.86648
2.5384
0.310481
-4.58931
-1.05479
2.32215
0.680471
-1.76923
1.9686
3.04305
8.6505
0.250243
1.86554
0.745007
2.46938
2.5953
1.7828
1.34007
1.88887
3.15047
0.482449
3.81157
0.206164
2.70445
3.59238
0.458647
2.38748
1.22652
-0.154873
1.98703
1.43548
1.13507
3.83863
0.347978
1.79472
12.7067
1.91909
1.02624
2.03193
1.34644
1.36168
0.324082
2.38818
0.670785
3.74708
0.900345
2.0871
0.148843
3.72114
2.94594
-7.65102
0.775814
2.24011
4.28014
0.88682
0.292701
0.12077
2.97973
1.57315
2.28993
2.24937
1.68915
1.41934
0.755853
3.18875
1.06337
0.557693
2.01497
0.373297
2.14624
0.423386
2.91148
0.582294
2.17796
2.44897
4.65312
0.794427
0.935346
3.23521
1.43701
1.19525
0.323179
2.86839
0.148034
2.75344
2.99244
1.15829
0.251544
2.4343
0.151648
3.52687
2.17266
0.710434
4.19391
3.01142
0.59819
0.240141
2.35549
0.659601
3.61917
1.99331
0.297224
0.943839
2.34419
0.292941
3.87571
0.74757
0.340032
2.23758
1.97536
0.203962
2.41958
1.55268
-13.9896
1.16742
3.11707
6.34524
2.78686
1.50556
2.40298
1.89021
0.802709
-8.17067
-2.13743
0.222581
2.26376
1.0872
0.749232
2.24274
1.49685
2.86017
2.21829
1.21883
5.08547
0.773725
0.663757
1.84164
0.702297
0.203263
1.52885
-0.295371
4.48709
0.881141
2.10679
0.0948927
3.26948
2.86244
0.478302
1.74404
2.78645
2.72549
0.593178
2.55149
0.760896
1.15006
0.9387
1.24588
2.32432
0.30474
3.05906
0.994544
2.26314
0.383578
2.94504
0.761655
-0.474529
5.27988
3.62006
2.33978
-0.424695
-0.0886094
3.8679
2.02553
5.10504
0.540417
2.43101
1.58132
0.300518
1.75653
0.766509
3.13245
1.71295
1.53548
-1.43215
2.31415
0.789287
3.18194
0.140684
3.02339
0.869581
-0.919362
1.80395
-3.65968
3.46303
1.17624
0.951329
2.62624
-1.72979
2.06077
2.02715
3.68436
1.15335
0.98273
0.723395
2.48201
3.07746
2.09108
1.48327
0.336167
3.72096
1.61669
1.33434
0.785572
2.22767
0.420567
4.73876
0.486915
3.48386
3.03554
2.12756
1.02901
3.15959
2.81038
0.135597
1.06661
0.832909
-0.234284
4.67498
2.25373
0.82781
0.256686
1.93275
1.85838
0.687699
0.479474
0.896583
0.952959
1.46537
-1.34989
0.915851
3.19032
0.236487
2.77097
0.33555
3.38182
0.604537
0.530338
1.7889
1.10118
0.821107
2.83907
0.581855
1.50304
0.338936
3.05309
0.576229
1.78491
2.10281
1.72131
0.612894
2.18552
0.75332
3.8114
3.21482
0.338063
3.46023
1.46346
1.23794
0.0210198
3.44086
0.154835
1.8452
1.11439
1.56789
2.31291
5.13009
0.195902
1.3022
0.314445
0.976035
0.190309
2.14437
0.430996
2.29421
1.64468
2.86356
1.94156
0.476335
3.68921
1.10011
0.134251
2.9265
0.961651
3.73368
1.46252
-0.0766497
4.89471
0.560775
2.61848
0.459557
0.874576
2.15696
0.192989
2.64489
0.182368
3.47562
2.786
1.25584
0.205196
3.10116
2.64191
1.00406
2.12276
1.75694
1.17072
1.82517
0.786834
-0.25027
4.48796
0.591116
0.586158
1.41286
0.225036
1.61484
0.437236
1.96898
1.33739
0.167848
3.89444
0.180001
1.20638
1.92522
0.210273
2.36657
2.1535
1.96057
-0.216624
2.28005
1.45448
0.205097
2.46981
0.213457
2.32211
0.983514
2.07945
1.92025
2.03763
0.163956
2.65124
2.41333
1.878
0.51381
1.52884
0.827469
2.50829
2.49408
0.836074
2.55667
0.172154
1.12152
2.81718
0.570191
1.42939
3.21483
2.04724
0.277088
2.21174
0.413164
0.227202
2.23831
0.757348
2.74634
0.796478
0.203144
1.09398
2.09513
0.452792
-0.613201
0.823166
2.05234
0.96359
0.522931
2.35909
3.19316
2.13199
1.57944
3.22614
0.185073
3.77025
2.18752
0.433903
2.48654
1.78021
0.795025
8.59103
-0.363228
4.72554
0.861423
0.521927
0.101357
3.17154
0.862035
8.92728
2.55866
3.15227
5.99833
0.887415
1.82469
3.18986
4.063
0.36373
2.67811
1.72893
0.233427
1.66208
1.74135
4.26848
0.870016
0.138253
2.8109
4.76775
0.171637
2.59961
0.958317
3.34775
-0.439488
0.398989
2.62962
0.366438
2.14192
2.31676
-0.909219
0.858653
2.08642
0.184994
4.47859
-0.763486
0.193763
2.70742
0.193208
3.05912
1.69368
1.4606
1.92021
0.277436
2.36993
0.392694
1.85887
2.11412
-1.63544
1.76114
0.455328
1.93269
2.16555
0.840657
2.65089
0.22525
1.99356
2.34293
0.930188
1.57295
1.12118
2.10029
2.24624
0.552357
2.55172
1.12257
0.941831
1.15081
0.0295734
3.72845
0.794933
1.10326
1.60297
1.61714
0.272127
2.94156
0.208489
2.30662
-0.31324
4.65795
4.05063
1.827
-0.947051
1.93922
4.38176
1.94836
0.72773
3.63752
0.283395
1.76482
1.7386
0.114403
3.54201
0.446809
1.86694
2.49821
1.99913
3.026
1.20203
0.511253
1.29798
0.301827
2.66578
1.20427
1.96349
1.22288
0.914279
2.66161
1.41332
2.60156
0.275399
1.82464
1.14214
1.09864
0.454661
1.8792
0.708464
0.230799
2.38951
-1.25764
-0.793026
0.261291
0.850717
-0.49261
0.0522103
2.12332
0.763862
1.55066
0.301423
4.04405
0.677587
1.82585
0.24576
1.97088
1.00495
1.82208
0.236626
2.31079
0.988898
1.771
1.23639
1.01847
1.43542
0.149015
2.81663
1.44008
3.29132
2.40962
2.13998
-0.967447
1.90832
-0.238767
1.10347
3.99897
-0.129444
0.627772
-2.00446
0.817572
0.743181
1.8861
1.92502
2.06141
3.98152
0.662645
4.4696
-0.249974
4.58739
0.246358
1.91815
0.122316
3.1178
1.03907
1.41379
0.569388
0.293531
0.686369
2.6223
0.190716
2.26463
1.30605
2.59841
1.70632
0.84886
0.666082
2.15057
-5.44614
0.318236
0.696397
4.34112
0.188658
2.54716
0.755507
0.186222
0.604645
1.02498
1.18539
0.180778
1.13639
3.23793
1.01415
3.44515
4.20787
2.47856
0.575708
2.37525
2.69905
1.29395
0.721276
0.24691
1.58433
2.00533
0.293674
1.89553
3.56289
1.71785
0.135115
0.0197841
3.81781
0.673815
0.645441
2.7246
0.85422
1.29534
0.933089
3.89754
0.315849
4.12098
1.4317
-1.15588
1.60438
2.04264
2.01114
3.43341
-0.40607
5.40994
2.77348
1.63596
0.219189
4.1699
2.07922
1.57293
1.78042
1.64021
1.1192
0.784319
2.44499
1.66448
0.774799
3.24698
0.801592
2.81071
1.84125
2.11534
2.126
0.228183
2.16857
0.265289
1.41421
0.207683
2.52643
0.15062
0.803136
0.825769
0.614647
1.17148
3.90363
2.46026
2.09611
1.09217
0.526594
3.29359
1.29269
1.00791
0.639588
2.06464
0.346853
2.6036
2.47249
2.20934
1.30903
-1.94064
0.228702
5.40354
2.36422
-1.53686
-2.43044
0.533611
1.93552
2.98038
0.757612
1.24231
0.448478
3.14255
1.19129
0.232153
1.42883
1.50561
1.43197
0.960728
2.11552
0.987355
3.09461
1.23193
1.84418
0.0597371
3.39652
0.568921
1.98908
0.414519
1.86033
1.5323
2.02373
0.862237
4.15064
0.741292
1.40633
2.66492
2.02948
2.6084
0.381383
1.94717
2.2253
1.04006
1.41216
0.760233
0.853417
4.09629
-5.84196
1.37748
0.987968
1.40513
0.399766
2.33114
3.9632
1.60196
0.253774
2.66318
2.14737
-0.0163935
0.796523
2.13683
0.266618
0.467133
1.29849
1.08632
0.0906637
1.39981
2.14236
0.278306
3.09617
0.434096
1.93625
0.0280036
1.28161
-0.691382
0.781012
2.21594
0.73934
1.61487
1.0463
3.77069
0.771462
2.29667
0.771912
2.35804
0.125779
3.15742
0.963548
1.79074
3.14797
1.27004
0.828995
0.543911
-1.98659
0.667898
2.56512
0.803092
3.08646
0.235513
1.96333
1.66296
1.2803
-0.234426
4.75968
1.74347
-0.10259
4.27042
0.872931
1.88773
2.11125
0.417595
3.09456
1.18103
0.754865
1.86907
2.93138
0.833713
1.06571
3.50919
0.482584
1.82339
0.619519
1.92559
2.05264
2.09574
0.61292
0.799306
1.85788
0.539093
2.75995
0.744696
2.3277
1.263
0.46794
1.90501
2.35364
1.24823
2.21847
1.91405
0.785404
2.68019
3.28479
0.801604
2.26896
0.500442
2.23938
2.31525
-2.51543
0.918933
1.80835
1.94631
1.55008
0.422784
-0.186116
4.45316
1.61939
1.22234
-15.2747
-0.0130664
4.00232
3.40178
1.12277
0.397182
1.03161
1.23622
1.30679
0.222664
1.66175
1.79048
1.80856
0.796909
1.26719
0.936257
0.56904
1.85834
0.278831
2.30425
1.84881
1.88778
2.99533
0.782222
1.32356
3.17399
1.19891
2.0388
2.31884
0.261639
1.02852
1.22373
0.498559
-0.29542
0.319387
0.320304
2.32277
1.4482
0.234361
2.01091
0.310973
1.62183
0.233055
1.82713
2.19876
0.506109
3.74195
2.07302
0.137506
1.13171
1.97313
2.10796
1.33756
0.819706
2.49824
0.26207
2.59973
0.37638
1.58481
0.867343
2.16768
-0.619262
0.273339
1.29341
3.10248
1.45979
3.00011
3.38621
-2.18246
0.262743
0.293913
1.70572
1.59497
0.909407
0.825409
0.792755
1.5816
-9.51417
1.12773
0.938042
2.48223
0.388832
4.18263
0.604551
0.277687
2.59754
0.09886
0.258953
1.54804
1.66068
52.9938
-0.0519246
3.85445
2.67082
1.90295
2.43474
3.02922
0.956239
1.35811
2.13166
2.34514
1.24768
1.37
0.50248
0.52111
0.166452
2.79653
0.804207
0.566592
2.82482
0.364708
2.46752
2.27775
0.164466
3.26877
0.959222
0.86906
0.37613
1.44078
1.33182
0.395001
3.57243
1.14388
1.03857
1.95414
-1.72959
0.212294
1.63265
-1.11033
2.30441
0.8016
3.34728
0.254505
1.81837
0.673729
2.02701
2.87029
1.98324
1.84656
3.02606
0.687316
1.16316
2.65856
0.72634
1.44795
0.891122
0.261404
3.05719
-0.0612676
0.618607
0.154017
3.08806
0.79352
1.92196
12.7043
0.0764525
3.45904
0.546135
0.249719
1.53774
0.202207
1.45077
2.18154
-0.761017
0.808501
1.77835
0.469239
1.39314
1.77204
2.43082
-0.961434
1.99658
8.37146
0.497668
3.05077
0.168136
3.00596
2.49719
-0.630884
-3.01934
0.835344
3.55859
0.0150429
3.37927
2.80742
0.241469
1.63149
2.86393
1.05051
0.699946
2.20878
2.75142
1.40803
-0.565659
0.636714
2.28809
-0.0957384
3.79231
1.28132
1.90352
2.13197
2.63772
0.296037
2.47925
0.785494
0.35943
2.06625
0.318976
3.30965
1.31836
0.808426
0.119902
4.15241
0.921681
1.60021
0.436987
0.162841
2.71683
2.18581
1.17495
0.173959
2.65606
0.850995
0.217606
2.17072
0.179738
1.37541
2.75299
-0.0303062
1.90371
0.738672
0.390147
2.56238
1.2959
2.08689
2.64721
0.503405
1.32889
0.218454
4.25818
-0.00338823
3.44027
1.25252
0.845834
2.66187
3.67389
1.99735
1.90602
0.186368
2.49272
1.86692
0.52434
2.6946
2.92342
1.21545
1.97306
1.6085
-0.0407351
4.25625
0.908178
0.955427
1.4569
0.0596645
0.28266
2.30616
0.665865
0.216167
0.290675
2.23396
0.0487816
3.96584
0.82783
1.32388
0.872831
1.0277
1.32979
0.192801
2.84636
1.6717
1.59831
0.20248
2.52792
0.220731
2.20956
0.294696
3.12801
0.206981
1.58233
2.02825
2.0573
2.60803
0.737654
0.938707
3.96485
0.296843
1.97606
0.335611
2.22275
1.82811
1.86186
1.38751
1.70052
2.18751
2.40623
2.44078
1.74147
2.61298
0.262155
1.57887
0.226119
6.97835
0.157403
8.76579
2.507
0.507811
4.54541
2.06158
1.36184
2.24491
0.816013
2.10344
0.73403
2.21137
0.474305
2.17776
3.81177
0.695251
0.788258
1.73546
0.791182
0.330831
-0.137131
4.13591
2.94777
3.46864
1.23608
1.83257
0.675602
2.09907
1.84087
0.33121
1.88192
1.86383
2.25979
3.56074
1.91009
0.272482
-1.04174
1.41949
0.873155
2.28622
0.542902
1.87335
0.304517
4.15106
0.950841
1.05541
2.21664
1.32303
0.326499
1.81194
-1.87299
3.95888
1.95542
0.905556
1.61893
1.75107
1.72579
1.39275
0.451947
1.96961
2.94666
1.63882
2.17636
3.2762
-0.0122419
2.95279
0.062719
3.17587
2.77116
0.593867
0.421147
2.39239
2.38996
3.30184
2.15977
2.93464
3.20549
2.1895
1.23353
1.34725
2.31765
1.38438
1.98
1.9094
1.73967
-0.138666
4.82809
0.712952
2.50835
0.6161
1.84532
1.8973
2.14759
0.687917
0.507294
1.68003
3.08627
0.440334
-0.430643
0.36975
3.54747
1.5266
0.662523
2.31069
2.02042
0.671372
3.88618
1.56347
2.08516
0.250788
1.50729
0.341131
4.45206
0.114753
3.78126
2.03861
0.207513
1.25155
-1.07556
2.44649
0.200994
1.10415
1.57563
1.84613
0.141232
3.43114
0.801898
1.74807
1.83683
0.21811
1.72104
1.74006
0.146898
3.05221
-19.4294
2.30075
0.247263
2.36683
1.2789
-2.51196
-0.59546
0.868452
0.711113
2.11172
-0.0305062
3.88598
2.81885
3.86461
3.35449
0.539866
2.96014
0.296007
2.96597
0.224294
1.8571
1.03667
2.78296
-0.474864
5.16622
1.86017
0.811707
0.717173
2.86641
0.196369
1.47728
1.40932
0.345052
2.00414
0.689529
1.41089
0.23796
0.316749
2.60487
0.414958
2.51172
0.157111
2.86547
0.813315
4.04457
0.293418
3.06771
2.37938
1.75554
1.30915
1.54297
0.626065
3.10376
2.64556
0.346429
2.27866
0.253039
2.31884
1.81673
1.00499
3.12929
1.82059
1.40322
0.257361
2.09353
1.65525
2.15807
1.46882
2.20952
3.17356
2.50451
0.295541
2.35697
2.06936
0.494411
0.5918
3.41042
0.164069
5.00401
0.0494296
0.708828
2.44262
2.06397
0.0630117
0.821042
2.32547
1.67665
1.82752
1.6218
1.74189
3.47475
3.58127
0.800547
0.227691
2.9761
1.68611
1.96446
2.25039
0.982349
3.15177
0.342294
2.00704
-0.799994
2.14187
2.68317
1.83232
0.551596
3.66222
-0.107946
4.35882
1.84447
1.93706
0.847796
0.973783
2.51013
1.14536
0.158139
4.27156
1.63019
1.58492
1.61271
0.629876
0.357107
1.53731
0.802924
-2.98543
1.2929
5.29487
0.200231
2.88444
2.38106
0.244333
2.07198
2.08882
1.20882
1.89724
0.590496
2.41628
2.87752
0.710339
-0.316361
-0.301813
5.06102
1.9669
1.09195
0.880773
0.481853
1.312
0.307059
1.81977
0.0404327
3.64391
1.6269
5.39122
0.485522
2.73134
2.63974
0.744557
5.53442
1.92763
0.324368
2.16572
0.413893
2.105
2.84824
3.54355
0.555672
2.154
0.325488
1.66408
0.0924464
2.04713
0.944341
1.08643
0.412616
1.80236
1.86269
0.756847
2.04799
2.15518
0.231921
2.09101
0.604279
2.87911
1.01931
0.197701
2.39721
14.8969
0.448756
2.54439
0.73969
0.327316
2.91142
0.208112
3.36364
4.15095
3.99417
2.33685
4.77745
3.26819
0.367084
2.53877
1.14574
0.135901
0.273237
1.52306
1.38953
0.531738
0.858788
-3.76253
2.95675
2.71876
4.22338
2.13064
1.83929
0.736522
0.261863
1.53199
0.778357
2.54887
0.776281
3.3362
2.21679
1.86532
3.10619
0.240021
2.68014
2.06993
2.09995
0.467135
2.3958
0.98287
0.270796
2.52168
4.56872
0.127212
0.531365
2.23469
0.981806
0.587805
0.309757
2.26098
2.04918
0.551822
0.158312
1.16512
1.36418
1.26748
0.702022
1.81353
2.24625
1.24075
4.36723
1.80669
2.7846
0.732438
2.3438
0.383479
2.38432
0.880823
1.87696
1.27146
1.32762
1.71119
-0.200221
4.33428
1.72465
0.582808
0.022144
2.18441
1.91775
1.66992
3.38959
1.90101
1.76845
2.69126
1.12891
1.3352
1.73736
0.464565
2.60197
1.83106
1.69721
0.0677414
2.16296
3.25202
1.09538
2.84367
2.18902
0.485287
2.08767
0.360486
3.22415
0.297887
1.64744
2.04822
0.430642
3.87581
0.951431
1.49975
0.959445
1.01034
0.654884
2.5552
2.17838
0.616343
2.75023
4.1267
3.4497
-11.1624
2.45603
0.221245
1.38384
-0.250645
4.34173
0.330312
-0.0770614
3.75553
1.34037
0.901785
2.74735
0.154992
2.70317
0.909921
0.877656
3.16138
0.332601
2.51338
0.362517
1.15103
0.263427
2.24331
5.3325
-0.117421
4.20065
0.0587317
0.58538
3.6807
1.16583
4.48029
0.619846
3.13548
0.580611
2.68775
2.55194
1.8668
1.93233
1.76943
0.198619
2.95646
4.20379
0.356517
1.62691
0.950073
1.33108
0.803803
0.218208
1.31511
1.03939
0.419905
2.08616
0.514951
2.61611
1.67347
1.76854
0.562608
2.48638
1.32973
0.515016
1.72787
0.290675
1.21002
2.17777
0.33742
1.09666
0.186211
1.34855
0.660596
2.05639
1.31042
1.32329
-1.02961
0.712424
2.70839
2.12792
0.735325
0.354744
2.17244
1.30069
0.453242
4.13671
2.33046
1.05313
0.268586
1.85079
3.38649
1.03143
0.544295
0.305284
2.5421
0.846131
1.79938
1.0484
0.160135
3.13485
1.94837
0.44312
2.01807
2.65941
1.33788
3.20054
1.77509
2.45059
0.221927
1.76528
0.71957
3.29378
2.29413
0.862663
1.1961
2.9056
1.97905
0.835223
1.04366
0.259842
1.87918
1.38839
0.257371
2.76231
1.20852
0.512628
1.98334
8.07792
3.00022
0.0454796
0.694569
0.503111
2.50827
0.416086
3.59391
1.78039
0.722915
0.10412
1.01499
0.638253
2.22399
0.808379
0.0897413
3.16543
0.287509
2.03612
1.6052
3.30071
0.262121
0.107057
0.225928
1.74742
0.586411
2.2759
6.27623
1.57484
1.03145
0.455466
1.89413
1.79856
0.785107
3.34563
0.735343
1.97481
1.87652
0.304673
2.00251
2.0632
3.55293
2.26482
3.75492
0.448132
4.28288
1.98119
0.076002
3.20325
1.23309
1.67553
1.18659
0.818396
0.483661
0.559931
2.95796
1.84379
2.02597
1.13536
1.08752
2.00723
0.709773
1.5573
1.21191
2.76948
2.21311
0.294775
2.85679
0.875023
2.81856
1.16906
1.21613
0.978387
2.07746
2.18939
3.51603
1.75673
2.10497
1.02772
3.34309
1.79599
0.901005
2.74421
2.56136
1.57109
3.26784
3.08194
0.76227
2.20665
0.809581
0.910272
1.36466
2.95226
0.905192
0.360465
-0.700729
1.13414
2.91114
1.30047
-1.6622
2.7386
1.29326
3.44142
2.2596
2.8895
3.39378
0.703322
0.623327
2.12068
2.06621
2.86167
1.0092
3.3702
3.7273
0.105632
3.04494
0.21345
2.25141
1.77672
2.74453
-4.95905
-14.1987
1.88279
2.14682
1.11301
0.114022
2.92371
0.922332
1.39109
2.03465
0.775086
1.82129
0.920315
0.206236
2.69236
1.07199
1.05655
1.24974
1.09539
2.01438
1.72043
0.216296
1.61083
2.6818
0.735231
3.96483
0.457626
4.41981
2.18364
1.33524
0.354618
2.90621
0.89076
0.19496
3.48287
1.96323
0.167835
2.89904
1.37098
0.630212
2.48342
1.53883
0.814917
0.522164
3.44047
0.689223
0.325439
1.67907
1.34268
0.437371
2.35261
0.806903
2.33817
0.233347
1.69256
1.46254
0.0475229
3.55523
2.5791
3.30779
2.1747
2.49378
2.51708
0.436079
-0.412979
0.998635
0.0773502
3.54523
2.07454
0.615632
0.97695
0.691458
2.19587
1.97269
1.1272
2.22877
1.64779
1.01183
0.350027
0.330398
2.69675
1.34514
0.27061
0.108715
3.43224
1.63891
0.363146
1.97348
1.76794
0.486162
0.916079
0.380466
3.91386
2.0269
1.86875
1.61795
0.297328
3.95488
0.836192
1.83162
0.82936
2.35834
1.12811
0.63622
1.87765
0.869944
3.28448
2.89679
1.319
0.288408
2.1004
2.1223
1.51798
0.253053
2.20156
1.92361
-2.0946
1.53375
0.250324
2.59541
0.229272
2.47758
0.0979305
3.22232
0.427536
3.35472
0.813576
2.37342
0.409477
0.253421
1.4873
2.50469
1.20038
0.946497
2.21261
3.24434
1.78655
1.19908
0.782429
1.26641
0.157672
2.48794
1.00161
2.91592
3.45932
1.20172
0.168573
3.40003
0.110222
3.09451
1.62144
1.82223
1.08696
2.64873
1.30958
-0.0141979
3.6601
0.865724
2.59999
0.661726
1.57729
1.23556
2.45486
2.01535
0.141733
4.57241
0.620917
0.318046
2.59614
0.175881
1.28469
4.65506
1.46833
-1.96358
1.94937
2.08783
2.73048
0.594086
6.19539
0.705652
0.683961
0.906894
0.644908
2.67901
1.28165
3.46803
0.882231
2.15077
2.12237
1.97902
2.34252
2.0855
1.70117
3.34568
2.65407
1.4688
0.723814
0.0419155
4.45878
0.345968
1.38846
1.39272
0.259734
2.37074
2.1144
2.1623
-0.791433
0.284614
2.66485
0.0762915
4.31114
2.76532
1.24771
0.526418
3.98307
12.0361
0.738126
0.363165
0.437617
4.48174
0.369808
0.836266
0.227817
2.1329
0.216471
1.46338
6.11177
0.849327
0.850744
0.775945
1.17263
-0.657703
0.823099
3.33376
1.75603
2.41174
1.71119
0.732022
0.243068
1.8309
3.51129
0.125944
2.91533
-4.05115
0.851269
0.00750157
0.133769
0.432203
3.38668
0.702712
0.856887
0.927674
0.297183
2.29946
-0.154123
4.32404
0.436207
2.54916
0.666011
4.15071
0.480942
2.00371
2.61729
2.73031
2.86303
-0.935264
1.57784
0.365162
0.598857
6.71863
1.38808
0.445492
3.44978
0.800776
3.29173
1.94189
0.570714
1.89781
1.01046
3.29617
-0.72854
4.11837
3.16687
3.05914
0.45258
1.10622
1.3956
2.3963
2.34098
-1.7906
3.13767
4.02502
2.37779
-1.43832
0.488631
1.62496
0.602086
2.11326
4.21071
0.328105
2.44564
0.411248
-0.185475
4.16462
2.15636
0.766281
1.87136
1.87013
0.468315
1.99725
2.17251
3.54701
3.52541
3.04794
0.447693
0.833916
1.4818
1.09074
2.15906
1.23489
2.0709
0.290271
2.4302
-0.21829
1.7578
-0.342053
5.00266
2.19893
0.445939
1.94196
2.28925
0.788077
1.18065
2.2404
1.66711
0.260661
1.69233
0.0933797
3.32963
0.188941
2.44825
0.209035
2.25804
0.700717
0.171043
0.461268
0.843021
2.1887
1.63027
0.232597
4.39098
0.881132
2.20189
2.92849
2.42343
3.10732
1.18014
0.237991
7.32936
1.39764
10.1743
1.91675
1.17167
1.7923
0.186097
3.28864
0.991209
1.90311
2.31367
2.21128
0.748697
3.45278
3.35089
2.98589
2.464
2.05099
2.06627
0.842104
2.60783
-0.184788
4.1035
0.223524
2.08133
1.30928
0.788138
0.511054
-0.16801
4.24431
0.392914
2.34216
1.95739
0.47309
0.728041
2.09806
0.393246
1.72824
2.12771
0.966363
0.99798
2.26639
2.56366
1.54464
0.834111
0.648889
8.00993
0.73351
0.662121
-2.34924
0.925988
-0.151688
3.99875
2.20262
1.68135
2.2384
2.16861
0.655066
2.85732
0.216616
2.4372
0.0162667
3.89378
0.469615
2.22935
-0.00453163
0.303816
1.53331
2.39849
1.52977
0.795526
29.1355
1.05101
0.232199
2.27245
1.11442
0.0271739
3.31604
1.30357
0.816844
0.330507
1.96285
2.04782
1.34725
0.132211
-0.0282378
3.57759
0.11581
0.232493
1.78346
1.10087
0.341454
2.12229
1.04127
0.766138
2.78275
0.674899
3.07918
0.361073
2.3994
0.149022
0.197027
0.142324
0.701088
2.18505
2.09143
0.410051
0.325816
3.64486
1.89945
2.97068
2.12041
0.791237
0.857926
0.495275
2.56061
-4.39276
2.46656
0.706628
1.84941
0.205992
2.60395
0.449959
3.35885
1.4021
0.218627
2.13037
2.11098
0.728217
3.8817
3.00151
0.345697
0.196352
2.44338
0.69692
0.984278
1.24974
0.632795
2.76458
1.17193
2.20369
0.905631
1.80831
1.92218
0.791106
2.6803
1.24183
1.10717
1.28433
2.86321
2.74933
2.04783
0.408078
2.53134
0.534864
3.93375
0.947704
0.193629
2.48941
2.66995
0.220598
0.100371
4.4782
1.48845
1.39618
0.219815
1.5209
1.84086
2.03708
1.80266
0.301955
1.36184
0.435055
2.20496
0.845622
3.51912
0.41793
2.00732
0.744363
5.44473
2.27776
0.355327
2.33482
0.312581
1.89125
0.262184
0.866352
0.748166
1.47089
4.63775
1.71128
1.42773
1.34681
1.78626
0.242582
3.78185
0.968866
0.21298
2.21388
0.711244
1.987
1.84238
1.04501
2.11778
0.764647
1.09367
0.399849
1.96989
0.166748
1.22388
1.19808
0.706726
0.1247
2.91926
1.86801
0.267694
1.93414
2.39077
0.180242
3.01581
1.62794
-1.73359
1.63
1.67566
4.5268
3.72837
0.0975882
2.06898
0.820553
1.17082
-8.84907
1.77263
1.16162
1.81294
0.690917
0.584607
4.15813
2.58966
2.19171
2.88608
0.859704
3.39255
2.19759
2.77504
0.160566
1.26056
-1.13831
3.40655
0.655152
0.384534
2.25484
0.633666
2.24685
0.69109
-2.53745
2.14876
0.814261
1.25714
1.56982
0.494323
1.73245
0.898078
0.78653
0.238735
1.45882
-0.187204
-0.117827
5.26697
4.79742
1.02376
2.12759
0.10075
4.94306
0.192062
1.40402
0.319964
3.00433
0.264377
2.3047
1.18787
-5.90161
1.97416
2.05027
1.24596
2.45636
0.367024
2.40856
2.47745
1.00964
1.58646
0.239033
3.88178
0.661119
1.91811
0.721632
2.1919
-0.675789
-13.5212
1.07373
3.5758
0.611956
1.49631
3.07491
3.53493
1.81739
0.941383
0.21458
2.39695
0.883117
1.5233
0.0938183
0.445871
2.75674
0.222863
2.31173
1.81369
0.223597
1.85568
1.97956
3.39527
2.36232
2.04178
0.694781
0.42818
0.0300287
3.35775
0.351694
-0.420406
2.63747
2.20921
1.25766
0.430242
2.29953
1.87129
1.33649
0.424976
0.871811
0.228179
3.21042
-0.210321
4.81659
2.40342
2.83108
1.50528
0.226366
2.34515
0.658503
1.10681
0.257076
2.02161
1.84348
0.60791
0.873142
0.569475
0.41205
2.86286
0.736867
3.41255
0.299862
0.00886653
3.52027
2.04618
1.0233
1.03844
0.75406
2.15556
-5.66923
2.2985
5.75376
2.09999
1.96562
1.57302
-2.29533
2.13992
1.00513
2.09742
0.23886
1.19116
1.51088
0.14792
1.19856
0.834845
1.04645
0.618237
2.32855
2.8688
-0.576952
1.95383
0.835699
-0.543445
2.02001
1.46456
2.12945
1.64453
0.359367
1.801
1.67498
2.00101
0.523769
2.08723
0.117258
0.521689
0.455406
0.258678
1.00657
0.152787
3.47616
0.752395
1.25688
0.87858
0.672551
3.01871
-0.0722096
-0.557841
3.57388
1.23471
1.07763
1.8538
0.921155
0.239248
2.58125
0.283556
1.61619
2.69837
1.59241
0.318697
1.92219
0.394879
2.06126
0.177174
0.313559
2.11293
0.948499
1.91245
0.212464
2.63608
0.730759
4.00975
0.572348
0.0384031
1.58326
-1.42136
1.57316
0.0739021
3.17343
1.73316
1.8146
1.51418
0.136073
2.97319
2.2131
-0.502292
1.06452
1.42166
0.147972
2.12002
1.05357
0.733207
2.57275
0.195091
0.812653
1.39616
1.67937
3.04077
0.608061
3.31471
0.474822
1.60946
0.354306
0.103556
2.98017
0.389572
2.76093
3.23757
1.91976
0.514904
1.86091
0.549812
2.06671
1.11171
2.51047
0.549736
2.20544
3.22184
3.47104
1.81555
0.521482
2.00149
1.37191
3.05936
2.55941
2.52023
0.780088
2.35883
0.37861
2.01545
0.439322
3.51205
-0.760896
0.797723
0.315775
1.51658
0.353662
1.51749
0.529013
0.997981
0.277305
1.67782
1.77836
1.85258
-0.0464067
3.61337
1.63607
2.62286
-0.130011
0.473223
4.18143
-1.27942
0.547332
0.629991
2.25224
2.10326
2.17367
2.99219
2.22739
2.05403
1.65682
0.310373
1.70801
2.55366
0.314257
2.77014
-0.213105
0.231899
1.59616
-0.785795
0.548682
3.01621
1.88706
2.74286
1.63789
3.40998
0.408654
0.505694
0.171694
1.32002
1.33252
1.0269
0.401012
3.53628
0.825851
1.09959
0.921709
1.79374
0.104188
2.47145
0.842295
2.38681
3.10382
2.17361
0.833622
2.14552
0.717432
2.40352
3.0034
2.99423
0.111191
2.97202
2.9169
1.14128
1.00919
0.291109
1.49394
1.38417
1.02739
3.76291
0.857944
0.21519
1.55548
2.56727
0.682179
2.24636
0.156761
0.823151
2.08525
2.11339
2.39358
1.69735
0.581584
1.86676
1.8367
1.09664
1.10105
0.613542
2.61899
0.763342
2.51513
0.195244
1.26042
1.20801
1.22077
0.883583
2.98066
3.34647
1.77785
2.61965
2.24443
2.07858
1.23663
3.17044
1.0537
2.57084
3.31643
0.0957192
3.38078
0.829979
2.65519
5.69648
0.721876
1.38187
1.17109
1.47412
0.00281567
1.70032
1.81526
0.804633
1.63001
1.4002
2.95633
0.894455
2.7687
0.0294381
3.48394
3.0343
0.437953
2.11326
0.542892
0.686314
2.01531
0.96839
1.02259
1.61815
-0.301439
0.433222
2.06534
0.927834
1.55054
1.60229
0.203665
1.3123
3.29736
0.795386
1.91568
1.45899
0.318197
1.75559
2.10843
0.336632
1.73546
1.69617
0.824819
1.79478
0.123953
3.04179
0.199837
1.37186
-0.641035
-0.112872
3.9572
3.03603
0.658291
1.43824
1.78743
0.817193
0.334248
4.36063
3.2604
-1.80165
0.747231
0.0308508
3.55083
0.207356
3.15476
1.45688
2.95076
2.09287
2.66394
1.44243
1.06851
2.50112
0.92854
0.0574077
3.46468
0.0151807
3.5756
1.96485
4.42646
1.95833
0.243892
1.7892
1.60009
1.63522
3.8082
0.0524332
3.27678
1.63998
2.13491
0.314957
1.77176
1.33336
3.29682
3.23204
0.782521
0.831986
0.207923
1.50108
0.672862
3.55421
0.329299
2.0787
1.27926
0.172077
1.06997
0.677638
2.22477
2.12903
1.221
0.850099
2.1429
1.28035
0.664931
3.24729
2.16944
1.35142
1.07684
1.94045
2.68107
0.791268
2.53587
0.651093
3.48752
1.1214
0.646765
1.81721
2.54708
26.2927
1.77902
0.739938
2.59408
-0.378384
0.414872
1.72467
3.09051
1.61167
-2.68701
0.356413
1.70781
5.13972
1.99888
0.599399
4.06693
0.22238
1.17949
-3.26675
0.0860362
1.84898
0.793764
1.9838
0.828597
1.84925
1.53632
0.550244
2.01772
1.70936
1.97757
0.49185
1.96315
1.77223
2.8964
0.680536
0.447764
3.0733
1.16129
1.96719
0.106822
-1.08926
0.769191
2.49342
0.841155
0.473016
2.6954
19.6255
-0.227944
4.31502
0.361564
2.60946
0.892223
1.07991
0.48934
0.761666
2.59767
0.636453
3.12022
2.14111
2.06
0.219779
4.07262
1.63846
0.342037
1.64849
0.876514
-0.135914
0.895737
2.6061
-0.291533
0.359053
-3.90804
1.61597
2.06222
2.02559
1.38389
2.87719
0.963411
0.316107
2.25634
3.48216
2.53206
1.26441
0.80806
2.39772
1.6934
1.73796
1.17186
2.14849
2.01655
3.47789
0.740461
0.739982
1.08283
-0.143181
4.04549
4.25055
1.77889
0.890816
2.05373
1.8334
1.68501
2.57333
1.50742
-0.0221116
3.81263
2.63333
1.98502
1.26923
1.47011
2.40863
1.26368
2.6839
3.3471
2.36426
0.98277
2.41762
1.50432
0.577942
1.29591
2.00396
0.227774
2.56148
2.95772
2.04917
1.18415
-0.075848
0.67852
0.397772
3.03607
0.481892
1.98054
2.63994
0.895756
0.209891
1.37402
2.4759
0.877502
2.82003
0.681605
0.205195
1.423
0.791228
2.91057
2.45158
1.34916
2.46642
2.02822
-1.01292
2.00381
1.71648
0.52638
4.44743
1.01911
3.69162
0.764705
0.558965
2.10572
2.86367
2.08234
0.460117
2.01349
0.375403
2.11402
2.87122
2.97026
0.417331
1.80812
0.678964
2.54591
1.11743
1.44521
1.52731
1.87401
0.888813
3.75576
1.90341
2.41139
2.03314
2.42915
1.74975
2.23363
2.45863
0.485569
1.41789
2.56093
1.4167
0.766324
1.7478
2.73411
0.748642
1.84167
0.654514
2.03858
1.82844
0.206813
0.353488
1.93045
-0.724746
2.09957
0.927384
3.18176
1.37522
1.56973
0.840893
0.857826
0.105357
0.909294
1.91963
0.73777
0.483039
1.42272
1.58401
0.75218
-0.0973109
4.02422
2.43048
2.59343
1.74334
0.906475
0.853603
2.38928
8.7122
0.59964
0.835044
0.596184
-0.0276512
3.53522
0.0616018
3.34606
2.31551
0.823651
0.818865
0.806787
2.61238
0.142746
2.86855
1.61643
0.376755
1.90089
-0.642487
1.07445
0.618833
1.0298
1.47839
0.387809
2.12795
0.659613
1.36204
1.38699
1.93722
1.99308
0.334625
1.23103
1.0195
0.980044
2.03612
2.66897
0.62597
0.799524
2.05169
2.10868
2.39649
3.31506
2.17655
2.08204
0.656575
0.224267
1.56784
2.82828
2.73249
0.495817
0.759396
3.27039
2.08065
0.458737
-0.0077045
3.49763
0.756803
-0.0706254
3.934
1.19251
2.03564
1.52342
0.814048
1.78053
1.54583
1.88269
0.64444
0.548121
1.66617
)
;

boundaryField
{
    wings
    {
        type            zeroGradient;
    }
    outlet
    {
        type            freestreamPressure;
    }
    tunnel
    {
        type            zeroGradient;
    }
    inlet
    {
        type            freestreamPressure;
    }
    defaultFaces
    {
        type            empty;
    }
}


// ************************************************************************* //
