/*--------------------------------*- C++ -*----------------------------------*\
| =========                 |                                                 |
| \\      /  F ield         | OpenFOAM: The Open Source CFD Toolbox           |
|  \\    /   O peration     | Version:  2.3.0                                 |
|   \\  /    A nd           | Web:      www.OpenFOAM.org                      |
|    \\/     M anipulation  |                                                 |
\*---------------------------------------------------------------------------*/
FoamFile
{
    version     2.0;
    format      ascii;
    class       volScalarField;
    location    "400";
    object      p;
}
// * * * * * * * * * * * * * * * * * * * * * * * * * * * * * * * * * * * * * //

dimensions      [0 2 -2 0 0 0 0];

internalField   nonuniform List<scalar> 
7826
(
-0.000197022
-0.777205
-1.298
-1.50301
-1.4118
-1.08279
-0.578193
0.0581081
0.818985
1.72932
2.82443
4.10259
5.48823
7.20507
10.5658
2.20388
1.75494
1.35542
1.06696
0.958099
1.09877
1.54554
2.32758
3.44611
4.87308
6.56295
8.45812
10.4979
12.6417
14.8621
4.50713
4.68679
5.02484
5.52128
6.15499
6.89393
7.70608
8.56485
9.45003
10.3463
11.2416
12.1273
12.9928
13.8335
14.6507
6.08811
6.36584
6.73029
7.17768
7.70565
8.30633
8.96875
9.68014
10.4268
11.1961
11.9746
12.7525
13.5188
14.267
14.9935
7.36818
7.73348
8.16427
8.64696
9.17178
9.72709
10.3026
10.8899
11.4818
12.0733
12.6598
13.2381
13.8048
14.3581
14.8976
8.31382
8.67655
9.08256
9.51743
9.97718
10.4559
10.9483
11.4498
11.9561
12.464
12.9705
13.473
13.9691
14.4567
14.9349
9.05285
9.39698
9.77649
10.1723
10.5831
11.0051
11.4352
11.8708
12.3094
12.7492
13.1883
13.6255
14.0588
14.4869
14.9088
9.63232
9.94197
10.2873
10.6424
11.0083
11.3833
11.7652
12.1527
12.5442
12.9382
13.3335
13.7289
14.1226
14.5136
14.9005
10.0967
10.3692
10.6808
11.0006
11.3299
11.6674
12.0118
12.3622
12.7174
13.0764
13.4381
13.8012
14.1645
14.5268
14.8864
10.4631
10.7061
10.9864
11.2763
11.576
11.8833
12.1987
12.5203
12.8477
13.18
13.5159
13.8542
14.1942
14.5344
14.8736
10.7328
10.9669
11.225
11.4911
11.7683
12.0512
12.3441
12.6427
12.9481
13.2593
13.5757
13.8942
14.2161
14.5392
14.8622
10.9303
11.1691
11.4125
11.6588
11.9194
12.1816
12.4571
12.7368
13.0252
13.3189
13.6216
13.9268
14.2381
14.5499
14.86
11.1545
11.3591
11.5751
11.8039
12.0499
12.2937
12.5552
12.8201
13.0983
13.3792
13.6631
13.9462
14.2365
14.5346
14.8357
11.3842
11.5434
11.7612
11.9415
12.204
12.392
12.6731
12.9089
13.1713
13.4395
13.7383
13.9318
14.1744
14.446
14.7371
17.3605
20.2888
21.8362
23.3924
24.9595
26.4271
27.7665
28.9724
30.0129
30.8265
31.3394
31.4879
31.2437
30.6447
29.8393
17.0737
19.2527
21.2947
23.1815
24.8779
26.3413
27.5317
28.4187
28.9908
29.2593
29.2569
29.0354
28.6546
28.1759
27.6653
15.4585
16.2818
17.1306
18.0084
18.9082
19.8213
20.7376
21.6423
22.5154
23.3308
24.0555
24.6529
25.0908
25.3596
25.4908
15.7073
16.4257
17.1576
17.8996
18.6443
19.3809
20.1002
20.7894
21.4372
22.0316
22.5614
23.0165
23.3897
23.6832
23.9015
15.4303
15.969
16.5195
17.0813
17.6519
18.2278
18.8054
19.3797
19.9444
20.492
21.0123
21.4938
21.9245
22.2981
22.5976
15.4073
15.8825
16.3639
16.8505
17.3401
17.8301
18.3178
18.8001
19.2735
19.7338
20.1761
20.595
20.9838
21.3413
21.6702
15.327
15.747
16.171
16.5979
17.0261
17.4538
17.8794
18.3007
18.716
19.1223
19.5169
19.896
20.2554
20.5919
20.8953
15.2847
15.6696
16.0563
16.4439
16.8304
17.2147
17.5953
17.9706
18.3395
18.7002
19.0509
19.3896
19.7134
20.019
20.3113
15.2443
15.6021
15.9605
16.3182
16.6736
17.0252
17.3724
17.7135
18.0476
18.3737
18.6904
18.9965
19.2889
19.5638
19.8412
15.2116
15.549
15.8862
16.2214
16.5532
16.88
17.2013
17.5159
17.8229
18.1215
18.4111
18.6907
18.9588
19.2132
19.4828
15.1854
15.5065
15.8279
16.1454
16.4579
16.7644
17.0652
17.3586
17.6441
17.9206
18.1883
18.4457
18.6928
18.927
19.1742
15.1717
15.4785
15.7867
16.088
16.3833
16.6719
16.9567
17.2324
17.5006
17.7589
18.0098
18.2481
18.4775
18.6944
18.9156
15.1357
15.4308
15.7235
16.0226
16.3128
16.5868
16.8584
17.1215
17.3774
17.6196
17.8552
18.0747
18.2879
18.4876
18.6934
15.0716
15.3188
15.6444
15.9584
16.2499
16.5046
16.7613
17.0168
17.2647
17.4917
17.7094
17.9111
18.1057
18.2786
18.4416
11.6949
11.8021
11.9513
12.15
12.3827
12.6252
12.8502
13.0365
13.1718
13.2537
13.2864
13.2747
13.2223
13.1232
13.1485
11.8111
11.8452
11.8603
11.8531
11.8209
11.7681
11.7041
11.6396
11.5835
11.5408
11.5121
11.4937
11.4853
11.4699
11.4863
11.8409
11.8267
11.7816
11.7241
11.6666
11.6192
11.5876
11.5721
11.5701
11.5768
11.587
11.5946
11.601
11.6099
11.6319
11.9408
11.9547
11.9627
11.9765
11.9977
12.0245
12.0543
12.0844
12.1127
12.1377
12.1578
12.1707
12.1778
12.1892
12.2108
12.0642
12.0986
12.128
12.1588
12.1896
12.2189
12.2466
12.2728
12.2974
12.3199
12.3392
12.3537
12.3635
12.3778
12.4018
12.1433
12.1809
12.2031
12.2239
12.2443
12.2645
12.285
12.3061
12.3272
12.3474
12.3652
12.3789
12.3889
12.4036
12.4288
12.2127
12.24
12.2581
12.2766
12.2953
12.3139
12.3326
12.3512
12.3693
12.3862
12.4007
12.4117
12.42
12.4338
12.4594
12.2789
12.3013
12.3194
12.3376
12.3552
12.3717
12.3871
12.4014
12.4144
12.4258
12.4351
12.4418
12.447
12.459
12.4848
12.3188
12.3524
12.3726
12.3904
12.406
12.4191
12.4298
12.4382
12.4442
12.4478
12.4485
12.4469
12.4453
12.4534
12.479
12.3861
12.4034
12.4214
12.4377
12.4514
12.4622
12.4697
12.4736
12.4733
12.4686
12.4585
12.4429
12.4273
12.4231
12.4435
12.4348
12.4525
12.4677
12.4817
12.4938
12.5029
12.5074
12.5059
12.4981
12.4834
12.4572
12.4179
12.3723
12.3512
12.3677
12.4791
12.499
12.5144
12.5294
12.5444
12.558
12.5676
12.5704
12.565
12.5556
12.5344
12.4676
12.3745
12.281
12.2614
12.5214
12.532
12.5419
12.5529
12.5648
12.5748
12.5786
12.5668
12.5401
12.5226
12.497
12.3927
12.1423
12.0533
12.0156
12.5987
12.6173
12.6258
12.6398
12.6725
12.7164
12.7711
12.8165
12.8061
12.8513
13.0592
12.9724
12.6151
12.0525
11.7385
13.2061
13.2496
13.415
13.5316
13.6136
13.6552
13.6496
13.5922
13.4896
13.3619
13.2406
13.1579
13.1409
13.197
13.3103
11.5155
11.5404
11.5991
11.6502
11.723
11.8205
11.9478
12.1038
12.2817
12.4695
12.6524
12.8173
12.9635
13.0994
13.233
11.6629
11.6973
11.742
11.7853
11.834
11.8895
11.9598
12.0508
12.1671
12.31
12.4754
12.6529
12.8313
13.002
13.1604
12.2394
12.2742
12.3162
12.3591
12.4008
12.4421
12.4865
12.5354
12.5906
12.6541
12.7285
12.8159
12.9176
13.0328
13.1585
12.4293
12.4611
12.4995
12.5394
12.5781
12.6177
12.6606
12.7078
12.7594
12.8154
12.876
12.942
13.0152
13.0976
13.1914
12.4562
12.4877
12.5271
12.5682
12.6085
12.6498
12.6943
12.7428
12.7961
12.8543
12.9175
12.9855
13.0579
13.1345
13.2168
12.4871
12.52
12.5627
12.608
12.6528
12.6987
12.7465
12.7969
12.8499
12.906
12.9654
13.0285
13.0953
13.1655
13.2403
12.5129
12.5477
12.5947
12.6458
12.6978
12.7508
12.8048
12.8597
12.915
12.9707
13.0271
13.0845
13.1432
13.2035
13.2668
12.5083
12.5473
12.6021
12.6632
12.7264
12.7904
12.8537
12.9154
12.9748
13.0317
13.0867
13.1403
13.193
13.2452
13.2998
12.4725
12.5174
12.5847
12.6627
12.7445
12.8257
12.9026
12.9727
13.0358
13.0928
13.1453
13.1946
13.2416
13.287
13.3336
12.4054
12.4695
12.5621
12.6679
12.7764
12.8796
12.9694
13.045
13.1073
13.1603
13.2071
13.2499
13.2899
13.3275
13.3643
12.3002
12.3774
12.4968
12.6422
12.7979
12.9394
13.0535
13.1316
13.1878
13.2312
13.2694
13.3045
13.3366
13.3661
13.3926
12.1554
12.3244
12.519
12.7339
12.9302
13.1086
13.193
13.2491
13.2775
13.3038
13.3313
13.3589
13.3819
13.4045
13.4257
11.9926
12.0666
12.2403
12.5118
12.8537
13.1351
13.3138
13.3507
13.3555
13.358
13.3762
13.402
13.4218
13.439
13.4527
-91.1623
-85.5397
-79.449
-73.2759
-66.5465
-59.1116
-51.1601
-42.968
-34.8582
-27.1855
-20.2887
-14.4203
-9.68126
-5.99072
-3.07015
-14.671
-15.8524
-16.6432
-17.2456
-17.7523
-18.1301
-18.2805
-18.0845
-17.4242
-16.2129
-14.4312
-12.1577
-9.57118
-6.90482
-4.25525
-8.77158
-9.31697
-9.37395
-9.45894
-9.61633
-9.75742
-9.83251
-9.81408
-9.67239
-9.36795
-8.85017
-8.06394
-6.97131
-5.58995
-3.94921
-12.7776
-12.7846
-12.4155
-12.1676
-11.9128
-11.5772
-11.144
-10.6018
-9.9363
-9.14031
-8.21796
-7.18016
-6.0348
-4.78593
-3.41624
-9.74442
-9.46123
-9.23393
-9.1461
-9.02625
-8.85988
-8.64451
-8.36474
-7.99592
-7.51163
-6.88863
-6.11319
-5.1865
-4.12762
-3.02212
-5.62957
-5.34899
-5.3533
-5.37925
-5.37936
-5.36892
-5.34415
-5.28969
-5.18723
-5.01509
-4.74702
-4.35425
-3.81086
-3.0956
-2.25684
-3.53806
-3.47252
-3.52413
-3.52833
-3.52722
-3.52619
-3.51739
-3.48897
-3.42917
-3.32394
-3.15594
-2.90465
-2.54721
-2.05403
-1.43632
-2.44068
-2.44659
-2.46077
-2.44488
-2.43355
-2.4203
-2.3994
-2.36361
-2.3044
-2.2107
-2.06913
-1.86433
-1.57972
-1.19244
-0.70407
-1.44613
-1.45586
-1.45009
-1.43541
-1.42358
-1.4091
-1.38878
-1.35845
-1.31166
-1.2396
-1.13116
-0.972955
-0.750121
-0.443032
-0.0485466
-0.556198
-0.557763
-0.547499
-0.535585
-0.52398
-0.510178
-0.491504
-0.465558
-0.427578
-0.370906
-0.286852
-0.164455
0.00944319
0.253158
0.58115
0.19974
0.202525
0.212293
0.223093
0.234501
0.247807
0.265479
0.28925
0.322855
0.371529
0.442154
0.543547
0.68665
0.887026
1.1651
0.862961
0.86677
0.875543
0.885876
0.897035
0.909585
0.925355
0.946361
0.975627
1.01741
1.07741
1.16297
1.28316
1.45024
1.68438
1.45865
1.4624
1.47059
1.48065
1.49156
1.50316
1.51678
1.53496
1.56
1.59537
1.64585
1.7176
1.8184
1.95833
2.15572
1.99559
1.99913
2.0069
2.01652
2.02683
2.03729
2.04915
2.0651
2.08675
2.11698
2.15976
2.22017
2.30462
2.42117
2.58722
2.48158
2.48488
2.49217
2.50118
2.51067
2.52024
2.53099
2.54526
2.56438
2.59085
2.62813
2.68069
2.75431
2.8563
3.01031
2.92426
2.9273
2.93409
2.94246
2.95128
2.96047
2.97065
2.9835
3.00058
3.02413
3.05721
3.10389
3.16954
3.26027
3.39889
3.32909
3.33192
3.33827
3.34614
3.35454
3.36365
3.37337
3.38488
3.40017
3.4211
3.45034
3.49146
3.54923
3.62835
3.74816
3.7012
3.70387
3.70987
3.71737
3.72543
3.7343
3.74341
3.75372
3.76747
3.78608
3.81188
3.84793
3.89846
3.96732
4.07059
4.04557
4.0481
4.05378
4.06091
4.06858
4.07697
4.08538
4.09477
4.10724
4.12393
4.14689
4.17883
4.22346
4.28396
4.37584
4.36595
4.36833
4.37369
4.38043
4.38765
4.39548
4.40338
4.41214
4.42356
4.43868
4.45938
4.48814
4.52845
4.58348
4.66542
4.66468
4.66691
4.67196
4.6783
4.6851
4.69247
4.70014
4.70851
4.71891
4.73258
4.75116
4.77683
4.81252
4.8608
4.93102
4.94421
4.9463
4.95107
4.95706
4.96351
4.97056
4.97815
4.98619
4.99563
5.00802
5.02475
5.04771
5.07965
5.12363
5.18244
5.20698
5.20895
5.21349
5.21921
5.22541
5.23226
5.23975
5.24743
5.25611
5.26754
5.28286
5.3038
5.33271
5.37321
5.43584
5.45504
5.45693
5.46128
5.46679
5.47279
5.47944
5.4867
5.494
5.50208
5.51276
5.52694
5.54624
5.57271
5.60905
5.66539
5.68999
5.6918
5.69596
5.70125
5.70704
5.71343
5.72036
5.72727
5.73491
5.74492
5.75809
5.77594
5.80036
5.83315
5.88342
5.91289
5.91461
5.91858
5.92364
5.92919
5.93529
5.94188
5.94854
5.9559
5.96536
5.97774
5.99452
6.01767
6.04893
6.09706
6.12426
6.1259
6.1297
6.13455
6.13986
6.14573
6.15207
6.15866
6.16588
6.17483
6.18654
6.20239
6.22436
6.25404
6.29855
6.32511
6.32667
6.33029
6.33492
6.34001
6.34563
6.35174
6.35829
6.3653
6.37359
6.3844
6.3989
6.41884
6.44544
6.47859
6.51632
6.51779
6.52127
6.5257
6.53058
6.536
6.54193
6.5484
6.5551
6.56273
6.57268
6.5859
6.60391
6.62831
6.6581
6.69898
6.7004
6.70376
6.70802
6.71275
6.71802
6.72382
6.73016
6.73657
6.74372
6.75311
6.76551
6.78237
6.80582
6.83307
6.87368
6.87507
6.87833
6.88249
6.88712
6.89231
6.898
6.90418
6.91035
6.91716
6.9261
6.93782
6.95356
6.97542
7.00068
7.04219
7.04348
7.04658
7.05056
7.055
7.05997
7.06543
7.07131
7.07716
7.08361
7.09204
7.10303
7.11775
7.13798
7.15614
7.20324
7.20452
7.20755
7.21143
7.21576
7.22062
7.22592
7.23158
7.23724
7.24345
7.25138
7.2616
7.27517
7.29458
7.30779
7.35837
7.35961
7.36254
7.36631
7.37051
7.37522
7.38035
7.38584
7.39147
7.39763
7.40528
7.41518
7.42829
7.44832
7.46844
7.50853
7.50967
7.51245
7.51602
7.52002
7.5245
7.5294
7.53469
7.54028
7.54631
7.55356
7.563
7.57528
7.59353
7.60853
7.65199
7.65314
7.65588
7.65939
7.66332
7.66773
7.67258
7.67781
7.68344
7.68936
7.69623
7.70518
7.71671
7.73396
7.75176
7.7908
7.79192
7.79456
7.79796
7.80177
7.80607
7.81081
7.81596
7.82158
7.82737
7.83391
7.84252
7.85359
7.86982
7.88757
7.92555
7.92659
7.92912
7.93238
7.93604
7.94018
7.94477
7.94977
7.95524
7.96077
7.96695
7.97513
7.98567
8.00065
8.01712
8.05534
8.05636
8.05884
8.06202
8.0656
8.06966
8.07416
8.07905
8.08432
8.08954
8.09526
8.10275
8.11224
8.12523
8.1322
8.18116
8.18217
8.18459
8.18769
8.19119
8.19516
8.19956
8.20431
8.20937
8.21432
8.21965
8.22652
8.23502
8.24737
8.25172
8.30377
8.30474
8.30708
8.31011
8.31354
8.31743
8.32174
8.32639
8.33133
8.3362
8.34152
8.34837
8.35696
8.37066
8.37861
8.42313
8.42407
8.42636
8.42932
8.43266
8.43647
8.44071
8.44528
8.45013
8.455
8.46035
8.46716
8.47553
8.48897
8.49824
8.53921
8.54013
8.54236
8.54524
8.5485
8.55222
8.55636
8.56082
8.56556
8.57044
8.57579
8.58246
8.5906
8.60341
8.61689
8.65174
8.65264
8.65482
8.65765
8.66085
8.6645
8.66856
8.67294
8.67761
8.68253
8.68783
8.69426
8.70219
8.71423
8.72855
8.76168
8.76253
8.76463
8.76735
8.77043
8.77396
8.77788
8.78215
8.78673
8.79165
8.79689
8.80312
8.81095
8.82237
8.84303
8.86826
8.86911
8.87118
8.87384
8.87686
8.88031
8.88416
8.88833
8.89278
8.89758
8.90247
8.90797
8.91465
8.92257
8.93211
8.97236
8.97319
8.97522
8.97782
8.98079
8.98417
8.98794
8.99204
8.99643
9.00116
9.00586
9.011
9.01745
9.02545
9.04111
9.07496
9.07573
9.07767
9.08018
9.08303
9.08631
9.08999
9.09403
9.09839
9.10313
9.10789
9.1132
9.1202
9.12884
9.14618
9.17462
9.1754
9.17734
9.17983
9.18268
9.18596
9.18964
9.1937
9.19807
9.20282
9.20756
9.21284
9.21988
9.22814
9.24471
9.2721
9.27289
9.27479
9.27724
9.28004
9.28327
9.28691
9.2909
9.29519
9.29978
9.30427
9.30914
9.31553
9.32264
9.33681
9.3681
9.36883
9.37065
9.37301
9.37572
9.37884
9.38235
9.38622
9.39037
9.39477
9.39908
9.40377
9.40997
9.41678
9.43334
9.46184
9.46255
9.46434
9.46666
9.46932
9.47238
9.47585
9.47964
9.48369
9.48793
9.4921
9.49656
9.50232
9.50788
9.51723
9.55343
9.55416
9.55594
9.55825
9.56089
9.56395
9.56741
9.57118
9.57521
9.57945
9.58369
9.58827
9.59424
9.60085
9.61551
9.6438
9.6445
9.64622
9.64847
9.65106
9.65405
9.65743
9.66116
9.66517
9.66942
9.67383
9.6787
9.6851
9.69254
9.70568
9.73226
9.73294
9.73463
9.73683
9.73935
9.74227
9.74559
9.74923
9.75314
9.75727
9.76164
9.7663
9.77209
9.77865
9.78868
9.81873
9.81939
9.82105
9.8232
9.82567
9.82853
9.83176
9.83532
9.83912
9.84314
9.84743
9.8519
9.85722
9.86349
9.87439
9.90333
9.904
9.90564
9.90777
9.91021
9.91304
9.91624
9.91976
9.92355
9.92756
9.9319
9.93638
9.94161
9.94782
9.9597
9.98716
9.98777
9.98933
9.99137
9.99372
9.99644
9.99954
10.003
10.0067
10.0107
10.015
10.0195
10.0246
10.0305
10.0418
10.0686
10.0692
10.0708
10.0728
10.0752
10.0779
10.081
10.0845
10.0882
10.0922
10.0965
10.1009
10.1058
10.1113
10.121
10.149
10.1496
10.1511
10.1531
10.1554
10.158
10.1611
10.1645
10.1682
10.1722
10.1766
10.1811
10.1863
10.1923
10.2044
10.2277
10.2283
10.2297
10.2317
10.2339
10.2366
10.2396
10.243
10.2468
10.2509
10.2554
10.2601
10.2658
10.2727
10.2861
10.3047
10.3052
10.3067
10.3086
10.3108
10.3134
10.3164
10.3197
10.3235
10.3275
10.332
10.3366
10.3421
10.3483
10.3579
10.3787
10.3794
10.3809
10.3828
10.3851
10.3877
10.3908
10.3942
10.398
10.402
10.4064
10.4108
10.4156
10.421
10.4295
10.4526
10.4532
10.4546
10.4564
10.4586
10.4611
10.4641
10.4675
10.4713
10.4754
10.4799
10.4847
10.4903
10.4972
10.5118
10.524
10.5246
10.526
10.5278
10.53
10.5325
10.5355
10.539
10.5429
10.5472
10.552
10.5572
10.5635
10.5707
10.5833
10.5929
10.5934
10.5948
10.5966
10.5988
10.6014
10.6044
10.608
10.612
10.6166
10.6217
10.6273
10.6341
10.6416
10.6549
10.6582
10.6588
10.6601
10.662
10.6642
10.6668
10.67
10.6737
10.6781
10.6831
10.6889
10.6955
10.7034
10.7124
10.7291
10.7208
10.7213
10.7226
10.7244
10.7266
10.7293
10.7326
10.7366
10.7414
10.7472
10.7541
10.7626
10.7733
10.7857
10.8121
10.7755
10.776
10.7773
10.7792
10.7815
10.7844
10.7882
10.7928
10.7986
10.8057
10.8146
10.8256
10.8395
10.8544
10.8766
10.826
10.8265
10.8279
10.8298
10.8323
10.8355
10.8396
10.8449
10.8518
10.8605
10.8717
10.8858
10.9035
10.9233
10.9502
10.8508
10.8513
10.8526
10.8546
10.8575
10.8617
10.8675
10.8753
10.8858
10.8995
10.917
10.9386
10.9646
10.9931
11.0247
10.8955
10.8961
10.8977
10.9
10.9033
10.9078
10.9142
10.9232
10.9356
10.9525
10.9746
11.0025
11.0357
11.072
11.1077
10.771
10.7711
10.7727
10.7768
10.7847
10.7976
10.8169
10.8438
10.8796
10.9244
10.9773
11.0357
11.0955
11.1522
11.1988
10.9799
10.9818
10.9817
10.987
10.9956
11.0074
11.0232
11.0443
11.072
11.107
11.1492
11.1966
11.2454
11.2912
11.3262
9.70871
9.63106
9.68958
9.76922
9.86621
9.98897
10.1434
10.3284
10.5369
10.7561
10.9685
11.1553
11.3012
11.401
11.4519
113.582
108.393
102.67
96.9411
90.7981
84.0683
76.8944
69.5
62.1499
55.1474
48.7976
43.3378
38.8723
35.3619
32.7445
44.2007
43.7218
44.434
45.1139
45.5977
45.9138
46.0334
45.8654
45.3041
44.2622
42.7054
40.6825
38.334
35.867
33.5996
37.2744
37.1971
37.6222
37.8072
37.9455
38.067
38.1434
38.1383
38.0239
37.7678
37.3253
36.6412
35.6678
34.3967
32.9894
39.3187
39.3214
39.4146
39.2769
39.1106
38.8988
38.6151
38.2368
37.7484
37.1398
36.4086
35.5576
34.587
33.486
32.3209
36.1356
36.3935
36.452
36.4014
36.3554
36.2861
36.1781
36.0159
35.7793
35.4424
34.9794
34.3707
33.6083
32.692
31.6776
33.46
33.7625
33.7417
33.7265
33.7229
33.7047
33.6659
33.6007
33.4977
33.3393
33.1026
32.7602
32.285
31.6522
30.8796
32.2933
32.3957
32.3378
32.3301
32.3159
32.2827
32.2306
32.1568
32.0541
31.9126
31.7191
31.4567
31.1045
30.636
30.0358
31.1301
31.1416
31.1196
31.1258
31.1156
31.0911
31.052
30.9945
30.9122
30.7968
30.6377
30.4217
30.1337
29.7554
29.2594
29.9353
29.9344
29.9383
29.9468
29.9432
29.9328
29.9123
29.8781
29.8255
29.7477
29.6355
29.4771
29.2589
28.9692
28.5958
28.9292
28.9316
28.941
28.9465
28.9458
28.9414
28.9293
28.9065
28.8698
28.8141
28.7322
28.6147
28.4497
28.2262
27.9354
28.0899
28.0942
28.1025
28.1067
28.1075
28.1054
28.0969
28.0799
28.0515
28.0077
27.9427
27.8488
27.7156
27.5323
27.2945
27.3501
27.3545
27.3618
27.3667
27.3689
27.3683
27.3626
27.35
27.3281
27.2934
27.2411
27.1646
27.0549
26.9013
26.704
26.684
26.6886
26.6961
26.7029
26.7065
26.7069
26.7034
26.6943
26.6776
26.6504
26.6089
26.5475
26.4589
26.3339
26.1765
26.0858
26.0906
26.0986
26.1065
26.1107
26.1117
26.1098
26.1033
26.0904
26.0688
26.0351
25.9849
25.9119
25.8069
25.6709
25.5473
25.552
25.5598
25.5676
25.5716
25.5729
25.572
25.5672
25.5569
25.5391
25.5109
25.4684
25.406
25.3152
25.1945
25.0575
25.0617
25.0689
25.0759
25.0796
25.0811
25.081
25.0774
25.0691
25.0544
25.0309
24.9952
24.9427
24.867
24.7708
24.6065
24.6102
24.6167
24.6232
24.6269
24.6289
24.6294
24.6268
24.6202
24.6081
24.5884
24.5583
24.5138
24.4493
24.3689
24.1868
24.1902
24.1964
24.2027
24.2073
24.21
24.2109
24.2091
24.2037
24.1936
24.1768
24.1506
24.1116
24.0537
23.9802
23.7952
23.7984
23.8046
23.8112
23.8166
23.8199
23.821
23.8199
23.8157
23.8073
23.7928
23.7702
23.7361
23.6853
23.6214
23.4305
23.4338
23.4399
23.4467
23.4524
23.4558
23.4572
23.4568
23.4536
23.4466
23.4344
23.4149
23.3855
23.3412
23.2867
23.0907
23.0938
23.0998
23.1063
23.1118
23.1151
23.1166
23.1168
23.1144
23.1086
23.0983
23.0816
23.0562
23.0177
22.9715
22.7719
22.7749
22.7804
22.7866
22.7917
22.7948
22.7964
22.7969
22.7951
22.7903
22.7814
22.7668
22.7445
22.7103
22.6691
22.4707
22.4734
22.4785
22.4843
22.489
22.4921
22.494
22.4947
22.4933
22.4892
22.4814
22.4684
22.4484
22.4174
22.3791
22.1841
22.1865
22.1914
22.1968
22.2014
22.205
22.2073
22.2082
22.2072
22.2037
22.1968
22.1852
22.1672
22.1395
22.1056
21.9107
21.913
21.9177
21.923
21.9278
21.932
21.9347
21.9357
21.9351
21.9323
21.9264
21.9163
21.9005
21.876
21.8513
21.6502
21.6524
21.657
21.6624
21.6674
21.6719
21.6747
21.6759
21.6758
21.6736
21.6687
21.66
21.6463
21.6245
21.6041
21.4015
21.4038
21.4083
21.4137
21.4187
21.4233
21.4262
21.4275
21.4278
21.4261
21.4219
21.4143
21.402
21.3818
21.3635
21.1644
21.1666
21.171
21.1762
21.1811
21.1855
21.1883
21.1897
21.1902
21.1889
21.1854
21.1786
21.1678
21.1495
21.1346
20.9378
20.9398
20.944
20.9489
20.9535
20.9576
20.9602
20.9616
20.9623
20.9613
20.9582
20.9523
20.9428
20.9265
20.9134
20.7185
20.7204
20.7244
20.7291
20.7335
20.7374
20.7401
20.7417
20.7426
20.7419
20.7392
20.7339
20.7253
20.7101
20.6965
20.5063
20.5081
20.5119
20.5164
20.5206
20.5245
20.5274
20.5294
20.5303
20.5298
20.5274
20.5225
20.5143
20.4993
20.4826
20.3013
20.303
20.3066
20.3109
20.315
20.3189
20.3222
20.3244
20.3254
20.3251
20.323
20.3186
20.3114
20.2982
20.2787
20.1032
20.1048
20.1082
20.1124
20.1164
20.1204
20.124
20.1263
20.1273
20.1272
20.1256
20.122
20.1159
20.1053
20.0873
19.9099
19.9115
19.9149
19.9191
19.9232
19.9274
19.9311
19.9336
19.9347
19.935
19.9337
19.9305
19.9249
19.9156
19.8914
19.7225
19.7241
19.7275
19.7316
19.7358
19.7399
19.7437
19.7461
19.7473
19.7477
19.7466
19.7434
19.7377
19.7293
19.7033
19.5422
19.5437
19.5469
19.5508
19.5548
19.5587
19.5623
19.5645
19.5657
19.5662
19.5652
19.5626
19.5574
19.5508
19.5331
19.3654
19.3669
19.37
19.3739
19.3779
19.3818
19.3853
19.3876
19.3889
19.3896
19.389
19.3867
19.3821
19.3756
19.3566
19.1931
19.1945
19.1976
19.2014
19.2053
19.2091
19.2125
19.2148
19.2164
19.2173
19.217
19.2153
19.2113
19.2057
19.1893
19.0259
19.0272
19.03
19.0336
19.0372
19.0408
19.044
19.0464
19.0481
19.0491
19.049
19.0477
19.0446
19.0404
19.0203
18.8606
18.8619
18.8647
18.8681
18.8717
18.8752
18.8785
18.8812
18.8831
18.8842
18.8843
18.8834
18.8808
18.8784
18.8642
18.698
18.6992
18.702
18.7053
18.7088
18.7123
18.7156
18.7187
18.7207
18.7219
18.7221
18.7213
18.7186
18.7159
18.6993
18.5391
18.5402
18.5428
18.546
18.5493
18.5527
18.556
18.5591
18.5612
18.5622
18.5624
18.5615
18.5585
18.5551
18.5403
18.3817
18.3828
18.3854
18.3885
18.3919
18.3954
18.3988
18.402
18.4042
18.4053
18.4057
18.4051
18.4027
18.4001
18.3867
18.2266
18.2278
18.2303
18.2335
18.2368
18.2404
18.244
18.2473
18.2496
18.251
18.2519
18.2519
18.2507
18.2498
18.2414
18.0747
18.0758
18.0782
18.0813
18.0846
18.0881
18.0916
18.0949
18.0972
18.0986
18.0997
18.0999
18.099
18.0983
18.0864
17.9247
17.9258
17.9281
17.9311
17.9343
17.9377
17.9411
17.9442
17.9464
17.9477
17.9486
17.9487
17.9475
17.9464
17.9342
17.7754
17.7764
17.7788
17.7818
17.7849
17.7883
17.7917
17.7948
17.7969
17.7983
17.7993
17.7994
17.7981
17.7973
17.7873
17.6282
17.6292
17.6315
17.6344
17.6375
17.6408
17.6441
17.6471
17.6493
17.6509
17.652
17.6524
17.6515
17.651
17.6462
17.4834
17.4843
17.4864
17.4891
17.4921
17.4952
17.4983
17.5012
17.5035
17.5052
17.5065
17.5072
17.5067
17.5064
17.5042
17.3382
17.3391
17.3412
17.3439
17.3468
17.35
17.3531
17.3561
17.3586
17.3606
17.3622
17.3633
17.3637
17.3638
17.3695
17.1934
17.1944
17.1964
17.1991
17.2019
17.205
17.2082
17.2113
17.2141
17.2164
17.2181
17.2195
17.2206
17.2204
17.219
17.05
17.0508
17.0527
17.0552
17.0579
17.0609
17.064
17.067
17.07
17.0723
17.0739
17.0754
17.0765
17.0769
17.0737
16.9056
16.9064
16.9084
16.9108
16.9135
16.9165
16.9196
16.9227
16.9258
16.9282
16.9299
16.9315
16.9329
16.9345
16.9352
16.7609
16.7617
16.7636
16.766
16.7687
16.7717
16.7749
16.7781
16.7814
16.7839
16.7858
16.7877
16.7893
16.7907
16.7891
16.6168
16.6176
16.6193
16.6217
16.6242
16.6271
16.6303
16.6335
16.6368
16.6393
16.6413
16.6432
16.6448
16.6462
16.6403
16.4712
16.472
16.4738
16.4761
16.4787
16.4816
16.4849
16.4882
16.4916
16.4944
16.4968
16.4995
16.5025
16.5068
16.5091
16.3244
16.3252
16.327
16.3293
16.3319
16.3349
16.3382
16.3417
16.3452
16.3483
16.3511
16.3544
16.358
16.3632
16.3561
16.1764
16.1772
16.1789
16.1812
16.1838
16.1867
16.19
16.1935
16.1971
16.2003
16.2033
16.2069
16.2106
16.2172
16.2163
16.0271
16.0278
16.0294
16.0315
16.034
16.0369
16.0401
16.0436
16.0471
16.0504
16.0538
16.0579
16.0623
16.07
16.0699
15.8741
15.8748
15.8764
15.8785
15.881
15.8839
15.8872
15.8907
15.8944
15.898
15.9018
15.9064
15.9116
15.9202
15.9205
15.7183
15.7189
15.7205
15.7225
15.725
15.7278
15.7311
15.7346
15.7385
15.7424
15.7468
15.7521
15.7583
15.7688
15.7716
15.5579
15.5586
15.5601
15.5621
15.5646
15.5674
15.5707
15.5744
15.5785
15.5829
15.5878
15.5939
15.6013
15.6134
15.6191
15.3934
15.394
15.3954
15.3973
15.3997
15.4025
15.4057
15.4095
15.4138
15.4188
15.4244
15.4315
15.4403
15.4549
15.4641
15.2221
15.2227
15.2241
15.2261
15.2284
15.2312
15.2346
15.2385
15.2431
15.2486
15.2548
15.2624
15.2718
15.2874
15.2919
15.0449
15.0454
15.0467
15.0485
15.0507
15.0535
15.0569
15.061
15.066
15.072
15.079
15.0876
15.098
15.1147
15.1351
14.8586
14.8591
14.8604
14.8623
14.8646
14.8675
14.8712
14.8757
14.8814
14.8886
14.8972
14.9082
14.9223
14.9429
14.9747
14.6618
14.6624
14.6637
14.6655
14.6679
14.6711
14.6752
14.6804
14.6871
14.6959
14.7067
14.7207
14.7393
14.7642
14.8035
14.4526
14.4531
14.4543
14.4562
14.4587
14.4621
14.4666
14.4727
14.4806
14.4912
14.5046
14.5223
14.5458
14.5763
14.6248
14.2249
14.2254
14.2265
14.2284
14.231
14.2348
14.2401
14.2474
14.2572
14.2706
14.288
14.3109
14.3417
14.3806
14.4406
13.9765
13.977
13.9782
13.9803
13.9833
13.9877
13.9941
14.0031
14.0157
14.0329
14.0559
14.0864
14.1273
14.1787
14.257
13.6835
13.684
13.6852
13.6875
13.6914
13.6974
13.7065
13.7196
13.7381
13.7636
13.7974
13.8413
13.8981
13.9665
14.0701
13.3808
13.3812
13.3825
13.3852
13.3897
13.3969
13.4081
13.4248
13.449
13.4829
13.5283
13.5873
13.6621
13.7479
13.8653
12.8758
12.8763
12.8783
12.8837
12.8944
12.9124
12.94
12.9799
13.0343
13.105
13.1921
13.2942
13.4101
13.5317
13.6773
12.6235
12.6242
12.6233
12.6302
12.6431
12.6634
12.6936
12.737
12.7966
12.8748
12.972
13.087
13.2184
13.3574
13.5034
10.8251
10.7511
10.8143
10.9015
11.0151
11.1666
11.3639
11.6065
11.8861
12.1859
12.483
12.7545
12.9901
13.1921
13.3675
11.9011
18.0756
13.6736
10.7756
4.01867
16.0296
13.9158
18.4963
3.64208
10.7313
9.4021
20.4701
7.16222
18.1602
15.242
13.6836
12.7948
12.5501
15.8874
10.7915
14.1641
15.0556
14.8474
25.6165
15.4872
11.1816
12.7071
12.6522
19.9553
12.5388
10.0777
14.3501
13.568
22.6834
13.3224
12.4778
7.5501
19.2016
4.6601
13.5726
18.1895
11.5274
17.7009
13.5951
15.2739
12.31
26.0166
11.928
13.319
15.9498
19.3989
14.7177
14.7449
16.1757
11.8164
13.762
9.77908
11.9217
21.4328
17.283
12.2636
21.3456
16.2389
13.9919
15.8233
7.00294
15.0775
19.681
9.93693
23.004
12.3316
11.4969
30.1772
15.9224
10.6529
14.5841
10.409
12.9577
14.8813
24.9077
12.5837
9.2178
12.031
13.5317
19.1353
8.99713
12.5117
9.05399
19.3599
13.4952
16.8026
13.3756
14.1871
18.526
6.54077
13.6707
16.0076
15.6547
15.0533
15.179
7.73602
24.5143
12.5151
9.65355
18.403
9.42627
13.0498
12.794
13.0164
21.3651
17.4209
13.2336
18.0243
11.8805
15.3108
10.6297
12.65
18.7556
5.8822
13.6084
6.99913
13.7636
8.68839
17.9404
12.068
12.3697
19.272
16.8153
4.92297
10.9718
21.8282
12.7588
3.12475
13.4744
15.2749
18.3502
4.05984
16.3428
16.4061
15.5106
12.3623
13.2937
12.2923
11.3649
19.6078
15.4748
11.8958
13.2282
15.874
18.0287
13.4672
10.9185
12.9538
19.7659
11.427
16.1611
12.9427
12.3971
16.1001
21.7178
12.5622
14.6181
12.6474
4.35186
14.1453
14.3018
13.8866
1.44262
16.5045
12.8598
15.0974
11.7843
14.8981
9.91522
13.4521
12.2741
13.2321
12.4848
21.5284
10.1863
8.49822
19.3792
20.0929
10.9732
11.7835
12.1803
12.8558
22.7532
12.8893
12.4346
20.6546
13.8021
5.71795
19.2039
13.538
20.7685
10.4539
12.1498
10.0505
21.818
11.3524
14.8011
12.374
14.2374
19.0784
17.1127
10.6073
23.3659
11.4661
14.6599
12.2845
14.6245
21.3119
8.4147
18.4057
24.8579
20.9261
13.6931
17.8264
20.2066
19.6557
15.7264
13.4977
13.6521
18.9676
6.47932
19.0118
12.3607
10.3446
13.2966
15.1364
6.8365
15.0848
14.725
8.63139
15.7398
14.0394
17.7875
14.2064
12.6708
12.0002
12.2544
13.6408
9.78216
11.4084
12.1793
6.85028
16.624
7.48328
11.3956
21.9429
15.3157
11.3084
15.8933
12.1282
17.9322
17.3416
16.5834
16.837
13.4832
9.30067
18.0023
6.25649
13.9151
11.2791
13.7907
11.5769
8.04791
16.5641
12.6994
24.3265
11.5313
19.6833
8.18233
13.4019
8.94883
16.0781
18.705
9.26448
14.8479
9.51243
13.3649
16.6378
13.3635
18.2212
13.2826
10.0431
6.5651
18.0367
3.47957
8.70869
15.6355
19.9267
14.0248
21.7671
1.96466
9.84546
12.7443
14.9845
15.295
15.2656
13.0583
17.5048
15.3492
13.1142
7.54359
13.1945
9.8152
13.4796
16.4227
13.503
13.4909
18.4333
12.1544
7.78021
14.6868
10.5232
26.363
12.538
9.79311
13.1774
18.0033
7.48287
12.9451
8.64455
13.9682
13.5639
13.2954
13.4091
5.85081
14.3642
10.3068
19.2205
16.5926
9.55302
13.2117
16.7471
15.2335
24.3873
11.4279
19.3607
12.8908
17.9123
13.9822
15.0732
10.0375
15.1385
10.2455
24.0428
14.1276
4.8688
9.96206
23.4807
16.2548
22.15
16.1888
16.1886
13.84
16.44
12.1679
14.0185
12.9876
13.0918
18.4505
14.5425
17.032
13.4116
15.1943
13.2432
13.9077
8.49065
12.1123
14.246
14.0365
12.1658
12.9802
14.851
20.167
2.17571
10.6845
20.0541
9.74311
11.9971
14.6928
19.0253
17.2414
14.1942
16.8776
13.2971
10.6338
15.2946
14.9164
15.0054
7.977
13.2782
5.9266
19.1655
16.2421
15.2325
11.6598
14.5608
6.65346
15.3809
23.3594
14.1337
7.21623
14.9412
13.6662
13.352
16.995
9.39159
9.98842
17.7819
22.8089
10.4323
14.8946
11.6884
13.3967
14.7751
16.7831
11.9978
18.4941
11.9788
12.6534
9.0722
19.2067
20.5947
13.8433
17.7348
16.8974
11.1559
15.612
6.08567
18.0393
13.9812
17.1132
11.0824
11.9301
5.46564
12.8271
16.2188
12.5701
14.0035
11.9301
12.0141
9.2521
21.2878
12.3143
9.0251
22.2531
16.4295
22.7554
15.879
14.6851
13.587
16.4646
1.22456
17.5356
17.0773
7.95004
8.51891
9.21618
12.9801
12.4365
12.1879
9.12146
20.8887
12.6356
12.149
11.1914
18.7269
12.5954
8.69219
19.3708
12.4587
9.87853
13.645
5.89184
26.1941
10.9168
14.9418
15.3677
16.0619
11.4728
10.5585
16.7571
19.5455
10.3452
15.362
23.4815
17.121
15.1535
13.0416
14.5506
18.9564
11.7484
14.4492
21.6071
7.56659
9.5043
16.0532
19.2622
14.4839
20.4185
18.4315
9.97296
7.90972
11.8176
9.37441
8.47804
8.87224
14.9991
13.3926
12.7373
12.4334
15.2956
8.31263
22.023
12.2525
21.0806
12.2921
20.6291
12.3546
20.5527
8.90487
17.7163
9.64261
13.6139
13.8364
1.69022
12.285
13.3819
12.9034
17.9689
15.695
13.4268
12.9844
16.0058
19.8912
15.6126
11.6573
21.1495
11.9862
18.0305
17.6835
14.9396
14.1996
12.88
16.7718
38.8399
20.6823
14.8653
11.7906
10.191
24.3614
13.1412
13.0552
13.769
15.9948
15.3771
11.7817
11.9034
10.9025
12.214
16.7973
22.2602
15.2252
15.1176
8.93523
8.98363
10.9426
13.8459
13.4277
19.7128
12.4623
13.2301
13.7752
11.9593
15.3098
13.5715
12.2207
16.7578
-1.17386
19.3575
17.868
3.02184
14.9719
13.2131
13.2872
8.16558
15.5008
13.9662
15.2885
12.4515
15.5659
4.27676
18.1315
14.5173
11.5211
15.3249
14.2804
28.5288
7.36799
15.591
16.8387
17.9732
13.403
12.3749
15.722
17.3317
19.4922
12.9173
11.972
14.7494
23.3633
9.7857
18.2307
16.572
13.102
13.3956
15.8315
15.2025
10.6284
21.7142
7.83724
13.2122
15.3308
14.3256
13.3256
4.49709
14.9292
25.7835
17.5537
11.3934
14.2212
10.8902
29.2502
16.3128
9.65845
16.671
9.16546
8.39112
10.1862
15.858
10.7439
15.035
18.3308
11.7144
13.21
21.4596
12.9288
11.5173
25.575
6.7866
6.9115
14.4372
17.5138
13.6203
13.1009
21.9062
11.9342
11.2526
17.7503
13.5726
5.30061
13.7337
11.8279
12.457
14.0596
15.8156
17.7859
22.1113
14.4939
13.0676
14.8897
7.62911
17.0904
15.007
16.378
17.7267
10.859
8.33268
14.7754
11.6866
11.8498
10.2083
9.78812
25.1192
14.6811
16.2178
9.66919
14.6065
12.301
11.5742
6.41038
6.98246
14.1931
15.0976
12.75
13.6699
18.3976
12.2141
17.5672
11.8388
10.9753
17.9722
21.6859
14.5428
20.2334
15.225
20.9893
5.03977
27.0771
15.1435
12.3998
17.6722
17.6015
11.9628
9.98608
13.0624
18.5579
14.0853
-0.959668
12.8996
17.0788
15.5231
10.0358
15.6631
16.4304
14.2159
16.9426
11.1109
23.5695
14.2684
6.48059
13.1756
14.9932
4.68008
11.4876
12.264
2.35759
22.5301
12.4364
20.2375
15.0329
14.5515
20.8536
8.31285
15.7817
15.0138
12.7649
9.36807
9.7183
22.5831
11.3808
7.6177
31.1111
16.307
14.6012
20.8321
13.4401
10.9198
14.5578
14.7975
13.2435
20.0262
7.52476
2.70988
15.0135
13.7506
12.5976
11.8979
6.84612
16.3629
12.8056
10.0475
17.0148
23.8274
4.30602
17.5842
19.4246
10.5049
15.3522
20.7423
15.9688
15.304
15.1908
13.4507
14.1114
5.99259
11.0929
7.33089
14.503
11.903
17.1689
11.9788
17.2068
14.4605
12.5853
17.1016
10.4795
13.4922
22.0571
15.8597
13.5832
14.7633
14.7422
8.53209
9.93641
21.7322
11.8886
17.7088
15.8219
24.3363
12.0127
13.2278
14.3304
15.6373
15.9149
12.5313
15.2955
7.24051
21.0918
13.7496
13.8356
14.6384
18.2722
13.6947
10.8736
11.4835
13.0757
15.7048
14.9137
14.1719
21.082
9.13123
12.6965
12.322
19.9012
6.5441
9.90816
19.6581
14.2714
18.0389
13.3476
12.5094
13.9978
14.7716
3.56616
15.2732
14.5898
4.16803
15.3594
9.64985
15.2311
11.1048
12.6452
6.98672
12.625
15.9992
8.28308
17.0327
17.7133
14.8105
12.0254
14.9636
8.60178
8.85045
11.7241
11.0092
13.2402
14.8926
13.4257
11.8544
13.4516
14.0562
11.9036
14.7652
13.74
23.4472
7.79509
15.9508
13.8931
21.1449
15.4739
13.0877
13.1303
1.15921
15.187
14.5209
15.2449
20.543
9.10122
12.2213
15.1696
10.1747
12.01
11.4045
11.2664
10.7918
6.58532
15.5278
13.3317
16.5036
16.0118
21.7073
13.6825
20.5522
12.5463
12.0594
7.98351
14.3369
19.1253
13.4938
10.8479
13.6799
15.3045
11.0118
9.68253
12.8799
11.6253
29.2173
10.2832
17.9554
14.9964
11.8632
12.5279
19.4134
7.17146
13.9398
12.4721
23.5403
12.2455
19.7593
13.6544
14.5227
20.2689
12.7962
6.22336
16.4558
15.5008
13.6842
11.5392
16.7773
12.8923
11.9933
11.1638
11.4179
15.9994
15.7317
24.0127
14.1669
22.5053
17.0431
12.6184
12.4759
14.4477
11.8592
18.2349
13.5114
13.0079
23.1642
9.03917
15.3318
15.5202
15.1959
14.6872
14.4853
13.5838
15.6941
11.1964
15.089
9.89997
13.1406
15.0503
27.0587
13.6279
20.1458
8.86489
13.4821
7.16631
14.1163
12.383
14.2898
20.7445
13.837
18.9328
14.5847
4.91257
14.2859
14.6004
12.3941
13.2518
15.3877
13.4098
12.1618
14.1173
2.2593
20.9505
19.4102
18.6793
10.7947
13.6177
15.0181
20.2973
19.5908
19.7637
15.3118
13.9316
12.0376
8.55375
17.4191
10.8593
18.7711
13.3229
14.9052
19.2999
7.79451
17.3185
11.8118
14.9048
15.069
15.8096
16.1627
15.8623
12.2727
8.99312
13.8761
8.72242
21.3188
19.3675
15.0834
14.2752
13.5415
21.6126
12.6853
10.3957
9.45482
8.68432
13.4623
12.8829
11.7562
21.7604
12.5854
15.1047
14.7925
11.34
12.8969
12.7626
22.3872
15.1996
11.0105
12.5192
15.3478
12.2831
8.49361
16.494
8.59236
20.104
13.1605
17.4313
14.4351
19.3824
10.4925
13.581
13.6087
7.27794
10.3234
16.5193
18.7738
13.078
13.2746
13.4827
15.0265
13.7721
12.8468
18.8495
12.4185
10.7651
19.3939
15.9531
5.20691
14.2914
18.1735
15.9233
19.1377
6.27536
11.629
11.2989
12.7324
9.79727
9.18312
10.29
13.1484
9.60942
17.3242
10.0551
8.89734
14.0928
18.3883
7.28833
12.8976
25.0112
21.0219
19.3951
12.4923
16.7875
5.76579
11.291
14.2128
23.5158
10.0615
12.9517
12.8968
13.8206
14.9028
13.8592
15.1932
14.7357
26.7484
13.2401
20.602
21.3947
8.91901
11.803
12.1798
18.0785
16.8754
26.5508
14.7231
13.6218
10.8459
15.0546
8.29753
17.3734
11.9399
20.8283
13.7349
11.2983
18.277
25.7797
11.6516
19.4393
5.99506
11.7069
15.0599
7.62008
11.9352
20.4234
9.18014
10.2433
20.9393
7.47914
19.039
12.4002
16.274
15.4336
9.97956
16.2351
14.8562
11.7948
13.2868
18.0437
13.2376
9.69351
12.2497
14.5867
10.9572
19.1398
8.0662
8.89313
12.2251
15.0549
13.5783
10.4689
18.0295
17.0032
15.5487
10.7997
12.6382
18.316
11.3081
13.2699
14.8968
13.2844
12.9944
12.9897
12.5064
12.4021
24.1788
19.926
15.7285
14.1632
10.9229
12.8323
18.489
24.2918
16.8658
14.5417
13.2719
11.8142
28.4838
13.5731
7.07991
20.3867
8.86728
14.9736
11.4481
19.9136
29.2303
11.3693
16.442
13.6908
19.9888
16.1961
26.273
13.9204
11.1199
14.0226
16.1322
13.3743
10.6989
6.23681
15.203
16.2947
11.5561
15.5521
12.6167
11.6043
11.9022
16.7588
7.88949
12.7212
15.3168
17.1996
20.8878
14.2071
22.528
17.2452
21.7536
13.2697
20.0659
17.6363
14.8431
14.7972
15.1871
4.54926
4.83739
15.28
11.1543
15.8301
13.9564
16.1752
16.2919
12.6791
12.3317
12.2194
15.1856
16.0422
0.420318
14.8225
13.2958
20.5621
15.2741
10.2086
11.9466
13.2801
22.7575
15.6536
14.5739
13.2753
17.5332
15.7617
14.8941
12.7466
13.4081
12.7118
13.5626
14.2542
13.5162
13.46
12.646
20.6243
12.0306
13.7125
13.6713
13.8008
8.26399
15.0402
7.95223
8.39839
15.9947
13.3039
10.0691
13.0895
10.4248
13.0986
21.1615
0.780563
13.0059
11.4159
13.2722
13.8284
12.3384
14.3214
10.0531
12.3997
16.5628
15.6982
13.6102
17.8713
14.7502
14.6285
10.5634
2.03374
26.1545
12.7961
13.56
13.4264
14.5951
9.04571
13.1288
13.1817
14.6846
20.5632
12.4957
12.1146
18.4722
14.0559
13.4244
13.662
7.11531
15.8654
10.1293
16.308
9.03318
14.3824
12.9744
14.1569
15.339
15.2561
11.9462
13.1914
12.3642
7.38549
12.1743
14.6644
7.40994
11.6128
14.2925
9.61877
20.5182
13.889
17.7541
13.2448
13.43
11.6768
6.0036
12.5611
23.3328
8.87095
1.93798
12.2388
15.9796
4.87641
16.82
6.65695
13.7941
11.1311
19.8545
13.1936
15.5647
13.6937
13.6386
16.5729
15.456
12.4056
13.8851
16.5343
17.2202
5.60049
14.6514
11.8496
12.2992
17.8566
13.5269
12.4886
25.3756
12.5054
18.2012
6.54646
18.9416
13.5021
10.709
13.7229
6.78942
13.216
10.2769
13.9513
13.2908
20.8648
11.107
24.8316
14.0957
20.7742
15.5399
19.5365
15.367
15.4106
10.7163
11.4992
10.359
15.6889
9.34985
17.4628
10.9906
15.2826
21.1228
15.22
11.5502
13.0125
9.06204
10.1105
13.4742
22.151
14.9527
12.6066
19.6105
8.3436
10.7371
10.9962
20.9049
13.3671
13.4472
13.7224
12.239
15.8772
5.33476
15.5817
14.9283
13.6173
13.3297
14.9995
8.01828
11.5424
13.4921
14.9923
7.69147
12.1037
10.8402
19.6025
13.0687
13.5446
15.289
28.5133
16.4059
20.116
14.7149
20.5647
23.4755
15.1449
13.4285
11.2907
7.5923
16.0464
12.9511
6.38974
10.8046
18.5383
20.0357
16.5263
17.2178
13.7226
10.5021
8.28879
15.8073
9.50247
14.954
14.5824
18.123
13.2384
6.96856
17.7744
12.0215
10.0216
13.6905
14.3462
13.0812
13.9493
15.3432
6.25522
19.4231
14.8632
7.91364
19.5164
15.6074
13.4909
11.4097
13.811
10.3401
14.6534
18.6297
6.42961
14.4784
13.9428
19.7997
24.6675
13.1671
9.41544
15.6973
14.5829
5.8853
14.2094
22.0075
21.5603
8.69452
14.4682
13.0634
12.8533
18.0953
11.1944
5.67507
10.4879
16.3898
17.0022
12.7919
14.2756
13.4587
9.7906
12.6835
14.1917
13.7946
9.83769
11.5593
13.2474
14.2456
20.277
15.4421
15.357
12.096
14.3135
14.1941
13.7649
8.01457
15.0676
22.4958
24.9797
7.90765
17.687
16.8717
10.9707
10.6181
14.0899
20.6833
13.5173
10.4636
13.7577
11.3408
11.3921
7.88565
18.0837
13.3657
6.16651
16.3946
7.75318
10.5094
17.9146
25.4708
15.0292
26.2376
15.2559
15.4661
14.5965
13.8054
11.6258
12.0911
18.7964
13.4947
22.1704
12.1182
17.2661
11.5211
12.9133
10.6725
0.82774
12.998
13.3043
14.4657
12.3603
0.648441
14.3201
12.4286
12.6802
13.414
10.9936
12.4917
21.274
9.50298
14.6557
21.9952
6.89158
14.5641
13.067
13.1915
7.12411
12.8642
17.3498
15.6826
18.063
17.9449
8.2918
13.4187
15.7949
13.282
15.8652
15.0247
9.49716
15.7786
15.0953
12.2168
17.3861
12.8971
18.7787
11.5309
14.0415
13.0748
16.1053
12.0825
11.2137
16.1096
14.9164
18.8403
12.6359
16.3908
17.3085
17.6413
-1.71904
14.1318
15.0633
7.07983
13.6059
10.75
9.61043
16.5853
4.80003
15.0527
12.6384
8.14965
19.9512
21.6671
16.9865
15.2229
18.893
13.3191
14.5888
7.64371
13.2069
12.429
19.0789
3.28743
11.8188
13.8465
11.4742
12.2933
13.8013
7.4814
11.2866
14.6525
16.0914
17.3431
27.6459
12.3311
9.73387
15.2756
15.0018
18.3911
12.9776
3.09729
11.6546
10.236
15.4124
14.8595
13.6836
15.1296
13.4937
11.5755
14.3214
13.3198
14.3145
4.73696
15.5555
16.3013
13.6655
14.6613
13.385
15.6031
13.2133
14.1868
19.8977
14.0291
11.8978
17.7265
12.248
12.4102
12.0019
13.5272
13.4184
15.1058
11.1436
12.0545
9.16151
7.91562
10.308
22.4192
14.0044
15.0716
15.3131
13.432
12.6208
13.9909
14.6036
11.6476
12.0406
13.5985
13.9438
12.7175
13.2851
5.87095
14.0584
21.0917
18.9686
22.9559
10.8898
13.3482
14.4169
16.4285
12.869
11.3894
16.7662
12.5785
15.2679
15.5957
12.9143
13.7499
17.6075
18.3692
16.0555
5.69722
14.9854
14.9504
22.9861
19.8418
14.1106
15.3644
15.0992
14.1512
19.1201
16.7341
14.3718
10.8513
10.4273
12.5666
17.2556
15.1561
16.9417
11.8125
13.7881
14.1544
14.3306
12.1975
13.9625
3.66544
4.65355
15.1988
5.61094
14.911
11.7515
21.2758
3.00667
13.4429
13.5904
20.659
25.9994
19.299
12.7181
11.5956
14.1529
11.6296
4.84253
6.04296
15.2613
14.9612
11.9693
16.2134
18.6993
14.4749
19.3079
13.6667
12.6771
13.9647
12.2969
9.37654
15.0893
16.3815
15.034
13.5864
17.1273
13.7801
2.36831
17.4501
13.9758
16.1527
13.5983
12.9773
16.589
17.0014
13.4757
16.4603
12.9027
6.72928
12.3939
7.0837
12.0198
13.4567
18.6819
12.7141
18.1037
9.32295
15.1854
13.2641
12.8186
21.5192
10.6581
15.5119
9.5219
9.96872
6.04767
12.2239
11.1729
13.2079
13.8536
13.0167
12.3597
16.8794
21.2331
15.8992
10.86
10.2518
14.5405
11.9481
13.3407
12.063
12.4542
15.199
11.6048
14.9925
24.4626
7.76601
9.49414
8.95926
11.875
12.1189
6.34647
12.4081
11.7679
12.1582
21.9801
15.0209
11.3267
21.4995
13.705
20.602
16.4537
6.60126
6.35803
19.5184
10.4673
14.0687
16.0534
15.8299
14.278
14.0714
11.2356
13.8613
12.5108
11.6493
18.5272
15.3359
8.1291
19.9761
10.178
9.49034
14.0537
12.9686
13.9929
10.7883
20.7907
14.0949
11.384
12.2572
20.1785
8.3421
9.69331
13.5678
19.3703
15.2431
13.8117
10.6572
12.236
12.2686
15.4938
14.689
11.5722
13.526
11.6184
14.336
12.5417
8.85644
16.7603
5.1551
15.89
11.7328
15.8245
10.653
17.4556
9.50172
15.0332
9.88971
14.3657
23.6932
16.1433
13.8481
18.4984
19.6102
20.3482
19.9732
14.5079
13.3106
13.2615
15.888
6.0389
15.2701
11.634
19.4834
10.7901
8.00454
15.8814
9.95519
20.9181
19.5939
10.5242
21.1109
12.5112
11.565
7.98401
13.5553
13.7011
12.8533
7.16718
14.0336
30.4045
10.2966
26.0993
12.29
14.7049
22.2983
15.4891
20.0958
18.1668
17.9301
12.9658
10.181
15.5548
17.155
11.6079
11.719
11.9395
13.5938
9.14571
12.9411
16.7455
13.2219
12.451
9.60973
22.2623
12.3822
22.1831
11.1432
12.0578
2.55695
12.5301
10.5234
10.7022
6.75421
19.2171
28.8129
12.7646
11.1589
17.6432
8.91117
15.4091
11.078
6.29536
16.4066
12.6762
14.9341
24.1028
13.7544
16.0077
17.6526
12.2692
12.0852
15.9392
17.4212
12.0101
9.57422
15.3057
20.7538
1.30703
13.6586
9.34357
18.597
16.3148
16.4049
14.6986
0.297575
14.2085
20.4057
4.41091
7.31556
17.1458
15.6389
13.7502
13.6601
21.907
15.6116
12.3862
14.8797
10.5877
7.35527
15.949
14.0332
7.06572
15.0187
16.9413
14.837
12.6314
4.76228
16.6969
12.7361
19.4228
20.2315
13.7877
5.45395
11.4259
13.594
15.7812
17.4221
13.0976
13.5757
18.0428
14.1316
14.5139
19.1215
14.9203
12.2018
13.6106
24.0556
11.7569
18.8585
15.1606
17.3218
13.4635
17.5044
13.2218
13.0632
13.5775
13.2169
10.2939
11.907
-0.3682
19.5306
11.287
16.4783
14.4156
13.2605
11.1927
14.549
9.83544
13.7633
14.1798
10.1511
15.3809
25.8666
12.1949
9.93431
14.7208
11.9692
10.2854
13.6243
13.2946
11.7003
16.0473
5.13039
16.0969
10.5159
14.0676
13.8102
8.55425
12.3979
21.7883
9.28251
11.4416
13.8321
19.4005
12.2262
13.1044
8.77865
10.5449
12.0146
12.4388
17.9891
21.3426
12.4241
18.035
15.6121
13.5011
13.354
19.812
9.77771
14.3243
22.2404
11.1783
1.51693
8.57053
12.7172
15.6135
12.6267
13.4499
12.2391
4.27361
11.7833
15.3814
3.57941
17.1981
14.6464
14.6181
10.52
19.952
14.5974
16.1477
25.8479
18.6734
9.71904
20.3385
8.51408
15.3496
18.3177
12.5938
14.5144
15.4023
14.0056
17.5716
18.023
4.36511
15.7556
1.16231
12.7519
11.2494
16.1858
11.1433
13.0186
14.1352
12.6142
20.637
14.9802
11.5256
11.7774
14.2112
11.7203
9.63736
4.97204
7.87361
11.2537
13.7682
13.6879
12.0299
15.0369
-3.49199
20.6082
13.8996
13.7392
22.4921
11.2729
13.0553
9.08325
19.925
18.8489
10.6693
21.6964
12.5612
20.0316
18.5508
15.748
15.5394
16.0313
17.448
14.1583
8.10186
20.8277
15.1355
18.5794
22.6573
11.8818
14.3394
23.0533
15.3456
26.9233
12.7755
13.6572
22.221
9.15996
13.7797
6.50718
5.53553
15.209
13.3324
14.2093
16.2623
1.36228
13.669
12.3
12.5932
16.4912
12.1937
13.9842
13.6738
7.46121
15.0054
19.8905
15.1686
13.5038
14.4322
15.9257
16.7187
16.9987
17.2889
11.2195
-0.558583
0.859584
16.1746
2.60865
14.4826
12.1059
28.9415
14.2189
14.8387
13.992
13.8895
12.618
15.4091
11.0578
13.1171
12.0428
9.89805
15.0338
12.8825
13.537
12.544
12.507
11.826
5.59259
14.7222
19.0487
18.8775
1.50117
17.6264
14.1178
15.1409
15.2671
9.7459
12.9904
13.0415
20.5467
-0.0643372
11.0014
12.0494
22.8367
14.6476
16.9134
22.3089
16.6467
17.6574
10.0454
10.6059
14.8827
14.076
13.3296
8.66577
13.4857
16.0874
2.34325
12.6566
10.6307
10.015
13.1112
12.9677
18.4358
10.0836
15.984
11.0336
4.27286
15.2487
10.7523
14.5472
14.4191
10.0275
15.1943
13.9297
12.633
10.3032
24.1676
11.7842
16.3691
24.9899
17.2662
15.1462
10.2945
20.6222
13.4166
14.8229
13.3642
4.512
22.5806
15.1739
11.1526
13.5828
16.7498
16.4965
11.8337
15.3925
16.6115
11.2642
15.2435
9.96507
9.27422
23.0271
8.88469
15.1827
12.8075
14.7787
10.2475
11.3891
9.7826
21.1455
18.1602
19.0342
10.6174
7.08812
15.3553
23.5914
23.7266
15.62
2.14264
8.20176
15.7885
14.2129
10.4999
13.6575
10.1954
12.394
5.93866
11.8313
19.0775
15.478
12.7879
17.8488
24.3595
19.1941
13.0989
11.7243
14.7142
18.4046
21.5096
9.88283
13.6351
11.6324
20.2978
20.9257
16.6258
17.9156
9.12049
13.3919
12.6847
3.78146
13.6624
15.8097
14.3415
12.6161
22.3412
18.9563
20.9288
14.6888
11.8948
10.827
10.1357
22.4455
13.8975
9.06141
13.3309
16.2143
15.0586
14.183
14.753
10.3584
25.4473
19.9442
13.6516
15.6541
9.88827
15.0788
7.21694
9.14225
14.3477
14.9975
12.5873
12.5605
12.1276
21.909
14.7875
14.2701
14.6091
10.7417
10.8394
12.0881
14.2205
12.1089
6.00625
18.4713
14.9124
14.8188
8.85576
11.7832
15.015
14.831
15.1146
17.1456
10.9665
8.39109
12.5918
13.2229
12.5519
24.7211
25.2
20.4363
-13.6985
11.5112
13.6201
13.5624
13.0022
20.9937
14.1902
14.2994
9.05681
13.5857
10.9863
30.0015
10.5177
13.8986
14.4169
12.4314
14.1459
12.8307
16.4196
10.0547
20.0149
17.2114
12.0316
11.8279
15.5762
17.1842
19.5405
16.1159
10.7314
11.3262
16.4862
14.9974
13.5757
14.4742
13.1264
13.418
11.0467
26.9664
16.4302
14.1771
14.9047
13.7683
19.683
17.1571
15.4809
12.8835
14.066
18.4453
11.9514
23.7613
15.2911
11.7869
12.3374
20.6845
17.3663
11.0165
15.6114
13.3188
11.5056
13.6292
5.90873
18.7325
13.3334
17.6668
12.5385
3.87374
13.528
14.6843
13.57
12.9927
15.1178
6.08068
22.5606
20.2324
12.3436
9.59811
17.3272
13.2284
19.6135
11.6456
15.3031
16.856
16.9644
15.4177
12.7572
10.3183
15.7914
14.0475
20.0849
14.6474
13.0185
12.7152
7.2557
10.3861
3.68857
14.6998
15.1075
12.0417
12.3022
12.6604
19.8285
15.8908
23.9072
13.2864
12.201
9.62061
16.8981
11.9936
14.0725
12.064
22.3944
11.1303
14.4359
13.4183
13.639
21.486
14.8664
20.4624
9.27417
15.5912
10.6486
11.5067
14.5021
10.3488
27.4595
15.8293
14.1745
25.0991
18.6688
9.75704
8.41966
13.5829
10.5119
13.4641
18.8832
14.0533
19.0018
7.11135
10.4294
8.61064
6.83607
20.11
12.9272
21.5507
11.7052
17.3792
14.2283
14.0581
21.1852
25.7624
22.1284
7.915
15.2534
13.853
17.8305
10.9829
15.2652
10.6976
25.092
16.4903
18.5286
15.0635
13.6939
8.54773
24.21
19.0634
14.7258
4.83099
10.5132
10.807
10.6765
4.25857
27.7838
16.7167
6.18072
11.636
5.20448
16.7044
12.8344
13.2353
11.8253
14.1262
14.5199
14.6474
11.2164
16.6944
17.5405
11.2029
16.4828
13.5462
19.8573
19.3937
16.1808
11.6579
19.0236
17.1623
16.5779
11.3806
18.9608
4.18921
13.175
24.5354
25.3471
12.8293
19.7082
14.9294
9.86269
15.2623
2.72
9.25036
12.1635
14.6731
13.3496
12.8677
16.5402
10.8578
19.9473
16.7526
12.7225
16.6282
14.7939
16.8686
15.9171
27.7797
9.16631
20.7859
0.973853
12.1085
8.54435
12.8928
14.9935
16.2478
13.5707
14.6933
12.5865
12.0303
15.7685
14.9468
15.9042
10.7751
11.7505
20.9673
6.40197
10.9388
1.57746
13.3288
15.6446
23.0996
14.839
8.70254
15.0458
8.50112
11.4606
13.8396
13.4533
-2.48666
15.6033
12.519
11.8028
23.0885
7.93526
14.716
13.1687
15.3791
18.0649
13.1992
12.7094
9.31018
12.2421
18.361
16.1394
13.9572
11.6671
14.6809
12.4797
9.20118
15.0451
15.2682
9.29077
12.177
26.2389
13.3465
13.7509
13.0726
12.5749
5.50017
17.2439
19.0391
15.2839
8.33556
4.76253
8.19221
14.9589
16.8068
16.5699
13.3329
16.0531
15.446
9.63403
16.7234
22.2953
14.7186
19.6369
19.9589
14.0966
19.4873
10.4512
11.7132
15.1593
11.965
10.0842
18.5598
15.23
13.259
12.85
19.2547
5.33147
13.3829
17.6234
11.9826
23.6891
13.6181
18.8726
10.5522
13.6741
16.2862
15.443
10.7056
28.0697
14.7456
3.9606
9.43523
5.99983
13.3864
16.8258
16.1136
13.1599
24.7917
3.54072
5.2109
2.88572
15.9578
12.4459
12.7307
17.1704
9.71371
12.9595
14.7598
9.72962
13.4071
8.10574
11.9376
11.4522
12.1418
22.4582
9.87584
14.9127
11.6484
28.4322
13.4387
23.1633
14.4892
16.5428
21.6499
12.3271
14.8284
23.3745
10.5791
26.8783
1.84293
13.4205
14.916
16.7121
13.579
16.6833
14.5673
12.3884
18.8769
16.9069
10.383
15.1629
14.551
22.1275
25.5516
18.5815
12.7766
15.3069
11.1105
10.9709
10.1171
18.5182
13.0591
12.4195
24.214
16.2482
10.6571
14.3102
7.75402
25.5096
13.2004
23.5399
13.8027
14.3338
14.0014
15.627
13.2336
14.0213
10.9603
14.7828
13.1303
22.1301
14.9462
11.7888
7.65401
4.5173
22.118
7.40415
15.1249
11.463
15.5585
18.4302
17.2376
4.2326
5.53385
19.576
13.9332
12.464
11.0005
17.0689
16.2346
2.71453
15.0803
13.7195
18.2119
14.7912
13.2052
15.5543
18.6183
10.2401
14.8787
12.325
10.7896
12.2138
20.6476
18.1192
24.0915
9.23937
13.6982
17.4172
15.0088
15.5311
12.1484
18.306
20.3844
11.3801
16.606
23.0729
10.5096
9.08989
13.44
9.47823
25.4115
21.9417
14.4443
8.47175
21.7059
11.8605
11.5975
13.6344
23.2605
15.3372
12.721
11.7926
14.4586
19.3838
12.1731
12.8044
13.3504
21.262
12.1193
16.9805
13.8637
15.3038
6.24078
19.13
13.0656
9.10817
14.1052
15.9283
9.88555
14.672
4.86529
12.4687
15.8477
15.1834
14.2665
11.6633
15.9533
17.7185
9.67557
14.8955
16.2337
13.5771
13.5448
12.0541
13.8536
12.9916
22.1608
13.4353
10.4392
10.2035
14.474
16.2647
25.7341
12.3026
19.424
14.4908
16.1216
24.7027
14.318
15.4287
23.3619
10.8727
5.17927
15.7377
11.7968
-0.0348679
12.8789
11.3011
17.6825
29.8746
13.1343
12.0849
14.3873
20.696
20.4636
15.2687
21.2356
17.019
11.6904
10.3909
15.2142
10.0971
12.2162
15.0316
12.927
23.9399
12.541
13.1728
7.44579
13.6749
12.3581
17.085
14.0168
13.9176
-0.0103233
16.5001
9.69196
8.82265
14.4305
27.4245
15.5383
14.2638
13.1215
11.1513
31.0387
14.793
12.9578
3.96727
10.5666
15.0951
14.2519
15.0498
13.2303
12.1171
10.8271
12.2391
15.4348
15.5035
0.298053
11.7399
14.5295
13.9838
15.1583
12.1246
12.0547
13.5547
14.4326
24.2432
9.61435
20.9641
16.6651
11.5922
14.5786
15.3126
15.8709
13.5034
15.8617
14.9553
15.8019
12.8205
15.7535
5.60705
19.9042
13.6179
14.8187
16.7291
15.8874
6.65552
15.1991
16.1674
13.3807
5.18349
17.4531
13.7984
13.7287
14.1826
16.4789
12.5061
15.634
15.9888
4.66175
10.33
24.6636
16.5969
11.8154
8.56832
17
14.0558
11.6949
11.8362
8.72356
18.8259
17.339
10.499
11.6365
13.3564
5.22461
13.9472
13.8002
15.8311
12.5724
16.6338
0.0537712
13.1243
15.6667
12.0798
22.5949
16.9994
18.2441
15.0818
14.6011
15.3381
10.1504
15.0025
14.6046
13.7642
11.9764
13.2014
9.25331
13.7655
17.3374
9.28494
17.8734
10.4307
23.73
13.5199
12.4999
12.3903
13.034
11.7471
10.1319
14.6361
12.5126
9.81453
22.7891
12.1327
10.4833
12.7578
20.5468
16.6506
19.2782
13.2673
23.1711
24.3704
13.8951
13.5061
9.78977
11.7302
11.4957
6.7275
12.794
19.8557
8.8536
22.8704
17.7731
11.8091
15.6926
15.105
15.3762
16.4395
23.865
7.49991
12.9046
11.8406
16.3214
8.49577
20.228
15.155
13.0888
14.3252
15.2454
16.6885
9.31621
12.2364
14.4398
5.6263
13.1046
19.7825
9.49602
13.2968
12.6735
10.6187
20.1882
13.0784
13.3326
14.6701
10.3921
12.1717
15.8415
14.2365
11.8209
15.5414
12.2456
7.72186
13.0811
11.7831
14.1786
11.1041
14.9298
11.8399
12.5271
19.1009
10.9033
27.1015
8.67955
11.8843
10.7224
15.9366
12.8453
11.1618
10.8845
11.5983
13.0627
13.2372
15.4086
13.2308
12.6895
10.1913
11.1682
18.7547
27.0871
14.8177
14.8543
13.6167
14.1131
20.1658
12.6269
22.5962
14.4478
16.0599
13.6255
10.0562
19.7043
11.792
15.7654
18.067
2.3709
16.1659
16.1578
14.8652
23.4838
20.1899
7.35125
15.6859
7.24142
15.177
13.6231
18.386
14.9238
14.7633
13.7242
10.3075
11.6424
3.15366
5.41768
13.4196
14.5155
15.6586
12.8374
13.556
14.2261
8.57109
18.9655
15.1968
17.8016
12.4871
15.134
13.3038
10.8232
14.2476
8.27887
13.0888
6.05039
-1.93211
16.2784
22.3781
26.9876
12.4839
12.0932
15.0732
10.0699
14.0179
15.4294
13.8826
13.4895
1.98411
13.4957
18.754
12.1601
23.1696
11.0987
5.64867
14.5428
10.5384
15.7598
12.4848
13.9034
15.1241
14.9299
13.3189
14.8283
13.5034
26.2877
15.6184
18.1323
12.3125
10.4465
15.5953
12.1134
13.3204
12.5951
3.89993
9.87823
11.2761
22.9572
11.9163
13.1188
14.3559
2.79368
14.1375
10.6971
10.786
23.6271
24.1358
6.19356
16.2535
13.4625
13.5125
8.2076
11.2062
15.5623
10.6815
26.2787
19.5565
28.0135
5.8622
7.47955
11.7038
17.5512
26.2308
13.4707
14.1916
13.9441
13.1323
13.6458
15.3659
11.1856
14.1024
14.7806
6.47561
16.8943
14.7912
12.4572
22.7175
16.6253
13.4818
13.5986
13.4068
9.94796
11.8322
16.5543
14.3412
13.8411
13.4582
23.2416
15.1482
17.466
13.8172
12.0404
7.5855
15.0536
14.1787
11.8801
12.178
14.0583
10.5808
14.5128
16.1907
17.2391
9.55188
13.4408
16.6402
14.9987
9.58571
8.76267
20.4817
8.0194
11.7287
19.0333
15.4144
17.0921
21.7014
21.4829
13.263
16.1578
12.4805
13.4546
16.4776
22.0164
14.2715
20.7081
13.141
15.0829
19.9303
13.3844
12.3592
19.196
11.1561
6.13459
12.9535
19.7977
12.2853
10.9915
11.1099
11.5949
12.4684
13.6114
10.338
12.3716
4.78957
13.462
16.2511
14.4975
12.3149
15.4704
12.9514
18.7558
13.6859
17.1062
16.6619
9.68825
10.2868
7.69585
23.2687
11.9459
18.3559
15.393
11.3115
6.61616
14.942
21.8593
12.0841
12.0783
18.8964
56.0655
8.68585
21.6965
9.01795
12.2211
13.5221
10.7881
16.6274
18.9078
19.5061
19.0397
13.8044
15.4094
8.74415
5.2549
14.8949
3.91119
9.03271
19.9506
10.8712
11.5221
13.6149
13.6153
16.8935
11.5539
9.69406
15.1819
19.2101
15.2764
10.0969
27.3174
15.1634
12.7376
17.0642
26.6189
13.1206
5.70331
10.2374
13.892
14.8388
16.478
13.0741
15.479
18.8507
12.8453
19.7864
23.9984
12.7032
12.2532
15.6327
13.9171
10.4674
-1.07346
14.2893
10.5212
13.8568
19.025
15.15
14.0796
15.1463
15.0576
11.5641
11.8474
16.3263
8.05687
14.993
25.1391
15.0334
30.9226
10.8718
11.2488
11.6147
31.2948
18.8157
22.439
15.3459
12.1921
27.369
12.2074
8.64192
12.564
12.3935
15.29
7.66723
19.0382
21.3643
10.3422
18.6851
12.6641
12.6851
15.0738
11.8053
14.8877
10.1075
9.26666
11.0663
30.5947
17.3986
12.5223
24.1756
8.34085
2.61303
15.3328
8.51405
15.9912
13.9707
20.8402
14.5815
15.4205
2.63443
19.7136
21.1368
18.6119
11.1405
18.6091
14.9652
19.7009
15.1397
12.2626
8.60206
16.2306
14.71
15.0738
20.5749
15.8873
12.7971
14.021
15.0601
13.3451
15.4195
6.38799
5.64701
9.05695
9.67023
17.4639
13.8974
8.90023
9.45594
11.5332
12.421
13.9625
13.8898
9.06048
13.7784
11.8273
10.9828
13.9338
-1.79256
14.6788
20.388
12.9218
27.758
19.0812
19.4419
20.3767
17.5768
20.4588
7.19748
14.4974
15.6543
8.86424
14.1414
15.4662
14.219
12.4271
12.5281
16.9866
15.717
10.6215
19.9093
17.3787
15.6082
7.81684
9.10668
11.5852
8.0966
7.52728
18.5448
15.0879
13.6811
10.0931
12.402
20.7344
16.3418
11.347
11.9454
12.815
5.9976
21.6441
9.5931
12.1935
12.4867
14.7779
12.0852
14.6581
11.3914
10.019
13.3165
21.424
20.9728
10.4173
20.2009
12.9254
25.9262
12.0265
23.3469
13.7857
13.5095
12.4782
7.93772
12.6856
14.3881
21.6501
14.8395
15.2041
19.2222
9.14661
8.98108
21.0693
11.3297
15.4555
16.7861
28.5676
7.80467
10.5617
14.1827
14.1652
18.6594
12.0072
14.8693
13.6455
10.6232
13.5906
17.665
12.2913
13.7378
14.2219
12.3853
19.7454
14.0903
20.9489
12.4879
15.8651
15.4275
17.6308
22.9826
10.2086
24.6036
12.1741
11.2183
4.04421
18.0754
17.2131
12.4476
15.1735
12.0409
12.4282
11.4589
10.9896
14.0391
15.0158
13.4486
13.7539
10.0956
6.91674
25.5975
17.2854
12.706
11.1447
14.0137
16.0759
12.6446
12.3902
14.5209
21.1237
17.1736
17.6197
14.7419
13.5728
18.6897
14.8922
13.7535
13.5834
14.4393
9.60368
15.2557
19.7164
12.6539
18.6393
9.09355
11.9232
9.78298
14.8434
16.0551
15.2297
11.5514
22.5637
15.0889
16.3806
9.801
3.55565
19.3805
11.8524
22.8279
8.21474
13.303
10.1729
14.2789
16.8734
14.1211
7.47807
12.9893
6.56912
12.6765
15.6642
17.7518
18.5176
16.5699
14.8367
12.838
13.3274
15.9791
15.2565
11.2106
10.8971
15.2599
14.425
13.1506
12.2045
21.1008
11.3926
15.0877
11.5003
17.1261
24.2585
25.0121
13.8945
14.9758
13.0829
13.6168
13.4234
15.3814
17.6555
20.1776
8.95968
13.3962
16.976
13.1953
14.8044
17.4547
5.34123
10.5836
19.1553
13.0359
12.4423
15.2316
10.6071
19.1923
11.3872
25.2945
18.5185
23.7224
10.3857
14.4309
13.39
10.9996
18.9478
13.4859
11.9071
13.9166
10.4913
10.1374
11.5953
19.3761
12.0663
13.3264
12.292
12.9878
7.86205
13.8423
13.3776
10.6722
15.0186
12.4754
7.23713
11.6565
12.1421
15.8739
27.3142
20.4471
13.598
13.2343
9.38567
21.98
18.7737
20.2372
24.2009
17.6328
13.7073
16.6409
14.1366
9.34108
13.5294
21.1401
15.0563
8.27763
13.3646
11.2482
11.9895
5.30445
15.0707
12.2841
13.4573
17.7502
13.2533
13.4603
17.1262
16.7877
15.4984
13.2656
12.5081
11.6748
16.3994
13.7447
13.5149
6.1888
13.942
17.3324
13.3401
11.0548
13.3146
12.7412
6.84995
10.7263
28.4904
15.2213
14.5357
10.7914
13.4062
14.0065
7.36436
11.4265
14.9108
8.80416
18.3517
18.429
23.6185
21.5116
15.2197
11.1562
19.1956
9.49946
13.3927
14.9541
11.7132
21.9545
9.20844
6.91634
12.1657
21.7043
12.2041
12.2518
24.0679
4.32328
21.3049
14.3377
15.8358
8.72688
17.7653
7.93398
20.6659
19.9857
15.5557
7.81294
8.71534
16.3786
12.9702
13.2636
10.0156
13.4286
10.4142
17.5361
12.834
14.5486
11.9175
13.5108
8.85236
3.30893
15.3578
13.1913
10.635
12.1206
10.3971
20.6708
26.6697
15.5771
3.25674
10.5797
14.4428
21.5398
18.8975
15.7226
15.0511
11.7786
8.18611
9.79391
9.91647
9.18085
16.8426
14.4682
11.3136
20.7002
8.52053
16.3061
14.3882
18.3455
11.3576
18.814
7.48673
2.76587
8.15872
11.5108
9.1486
6.79928
14.4189
10.5377
17.0526
20.4021
14.3125
23.0208
12.5095
12.0918
9.47832
14.9655
15.0136
16.3307
9.78436
12.2907
11.7175
22.716
10.8423
19.7727
8.68714
10.8185
15.2024
15.6324
8.2783
15.5183
20.672
9.6756
12.0787
12.2707
17.1403
22.4167
17.3232
13.4684
19.7789
5.88352
9.73206
2.87939
10.7931
21.2291
14.8618
13.6786
13.2379
13.5188
12.9902
14.1019
8.26462
15.4664
16.6604
15.5699
12.6825
15.812
18.4854
14.454
9.91835
11.3202
8.11467
12.9542
15.4626
11.9313
27.5969
22.6977
15.6277
19.8732
13.5951
7.28556
13.8458
10.0632
13.5873
14.8318
15.6328
3.1038
12.7312
15.8783
12.0288
13.9733
8.23927
8.02503
18.0723
20.8398
11.8161
15.3882
13.6961
13.6157
8.71937
12.53
13.1666
15.3879
16.4603
15.99
12.6627
6.49124
5.45248
14.1936
18.2136
13.2295
14.3653
19.3486
14.7163
11.0996
13.2826
15.0772
17.4809
16.8315
13.8203
14.6148
15.4569
12.4851
14.9187
12.5974
16.1121
13.19
15.4567
23.6833
16.0849
11.5639
12.0776
13.088
18.8792
12.442
15.6064
13.4793
14.9618
15.1508
15.296
11.9949
4.68199
11.0924
11.3717
2.51667
28.1488
16.4842
3.55039
5.08256
15.332
20.2637
13.4812
14.5165
13.5488
15.0503
14.8093
10.6517
9.29776
11.0166
15.8704
14.9626
12.9631
13.4879
25.4591
13.5311
15.7117
11.9074
21.4497
14.2821
14.6212
12.4968
15.9933
11.0669
9.96475
10.7959
13.5621
11.9801
13.0794
15.4209
23.0715
13.8971
13.2429
13.3276
15.351
13.7292
13.5373
13.8601
13.4719
14.1073
22.8412
-1.04104
13.9676
6.17582
13.4789
5.99311
15.2472
20.2802
9.01342
14.0728
17.5194
10.6249
14.9047
17.5248
20.297
6.37602
41.2422
19.6555
7.85279
11.9107
11.4938
13.3031
23.2606
16.1801
11.5249
13.0673
11.0139
17.3208
12.2341
20.7043
1.92342
14.6123
17.7418
11.7797
20.5502
13.3262
25.3439
17.477
15.1782
15.7991
9.22156
13.4987
15.0378
11.1847
12.7511
16.5509
13.5867
15.3621
12.1489
13.5732
12.1538
21.1224
15.377
12.2781
14.9817
12.8026
23.1485
20.8419
13.7989
10.4872
15.1123
14.3607
12.0973
14.904
13.6162
9.52237
13.4139
11.468
19.195
14.0353
15.3803
8.08482
8.01433
13.3126
12.0597
11.4894
12.5137
14.129
6.15368
8.6343
17.2253
13.6424
11.1973
29.9445
13.0107
13.6346
12.241
12.5899
14.3809
13.1837
15.1559
17.397
16.2182
5.27962
17.617
14.4755
15.9579
6.1036
15.2277
13.0561
14.4339
8.80413
14.1025
8.6691
20.2604
11.1718
13.6813
12.5552
12.0761
14.7908
17
9.59379
9.41914
17.8521
15.2433
6.55954
21.2555
15.8056
20.6378
21.312
12.3018
12.6286
15.4187
10.9121
18.2405
10.4873
9.45444
12.6974
10.3179
13.5756
15.0815
15.3305
15.5498
18.0224
15.3494
15.2295
12.5999
12.5851
15.9418
14.8862
11.103
13.7071
20.2484
9.27714
29.6929
19.4569
12.6937
16.8186
17.7805
10.7915
18.0902
7.63838
12.0949
13.1897
20.909
12.3647
12.2295
20.9028
18.3589
14.8899
18.0274
15.1557
15.2651
13.2343
15.2137
13.1795
15.116
12.7099
15.4469
13.6255
10.4897
16.425
12.1931
13.3335
21.0537
9.51755
8.23892
16.2278
0.449955
18.2514
21.5344
12.0398
13.0395
15.5501
15.5922
13.2918
13.4725
19.249
12.6524
11.6575
15.0876
15.3599
19.7642
23.8206
10.2812
14.558
8.27532
19.0226
12.3448
11.394
15.0991
20.1186
12.2918
13.9649
13.4268
9.94403
14.6987
12.9184
13.9761
13.162
16.0401
15.1321
13.3312
8.63074
14.9956
10.4047
15.0799
13.334
6.251
12.4472
13.1366
24.087
5.49816
10.6908
26.4437
16.883
12.5912
16.2365
13.4802
17.1259
15.2927
16.7637
17.6149
14.0871
13.7916
13.6634
-2.33172
15.725
12.7816
16.2234
12.7582
9.07335
10.9777
13.9753
14.9292
11.009
10.0922
12.3108
12.5532
14.4021
13.2568
13.7447
10.1703
12.4337
25.4968
16.7813
11.8643
14.2729
18.6727
13.7436
12.4783
12.902
17.7528
13.3088
15.5519
13.665
12.6287
14.7755
19.8565
11.5818
18.2423
11.0842
11.6253
13.6841
16.2831
12.9827
13.3542
8.11309
1.40118
15.2494
17.1819
7.06133
12.4254
11.6228
14.9039
12.5114
24.9158
10.8127
11.5108
20.3544
15.0212
7.75423
5.19556
3.92735
8.47838
24.6393
13.351
8.0843
14.8845
16.9855
13.8083
18.5131
10.1628
13.3399
17.5739
13.1108
19.4109
15.5123
13.5394
14.2308
6.63205
12.9138
1.99514
12.5127
14.8723
16.7836
16.8141
19.0002
9.28884
10.9849
11.5626
17.0646
13.99
17.5608
10.1231
16.3967
13.899
12.4835
24.9168
15.1712
13.5944
17.1285
18.7013
15.6406
15.6327
12.314
10.8248
3.87831
15.3099
14.3188
13.624
18.0115
14.0568
15.2004
18.7357
11.0902
17.1302
14.2572
1.13413
13.9811
16.7531
16.9697
19.3293
25.013
9.72323
20.0209
13.4581
13.5163
12.7362
12.397
15.8726
13.9851
13.4873
19.3822
12.4735
15.4839
9.18569
13.8335
11.9907
18.679
11.0415
9.41322
20.2161
15.2652
12.3028
13.1377
13.1721
8.39404
13.8109
12.638
9.25053
12.3774
15.6572
13.3799
15.0609
16.8409
17.9622
9.64098
22.2242
13.6199
13.3401
15.1574
13.1947
13.5122
11.9757
14.2045
11.755
16.9172
12.5864
15.0449
18.4764
13.0845
12.2124
12.1882
20.3051
13.3248
10.3692
12.6822
12.8687
6.78866
13.5157
15.476
13.7633
11.1677
15.1502
17.5687
15.471
7.52666
6.62346
16.9419
12.7556
18.3182
12.9858
17.3588
16.2598
11.6584
12.2715
18.815
13.89
11.0568
16.8354
14.058
8.68996
13.7201
7.86716
14.7293
15.4177
15.6307
11.2513
8.19603
8.05128
18.0173
13.5516
13.859
15.4294
18.5839
9.79568
16.1914
9.58851
22.1248
13.7745
15.2561
13.3515
2.94273
12.8658
13.3037
16.2529
14.7222
14.6236
12.4675
14.1413
14.9548
12.573
8.22155
15.1397
8.29582
15.8504
11.0762
15.2819
13.4685
13.7603
21.9634
13.205
15.668
14.8564
10.8625
12.3029
13.9984
12.2199
13.0327
12.3096
10.2696
20.1786
18.431
10.8846
11.4198
15.2998
7.35837
26.8431
15.0077
24.6228
13.9407
9.54214
19.9083
19.9751
11.7263
12.1124
10.6048
15.1928
15.0094
17.6178
13.4747
16.033
11.6676
22.7022
11.1205
19.0065
12.8519
10.4543
19.3286
8.00556
2.99705
3.88627
19.5736
12.5363
15.771
11.0404
15.2353
13.8767
12.9869
21.5171
12.2971
18.3406
12.1499
14.752
17.1282
12.7946
13.5247
12.7124
12.0162
12.4269
13.4798
7.37277
11.5778
14.7922
19.2863
13.1931
17.9497
16.1126
14.4145
23.9314
12.2473
12.8517
18.1408
8.66707
13.0636
15.2344
13.003
13.1804
17.6172
14.8484
12.7202
17.7728
17.9685
14.0363
11.6626
27.2761
12.0533
22.1202
15.5059
15.3418
9.00046
13.8875
13.0877
13.8441
13.6605
13.1386
12.8357
11.0411
24.5507
15.6292
12.9953
12.8895
12.8501
17.8334
13.4773
13.6698
14.5181
11.7323
23.706
10.1635
12.1665
15.1676
13.7971
8.9062
13.0803
15.4669
11.7711
17.0427
13.4704
14.0229
12.4216
10.8131
14.7937
13.5536
13.5188
10.6844
11.7578
13.4932
11.7692
)
;

boundaryField
{
    wings
    {
        type            zeroGradient;
    }
    outlet
    {
        type            freestreamPressure;
    }
    tunnel
    {
        type            zeroGradient;
    }
    inlet
    {
        type            freestreamPressure;
    }
    defaultFaces
    {
        type            empty;
    }
}


// ************************************************************************* //
