1	1
2	0.438442
3	0.306847
4	0.200075
5	0.129406
6	0.0823921
7	0.0667987
8	0.0685814
9	0.0600813
10	0.0506205
11	0.067793
12	0.0791246
13	0.0742907
14	0.0586447
15	0.0406992
16	0.0279721
17	0.0233986
18	0.0225809
19	0.0232759
20	0.0225975
21	0.0193164
22	0.0147584
23	0.0113524
24	0.00981187
25	0.00916078
26	0.0086293
27	0.00781526
28	0.00696636
29	0.00636172
30	0.00571597
31	0.00519775
32	0.00488783
33	0.00460869
34	0.00419705
35	0.00378984
36	0.00392404
37	0.00405568
38	0.00389162
39	0.00350949
40	0.00304143
41	0.0026584
42	0.00248524
43	0.00237729
44	0.0022394
45	0.00205538
46	0.00190576
47	0.00180856
48	0.00174223
49	0.00169406
50	0.00164153
51	0.00155431
52	0.00143857
53	0.0013255
54	0.00124663
55	0.0011951
56	0.0011561
57	0.00112277
58	0.00109127
59	0.00106639
60	0.00104072
61	0.0010119
62	0.000981133
63	0.000950167
64	0.000922354
65	0.000897588
66	0.000875611
67	0.000856382
68	0.000840676
69	0.000829311
70	0.00081667
71	0.000800379
72	0.000782335
73	0.000765087
74	0.000750812
75	0.000739158
76	0.000727255
77	0.000715755
78	0.000704748
79	0.000694386
80	0.000684484
81	0.000674584
82	0.000665064
83	0.000655571
84	0.000646176
85	0.000636607
86	0.00062732
87	0.000618161
88	0.000609433
89	0.000600845
90	0.000592666
91	0.000584516
92	0.000576677
93	0.000568781
94	0.000561208
95	0.000553553
96	0.000546288
97	0.000538841
98	0.000531742
99	0.000524474
100	0.000517622
101	0.000510652
102	0.000504025
103	0.000497315
104	0.000490845
105	0.000484346
106	0.000478015
107	0.000471747
108	0.000465644
109	0.000459617
110	0.000453766
111	0.000447982
112	0.000442364
113	0.000436807
114	0.000431419
115	0.000426055
116	0.000420815
117	0.000415575
118	0.000410506
119	0.000405418
120	0.000400779
121	0.000396619
122	0.000391517
123	0.000386464
124	0.000381806
125	0.000377138
126	0.000373058
127	0.00036893
128	0.000364431
129	0.000361088
130	0.000356832
131	0.000352542
132	0.00034859
133	0.000344848
134	0.000340868
135	0.000337146
136	0.000333865
137	0.000331239
138	0.000327927
139	0.000325266
140	0.00032153
141	0.000317902
142	0.000315368
143	0.000313536
144	0.000310557
145	0.000307712
146	0.000304788
147	0.000301994
148	0.000299959
149	0.000298091
150	0.000295916
151	0.000293779
152	0.000291459
153	0.000288789
154	0.00028692
155	0.000286396
156	0.000284297
157	0.000282295
158	0.000280647
159	0.000278815
160	0.000277374
161	0.000276388
162	0.000275108
163	0.000273765
164	0.000272002
165	0.000270266
166	0.00026926
167	0.000269045
168	0.000267506
169	0.000266094
170	0.000264486
171	0.000263344
172	0.000262524
173	0.000261888
174	0.000260201
175	0.00025938
176	0.00025821
177	0.000256806
178	0.000255886
179	0.000255712
180	0.000254257
181	0.000253176
182	0.000251984
183	0.000251099
184	0.0002504
185	0.000249876
186	0.000248171
187	0.000247345
188	0.000246348
189	0.000245157
190	0.000243785
191	0.000243113
192	0.000241446
193	0.000240496
194	0.000239502
195	0.000238694
196	0.00023781
197	0.000237041
198	0.000235206
199	0.000234421
200	0.000233398
201	0.000232112
202	0.000231204
203	0.000231026
204	0.000229386
205	0.000228133
206	0.000226892
207	0.000226094
208	0.000225417
209	0.000224864
210	0.000223048
211	0.000222217
212	0.000221199
213	0.000220114
214	0.000219332
215	0.000219213
216	0.000217577
217	0.000216331
218	0.000215201
219	0.000214639
220	0.000214042
221	0.000213572
222	0.00021181
223	0.000211058
224	0.000210153
225	0.000209252
226	0.00020853
227	0.000208457
228	0.000206897
229	0.000205765
230	0.00020478
231	0.000204358
232	0.000203834
233	0.000203367
234	0.000201648
235	0.000200985
236	0.000200221
237	0.000199402
238	0.00019871
239	0.000198684
240	0.000197183
241	0.00019612
242	0.000195195
243	0.000194826
244	0.000194333
245	0.000193914
246	0.000192247
247	0.000191634
248	0.000190925
249	0.000190144
250	0.000189463
251	0.000189479
252	0.000188052
253	0.000187023
254	0.000186055
255	0.000185725
256	0.00018531
257	0.000184988
258	0.000183374
259	0.000182713
260	0.00018197
261	0.000181238
262	0.00018063
263	0.000180741
264	0.000179397
265	0.000178356
266	0.000177344
267	0.000177035
268	0.000176692
269	0.000176477
270	0.000174942
271	0.000174273
272	0.000173512
273	0.000172824
274	0.00017227
275	0.000172471
276	0.000171192
277	0.00017012
278	0.000169167
279	0.000168925
280	0.000168573
281	0.000168338
282	0.000166868
283	0.000166304
284	0.000165612
285	0.000164938
286	0.00016436
287	0.000164573
288	0.00016334
289	0.000162365
290	0.000161477
291	0.000161231
292	0.000160861
293	0.000160695
294	0.000159311
295	0.000158776
296	0.000158065
297	0.000157395
298	0.000156836
299	0.000157057
300	0.000155914
301	0.000154949
302	0.000154023
303	0.000153787
304	0.000153368
305	0.000153113
306	0.000151775
307	0.000151285
308	0.000150585
309	0.000149845
310	0.000149169
311	0.000149337
312	0.00014819
313	0.000147256
314	0.000146356
315	0.000145935
316	0.000145446
317	0.000145225
318	0.000143866
319	0.000143311
320	0.000142557
321	0.000141745
322	0.000141108
323	0.000141255
324	0.000139997
325	0.000138989
326	0.000138075
327	0.000137626
328	0.000137125
329	0.000136818
330	0.000135331
331	0.000134688
332	0.000133879
333	0.000132989
334	0.000132255
335	0.000132286
336	0.000130892
337	0.000129784
338	0.000128736
339	0.000128243
340	0.00012765
341	0.0001272
342	0.000125562
343	0.0001248
344	0.000123905
345	0.000122925
346	0.000122049
347	0.000121926
348	0.000120471
349	0.000119273
350	0.000118087
351	0.000117445
352	0.000116739
353	0.000116181
354	0.000114447
355	0.000113602
356	0.000112508
357	0.00011139
358	0.000110421
359	0.000110255
360	0.00010874
361	0.000107329
362	0.000105983
363	0.000105231
364	0.000104448
365	0.000103806
366	0.000101998
367	0.000101056
368	9.98512e-05
369	9.86182e-05
370	9.75391e-05
371	9.73011e-05
372	9.57503e-05
373	9.42593e-05
374	9.2803e-05
375	9.19408e-05
376	9.10802e-05
377	9.05943e-05
378	8.83417e-05
379	8.72763e-05
380	8.61303e-05
381	8.50157e-05
382	8.38212e-05
383	8.34865e-05
384	8.21836e-05
385	8.03579e-05
386	7.86062e-05
387	7.78897e-05
388	7.71261e-05
389	7.6736e-05
390	7.44714e-05
391	7.37207e-05
392	7.24172e-05
393	7.06859e-05
394	6.97382e-05
395	6.96351e-05
396	6.81736e-05
397	6.67143e-05
398	6.50211e-05
399	6.40339e-05
400	6.33536e-05
401	6.28843e-05
402	6.12507e-05
403	6.04185e-05
404	5.91335e-05
405	5.76274e-05
406	5.66499e-05
407	5.67335e-05
408	5.5544e-05
409	5.44709e-05
410	5.31151e-05
411	5.22314e-05
412	5.16253e-05
413	5.1398e-05
414	5.00599e-05
415	4.96383e-05
416	4.89509e-05
417	4.81365e-05
418	4.78762e-05
419	4.87055e-05
420	4.80507e-05
421	4.75792e-05
422	4.69518e-05
423	4.67599e-05
424	4.68599e-05
425	4.74821e-05
426	4.67119e-05
427	4.68009e-05
428	4.6491e-05
429	4.59792e-05
430	4.60391e-05
431	4.7121e-05
432	4.65517e-05
433	4.62004e-05
434	4.57498e-05
435	4.57057e-05
436	4.59458e-05
437	4.66642e-05
438	4.58865e-05
439	4.59743e-05
440	4.56702e-05
441	4.52258e-05
442	4.53471e-05
443	4.6538e-05
444	4.59085e-05
445	4.54148e-05
446	4.48164e-05
447	4.55225e-05
448	4.55165e-05
449	4.57185e-05
450	4.45217e-05
451	4.45152e-05
452	4.40802e-05
453	4.36304e-05
454	4.37722e-05
455	4.48214e-05
456	4.44381e-05
457	4.40017e-05
458	4.31553e-05
459	4.27007e-05
460	4.30523e-05
461	4.33043e-05
462	4.22842e-05
463	4.21805e-05
464	4.16611e-05
465	4.17572e-05
466	4.17652e-05
467	4.24422e-05
468	4.15028e-05
469	4.06602e-05
470	4.02824e-05
471	4.01355e-05
472	4.02737e-05
473	4.08095e-05
474	3.97619e-05
475	4.01013e-05
476	3.97319e-05
477	3.9129e-05
478	3.90195e-05
479	3.98401e-05
480	3.91565e-05
481	3.88231e-05
482	3.84732e-05
483	3.84992e-05
484	3.88086e-05
485	3.95287e-05
486	3.86819e-05
487	3.86219e-05
488	3.81399e-05
489	3.75168e-05
490	3.75782e-05
491	3.88044e-05
492	3.8425e-05
493	3.82034e-05
494	3.76238e-05
495	3.73667e-05
496	3.73509e-05
497	3.7945e-05
498	3.72534e-05
499	3.74516e-05
500	3.71772e-05
501	3.65453e-05
502	3.63162e-05
503	3.73055e-05
504	3.68325e-05
505	3.65293e-05
506	3.59127e-05
507	3.56672e-05
508	3.56388e-05
509	3.61438e-05
510	3.54106e-05
511	3.55079e-05
512	3.509e-05
513	3.43209e-05
514	3.39671e-05
515	3.48658e-05
516	3.43976e-05
517	3.40734e-05
518	3.33677e-05
519	3.30222e-05
520	3.28627e-05
521	3.31933e-05
522	3.24214e-05
523	3.25079e-05
524	3.20656e-05
525	3.12414e-05
526	3.07844e-05
527	3.15615e-05
528	3.10584e-05
529	3.07056e-05
530	2.99601e-05
531	2.95932e-05
532	2.93951e-05
533	2.96443e-05
534	2.88602e-05
535	2.89448e-05
536	2.85057e-05
537	2.76732e-05
538	2.71806e-05
539	2.79274e-05
540	2.74234e-05
541	2.70802e-05
542	2.63493e-05
543	2.60046e-05
544	2.58256e-05
545	2.60717e-05
546	2.52975e-05
547	2.54048e-05
548	2.50069e-05
549	2.42148e-05
550	2.37454e-05
551	2.44983e-05
552	2.402e-05
553	2.37109e-05
554	2.31303e-05
555	2.26582e-05
556	2.24501e-05
557	2.27947e-05
558	2.21398e-05
559	2.23885e-05
560	2.21459e-05
561	2.13464e-05
562	2.08004e-05
563	2.14692e-05
564	2.09869e-05
565	2.07381e-05
566	2.02064e-05
567	1.98912e-05
568	1.97665e-05
569	2.0221e-05
570	1.93915e-05
571	1.95166e-05
572	1.91772e-05
573	1.85217e-05
574	1.83027e-05
575	1.91848e-05
576	1.85977e-05
577	1.81176e-05
578	1.75423e-05
579	1.72619e-05
580	1.72263e-05
581	1.77096e-05
582	1.70593e-05
583	1.72906e-05
584	1.70379e-05
585	1.63057e-05
586	1.60552e-05
587	1.6867e-05
588	1.62548e-05
589	1.58814e-05
590	1.53486e-05
591	1.51822e-05
592	1.52732e-05
593	1.57448e-05
594	1.49738e-05
595	1.50481e-05
596	1.47792e-05
597	1.41356e-05
598	1.39198e-05
599	1.48059e-05
600	1.43482e-05
601	1.40573e-05
602	1.35152e-05
603	1.32947e-05
604	1.32495e-05
605	1.37303e-05
606	1.30679e-05
607	1.32572e-05
608	1.30341e-05
609	1.2513e-05
610	1.20176e-05
611	1.2926e-05
612	1.24516e-05
613	1.22095e-05
614	1.17585e-05
615	1.17231e-05
616	1.16155e-05
617	1.21019e-05
618	1.13441e-05
619	1.14812e-05
620	1.12485e-05
621	1.07454e-05
622	1.04264e-05
623	1.12726e-05
624	1.08044e-05
625	1.05272e-05
626	1.00352e-05
627	1.00286e-05
628	1.00804e-05
629	1.05482e-05
630	9.78978e-06
631	9.92925e-06
632	9.69685e-06
633	9.2326e-06
634	8.95688e-06
635	9.83879e-06
636	9.38232e-06
637	9.10631e-06
638	8.62789e-06
639	8.62803e-06
640	8.68917e-06
641	9.177e-06
642	8.49162e-06
643	8.57614e-06
644	8.39704e-06
645	7.89951e-06
646	7.67019e-06
647	8.60355e-06
648	8.13585e-06
649	7.83065e-06
650	7.33531e-06
651	7.34806e-06
652	7.40226e-06
653	7.86614e-06
654	7.20046e-06
655	7.35613e-06
656	7.19433e-06
657	6.74265e-06
658	6.51565e-06
659	7.46882e-06
660	7.10161e-06
661	6.78052e-06
662	6.34171e-06
663	6.33513e-06
664	6.36627e-06
665	6.85499e-06
666	6.21822e-06
667	6.36135e-06
668	6.19533e-06
669	5.75059e-06
670	5.54014e-06
671	6.50508e-06
672	6.1571e-06
673	5.87039e-06
674	5.46764e-06
675	5.48545e-06
676	5.56774e-06
677	6.11336e-06
678	5.52957e-06
679	5.69612e-06
680	5.55096e-06
681	5.12497e-06
682	4.94847e-06
683	5.94262e-06
684	5.62502e-06
685	5.34546e-06
686	4.94602e-06
687	4.97147e-06
688	5.07605e-06
689	5.63732e-06
690	5.07539e-06
691	5.24953e-06
692	5.10953e-06
693	4.69182e-06
694	4.54725e-06
695	5.57618e-06
696	5.29983e-06
697	5.0439e-06
698	4.66762e-06
699	4.72497e-06
700	4.86627e-06
701	5.46023e-06
702	4.94322e-06
703	5.13916e-06
704	5.00764e-06
705	4.59746e-06
706	4.47561e-06
707	5.52086e-06
708	5.25579e-06
709	4.99498e-06
710	4.6111e-06
711	4.66042e-06
712	4.79667e-06
713	5.38694e-06
714	4.87208e-06
715	5.06405e-06
716	4.92658e-06
717	4.51195e-06
718	4.39881e-06
719	5.45497e-06
720	5.20377e-06
721	4.94455e-06
722	4.5615e-06
723	4.61542e-06
724	4.76106e-06
725	5.35935e-06
726	4.85275e-06
727	5.04589e-06
728	4.9026e-06
729	4.47887e-06
730	4.36123e-06
731	5.41196e-06
732	5.15504e-06
733	4.8802e-06
734	4.48195e-06
735	4.52227e-06
736	4.66074e-06
737	5.25231e-06
738	4.74584e-06
739	4.93524e-06
740	4.78677e-06
741	4.35801e-06
742	4.24597e-06
743	5.30452e-06
744	5.05714e-06
745	4.77974e-06
746	4.37737e-06
747	4.41341e-06
748	4.55385e-06
749	5.14122e-06
750	4.63529e-06
751	4.81853e-06
752	4.6571e-06
753	4.21259e-06
754	4.09625e-06
755	5.14787e-06
756	4.89823e-06
757	4.61266e-06
758	4.20045e-06
759	4.22837e-06
760	4.36912e-06
761	4.95229e-06
762	4.45247e-06
763	4.63498e-06
764	4.46871e-06
765	4.01565e-06
766	3.90582e-06
767	4.95962e-06
768	4.71756e-06
769	4.43016e-06
770	4.01172e-06
771	4.03061e-06
772	4.16819e-06
773	4.74277e-06
774	4.24443e-06
775	4.42386e-06
776	4.24722e-06
777	3.78316e-06
778	3.67309e-06
779	4.72334e-06
780	4.48576e-06
781	4.19543e-06
782	3.77215e-06
783	3.78726e-06
784	3.92562e-06
785	4.49973e-06
786	4.01057e-06
787	4.19349e-06
788	4.01296e-06
789	3.54242e-06
790	3.43398e-06
791	4.48389e-06
792	4.24815e-06
793	3.95328e-06
794	3.52394e-06
795	3.53507e-06
796	3.67193e-06
797	4.24216e-06
798	3.75821e-06
799	3.93809e-06
800	3.75193e-06
801	3.27615e-06
802	3.16787e-06
803	4.2198e-06
804	3.98581e-06
805	3.69027e-06
806	3.26089e-06
807	3.27068e-06
808	3.408e-06
809	3.97894e-06
810	3.50116e-06
811	3.67892e-06
812	3.49006e-06
813	3.01373e-06
814	2.90623e-06
815	3.95914e-06
816	3.72475e-06
817	3.4277e-06
818	2.99782e-06
819	3.00681e-06
820	3.1449e-06
821	3.71697e-06
822	3.24407e-06
823	3.4239e-06
824	3.23568e-06
825	2.76078e-06
826	2.65712e-06
827	3.71412e-06
828	3.48435e-06
829	3.18968e-06
830	2.76195e-06
831	2.77257e-06
832	2.91366e-06
833	3.48879e-06
834	3.02141e-06
835	3.20494e-06
836	3.0198e-06
837	2.54948e-06
838	2.45083e-06
839	3.51402e-06
840	3.29016e-06
841	3.00068e-06
842	2.57878e-06
843	2.5964e-06
844	2.74456e-06
845	3.33072e-06
846	2.87141e-06
847	3.06425e-06
848	2.89185e-06
849	2.43692e-06
850	2.34988e-06
851	3.4264e-06
852	3.20697e-06
853	2.92858e-06
854	2.51786e-06
855	2.54895e-06
856	2.7103e-06
857	3.30984e-06
858	2.84574e-06
859	3.04487e-06
860	2.88521e-06
861	2.4535e-06
862	2.36717e-06
863	3.44383e-06
864	3.21734e-06
865	2.94447e-06
866	2.54061e-06
867	2.58605e-06
868	2.74818e-06
869	3.35183e-06
870	2.87724e-06
871	3.07728e-06
872	2.9323e-06
873	2.51926e-06
874	2.4258e-06
875	3.49692e-06
876	3.26226e-06
877	2.99429e-06
878	2.5979e-06
879	2.64959e-06
880	2.80516e-06
881	3.4121e-06
882	2.92754e-06
883	3.127e-06
884	2.99439e-06
885	2.59296e-06
886	2.49243e-06
887	3.55664e-06
888	3.31688e-06
889	3.05582e-06
890	2.66568e-06
891	2.72234e-06
892	2.8722e-06
893	3.47705e-06
894	2.98361e-06
895	3.18381e-06
896	3.05861e-06
897	2.66551e-06
898	2.55701e-06
899	3.61213e-06
900	3.36637e-06
901	3.11146e-06
902	2.72452e-06
903	2.78361e-06
904	2.92919e-06
905	3.53009e-06
906	3.02549e-06
907	3.22579e-06
908	3.1072e-06
909	2.72019e-06
910	2.60347e-06
911	3.65068e-06
912	3.39943e-06
913	3.14918e-06
914	2.76599e-06
915	2.82645e-06
916	2.96805e-06
917	3.56566e-06
918	3.04976e-06
919	3.24997e-06
920	3.13785e-06
921	2.75403e-06
922	2.62977e-06
923	3.66903e-06
924	3.41173e-06
925	3.16493e-06
926	2.78426e-06
927	2.84432e-06
928	2.98247e-06
929	3.577e-06
930	3.05046e-06
931	3.25046e-06
932	3.14382e-06
933	2.76142e-06
934	2.63177e-06
935	3.66436e-06
936	3.40157e-06
937	3.15807e-06
938	2.77952e-06
939	2.83922e-06
940	2.97477e-06
941	3.56678e-06
942	3.03258e-06
943	3.23314e-06
944	3.12982e-06
945	2.7485e-06
946	2.61454e-06
947	3.64128e-06
948	3.37361e-06
949	3.13268e-06
950	2.75473e-06
951	2.81343e-06
952	2.94666e-06
953	3.53682e-06
954	2.99626e-06
955	3.19696e-06
956	3.09539e-06
957	2.7145e-06
958	2.57708e-06
959	3.59975e-06
960	3.32823e-06
961	3.08929e-06
962	2.7123e-06
963	2.77055e-06
964	2.90208e-06
965	3.49128e-06
966	2.9462e-06
967	3.14748e-06
968	3.04755e-06
969	2.66718e-06
970	2.52686e-06
971	3.54626e-06
972	3.27154e-06
973	3.03359e-06
974	2.65683e-06
975	2.71388e-06
976	2.8435e-06
977	3.4314e-06
978	2.88273e-06
979	3.08385e-06
980	2.98476e-06
981	2.60481e-06
982	2.46241e-06
983	3.4796e-06
984	3.2028e-06
985	2.96599e-06
986	2.59008e-06
987	2.64704e-06
988	2.77587e-06
989	3.36318e-06
990	2.81213e-06
991	3.01324e-06
992	2.91485e-06
993	2.53517e-06
994	2.39106e-06
995	3.40623e-06
996	3.12756e-06
997	2.89108e-06
998	2.51515e-06
999	2.57152e-06
1000	2.69951e-06
1001	3.28615e-06
1002	2.73343e-06
1003	2.93419e-06
1004	2.83626e-06
1005	2.45704e-06
1006	2.31213e-06
1007	3.32627e-06
1008	3.04675e-06
1009	2.81112e-06
1010	2.43567e-06
1011	2.49214e-06
1012	2.61989e-06
1013	3.20627e-06
1014	2.65256e-06
1015	2.85282e-06
1016	2.75507e-06
1017	2.37592e-06
1018	2.23028e-06
1019	3.24351e-06
1020	2.96349e-06
1021	2.72789e-06
1022	2.35237e-06
1023	2.40879e-06
1024	2.53653e-06
1025	3.12288e-06
1026	2.56882e-06
1027	2.76895e-06
1028	2.67159e-06
1029	2.29292e-06
1030	2.14713e-06
1031	3.15988e-06
1032	2.87975e-06
1033	2.64431e-06
1034	2.26894e-06
1035	2.32554e-06
1036	2.45351e-06
1037	3.04008e-06
1038	2.48632e-06
1039	2.68622e-06
1040	2.58902e-06
1041	2.21056e-06
1042	2.06469e-06
1043	3.07721e-06
1044	2.7971e-06
1045	2.56149e-06
1046	2.18607e-06
1047	2.24277e-06
1048	2.37107e-06
1049	2.9579e-06
1050	2.40489e-06
1051	2.60446e-06
1052	2.50746e-06
1053	2.12955e-06
1054	1.98412e-06
1055	2.99699e-06
1056	2.71743e-06
1057	2.48179e-06
1058	2.10651e-06
1059	2.16349e-06
1060	2.29221e-06
1061	2.87933e-06
1062	2.32727e-06
1063	2.52634e-06
1064	2.4293e-06
1065	2.05163e-06
1066	1.90661e-06
1067	2.91979e-06
1068	2.641e-06
1069	2.40497e-06
1070	2.02961e-06
1071	2.08685e-06
1072	2.2161e-06
1073	2.80367e-06
1074	2.25308e-06
1075	2.45176e-06
1076	2.35489e-06
1077	1.97785e-06
1078	1.83355e-06
1079	2.84759e-06
1080	2.57025e-06
1081	2.33363e-06
1082	1.95822e-06
1083	2.01574e-06
1084	2.14556e-06
1085	2.73352e-06
1086	2.18461e-06
1087	2.38262e-06
1088	2.28544e-06
1089	1.90863e-06
1090	1.76477e-06
1091	2.77953e-06
1092	2.50443e-06
1093	2.26613e-06
1094	1.89051e-06
1095	1.94838e-06
1096	2.07901e-06
1097	2.66778e-06
1098	2.12219e-06
1099	2.31885e-06
1100	2.22156e-06
1101	1.84538e-06
1102	1.70235e-06
1103	2.71839e-06
1104	2.44629e-06
1105	2.20596e-06
1106	1.83006e-06
1107	1.8881e-06
1108	2.01928e-06
1109	2.60849e-06
1110	2.06646e-06
1111	2.26071e-06
1112	2.16237e-06
1113	1.78653e-06
1114	1.64393e-06
1115	2.66049e-06
1116	2.39178e-06
1117	2.14781e-06
1118	1.77128e-06
1119	1.82856e-06
1120	1.96026e-06
1121	2.55069e-06
1122	2.01413e-06
1123	2.20665e-06
1124	2.10845e-06
1125	1.73335e-06
1126	1.5921e-06
1127	2.611e-06
1128	2.34734e-06
1129	2.10159e-06
1130	1.72485e-06
1131	1.78352e-06
1132	1.91664e-06
1133	2.50757e-06
1134	1.97548e-06
1135	2.1661e-06
1136	2.06564e-06
1137	1.68922e-06
1138	1.54849e-06
1139	2.56999e-06
1140	2.31115e-06
1141	2.06186e-06
1142	1.68376e-06
1143	1.74264e-06
1144	1.87628e-06
1145	2.46759e-06
1146	1.94363e-06
1147	2.13533e-06
1148	2.02924e-06
1149	1.65202e-06
1150	1.51292e-06
1151	2.53838e-06
1152	2.28466e-06
1153	2.03312e-06
1154	1.65294e-06
1155	1.71232e-06
1156	1.84617e-06
1157	2.43815e-06
1158	1.91963e-06
1159	2.11255e-06
1160	2.00159e-06
1161	1.62258e-06
1162	1.4847e-06
1163	2.51449e-06
1164	2.26518e-06
1165	2.01036e-06
1166	1.6265e-06
1167	1.68649e-06
1168	1.82147e-06
1169	2.41506e-06
1170	1.90324e-06
1171	2.09801e-06
1172	1.98131e-06
1173	1.60015e-06
1174	1.46406e-06
1175	2.49911e-06
1176	2.25262e-06
1177	1.99482e-06
1178	1.60833e-06
1179	1.66849e-06
1180	1.80429e-06
1181	2.39921e-06
1182	1.89214e-06
1183	2.08824e-06
1184	1.96593e-06
1185	1.58196e-06
1186	1.44821e-06
1187	2.48884e-06
1188	2.24485e-06
1189	1.9845e-06
1190	1.10678e-06
1191	6.97331e-07
1192	1.5292e-06
1193	1.64192e-06
1194	1.82929e-06
1195	2.50804e-06
1196	2.00832e-06
1197	2.19923e-06
1198	2.05901e-06
1199	1.65177e-06
1200	1.50022e-06
1201	2.55107e-06
1202	2.35552e-06
1203	2.06054e-06
1204	1.19005e-06
1205	8.37147e-07
1206	6.85747e-07
1207	1.57709e-06
1208	1.6882e-06
1209	1.90478e-06
1210	2.60542e-06
1211	2.09811e-06
1212	2.28129e-06
1213	2.1402e-06
1214	1.72313e-06
1215	1.56237e-06
1216	2.6423e-06
1217	2.44502e-06
1218	2.16003e-06
1219	1.30104e-06
1220	9.26444e-07
1221	7.4213e-07
1222	1.63548e-06
1223	1.78259e-06
1224	1.9952e-06
1225	2.67461e-06
1226	2.14378e-06
1227	2.34521e-06
1228	2.19242e-06
1229	1.74667e-06
1230	1.30392e-06
1231	1.6288e-06
1232	2.67599e-06
1233	2.40404e-06
1234	2.29057e-06
1235	1.39403e-06
1236	8.9857e-07
1237	7.36264e-07
1238	1.70488e-06
1239	1.82464e-06
1240	2.00183e-06
1241	2.6609e-06
1242	2.15503e-06
1243	2.36181e-06
1244	2.20693e-06
1245	1.77545e-06
1246	1.33123e-06
1247	1.63701e-06
1248	2.70753e-06
1249	2.42676e-06
1250	2.27996e-06
1251	1.36984e-06
1252	9.09389e-07
1253	1.72998e-06
1254	1.78885e-06
1255	1.96514e-06
1256	2.65524e-06
1257	2.16436e-06
1258	2.32785e-06
1259	2.17847e-06
1260	1.75012e-06
1261	1.3003e-06
1262	1.56136e-06
1263	2.61578e-06
1264	2.36095e-06
1265	2.23567e-06
1266	1.3083e-06
1267	8.45039e-07
1268	7.14118e-07
1269	1.64168e-06
1270	1.75655e-06
1271	1.95545e-06
1272	2.63215e-06
1273	2.12373e-06
1274	2.32428e-06
1275	2.17594e-06
1276	1.73918e-06
1277	1.29183e-06
1278	1.03083e-06
1279	1.73418e-06
1280	2.71789e-06
1281	2.37748e-06
1282	2.35141e-06
1283	1.44792e-06
1284	9.36574e-07
1285	7.93438e-07
1286	7.95383e-07
1287	1.79e-06
1288	1.88336e-06
1289	2.02957e-06
1290	2.69548e-06
1291	2.22375e-06
1292	2.44788e-06
1293	2.29072e-06
1294	1.85286e-06
1295	1.42458e-06
1296	1.14402e-06
1297	1.82602e-06
1298	2.81641e-06
1299	2.47969e-06
1300	2.42347e-06
1301	1.51963e-06
1302	1.00786e-06
1303	8.64655e-07
1304	8.60272e-07
1305	8.04576e-07
1306	7.01493e-07
1307	6.35155e-07
1308	1.74628e-06
1309	1.84752e-06
1310	2.01654e-06
1311	2.72548e-06
1312	2.28236e-06
1313	2.41973e-06
1314	2.23076e-06
1315	1.7951e-06
1316	1.48651e-06
1317	1.2307e-06
1318	1.06112e-06
1319	1.81436e-06
1320	2.74021e-06
1321	2.66979e-06
1322	2.68591e-06
1323	1.68994e-06
1324	1.07475e-06
1325	9.8136e-07
1326	1.07925e-06
1327	9.87605e-07
1328	8.31969e-07
1329	1.85988e-06
1330	1.96831e-06
1331	2.14133e-06
1332	2.84588e-06
1333	2.42694e-06
1334	2.609e-06
1335	2.43757e-06
1336	2.01546e-06
1337	1.70311e-06
1338	1.40832e-06
1339	2.02263e-06
1340	2.90631e-06
1341	2.72617e-06
1342	2.72569e-06
1343	1.72769e-06
1344	1.09428e-06
1345	1.00042e-06
1346	1.13368e-06
1347	1.02317e-06
1348	8.18944e-07
1349	7.45125e-07
1350	8.40344e-07
1351	8.2479e-07
1352	7.30777e-07
1353	6.99608e-07
1354	1.86368e-06
1355	1.96183e-06
1356	2.14889e-06
1357	2.78076e-06
1358	2.31376e-06
1359	2.55366e-06
1360	2.41802e-06
1361	1.94942e-06
1362	1.48872e-06
1363	1.68686e-06
1364	2.72462e-06
1365	2.55513e-06
1366	2.43379e-06
1367	1.47385e-06
1368	9.68241e-07
1369	8.54712e-07
1370	7.96607e-07
1371	6.9763e-07
1372	6.31074e-07
1373	5.86536e-07
1374	5.32797e-07
1375	5.10476e-07
1376	5.13203e-07
1377	5.1668e-07
1378	4.8978e-07
1379	1.56361e-06
1380	1.73808e-06
1381	1.9877e-06
1382	2.61174e-06
1383	2.16032e-06
1384	2.4115e-06
1385	2.26899e-06
1386	1.78906e-06
1387	1.37357e-06
1388	1.6401e-06
1389	2.64562e-06
1390	2.37799e-06
1391	2.27611e-06
1392	1.37581e-06
1393	8.65641e-07
1394	7.34702e-07
1395	6.88288e-07
1396	6.14701e-07
1397	5.54926e-07
1398	5.08201e-07
1399	4.60631e-07
1400	4.3766e-07
1401	4.30957e-07
1402	4.23082e-07
1403	3.98267e-07
1404	3.57533e-07
1405	1.48619e-06
1406	1.62782e-06
1407	1.90134e-06
1408	2.56355e-06
1409	2.11224e-06
1410	2.36115e-06
1411	2.24579e-06
1412	1.7849e-06
1413	1.35701e-06
1414	1.01229e-06
1415	1.6416e-06
1416	2.6266e-06
1417	2.39938e-06
1418	2.38811e-06
1419	1.47729e-06
1420	9.35865e-07
1421	7.91167e-07
1422	7.93873e-07
1423	7.32184e-07
1424	6.51261e-07
1425	5.96736e-07
1426	5.61135e-07
1427	5.43721e-07
1428	5.28046e-07
1429	5.22679e-07
1430	5.25867e-07
1431	4.9903e-07
1432	4.36599e-07
1433	1.56415e-06
1434	1.72576e-06
1435	2.01179e-06
1436	2.68291e-06
1437	2.19451e-06
1438	2.43038e-06
1439	2.27113e-06
1440	1.78311e-06
1441	1.31304e-06
1442	9.76221e-07
1443	8.50823e-07
1444	1.66973e-06
1445	2.67175e-06
1446	2.44796e-06
1447	2.48577e-06
1448	1.53826e-06
1449	1.00011e-06
1450	8.6672e-07
1451	9.12086e-07
1452	8.49052e-07
1453	7.25476e-07
1454	6.5595e-07
1455	6.67096e-07
1456	6.82916e-07
1457	6.56721e-07
1458	6.41915e-07
1459	6.38985e-07
1460	6.22455e-07
1461	5.82494e-07
1462	5.55048e-07
1463	4.74313e-07
1464	1.59965e-06
1465	1.7591e-06
1466	2.02376e-06
1467	2.73067e-06
1468	2.24655e-06
1469	2.40287e-06
1470	2.25115e-06
1471	1.81543e-06
1472	1.40049e-06
1473	1.11786e-06
1474	9.70535e-07
1475	8.6104e-07
1476	7.56464e-07
1477	6.77862e-07
1478	1.6827e-06
1479	2.73445e-06
1480	2.91472e-06
1481	2.87842e-06
1482	1.7092e-06
1483	1.08678e-06
1484	1.09481e-06
1485	1.17531e-06
1486	1.08519e-06
1487	9.54818e-07
1488	9.20047e-07
1489	9.24876e-07
1490	8.7473e-07
1491	8.406e-07
1492	8.41357e-07
1493	8.42341e-07
1494	8.00084e-07
1495	7.44398e-07
1496	7.13378e-07
1497	6.91661e-07
1498	6.61008e-07
1499	5.39268e-07
1500	1.66032e-06
1501	1.78922e-06
1502	2.17437e-06
1503	2.92365e-06
1504	2.38513e-06
1505	2.48365e-06
1506	2.35859e-06
1507	1.96009e-06
1508	1.60988e-06
1509	1.34492e-06
1510	1.16077e-06
1511	9.9075e-07
1512	8.58451e-07
1513	7.90279e-07
1514	8.34735e-07
1515	8.71731e-07
1516	8.4726e-07
1517	8.03318e-07
1518	7.24942e-07
1519	6.54054e-07
1520	6.43297e-07
1521	1.68281e-06
1522	2.62692e-06
1523	2.55089e-06
1524	2.53643e-06
1525	1.48901e-06
1526	1.00579e-06
1527	1.00524e-06
1528	1.0817e-06
1529	9.70606e-07
1530	8.19615e-07
1531	7.29161e-07
1532	7.37629e-07
1533	7.22505e-07
1534	6.91253e-07
1535	6.93686e-07
1536	7.09621e-07
1537	6.91718e-07
1538	6.38579e-07
1539	6.08774e-07
1540	4.9264e-07
1541	4.67483e-07
1542	5.53946e-07
1543	5.28124e-07
1544	5.17875e-07
1545	4.93827e-07
1546	4.74655e-07
1547	5.62819e-07
1548	5.32058e-07
1549	5.07292e-07
1550	5.56811e-07
1551	5.30078e-07
1552	5.07742e-07
1553	6.08306e-07
1554	1.72568e-06
1555	1.80205e-06
1556	2.01028e-06
1557	2.75894e-06
1558	2.36184e-06
1559	2.50547e-06
1560	2.28691e-06
1561	1.82663e-06
1562	1.47014e-06
1563	1.18463e-06
1564	1.03143e-06
1565	9.14357e-07
1566	8.03171e-07
1567	7.12979e-07
1568	1.69363e-06
1569	2.72904e-06
1570	2.88833e-06
1571	2.85322e-06
1572	1.70533e-06
1573	1.08472e-06
1574	1.1004e-06
1575	1.15025e-06
1576	1.04867e-06
1577	9.19899e-07
1578	9.03036e-07
1579	9.34549e-07
1580	8.80548e-07
1581	8.08742e-07
1582	7.93693e-07
1583	8.1444e-07
1584	7.99706e-07
1585	7.6047e-07
1586	7.16648e-07
1587	6.72991e-07
1588	6.4207e-07
1589	5.27733e-07
1590	5.02426e-07
1591	6.20742e-07
1592	5.90888e-07
1593	6.06578e-07
1594	5.81188e-07
1595	6.24217e-07
1596	5.97392e-07
1597	5.74856e-07
1598	6.15477e-07
1599	5.84507e-07
1600	5.59288e-07
1601	6.57177e-07
1602	6.27858e-07
1603	6.03591e-07
1604	6.39025e-07
1605	6.06074e-07
1606	5.78568e-07
1607	6.71237e-07
1608	6.40116e-07
1609	6.13512e-07
1610	6.58389e-07
1611	6.23168e-07
1612	5.9323e-07
1613	6.3982e-07
1614	6.05081e-07
1615	7.09669e-07
1616	6.76547e-07
1617	5.89486e-07
1618	5.56639e-07
1619	6.08807e-07
1620	5.75823e-07
1621	5.59293e-07
1622	5.31567e-07
1623	1.65531e-06
1624	1.67629e-06
1625	2.05391e-06
1626	2.80557e-06
1627	2.36142e-06
1628	2.52579e-06
1629	2.34067e-06
1630	1.83821e-06
1631	1.4848e-06
1632	1.22839e-06
1633	1.05812e-06
1634	9.02352e-07
1635	7.56816e-07
1636	6.7604e-07
1637	7.02478e-07
1638	7.35138e-07
1639	7.20585e-07
1640	6.73144e-07
1641	6.11326e-07
1642	5.80146e-07
1643	5.75974e-07
1644	5.51408e-07
1645	5.22999e-07
1646	4.93093e-07
1647	4.46311e-07
1648	4.22011e-07
1649	5.34322e-07
1650	5.08512e-07
1651	4.87892e-07
1652	4.6019e-07
1653	4.32525e-07
1654	4.10497e-07
1655	5.42047e-07
1656	5.14662e-07
1657	4.923e-07
1658	5.78312e-07
1659	5.49289e-07
1660	5.25744e-07
1661	5.63224e-07
1662	1.58894e-06
1663	2.61188e-06
1664	2.83387e-06
1665	2.80614e-06
1666	1.61269e-06
1667	1.09345e-06
1668	1.19887e-06
1669	1.28902e-06
1670	1.13604e-06
1671	9.43956e-07
1672	8.5327e-07
1673	8.89188e-07
1674	8.92077e-07
1675	8.47758e-07
1676	8.44065e-07
1677	8.43946e-07
1678	7.55123e-07
1679	7.02337e-07
1680	7.13863e-07
1681	6.83343e-07
1682	5.79565e-07
1683	5.5386e-07
1684	6.8452e-07
1685	6.53369e-07
1686	6.49231e-07
1687	6.25883e-07
1688	5.91296e-07
1689	5.65158e-07
1690	5.43846e-07
1691	5.79851e-07
1692	5.47985e-07
1693	5.22173e-07
1694	6.19912e-07
1695	5.94088e-07
1696	5.72671e-07
1697	5.99703e-07
1698	5.69227e-07
1699	5.44477e-07
1700	6.20448e-07
1701	5.90479e-07
1702	5.66324e-07
1703	5.93529e-07
1704	5.65125e-07
1705	5.4179e-07
1706	5.47759e-07
1707	5.15203e-07
1708	4.89235e-07
1709	5.904e-07
1710	5.6068e-07
1711	5.35118e-07
1712	5.6614e-07
1713	5.36443e-07
1714	5.11662e-07
1715	5.48868e-07
1716	5.1721e-07
1717	4.9125e-07
1718	5.61762e-07
1719	5.31541e-07
1720	5.05423e-07
1721	5.46875e-07
1722	5.13456e-07
1723	4.86276e-07
1724	5.17545e-07
1725	4.86078e-07
1726	4.60105e-07
1727	5.06915e-07
1728	4.72219e-07
1729	4.44057e-07
1730	4.97578e-07
1731	4.61743e-07
1732	4.32499e-07
1733	4.96419e-07
1734	4.64386e-07
1735	4.37469e-07
1736	5.04074e-07
1737	4.69396e-07
1738	4.40317e-07
1739	4.91114e-07
1740	1.60566e-06
1741	1.72421e-06
1742	2.07032e-06
1743	2.73845e-06
1744	2.19859e-06
1745	2.4024e-06
1746	2.29224e-06
1747	1.8244e-06
1748	1.43309e-06
1749	1.17965e-06
1750	1.02258e-06
1751	8.9779e-07
1752	7.84969e-07
1753	1.66633e-06
1754	2.78881e-06
1755	2.93922e-06
1756	2.91219e-06
1757	1.79564e-06
1758	1.14519e-06
1759	1.11263e-06
1760	1.21689e-06
1761	1.12753e-06
1762	9.96129e-07
1763	9.60953e-07
1764	1.00398e-06
1765	9.66564e-07
1766	8.88987e-07
1767	8.4035e-07
1768	8.46344e-07
1769	8.4153e-07
1770	7.98771e-07
1771	7.59426e-07
1772	7.32238e-07
1773	7.00701e-07
1774	6.66489e-07
1775	5.56418e-07
1776	5.26004e-07
1777	6.54465e-07
1778	6.2176e-07
1779	6.14405e-07
1780	5.86156e-07
1781	6.16693e-07
1782	5.84029e-07
1783	5.82447e-07
1784	5.51948e-07
1785	5.96588e-07
1786	5.66581e-07
1787	5.63485e-07
1788	5.32849e-07
1789	5.2638e-07
1790	4.96729e-07
1791	4.72504e-07
1792	6.07257e-07
1793	5.71391e-07
1794	5.40895e-07
1795	5.42919e-07
1796	5.1051e-07
1797	4.82742e-07
1798	5.64586e-07
1799	5.29604e-07
1800	4.99999e-07
1801	5.3136e-07
1802	4.93176e-07
1803	5.79507e-07
1804	5.46168e-07
1805	5.01519e-07
1806	4.72596e-07
1807	5.09255e-07
1808	4.73498e-07
1809	4.42887e-07
1810	4.89352e-07
1811	4.5514e-07
1812	4.26083e-07
1813	4.71542e-07
1814	4.4036e-07
1815	4.14496e-07
1816	4.83306e-07
1817	4.47039e-07
1818	4.17572e-07
1819	4.91614e-07
1820	4.58785e-07
1821	4.30084e-07
1822	4.57495e-07
1823	4.23998e-07
1824	3.97371e-07
1825	4.8247e-07
1826	4.45916e-07
1827	4.15884e-07
1828	5.1037e-07
1829	4.7536e-07
1830	4.4483e-07
1831	4.98292e-07
1832	4.64141e-07
1833	4.35689e-07
1834	4.98887e-07
1835	4.60604e-07
1836	4.28665e-07
1837	5.28612e-07
1838	4.90623e-07
1839	4.59108e-07
1840	5.25814e-07
1841	4.88052e-07
1842	4.56611e-07
1843	5.1873e-07
1844	4.78601e-07
1845	4.44658e-07
1846	5.46147e-07
1847	5.04157e-07
1848	4.68793e-07
1849	5.56411e-07
1850	5.14182e-07
1851	5.63174e-07
1852	5.21442e-07
1853	5.19967e-07
1854	4.81431e-07
1855	5.56397e-07
1856	5.14773e-07
1857	5.26349e-07
1858	4.89572e-07
1859	4.99859e-07
1860	4.62611e-07
1861	5.00744e-07
1862	4.62971e-07
1863	5.17299e-07
1864	4.80163e-07
1865	4.96823e-07
1866	4.61765e-07
1867	4.60612e-07
1868	4.25001e-07
1869	4.69217e-07
1870	4.34367e-07
1871	4.78221e-07
1872	4.44715e-07
1873	4.67112e-07
1874	4.32958e-07
1875	4.03972e-07
1876	4.58345e-07
1877	4.19116e-07
1878	3.85454e-07
1879	4.82418e-07
1880	4.45598e-07
1881	5.28802e-07
1882	4.89789e-07
1883	4.60403e-07
1884	4.24541e-07
1885	4.66462e-07
1886	4.30262e-07
1887	4.68653e-07
1888	4.34079e-07
1889	4.69115e-07
1890	4.33099e-07
1891	4.58733e-07
1892	4.2417e-07
1893	4.5691e-07
1894	4.23007e-07
1895	4.62865e-07
1896	4.2838e-07
1897	4.58277e-07
1898	4.24377e-07
1899	3.95168e-07
1900	4.72981e-07
1901	4.33705e-07
1902	4.00205e-07
1903	4.88234e-07
1904	4.49553e-07
1905	5.466e-07
1906	5.06663e-07
1907	5.07188e-07
1908	4.713e-07
1909	5.04894e-07
1910	4.66158e-07
1911	4.93734e-07
1912	4.57055e-07
1913	5.15277e-07
1914	4.7771e-07
1915	5.17156e-07
1916	4.79785e-07
1917	5.0982e-07
1918	4.71788e-07
1919	5.08868e-07
1920	4.71486e-07
1921	5.12246e-07
1922	4.7424e-07
1923	5.15858e-07
1924	4.7737e-07
1925	5.15553e-07
1926	4.77259e-07
1927	5.15002e-07
1928	4.76488e-07
1929	5.22011e-07
1930	4.8273e-07
1931	5.33829e-07
1932	4.9456e-07
1933	5.21176e-07
1934	4.81779e-07
1935	5.17035e-07
1936	4.77472e-07
1937	5.34078e-07
1938	4.93705e-07
1939	5.39442e-07
1940	4.9931e-07
1941	5.2275e-07
1942	4.82838e-07
1943	5.21136e-07
1944	4.81287e-07
1945	5.38805e-07
1946	4.98198e-07
1947	5.38568e-07
1948	4.98105e-07
1949	5.25207e-07
1950	4.84917e-07
1951	5.24264e-07
1952	4.84179e-07
1953	5.28452e-07
1954	4.87391e-07
1955	5.28369e-07
1956	4.8715e-07
1957	5.26921e-07
1958	4.86777e-07
1959	5.13752e-07
1960	4.73378e-07
1961	5.19842e-07
1962	4.78401e-07
1963	5.22413e-07
1964	4.80987e-07
1965	5.25838e-07
1966	4.85215e-07
1967	5.0809e-07
1968	4.67298e-07
1969	5.15727e-07
1970	4.74137e-07
1971	5.28722e-07
1972	4.87251e-07
1973	5.26825e-07
1974	4.85599e-07
1975	5.07309e-07
1976	4.65759e-07
1977	5.26071e-07
1978	4.84105e-07
1979	5.41624e-07
1980	4.99312e-07
1981	5.35764e-07
1982	4.93127e-07
1983	5.26844e-07
1984	4.84466e-07
1985	5.44776e-07
1986	5.01901e-07
1987	5.55978e-07
1988	5.12654e-07
1989	5.48175e-07
1990	5.04803e-07
1991	5.47332e-07
1992	5.04236e-07
1993	5.62016e-07
1994	5.18126e-07
1995	5.60076e-07
1996	5.15375e-07
1997	5.67466e-07
1998	5.23195e-07
1999	5.70848e-07
2000	5.26761e-07
2001	5.71791e-07
2002	5.267e-07
2003	5.70746e-07
2004	5.25441e-07
2005	5.83006e-07
2006	5.38145e-07
2007	5.83085e-07
2008	5.37907e-07
2009	5.73719e-07
2010	5.27617e-07
2011	5.88078e-07
2012	7.58478e-07
2013	6.98852e-07
2014	5.33849e-07
2015	7.48708e-07
2016	6.833e-07
2017	5.2281e-07
2018	7.74952e-07
2019	7.09401e-07
2020	5.44804e-07
2021	7.65977e-07
2022	7.43774e-07
2023	6.3142e-07
2024	6.36852e-07
2025	6.41e-07
2026	6.0071e-07
2027	5.76075e-07
2028	5.30494e-07
2029	4.7685e-07
2030	4.35823e-07
2031	5.62954e-07
2032	5.15724e-07
2033	5.42936e-07
2034	5.00386e-07
2035	5.46704e-07
2036	5.01019e-07
2037	5.35024e-07
2038	4.90468e-07
2039	5.57408e-07
2040	5.12128e-07
2041	5.5818e-07
2042	5.13019e-07
2043	5.48109e-07
2044	5.02586e-07
2045	5.62413e-07
2046	5.16926e-07
2047	5.74536e-07
2048	5.28655e-07
2049	5.63821e-07
2050	7.15258e-07
2051	6.56072e-07
2052	5.14939e-07
2053	7.60564e-07
2054	6.95857e-07
2055	5.16097e-07
2056	7.40054e-07
2057	6.75075e-07
2058	5.38219e-07
2059	7.72135e-07
2060	7.48005e-07
2061	6.25801e-07
2062	6.26187e-07
2063	6.37778e-07
2064	5.95733e-07
2065	5.62255e-07
2066	5.17013e-07
2067	4.74982e-07
2068	4.34105e-07
2069	5.58887e-07
2070	5.12648e-07
2071	5.24684e-07
2072	4.82446e-07
2073	5.3508e-07
2074	4.89412e-07
2075	5.43021e-07
2076	4.98331e-07
2077	5.47309e-07
2078	5.02349e-07
2079	5.42762e-07
2080	1.64892e-06
2081	1.78449e-06
2082	2.28002e-06
2083	2.9259e-06
2084	2.36282e-06
2085	2.67859e-06
2086	2.44834e-06
2087	1.9668e-06
2088	1.66093e-06
2089	1.25899e-06
2090	1.03323e-06
2091	9.68879e-07
2092	9.12403e-07
2093	8.34514e-07
2094	7.91955e-07
2095	7.90209e-07
2096	7.98408e-07
2097	7.79267e-07
2098	7.40687e-07
2099	7.20543e-07
2100	6.8788e-07
2101	6.32392e-07
2102	6.05039e-07
2103	6.2124e-07
2104	6.4507e-07
2105	6.38799e-07
2106	5.95582e-07
2107	5.36953e-07
2108	4.99437e-07
2109	4.28012e-07
2110	3.97068e-07
2111	5.17874e-07
2112	4.82536e-07
2113	4.899e-07
2114	4.57155e-07
2115	5.05676e-07
2116	4.70092e-07
2117	4.87006e-07
2118	4.53517e-07
2119	4.8549e-07
2120	4.51433e-07
2121	4.75106e-07
2122	4.41052e-07
2123	4.71353e-07
2124	4.38626e-07
2125	4.80513e-07
2126	4.47899e-07
2127	4.58371e-07
2128	4.24325e-07
2129	4.58506e-07
2130	4.25374e-07
2131	4.83297e-07
2132	4.51037e-07
2133	4.73218e-07
2134	4.39704e-07
2135	4.45369e-07
2136	4.11849e-07
2137	4.61497e-07
2138	4.28871e-07
2139	4.71736e-07
2140	4.3914e-07
2141	4.56376e-07
2142	4.2241e-07
2143	4.47327e-07
2144	4.14321e-07
2145	4.42067e-07
2146	4.09426e-07
2147	4.38146e-07
2148	4.04805e-07
2149	4.44377e-07
2150	4.11061e-07
2151	4.53994e-07
2152	4.21352e-07
2153	4.50735e-07
2154	4.17729e-07
2155	3.89171e-07
2156	4.59259e-07
2157	4.20125e-07
2158	3.86761e-07
2159	4.59214e-07
2160	4.20889e-07
2161	5.08283e-07
2162	4.68609e-07
2163	4.76593e-07
2164	4.3962e-07
2165	4.78049e-07
2166	4.38733e-07
2167	4.4126e-07
2168	4.0422e-07
2169	4.58711e-07
2170	4.20624e-07
2171	4.73115e-07
2172	4.3515e-07
2173	4.64497e-07
2174	4.26585e-07
2175	4.49633e-07
2176	4.11842e-07
2177	4.56029e-07
2178	4.18433e-07
2179	4.60083e-07
2180	4.22908e-07
2181	4.56534e-07
2182	4.19466e-07
2183	4.50476e-07
2184	4.13336e-07
2185	4.58842e-07
2186	4.21763e-07
2187	4.64953e-07
2188	4.28121e-07
2189	4.68059e-07
2190	4.31214e-07
2191	4.66147e-07
2192	4.28974e-07
2193	4.72147e-07
2194	4.34622e-07
2195	4.77167e-07
2196	4.39253e-07
2197	4.75492e-07
2198	4.37331e-07
2199	4.76193e-07
2200	4.37918e-07
2201	4.90892e-07
2202	4.52138e-07
2203	5.01262e-07
2204	4.62002e-07
2205	4.94785e-07
2206	4.54898e-07
2207	4.82851e-07
2208	4.42703e-07
2209	4.88671e-07
2210	4.48191e-07
2211	5.05355e-07
2212	4.64394e-07
2213	5.10514e-07
2214	4.68824e-07
2215	4.99406e-07
2216	4.57793e-07
2217	5.00929e-07
2218	4.59076e-07
2219	5.10681e-07
2220	4.68148e-07
2221	5.1345e-07
2222	4.70138e-07
2223	5.0777e-07
2224	4.64738e-07
2225	5.16535e-07
2226	4.73546e-07
2227	5.27242e-07
2228	4.83156e-07
2229	5.25552e-07
2230	4.811e-07
2231	5.22025e-07
2232	4.77687e-07
2233	5.30024e-07
2234	4.85653e-07
2235	5.39886e-07
2236	4.94329e-07
2237	5.4008e-07
2238	4.94361e-07
2239	5.35708e-07
2240	4.90091e-07
2241	5.3939e-07
2242	4.93393e-07
2243	5.53686e-07
2244	5.06755e-07
2245	5.56698e-07
2246	5.09711e-07
2247	5.50262e-07
2248	5.02856e-07
2249	5.52467e-07
2250	7.25849e-07
2251	6.63691e-07
2252	5.09566e-07
2253	7.48464e-07
2254	6.79896e-07
2255	4.91791e-07
2256	7.44329e-07
2257	7.31087e-07
2258	6.15828e-07
2259	6.20623e-07
2260	6.21421e-07
2261	5.67897e-07
2262	5.19216e-07
2263	4.74003e-07
2264	4.30537e-07
2265	5.75567e-07
2266	5.2588e-07
2267	5.36503e-07
2268	4.91275e-07
2269	5.52806e-07
2270	5.03259e-07
2271	5.47396e-07
2272	4.99813e-07
2273	5.59587e-07
2274	5.11236e-07
2275	5.60078e-07
2276	7.20367e-07
2277	6.57005e-07
2278	5.06897e-07
2279	7.75757e-07
2280	7.05392e-07
2281	5.11512e-07
2282	7.60426e-07
2283	7.33476e-07
2284	6.1629e-07
2285	6.3021e-07
2286	6.41269e-07
2287	5.92026e-07
2288	5.60311e-07
2289	5.12786e-07
2290	4.86623e-07
2291	4.43195e-07
2292	5.71106e-07
2293	5.2248e-07
2294	5.31084e-07
2295	4.85877e-07
2296	5.51142e-07
2297	5.02047e-07
2298	5.51273e-07
2299	5.03877e-07
2300	5.6532e-07
2301	5.1703e-07
2302	5.62092e-07
2303	5.13326e-07
2304	5.62887e-07
2305	7.38365e-07
2306	6.74389e-07
2307	5.17972e-07
2308	7.8219e-07
2309	7.11057e-07
2310	5.1173e-07
2311	7.78058e-07
2312	7.52112e-07
2313	6.29752e-07
2314	6.43934e-07
2315	6.49896e-07
2316	5.93262e-07
2317	5.66452e-07
2318	5.17926e-07
2319	5.04519e-07
2320	4.60269e-07
2321	5.78471e-07
2322	5.28554e-07
2323	5.31661e-07
2324	4.85411e-07
2325	5.7083e-07
2326	5.21112e-07
2327	5.69806e-07
2328	5.21812e-07
2329	5.6324e-07
2330	5.13842e-07
2331	5.67289e-07
2332	7.47633e-07
2333	6.83394e-07
2334	5.25238e-07
2335	7.88019e-07
2336	7.16104e-07
2337	5.11892e-07
2338	7.86505e-07
2339	7.6226e-07
2340	6.35213e-07
2341	6.49844e-07
2342	6.51489e-07
2343	5.95346e-07
2344	5.72416e-07
2345	5.23567e-07
2346	5.1228e-07
2347	4.67925e-07
2348	5.81768e-07
2349	5.31846e-07
2350	5.36661e-07
2351	4.89834e-07
2352	5.80711e-07
2353	5.3076e-07
2354	5.78487e-07
2355	5.30298e-07
2356	5.72213e-07
2357	5.2207e-07
2358	5.73273e-07
2359	7.5417e-07
2360	6.89748e-07
2361	5.27032e-07
2362	7.98957e-07
2363	7.26242e-07
2364	5.21856e-07
2365	7.9932e-07
2366	7.65914e-07
2367	6.39267e-07
2368	6.56371e-07
2369	6.61572e-07
2370	6.03584e-07
2371	5.80987e-07
2372	5.32068e-07
2373	5.17453e-07
2374	4.72144e-07
2375	5.85703e-07
2376	5.35474e-07
2377	5.48504e-07
2378	5.01495e-07
2379	5.89027e-07
2380	5.38416e-07
2381	5.75963e-07
2382	5.27237e-07
2383	5.72179e-07
2384	5.22034e-07
2385	5.87113e-07
2386	7.6655e-07
2387	7.01621e-07
2388	5.31171e-07
2389	8.02156e-07
2390	7.28955e-07
2391	5.24505e-07
2392	8.11147e-07
2393	7.76974e-07
2394	6.45306e-07
2395	6.58677e-07
2396	6.60075e-07
2397	6.11241e-07
2398	5.89901e-07
2399	5.40517e-07
2400	5.20737e-07
2401	4.75402e-07
2402	5.86618e-07
2403	5.36025e-07
2404	5.54583e-07
2405	5.07238e-07
2406	5.94175e-07
2407	5.43644e-07
2408	5.7977e-07
2409	1.59137e-06
2410	2.63248e-06
2411	2.9034e-06
2412	2.85487e-06
2413	1.64973e-06
2414	1.3698e-06
2415	1.3856e-06
2416	1.21426e-06
2417	1.01977e-06
2418	9.41567e-07
2419	9.50012e-07
2420	9.54829e-07
2421	9.078e-07
2422	8.8092e-07
2423	8.95577e-07
2424	8.70588e-07
2425	8.12568e-07
2426	7.70728e-07
2427	7.60832e-07
2428	7.44085e-07
2429	7.28545e-07
2430	7.14018e-07
2431	6.98014e-07
2432	6.58814e-07
2433	6.00734e-07
2434	5.58061e-07
2435	4.89188e-07
2436	4.53111e-07
2437	5.98766e-07
2438	5.58292e-07
2439	5.46172e-07
2440	5.0806e-07
2441	5.80919e-07
2442	5.40758e-07
2443	5.47989e-07
2444	5.09872e-07
2445	5.28101e-07
2446	4.88572e-07
2447	5.54881e-07
2448	5.16301e-07
2449	5.55047e-07
2450	5.16341e-07
2451	5.15807e-07
2452	4.76772e-07
2453	5.3259e-07
2454	4.94687e-07
2455	5.53408e-07
2456	5.14892e-07
2457	5.24772e-07
2458	4.84878e-07
2459	5.11254e-07
2460	4.72443e-07
2461	5.15115e-07
2462	4.76777e-07
2463	4.98835e-07
2464	4.58917e-07
2465	4.9695e-07
2466	4.57705e-07
2467	5.07334e-07
2468	4.68586e-07
2469	4.93429e-07
2470	4.53688e-07
2471	4.78118e-07
2472	4.38236e-07
2473	4.8579e-07
2474	4.47016e-07
2475	4.83744e-07
2476	4.44546e-07
2477	4.71419e-07
2478	4.31725e-07
2479	4.64095e-07
2480	4.25279e-07
2481	4.5515e-07
2482	4.16986e-07
2483	4.58867e-07
2484	4.19804e-07
2485	4.57103e-07
2486	4.18557e-07
2487	4.52005e-07
2488	4.13794e-07
2489	4.49114e-07
2490	4.10736e-07
2491	4.54048e-07
2492	4.15796e-07
2493	4.56482e-07
2494	4.17802e-07
2495	4.5121e-07
2496	4.12928e-07
2497	4.52492e-07
2498	4.14919e-07
2499	4.59539e-07
2500	4.21295e-07
2501	4.61612e-07
2502	4.22783e-07
2503	4.63425e-07
2504	4.24924e-07
2505	4.59881e-07
2506	4.21684e-07
2507	4.68498e-07
2508	4.29009e-07
2509	4.72652e-07
2510	4.33571e-07
2511	4.696e-07
2512	4.31349e-07
2513	4.70798e-07
2514	4.30632e-07
2515	4.75863e-07
2516	4.36694e-07
2517	4.83851e-07
2518	4.44541e-07
2519	4.84093e-07
2520	4.43496e-07
2521	4.8732e-07
2522	4.47072e-07
2523	4.96754e-07
2524	4.5625e-07
2525	4.90509e-07
2526	4.48904e-07
2527	4.92468e-07
2528	4.51121e-07
2529	5.04429e-07
2530	4.6326e-07
2531	5.08869e-07
2532	4.66635e-07
2533	5.09895e-07
2534	4.6744e-07
2535	5.16325e-07
2536	4.73815e-07
2537	5.1452e-07
2538	4.71119e-07
2539	5.16073e-07
2540	4.72637e-07
2541	5.27946e-07
2542	4.84369e-07
2543	5.32469e-07
2544	4.88166e-07
2545	5.2812e-07
2546	4.83587e-07
2547	5.30423e-07
2548	4.85747e-07
2549	5.37755e-07
2550	4.92216e-07
2551	5.42861e-07
2552	4.97463e-07
2553	5.46645e-07
2554	5.00817e-07
2555	5.5366e-07
2556	5.07349e-07
2557	5.56036e-07
2558	5.0992e-07
2559	5.5208e-07
2560	5.05298e-07
2561	5.53337e-07
2562	5.05874e-07
2563	5.65971e-07
2564	5.18928e-07
2565	5.75051e-07
2566	5.27753e-07
2567	5.70954e-07
2568	5.22825e-07
2569	5.68856e-07
2570	5.20761e-07
2571	5.78484e-07
2572	5.30585e-07
2573	5.8237e-07
2574	5.33427e-07
2575	5.84937e-07
2576	5.36133e-07
2577	5.97688e-07
2578	5.49179e-07
2579	6.01768e-07
2580	5.52125e-07
2581	5.9725e-07
2582	7.67958e-07
2583	7.04417e-07
2584	5.28437e-07
2585	8.26669e-07
2586	7.55112e-07
2587	5.45349e-07
2588	8.32947e-07
2589	7.85208e-07
2590	6.38554e-07
2591	6.58539e-07
2592	6.79533e-07
2593	6.23445e-07
2594	5.75364e-07
2595	5.27021e-07
2596	4.81561e-07
2597	6.30637e-07
2598	5.81344e-07
2599	5.90019e-07
2600	5.43752e-07
2601	6.12191e-07
2602	5.62265e-07
2603	5.93877e-07
2604	5.46472e-07
2605	6.13221e-07
2606	5.6402e-07
2607	6.22769e-07
2608	5.73568e-07
2609	6.25151e-07
2610	7.97772e-07
2611	7.34378e-07
2612	5.4079e-07
2613	8.549e-07
2614	7.83358e-07
2615	5.58383e-07
2616	8.51278e-07
2617	8.08975e-07
2618	6.68058e-07
2619	6.89333e-07
2620	6.96132e-07
2621	6.29597e-07
2622	6.02068e-07
2623	5.54584e-07
2624	5.48589e-07
2625	5.04624e-07
2626	6.15468e-07
2627	5.67424e-07
2628	5.70885e-07
2629	5.2539e-07
2630	6.17701e-07
2631	5.69876e-07
2632	5.96907e-07
2633	5.49996e-07
2634	5.97512e-07
2635	5.49307e-07
2636	6.11532e-07
2637	5.63966e-07
2638	6.21639e-07
2639	5.72912e-07
2640	6.17074e-07
2641	5.68021e-07
2642	6.13209e-07
2643	7.95036e-07
2644	7.32497e-07
2645	5.49682e-07
2646	8.60733e-07
2647	7.90142e-07
2648	5.57375e-07
2649	8.4532e-07
2650	8.07355e-07
2651	6.68177e-07
2652	6.87165e-07
2653	6.9103e-07
2654	6.26885e-07
2655	5.7923e-07
2656	5.43728e-07
2657	4.9851e-07
2658	6.40765e-07
2659	5.91314e-07
2660	5.87321e-07
2661	5.40861e-07
2662	6.22631e-07
2663	5.73518e-07
2664	6.09243e-07
2665	5.62383e-07
2666	6.12158e-07
2667	5.63556e-07
2668	6.19388e-07
2669	5.7107e-07
2670	6.26515e-07
2671	5.7768e-07
2672	6.28633e-07
2673	8.09184e-07
2674	7.46834e-07
2675	5.49789e-07
2676	8.55396e-07
2677	7.84682e-07
2678	5.63011e-07
2679	8.67787e-07
2680	8.21388e-07
2681	6.60436e-07
2682	6.79362e-07
2683	7.06927e-07
2684	6.50036e-07
2685	6.0602e-07
2686	5.59081e-07
2687	5.35715e-07
2688	4.93102e-07
2689	6.23255e-07
2690	5.76235e-07
2691	5.69519e-07
2692	5.24743e-07
2693	6.04809e-07
2694	5.58143e-07
2695	6.00367e-07
2696	5.55201e-07
2697	5.93938e-07
2698	5.46964e-07
2699	5.95955e-07
2700	5.49372e-07
2701	6.09457e-07
2702	5.6241e-07
2703	6.07683e-07
2704	5.60491e-07
2705	6.05057e-07
2706	5.57472e-07
2707	6.09886e-07
2708	5.62096e-07
2709	6.10208e-07
2710	5.62141e-07
2711	6.19925e-07
2712	5.71596e-07
2713	6.2185e-07
2714	5.73336e-07
2715	6.13936e-07
2716	7.9764e-07
2717	7.35513e-07
2718	5.56965e-07
2719	8.52807e-07
2720	7.83294e-07
2721	5.45041e-07
2722	8.44842e-07
2723	8.15198e-07
2724	6.71623e-07
2725	6.81821e-07
2726	6.28808e-07
2727	5.57271e-07
2728	8.20328e-07
2729	7.55199e-07
2730	5.55907e-07
2731	8.83604e-07
2732	8.12202e-07
2733	5.80395e-07
2734	8.48138e-07
2735	8.07133e-07
2736	6.75034e-07
2737	7.08413e-07
2738	7.14455e-07
2739	6.42406e-07
2740	5.94302e-07
2741	5.51276e-07
2742	5.06465e-07
2743	6.54273e-07
2744	6.05236e-07
2745	6.04155e-07
2746	5.5876e-07
2747	6.45879e-07
2748	5.96565e-07
2749	6.22037e-07
2750	5.74703e-07
2751	6.2648e-07
2752	5.78559e-07
2753	6.43616e-07
2754	8.28498e-07
2755	7.66817e-07
2756	5.66434e-07
2757	8.75718e-07
2758	8.05118e-07
2759	5.64643e-07
2760	8.78091e-07
2761	8.41904e-07
2762	6.8622e-07
2763	6.99143e-07
2764	7.09401e-07
2765	6.53162e-07
2766	6.23528e-07
2767	5.77669e-07
2768	5.5321e-07
2769	5.10547e-07
2770	6.20519e-07
2771	5.74108e-07
2772	5.83759e-07
2773	5.39232e-07
2774	6.29964e-07
2775	5.83328e-07
2776	6.03289e-07
2777	5.58628e-07
2778	5.99617e-07
2779	5.52532e-07
2780	6.16843e-07
2781	5.70622e-07
2782	6.27017e-07
2783	5.81029e-07
2784	6.16204e-07
2785	5.68695e-07
2786	6.12781e-07
2787	5.65913e-07
2788	6.31276e-07
2789	5.84845e-07
2790	6.33431e-07
2791	8.05702e-07
2792	7.4455e-07
2793	5.51229e-07
2794	8.61027e-07
2795	7.93423e-07
2796	5.62729e-07
2797	8.5493e-07
2798	8.1944e-07
2799	6.70057e-07
2800	6.88375e-07
2801	7.06567e-07
2802	6.54125e-07
2803	5.31692e-07
2804	8.34705e-07
2805	7.68935e-07
2806	5.58339e-07
2807	8.66521e-07
2808	7.98417e-07
2809	5.63391e-07
2810	8.44778e-07
2811	8.18051e-07
2812	6.84306e-07
2813	6.97318e-07
2814	7.04829e-07
2815	6.39945e-07
2816	5.93281e-07
2817	5.48088e-07
2818	5.05374e-07
2819	6.44582e-07
2820	5.9668e-07
2821	5.96938e-07
2822	5.52201e-07
2823	6.30585e-07
2824	5.83683e-07
2825	6.09599e-07
2826	5.63334e-07
2827	6.21124e-07
2828	5.74436e-07
2829	6.22655e-07
2830	5.76554e-07
2831	6.25332e-07
2832	5.77161e-07
2833	6.38199e-07
2834	5.90922e-07
2835	6.32797e-07
2836	8.05194e-07
2837	7.44501e-07
2838	5.62765e-07
2839	8.87589e-07
2840	8.20522e-07
2841	5.62268e-07
2842	8.67039e-07
2843	8.44789e-07
2844	6.9761e-07
2845	7.0204e-07
2846	7.09516e-07
2847	6.48797e-07
2848	6.02216e-07
2849	5.61257e-07
2850	5.18848e-07
2851	6.6158e-07
2852	6.13902e-07
2853	6.07271e-07
2854	5.62331e-07
2855	6.39389e-07
2856	5.92622e-07
2857	6.23842e-07
2858	5.77639e-07
2859	6.3509e-07
2860	5.88543e-07
2861	6.29899e-07
2862	8.07819e-07
2863	7.47023e-07
2864	5.6475e-07
2865	8.75267e-07
2866	8.09973e-07
2867	5.48164e-07
2868	8.60576e-07
2869	8.4126e-07
2870	6.89002e-07
2871	6.83486e-07
2872	6.94278e-07
2873	6.42594e-07
2874	5.394e-07
2875	8.47276e-07
2876	7.83604e-07
2877	5.51381e-07
2878	8.62766e-07
2879	7.94967e-07
2880	5.67432e-07
2881	8.50628e-07
2882	8.15714e-07
2883	6.74505e-07
2884	6.95529e-07
2885	6.95409e-07
2886	6.3991e-07
2887	5.9383e-07
2888	5.54605e-07
2889	5.127e-07
2890	6.38716e-07
2891	5.93014e-07
2892	5.95952e-07
2893	5.51756e-07
2894	6.39615e-07
2895	5.93976e-07
2896	6.04945e-07
2897	5.60598e-07
2898	6.16705e-07
2899	5.70853e-07
2900	6.29734e-07
2901	5.85328e-07
2902	6.2232e-07
2903	5.75817e-07
2904	6.28006e-07
2905	5.81899e-07
2906	6.28296e-07
2907	5.83294e-07
2908	6.25429e-07
2909	8.15518e-07
2910	7.55655e-07
2911	5.57973e-07
2912	8.55361e-07
2913	7.90568e-07
2914	5.55354e-07
2915	8.68785e-07
2916	8.33208e-07
2917	6.61129e-07
2918	6.71117e-07
2919	6.19208e-07
2920	5.69229e-07
2921	8.27485e-07
2922	7.66987e-07
2923	5.42438e-07
2924	8.77241e-07
2925	8.09981e-07
2926	5.80628e-07
2927	8.52339e-07
2928	8.11284e-07
2929	6.65026e-07
2930	6.93102e-07
2931	6.42932e-07
2932	5.72751e-07
2933	8.38687e-07
2934	7.74758e-07
2935	5.54178e-07
2936	8.75839e-07
2937	8.07875e-07
2938	5.84273e-07
2939	8.7558e-07
2940	8.23673e-07
2941	6.59463e-07
2942	6.92908e-07
2943	7.30098e-07
2944	6.77593e-07
2945	5.45631e-07
2946	8.44062e-07
2947	7.78016e-07
2948	5.60072e-07
2949	8.86865e-07
2950	8.1993e-07
2951	5.76536e-07
2952	8.6423e-07
2953	8.29681e-07
2954	6.81e-07
2955	7.01809e-07
2956	7.23297e-07
2957	6.55133e-07
2958	6.12379e-07
2959	5.6889e-07
2960	5.44244e-07
2961	5.02963e-07
2962	6.33479e-07
2963	5.8879e-07
2964	5.70364e-07
2965	5.29164e-07
2966	6.1472e-07
2967	5.69474e-07
2968	6.10805e-07
2969	5.6831e-07
2970	5.94641e-07
2971	5.51389e-07
2972	5.98918e-07
2973	5.54149e-07
2974	6.19304e-07
2975	5.7569e-07
2976	6.05879e-07
2977	5.61843e-07
2978	6.00211e-07
2979	5.54658e-07
2980	6.12211e-07
2981	5.68315e-07
2982	6.09483e-07
2983	5.64474e-07
2984	6.12319e-07
2985	5.66202e-07
2986	6.12054e-07
2987	5.67609e-07
2988	6.08397e-07
2989	5.62932e-07
2990	6.20233e-07
2991	5.74082e-07
2992	6.19138e-07
2993	5.74406e-07
2994	6.09207e-07
2995	5.63561e-07
2996	6.22435e-07
2997	5.76208e-07
2998	6.22613e-07
2999	5.77627e-07
3000	6.13985e-07
3001	7.97052e-07
3002	7.37614e-07
3003	5.51398e-07
3004	8.40571e-07
3005	7.7684e-07
3006	5.44477e-07
3007	8.4127e-07
3008	7.75147e-07
3009	5.76954e-07
3010	8.63936e-07
3011	8.20666e-07
3012	6.61154e-07
3013	6.70272e-07
3014	6.89761e-07
3015	6.46017e-07
3016	6.0038e-07
3017	5.45848e-07
3018	5.04169e-07
3019	6.29702e-07
3020	5.83921e-07
3021	5.97546e-07
3022	5.53701e-07
3023	6.3347e-07
3024	5.88119e-07
3025	5.95686e-07
3026	5.51193e-07
3027	6.17012e-07
3028	5.71261e-07
3029	6.27327e-07
3030	5.83043e-07
3031	6.17117e-07
3032	5.70383e-07
3033	6.26954e-07
3034	5.80582e-07
3035	6.29789e-07
3036	5.84905e-07
3037	6.27393e-07
3038	8.1212e-07
3039	7.51927e-07
3040	5.5853e-07
3041	8.66115e-07
3042	7.99422e-07
3043	5.6021e-07
3044	8.75781e-07
3045	8.31546e-07
3046	6.63382e-07
3047	6.87319e-07
3048	7.10416e-07
3049	6.45083e-07
3050	6.04527e-07
3051	5.60376e-07
3052	5.41144e-07
3053	5.00376e-07
3054	6.17393e-07
3055	5.73924e-07
3056	5.65213e-07
3057	5.2264e-07
3058	6.06145e-07
3059	5.61926e-07
3060	5.85554e-07
3061	5.43745e-07
3062	5.86315e-07
3063	5.41803e-07
3064	5.97552e-07
3065	5.54274e-07
3066	5.88243e-07
3067	5.45236e-07
3068	5.92115e-07
3069	5.47293e-07
3070	5.97827e-07
3071	5.54262e-07
3072	5.81921e-07
3073	5.38283e-07
3074	5.926e-07
3075	5.47312e-07
3076	6.03747e-07
3077	5.59897e-07
3078	5.85043e-07
3079	5.40955e-07
3080	5.89459e-07
3081	5.44018e-07
3082	6.02083e-07
3083	5.5811e-07
3084	5.92518e-07
3085	5.47809e-07
3086	5.94469e-07
3087	5.48927e-07
3088	5.95551e-07
3089	5.51654e-07
3090	5.94308e-07
3091	5.48808e-07
3092	6.03597e-07
3093	5.57745e-07
3094	5.97214e-07
3095	5.52906e-07
3096	5.93872e-07
3097	5.47952e-07
3098	6.10972e-07
3099	5.65187e-07
3100	6.0653e-07
3101	5.61958e-07
3102	6.00536e-07
3103	5.54181e-07
3104	6.14114e-07
3105	5.68478e-07
3106	6.17418e-07
3107	5.72571e-07
3108	6.11903e-07
3109	5.65038e-07
3110	6.16433e-07
3111	5.70607e-07
3112	6.21902e-07
3113	5.7662e-07
3114	6.27997e-07
3115	5.80843e-07
3116	6.24025e-07
3117	5.78035e-07
3118	6.20325e-07
3119	8.09699e-07
3120	7.49247e-07
3121	5.6741e-07
3122	8.58852e-07
3123	7.93406e-07
3124	5.46929e-07
3125	8.78074e-07
3126	8.47836e-07
3127	6.79127e-07
3128	6.75418e-07
3129	6.90821e-07
3130	6.38552e-07
3131	5.48587e-07
3132	8.47348e-07
3133	7.82823e-07
3134	5.45414e-07
3135	8.63469e-07
3136	7.94868e-07
3137	5.65716e-07
3138	8.61348e-07
3139	8.12114e-07
3140	6.57304e-07
3141	6.81109e-07
3142	6.97654e-07
3143	6.36391e-07
3144	6.03979e-07
3145	5.58305e-07
3146	5.22135e-07
3147	4.80281e-07
3148	6.14184e-07
3149	5.67774e-07
3150	5.66149e-07
3151	5.2273e-07
3152	5.84858e-07
3153	5.38759e-07
3154	5.86063e-07
3155	5.41147e-07
3156	5.91556e-07
3157	5.46374e-07
3158	5.74102e-07
3159	5.27766e-07
3160	5.92935e-07
3161	5.46739e-07
3162	6.00815e-07
3163	5.55299e-07
3164	5.85725e-07
3165	5.38574e-07
3166	5.85936e-07
3167	5.3966e-07
3168	5.95327e-07
3169	5.49485e-07
3170	5.99376e-07
3171	7.66052e-07
3172	7.06595e-07
3173	5.13733e-07
3174	8.11447e-07
3175	7.44109e-07
3176	5.30659e-07
3177	8.2311e-07
3178	7.65316e-07
3179	6.13042e-07
3180	6.42166e-07
3181	5.90623e-07
3182	5.31662e-07
3183	7.75884e-07
3184	7.13597e-07
3185	5.16081e-07
3186	8.27531e-07
3187	7.59902e-07
3188	5.38422e-07
3189	8.14685e-07
3190	7.63081e-07
3191	6.14716e-07
3192	6.38145e-07
3193	6.63982e-07
3194	6.05195e-07
3195	5.58307e-07
3196	5.01546e-07
3197	4.59214e-07
3198	6.0174e-07
3199	5.54467e-07
3200	5.63695e-07
3201	5.19023e-07
3202	5.85149e-07
3203	5.38752e-07
3204	5.6315e-07
3205	5.17281e-07
3206	5.85639e-07
3207	5.38873e-07
3208	5.82657e-07
3209	5.3689e-07
3210	5.83688e-07
3211	7.57579e-07
3212	6.96441e-07
3213	5.08754e-07
3214	8.01614e-07
3215	7.33629e-07
3216	5.20614e-07
3217	8.14129e-07
3218	7.57238e-07
3219	6.04521e-07
3220	6.35773e-07
3221	6.51062e-07
3222	5.85869e-07
3223	5.56417e-07
3224	5.11366e-07
3225	4.98891e-07
3226	4.57502e-07
3227	5.63385e-07
3228	5.18441e-07
3229	5.23814e-07
3230	4.80695e-07
3231	5.62664e-07
3232	5.17225e-07
3233	5.41022e-07
3234	4.97649e-07
3235	5.45517e-07
3236	4.99858e-07
3237	5.51385e-07
3238	5.06527e-07
3239	5.57042e-07
3240	5.11902e-07
3241	5.60039e-07
3242	5.13878e-07
3243	5.55605e-07
3244	5.09776e-07
3245	5.57641e-07
3246	5.11373e-07
3247	5.70144e-07
3248	5.23143e-07
3249	5.71482e-07
3250	5.25127e-07
3251	5.65174e-07
3252	7.32419e-07
3253	6.71747e-07
3254	5.08935e-07
3255	7.91332e-07
3256	7.23912e-07
3257	5.10787e-07
3258	7.8543e-07
3259	7.45275e-07
3260	6.08662e-07
3261	6.37492e-07
3262	6.4501e-07
3263	5.7598e-07
3264	5.29747e-07
3265	4.92867e-07
3266	4.49397e-07
3267	5.91683e-07
3268	5.43913e-07
3269	5.44134e-07
3270	4.99582e-07
3271	5.65247e-07
3272	5.17236e-07
3273	5.60452e-07
3274	5.1443e-07
3275	5.67391e-07
3276	5.20407e-07
3277	5.62404e-07
3278	5.14948e-07
3279	5.7354e-07
3280	5.25556e-07
3281	5.78462e-07
3282	7.38683e-07
3283	6.76998e-07
3284	5.04553e-07
3285	7.94548e-07
3286	7.25292e-07
3287	5.1234e-07
3288	8.00579e-07
3289	7.58054e-07
3290	6.08242e-07
3291	6.24689e-07
3292	6.44369e-07
3293	5.92958e-07
3294	5.64614e-07
3295	5.18154e-07
3296	4.86899e-07
3297	4.453e-07
3298	5.63475e-07
3299	5.16642e-07
3300	5.33104e-07
3301	4.89051e-07
3302	5.50951e-07
3303	5.0385e-07
3304	5.39913e-07
3305	4.94633e-07
3306	5.59148e-07
3307	5.12817e-07
3308	5.51596e-07
3309	5.04792e-07
3310	5.52075e-07
3311	5.05106e-07
3312	5.68203e-07
3313	5.21272e-07
3314	5.68719e-07
3315	5.21219e-07
3316	5.6131e-07
3317	7.2638e-07
3318	6.65694e-07
3319	5.0783e-07
3320	7.89003e-07
3321	7.20047e-07
3322	5.06777e-07
3323	7.78066e-07
3324	7.44162e-07
3325	6.15437e-07
3326	6.35088e-07
3327	6.37037e-07
3328	5.78742e-07
3329	5.59867e-07
3330	5.14179e-07
3331	4.94932e-07
3332	4.53262e-07
3333	5.66213e-07
3334	5.19658e-07
3335	5.26584e-07
3336	4.82886e-07
3337	5.57428e-07
3338	5.11569e-07
3339	5.51945e-07
3340	5.06655e-07
3341	5.54463e-07
3342	5.0788e-07
3343	5.50814e-07
3344	5.04855e-07
3345	5.63842e-07
3346	5.16659e-07
3347	5.74568e-07
3348	5.2716e-07
3349	5.62946e-07
3350	7.2277e-07
3351	6.61439e-07
3352	5.08881e-07
3353	7.95815e-07
3354	7.27366e-07
3355	5.0187e-07
3356	7.85681e-07
3357	7.55484e-07
3358	6.17169e-07
3359	6.2625e-07
3360	6.34262e-07
3361	5.84776e-07
3362	5.61576e-07
3363	5.15304e-07
3364	4.88347e-07
3365	4.45917e-07
3366	5.63626e-07
3367	5.1613e-07
3368	5.25378e-07
3369	4.81523e-07
3370	5.51547e-07
3371	5.04693e-07
3372	5.45481e-07
3373	5.0002e-07
3374	5.5174e-07
3375	5.0551e-07
3376	5.46285e-07
3377	4.99489e-07
3378	5.58908e-07
3379	5.1183e-07
3380	5.67558e-07
3381	5.20589e-07
3382	5.58652e-07
3383	7.16869e-07
3384	6.55483e-07
3385	5.03421e-07
3386	7.78764e-07
3387	7.10684e-07
3388	5.00794e-07
3389	7.78064e-07
3390	7.42289e-07
3391	6.05622e-07
3392	6.22247e-07
3393	6.31263e-07
3394	5.7974e-07
3395	5.55382e-07
3396	5.10433e-07
3397	4.89113e-07
3398	4.47873e-07
3399	5.60196e-07
3400	5.14633e-07
3401	5.23004e-07
3402	4.79658e-07
3403	5.56516e-07
3404	5.10644e-07
3405	5.45733e-07
3406	5.02041e-07
3407	5.47133e-07
3408	5.01329e-07
3409	5.52368e-07
3410	5.06921e-07
3411	5.57858e-07
3412	5.1287e-07
3413	5.64426e-07
3414	5.1752e-07
3415	5.63981e-07
3416	5.17404e-07
3417	5.58337e-07
3418	7.26552e-07
3419	6.6699e-07
3420	5.11675e-07
3421	7.84737e-07
3422	7.17864e-07
3423	4.94022e-07
3424	7.76225e-07
3425	7.58694e-07
3426	6.24158e-07
3427	6.21949e-07
3428	6.24702e-07
3429	5.81213e-07
3430	5.65691e-07
3431	5.20228e-07
3432	4.89209e-07
3433	4.47678e-07
3434	5.56882e-07
3435	5.10732e-07
3436	5.23513e-07
3437	4.8038e-07
3438	5.55033e-07
3439	5.09255e-07
3440	5.43601e-07
3441	4.98216e-07
3442	5.38961e-07
3443	4.93324e-07
3444	5.44568e-07
3445	4.98704e-07
3446	5.62215e-07
3447	5.15325e-07
3448	5.55965e-07
3449	5.09847e-07
3450	5.41933e-07
3451	4.95144e-07
3452	5.63575e-07
3453	5.16071e-07
3454	5.73218e-07
3455	7.14612e-07
3456	6.54437e-07
3457	4.84548e-07
3458	7.74563e-07
3459	7.07253e-07
3460	5.0976e-07
3461	7.63951e-07
3462	7.18325e-07
3463	5.91335e-07
3464	6.19001e-07
3465	6.28534e-07
3466	5.76879e-07
3467	4.72072e-07
3468	7.41132e-07
3469	6.77143e-07
3470	5.00385e-07
3471	7.71679e-07
3472	7.04931e-07
3473	5.01786e-07
3474	7.53431e-07
3475	7.27831e-07
3476	6.05002e-07
3477	6.1782e-07
3478	6.19058e-07
3479	5.68354e-07
3480	5.2262e-07
3481	4.88018e-07
3482	4.45937e-07
3483	5.74887e-07
3484	5.28566e-07
3485	5.31421e-07
3486	4.87538e-07
3487	5.63561e-07
3488	5.16997e-07
3489	5.47321e-07
3490	5.03511e-07
3491	5.53122e-07
3492	5.06657e-07
3493	5.63831e-07
3494	5.17839e-07
3495	5.61477e-07
3496	7.25042e-07
3497	6.65745e-07
3498	4.99092e-07
3499	7.71559e-07
3500	7.06763e-07
3501	4.97981e-07
3502	7.83341e-07
3503	7.53798e-07
3504	6.05678e-07
3505	6.03338e-07
3506	6.26694e-07
3507	5.88054e-07
3508	5.56381e-07
3509	5.1164e-07
3510	4.76311e-07
3511	4.35394e-07
3512	5.56663e-07
3513	5.11068e-07
3514	5.18464e-07
3515	4.75742e-07
3516	5.43895e-07
3517	4.98435e-07
3518	5.34309e-07
3519	4.9032e-07
3520	5.34891e-07
3521	4.89811e-07
3522	5.38105e-07
3523	4.92752e-07
3524	5.50213e-07
3525	5.04547e-07
3526	5.44929e-07
3527	4.99256e-07
3528	5.36569e-07
3529	4.90179e-07
3530	5.51374e-07
3531	5.04933e-07
3532	5.5486e-07
3533	5.08924e-07
3534	5.43767e-07
3535	7.00741e-07
3536	6.40623e-07
3537	4.90548e-07
3538	7.50871e-07
3539	6.85211e-07
3540	4.82694e-07
3541	7.47909e-07
3542	7.18558e-07
3543	5.86601e-07
3544	5.94157e-07
3545	5.43442e-07
3546	4.90411e-07
3547	7.23351e-07
3548	6.62243e-07
3549	4.89531e-07
3550	7.56564e-07
3551	6.9086e-07
3552	5.06516e-07
3553	7.5406e-07
3554	7.17793e-07
3555	5.85259e-07
3556	6.01507e-07
3557	6.17799e-07
3558	5.67585e-07
3559	4.75575e-07
3560	7.34386e-07
3561	6.72301e-07
3562	4.86201e-07
3563	7.55146e-07
3564	6.8953e-07
3565	4.99239e-07
3566	7.41481e-07
3567	7.17177e-07
3568	5.97288e-07
3569	6.06394e-07
3570	5.56382e-07
3571	4.98141e-07
3572	7.40091e-07
3573	6.77893e-07
3574	4.95983e-07
3575	7.69881e-07
3576	7.05365e-07
3577	5.12722e-07
3578	7.72147e-07
3579	7.35758e-07
3580	5.94225e-07
3581	6.06548e-07
3582	6.35138e-07
3583	5.89484e-07
3584	5.50419e-07
3585	5.05872e-07
3586	4.7283e-07
3587	4.32004e-07
3588	5.58481e-07
3589	5.13101e-07
3590	5.18209e-07
3591	4.75812e-07
3592	5.39221e-07
3593	4.9393e-07
3594	5.26213e-07
3595	4.82228e-07
3596	5.34408e-07
3597	4.89751e-07
3598	5.3883e-07
3599	4.93705e-07
3600	5.39372e-07
3601	4.94367e-07
3602	5.31479e-07
3603	4.8613e-07
3604	5.38029e-07
3605	4.92086e-07
3606	5.49238e-07
3607	5.03669e-07
3608	5.36308e-07
3609	4.90004e-07
3610	5.37922e-07
3611	7.01676e-07
3612	6.42111e-07
3613	4.89635e-07
3614	7.36586e-07
3615	6.70706e-07
3616	4.81536e-07
3617	7.44435e-07
3618	6.7891e-07
3619	5.20866e-07
3620	7.53581e-07
3621	7.13021e-07
3622	5.93687e-07
3623	6.0906e-07
3624	6.20306e-07
3625	5.66987e-07
3626	5.2072e-07
3627	4.79392e-07
3628	4.37665e-07
3629	5.66145e-07
3630	5.1984e-07
3631	5.26012e-07
3632	4.83309e-07
3633	5.49962e-07
3634	5.04317e-07
3635	5.35816e-07
3636	4.91896e-07
3637	5.40436e-07
3638	4.96207e-07
3639	5.44051e-07
3640	4.99031e-07
3641	5.50324e-07
3642	5.0488e-07
3643	5.48755e-07
3644	5.03742e-07
3645	5.46022e-07
3646	5.00584e-07
3647	5.53746e-07
3648	5.07878e-07
3649	5.55455e-07
3650	5.09848e-07
3651	5.58044e-07
3652	7.20151e-07
3653	6.60498e-07
3654	4.89977e-07
3655	7.49257e-07
3656	6.84898e-07
3657	4.98829e-07
3658	7.59283e-07
3659	7.29262e-07
3660	5.88598e-07
3661	5.9508e-07
3662	6.20008e-07
3663	5.76192e-07
3664	5.29322e-07
3665	4.73335e-07
3666	4.31302e-07
3667	5.65888e-07
3668	5.18711e-07
3669	5.28504e-07
3670	4.84074e-07
3671	5.55246e-07
3672	5.08031e-07
3673	5.36262e-07
3674	6.84589e-07
3675	6.26812e-07
3676	4.76216e-07
3677	7.43094e-07
3678	6.78014e-07
3679	4.90781e-07
3680	7.36433e-07
3681	6.70517e-07
3682	5.01915e-07
3683	7.60609e-07
3684	7.2835e-07
3685	5.94141e-07
3686	5.93821e-07
3687	6.08802e-07
3688	5.71786e-07
3689	5.49162e-07
3690	5.04496e-07
3691	4.69035e-07
3692	4.28012e-07
3693	5.40747e-07
3694	4.95295e-07
3695	5.13039e-07
3696	4.71102e-07
3697	5.33075e-07
3698	4.88184e-07
3699	5.21596e-07
3700	4.78378e-07
3701	5.28155e-07
3702	4.84134e-07
3703	5.28881e-07
3704	4.84568e-07
3705	5.31669e-07
3706	4.87979e-07
3707	5.36078e-07
3708	4.91641e-07
3709	5.34738e-07
3710	4.90308e-07
3711	5.34698e-07
3712	4.90858e-07
3713	5.38515e-07
3714	4.93098e-07
3715	5.4116e-07
3716	4.96027e-07
3717	5.41313e-07
3718	4.97133e-07
3719	5.43045e-07
3720	4.97213e-07
3721	5.4391e-07
3722	4.98107e-07
3723	5.44401e-07
3724	4.99362e-07
3725	5.47975e-07
3726	7.09499e-07
3727	6.49892e-07
3728	4.79877e-07
3729	7.33245e-07
3730	6.69673e-07
3731	4.93082e-07
3732	7.40459e-07
3733	7.15023e-07
3734	5.81687e-07
3735	5.85636e-07
3736	6.09387e-07
3737	5.58e-07
3738	4.65429e-07
3739	7.09763e-07
3740	6.46613e-07
3741	4.7274e-07
3742	7.28785e-07
3743	6.63168e-07
3744	4.94262e-07
3745	7.19608e-07
3746	6.87005e-07
3747	5.66953e-07
3748	5.85728e-07
3749	5.34833e-07
3750	4.89325e-07
3751	7.02742e-07
3752	6.40736e-07
3753	4.67223e-07
3754	7.37593e-07
3755	6.71608e-07
3756	5.02681e-07
3757	7.28196e-07
3758	6.88387e-07
3759	5.69729e-07
3760	5.91574e-07
3761	6.12898e-07
3762	5.61772e-07
3763	4.59429e-07
3764	7.05666e-07
3765	6.42587e-07
3766	4.78996e-07
3767	7.36376e-07
3768	6.71895e-07
3769	4.88813e-07
3770	7.15058e-07
3771	6.9461e-07
3772	5.81107e-07
3773	5.9054e-07
3774	5.40936e-07
3775	4.87792e-07
3776	7.09815e-07
3777	6.4882e-07
3778	4.82341e-07
3779	7.42283e-07
3780	6.78501e-07
3781	5.05125e-07
3782	7.32048e-07
3783	7.03759e-07
3784	5.80496e-07
3785	5.92293e-07
3786	6.15508e-07
3787	5.64983e-07
3788	4.63961e-07
3789	7.16151e-07
3790	6.54873e-07
3791	4.76935e-07
3792	7.32912e-07
3793	6.68688e-07
3794	4.92231e-07
3795	7.1467e-07
3796	6.95966e-07
3797	5.86989e-07
3798	5.94876e-07
3799	5.45502e-07
3800	4.85678e-07
3801	7.0867e-07
3802	6.47058e-07
3803	4.80865e-07
3804	7.44666e-07
3805	6.79749e-07
3806	5.01122e-07
3807	7.31318e-07
3808	7.06133e-07
3809	5.78744e-07
3810	5.89293e-07
3811	6.11894e-07
3812	5.66968e-07
3813	5.19911e-07
3814	4.64047e-07
3815	4.2237e-07
3816	5.55275e-07
3817	5.08708e-07
3818	5.19118e-07
3819	4.76037e-07
3820	5.46535e-07
3821	5.00374e-07
3822	5.25383e-07
3823	4.80548e-07
3824	5.26049e-07
3825	4.81393e-07
3826	5.39153e-07
3827	4.9357e-07
3828	5.45619e-07
3829	6.94181e-07
3830	6.35104e-07
3831	4.62302e-07
3832	7.11591e-07
3833	6.47492e-07
3834	4.87034e-07
3835	7.27703e-07
3836	6.64139e-07
3837	4.97834e-07
3838	7.31511e-07
3839	7.11132e-07
3840	5.92108e-07
3841	5.90448e-07
3842	5.99366e-07
3843	5.4807e-07
3844	4.72391e-07
3845	7.22786e-07
3846	6.60618e-07
3847	4.78982e-07
3848	7.17698e-07
3849	6.5404e-07
3850	4.99818e-07
3851	7.23968e-07
3852	6.60103e-07
3853	5.04485e-07
3854	7.45155e-07
3855	7.27083e-07
3856	5.99973e-07
3857	5.92505e-07
3858	6.10693e-07
3859	5.75246e-07
3860	5.28758e-07
3861	4.74335e-07
3862	4.32643e-07
3863	5.68022e-07
3864	5.22083e-07
3865	5.28343e-07
3866	6.95519e-07
3867	6.36939e-07
3868	4.71423e-07
3869	7.09753e-07
3870	6.48483e-07
3871	4.7626e-07
3872	7.23271e-07
3873	6.58534e-07
3874	5.04306e-07
3875	7.40671e-07
3876	7.0581e-07
3877	5.77815e-07
3878	5.78696e-07
3879	5.98949e-07
3880	5.47987e-07
3881	4.69218e-07
3882	7.17265e-07
3883	6.53291e-07
3884	4.68196e-07
3885	7.17728e-07
3886	6.53846e-07
3887	4.89733e-07
3888	7.2095e-07
3889	6.88558e-07
3890	5.63463e-07
3891	5.73433e-07
3892	5.23752e-07
3893	4.82426e-07
3894	7.02109e-07
3895	6.40009e-07
3896	4.7115e-07
3897	7.19408e-07
3898	6.54137e-07
3899	4.95268e-07
3900	7.2702e-07
3901	6.96721e-07
3902	5.67463e-07
3903	5.73322e-07
3904	5.23277e-07
3905	4.92887e-07
3906	7.08982e-07
3907	6.47279e-07
3908	4.69234e-07
3909	7.20557e-07
3910	6.5599e-07
3911	4.99669e-07
3912	7.24803e-07
3913	6.60498e-07
3914	4.97413e-07
3915	7.3475e-07
3916	7.14839e-07
3917	5.92484e-07
3918	5.91679e-07
3919	6.0441e-07
3920	5.60836e-07
3921	5.37824e-07
3922	4.92953e-07
3923	4.61939e-07
3924	4.22778e-07
3925	5.32914e-07
3926	4.88678e-07
3927	4.9549e-07
3928	4.53977e-07
3929	5.21059e-07
3930	4.77653e-07
3931	5.13721e-07
3932	4.71394e-07
3933	5.09661e-07
3934	4.66025e-07
3935	5.13188e-07
3936	4.6961e-07
3937	5.23443e-07
3938	4.80123e-07
3939	5.23168e-07
3940	4.78608e-07
3941	5.12956e-07
3942	4.68893e-07
3943	5.22209e-07
3944	4.77949e-07
3945	5.27825e-07
3946	4.8317e-07
3947	5.27213e-07
3948	4.82421e-07
3949	5.24446e-07
3950	4.7918e-07
3951	5.29401e-07
3952	4.84652e-07
3953	5.32009e-07
3954	4.86329e-07
3955	5.29102e-07
3956	4.83125e-07
3957	5.36328e-07
3958	6.87078e-07
3959	6.29061e-07
3960	4.76353e-07
3961	7.09268e-07
3962	6.45412e-07
3963	4.81076e-07
3964	7.14625e-07
3965	6.50617e-07
3966	5.0591e-07
3967	7.31152e-07
3968	7.02515e-07
3969	5.79359e-07
3970	5.82044e-07
3971	5.32054e-07
3972	4.87689e-07
3973	7.0435e-07
3974	6.43156e-07
3975	4.76155e-07
3976	7.24468e-07
3977	6.5994e-07
3978	5.01946e-07
3979	7.17174e-07
3980	6.53355e-07
3981	4.95668e-07
3982	7.42565e-07
3983	7.27402e-07
3984	6.02085e-07
3985	5.9114e-07
3986	6.01377e-07
3987	5.50155e-07
3988	4.73445e-07
3989	7.25821e-07
3990	6.62642e-07
3991	4.8284e-07
3992	7.20064e-07
3993	6.56178e-07
3994	5.02292e-07
3995	7.26644e-07
3996	7.07027e-07
3997	5.87662e-07
3998	5.92689e-07
3999	6.11367e-07
4000	5.60206e-07
4001	4.6597e-07
4002	7.18223e-07
4003	6.55717e-07
4004	4.84029e-07
4005	7.2783e-07
4006	6.63795e-07
4007	4.95303e-07
4008	7.18297e-07
4009	7.009e-07
4010	5.82317e-07
4011	5.87253e-07
4012	6.06716e-07
4013	5.56612e-07
4014	4.59402e-07
4015	7.03736e-07
4016	6.41299e-07
4017	4.71001e-07
4018	7.23944e-07
4019	6.60295e-07
4020	4.93274e-07
4021	7.04804e-07
4022	6.80317e-07
4023	5.66715e-07
4024	5.80878e-07
4025	5.31152e-07
4026	4.83113e-07
4027	6.90321e-07
4028	6.2951e-07
4029	4.66989e-07
4030	7.25495e-07
4031	6.61154e-07
4032	4.95639e-07
4033	7.08747e-07
4034	6.45703e-07
4035	4.89379e-07
4036	7.38917e-07
4037	7.2193e-07
4038	5.94198e-07
4039	5.87112e-07
4040	5.97902e-07
4041	5.46457e-07
4042	4.67546e-07
4043	7.16702e-07
4044	6.54267e-07
4045	4.76792e-07
4046	7.18844e-07
4047	6.55028e-07
4048	4.95884e-07
4049	7.14207e-07
4050	6.90422e-07
4051	5.72186e-07
4052	5.81616e-07
4053	6.0242e-07
4054	5.52019e-07
4055	4.54887e-07
4056	6.9789e-07
4057	6.37061e-07
4058	4.70026e-07
4059	7.10749e-07
4060	6.481e-07
4061	4.81912e-07
4062	6.92823e-07
4063	6.30556e-07
4064	4.92975e-07
4065	7.30218e-07
4066	7.00558e-07
4067	5.70175e-07
4068	5.67815e-07
4069	5.8835e-07
4070	5.37739e-07
4071	4.54233e-07
4072	7.00119e-07
4073	6.38929e-07
4074	4.60921e-07
4075	6.99283e-07
4076	6.36514e-07
4077	4.78123e-07
4078	7.0035e-07
4079	6.3638e-07
4080	4.88633e-07
4081	7.24541e-07
4082	6.95949e-07
4083	5.72378e-07
4084	5.77257e-07
4085	5.92374e-07
4086	5.41009e-07
4087	4.60564e-07
4088	7.13684e-07
4089	6.51063e-07
4090	4.72466e-07
4091	7.08353e-07
4092	6.44313e-07
4093	4.88976e-07
4094	7.20627e-07
4095	6.95052e-07
4096	5.79023e-07
4097	5.78807e-07
4098	5.29093e-07
4099	4.86441e-07
4100	7.07201e-07
4101	6.46079e-07
4102	4.8013e-07
4103	7.29676e-07
4104	6.65828e-07
4105	5.01605e-07
4106	7.30368e-07
4107	6.65919e-07
4108	4.97716e-07
4109	7.42247e-07
4110	7.24928e-07
4111	6.05888e-07
4112	6.04748e-07
4113	6.02542e-07
4114	5.54303e-07
4115	5.07659e-07
4116	4.74465e-07
4117	4.32803e-07
4118	5.59777e-07
4119	5.13003e-07
4120	5.07044e-07
4121	4.64118e-07
4122	5.31314e-07
4123	4.85722e-07
4124	5.25113e-07
4125	4.81155e-07
4126	5.26652e-07
4127	4.81502e-07
4128	5.29375e-07
4129	4.84694e-07
4130	5.26897e-07
4131	4.82189e-07
4132	5.29757e-07
4133	4.84347e-07
4134	5.31674e-07
4135	4.87061e-07
4136	5.32147e-07
4137	4.87562e-07
4138	5.35823e-07
4139	4.90443e-07
4140	5.35405e-07
4141	4.89973e-07
4142	5.33606e-07
4143	4.89104e-07
4144	5.32646e-07
4145	4.87147e-07
4146	5.37029e-07
4147	4.91644e-07
4148	5.43861e-07
4149	6.86554e-07
4150	6.29485e-07
4151	4.68551e-07
4152	7.12609e-07
4153	6.49383e-07
4154	4.85457e-07
4155	7.16164e-07
4156	6.52716e-07
4157	4.96868e-07
4158	7.28439e-07
4159	7.02837e-07
4160	5.82664e-07
4161	5.86052e-07
4162	5.36218e-07
4163	4.83527e-07
4164	7.03334e-07
4165	6.42973e-07
4166	4.80488e-07
4167	7.28341e-07
4168	6.64102e-07
4169	4.9138e-07
4170	7.18475e-07
4171	6.5516e-07
4172	4.96356e-07
4173	7.37224e-07
4174	7.08744e-07
4175	5.83661e-07
4176	5.86264e-07
4177	5.36136e-07
4178	4.81621e-07
4179	7.07835e-07
4180	6.46185e-07
4181	4.87337e-07
4182	7.42008e-07
4183	6.77247e-07
4184	5.04707e-07
4185	7.27824e-07
4186	6.98971e-07
4187	5.86042e-07
4188	6.04546e-07
4189	6.21044e-07
4190	5.69953e-07
4191	4.67876e-07
4192	7.22377e-07
4193	6.60775e-07
4194	4.89734e-07
4195	7.4477e-07
4196	6.79017e-07
4197	5.00583e-07
4198	7.28358e-07
4199	7.01836e-07
4200	5.9036e-07
4201	6.02569e-07
4202	6.05518e-07
4203	5.54985e-07
4204	4.63656e-07
4205	7.23977e-07
4206	6.60227e-07
4207	4.83656e-07
4208	7.39754e-07
4209	6.75784e-07
4210	4.92367e-07
4211	7.33554e-07
4212	6.98068e-07
4213	5.79049e-07
4214	5.94079e-07
4215	5.44173e-07
4216	4.86994e-07
4217	7.0618e-07
4218	6.4441e-07
4219	4.78537e-07
4220	7.47794e-07
4221	6.8289e-07
4222	4.9366e-07
4223	7.2236e-07
4224	6.80738e-07
4225	5.61346e-07
4226	5.80833e-07
4227	5.31197e-07
4228	4.8037e-07
4229	6.92378e-07
4230	6.31797e-07
4231	4.6154e-07
4232	7.18537e-07
4233	6.53804e-07
4234	4.89295e-07
4235	7.22142e-07
4236	6.58229e-07
4237	4.87272e-07
4238	7.37533e-07
4239	7.03586e-07
4240	5.90472e-07
4241	5.99216e-07
4242	5.93213e-07
4243	5.42272e-07
4244	4.62233e-07
4245	7.28206e-07
4246	6.65182e-07
4247	4.93622e-07
4248	7.35314e-07
4249	6.71126e-07
4250	4.8789e-07
4251	7.41741e-07
4252	7.05999e-07
4253	5.80633e-07
4254	5.89266e-07
4255	5.39105e-07
4256	4.88905e-07
4257	7.18985e-07
4258	6.58164e-07
4259	4.84232e-07
4260	7.49214e-07
4261	6.83505e-07
4262	4.97967e-07
4263	7.54109e-07
4264	6.9952e-07
4265	5.72156e-07
4266	5.97966e-07
4267	5.48163e-07
4268	4.97122e-07
4269	7.18542e-07
4270	6.56999e-07
4271	4.73244e-07
4272	7.5613e-07
4273	6.91292e-07
4274	5.05589e-07
4275	7.52741e-07
4276	6.86737e-07
4277	4.97181e-07
4278	7.73725e-07
4279	7.20325e-07
4280	5.91703e-07
4281	6.06587e-07
4282	5.90919e-07
4283	5.3663e-07
4284	4.90294e-07
4285	4.77417e-07
4286	4.3469e-07
4287	5.47884e-07
4288	5.00764e-07
4289	5.10717e-07
4290	4.67576e-07
4291	5.29388e-07
4292	4.83627e-07
4293	5.16628e-07
4294	4.72248e-07
4295	5.35525e-07
4296	4.90701e-07
4297	5.39265e-07
4298	4.93993e-07
4299	5.33994e-07
4300	4.89061e-07
4301	5.32088e-07
4302	4.86604e-07
4303	5.44186e-07
4304	4.98661e-07
4305	5.47735e-07
4306	5.02639e-07
4307	5.36009e-07
4308	4.90639e-07
4309	5.37427e-07
4310	4.92082e-07
4311	5.44782e-07
4312	4.99607e-07
4313	5.33452e-07
4314	4.88692e-07
4315	5.32035e-07
4316	4.86733e-07
4317	5.40968e-07
4318	4.95647e-07
4319	5.37209e-07
4320	4.92053e-07
4321	5.26e-07
4322	4.81073e-07
4323	5.31531e-07
4324	4.86695e-07
4325	5.42855e-07
4326	4.97937e-07
4327	5.36395e-07
4328	4.91566e-07
4329	5.23238e-07
4330	4.78368e-07
4331	5.35785e-07
4332	4.90333e-07
4333	5.40134e-07
4334	4.95036e-07
4335	5.30699e-07
4336	4.85044e-07
4337	5.29276e-07
4338	4.84318e-07
4339	5.38844e-07
4340	4.9363e-07
4341	5.36827e-07
4342	4.90673e-07
4343	5.32079e-07
4344	4.86256e-07
4345	5.37488e-07
4346	4.91078e-07
4347	5.46538e-07
4348	4.99895e-07
4349	5.42157e-07
4350	4.94951e-07
4351	5.44403e-07
4352	4.97729e-07
4353	5.46782e-07
4354	4.99749e-07
4355	5.51674e-07
4356	5.04082e-07
4357	5.56632e-07
4358	5.09356e-07
4359	5.60689e-07
4360	5.12786e-07
4361	5.57043e-07
4362	5.08947e-07
4363	5.6272e-07
4364	7.22734e-07
4365	6.61152e-07
4366	5.08385e-07
4367	7.64568e-07
4368	6.96129e-07
4369	5.0799e-07
4370	7.79918e-07
4371	7.26608e-07
4372	5.90688e-07
4373	6.06405e-07
4374	5.53845e-07
4375	5.07229e-07
4376	7.37173e-07
4377	6.72384e-07
4378	4.95216e-07
4379	7.69331e-07
4380	6.9987e-07
4381	5.28392e-07
4382	7.84087e-07
4383	7.06596e-07
4384	5.73895e-07
4385	6.11235e-07
4386	6.21999e-07
4387	5.75835e-07
4388	5.28002e-07
4389	4.72182e-07
4390	4.28994e-07
4391	5.51665e-07
4392	5.03527e-07
4393	5.39822e-07
4394	4.94916e-07
4395	5.52341e-07
4396	5.0454e-07
4397	5.23439e-07
4398	4.77047e-07
4399	5.38306e-07
4400	4.91271e-07
4401	5.5378e-07
4402	5.05781e-07
4403	5.46265e-07
4404	4.98376e-07
4405	5.42721e-07
4406	4.95128e-07
4407	5.48621e-07
4408	7.09029e-07
4409	6.46961e-07
4410	4.92247e-07
4411	7.52923e-07
4412	6.84963e-07
4413	4.9999e-07
4414	7.67458e-07
4415	7.06913e-07
4416	5.78649e-07
4417	6.06237e-07
4418	6.07136e-07
4419	5.55151e-07
4420	4.75791e-07
4421	7.18628e-07
4422	6.53368e-07
4423	4.82555e-07
4424	7.60618e-07
4425	6.93762e-07
4426	5.05424e-07
4427	7.46128e-07
4428	6.80112e-07
4429	5.62033e-07
4430	6.06446e-07
4431	5.54323e-07
4432	4.98603e-07
4433	7.08567e-07
4434	6.43934e-07
4435	4.72732e-07
4436	7.62924e-07
4437	6.9431e-07
4438	5.17619e-07
4439	7.69836e-07
4440	6.9116e-07
4441	5.65859e-07
4442	6.06469e-07
4443	6.15259e-07
4444	5.68381e-07
4445	5.20907e-07
4446	4.74668e-07
4447	4.32065e-07
4448	5.48237e-07
4449	4.99789e-07
4450	5.32901e-07
4451	4.87796e-07
4452	5.58316e-07
4453	5.10156e-07
4454	5.3628e-07
4455	4.89509e-07
4456	5.38488e-07
4457	4.90402e-07
4458	5.59815e-07
4459	5.1205e-07
4460	5.59057e-07
4461	7.10368e-07
4462	6.48195e-07
4463	4.94728e-07
4464	7.62335e-07
4465	6.94161e-07
4466	5.03718e-07
4467	7.79017e-07
4468	7.18025e-07
4469	5.88156e-07
4470	6.16344e-07
4471	6.09766e-07
4472	5.58527e-07
4473	5.1063e-07
4474	4.7946e-07
4475	4.36688e-07
4476	5.5802e-07
4477	5.09512e-07
4478	5.25335e-07
4479	4.80272e-07
4480	5.4355e-07
4481	4.95812e-07
4482	5.30542e-07
4483	4.8429e-07
4484	5.34098e-07
4485	4.86879e-07
4486	5.42342e-07
4487	4.94385e-07
4488	5.44919e-07
4489	6.98584e-07
4490	6.37355e-07
4491	4.86517e-07
4492	7.46945e-07
4493	6.78845e-07
4494	4.91377e-07
4495	7.59941e-07
4496	7.0873e-07
4497	5.89952e-07
4498	6.12726e-07
4499	6.01795e-07
4500	5.5315e-07
4501	5.35469e-07
4502	4.89193e-07
4503	4.72297e-07
4504	4.30382e-07
4505	5.30586e-07
4506	4.84402e-07
4507	4.9956e-07
4508	4.5581e-07
4509	5.32378e-07
4510	4.85946e-07
4511	5.21773e-07
4512	4.76598e-07
4513	5.1831e-07
4514	4.72512e-07
4515	5.23388e-07
4516	4.77131e-07
4517	5.39097e-07
4518	4.92327e-07
4519	5.42428e-07
4520	4.95593e-07
4521	5.309e-07
4522	4.83867e-07
4523	5.37337e-07
4524	4.90136e-07
4525	5.51665e-07
4526	7.0556e-07
4527	6.44323e-07
4528	4.86096e-07
4529	7.36651e-07
4530	6.68996e-07
4531	4.97981e-07
4532	7.60254e-07
4533	7.08339e-07
4534	5.79953e-07
4535	5.98884e-07
4536	5.97516e-07
4537	5.50083e-07
4538	5.02736e-07
4539	4.673e-07
4540	4.25584e-07
4541	5.40675e-07
4542	4.92708e-07
4543	5.19674e-07
4544	4.74877e-07
4545	5.36003e-07
4546	4.88571e-07
4547	5.15948e-07
4548	6.7053e-07
4549	6.1071e-07
4550	4.81554e-07
4551	7.30689e-07
4552	6.64274e-07
4553	4.81211e-07
4554	7.35764e-07
4555	6.91267e-07
4556	5.7498e-07
4557	5.96981e-07
4558	5.95117e-07
4559	5.42777e-07
4560	4.67797e-07
4561	7.17178e-07
4562	6.52709e-07
4563	4.88811e-07
4564	7.50392e-07
4565	6.82596e-07
4566	5.04598e-07
4567	7.49027e-07
4568	7.01436e-07
4569	5.89089e-07
4570	6.1794e-07
4571	6.12572e-07
4572	5.61585e-07
4573	5.42011e-07
4574	4.95609e-07
4575	4.69495e-07
4576	4.27864e-07
4577	5.35969e-07
4578	4.89136e-07
4579	5.07626e-07
4580	4.63899e-07
4581	5.3269e-07
4582	4.86057e-07
4583	5.19828e-07
4584	4.7423e-07
4585	5.21919e-07
4586	4.7629e-07
4587	5.32469e-07
4588	4.86025e-07
4589	5.37404e-07
4590	4.90058e-07
4591	5.38071e-07
4592	4.91e-07
4593	5.34361e-07
4594	4.86829e-07
4595	5.43651e-07
4596	7.00619e-07
4597	6.39015e-07
4598	4.90124e-07
4599	7.35e-07
4600	6.67186e-07
4601	4.97904e-07
4602	7.53763e-07
4603	7.07839e-07
4604	5.82212e-07
4605	5.96452e-07
4606	6.02179e-07
4607	5.6045e-07
4608	5.36945e-07
4609	4.90883e-07
4610	4.58575e-07
4611	4.16467e-07
4612	5.32031e-07
4613	4.85535e-07
4614	5.0533e-07
4615	4.61921e-07
4616	5.19942e-07
4617	4.74061e-07
4618	5.14358e-07
4619	4.69322e-07
4620	5.22709e-07
4621	4.76132e-07
4622	5.26827e-07
4623	4.80506e-07
4624	5.23562e-07
4625	4.76904e-07
4626	5.30163e-07
4627	4.82753e-07
4628	5.35972e-07
4629	4.88388e-07
4630	5.36139e-07
4631	4.89324e-07
4632	5.40309e-07
4633	4.92341e-07
4634	5.41512e-07
4635	6.94039e-07
4636	6.31772e-07
4637	4.83696e-07
4638	7.37287e-07
4639	6.69238e-07
4640	4.97508e-07
4641	7.41649e-07
4642	7.00976e-07
4643	5.84567e-07
4644	6.02826e-07
4645	6.00007e-07
4646	5.52373e-07
4647	5.04166e-07
4648	4.64504e-07
4649	4.21504e-07
4650	5.52542e-07
4651	5.03621e-07
4652	5.1667e-07
4653	4.71802e-07
4654	5.30042e-07
4655	4.82901e-07
4656	5.28349e-07
4657	4.81778e-07
4658	5.33606e-07
4659	4.8609e-07
4660	5.32875e-07
4661	6.8076e-07
4662	6.20736e-07
4663	4.82085e-07
4664	7.27576e-07
4665	6.60638e-07
4666	4.81193e-07
4667	7.23049e-07
4668	6.96964e-07
4669	5.88048e-07
4670	5.90615e-07
4671	5.85418e-07
4672	5.33915e-07
4673	4.58271e-07
4674	7.14632e-07
4675	6.50045e-07
4676	4.85857e-07
4677	7.26284e-07
4678	6.6121e-07
4679	4.88329e-07
4680	7.33903e-07
4681	6.93533e-07
4682	5.74325e-07
4683	5.86698e-07
4684	5.92852e-07
4685	5.60277e-07
4686	5.1286e-07
4687	4.6254e-07
4688	4.2096e-07
4689	5.3882e-07
4690	4.91168e-07
4691	5.21202e-07
4692	4.77084e-07
4693	5.42786e-07
4694	4.95524e-07
4695	5.24667e-07
4696	4.79607e-07
4697	5.23291e-07
4698	4.76998e-07
4699	5.44323e-07
4700	7.00144e-07
4701	6.39703e-07
4702	4.79951e-07
4703	7.17646e-07
4704	6.51499e-07
4705	4.85068e-07
4706	7.42117e-07
4707	7.09483e-07
4708	5.83755e-07
4709	5.87446e-07
4710	5.85747e-07
4711	5.33723e-07
4712	4.64519e-07
4713	7.08676e-07
4714	6.44702e-07
4715	4.87837e-07
4716	7.29745e-07
4717	6.63583e-07
4718	4.96185e-07
4719	7.29967e-07
4720	6.93209e-07
4721	5.81312e-07
4722	5.94465e-07
4723	6.01755e-07
4724	5.50313e-07
4725	4.71532e-07
4726	7.12185e-07
4727	6.47867e-07
4728	4.77361e-07
4729	7.35473e-07
4730	6.70008e-07
4731	5.06929e-07
4732	7.37811e-07
4733	6.8365e-07
4734	5.66302e-07
4735	5.92797e-07
4736	6.12855e-07
4737	5.70051e-07
4738	5.22287e-07
4739	4.58982e-07
4740	4.17146e-07
4741	5.48147e-07
4742	4.99858e-07
4743	5.36872e-07
4744	4.9241e-07
4745	5.46819e-07
4746	4.99325e-07
4747	5.25682e-07
4748	4.79614e-07
4749	5.35655e-07
4750	4.8867e-07
4751	5.50047e-07
4752	6.99024e-07
4753	6.38764e-07
4754	4.78294e-07
4755	7.27528e-07
4756	6.6083e-07
4757	4.89938e-07
4758	7.3909e-07
4759	6.72336e-07
4760	5.12998e-07
4761	7.62698e-07
4762	7.15088e-07
4763	5.87418e-07
4764	5.98352e-07
4765	6.06278e-07
4766	5.74427e-07
4767	5.55701e-07
4768	5.091e-07
4769	4.67956e-07
4770	4.26452e-07
4771	5.3766e-07
4772	4.90993e-07
4773	5.15286e-07
4774	4.71498e-07
4775	5.39359e-07
4776	4.93256e-07
4777	5.30658e-07
4778	4.86005e-07
4779	5.26951e-07
4780	4.81238e-07
4781	5.32079e-07
4782	4.8546e-07
4783	5.43657e-07
4784	4.98261e-07
4785	5.44975e-07
4786	4.98449e-07
4787	5.33688e-07
4788	4.86881e-07
4789	5.42398e-07
4790	4.95674e-07
4791	5.5223e-07
4792	5.05038e-07
4793	5.51503e-07
4794	6.91581e-07
4795	6.30004e-07
4796	4.86082e-07
4797	7.40706e-07
4798	6.74379e-07
4799	5.07267e-07
4800	7.37601e-07
4801	6.96205e-07
4802	5.8115e-07
4803	5.9988e-07
4804	5.47949e-07
4805	4.94882e-07
4806	7.06168e-07
4807	6.42145e-07
4808	4.85367e-07
4809	7.54649e-07
4810	6.87059e-07
4811	5.21472e-07
4812	7.40194e-07
4813	6.93605e-07
4814	5.82751e-07
4815	6.12263e-07
4816	6.20739e-07
4817	5.6777e-07
4818	4.76844e-07
4819	7.16416e-07
4820	6.51606e-07
4821	4.94841e-07
4822	7.47985e-07
4823	6.81209e-07
4824	5.08588e-07
4825	7.41446e-07
4826	7.04098e-07
4827	5.88659e-07
4828	5.99147e-07
4829	6.01241e-07
4830	5.49641e-07
4831	4.80698e-07
4832	7.25873e-07
4833	6.61186e-07
4834	4.82951e-07
4835	7.37195e-07
4836	6.70636e-07
4837	5.14268e-07
4838	7.58143e-07
4839	6.99786e-07
4840	5.73372e-07
4841	5.9614e-07
4842	6.14861e-07
4843	5.62545e-07
4844	4.86505e-07
4845	7.24848e-07
4846	6.60628e-07
4847	4.86417e-07
4848	7.56145e-07
4849	6.89327e-07
4850	5.16262e-07
4851	7.5851e-07
4852	7.01099e-07
4853	5.85979e-07
4854	6.11319e-07
4855	6.15362e-07
4856	5.63733e-07
4857	4.84381e-07
4858	7.26766e-07
4859	6.61573e-07
4860	4.8952e-07
4861	7.5939e-07
4862	6.93255e-07
4863	5.18675e-07
4864	7.68884e-07
4865	7.05511e-07
4866	5.77972e-07
4867	6.09621e-07
4868	6.18032e-07
4869	5.79138e-07
4870	5.31322e-07
4871	4.77036e-07
4872	4.34746e-07
4873	5.62249e-07
4874	5.14904e-07
4875	5.46163e-07
4876	5.02132e-07
4877	5.58329e-07
4878	5.10922e-07
4879	5.41284e-07
4880	4.96023e-07
4881	5.4497e-07
4882	4.98456e-07
4883	5.61985e-07
4884	5.14634e-07
4885	5.61372e-07
4886	7.10569e-07
4887	6.5082e-07
4888	4.89599e-07
4889	7.47177e-07
4890	6.80519e-07
4891	5.02501e-07
4892	7.5982e-07
4893	6.93258e-07
4894	5.30591e-07
4895	7.91424e-07
4896	7.26253e-07
4897	5.91945e-07
4898	6.07738e-07
4899	6.18361e-07
4900	5.83093e-07
4901	5.5675e-07
4902	5.10056e-07
4903	4.71604e-07
4904	4.2985e-07
4905	5.47198e-07
4906	5.00989e-07
4907	5.16905e-07
4908	4.73258e-07
4909	5.32165e-07
4910	4.8721e-07
4911	5.21767e-07
4912	4.77989e-07
4913	5.28954e-07
4914	4.83531e-07
4915	5.30247e-07
4916	4.84948e-07
4917	5.2751e-07
4918	4.81952e-07
4919	5.32817e-07
4920	4.86753e-07
4921	5.37235e-07
4922	4.90765e-07
4923	5.38807e-07
4924	4.93711e-07
4925	5.37414e-07
4926	4.90798e-07
4927	5.44632e-07
4928	4.97272e-07
4929	5.51453e-07
4930	5.04885e-07
4931	5.47873e-07
4932	5.00952e-07
4933	5.47168e-07
4934	4.99969e-07
4935	5.58226e-07
4936	5.10467e-07
4937	5.6621e-07
4938	7.15889e-07
4939	6.55146e-07
4940	4.93989e-07
4941	7.49548e-07
4942	6.82586e-07
4943	5.17333e-07
4944	7.72072e-07
4945	7.03554e-07
4946	5.32791e-07
4947	7.84466e-07
4948	7.3536e-07
4949	6.17022e-07
4950	6.37963e-07
4951	6.29133e-07
4952	5.74448e-07
4953	5.5927e-07
4954	5.12636e-07
4955	4.87449e-07
4956	4.44931e-07
4957	5.51816e-07
4958	5.04292e-07
4959	5.14651e-07
4960	4.7107e-07
4961	5.44744e-07
4962	4.98003e-07
4963	5.3862e-07
4964	4.9321e-07
4965	5.27234e-07
4966	4.8102e-07
4967	5.33504e-07
4968	4.8742e-07
4969	5.47488e-07
4970	5.0134e-07
4971	5.43708e-07
4972	4.96417e-07
4973	5.35753e-07
4974	4.8947e-07
4975	5.43369e-07
4976	4.96656e-07
4977	5.54777e-07
4978	5.0737e-07
4979	5.49733e-07
4980	5.02397e-07
4981	5.44688e-07
4982	4.97449e-07
4983	5.59126e-07
4984	5.11421e-07
4985	5.64875e-07
4986	7.13309e-07
4987	6.52652e-07
4988	4.93034e-07
4989	7.5716e-07
4990	6.9021e-07
4991	5.17689e-07
4992	7.6958e-07
4993	7.14826e-07
4994	5.97121e-07
4995	6.18468e-07
4996	5.67004e-07
4997	5.08679e-07
4998	7.28802e-07
4999	6.66937e-07
5000	5.01918e-07
