5.0 209.048527458
10.0 131.089268097
15.0 47.6835323051
20.0 9.40367020339
25.0 -1.52413833475
30.0 -2.12618216525
35.0 -1.06131083051
40.0 -0.394668940678
45.0 -0.19154995339
50.0 -0.189651580508
55.0 -0.201756326271
60.0 -0.20202865678
65.0 -0.204078889831
70.0 -0.21096870339
75.0 -0.214532572034
80.0 -0.218571762712
85.0 -0.222006673729
90.0 -0.226112491525
95.0 -0.230503351695
100.0 -0.233766190678
105.0 -0.237473279661
110.0 -0.242021241525
115.0 -0.244948478814
120.0 -0.24870820339
125.0 -0.252014330508
130.0 -0.255457630932
135.0 -0.258572130508
140.0 -0.261489511441
145.0 -0.264554586441
150.0 -0.26727040678
155.0 -0.270003577119
160.0 -0.272711330085
165.0 -0.275275139407
170.0 -0.277871036441
175.0 -0.28048790678
180.0 -0.283109302966
185.0 -0.285770044492
190.0 -0.288483555932
195.0 -0.291252332627
200.0 -0.294114824153
205.0 -0.297083983475
210.0 -0.300124576271
215.0 -0.303195967797
220.0 -0.30686559322
225.0 -0.309837147034
230.0 -0.313323136441
235.0 -0.316760984322
240.0 -0.32042174661
245.0 -0.323872371186
250.0 -0.328031277542
255.0 -0.331984729237
260.0 -0.336101385169
265.0 -0.339828111864
270.0 -0.34382088178
275.0 -0.34732415339
280.0 -0.351247882203
285.0 -0.35539650339
290.0 -0.360157000847
295.0 -0.363754172881
300.0 -0.367213740678
305.0 -0.371447050424
310.0 -0.375705711441
315.0 -0.378874672881
320.0 -0.382715455508
325.0 -0.386091455508
330.0 -0.390382461864
335.0 -0.394507300424
340.0 -0.397586502119
345.0 -0.401487911864
350.0 -0.405267294492
355.0 -0.409260209746
360.0 -0.413327719492
365.0 -0.417592701271
370.0 -0.42096064661
375.0 -0.424491051271
380.0 -0.428168709322
385.0 -0.431758348729
390.0 -0.435167151271
395.0 -0.438365626271
400.0 -0.44124362161
405.0 -0.443795616102
410.0 -0.446319563136
415.0 -0.448504007203
420.0 -0.449960337288
425.0 -0.450746720339
430.0 -0.451291570763
435.0 -0.451394708898
440.0 -0.451045527119
445.0 -0.450136025847
450.0 -0.448479616525
455.0 -0.446579563559
460.0 -0.444133778814
465.0 -0.441227144492
470.0 -0.438076965254
475.0 -0.434528682203
480.0 -0.430956252542
485.0 -0.427210502542
490.0 -0.423396435169
495.0 -0.419652056356
500.0 -0.416013802542
505.0 -0.412558306356
510.0 -0.409351858898
515.0 -0.406414841102
520.0 -0.403814808475
525.0 -0.401575894068
530.0 -0.399744932627
535.0 -0.39832141822
540.0 -0.397336647034
545.0 -0.396778668644
550.0 -0.396656297881
555.0 -0.396944136441
560.0 -0.397674642797
565.0 -0.398730450424
570.0 -0.400207417797
575.0 -0.402023608898
580.0 -0.404152138559
585.0 -0.406589167797
590.0 -0.409327362712
595.0 -0.412220053814
600.0 -0.415286004237
605.0 -0.418635577542
610.0 -0.422099432203
615.0 -0.425725497881
620.0 -0.429451189831
625.0 -0.433226445763
630.0 -0.437106641525
635.0 -0.440886575424
640.0 -0.444936686441
645.0 -0.449014484746
650.0 -0.45285816822
655.0 -0.457044840678
660.0 -0.461090678814
665.0 -0.465196459746
670.0 -0.469171804237
675.0 -0.473200575
680.0 -0.477108655932
685.0 -0.481129781356
690.0 -0.485096149576
695.0 -0.488941974153
700.0 -0.492666952966
705.0 -0.496440023305
710.0 -0.500245491102
715.0 -0.503734551271
720.0 -0.50708609661
725.0 -0.510457308898
730.0 -0.513568555085
735.0 -0.516689329661
740.0 -0.519532719492
745.0 -0.522285166102
750.0 -0.524805995339
755.0 -0.52709653178
760.0 -0.529248234322
765.0 -0.531128119068
770.0 -0.532750948305
775.0 -0.534118115678
780.0 -0.535198585593
785.0 -0.535972170763
790.0 -0.536456944915
795.0 -0.536623802542
800.0 -0.536419652119
805.0 -0.535862042373
810.0 -0.535015231356
815.0 -0.533947216102
820.0 -0.532390477542
825.0 -0.530279552966
830.0 -0.528093869492
835.0 -0.525468458898
840.0 -0.522419198305
845.0 -0.519148904661
850.0 -0.515403542373
855.0 -0.511418160169
860.0 -0.507004770339
865.0 -0.502393817373
870.0 -0.497371419915
875.0 -0.492171471186
880.0 -0.486615182203
885.0 -0.480883117373
890.0 -0.474881587288
895.0 -0.468662418644
900.0 -0.461878010593
905.0 -0.455474308051
910.0 -0.449068069915
915.0 -0.442371034322
920.0 -0.435334999576
925.0 -0.428382369915
930.0 -0.42163940678
935.0 -0.414395008051
940.0 -0.407582313559
945.0 -0.400501503814
950.0 -0.393448953814
955.0 -0.386722997458
960.0 -0.379807839407
965.0 -0.372770962712
970.0 -0.366387705932
975.0 -0.359931240254
980.0 -0.353754297458
985.0 -0.347573199576
990.0 -0.341281452542
995.0 -0.33528247839
1000.0 -0.329501331356
1005.0 -0.323884565254
1010.0 -0.318403971186
1015.0 -0.31331095678
1020.0 -0.308046225847
1025.0 -0.302694066102
1030.0 -0.298152530932
1035.0 -0.293825389831
1040.0 -0.289777402542
1045.0 -0.285159754237
1050.0 -0.28149333178
1055.0 -0.277914293644
1060.0 -0.274490830508
1065.0 -0.270996219492
1070.0 -0.267284794492
1075.0 -0.26426444322
1080.0 -0.261327501271
1085.0 -0.258280111864
1090.0 -0.255954872458
1095.0 -0.253669886017
1100.0 -0.25118054322
1105.0 -0.248691867373
1110.0 -0.246575754237
1115.0 -0.244856982627
1120.0 -0.24313309661
1125.0 -0.241434244068
1130.0 -0.239706586441
1135.0 -0.238117824153
1140.0 -0.236757882627
1145.0 -0.235523095339
1150.0 -0.234487383898
1155.0 -0.233482117797
1160.0 -0.232520132203
1165.0 -0.231570141102
1170.0 -0.230705763559
1175.0 -0.230093274153
1180.0 -0.229489482627
1185.0 -0.228910087288
1190.0 -0.228445980508
1195.0 -0.228092800847
1200.0 -0.227771702966
1205.0 -0.227503466949
1210.0 -0.227319930085
1215.0 -0.227209272881
1220.0 -0.227152491525
1225.0 -0.227154143644
1230.0 -0.227210683898
1235.0 -0.227320657627
1240.0 -0.227481151695
1245.0 -0.227687658475
1250.0 -0.227941519492
1255.0 -0.228236666949
1260.0 -0.228575160169
1265.0 -0.228950890254
1270.0 -0.229376592797
1275.0 -0.229825654661
1280.0 -0.23026204322
1285.0 -0.230750997034
1290.0 -0.231320555085
1295.0 -0.231865923729
1300.0 -0.232468651695
1305.0 -0.233051443644
1310.0 -0.233686950424
1315.0 -0.234339570339
1320.0 -0.234975425424
1325.0 -0.235647404237
1330.0 -0.236294872458
1335.0 -0.236962251271
1340.0 -0.23764979322
1345.0 -0.238336547034
1350.0 -0.239029660593
1355.0 -0.239717722458
1360.0 -0.240407111017
1365.0 -0.241088588136
1370.0 -0.241767247458
1375.0 -0.242434752966
1380.0 -0.243095461864
1385.0 -0.243761435169
1390.0 -0.244426426271
1395.0 -0.245017806356
1400.0 -0.245652360169
1405.0 -0.246206461017
1410.0 -0.246800095339
1415.0 -0.24731804322
1420.0 -0.247866590678
1425.0 -0.248343582627
1430.0 -0.2488422
1435.0 -0.249274236864
1440.0 -0.249713885169
1445.0 -0.250100143644
1450.0 -0.250484748729
1455.0 -0.250819706356
1460.0 -0.2511451
1465.0 -0.251425652966
1470.0 -0.251680208051
1475.0 -0.25191028178
1480.0 -0.252107886017
1485.0 -0.252277013559
1490.0 -0.252414862288
1495.0 -0.252524685593
1500.0 -0.252598699153
1505.0 -0.252646332627
1510.0 -0.252662310593
1515.0 -0.252645544492
1520.0 -0.252603017797
1525.0 -0.252519049153
1530.0 -0.252415982627
1535.0 -0.252288929661
1540.0 -0.252134263559
1545.0 -0.251945301695
1550.0 -0.251724375847
1555.0 -0.251459955085
1560.0 -0.251177954237
1565.0 -0.250917859746
1570.0 -0.250579872881
1575.0 -0.25023955678
1580.0 -0.249866453814
1585.0 -0.249473549153
1590.0 -0.249046173729
1595.0 -0.248621754237
1600.0 -0.248160186864
1605.0 -0.247682777966
1610.0 -0.247177226271
1615.0 -0.246653322458
1620.0 -0.24613845339
1625.0 -0.245570216525
1630.0 -0.245012298305
1635.0 -0.244427234746
1640.0 -0.243835375847
1645.0 -0.243216663559
1650.0 -0.242579729661
1655.0 -0.241940338136
1660.0 -0.241299721186
1665.0 -0.240648044068
1670.0 -0.239966716102
1675.0 -0.239293902966
1680.0 -0.238587669915
1685.0 -0.237876436864
1690.0 -0.23715932839
1695.0 -0.236439131356
1700.0 -0.235731404237
1705.0 -0.234983479237
1710.0 -0.234239282627
1715.0 -0.233492542373
1720.0 -0.232741365254
1725.0 -0.231988530508
1730.0 -0.231228602119
1735.0 -0.230470729661
1740.0 -0.229703415254
1745.0 -0.228942710593
1750.0 -0.22817077161
1755.0 -0.22740884661
1760.0 -0.226634748305
1765.0 -0.225874357203
1770.0 -0.225112391102
1775.0 -0.224337175847
1780.0 -0.223570950424
1785.0 -0.222818248729
1790.0 -0.222055094492
1795.0 -0.221322242373
1800.0 -0.220549281356
1805.0 -0.219813190678
1810.0 -0.219080130508
1815.0 -0.218364448729
1820.0 -0.217641844492
1825.0 -0.216937338559
1830.0 -0.216247947881
1835.0 -0.215551058898
1840.0 -0.214881202966
1845.0 -0.214228668644
1850.0 -0.213546615254
1855.0 -0.212936359746
1860.0 -0.212312494492
1865.0 -0.211702486441
1870.0 -0.211099141525
1875.0 -0.210543661864
1880.0 -0.209970671186
1885.0 -0.209405947881
1890.0 -0.208891955085
1895.0 -0.208380577966
1900.0 -0.207899609746
1905.0 -0.207423825847
1910.0 -0.206905588559
1915.0 -0.206463575847
1920.0 -0.206022256356
1925.0 -0.205616306356
1930.0 -0.205219966525
1935.0 -0.204853588559
1940.0 -0.20445782161
1945.0 -0.204106914407
1950.0 -0.203752604661
1955.0 -0.203403267797
1960.0 -0.203127278814
1965.0 -0.202827186441
1970.0 -0.202541258898
1975.0 -0.202312477542
1980.0 -0.20202106822
1985.0 -0.201789155508
1990.0 -0.201601787288
1995.0 -0.201382633898
2000.0 -0.201156811864
2005.0 -0.200997744492
2010.0 -0.200851769068
2015.0 -0.200726524153
2020.0 -0.200536844492
2025.0 -0.200409058898
2030.0 -0.200327486017
2035.0 -0.200226911864
2040.0 -0.20014349322
2045.0 -0.200059242797
2050.0 -0.200010749576
2055.0 -0.199967861864
2060.0 -0.199918749153
2065.0 -0.199905829237
2070.0 -0.199878514831
2075.0 -0.199886066102
2080.0 -0.199892963559
2085.0 -0.199910057627
2090.0 -0.199932734746
2095.0 -0.199973142373
2100.0 -0.200017611017
2105.0 -0.200077011017
2110.0 -0.200140014831
2115.0 -0.200218364831
2120.0 -0.200299816949
2125.0 -0.200396056356
2130.0 -0.200483836017
2135.0 -0.200593986017
2140.0 -0.200709282203
2145.0 -0.200830627119
2150.0 -0.200957760593
2155.0 -0.201099030508
2160.0 -0.201224483051
2165.0 -0.201377630932
2170.0 -0.201534370339
2175.0 -0.201687357627
2180.0 -0.201849492373
2185.0 -0.202025711017
2190.0 -0.202178791949
2195.0 -0.20236277839
2200.0 -0.202548120339
2205.0 -0.202724660169
2210.0 -0.202913447458
2215.0 -0.20311525339
2220.0 -0.20328439322
2225.0 -0.203486127542
2230.0 -0.203687314831
2235.0 -0.203879654237
2240.0 -0.204085854237
2245.0 -0.204302401271
2250.0 -0.204478952542
2255.0 -0.204687757627
2260.0 -0.204894024576
2265.0 -0.205092502542
2270.0 -0.205304544915
2275.0 -0.205524094492
2280.0 -0.205701444915
2285.0 -0.205909099576
2290.0 -0.20611209661
2295.0 -0.206306584746
2300.0 -0.206513195763
2305.0 -0.206725236864
2310.0 -0.206896604237
2315.0 -0.207095519915
2320.0 -0.207287957203
2325.0 -0.207470357203
2330.0 -0.207662593644
2335.0 -0.207858477542
2340.0 -0.20803059661
2345.0 -0.208204751695
2350.0 -0.208372855508
2355.0 -0.208546763559
2360.0 -0.208707462712
2365.0 -0.208874766949
2370.0 -0.209028441949
2375.0 -0.209187277542
2380.0 -0.209332826695
2385.0 -0.209483107203
2390.0 -0.209620107203
2395.0 -0.209761450847
2400.0 -0.209889477542
2405.0 -0.210021586864
2410.0 -0.210140300424
2415.0 -0.21026287839
2420.0 -0.210372024153
2425.0 -0.210484858475
2430.0 -0.210584224153
2435.0 -0.210687187288
2440.0 -0.210776560169
2445.0 -0.210869524576
2450.0 -0.210948861441
2455.0 -0.211031741949
2460.0 -0.211100957203
2465.0 -0.211173838559
2470.0 -0.21123293178
2475.0 -0.211295770339
2480.0 -0.211344783898
2485.0 -0.21139770678
2490.0 -0.211436723729
2495.0 -0.211479857203
2500.0 -0.211509259322
2505.0 -0.211542900847
2510.0 -0.211564254237
2515.0 -0.211586410169
2520.0 -0.211596452966
2525.0 -0.211612166525
2530.0 -0.211611702119
2535.0 -0.211618217797
2540.0 -0.211609619915
2545.0 -0.211607826695
2550.0 -0.211591052542
2555.0 -0.211580484322
2560.0 -0.211555702119
2565.0 -0.211537079237
2570.0 -0.211504712712
2575.0 -0.211478288559
2580.0 -0.211438675847
2585.0 -0.211405044068
2590.0 -0.211358439407
2595.0 -0.21131815
2600.0 -0.211264892373
2605.0 -0.211218411017
2610.0 -0.211158923729
2615.0 -0.211106674153
2620.0 -0.211041423305
2625.0 -0.21098387161
2630.0 -0.210913280085
2635.0 -0.210850891949
2640.0 -0.210775468644
2645.0 -0.210708625
2650.0 -0.210628920339
2655.0 -0.210558087712
2660.0 -0.210474482627
2665.0 -0.210400169068
2670.0 -0.210313129661
2675.0 -0.210235758898
2680.0 -0.21014579322
2685.0 -0.210065789831
2690.0 -0.209973363559
2695.0 -0.209891192797
2700.0 -0.209796772458
2705.0 -0.209712858051
2710.0 -0.209616867797
2715.0 -0.209531633898
2720.0 -0.20943449661
2725.0 -0.209348366949
2730.0 -0.209250506356
2735.0 -0.209163905508
2740.0 -0.209065745339
2745.0 -0.208979011864
2750.0 -0.208880933898
2755.0 -0.208794491525
2760.0 -0.208696876695
2765.0 -0.208611065254
2770.0 -0.208514252119
2775.0 -0.208429411441
2780.0 -0.208333738983
2785.0 -0.208250250424
2790.0 -0.208156015254
2795.0 -0.208074133475
2800.0 -0.207981716949
2805.0 -0.207901654661
2810.0 -0.207811310593
2815.0 -0.20773345
2820.0 -0.207645389407
2825.0 -0.207570409746
2830.0 -0.207486326695
2835.0 -0.207410839407
2840.0 -0.207330480085
2845.0 -0.207258214407
2850.0 -0.20718115339
2855.0 -0.207111729661
2860.0 -0.207037416102
2865.0 -0.206971723729
2870.0 -0.206900201271
2875.0 -0.206838155508
2880.0 -0.206770017373
2885.0 -0.206711280085
2890.0 -0.206646907627
2895.0 -0.206591563559
2900.0 -0.206530957203
2905.0 -0.206479218644
2910.0 -0.206422294068
2915.0 -0.206374330508
2920.0 -0.206321088136
2925.0 -0.206276942373
2930.0 -0.206227466949
2935.0 -0.206187138983
2940.0 -0.206141430932
2945.0 -0.20610492161
2950.0 -0.206063065678
2955.0 -0.206030332627
2960.0 -0.205992244492
2965.0 -0.205963287712
2970.0 -0.205928967373
2975.0 -0.205903744915
2980.0 -0.205873108051
2985.0 -0.205851577966
2990.0 -0.205824582203
2995.0 -0.205806660169
3000.0 -0.205783263559
3005.0 -0.205768822034
3010.0 -0.205748939831
3015.0 -0.205737937712
3020.0 -0.2057214
3025.0 -0.205714302966
3030.0 -0.205702382627
3035.0 -0.205697537712
3040.0 -0.20568904661
3045.0 -0.205686201695
3050.0 -0.205678938559
3055.0 -0.205678683475
3060.0 -0.205674977966
3065.0 -0.205681215678
3070.0 -0.205675937712
3075.0 -0.205684219068
3080.0 -0.205684830085
3085.0 -0.205690149576
3090.0 -0.205696778814
3095.0 -0.205709267373
3100.0 -0.205713944068
3105.0 -0.205731526695
3110.0 -0.205738151271
3115.0 -0.205753411017
3120.0 -0.205763211864
3125.0 -0.205780810593
3130.0 -0.205792855932
3135.0 -0.205813641949
3140.0 -0.205823734322
3145.0 -0.205845292373
3150.0 -0.205862417797
3155.0 -0.205883094492
3160.0 -0.205904031356
3165.0 -0.205917342797
3170.0 -0.205938236864
3175.0 -0.205964310593
3180.0 -0.205983719068
3185.0 -0.206003361864
3190.0 -0.206023997881
3195.0 -0.206049070339
3200.0 -0.206062926695
3205.0 -0.206096905085
3210.0 -0.206118219915
3215.0 -0.206137710169
3220.0 -0.206165383475
3225.0 -0.206181572881
3230.0 -0.206211578814
3235.0 -0.206236077966
3240.0 -0.206247695763
3245.0 -0.20627914661
3250.0 -0.206298733051
3255.0 -0.206323154661
3260.0 -0.206348420763
3265.0 -0.206363438136
3270.0 -0.206385402542
3275.0 -0.2064161
3280.0 -0.206424337288
3285.0 -0.206454276695
3290.0 -0.206469336864
3295.0 -0.206495973729
3300.0 -0.206510613559
3305.0 -0.206534624576
3310.0 -0.206546426695
3315.0 -0.206569508898
3320.0 -0.206586779237
3325.0 -0.206605286441
3330.0 -0.20661870339
3335.0 -0.206637254237
3340.0 -0.206652198305
3345.0 -0.206669014407
3350.0 -0.206680188136
3355.0 -0.206696709322
3360.0 -0.206707842797
3365.0 -0.206721143644
3370.0 -0.206733085169
3375.0 -0.206743166102
3380.0 -0.206755533051
3385.0 -0.206764597881
3390.0 -0.206773235593
3395.0 -0.206782599576
3400.0 -0.206788483898
3405.0 -0.206798824153
3410.0 -0.206800851695
3415.0 -0.206809879661
3420.0 -0.2068114
3425.0 -0.206818861017
3430.0 -0.206818177966
3435.0 -0.206825046186
3440.0 -0.206823092797
3445.0 -0.206827588559
3450.0 -0.206823558898
3455.0 -0.206828647881
3460.0 -0.206823474576
3465.0 -0.206824454237
3470.0 -0.206817749576
3475.0 -0.206820638136
3480.0 -0.206812795339
3485.0 -0.206810556356
3490.0 -0.206800933051
3495.0 -0.20680182839
3500.0 -0.2067914
3505.0 -0.206786532627
3510.0 -0.206774027542
3515.0 -0.206772379661
3520.0 -0.206759874153
3525.0 -0.206752972034
3530.0 -0.206737669915
3535.0 -0.206733266525
3540.0 -0.206718768644
3545.0 -0.206710763559
3550.0 -0.206693045339
3555.0 -0.206685251271
3560.0 -0.206668887712
3565.0 -0.206660161017
3570.0 -0.206640534746
3575.0 -0.206629858051
3580.0 -0.206611459746
3585.0 -0.206602222458
3590.0 -0.206581154661
3595.0 -0.206568187712
3600.0 -0.20654788178
3605.0 -0.206537922458
3610.0 -0.206515878814
3615.0 -0.206501342373
3620.0 -0.20647912839
3625.0 -0.206468447034
3630.0 -0.206445893644
3635.0 -0.206430508475
3640.0 -0.206407064407
3645.0 -0.206395110169
3650.0 -0.206372004661
3655.0 -0.206356532627
3660.0 -0.206332240254
3665.0 -0.206319224576
3670.0 -0.206295736864
3675.0 -0.206280390254
3680.0 -0.206256011864
3685.0 -0.206241723305
3690.0 -0.20621785339
3695.0 -0.206203140254
3700.0 -0.206178634322
3705.0 -0.206164089407
3710.0 -0.206140176271
3715.0 -0.206125630932
3720.0 -0.206101463136
3725.0 -0.206086958898
3730.0 -0.2060633
3735.0 -0.206049049153
3740.0 -0.206025347458
3745.0 -0.206011434322
3750.0 -0.205988198729
3755.0 -0.205974327542
3760.0 -0.205951346186
3765.0 -0.205938024576
3770.0 -0.205915509746
3775.0 -0.20590235678
3780.0 -0.205880223729
3785.0 -0.205867535593
3790.0 -0.205845996186
3795.0 -0.205833603814
3800.0 -0.205812573729
3805.0 -0.2058009
3810.0 -0.205780210169
3815.0 -0.205768831356
3820.0 -0.205748905508
3825.0 -0.20573820339
3830.0 -0.205718745339
3835.0 -0.205708422034
3840.0 -0.205689728814
3845.0 -0.20567999661
3850.0 -0.205661857203
3855.0 -0.2056528
3860.0 -0.205635341102
3865.0 -0.205626620339
3870.0 -0.205609927542
3875.0 -0.205601966102
3880.0 -0.205585912288
3885.0 -0.20557837161
3890.0 -0.205563041949
3895.0 -0.20555621822
3900.0 -0.205541570339
3905.0 -0.205535209322
3910.0 -0.20552124322
3915.0 -0.205515684322
3920.0 -0.205502357203
3925.0 -0.205497134322
3930.0 -0.205484574153
3935.0 -0.205480111017
3940.0 -0.205468147881
3945.0 -0.205464105085
3950.0 -0.205452824153
3955.0 -0.205449455932
3960.0 -0.205438814831
3965.0 -0.205435866949
3970.0 -0.205425696186
3975.0 -0.20542355
3980.0 -0.205414104237
3985.0 -0.205412251695
3990.0 -0.205403572881
3995.0 -0.205402098729
4000.0 -0.205394059746
4005.0 -0.205393048305
4010.0 -0.205385480085
4015.0 -0.205384973729
4020.0 -0.205377876271
4025.0 -0.205377790254
4030.0 -0.205371163559
4035.0 -0.205371497881
4040.0 -0.205365341525
4045.0 -0.20536609661
4050.0 -0.205360283898
4055.0 -0.205361332203
4060.0 -0.205355947458
4065.0 -0.205357373729
4070.0 -0.205352375424
4075.0 -0.205354052542
4080.0 -0.205349355508
4085.0 -0.20535136822
4090.0 -0.205346972034
4095.0 -0.20534919322
4100.0 -0.205345098729
4105.0 -0.20534752839
4110.0 -0.205343734746
4115.0 -0.205346288136
4120.0 -0.205342711441
4125.0 -0.205345515678
4130.0 -0.205342070339
4135.0 -0.205344955932
4140.0 -0.205341769915
4145.0 -0.205344736441
4150.0 -0.205341682203
4155.0 -0.205344687712
4160.0 -0.205341765254
4165.0 -0.205344851695
4170.0 -0.205342018644
4175.0 -0.205345101695
4180.0 -0.205342358051
4185.0 -0.205345394915
4190.0 -0.205342698305
4195.0 -0.20534573178
4200.0 -0.205343039407
4205.0 -0.205346069915
4210.0 -0.205343338559
4215.0 -0.20534628178
4220.0 -0.205343511864
4225.0 -0.205346367797
4230.0 -0.205343558051
4235.0 -0.205346285169
4240.0 -0.205343392797
4245.0 -0.205346034322
4250.0 -0.205343016525
4255.0 -0.205345530508
4260.0 -0.205342386017
4265.0 -0.205344772881
4270.0 -0.205341502119
4275.0 -0.205343719492
4280.0 -0.205340279661
4285.0 -0.205342327542
4290.0 -0.20533871822
4295.0 -0.205340597458
4300.0 -0.205336818644
4305.0 -0.205338486017
4310.0 -0.205334495763
4315.0 -0.205335994068
4320.0 -0.205331791949
4325.0 -0.20533307839
4330.0 -0.20532870678
4335.0 -0.20532978178
4340.0 -0.205325198305
4345.0 -0.205326019068
4350.0 -0.205321223729
4355.0 -0.205321833051
4360.0 -0.205316825847
4365.0 -0.205317223305
4370.0 -0.205312004237
4375.0 -0.205312189831
4380.0 -0.205306716525
4385.0 -0.205306690254
4390.0 -0.205301005085
4395.0 -0.205300725
4400.0 -0.205294827542
4405.0 -0.205294377966
4410.0 -0.205288268644
4415.0 -0.205287564831
4420.0 -0.205281200847
4425.0 -0.205280369915
4430.0 -0.205273836441
4435.0 -0.205272751271
4440.0 -0.205266048305
4445.0 -0.205264751271
4450.0 -0.205257836017
4455.0 -0.205256369492
4460.0 -0.205249242373
4465.0 -0.205247606356
4470.0 -0.205240351695
4475.0 -0.205238503814
4480.0 -0.205231285593
4485.0 -0.205229011017
4490.0 -0.20522157161
4495.0 -0.205219359746
4500.0 -0.20521170678
4505.0 -0.205209452542
4510.0 -0.205201629237
4515.0 -0.205199205932
4520.0 -0.20519129661
4525.0 -0.20518874661
4530.0 -0.205180709322
4535.0 -0.205178074576
4540.0 -0.205169951695
4545.0 -0.205167232627
4550.0 -0.205158982203
4555.0 -0.205156177966
4560.0 -0.205147884746
4565.0 -0.205144996186
4570.0 -0.205136659746
4575.0 -0.205133686441
4580.0 -0.205125307627
4585.0 -0.205122291949
4590.0 -0.205113869915
4595.0 -0.205110811864
4600.0 -0.205102347034
4605.0 -0.205099247034
4610.0 -0.205090823729
4615.0 -0.205087681356
4620.0 -0.205079258051
4625.0 -0.205076115678
4630.0 -0.205067691949
4635.0 -0.20506455
4640.0 -0.205056167797
4645.0 -0.205053025847
4650.0 -0.205044685593
4655.0 -0.205041586441
4660.0 -0.205033288136
4665.0 -0.205030188983
4670.0 -0.205021932627
4675.0 -0.20501891822
4680.0 -0.205010746186
4685.0 -0.205007732203
4690.0 -0.204999601695
4695.0 -0.204996715678
4700.0 -0.204988711441
4705.0 -0.204985825847
4710.0 -0.204977905932
4715.0 -0.204975147458
4720.0 -0.204967311864
4725.0 -0.204964596186
4730.0 -0.204956886864
4735.0 -0.20495425678
4740.0 -0.204946716102
4745.0 -0.204944171186
4750.0 -0.204936714407
4755.0 -0.204934255085
4760.0 -0.204926924576
4765.0 -0.204924636017
4770.0 -0.204917430932
4775.0 -0.20491522839
4780.0 -0.204908149153
4785.0 -0.204906075
4790.0 -0.20489912161
4795.0 -0.204897133475
4800.0 -0.204890390254
4805.0 -0.204888488983
4810.0 -0.204881870339
4815.0 -0.204880141102
4820.0 -0.204873647034
4825.0 -0.204872005508
4830.0 -0.204865677966
4835.0 -0.204864166525
4840.0 -0.204858005508
4845.0 -0.204856624153
4850.0 -0.204850586864
4855.0 -0.204849336017
4860.0 -0.204843422881
4865.0 -0.204842259746
4870.0 -0.204836512712
4875.0 -0.204835522881
4880.0 -0.204829899576
4885.0 -0.204828997881
4890.0 -0.204823455932
4895.0 -0.204822727119
4900.0 -0.204817522034
4905.0 -0.204816750847
4910.0 -0.204811883475
4915.0 -0.204811497458
4920.0 -0.204806117797
4925.0 -0.204806074153
4930.0 -0.204801030085
4935.0 -0.204800736017
4940.0 -0.204796027542
4945.0 -0.20479582161
4950.0 -0.204791109746
4955.0 -0.204791119068
4960.0 -0.204786488983
4965.0 -0.204786544068
4970.0 -0.204782037712
4975.0 -0.204782223729
4980.0 -0.204777798729
4985.0 -0.204778030508
4990.0 -0.204773729237
4995.0 -0.204774049153
5000.0 -0.204769829237
5005.0 -0.204770195339
5010.0 -0.20476605678
5015.0 -0.204766511017
5020.0 -0.204762496186
5025.0 -0.20476299661
5030.0 -0.204759020763
5035.0 -0.204759609322
5040.0 -0.204755714831
5045.0 -0.204756391949
5050.0 -0.204752536017
5055.0 -0.204753259322
5060.0 -0.204749484746
5065.0 -0.204750254237
5070.0 -0.204746560593
5075.0 -0.204747333475
5080.0 -0.20474372161
5085.0 -0.204744583051
5090.0 -0.204740925
5095.0 -0.204741874576
5100.0 -0.204738297881
5105.0 -0.204739251271
5110.0 -0.204735713559
5115.0 -0.204736713136
5120.0 -0.204733213983
5125.0 -0.204734216949
5130.0 -0.204730799576
5135.0 -0.204731805932
5140.0 -0.204728385169
5145.0 -0.204729437288
5150.0 -0.204726055932
5155.0 -0.204727111017
5160.0 -0.204723727119
5165.0 -0.204724784322
5170.0 -0.204721440678
5175.0 -0.204722542373
5180.0 -0.204719197458
5185.0 -0.204720258051
5190.0 -0.204716954237
5195.0 -0.204718016102
5200.0 -0.204714711864
5205.0 -0.204715773729
5210.0 -0.204712469068
5215.0 -0.204713531356
5220.0 -0.204710226695
5225.0 -0.204711247034
5230.0 -0.204707942373
5235.0 -0.204708962288
5240.0 -0.204705657627
5245.0 -0.204706635593
5250.0 -0.204703330932
5255.0 -0.204704308898
5260.0 -0.204701004237
5265.0 -0.204701939831
5270.0 -0.204696729237
5275.0 -0.204700375
5280.0 -0.204696012288
5285.0 -0.204696438559
5290.0 -0.204693939407
5295.0 -0.204694875
5300.0 -0.204692798729
5305.0 -0.20469089661
5310.0 -0.204688733475
5315.0 -0.204689882627
5320.0 -0.204687169915
5325.0 -0.20468594661
5330.0 -0.204684165678
5335.0 -0.204683618644
5340.0 -0.20468111822
5345.0 -0.20468099661
5350.0 -0.204677436441
5355.0 -0.204678969492
5360.0 -0.204674727966
5365.0 -0.204675410169
5370.0 -0.204672698305
5375.0 -0.204672023305
5380.0 -0.204669524153
5385.0 -0.204669866949
5390.0 -0.204666094915
5395.0 -0.204666311441
5400.0 -0.204662413559
5405.0 -0.204664111017
5410.0 -0.204659364831
5415.0 -0.204661361017
5420.0 -0.204657038136
5425.0 -0.204656660169
5430.0 -0.204653270339
5435.0 -0.204655518644
5440.0 -0.204649247458
5445.0 -0.204650692797
5450.0 -0.204648022034
5455.0 -0.204648704661
5460.0 -0.204642813559
5465.0 -0.204644172881
5470.0 -0.204640104661
5475.0 -0.204640954661
5480.0 -0.204638752119
5485.0 -0.204636848305
5490.0 -0.2046335
5495.0 -0.20463363178
5500.0 -0.204630917797
5505.0 -0.204630794492
5510.0 -0.204627267373
5515.0 -0.204629241102
5520.0 -0.204621516102
5525.0 -0.204625130508
5530.0 -0.204620295339
5535.0 -0.204618482627
5540.0 -0.204618138983
5545.0 -0.204617002119
5550.0 -0.204613313559
5555.0 -0.204613359746
5560.0 -0.204609672458
5565.0 -0.204609636864
5570.0 -0.204606413136
5575.0 -0.204605397034
5580.0 -0.204603451271
5585.0 -0.204601372881
5590.0 -0.204599766949
5595.0 -0.204599509322
5600.0 -0.204594810593
5605.0 -0.204597182203
5610.0 -0.204590830508
5615.0 -0.204593623729
5620.0 -0.204587483475
5625.0 -0.204590661441
5630.0 -0.204585579661
5635.0 -0.204586722034
5640.0 -0.204582742373
5645.0 -0.204583121186
5650.0 -0.204579566102
5655.0 -0.204579516949
5660.0 -0.204576390678
5665.0 -0.20457519661
5670.0 -0.204573889831
5675.0 -0.204573040254
5680.0 -0.204569230508
5685.0 -0.204570328814
5690.0 -0.204566647458
5695.0 -0.204566682203
5700.0 -0.20456465678
5705.0 -0.204562361441
5710.0 -0.204562751271
5715.0 -0.204559904661
5720.0 -0.20455915
5725.0 -0.204556388559
5730.0 -0.204556863136
5735.0 -0.204554397881
5740.0 -0.204553177542
5745.0 -0.204550712288
5750.0 -0.204551525847
5755.0 -0.204548933051
5760.0 -0.204547755508
5765.0 -0.204545377542
5770.0 -0.204545299153
5775.0 -0.204544615254
5780.0 -0.204541020339
5785.0 -0.204543808051
5790.0 -0.204538563983
5795.0 -0.20454397839
5800.0 -0.204534200424
5805.0 -0.204542324153
5810.0 -0.204535091949
5815.0 -0.204536391949
5820.0 -0.204532294915
5825.0 -0.204534064831
5830.0 -0.204530388559
5835.0 -0.204533047881
5840.0 -0.204528227542
5845.0 -0.204529787288
5850.0 -0.204527382203
5855.0 -0.204528895763
5860.0 -0.204525179661
5865.0 -0.204526990678
5870.0 -0.204523907627
5875.0 -0.204524660593
5880.0 -0.204522340678
5885.0 -0.204523264407
5890.0 -0.204519840254
5895.0 -0.20452093178
5900.0 -0.204518570763
5905.0 -0.204517839831
5910.0 -0.204517512712
5915.0 -0.204515470339
5920.0 -0.204516032627
5925.0 -0.204514317373
5930.0 -0.204516326271
5935.0 -0.204512209322
5940.0 -0.204513663136
5945.0 -0.204512719492
5950.0 -0.204510442797
5955.0 -0.204510377966
5960.0 -0.204510951271
5965.0 -0.204508685593
5970.0 -0.204510274576
5975.0 -0.204508525
5980.0 -0.204507734746
5985.0 -0.20450834661
5990.0 -0.204505827119
5995.0 -0.204507886864
6000.0 -0.204504003814
6005.0 -0.204506779661
6010.0 -0.204502692373
6015.0 -0.204505722034
6020.0 -0.204503105085
6025.0 -0.20450377161
6030.0 -0.204500955932
6035.0 -0.204501992373
6040.0 -0.204500319492
6045.0 -0.204500427542
6050.0 -0.204500617373
6055.0 -0.204498858051
6060.0 -0.204499802542
6065.0 -0.204498648305
6070.0 -0.204497654237
6075.0 -0.204498225
6080.0 -0.204497187288
6085.0 -0.204497251271
6090.0 -0.204495451695
6095.0 -0.204495641949
6100.0 -0.204494815678
6105.0 -0.204495473729
6110.0 -0.204493334746
6115.0 -0.204494211441
6120.0 -0.204492451271
6125.0 -0.204493743644
6130.0 -0.204491683898
6135.0 -0.204492041949
6140.0 -0.204491433898
6145.0 -0.204490645763
6150.0 -0.204490838983
6155.0 -0.204491632203
6160.0 -0.204489611441
6165.0 -0.204489164831
6170.0 -0.204489314831
6175.0 -0.204489715678
6180.0 -0.20448914661
6185.0 -0.204488796186
6190.0 -0.204485839831
6195.0 -0.204488869915
6200.0 -0.204486647034
6205.0 -0.204487219915
6210.0 -0.204484783051
6215.0 -0.204486626271
6220.0 -0.204485250847
6225.0 -0.204485610593
6230.0 -0.20448516822
6235.0 -0.204484678814
6240.0 -0.204484194492
6245.0 -0.204484352542
6250.0 -0.204483391102
6255.0 -0.20448307161
6260.0 -0.204482712288
6265.0 -0.204484130932
6270.0 -0.204481866102
6275.0 -0.204480953814
6280.0 -0.204481357627
6285.0 -0.204482184746
6290.0 -0.204479700424
6295.0 -0.204481633051
6300.0 -0.204479410169
6305.0 -0.20448019322
6310.0 -0.204479417373
6315.0 -0.204479857203
6320.0 -0.204478480508
6325.0 -0.204477992373
6330.0 -0.204479498729
6335.0 -0.204478504237
6340.0 -0.204476448729
6345.0 -0.204478885593
6350.0 -0.204477382203
6355.0 -0.204476811017
6360.0 -0.204476155932
6365.0 -0.204477832203
6370.0 -0.204474630508
6375.0 -0.204476601695
6380.0 -0.204475434746
6385.0 -0.204476739407
6390.0 -0.204473022881
6395.0 -0.204475754661
6400.0 -0.204474507203
6405.0 -0.204472539407
6410.0 -0.204473664831
6415.0 -0.204473680932
6420.0 -0.204472983051
6425.0 -0.204472579661
6430.0 -0.204471881356
6435.0 -0.204473641949
6440.0 -0.204470230508
6445.0 -0.204472968644
6450.0 -0.204470351271
6455.0 -0.204470636441
6460.0 -0.204469342373
6465.0 -0.204471613136
6470.0 -0.2044698
6475.0 -0.204469743644
6480.0 -0.204470062288
6485.0 -0.204468985169
6490.0 -0.204467943644
6495.0 -0.204468476695
6500.0 -0.204467819068
6505.0 -0.204468141102
6510.0 -0.204465448729
6515.0 -0.204466533898
6520.0 -0.204466252119
6525.0 -0.204467769915
6530.0 -0.204464898305
6535.0 -0.204463775424
6540.0 -0.204464601271
6545.0 -0.204465220763
6550.0 -0.204464254661
6555.0 -0.204464968644
6560.0 -0.204461638559
6565.0 -0.204462723305
6570.0 -0.204462402542
6575.0 -0.204463740678
6580.0 -0.204461672881
6585.0 -0.204461621186
6590.0 -0.204460752966
6595.0 -0.204460523305
6600.0 -0.204460244492
6605.0 -0.204460561017
6610.0 -0.204459013136
6615.0 -0.204460183051
6620.0 -0.204457700847
6625.0 -0.204460108475
6630.0 -0.204456942373
6635.0 -0.204457178814
6640.0 -0.204456560593
6645.0 -0.204456847881
6650.0 -0.204457366949
6655.0 -0.204455990254
6660.0 -0.204455507627
6665.0 -0.204455227542
6670.0 -0.204454059746
6675.0 -0.204455566525
6680.0 -0.204453214407
6685.0 -0.204454300847
6690.0 -0.204451809746
6695.0 -0.204452226695
6700.0 -0.204451002966
6705.0 -0.204451929661
6710.0 -0.204450961441
6715.0 -0.204451548305
6720.0 -0.204449362288
6725.0 -0.204450234746
6730.0 -0.204449741949
6735.0 -0.204449941525
6740.0 -0.204448467373
6745.0 -0.204448749576
6750.0 -0.204447708475
6755.0 -0.204448713136
6760.0 -0.20444627161
6765.0 -0.204446585593
6770.0 -0.204445508898
6775.0 -0.204446890254
6780.0 -0.204444146186
6785.0 -0.204446080932
6790.0 -0.204444367797
6795.0 -0.204444429237
6800.0 -0.204443810593
6805.0 -0.204443423305
6810.0 -0.204442630932
6815.0 -0.204442611441
6820.0 -0.204442038136
6825.0 -0.204442571186
6830.0 -0.20444012839
6835.0 -0.204442110169
6840.0 -0.204439788983
6845.0 -0.204440544068
6850.0 -0.204439113136
6855.0 -0.204439215678
6860.0 -0.204438725847
6865.0 -0.204438332203
6870.0 -0.204437757627
6875.0 -0.204438122034
6880.0 -0.204437839407
6885.0 -0.204437694915
6890.0 -0.204436262712
6895.0 -0.204436801695
6900.0 -0.204437759746
6905.0 -0.204436727542
6910.0 -0.204433475847
6915.0 -0.204436435593
6920.0 -0.204433265254
6925.0 -0.204434783898
6930.0 -0.204433438983
6935.0 -0.204432958051
6940.0 -0.204433094068
6945.0 -0.204433372034
6950.0 -0.204432037288
6955.0 -0.204432359322
6960.0 -0.204432333898
6965.0 -0.204432665254
6970.0 -0.204430635593
6975.0 -0.204432114407
6980.0 -0.204430594492
6985.0 -0.204431351271
6990.0 -0.204430127542
6995.0 -0.204430631356
7000.0 -0.204429323729
7005.0 -0.20443029322
7010.0 -0.204428351695
7015.0 -0.204428975424
7020.0 -0.204428398729
7025.0 -0.204429061017
7030.0 -0.204427551271
7035.0 -0.204427572458
7040.0 -0.204426828814
7045.0 -0.204427191102
7050.0 -0.204426991525
7055.0 -0.204427194492
7060.0 -0.204425333898
7065.0 -0.204427274153
7070.0 -0.204425549153
7075.0 -0.204426469492
7080.0 -0.204425423729
7085.0 -0.20442540678
7090.0 -0.204424913983
7095.0 -0.204425449153
7100.0 -0.204424786864
7105.0 -0.204425365254
7110.0 -0.204424024153
7115.0 -0.204424644068
7120.0 -0.204424157203
7125.0 -0.204424434322
7130.0 -0.204423818644
7135.0 -0.204423975847
7140.0 -0.204422755932
7145.0 -0.204423551271
7150.0 -0.204423010593
7155.0 -0.204423720339
7160.0 -0.204422757203
7165.0 -0.204422916102
7170.0 -0.204422248305
7175.0 -0.204422492797
7180.0 -0.204421994492
7185.0 -0.20442266822
7190.0 -0.20442165678
7195.0 -0.204422202119
7200.0 -0.204420686017
7205.0 -0.204421563983
7210.0 -0.204420473729
7215.0 -0.204421860593
7220.0 -0.204420767373
7225.0 -0.204421694915
7230.0 -0.204420258898
7235.0 -0.204420847458
7240.0 -0.204419542373
7245.0 -0.204420632627
7250.0 -0.204419542373
7255.0 -0.204420548729
7260.0 -0.204419542373
7265.0 -0.204420167373
7270.0 -0.204419330932
7275.0 -0.204419870763
7280.0 -0.204418907203
7285.0 -0.204419659322
7290.0 -0.20441865339
7295.0 -0.204419532203
7300.0 -0.204418314831
7305.0 -0.204419235593
7310.0 -0.20441801822
7315.0 -0.20441927839
7320.0 -0.204417763983
7325.0 -0.204418939831
7330.0 -0.204417467797
7335.0 -0.20441864322
7340.0 -0.204417341102
7345.0 -0.204418474153
7350.0 -0.204417298729
7355.0 -0.204418177966
7360.0 -0.204417087288
7365.0 -0.204417838983
7370.0 -0.204417045339
7375.0 -0.204417669915
7380.0 -0.204417169492
7385.0 -0.204417451271
7390.0 -0.204416569068
7395.0 -0.204417113136
7400.0 -0.204416282203
7405.0 -0.204417164831
7410.0 -0.204416198729
7415.0 -0.204416732627
7420.0 -0.204415681356
7425.0 -0.204416224153
7430.0 -0.204415690254
7435.0 -0.204416530085
7440.0 -0.204415945339
7445.0 -0.204416310169
7450.0 -0.204415300847
7455.0 -0.204415758898
7460.0 -0.20441492839
7465.0 -0.204415852966
7470.0 -0.204415141102
7475.0 -0.204415336017
7480.0 -0.204414758898
7485.0 -0.204415599153
7490.0 -0.204414930508
7495.0 -0.204415336441
7500.0 -0.204414327966
7505.0 -0.20441482839
7510.0 -0.204414463983
7515.0 -0.204414954661
7520.0 -0.204413905508
7525.0 -0.204414320339
7530.0 -0.204413701271
7535.0 -0.204414584322
7540.0 -0.204413608898
7545.0 -0.20441419322
7550.0 -0.204413278814
7555.0 -0.204414161441
7560.0 -0.204413321186
7565.0 -0.204413983051
7570.0 -0.204413016102
7575.0 -0.204413864407
7580.0 -0.204413152966
7585.0 -0.204413517373
7590.0 -0.20441255
7595.0 -0.204413094068
7600.0 -0.204412305508
7605.0 -0.204413264407
7610.0 -0.204412169068
7615.0 -0.20441262839
7620.0 -0.204411882203
7625.0 -0.20441272161
7630.0 -0.204412137288
7635.0 -0.204412544068
7640.0 -0.204411492797
7645.0 -0.20441246822
7650.0 -0.204411672034
7655.0 -0.204412290254
7660.0 -0.204411196186
7665.0 -0.204411613136
7670.0 -0.204410823729
7675.0 -0.204411655932
7680.0 -0.204410687712
7685.0 -0.20441123178
7690.0 -0.204410570763
7695.0 -0.204411494492
7700.0 -0.204410655932
7705.0 -0.204411147458
7710.0 -0.204410019068
7715.0 -0.20441090339
7720.0 -0.204410274576
7725.0 -0.20441068178
7730.0 -0.204409716102
7735.0 -0.204410130932
7740.0 -0.204409427542
7745.0 -0.204410428814
7750.0 -0.204409333475
7755.0 -0.204409792797
7760.0 -0.204409004661
7765.0 -0.204409843644
7770.0 -0.204409216525
7775.0 -0.204409666102
7780.0 -0.204408622458
7785.0 -0.204409548729
7790.0 -0.204408750847
7795.0 -0.204409327119
7800.0 -0.204408234322
7805.0 -0.204408691525
7810.0 -0.204407988136
7815.0 -0.204408904661
7820.0 -0.204407936441
7825.0 -0.204408268644
7830.0 -0.204407480085
7835.0 -0.204408404237
7840.0 -0.204407735169
7845.0 -0.204408396186
7850.0 -0.204407225
7855.0 -0.204408151695
7860.0 -0.204407480508
7865.0 -0.204407802966
7870.0 -0.204406709746
7875.0 -0.204407040254
7880.0 -0.204406590678
7885.0 -0.204407685169
7890.0 -0.204406972881
7895.0 -0.204407295339
7900.0 -0.20440608178
7905.0 -0.204407050424
7910.0 -0.204406463983
7915.0 -0.204406955932
7920.0 -0.204405905508
7925.0 -0.204406150847
7930.0 -0.204405532203
7935.0 -0.204406541525
7940.0 -0.204406125847
7945.0 -0.204406660169
7950.0 -0.204405354237
7955.0 -0.204405515678
7960.0 -0.204404769492
7965.0 -0.204406110169
7970.0 -0.20440526822
7975.0 -0.204405855085
7980.0 -0.204404770339
7985.0 -0.204405439407
7990.0 -0.204404812712
7995.0 -0.204405600847
8000.0 -0.204404591949
8005.0 -0.20440505
8010.0 -0.204404049576
8015.0 -0.204405101271
8020.0 -0.204404601271
8025.0 -0.204405262288
8030.0 -0.20440395678
8035.0 -0.204404245339
8040.0 -0.204403583898
8045.0 -0.204404804661
8050.0 -0.204404304661
8055.0 -0.204404669492
8060.0 -0.204403406356
8065.0 -0.204403736864
8070.0 -0.204403414407
8075.0 -0.204404465678
8080.0 -0.204403880932
8085.0 -0.204404119068
8090.0 -0.204402982627
8095.0 -0.204403397881
8100.0 -0.204402778814
8105.0 -0.204404000424
8110.0 -0.204403458051
8115.0 -0.204403949576
8120.0 -0.204402516102
8125.0 -0.20440293178
8130.0 -0.204402482627
8135.0 -0.204403873305
8140.0 -0.204403033898
8145.0 -0.20440327161
8150.0 -0.204401965678
8155.0 -0.204402974576
8160.0 -0.204402440678
8165.0 -0.204403237712
8170.0 -0.204402016949
8175.0 -0.204402890254
8180.0 -0.204403877966
8185.0 -0.204402632627
8190.0 -0.204400950847
8195.0 -0.204402935169
8200.0 -0.204401244915
8205.0 -0.204401961017
8210.0 -0.204402232627
8215.0 -0.204402811864
8220.0 -0.204401640678
8225.0 -0.204402770339
8230.0 -0.204400788559
8235.0 -0.204402515678
8240.0 -0.204401636441
8245.0 -0.204402812288
8250.0 -0.204401591102
8255.0 -0.204402341102
8260.0 -0.204401505508
8265.0 -0.204402082203
8270.0 -0.204402017797
8275.0 -0.204401912712
8280.0 -0.204400994492
8285.0 -0.204401783898
8290.0 -0.204400654661
8295.0 -0.204402170763
8300.0 -0.204401121186
8305.0 -0.204402127966
8310.0 -0.204400274576
8315.0 -0.204401325847
8320.0 -0.204400270763
8325.0 -0.204401283475
8330.0 -0.204401126271
8335.0 -0.204401538559
8340.0 -0.204400623305
8345.0 -0.204401026271
8350.0 -0.204400622881
8355.0 -0.204401033051
8360.0 -0.204400879237
8365.0 -0.204402008475
8370.0 -0.204400026695
8375.0 -0.20440120339
8380.0 -0.204400450424
8385.0 -0.204401753814
8390.0 -0.204400532627
8395.0 -0.204401968644
8400.0 -0.204400744492
8405.0 -0.204400605085
8410.0 -0.204400319915
8415.0 -0.204401241102
8420.0 -0.204400489831
8425.0 -0.204401277966
8430.0 -0.204401298729
8435.0 -0.204400727119
8440.0 -0.204399724153
8445.0 -0.204400937288
8450.0 -0.204400275
8455.0 -0.20440076822
8460.0 -0.204400019915
8465.0 -0.20440157839
8470.0 -0.204399427542
8475.0 -0.204400815254
8480.0 -0.204399724153
8485.0 -0.204400225
8490.0 -0.204399434746
8495.0 -0.204400740678
8500.0 -0.204400239407
8505.0 -0.204400943644
8510.0 -0.204399807203
8515.0 -0.204400095339
8520.0 -0.204399772881
8525.0 -0.204400782203
8530.0 -0.20440028178
8535.0 -0.204400307627
8540.0 -0.204399213983
8545.0 -0.204399968644
8550.0 -0.204399730932
8555.0 -0.204400866949
8560.0 -0.204399773729
8565.0 -0.204400223729
8570.0 -0.204399214407
8575.0 -0.204400307627
8580.0 -0.204399688559
8585.0 -0.204400443644
8590.0 -0.204399308051
8595.0 -0.204400011864
8600.0 -0.204399511441
8605.0 -0.204400307627
8610.0 -0.204399095763
8615.0 -0.204399766102
8620.0 -0.204399477966
8625.0 -0.204400944068
8630.0 -0.204399680085
8635.0 -0.204399375847
8640.0 -0.204398333475
8645.0 -0.204400063136
8650.0 -0.204400282627
8655.0 -0.204400520339
8660.0 -0.20439870678
8665.0 -0.204398825847
8670.0 -0.204399095763
8675.0 -0.204400655932
8680.0 -0.204399816949
8685.0 -0.204399377542
8690.0 -0.20439836822
8695.0 -0.204399587712
8700.0 -0.204399434746
8705.0 -0.204400148305
8710.0 -0.204398970339
8715.0 -0.204399716102
8720.0 -0.204398833051
8725.0 -0.204399587712
8730.0 -0.204398630932
8735.0 -0.204399852542
8740.0 -0.204399097034
8745.0 -0.204399800424
8750.0 -0.204398452542
8755.0 -0.204399292373
8760.0 -0.204398588983
8765.0 -0.204399682203
8770.0 -0.204398842373
8775.0 -0.204399631356
8780.0 -0.204398877119
8785.0 -0.204399377119
8790.0 -0.204398291525
8795.0 -0.204398919492
8800.0 -0.20439884322
8805.0 -0.204399970763
8810.0 -0.204398961864
8815.0 -0.204398614407
8820.0 -0.204397613983
8825.0 -0.20439913178
8830.0 -0.20439939322
8835.0 -0.204399849576
8840.0 -0.204398289831
8845.0 -0.204399506356
8850.0 -0.204398967373
8855.0 -0.204398780508
8860.0 -0.204398328814
8865.0 -0.204399838983
8870.0 -0.20439765
8875.0 -0.204398702119
8880.0 -0.204397986864
8885.0 -0.204398744492
8890.0 -0.204398036441
8895.0 -0.204398830085
8900.0 -0.204398253814
8905.0 -0.204398063136
8910.0 -0.204397830085
8915.0 -0.204398791102
8920.0 -0.20439812839
8925.0 -0.204399342373
8930.0 -0.204397741949
8935.0 -0.204398876271
8940.0 -0.204397318644
8945.0 -0.204399214407
8950.0 -0.204398544492
8955.0 -0.204399133475
8960.0 -0.204397951271
8965.0 -0.204398794492
8970.0 -0.20439807839
8975.0 -0.204398277966
8980.0 -0.204397437712
8985.0 -0.204398319068
8990.0 -0.204397869068
8995.0 -0.204398921186
9000.0 -0.204397911864
9005.0 -0.204398572881
9010.0 -0.204397563983
9015.0 -0.204398318644
9020.0 -0.204397657203
9025.0 -0.204398454661
9030.0 -0.204397742373
9035.0 -0.204398276695
9040.0 -0.20439752161
9045.0 -0.204398276271
9050.0 -0.204397488136
9055.0 -0.204398370339
9060.0 -0.204397488559
9065.0 -0.204398488559
9070.0 -0.20439752161
9075.0 -0.204398318644
9080.0 -0.20439710678
9085.0 -0.204397988983
9090.0 -0.20439740339
9095.0 -0.204398573305
9100.0 -0.204397733898
9105.0 -0.204397937712
9110.0 -0.204396937288
9115.0 -0.204397819068
9120.0 -0.204397827119
9125.0 -0.204398573729
9130.0 -0.204397437712
9135.0 -0.204397302119
9140.0 -0.204396640254
9145.0 -0.204398073305
9150.0 -0.20439808178
9155.0 -0.204398447034
9160.0 -0.204396717373
9165.0 -0.204397132203
9170.0 -0.204397106356
9175.0 -0.204398793644
9180.0 -0.204397785593
9185.0 -0.204397684322
9190.0 -0.204396335169
9195.0 -0.204397555932
9200.0 -0.204397572881
9205.0 -0.204398413136
9210.0 -0.204395666102
9215.0 -0.204397900847
9220.0 -0.204398333475
9225.0 -0.204397934322
9230.0 -0.204396168644
9235.0 -0.204398060593
9240.0 -0.204396718644
9245.0 -0.204396923305
9250.0 -0.204397491949
9255.0 -0.204397387288
9260.0 -0.204396262712
9265.0 -0.204398241525
9270.0 -0.204396725847
9275.0 -0.204398029237
9280.0 -0.204397274153
9285.0 -0.204397855085
9290.0 -0.204396891949
9295.0 -0.204397680085
9300.0 -0.204397743644
9305.0 -0.204397595339
9310.0 -0.204396761864
9315.0 -0.204397678814
9320.0 -0.204396337712
9325.0 -0.20439785339
9330.0 -0.204396761441
9335.0 -0.204397728814
9340.0 -0.204396038559
9345.0 -0.204397008475
9350.0 -0.204396766525
9355.0 -0.204397686864
9360.0 -0.204396808475
9365.0 -0.204397221186
9370.0 -0.204396560169
9375.0 -0.204396666102
9380.0 -0.204396729237
9385.0 -0.204397647881
9390.0 -0.20439744661
9395.0 -0.204397556356
9400.0 -0.204396590678
9405.0 -0.204397090254
9410.0 -0.204396725424
9415.0 -0.204397777542
9420.0 -0.204396811441
9425.0 -0.204397260593
9430.0 -0.204396166525
9435.0 -0.204397047881
9440.0 -0.204396810593
9445.0 -0.204397862712
9450.0 -0.204397108051
9455.0 -0.204397091102
9460.0 -0.204396166525
9465.0 -0.204397048305
9470.0 -0.204396895339
9475.0 -0.204397777542
9480.0 -0.204396641949
9485.0 -0.204397133475
9490.0 -0.204396166525
9495.0 -0.204397514407
9500.0 -0.204396726271
9505.0 -0.204397650424
9510.0 -0.204396260169
9515.0 -0.204397344915
9520.0 -0.204396590254
9525.0 -0.204397514831
9530.0 -0.204396217797
9535.0 -0.204396930085
9540.0 -0.20439655678
9545.0 -0.204397769068
9550.0 -0.20439705678
9555.0 -0.204396879237
9560.0 -0.204395793644
9565.0 -0.204396844915
9570.0 -0.204397361864
9575.0 -0.204398023729
9580.0 -0.204396591102
9585.0 -0.204396200847
9590.0 -0.204395920339
9595.0 -0.204397852966
9600.0 -0.204396814407
9605.0 -0.204396673729
9610.0 -0.204397232203
9615.0 -0.204397602119
9620.0 -0.204395751695
9625.0 -0.204398287712
9630.0 -0.204397020763
9635.0 -0.204396790678
9640.0 -0.204395957627
9645.0 -0.204397297881
9650.0 -0.204396295763
9655.0 -0.204396966525
9660.0 -0.204396597458
9665.0 -0.204396670763
9670.0 -0.204395924576
9675.0 -0.204397266949
9680.0 -0.204396223305
9685.0 -0.204397648729
9690.0 -0.204396430085
9695.0 -0.204397140678
9700.0 -0.204396469492
9705.0 -0.204397651271
9710.0 -0.204397232203
9715.0 -0.204397008475
9720.0 -0.204396596186
9725.0 -0.204397221186
9730.0 -0.204396511441
9735.0 -0.204397553814
9740.0 -0.204396981356
9745.0 -0.204397426695
9750.0 -0.204395915254
9755.0 -0.204397170763
9760.0 -0.204396168644
9765.0 -0.204397133475
9770.0 -0.204396126695
9775.0 -0.204397302542
9780.0 -0.20439629661
9785.0 -0.204396330932
9790.0 -0.204396048729
9795.0 -0.204397058475
9800.0 -0.204396727119
9805.0 -0.204397388559
9810.0 -0.204396167373
9815.0 -0.204396794492
9820.0 -0.204396133051
9825.0 -0.204397311864
9830.0 -0.204396854237
9835.0 -0.204397134322
9840.0 -0.204395997458
9845.0 -0.204396327966
9850.0 -0.204396387288
9855.0 -0.204397566525
9860.0 -0.204397066102
9865.0 -0.204396922458
9870.0 -0.204395658475
9875.0 -0.204396540254
9880.0 -0.204396472034
9885.0 -0.204397777966
9890.0 -0.204396557627
9895.0 -0.204396794915
9900.0 -0.204395658475
9905.0 -0.204396964407
9910.0 -0.204396641949
9915.0 -0.204397439407
9920.0 -0.204396133898
9925.0 -0.204396667797
9930.0 -0.204396166949
9935.0 -0.204397260593
9940.0 -0.204396345339
9945.0 -0.204396761441
9950.0 -0.204396091102
9955.0 -0.204397430508
9960.0 -0.20439680339
9965.0 -0.204397007203
9970.0 -0.204395370763
9975.0 -0.204395903814
9980.0 -0.204397196186
9985.0 -0.20439726822
9990.0 -0.204396173305
9995.0 -0.204397475847
10000.0 -0.204396218644
