5.0 4.77589830508
10.0 3.4058970339
15.0 1.31406779661
20.0 0.326624745763
25.0 0.146021228814
30.0 0.203269237288
35.0 0.26076809322
40.0 0.277427033898
45.0 0.274446483051
50.0 0.271542245763
55.0 0.272126398305
60.0 0.274319957627
65.0 0.275432415254
70.0 0.276606059322
75.0 0.278031440678
80.0 0.279514152542
85.0 0.281153601695
90.0 0.282829957627
95.0 0.284595889831
100.0 0.286164194915
105.0 0.287740508475
110.0 0.289603771186
115.0 0.291107415254
120.0 0.292712372881
125.0 0.294222161017
130.0 0.295815889831
135.0 0.297272881356
140.0 0.298615508475
145.0 0.299994449153
150.0 0.301283389831
155.0 0.302499661017
160.0 0.303676991525
165.0 0.304784152542
170.0 0.305810762712
175.0 0.306767923729
180.0 0.307661398305
185.0 0.308472881356
190.0 0.309201355932
195.0 0.309852457627
200.0 0.310420635593
205.0 0.310911737288
210.0 0.311334322034
215.0 0.311670889831
220.0 0.311972330508
225.0 0.31212529661
230.0 0.312241059322
235.0 0.312267711864
240.0 0.312233305085
245.0 0.31211279661
250.0 0.311938813559
255.0 0.311679279661
260.0 0.311349237288
265.0 0.310974364407
270.0 0.310553644068
275.0 0.310074661017
280.0 0.309593389831
285.0 0.30910220339
290.0 0.308544322034
295.0 0.30796720339
300.0 0.307451271186
305.0 0.306946186441
310.0 0.306400127119
315.0 0.305874915254
320.0 0.305408813559
325.0 0.304993983051
330.0 0.304569237288
335.0 0.304133220339
340.0 0.30373970339
345.0 0.303399322034
350.0 0.303072330508
355.0 0.302728601695
360.0 0.302379110169
365.0 0.302030932203
370.0 0.301688135593
375.0 0.301337838983
380.0 0.300971355932
385.0 0.300583474576
390.0 0.300169025424
395.0 0.299726779661
400.0 0.299275635593
405.0 0.29879809322
410.0 0.298219491525
415.0 0.297594872881
420.0 0.296990084746
425.0 0.29640029661
430.0 0.295730508475
435.0 0.295003474576
440.0 0.294168601695
445.0 0.293265550847
450.0 0.292463898305
455.0 0.291531144068
460.0 0.290493855932
465.0 0.289502245763
470.0 0.288359872881
475.0 0.287205550847
480.0 0.285941991525
485.0 0.284553008475
490.0 0.283059661017
495.0 0.281471228814
500.0 0.279763262712
505.0 0.277933262712
510.0 0.275975084746
515.0 0.273894576271
520.0 0.271683008475
525.0 0.269346822034
530.0 0.266879279661
535.0 0.264289025424
540.0 0.261572372881
545.0 0.258741355932
550.0 0.255794830508
555.0 0.252742838983
560.0 0.249563855932
565.0 0.246312033898
570.0 0.242996822034
575.0 0.239587923729
580.0 0.236090466102
585.0 0.232494025424
590.0 0.228803220339
595.0 0.225139237288
600.0 0.22143029661
605.0 0.217599830508
610.0 0.213753220339
615.0 0.209839872881
620.0 0.205888644068
625.0 0.201921016949
630.0 0.197897245763
635.0 0.193987457627
640.0 0.189824915254
645.0 0.185633008475
650.0 0.181638771186
655.0 0.177299618644
660.0 0.173077372881
665.0 0.168742966102
670.0 0.164498559322
675.0 0.160148728814
680.0 0.155881101695
685.0 0.151418601695
690.0 0.146940677966
695.0 0.142502372881
700.0 0.138137584746
705.0 0.133599533898
710.0 0.12890470339
715.0 0.124491398305
720.0 0.120103813559
725.0 0.115562457627
730.0 0.111199025424
735.0 0.1066375
740.0 0.102292245763
745.0 0.0978278389831
750.0 0.093453220339
755.0 0.0892215254237
760.0 0.0848765254237
765.0 0.0806692372881
770.0 0.0766240677966
775.0 0.0725950847458
780.0 0.0686908050847
785.0 0.0648631779661
790.0 0.0611363983051
795.0 0.0575340254237
800.0 0.0539691949153
805.0 0.0505468220339
810.0 0.0472947457627
815.0 0.0443111440678
820.0 0.0414066355932
825.0 0.038504940678
830.0 0.0359130805085
835.0 0.0335054533898
840.0 0.0311857161017
845.0 0.0290634279661
850.0 0.0270490932203
855.0 0.0252377457627
860.0 0.0235458432203
865.0 0.0220430974576
870.0 0.0206692033898
875.0 0.0194681737288
880.0 0.0183964872881
885.0 0.0174822754237
890.0 0.0166981101695
895.0 0.0160528050847
900.0 0.0155299576271
905.0 0.0151407457627
910.0 0.0148516779661
915.0 0.0146801228814
920.0 0.0146171737288
925.0 0.0146517838983
930.0 0.0147533559322
935.0 0.0149772118644
940.0 0.0152422415254
945.0 0.0156055635593
950.0 0.0160344745763
955.0 0.0165009957627
960.0 0.0170390762712
965.0 0.0176563050847
970.0 0.0182555974576
975.0 0.0189122966102
980.0 0.0195785254237
985.0 0.0202858983051
990.0 0.0210548432203
995.0 0.0218341398305
1000.0 0.0226170932203
1005.0 0.0234161737288
1010.0 0.0242278305085
1015.0 0.0250175423729
1020.0 0.0258573305085
1025.0 0.0267635508475
1030.0 0.0275631483051
1035.0 0.0283629067797
1040.0 0.0291203940678
1045.0 0.0300210084746
1050.0 0.0307688008475
1055.0 0.0315269872881
1060.0 0.0322713474576
1065.0 0.0330606991525
1070.0 0.0339269745763
1075.0 0.0346780762712
1080.0 0.0354261483051
1085.0 0.0362261525424
1090.0 0.0368710084746
1095.0 0.0375210805085
1100.0 0.0382433601695
1105.0 0.0389996398305
1110.0 0.0396824279661
1115.0 0.0402643813559
1120.0 0.0408525042373
1125.0 0.0414539915254
1130.0 0.0420909576271
1135.0 0.0427082627119
1140.0 0.0432657627119
1145.0 0.0437969491525
1150.0 0.0442683050847
1155.0 0.0447437711864
1160.0 0.0452168644068
1165.0 0.0457074152542
1170.0 0.046178559322
1175.0 0.0465537711864
1180.0 0.0469369491525
1185.0 0.0473321610169
1190.0 0.0476809745763
1195.0 0.0479879661017
1200.0 0.0482985169492
1205.0 0.0485927542373
1210.0 0.0488499152542
1215.0 0.0490818220339
1220.0 0.0492936864407
1225.0 0.0494816525424
1230.0 0.0496470338983
1235.0 0.0497896186441
1240.0 0.0499100423729
1245.0 0.0500081779661
1250.0 0.0500841525424
1255.0 0.0501381779661
1260.0 0.0501701694915
1265.0 0.0501813983051
1270.0 0.0501694067797
1275.0 0.0501344491525
1280.0 0.0500855932203
1285.0 0.0500198728814
1290.0 0.0499266101695
1295.0 0.0498166525424
1300.0 0.0496833050847
1305.0 0.0495404237288
1310.0 0.0493733050847
1315.0 0.0491874576271
1320.0 0.0489946610169
1325.0 0.0487786440678
1330.0 0.0485588135593
1335.0 0.0483219491525
1340.0 0.0480669067797
1345.0 0.0477997881356
1350.0 0.0475193644068
1355.0 0.047229279661
1360.0 0.0469275423729
1365.0 0.0466174576271
1370.0 0.0462973728814
1375.0 0.0459704661017
1380.0 0.0456352118644
1385.0 0.0452848728814
1390.0 0.0449219491525
1395.0 0.0445840254237
1400.0 0.0442113983051
1405.0 0.0438700423729
1410.0 0.0434924576271
1415.0 0.0431469067797
1420.0 0.042766779661
1425.0 0.04242
1430.0 0.0420405042373
1435.0 0.0416952415254
1440.0 0.0413245720339
1445.0 0.0409806144068
1450.0 0.0406145042373
1455.0 0.0402763940678
1460.0 0.0399190211864
1465.0 0.0395904237288
1470.0 0.03926325
1475.0 0.0389308983051
1480.0 0.0386084788136
1485.0 0.038287279661
1490.0 0.0379803813559
1495.0 0.0376825932203
1500.0 0.0373886652542
1505.0 0.0371070635593
1510.0 0.0368353305085
1515.0 0.036569190678
1520.0 0.0363173008475
1525.0 0.0360664957627
1530.0 0.0358348771186
1535.0 0.0356143262712
1540.0 0.0354059237288
1545.0 0.0352041737288
1550.0 0.0350121186441
1555.0 0.0348268728814
1560.0 0.0346561440678
1565.0 0.0345068347458
1570.0 0.0343581271186
1575.0 0.0342250254237
1580.0 0.0341018347458
1585.0 0.0339897584746
1590.0 0.0338887330508
1595.0 0.0338001864407
1600.0 0.0337222076271
1605.0 0.0336548050847
1610.0 0.0335989449153
1615.0 0.0335538644068
1620.0 0.0335195508475
1625.0 0.0334957669492
1630.0 0.0334822033898
1635.0 0.033478809322
1640.0 0.0334842711864
1645.0 0.0335006398305
1650.0 0.0335281779661
1655.0 0.0335634364407
1660.0 0.0336065974576
1665.0 0.033657779661
1670.0 0.0337205720339
1675.0 0.0337888559322
1680.0 0.0338695169492
1685.0 0.0339571355932
1690.0 0.0340529745763
1695.0 0.0341552372881
1700.0 0.0342619661017
1705.0 0.0343813813559
1710.0 0.0345061355932
1715.0 0.0346373686441
1720.0 0.0347753177966
1725.0 0.0349194279661
1730.0 0.0350702542373
1735.0 0.0352265338983
1740.0 0.0353899745763
1745.0 0.035557779661
1750.0 0.0357331186441
1755.0 0.0359118898305
1760.0 0.0360984491525
1765.0 0.0362870466102
1770.0 0.0364807627119
1775.0 0.036684029661
1780.0 0.0368902711864
1785.0 0.0370970084746
1790.0 0.0373116355932
1795.0 0.0375236440678
1800.0 0.0377511949153
1805.0 0.0379739194915
1810.0 0.0382001440678
1815.0 0.0384266440678
1820.0 0.0386592033898
1825.0 0.0388908644068
1830.0 0.039122440678
1835.0 0.0393626694915
1840.0 0.0395975254237
1845.0 0.0398318940678
1850.0 0.0400814194915
1855.0 0.0403109449153
1860.0 0.0405493559322
1865.0 0.0407882457627
1870.0 0.0410291398305
1875.0 0.0412565084746
1880.0 0.0414957288136
1885.0 0.0417384322034
1890.0 0.0419640550847
1895.0 0.0421937457627
1900.0 0.0424144491525
1905.0 0.0426386864407
1910.0 0.0428864830508
1915.0 0.0431066949153
1920.0 0.0433303389831
1925.0 0.0435430084746
1930.0 0.0437545762712
1935.0 0.0439579237288
1940.0 0.0441798305085
1945.0 0.0443849576271
1950.0 0.0445959745763
1955.0 0.044811440678
1960.0 0.0449894491525
1965.0 0.0451878813559
1970.0 0.045381440678
1975.0 0.0455487711864
1980.0 0.0457569067797
1985.0 0.0459352118644
1990.0 0.0460901694915
1995.0 0.0462706355932
2000.0 0.0464602542373
2005.0 0.0466125423729
2010.0 0.0467591949153
2015.0 0.0468949576271
2020.0 0.0470879661017
2025.0 0.0472340677966
2030.0 0.0473562711864
2035.0 0.0474977118644
2040.0 0.0476251271186
2045.0 0.0477636864407
2050.0 0.047873559322
2055.0 0.0479905084746
2060.0 0.0481133474576
2065.0 0.0482116101695
2070.0 0.0483299576271
2075.0 0.0484143644068
2080.0 0.0485105932203
2085.0 0.0486056779661
2090.0 0.0486887288136
2095.0 0.0487747033898
2100.0 0.0488383898305
2105.0 0.0489091101695
2110.0 0.0489798728814
2115.0 0.0490337711864
2120.0 0.0490926271186
2125.0 0.0491455932203
2130.0 0.0491883050847
2135.0 0.0492324152542
2140.0 0.0492736016949
2145.0 0.0493002118644
2150.0 0.0493296186441
2155.0 0.0493540254237
2160.0 0.0493738135593
2165.0 0.0493902118644
2170.0 0.0494030084746
2175.0 0.0494069067797
2180.0 0.0494109322034
2185.0 0.0494097457627
2190.0 0.0494072457627
2195.0 0.0493983898305
2200.0 0.0493863559322
2205.0 0.0493705508475
2210.0 0.0493518644068
2215.0 0.0493279237288
2220.0 0.0493066525424
2225.0 0.0492771610169
2230.0 0.0492449576271
2235.0 0.0492118220339
2240.0 0.0491733050847
2245.0 0.0491302118644
2250.0 0.049094279661
2255.0 0.049048940678
2260.0 0.0490011864407
2265.0 0.0489538559322
2270.0 0.0488998305085
2275.0 0.0488424152542
2280.0 0.0487952966102
2285.0 0.0487380084746
2290.0 0.0486788559322
2295.0 0.0486216525424
2300.0 0.0485573305085
2305.0 0.0484905932203
2310.0 0.0484355084746
2315.0 0.0483700847458
2320.0 0.0483036016949
2325.0 0.0482409322034
2330.0 0.048171059322
2335.0 0.0480996610169
2340.0 0.048034279661
2345.0 0.047968559322
2350.0 0.0479022457627
2355.0 0.0478332627119
2360.0 0.0477663135593
2365.0 0.0476974152542
2370.0 0.0476303813559
2375.0 0.0475621186441
2380.0 0.0474957627119
2385.0 0.0474283050847
2390.0 0.0473629237288
2395.0 0.0472966525424
2400.0 0.0472325847458
2405.0 0.0471678389831
2410.0 0.0471053813559
2415.0 0.0470424576271
2420.0 0.0469818644068
2425.0 0.046921059322
2430.0 0.0468626694915
2435.0 0.0468041949153
2440.0 0.0467482627119
2445.0 0.0466923305085
2450.0 0.0466390677966
2455.0 0.0465859322034
2460.0 0.0465355084746
2465.0 0.0464853389831
2470.0 0.0464380084746
2475.0 0.0463909745763
2480.0 0.0463468220339
2485.0 0.0463030508475
2490.0 0.0462622881356
2495.0 0.0462219067797
2500.0 0.0461847881356
2505.0 0.0461461016949
2510.0 0.0461140254237
2515.0 0.0460781779661
2520.0 0.0460468644068
2525.0 0.0460216101695
2530.0 0.0459944491525
2535.0 0.0459696186441
2540.0 0.0459450423729
2545.0 0.0459236016949
2550.0 0.0459040677966
2555.0 0.0458856355932
2560.0 0.0458701694915
2565.0 0.0458552118644
2570.0 0.0458434322034
2575.0 0.0458321186441
2580.0 0.045823940678
2585.0 0.0458161864407
2590.0 0.0458116525424
2595.0 0.0458073305085
2600.0 0.0458063559322
2605.0 0.0458053813559
2610.0 0.0458078389831
2615.0 0.0458101694915
2620.0 0.0458159745763
2625.0 0.045821440678
2630.0 0.0458305508475
2635.0 0.0458390254237
2640.0 0.0458512288136
2645.0 0.0458626694915
2650.0 0.0458778389831
2655.0 0.0458920338983
2660.0 0.0459100423729
2665.0 0.0459269067797
2670.0 0.0459475847458
2675.0 0.0459669491525
2680.0 0.0459901271186
2685.0 0.0460118644068
2690.0 0.0460373728814
2695.0 0.0460612711864
2700.0 0.0460889830508
2705.0 0.0461148728814
2710.0 0.0461445762712
2715.0 0.0461723305085
2720.0 0.0462038559322
2725.0 0.0462333050847
2730.0 0.0462664830508
2735.0 0.0462974152542
2740.0 0.0463320338983
2745.0 0.0463643220339
2750.0 0.0464002542373
2755.0 0.0464336440678
2760.0 0.046470720339
2765.0 0.0465050847458
2770.0 0.0465430508475
2775.0 0.0465782627119
2780.0 0.0466170338983
2785.0 0.0466528389831
2790.0 0.0466922033898
2795.0 0.0467284745763
2800.0 0.0467682627119
2805.0 0.0468048728814
2810.0 0.0468449152542
2815.0 0.0468816525424
2820.0 0.0469218220339
2825.0 0.0469583474576
2830.0 0.0469983474576
2835.0 0.0470353389831
2840.0 0.0470750423729
2845.0 0.0471118220339
2850.0 0.0471505508475
2855.0 0.0471874152542
2860.0 0.0472255932203
2865.0 0.047261779661
2870.0 0.0472995338983
2875.0 0.0473349576271
2880.0 0.0473720338983
2885.0 0.0474066949153
2890.0 0.0474428813559
2895.0 0.0474767372881
2900.0 0.0475119915254
2905.0 0.0475448728814
2910.0 0.0475790677966
2915.0 0.0476108898305
2920.0 0.0476440254237
2925.0 0.0476746610169
2930.0 0.0477066525424
2935.0 0.047736059322
2940.0 0.047766779661
2945.0 0.0477949152542
2950.0 0.0478243220339
2955.0 0.0478511440678
2960.0 0.0478791525424
2965.0 0.0479045762712
2970.0 0.0479311864407
2975.0 0.0479552118644
2980.0 0.0479803813559
2985.0 0.0480028813559
2990.0 0.0480266101695
2995.0 0.0480476271186
3000.0 0.0480698305085
3005.0 0.0480893644068
3010.0 0.0481100847458
3015.0 0.0481280932203
3020.0 0.0481472457627
3025.0 0.0481628813559
3030.0 0.0481810169492
3035.0 0.0481944915254
3040.0 0.0482104661017
3045.0 0.0482255508475
3050.0 0.0482407627119
3055.0 0.0482522881356
3060.0 0.0482661016949
3065.0 0.048276779661
3070.0 0.0482874576271
3075.0 0.0482987288136
3080.0 0.0483066101695
3085.0 0.0483163559322
3090.0 0.0483255508475
3095.0 0.0483306355932
3100.0 0.0483378813559
3105.0 0.0483419491525
3110.0 0.0483499576271
3115.0 0.0483534745763
3120.0 0.0483579237288
3125.0 0.04836
3130.0 0.0483652966102
3135.0 0.0483657627119
3140.0 0.0483688559322
3145.0 0.0483684745763
3150.0 0.0483703389831
3155.0 0.0483695762712
3160.0 0.0483693644068
3165.0 0.0483698728814
3170.0 0.0483684745763
3175.0 0.0483651694915
3180.0 0.0483637288136
3185.0 0.048361440678
3190.0 0.0483587711864
3195.0 0.0483544915254
3200.0 0.0483529661017
3205.0 0.0483465677966
3210.0 0.048341779661
3215.0 0.0483385169492
3220.0 0.0483319915254
3225.0 0.0483288135593
3230.0 0.0483209322034
3235.0 0.048315
3240.0 0.0483122457627
3245.0 0.0483037711864
3250.0 0.0482976694915
3255.0 0.0482911440678
3260.0 0.0482831779661
3265.0 0.0482786016949
3270.0 0.0482708050847
3275.0 0.0482621610169
3280.0 0.0482586016949
3285.0 0.048248559322
3290.0 0.048243220339
3295.0 0.0482343644068
3300.0 0.0482271610169
3305.0 0.0482191525424
3310.0 0.048213940678
3315.0 0.048206059322
3320.0 0.0481972457627
3325.0 0.0481905084746
3330.0 0.048184279661
3335.0 0.0481773728814
3340.0 0.0481687711864
3345.0 0.0481622033898
3350.0 0.0481562288136
3355.0 0.0481483474576
3360.0 0.0481430084746
3365.0 0.0481354237288
3370.0 0.0481302542373
3375.0 0.0481230932203
3380.0 0.0481181355932
3385.0 0.048111779661
3390.0 0.048106779661
3395.0 0.0481010169492
3400.0 0.0480960169492
3405.0 0.0480905084746
3410.0 0.0480868644068
3415.0 0.0480816949153
3420.0 0.0480777542373
3425.0 0.0480731779661
3430.0 0.0480703813559
3435.0 0.0480661440678
3440.0 0.0480634322034
3445.0 0.0480596610169
3450.0 0.0480580508475
3455.0 0.0480546186441
3460.0 0.0480531779661
3465.0 0.0480506355932
3470.0 0.0480499576271
3475.0 0.0480475423729
3480.0 0.0480472881356
3485.0 0.0480459745763
3490.0 0.0480463983051
3495.0 0.0480449152542
3500.0 0.0480458474576
3505.0 0.048045720339
3510.0 0.0480473728814
3515.0 0.0480469491525
3520.0 0.0480489830508
3525.0 0.0480499152542
3530.0 0.0480527966102
3535.0 0.0480535169492
3540.0 0.0480565677966
3545.0 0.0480583898305
3550.0 0.0480625
3555.0 0.0480645338983
3560.0 0.0480686016949
3565.0 0.0480711440678
3570.0 0.0480763135593
3575.0 0.0480796610169
3580.0 0.0480847457627
3585.0 0.0480879237288
3590.0 0.0480940677966
3595.0 0.0480985169492
3600.0 0.0481046186441
3605.0 0.0481084745763
3610.0 0.0481153389831
3615.0 0.0481207627119
3620.0 0.0481279661017
3625.0 0.0481324152542
3630.0 0.0481399152542
3635.0 0.0481460169492
3640.0 0.0481540677966
3645.0 0.048159279661
3650.0 0.0481673728814
3655.0 0.048173940678
3660.0 0.0481826694915
3665.0 0.0481886016949
3670.0 0.0481972033898
3675.0 0.0482041101695
3680.0 0.048213220339
3685.0 0.0482199576271
3690.0 0.0482290677966
3695.0 0.0482361016949
3700.0 0.0482456355932
3705.0 0.0482527542373
3710.0 0.0482622033898
3715.0 0.0482694915254
3720.0 0.0482792372881
3725.0 0.0482866525424
3730.0 0.0482963135593
3735.0 0.0483038135593
3740.0 0.0483136440678
3745.0 0.0483211016949
3750.0 0.0483309322034
3755.0 0.0483385169492
3760.0 0.0483483898305
3765.0 0.0483558474576
3770.0 0.0483656779661
3775.0 0.0483731779661
3780.0 0.0483829661017
3785.0 0.0483903389831
3790.0 0.0484001271186
3795.0 0.0484075
3800.0 0.0484170762712
3805.0 0.048424279661
3810.0 0.0484338135593
3815.0 0.0484410169492
3820.0 0.0484503389831
3825.0 0.0484573305085
3830.0 0.0484665254237
3835.0 0.0484734322034
3840.0 0.0484824152542
3845.0 0.0484891525424
3850.0 0.0484979237288
3855.0 0.0485044067797
3860.0 0.0485130084746
3865.0 0.0485194067797
3870.0 0.0485277118644
3875.0 0.0485338135593
3880.0 0.0485419491525
3885.0 0.0485478813559
3890.0 0.048555720339
3895.0 0.0485613983051
3900.0 0.0485689830508
3905.0 0.0485745338983
3910.0 0.0485817372881
3915.0 0.0485869491525
3920.0 0.0485939830508
3925.0 0.0485990254237
3930.0 0.0486056779661
3935.0 0.0486104237288
3940.0 0.0486168220339
3945.0 0.0486213559322
3950.0 0.0486274576271
3955.0 0.0486316525424
3960.0 0.0486375
3965.0 0.0486413983051
3970.0 0.0486468220339
3975.0 0.0486505508475
3980.0 0.0486556779661
3985.0 0.0486591525424
3990.0 0.0486640254237
3995.0 0.0486672033898
4000.0 0.048671779661
4005.0 0.0486747033898
4010.0 0.0486790254237
4015.0 0.0486816949153
4020.0 0.048685720339
4025.0 0.0486881355932
4030.0 0.0486919067797
4035.0 0.0486941101695
4040.0 0.0486975847458
4045.0 0.0486995338983
4050.0 0.0487027966102
4055.0 0.0487044915254
4060.0 0.0487075
4065.0 0.0487089830508
4070.0 0.048711779661
4075.0 0.0487130508475
4080.0 0.0487155932203
4085.0 0.0487166525424
4090.0 0.0487189830508
4095.0 0.0487198728814
4100.0 0.0487219915254
4105.0 0.0487227118644
4110.0 0.0487246186441
4115.0 0.0487251694915
4120.0 0.0487269067797
4125.0 0.0487272881356
4130.0 0.0487288559322
4135.0 0.0487291101695
4140.0 0.0487305084746
4145.0 0.0487305932203
4150.0 0.0487318644068
4155.0 0.0487318644068
4160.0 0.0487329661017
4165.0 0.0487328389831
4170.0 0.0487338135593
4175.0 0.0487336016949
4180.0 0.0487344915254
4185.0 0.0487341949153
4190.0 0.0487349576271
4195.0 0.0487345762712
4200.0 0.0487352542373
4205.0 0.0487348305085
4210.0 0.0487354661017
4215.0 0.0487349576271
4220.0 0.0487355084746
4225.0 0.048735
4230.0 0.0487355084746
4235.0 0.0487349576271
4240.0 0.0487354237288
4245.0 0.0487348305085
4250.0 0.0487352542373
4255.0 0.0487347033898
4260.0 0.0487351271186
4265.0 0.0487345338983
4270.0 0.0487349576271
4275.0 0.0487343644068
4280.0 0.0487347881356
4285.0 0.0487341949153
4290.0 0.0487346610169
4295.0 0.0487341101695
4300.0 0.0487345762712
4305.0 0.0487340677966
4310.0 0.0487345762712
4315.0 0.0487340677966
4320.0 0.0487346186441
4325.0 0.0487341949153
4330.0 0.0487347881356
4335.0 0.0487344067797
4340.0 0.0487350423729
4345.0 0.0487347033898
4350.0 0.0487354237288
4355.0 0.0487351271186
4360.0 0.0487358898305
4365.0 0.048735720339
4370.0 0.0487365254237
4375.0 0.0487363983051
4380.0 0.0487373305085
4385.0 0.0487372457627
4390.0 0.0487382627119
4395.0 0.0487382627119
4400.0 0.0487393220339
4405.0 0.0487394491525
4410.0 0.0487405932203
4415.0 0.0487407627119
4420.0 0.0487419915254
4425.0 0.0487422457627
4430.0 0.0487436016949
4435.0 0.0487438983051
4440.0 0.0487453389831
4445.0 0.0487457627119
4450.0 0.0487472457627
4455.0 0.0487477542373
4460.0 0.0487493644068
4465.0 0.0487499152542
4470.0 0.0487516101695
4475.0 0.0487522881356
4480.0 0.0487539830508
4485.0 0.0487547881356
4490.0 0.0487565677966
4495.0 0.0487574576271
4500.0 0.0487593220339
4505.0 0.0487602542373
4510.0 0.0487622457627
4515.0 0.048763220339
4520.0 0.0487652542373
4525.0 0.0487663135593
4530.0 0.0487684745763
4535.0 0.0487695762712
4540.0 0.048771779661
4545.0 0.0487730084746
4550.0 0.0487752542373
4555.0 0.0487765254237
4560.0 0.0487788559322
4565.0 0.0487801694915
4570.0 0.0487825423729
4575.0 0.048783940678
4580.0 0.0487863559322
4585.0 0.0487877966102
4590.0 0.0487902966102
4595.0 0.0487917372881
4600.0 0.048794279661
4605.0 0.0487958050847
4610.0 0.0487983474576
4615.0 0.0487999152542
4620.0 0.0488025
4625.0 0.0488040677966
4630.0 0.0488067372881
4635.0 0.0488083050847
4640.0 0.0488109745763
4645.0 0.0488125847458
4650.0 0.0488152542373
4655.0 0.0488169067797
4660.0 0.0488195762712
4665.0 0.0488212288136
4670.0 0.048823940678
4675.0 0.0488255932203
4680.0 0.0488283050847
4685.0 0.0488299576271
4690.0 0.0488326271186
4695.0 0.0488343220339
4700.0 0.0488369915254
4705.0 0.0488386440678
4710.0 0.0488413135593
4715.0 0.0488429661017
4720.0 0.0488455932203
4725.0 0.0488472457627
4730.0 0.0488498728814
4735.0 0.0488514830508
4740.0 0.0488540677966
4745.0 0.0488556779661
4750.0 0.0488582627119
4755.0 0.0488598305085
4760.0 0.0488623728814
4765.0 0.0488638983051
4770.0 0.0488663983051
4775.0 0.0488679237288
4780.0 0.0488703813559
4785.0 0.0488718644068
4790.0 0.048874279661
4795.0 0.048875720339
4800.0 0.0488780932203
4805.0 0.0488795338983
4810.0 0.0488818220339
4815.0 0.048883220339
4820.0 0.0488855084746
4825.0 0.0488868220339
4830.0 0.0488890254237
4835.0 0.0488903389831
4840.0 0.0488925
4845.0 0.0488937288136
4850.0 0.0488958474576
4855.0 0.0488970338983
4860.0 0.0488991101695
4865.0 0.0489002542373
4870.0 0.0489022457627
4875.0 0.0489033474576
4880.0 0.0489052966102
4885.0 0.0489063559322
4890.0 0.048908220339
4895.0 0.0489092372881
4900.0 0.0489110169492
4905.0 0.0489118644068
4910.0 0.048913559322
4915.0 0.0489144067797
4920.0 0.0489161440678
4925.0 0.0489169067797
4930.0 0.048918559322
4935.0 0.0489193220339
4940.0 0.0489208898305
4945.0 0.0489216101695
4950.0 0.0489231355932
4955.0 0.0489238135593
4960.0 0.0489252542373
4965.0 0.0489258898305
4970.0 0.0489272881356
4975.0 0.0489278389831
4980.0 0.0489291949153
4985.0 0.0489297457627
4990.0 0.048931059322
4995.0 0.0489315254237
5000.0 0.0489327542373
5005.0 0.0489331779661
5010.0 0.0489344067797
5015.0 0.0489347881356
5020.0 0.0489359745763
5025.0 0.0489363135593
5030.0 0.0489374152542
5035.0 0.0489377118644
5040.0 0.0489387711864
5045.0 0.0489390677966
5050.0 0.0489400847458
5055.0 0.0489402966102
5060.0 0.0489413135593
5065.0 0.0489414830508
5070.0 0.0489424576271
5075.0 0.0489426271186
5080.0 0.0489435169492
5085.0 0.0489436440678
5090.0 0.0489445338983
5095.0 0.0489446186441
5100.0 0.0489454661017
5105.0 0.0489455084746
5110.0 0.0489463559322
5115.0 0.0489463983051
5120.0 0.0489471610169
5125.0 0.0489472033898
5130.0 0.0489479661017
5135.0 0.0489479661017
5140.0 0.0489486864407
5145.0 0.0489486440678
5150.0 0.0489493644068
5155.0 0.0489493220339
5160.0 0.04895
5165.0 0.0489499576271
5170.0 0.0489506355932
5175.0 0.0489505508475
5180.0 0.0489512288136
5185.0 0.0489511440678
5190.0 0.048951779661
5195.0 0.0489516949153
5200.0 0.0489522881356
5205.0 0.0489522033898
5210.0 0.0489528389831
5215.0 0.0489527118644
5220.0 0.0489533050847
5225.0 0.048953220339
5230.0 0.0489538135593
5235.0 0.0489536864407
5240.0 0.048954279661
5245.0 0.0489541949153
5250.0 0.0489547881356
5255.0 0.0489546610169
5260.0 0.0489552542373
5265.0 0.0489551271186
5270.0 0.0489561016949
5275.0 0.0489554661017
5280.0 0.0489561864407
5285.0 0.0489562288136
5290.0 0.0489566525424
5295.0 0.0489565254237
5300.0 0.0489568220339
5305.0 0.0489574152542
5310.0 0.0489575847458
5315.0 0.0489575847458
5320.0 0.0489579661017
5325.0 0.0489583474576
5330.0 0.048958559322
5335.0 0.0489588135593
5340.0 0.0489592372881
5345.0 0.0489593220339
5350.0 0.04896
5355.0 0.0489597881356
5360.0 0.0489605508475
5365.0 0.0489605084746
5370.0 0.0489610169492
5375.0 0.0489612288136
5380.0 0.0489616949153
5385.0 0.0489616525424
5390.0 0.0489625
5395.0 0.0489625847458
5400.0 0.0489630508475
5405.0 0.0489630508475
5410.0 0.0489639830508
5415.0 0.0489636440678
5420.0 0.0489644067797
5425.0 0.0489648305085
5430.0 0.0489653813559
5435.0 0.0489649576271
5440.0 0.0489663559322
5445.0 0.0489663983051
5450.0 0.0489663559322
5455.0 0.0489666949153
5460.0 0.048968220339
5465.0 0.0489675423729
5470.0 0.0489687288136
5475.0 0.0489686864407
5480.0 0.0489690254237
5485.0 0.0489697457627
5490.0 0.0489704661017
5495.0 0.0489704237288
5500.0 0.0489712288136
5505.0 0.0489712711864
5510.0 0.0489721186441
5515.0 0.0489720338983
5520.0 0.048973559322
5525.0 0.0489729661017
5530.0 0.0489741949153
5535.0 0.0489745762712
5540.0 0.0489748305085
5545.0 0.0489752542373
5550.0 0.0489761440678
5555.0 0.0489763135593
5560.0 0.0489771186441
5565.0 0.0489774152542
5570.0 0.0489781355932
5575.0 0.048978559322
5580.0 0.0489791949153
5585.0 0.0489796610169
5590.0 0.0489802966102
5595.0 0.0489806779661
5600.0 0.0489813983051
5605.0 0.0489816525424
5610.0 0.0489824576271
5615.0 0.0489827542373
5620.0 0.0489837288136
5625.0 0.0489836016949
5630.0 0.0489847457627
5635.0 0.0489848728814
5640.0 0.0489856779661
5645.0 0.0489859745763
5650.0 0.0489868644068
5655.0 0.0489870338983
5660.0 0.0489878389831
5665.0 0.0489885169492
5670.0 0.0489886440678
5675.0 0.048989279661
5680.0 0.0489902118644
5685.0 0.0489903389831
5690.0 0.0489911016949
5695.0 0.0489915254237
5700.0 0.0489919915254
5705.0 0.0489928813559
5710.0 0.0489927542373
5715.0 0.0489937711864
5720.0 0.0489940677966
5725.0 0.048995
5730.0 0.0489948305085
5735.0 0.0489957627119
5740.0 0.0489961440678
5745.0 0.0489970338983
5750.0 0.048996779661
5755.0 0.0489977118644
5760.0 0.0489981779661
5765.0 0.0489989830508
5770.0 0.0489988983051
5775.0 0.0489993644068
5780.0 0.0490004661017
5785.0 0.0490001271186
5790.0 0.0490011440678
5795.0 0.0490002542373
5800.0 0.0490028389831
5805.0 0.0490009322034
5810.0 0.0490027118644
5815.0 0.0490025423729
5820.0 0.0490038135593
5825.0 0.0490036440678
5830.0 0.0490044067797
5835.0 0.0490041525424
5840.0 0.0490051271186
5845.0 0.0490054661017
5850.0 0.0490056779661
5855.0 0.0490056779661
5860.0 0.0490067372881
5865.0 0.0490065254237
5870.0 0.0490069915254
5875.0 0.0490075423729
5880.0 0.0490076694915
5885.0 0.0490080932203
5890.0 0.049008559322
5895.0 0.0490086440678
5900.0 0.0490093220339
5905.0 0.0490095338983
5910.0 0.0490097881356
5915.0 0.0490103389831
5920.0 0.0490104661017
5925.0 0.0490106355932
5930.0 0.049010720339
5935.0 0.049011440678
5940.0 0.0490113559322
5945.0 0.0490116949153
5950.0 0.0490121610169
5955.0 0.0490125
5960.0 0.0490122881356
5965.0 0.0490129661017
5970.0 0.0490127118644
5975.0 0.0490133898305
5980.0 0.0490131355932
5985.0 0.0490136016949
5990.0 0.049013940678
5995.0 0.0490135169492
6000.0 0.0490146610169
6005.0 0.0490140677966
6010.0 0.0490149152542
6015.0 0.0490145338983
6020.0 0.0490150847458
6025.0 0.0490151271186
6030.0 0.0490155508475
6035.0 0.0490156355932
6040.0 0.049016059322
6045.0 0.0490161016949
6050.0 0.0490158474576
6055.0 0.0490164830508
6060.0 0.0490161440678
6065.0 0.0490169491525
6070.0 0.0490168220339
6075.0 0.0490167372881
6080.0 0.0490169067797
6085.0 0.0490173305085
6090.0 0.0490175847458
6095.0 0.0490177118644
6100.0 0.0490174576271
6105.0 0.0490177118644
6110.0 0.0490180084746
6115.0 0.0490183474576
6120.0 0.049018220339
6125.0 0.0490179661017
6130.0 0.0490186016949
6135.0 0.0490186440678
6140.0 0.0490186864407
6145.0 0.0490190677966
6150.0 0.0490188559322
6155.0 0.0490186440678
6160.0 0.0490191101695
6165.0 0.0490195762712
6170.0 0.0490191949153
6175.0 0.049018940678
6180.0 0.049019279661
6185.0 0.0490195762712
6190.0 0.0490199576271
6195.0 0.0490197881356
6200.0 0.0490197881356
6205.0 0.0490195338983
6210.0 0.0490201694915
6215.0 0.0490201694915
6220.0 0.0490199152542
6225.0 0.0490201271186
6230.0 0.0490203813559
6235.0 0.0490203389831
6240.0 0.0490202966102
6245.0 0.0490203813559
6250.0 0.0490205932203
6255.0 0.0490206355932
6260.0 0.049020720339
6265.0 0.0490203813559
6270.0 0.0490206779661
6275.0 0.049021059322
6280.0 0.0490208898305
6285.0 0.0490209322034
6290.0 0.0490209322034
6295.0 0.0490209322034
6300.0 0.0490213135593
6305.0 0.0490209745763
6310.0 0.0490210169492
6315.0 0.049021440678
6320.0 0.0490215254237
6325.0 0.049021059322
6330.0 0.0490214830508
6335.0 0.0490212711864
6340.0 0.0490213983051
6345.0 0.0490215254237
6350.0 0.0490216525424
6355.0 0.0490212711864
6360.0 0.0490215254237
6365.0 0.049021779661
6370.0 0.0490218220339
6375.0 0.0490215677966
6380.0 0.0490216949153
6385.0 0.0490216525424
6390.0 0.0490219491525
6395.0 0.0490218644068
6400.0 0.0490220338983
6405.0 0.0490219915254
6410.0 0.0490219915254
6415.0 0.0490222881356
6420.0 0.0490221610169
6425.0 0.049021779661
6430.0 0.0490227118644
6435.0 0.0490218644068
6440.0 0.0490222457627
6445.0 0.0490223305085
6450.0 0.0490225423729
6455.0 0.0490223728814
6460.0 0.0490225423729
6465.0 0.0490225
6470.0 0.0490226271186
6475.0 0.0490224576271
6480.0 0.0490225
6485.0 0.0490227542373
6490.0 0.0490229661017
6495.0 0.0490227542373
6500.0 0.0490227966102
6505.0 0.0490227118644
6510.0 0.0490234745763
6515.0 0.0490233050847
6520.0 0.0490229237288
6525.0 0.0490227542373
6530.0 0.0490233050847
6535.0 0.0490238135593
6540.0 0.0490234745763
6545.0 0.0490231355932
6550.0 0.0490233050847
6555.0 0.049023559322
6560.0 0.0490241101695
6565.0 0.0490239830508
6570.0 0.0490236864407
6575.0 0.0490234745763
6580.0 0.0490238559322
6585.0 0.0490242372881
6590.0 0.0490244915254
6595.0 0.049024279661
6600.0 0.049023940678
6605.0 0.0490242372881
6610.0 0.0490246610169
6615.0 0.0490247033898
6620.0 0.0490247881356
6625.0 0.0490243644068
6630.0 0.0490247457627
6635.0 0.0490252118644
6640.0 0.0490252118644
6645.0 0.0490251694915
6650.0 0.0490249576271
6655.0 0.0490252118644
6660.0 0.0490253813559
6665.0 0.0490255932203
6670.0 0.0490258898305
6675.0 0.0490256355932
6680.0 0.049025720339
6685.0 0.049025720339
6690.0 0.0490262288136
6695.0 0.0490266525424
6700.0 0.049026440678
6705.0 0.0490262288136
6710.0 0.0490263559322
6715.0 0.0490265677966
6720.0 0.0490269491525
6725.0 0.0490269067797
6730.0 0.0490268644068
6735.0 0.0490269491525
6740.0 0.0490270338983
6745.0 0.0490273728814
6750.0 0.0490273728814
6755.0 0.0490272457627
6760.0 0.0490277966102
6765.0 0.0490276694915
6770.0 0.0490280932203
6775.0 0.0490279661017
6780.0 0.0490281355932
6785.0 0.0490281355932
6790.0 0.0490283898305
6795.0 0.0490282627119
6800.0 0.0490287288136
6805.0 0.0490290254237
6810.0 0.0490286864407
6815.0 0.049028940678
6820.0 0.0490291101695
6825.0 0.0490292372881
6830.0 0.0490294067797
6835.0 0.0490294491525
6840.0 0.0490294915254
6845.0 0.0490294491525
6850.0 0.0490300847458
6855.0 0.0490299152542
6860.0 0.0490299152542
6865.0 0.0490303389831
6870.0 0.0490301694915
6875.0 0.0490305084746
6880.0 0.0490304237288
6885.0 0.0490302966102
6890.0 0.0490310169492
6895.0 0.0490306779661
6900.0 0.0490303813559
6905.0 0.0490309745763
6910.0 0.0490317372881
6915.0 0.0490311016949
6920.0 0.0490314830508
6925.0 0.0490313559322
6930.0 0.049031779661
6935.0 0.0490320338983
6940.0 0.0490317372881
6945.0 0.0490320338983
6950.0 0.0490321186441
6955.0 0.0490321186441
6960.0 0.0490322033898
6965.0 0.0490324152542
6970.0 0.0490324576271
6975.0 0.0490322881356
6980.0 0.0490326694915
6985.0 0.0490328389831
6990.0 0.0490327966102
6995.0 0.0490327966102
7000.0 0.0490330084746
7005.0 0.0490330932203
7010.0 0.0490333050847
7015.0 0.0490332627119
7020.0 0.0490334745763
7025.0 0.0490334322034
7030.0 0.0490336016949
7035.0 0.0490337288136
7040.0 0.0490338983051
7045.0 0.0490338559322
7050.0 0.0490338559322
7055.0 0.0490339830508
7060.0 0.0490341949153
7065.0 0.0490340677966
7070.0 0.0490343220339
7075.0 0.0490341101695
7080.0 0.0490343220339
7085.0 0.0490345762712
7090.0 0.0490346610169
7095.0 0.0490344067797
7100.0 0.0490344915254
7105.0 0.0490346186441
7110.0 0.0490348305085
7115.0 0.0490347881356
7120.0 0.0490348305085
7125.0 0.0490348728814
7130.0 0.0490349576271
7135.0 0.0490350423729
7140.0 0.0490351694915
7145.0 0.0490352118644
7150.0 0.0490351271186
7155.0 0.0490351271186
7160.0 0.0490352118644
7165.0 0.0490353813559
7170.0 0.0490354237288
7175.0 0.0490355508475
7180.0 0.0490354237288
7185.0 0.0490354661017
7190.0 0.0490355084746
7195.0 0.0490356355932
7200.0 0.0490358474576
7205.0 0.0490358050847
7210.0 0.0490358898305
7215.0 0.0490356779661
7220.0 0.0490357627119
7225.0 0.0490357627119
7230.0 0.0490359322034
7235.0 0.0490359745763
7240.0 0.0490361864407
7245.0 0.049036059322
7250.0 0.0490361016949
7255.0 0.0490360169492
7260.0 0.0490361016949
7265.0 0.0490361440678
7270.0 0.0490362288136
7275.0 0.0490362288136
7280.0 0.0490362711864
7285.0 0.0490362288136
7290.0 0.0490363135593
7295.0 0.0490363135593
7300.0 0.049036440678
7305.0 0.0490363559322
7310.0 0.0490364830508
7315.0 0.0490363559322
7320.0 0.0490365254237
7325.0 0.0490363559322
7330.0 0.0490365677966
7335.0 0.049036440678
7340.0 0.0490366525424
7345.0 0.0490365254237
7350.0 0.0490366525424
7355.0 0.0490365677966
7360.0 0.0490366525424
7365.0 0.0490366101695
7370.0 0.0490366525424
7375.0 0.0490366525424
7380.0 0.0490366101695
7385.0 0.0490366949153
7390.0 0.0490367372881
7395.0 0.0490367372881
7400.0 0.0490368220339
7405.0 0.0490367372881
7410.0 0.0490368220339
7415.0 0.0490368220339
7420.0 0.0490369067797
7425.0 0.0490369067797
7430.0 0.0490368644068
7435.0 0.0490368220339
7440.0 0.049036779661
7445.0 0.0490368220339
7450.0 0.0490369067797
7455.0 0.0490369491525
7460.0 0.0490370338983
7465.0 0.0490369915254
7470.0 0.0490369915254
7475.0 0.0490370338983
7480.0 0.0490369915254
7485.0 0.0490369491525
7490.0 0.0490369491525
7495.0 0.0490369915254
7500.0 0.0490370762712
7505.0 0.0490371186441
7510.0 0.0490370762712
7515.0 0.0490370762712
7520.0 0.0490371610169
7525.0 0.0490371610169
7530.0 0.0490371610169
7535.0 0.0490370762712
7540.0 0.0490371610169
7545.0 0.0490371610169
7550.0 0.0490372457627
7555.0 0.0490372033898
7560.0 0.0490372457627
7565.0 0.0490371610169
7570.0 0.0490372457627
7575.0 0.0490372033898
7580.0 0.0490372457627
7585.0 0.0490372881356
7590.0 0.0490373728814
7595.0 0.0490373305085
7600.0 0.0490373728814
7605.0 0.0490372881356
7610.0 0.0490374152542
7615.0 0.0490374576271
7620.0 0.0490374576271
7625.0 0.0490374152542
7630.0 0.0490374152542
7635.0 0.0490374152542
7640.0 0.0490375
7645.0 0.0490374576271
7650.0 0.0490375
7655.0 0.0490374576271
7660.0 0.0490375847458
7665.0 0.0490376271186
7670.0 0.0490376694915
7675.0 0.0490376271186
7680.0 0.0490376694915
7685.0 0.0490376694915
7690.0 0.0490376694915
7695.0 0.0490376271186
7700.0 0.0490376694915
7705.0 0.0490377118644
7710.0 0.0490377966102
7715.0 0.0490377542373
7720.0 0.0490377542373
7725.0 0.0490377542373
7730.0 0.0490378389831
7735.0 0.0490378813559
7740.0 0.0490379661017
7745.0 0.0490378813559
7750.0 0.0490379661017
7755.0 0.0490379661017
7760.0 0.0490380084746
7765.0 0.0490379661017
7770.0 0.0490379661017
7775.0 0.0490380084746
7780.0 0.0490380932203
7785.0 0.0490380508475
7790.0 0.0490380932203
7795.0 0.0490380932203
7800.0 0.0490381779661
7805.0 0.0490382627119
7810.0 0.0490382627119
7815.0 0.049038220339
7820.0 0.0490382627119
7825.0 0.0490383050847
7830.0 0.0490383474576
7835.0 0.0490383474576
7840.0 0.0490383474576
7845.0 0.0490383050847
7850.0 0.0490384322034
7855.0 0.0490383898305
7860.0 0.0490383898305
7865.0 0.0490384745763
7870.0 0.049038559322
7875.0 0.0490386440678
7880.0 0.0490386016949
7885.0 0.0490385169492
7890.0 0.0490385169492
7895.0 0.049038559322
7900.0 0.0490386864407
7905.0 0.0490386440678
7910.0 0.0490386864407
7915.0 0.0490387288136
7920.0 0.0490387711864
7925.0 0.0490388559322
7930.0 0.0490388559322
7935.0 0.0490387711864
7940.0 0.0490387711864
7945.0 0.0490388135593
7950.0 0.049038940678
7955.0 0.0490390254237
7960.0 0.0490390677966
7965.0 0.049038940678
7970.0 0.049038940678
7975.0 0.049038940678
7980.0 0.0490390677966
7985.0 0.0490391101695
7990.0 0.0490391525424
7995.0 0.0490391101695
8000.0 0.0490391525424
8005.0 0.0490391101695
8010.0 0.0490392372881
8015.0 0.0490391949153
8020.0 0.0490392372881
8025.0 0.0490391525424
8030.0 0.049039279661
8035.0 0.0490394067797
8040.0 0.0490394915254
8045.0 0.0490393644068
8050.0 0.0490392372881
8055.0 0.049039279661
8060.0 0.0490394491525
8065.0 0.0490396186441
8070.0 0.0490395338983
8075.0 0.0490393644068
8080.0 0.0490393220339
8085.0 0.0490395338983
8090.0 0.0490397033898
8095.0 0.0490396610169
8100.0 0.0490395338983
8105.0 0.0490394067797
8110.0 0.0490395762712
8115.0 0.0490397033898
8120.0 0.0490397881356
8125.0 0.0490396186441
8130.0 0.0490397033898
8135.0 0.0490396610169
8140.0 0.0490397881356
8145.0 0.0490396610169
8150.0 0.0490397457627
8155.0 0.0490397457627
8160.0 0.0490399576271
8165.0 0.0490399152542
8170.0 0.0490398305085
8175.0 0.0490397033898
8180.0 0.0490396186441
8185.0 0.0490398728814
8190.0 0.04904
8195.0 0.0490399152542
8200.0 0.0490401694915
8205.0 0.0490400423729
8210.0 0.0490397881356
8215.0 0.0490398305085
8220.0 0.0490401271186
8225.0 0.0490399576271
8230.0 0.0490401271186
8235.0 0.04904
8240.0 0.0490400847458
8245.0 0.0490398728814
8250.0 0.0490400847458
8255.0 0.0490400847458
8260.0 0.04904
8265.0 0.0490400847458
8270.0 0.04904
8275.0 0.0490400423729
8280.0 0.0490401694915
8285.0 0.0490402542373
8290.0 0.0490402966102
8295.0 0.04904
8300.0 0.0490401271186
8305.0 0.0490399576271
8310.0 0.0490402966102
8315.0 0.0490403813559
8320.0 0.0490404237288
8325.0 0.0490402118644
8330.0 0.0490401271186
8335.0 0.0490402118644
8340.0 0.0490402542373
8345.0 0.0490403813559
8350.0 0.0490403389831
8355.0 0.0490402966102
8360.0 0.0490402118644
8365.0 0.0490401694915
8370.0 0.0490404237288
8375.0 0.0490403389831
8380.0 0.0490404237288
8385.0 0.0490401694915
8390.0 0.0490401694915
8395.0 0.0490401271186
8400.0 0.0490402966102
8405.0 0.0490404237288
8410.0 0.0490404237288
8415.0 0.0490403813559
8420.0 0.0490402118644
8425.0 0.0490402118644
8430.0 0.0490401694915
8435.0 0.0490404237288
8440.0 0.0490404661017
8445.0 0.0490403813559
8450.0 0.0490403813559
8455.0 0.0490402542373
8460.0 0.0490403813559
8465.0 0.0490402118644
8470.0 0.0490405084746
8475.0 0.0490403813559
8480.0 0.0490405508475
8485.0 0.0490404661017
8490.0 0.0490404661017
8495.0 0.0490403389831
8500.0 0.0490403813559
8505.0 0.0490403389831
8510.0 0.0490404237288
8515.0 0.0490404661017
8520.0 0.0490404237288
8525.0 0.0490404237288
8530.0 0.0490403813559
8535.0 0.0490404237288
8540.0 0.0490404661017
8545.0 0.0490404237288
8550.0 0.0490404661017
8555.0 0.0490404237288
8560.0 0.0490405084746
8565.0 0.0490403813559
8570.0 0.0490404237288
8575.0 0.0490404237288
8580.0 0.0490405508475
8585.0 0.0490405084746
8590.0 0.0490404237288
8595.0 0.0490404237288
8600.0 0.0490404237288
8605.0 0.0490405084746
8610.0 0.0490405508475
8615.0 0.0490404661017
8620.0 0.0490404237288
8625.0 0.0490403813559
8630.0 0.0490405084746
8635.0 0.0490405932203
8640.0 0.0490405932203
8645.0 0.0490403813559
8650.0 0.0490403813559
8655.0 0.0490403813559
8660.0 0.0490405508475
8665.0 0.0490406355932
8670.0 0.0490405932203
8675.0 0.0490404661017
8680.0 0.0490403813559
8685.0 0.0490404661017
8690.0 0.0490405508475
8695.0 0.0490405932203
8700.0 0.0490405084746
8705.0 0.0490404237288
8710.0 0.0490404661017
8715.0 0.0490405932203
8720.0 0.0490406779661
8725.0 0.0490405508475
8730.0 0.0490404661017
8735.0 0.0490403389831
8740.0 0.0490405932203
8745.0 0.0490405932203
8750.0 0.0490406779661
8755.0 0.0490404661017
8760.0 0.0490405932203
8765.0 0.0490405932203
8770.0 0.0490406355932
8775.0 0.0490404237288
8780.0 0.0490403813559
8785.0 0.0490405508475
8790.0 0.0490407627119
8795.0 0.0490407627119
8800.0 0.0490405084746
8805.0 0.0490403813559
8810.0 0.0490405084746
8815.0 0.0490407627119
8820.0 0.0490407627119
8825.0 0.0490405508475
8830.0 0.0490404237288
8835.0 0.0490405084746
8840.0 0.0490406779661
8845.0 0.0490405508475
8850.0 0.0490404661017
8855.0 0.049040720339
8860.0 0.0490406779661
8865.0 0.0490403389831
8870.0 0.0490408050847
8875.0 0.0490407627119
8880.0 0.0490406779661
8885.0 0.0490406355932
8890.0 0.0490406779661
8895.0 0.0490406355932
8900.0 0.0490406779661
8905.0 0.0490408898305
8910.0 0.0490407627119
8915.0 0.0490406355932
8920.0 0.0490406779661
8925.0 0.0490405508475
8930.0 0.0490407627119
8935.0 0.0490406779661
8940.0 0.0490409322034
8945.0 0.0490405932203
8950.0 0.0490405508475
8955.0 0.0490405508475
8960.0 0.049040720339
8965.0 0.049040720339
8970.0 0.049040720339
8975.0 0.0490408474576
8980.0 0.0490408474576
8985.0 0.049040720339
8990.0 0.0490406779661
8995.0 0.0490405932203
9000.0 0.0490407627119
9005.0 0.0490407627119
9010.0 0.0490408474576
9015.0 0.0490407627119
9020.0 0.049040720339
9025.0 0.049040720339
9030.0 0.0490408050847
9035.0 0.0490408050847
9040.0 0.0490408050847
9045.0 0.0490407627119
9050.0 0.0490408050847
9055.0 0.0490407627119
9060.0 0.0490408898305
9065.0 0.0490407627119
9070.0 0.0490408050847
9075.0 0.049040720339
9080.0 0.0490408898305
9085.0 0.0490408898305
9090.0 0.0490408898305
9095.0 0.049040720339
9100.0 0.049040720339
9105.0 0.0490408898305
9110.0 0.0490410169492
9115.0 0.0490409745763
9120.0 0.049040720339
9125.0 0.0490406779661
9130.0 0.0490408050847
9135.0 0.049041059322
9140.0 0.049041059322
9145.0 0.0490408474576
9150.0 0.0490406779661
9155.0 0.0490407627119
9160.0 0.049041059322
9165.0 0.0490411016949
9170.0 0.0490408898305
9175.0 0.0490406355932
9180.0 0.0490407627119
9185.0 0.0490409745763
9190.0 0.0490411440678
9195.0 0.0490409322034
9200.0 0.0490407627119
9205.0 0.0490407627119
9210.0 0.0490413559322
9215.0 0.0490409745763
9220.0 0.0490405508475
9225.0 0.0490408898305
9230.0 0.0490412288136
9235.0 0.0490408050847
9240.0 0.0490410169492
9245.0 0.0490411864407
9250.0 0.049040720339
9255.0 0.0490409745763
9260.0 0.0490412288136
9265.0 0.0490408474576
9270.0 0.0490409745763
9275.0 0.0490408474576
9280.0 0.0490408898305
9285.0 0.0490409745763
9290.0 0.0490410169492
9295.0 0.0490409322034
9300.0 0.0490407627119
9305.0 0.0490409745763
9310.0 0.0490410169492
9315.0 0.0490409322034
9320.0 0.0490411016949
9325.0 0.0490409322034
9330.0 0.0490410169492
9335.0 0.0490409322034
9340.0 0.0490411440678
9345.0 0.0490411016949
9350.0 0.0490410169492
9355.0 0.0490409322034
9360.0 0.0490409322034
9365.0 0.049041059322
9370.0 0.0490411016949
9375.0 0.0490412288136
9380.0 0.049041059322
9385.0 0.0490409322034
9390.0 0.0490408050847
9395.0 0.0490409745763
9400.0 0.049041059322
9405.0 0.0490411016949
9410.0 0.0490411016949
9415.0 0.0490409745763
9420.0 0.0490410169492
9425.0 0.0490410169492
9430.0 0.0490411440678
9435.0 0.049041059322
9440.0 0.0490409745763
9445.0 0.0490408898305
9450.0 0.0490409322034
9455.0 0.0490411440678
9460.0 0.0490411864407
9465.0 0.0490411016949
9470.0 0.0490409322034
9475.0 0.0490408898305
9480.0 0.049041059322
9485.0 0.0490411016949
9490.0 0.0490411440678
9495.0 0.0490409322034
9500.0 0.0490410169492
9505.0 0.0490409745763
9510.0 0.0490412288136
9515.0 0.0490410169492
9520.0 0.0490409745763
9525.0 0.0490408898305
9530.0 0.0490411440678
9535.0 0.0490411864407
9540.0 0.0490411016949
9545.0 0.0490408898305
9550.0 0.0490408474576
9555.0 0.0490411440678
9560.0 0.0490413135593
9565.0 0.0490411864407
9570.0 0.0490408474576
9575.0 0.0490407627119
9580.0 0.0490410169492
9585.0 0.0490413135593
9590.0 0.0490412288136
9595.0 0.0490407627119
9600.0 0.0490410169492
9605.0 0.0490413135593
9610.0 0.0490408474576
9615.0 0.0490409322034
9620.0 0.0490413559322
9625.0 0.0490407627119
9630.0 0.0490408474576
9635.0 0.0490412288136
9640.0 0.0490413135593
9645.0 0.0490409322034
9650.0 0.049041059322
9655.0 0.0490411016949
9660.0 0.0490409745763
9665.0 0.0490412288136
9670.0 0.0490412711864
9675.0 0.0490410169492
9680.0 0.0490411016949
9685.0 0.0490409322034
9690.0 0.049041059322
9695.0 0.049041059322
9700.0 0.0490411440678
9705.0 0.0490409745763
9710.0 0.0490408474576
9715.0 0.049041059322
9720.0 0.0490409745763
9725.0 0.0490411016949
9730.0 0.049041059322
9735.0 0.0490409322034
9740.0 0.0490408898305
9745.0 0.0490409322034
9750.0 0.0490411864407
9755.0 0.0490410169492
9760.0 0.0490411016949
9765.0 0.0490409745763
9770.0 0.0490411016949
9775.0 0.0490409745763
9780.0 0.0490411016949
9785.0 0.0490412711864
9790.0 0.0490411440678
9795.0 0.049041059322
9800.0 0.0490409745763
9805.0 0.0490409322034
9810.0 0.049041059322
9815.0 0.0490411016949
9820.0 0.0490411440678
9825.0 0.0490410169492
9830.0 0.0490409745763
9835.0 0.049041059322
9840.0 0.0490411440678
9845.0 0.0490412288136
9850.0 0.0490410169492
9855.0 0.0490408898305
9860.0 0.0490408474576
9865.0 0.049041059322
9870.0 0.0490412288136
9875.0 0.0490411864407
9880.0 0.0490410169492
9885.0 0.0490408898305
9890.0 0.0490410169492
9895.0 0.0490411440678
9900.0 0.0490412288136
9905.0 0.0490409745763
9910.0 0.0490409322034
9915.0 0.0490409322034
9920.0 0.0490411864407
9925.0 0.0490412288136
9930.0 0.0490411016949
9935.0 0.0490409322034
9940.0 0.0490410169492
9945.0 0.0490411440678
9950.0 0.0490411864407
9955.0 0.0490409322034
9960.0 0.0490408898305
9965.0 0.0490409745763
9970.0 0.0490413559322
9975.0 0.0490413559322
9980.0 0.0490408474576
9985.0 0.0490410169492
9990.0 0.0490411016949
9995.0 0.0490409322034
10000.0 0.0490411016949
