/*--------------------------------*- C++ -*----------------------------------*\
| =========                 |                                                 |
| \\      /  F ield         | OpenFOAM: The Open Source CFD Toolbox           |
|  \\    /   O peration     | Version:  2.3.0                                 |
|   \\  /    A nd           | Web:      www.OpenFOAM.org                      |
|    \\/     M anipulation  |                                                 |
\*---------------------------------------------------------------------------*/
FoamFile
{
    version     2.0;
    format      ascii;
    class       labelList;
    note        "nPoints:13578  nCells:6748  nFaces:27107  nInternalFaces:13381";
    location    "constant/polyMesh";
    object      neighbour;
}
// * * * * * * * * * * * * * * * * * * * * * * * * * * * * * * * * * * * * * //


13381
(
1
12
491
4044
2
13
490
3
14
489
4
15
488
5
16
487
6
17
486
7
18
485
8
19
484
9
20
483
10
21
482
11
22
481
23
120
480
13
24
4837
14
25
15
26
16
27
17
28
18
29
19
30
20
31
21
32
22
33
23
34
35
132
25
36
4366
26
37
27
38
28
39
29
40
30
41
31
42
32
43
33
44
34
45
35
46
47
144
37
48
5644
38
49
39
50
40
51
41
52
42
53
43
54
44
55
45
56
46
57
47
58
59
156
49
60
3604
50
61
51
62
52
63
53
64
54
65
55
66
56
67
57
68
58
69
59
70
71
168
61
72
4244
62
73
63
74
64
75
65
76
66
77
67
78
68
79
69
80
70
81
71
82
83
180
73
84
4324
74
85
75
86
76
87
77
88
78
89
79
90
80
91
81
92
82
93
83
94
95
192
85
96
4213
86
97
87
98
88
99
89
100
90
101
91
102
92
103
93
104
94
105
95
106
107
204
97
108
3794
98
109
99
110
100
111
101
112
102
113
103
114
104
115
105
116
106
117
107
118
119
216
109
4419
5903
110
5387
111
3097
112
4452
113
4107
114
4427
115
4078
116
4417
117
5926
118
5342
119
5152
228
5105
121
132
1380
122
133
1381
123
134
1382
124
135
1383
125
136
1384
126
137
1385
127
138
1386
128
139
1387
129
140
1388
130
141
1389
131
142
1390
143
1391
3623
133
144
134
145
135
146
136
147
137
148
138
149
139
150
140
151
141
152
142
153
143
154
155
4093
145
156
146
157
147
158
148
159
149
160
150
161
151
162
152
163
153
164
154
165
155
166
167
3192
157
168
158
169
159
170
160
171
161
172
162
173
163
174
164
175
165
176
166
177
167
178
179
4355
169
180
170
181
171
182
172
183
173
184
174
185
175
186
176
187
177
188
178
189
179
190
191
5206
181
192
182
193
183
194
184
195
185
196
186
197
187
198
188
199
189
200
190
201
191
202
203
4862
193
204
194
205
195
206
196
207
197
208
198
209
199
210
200
211
201
212
202
213
203
214
215
4086
205
216
206
217
207
218
208
219
209
220
210
221
211
222
212
223
213
224
214
225
215
226
227
2984
217
228
218
229
219
230
220
231
221
232
222
233
223
234
224
235
225
236
226
237
227
238
239
4782
229
5890
230
5284
231
5073
232
3959
233
4363
234
3927
235
4561
236
4711
237
5390
238
5953
239
5437
3809
6224
241
252
1379
4112
242
253
1378
243
254
1377
244
255
1376
245
256
1375
246
257
1374
247
258
1373
248
259
1372
249
260
1371
250
261
1370
251
262
1369
263
360
1368
253
264
6070
254
265
255
266
256
267
257
268
258
269
259
270
260
271
261
272
262
273
263
274
275
372
265
276
4233
266
277
267
278
268
279
269
280
270
281
271
282
272
283
273
284
274
285
275
286
287
384
277
288
3081
278
289
279
290
280
291
281
292
282
293
283
294
284
295
285
296
286
297
287
298
299
396
289
300
3501
290
301
291
302
292
303
293
304
294
305
295
306
296
307
297
308
298
309
299
310
311
408
301
312
4957
302
313
303
314
304
315
305
316
306
317
307
318
308
319
309
320
310
321
311
322
323
420
313
324
5241
314
325
315
326
316
327
317
328
318
329
319
330
320
331
321
332
322
333
323
334
335
432
325
336
4794
326
337
327
338
328
339
329
340
330
341
331
342
332
343
333
344
334
345
335
346
347
444
337
348
2342
338
349
339
350
340
351
341
352
342
353
343
354
344
355
345
356
346
357
347
358
359
456
349
5610
5712
350
4549
351
4257
352
4478
353
3973
354
4846
355
5000
356
5598
357
4803
358
4565
359
4033
468
4956
361
372
2268
362
373
2269
363
374
2270
364
375
2271
365
376
2272
366
377
2273
367
378
2274
368
379
2275
369
380
2276
370
381
2277
371
382
2278
383
2279
5485
373
384
374
385
375
386
376
387
377
388
378
389
379
390
380
391
381
392
382
393
383
394
395
5744
385
396
386
397
387
398
388
399
389
400
390
401
391
402
392
403
393
404
394
405
395
406
407
2569
397
408
398
409
399
410
400
411
401
412
402
413
403
414
404
415
405
416
406
417
407
418
419
4945
409
420
410
421
411
422
412
423
413
424
414
425
415
426
416
427
417
428
418
429
419
430
431
5983
421
432
422
433
423
434
424
435
425
436
426
437
427
438
428
439
429
440
430
441
431
442
443
4612
433
444
434
445
435
446
436
447
437
448
438
449
439
450
440
451
441
452
442
453
443
454
455
3164
445
456
446
457
447
458
448
459
449
460
450
461
451
462
452
463
453
464
454
465
455
466
467
4064
457
468
458
469
459
470
460
471
461
472
462
473
463
474
464
475
465
476
466
477
467
478
479
3871
469
5176
470
5809
471
5036
472
5641
473
5828
474
5617
475
5286
476
4255
477
3637
478
5508
479
5398
3940
4822
481
492
482
493
483
494
484
495
485
496
486
497
487
498
488
499
489
500
490
501
491
502
503
6120
493
504
494
505
495
506
496
507
497
508
498
509
499
510
500
511
501
512
502
513
503
514
515
2772
505
516
506
517
507
518
508
519
509
520
510
521
511
522
512
523
513
524
514
525
515
526
527
2513
517
528
518
529
519
530
520
531
521
532
522
533
523
534
524
535
525
536
526
537
527
538
539
4111
529
540
530
541
531
542
532
543
533
544
534
545
535
546
536
547
537
548
538
549
539
550
551
3306
541
552
542
553
543
554
544
555
545
556
546
557
547
558
548
559
549
560
550
561
551
562
563
2872
553
564
554
565
555
566
556
567
557
568
558
569
559
570
560
571
561
572
562
573
563
574
575
4895
565
576
566
577
567
578
568
579
569
580
570
581
571
582
572
583
573
584
574
585
575
586
587
2937
577
588
578
589
579
590
580
591
581
592
582
593
583
594
584
595
585
596
586
597
587
598
599
5210
589
600
590
601
591
602
592
603
593
604
594
605
595
606
596
607
597
608
598
609
599
610
611
4844
601
612
602
613
603
614
604
615
605
616
606
617
607
618
608
619
609
620
610
621
611
622
623
2450
613
624
614
625
615
626
616
627
617
628
618
629
619
630
620
631
621
632
622
633
623
634
635
4567
625
636
626
637
627
638
628
639
629
640
630
641
631
642
632
643
633
644
634
645
635
646
647
6215
637
648
638
649
639
650
640
651
641
652
642
653
643
654
644
655
645
656
646
657
647
658
659
4973
649
660
650
661
651
662
652
663
653
664
654
665
655
666
656
667
657
668
658
669
659
670
671
2358
661
672
662
673
663
674
664
675
665
676
666
677
667
678
668
679
669
680
670
681
671
682
683
5314
673
684
674
685
675
686
676
687
677
688
678
689
679
690
680
691
681
692
682
693
683
694
695
3067
685
696
686
697
687
698
688
699
689
700
690
701
691
702
692
703
693
704
694
705
695
706
707
4938
697
708
698
709
699
710
700
711
701
712
702
713
703
714
704
715
705
716
706
717
707
718
719
4723
709
720
710
721
711
722
712
723
713
724
714
725
715
726
716
727
717
728
718
729
719
730
731
6091
721
732
722
733
723
734
724
735
725
736
726
737
727
738
728
739
729
740
730
741
731
742
743
3958
733
744
734
745
735
746
736
747
737
748
738
749
739
750
740
751
741
752
742
753
743
754
755
4884
745
756
746
757
747
758
748
759
749
760
750
761
751
762
752
763
753
764
754
765
755
766
767
4810
757
768
758
769
759
770
760
771
761
772
762
773
763
774
764
775
765
776
766
777
767
778
779
4847
769
780
770
781
771
782
772
783
773
784
774
785
775
786
776
787
777
788
778
789
779
790
791
4367
781
792
782
793
783
794
784
795
785
796
786
797
787
798
788
799
789
800
790
801
791
802
803
5566
793
804
794
805
795
806
796
807
797
808
798
809
799
810
800
811
801
812
802
813
803
814
815
3789
805
816
806
817
807
818
808
819
809
820
810
821
811
822
812
823
813
824
814
825
815
826
827
5024
817
828
818
829
819
830
820
831
821
832
822
833
823
834
824
835
825
836
826
837
827
838
839
4804
829
840
830
841
831
842
832
843
833
844
834
845
835
846
836
847
837
848
838
849
839
850
851
5046
841
852
842
853
843
854
844
855
845
856
846
857
847
858
848
859
849
860
850
861
851
862
863
4002
853
864
854
865
855
866
856
867
857
868
858
869
859
870
860
871
861
872
862
873
863
874
875
2553
865
876
866
877
867
878
868
879
869
880
870
881
871
882
872
883
873
884
874
885
875
886
887
4092
877
888
878
889
879
890
880
891
881
892
882
893
883
894
884
895
885
896
886
897
887
898
899
3635
889
900
890
901
891
902
892
903
893
904
894
905
895
906
896
907
897
908
898
909
899
910
911
2402
901
912
902
913
903
914
904
915
905
916
906
917
907
918
908
919
909
920
910
921
911
922
923
4796
913
924
914
925
915
926
916
927
917
928
918
929
919
930
920
931
921
932
922
933
923
934
935
5194
925
936
926
937
927
938
928
939
929
940
930
941
931
942
932
943
933
944
934
945
935
946
947
2870
937
948
938
949
939
950
940
951
941
952
942
953
943
954
944
955
945
956
946
957
947
958
959
4876
949
960
950
961
951
962
952
963
953
964
954
965
955
966
956
967
957
968
958
969
959
970
971
2815
961
972
962
973
963
974
964
975
965
976
966
977
967
978
968
979
969
980
970
981
971
982
983
3294
973
984
974
985
975
986
976
987
977
988
978
989
979
990
980
991
981
992
982
993
983
994
995
4106
985
996
986
997
987
998
988
999
989
1000
990
1001
991
1002
992
1003
993
1004
994
1005
995
1006
1007
2670
997
1008
998
1009
999
1010
1000
1011
1001
1012
1002
1013
1003
1014
1004
1015
1005
1016
1006
1017
1007
1018
1019
5743
1009
1020
1010
1021
1011
1022
1012
1023
1013
1024
1014
1025
1015
1026
1016
1027
1017
1028
1018
1029
1019
1030
1031
5797
1021
1032
1022
1033
1023
1034
1024
1035
1025
1036
1026
1037
1027
1038
1028
1039
1029
1040
1030
1041
1031
1042
1043
4665
1033
1044
1034
1045
1035
1046
1036
1047
1037
1048
1038
1049
1039
1050
1040
1051
1041
1052
1042
1053
1043
1054
1055
5868
1045
1056
1046
1057
1047
1058
1048
1059
1049
1060
1050
1061
1051
1062
1052
1063
1053
1064
1054
1065
1055
1066
1067
6162
1057
1068
1058
1069
1059
1070
1060
1071
1061
1072
1062
1073
1063
1074
1064
1075
1065
1076
1066
1077
1067
1078
1079
3330
1069
1080
1070
1081
1071
1082
1072
1083
1073
1084
1074
1085
1075
1086
1076
1087
1077
1088
1078
1089
1079
1090
1091
2563
1081
1092
1082
1093
1083
1094
1084
1095
1085
1096
1086
1097
1087
1098
1088
1099
1089
1100
1090
1101
1091
1102
1103
4801
1093
1104
1094
1105
1095
1106
1096
1107
1097
1108
1098
1109
1099
1110
1100
1111
1101
1112
1102
1113
1103
1114
1115
3537
1105
1116
1106
1117
1107
1118
1108
1119
1109
1120
1110
1121
1111
1122
1112
1123
1113
1124
1114
1125
1115
1126
1127
5774
1117
1128
1118
1129
1119
1130
1120
1131
1121
1132
1122
1133
1123
1134
1124
1135
1125
1136
1126
1137
1127
1138
1139
4648
1129
1140
1130
1141
1131
1142
1132
1143
1133
1144
1134
1145
1135
1146
1136
1147
1137
1148
1138
1149
1139
1150
1151
4691
1141
1152
1142
1153
1143
1154
1144
1155
1145
1156
1146
1157
1147
1158
1148
1159
1149
1160
1150
1161
1151
1162
1163
6689
1153
1164
1154
1165
1155
1166
1156
1167
1157
1168
1158
1169
1159
1170
1160
1171
1161
1172
1162
1173
1163
1174
1175
6226
1165
1176
1166
1177
1167
1178
1168
1179
1169
1180
1170
1181
1171
1182
1172
1183
1173
1184
1174
1185
1175
1186
1187
3868
1177
1188
1178
1189
1179
1190
1180
1191
1181
1192
1182
1193
1183
1194
1184
1195
1185
1196
1186
1197
1187
1198
1199
4823
1189
1200
1190
1201
1191
1202
1192
1203
1193
1204
1194
1205
1195
1206
1196
1207
1197
1208
1198
1209
1199
1210
1211
3728
1201
1212
1202
1213
1203
1214
1204
1215
1205
1216
1206
1217
1207
1218
1208
1219
1209
1220
1210
1221
1211
1222
1223
4014
1213
1224
1214
1225
1215
1226
1216
1227
1217
1228
1218
1229
1219
1230
1220
1231
1221
1232
1222
1233
1223
1234
1235
4527
1225
1236
1226
1237
1227
1238
1228
1239
1229
1240
1230
1241
1231
1242
1232
1243
1233
1244
1234
1245
1235
1246
1247
5742
1237
1248
1238
1249
1239
1250
1240
1251
1241
1252
1242
1253
1243
1254
1244
1255
1245
1256
1246
1257
1247
1258
1259
2382
1249
1260
1250
1261
1251
1262
1252
1263
1253
1264
1254
1265
1255
1266
1256
1267
1257
1268
1258
1269
1259
1270
1271
5191
1261
1272
1262
1273
1263
1274
1264
1275
1265
1276
1266
1277
1267
1278
1268
1279
1269
1280
1270
1281
1271
1282
1283
4076
1273
1284
1274
1285
1275
1286
1276
1287
1277
1288
1278
1289
1279
1290
1280
1291
1281
1292
1282
1293
1283
1294
1295
4388
1285
1296
1286
1297
1287
1298
1288
1299
1289
1300
1290
1301
1291
1302
1292
1303
1293
1304
1294
1305
1295
1306
1307
2695
1297
1308
1298
1309
1299
1310
1300
1311
1301
1312
1302
1313
1303
1314
1304
1315
1305
1316
1306
1317
1307
1318
1319
4020
1309
1320
1310
1321
1311
1322
1312
1323
1313
1324
1314
1325
1315
1326
1316
1327
1317
1328
1318
1329
1319
1330
1331
4589
1321
1332
1322
1333
1323
1334
1324
1335
1325
1336
1326
1337
1327
1338
1328
1339
1329
1340
1330
1341
1331
1342
1343
5751
1333
1344
1334
1345
1335
1346
1336
1347
1337
1348
1338
1349
1339
1350
1340
1351
1341
1352
1342
1353
1343
1354
1355
2796
1345
1356
1346
1357
1347
1358
1348
1359
1349
1360
1350
1361
1351
1362
1352
1363
1353
1364
1354
1365
1355
1366
1367
3974
1357
1368
1358
1369
1359
1370
1360
1371
1361
1372
1362
1373
1363
1374
1364
1375
1365
1376
1366
1377
1367
1378
1379
2605
1369
1370
1371
1372
1373
1374
1375
1376
1377
1378
1379
4375
1381
1392
1382
1393
1383
1394
1384
1395
1385
1396
1386
1397
1387
1398
1388
1399
1389
1400
1390
1401
1391
1402
1403
5645
1393
1404
1394
1405
1395
1406
1396
1407
1397
1408
1398
1409
1399
1410
1400
1411
1401
1412
1402
1413
1403
1414
1415
2453
1405
1416
1406
1417
1407
1418
1408
1419
1409
1420
1410
1421
1411
1422
1412
1423
1413
1424
1414
1425
1415
1426
1427
4167
1417
1428
1418
1429
1419
1430
1420
1431
1421
1432
1422
1433
1423
1434
1424
1435
1425
1436
1426
1437
1427
1438
1439
3437
1429
1440
1430
1441
1431
1442
1432
1443
1433
1444
1434
1445
1435
1446
1436
1447
1437
1448
1438
1449
1439
1450
1451
4162
1441
1452
1442
1453
1443
1454
1444
1455
1445
1456
1446
1457
1447
1458
1448
1459
1449
1460
1450
1461
1451
1462
1463
3823
1453
1464
1454
1465
1455
1466
1456
1467
1457
1468
1458
1469
1459
1470
1460
1471
1461
1472
1462
1473
1463
1474
1475
5781
1465
1476
1466
1477
1467
1478
1468
1479
1469
1480
1470
1481
1471
1482
1472
1483
1473
1484
1474
1485
1475
1486
1487
3921
1477
1488
1478
1489
1479
1490
1480
1491
1481
1492
1482
1493
1483
1494
1484
1495
1485
1496
1486
1497
1487
1498
1499
5107
1489
1500
1490
1501
1491
1502
1492
1503
1493
1504
1494
1505
1495
1506
1496
1507
1497
1508
1498
1509
1499
1510
1511
4856
1501
1512
1502
1513
1503
1514
1504
1515
1505
1516
1506
1517
1507
1518
1508
1519
1509
1520
1510
1521
1511
1522
1523
6335
1513
1524
1514
1525
1515
1526
1516
1527
1517
1528
1518
1529
1519
1530
1520
1531
1521
1532
1522
1533
1523
1534
1535
4927
1525
1536
1526
1537
1527
1538
1528
1539
1529
1540
1530
1541
1531
1542
1532
1543
1533
1544
1534
1545
1535
1546
1547
3450
1537
1548
1538
1549
1539
1550
1540
1551
1541
1552
1542
1553
1543
1554
1544
1555
1545
1556
1546
1557
1547
1558
1559
4023
1549
1560
1550
1561
1551
1562
1552
1563
1553
1564
1554
1565
1555
1566
1556
1567
1557
1568
1558
1569
1559
1570
1571
3408
1561
1572
1562
1573
1563
1574
1564
1575
1565
1576
1566
1577
1567
1578
1568
1579
1569
1580
1570
1581
1571
1582
1583
4331
1573
1584
1574
1585
1575
1586
1576
1587
1577
1588
1578
1589
1579
1590
1580
1591
1581
1592
1582
1593
1583
1594
1595
3530
1585
1596
1586
1597
1587
1598
1588
1599
1589
1600
1590
1601
1591
1602
1592
1603
1593
1604
1594
1605
1595
1606
1607
4965
1597
1608
1598
1609
1599
1610
1600
1611
1601
1612
1602
1613
1603
1614
1604
1615
1605
1616
1606
1617
1607
1618
1619
2498
1609
1620
1610
1621
1611
1622
1612
1623
1613
1624
1614
1625
1615
1626
1616
1627
1617
1628
1618
1629
1619
1630
1631
2808
1621
1632
1622
1633
1623
1634
1624
1635
1625
1636
1626
1637
1627
1638
1628
1639
1629
1640
1630
1641
1631
1642
1643
3044
1633
1644
1634
1645
1635
1646
1636
1647
1637
1648
1638
1649
1639
1650
1640
1651
1641
1652
1642
1653
1643
1654
1655
4969
1645
1656
1646
1657
1647
1658
1648
1659
1649
1660
1650
1661
1651
1662
1652
1663
1653
1664
1654
1665
1655
1666
1667
4198
1657
1668
1658
1669
1659
1670
1660
1671
1661
1672
1662
1673
1663
1674
1664
1675
1665
1676
1666
1677
1667
1678
1679
5088
1669
1680
1670
1681
1671
1682
1672
1683
1673
1684
1674
1685
1675
1686
1676
1687
1677
1688
1678
1689
1679
1690
1691
5114
1681
1692
1682
1693
1683
1694
1684
1695
1685
1696
1686
1697
1687
1698
1688
1699
1689
1700
1690
1701
1691
1702
1703
2285
1693
1704
1694
1705
1695
1706
1696
1707
1697
1708
1698
1709
1699
1710
1700
1711
1701
1712
1702
1713
1703
1714
1715
3340
1705
1716
1706
1717
1707
1718
1708
1719
1709
1720
1710
1721
1711
1722
1712
1723
1713
1724
1714
1725
1715
1726
1727
4160
1717
1728
1718
1729
1719
1730
1720
1731
1721
1732
1722
1733
1723
1734
1724
1735
1725
1736
1726
1737
1727
1738
1739
2633
1729
1740
1730
1741
1731
1742
1732
1743
1733
1744
1734
1745
1735
1746
1736
1747
1737
1748
1738
1749
1739
1750
1751
5821
1741
1752
1742
1753
1743
1754
1744
1755
1745
1756
1746
1757
1747
1758
1748
1759
1749
1760
1750
1761
1751
1762
1763
5309
1753
1764
1754
1765
1755
1766
1756
1767
1757
1768
1758
1769
1759
1770
1760
1771
1761
1772
1762
1773
1763
1774
1775
4982
1765
1776
1766
1777
1767
1778
1768
1779
1769
1780
1770
1781
1771
1782
1772
1783
1773
1784
1774
1785
1775
1786
1787
2899
1777
1788
1778
1789
1779
1790
1780
1791
1781
1792
1782
1793
1783
1794
1784
1795
1785
1796
1786
1797
1787
1798
1799
4939
1789
1800
1790
1801
1791
1802
1792
1803
1793
1804
1794
1805
1795
1806
1796
1807
1797
1808
1798
1809
1799
1810
1811
2837
1801
1812
1802
1813
1803
1814
1804
1815
1805
1816
1806
1817
1807
1818
1808
1819
1809
1820
1810
1821
1811
1822
1823
3203
1813
1824
1814
1825
1815
1826
1816
1827
1817
1828
1818
1829
1819
1830
1820
1831
1821
1832
1822
1833
1823
1834
1835
4769
1825
1836
1826
1837
1827
1838
1828
1839
1829
1840
1830
1841
1831
1842
1832
1843
1833
1844
1834
1845
1835
1846
1847
5001
1837
1848
1838
1849
1839
1850
1840
1851
1841
1852
1842
1853
1843
1854
1844
1855
1845
1856
1846
1857
1847
1858
1859
5379
1849
1860
1850
1861
1851
1862
1852
1863
1853
1864
1854
1865
1855
1866
1856
1867
1857
1868
1858
1869
1859
1870
1871
5202
1861
1872
1862
1873
1863
1874
1864
1875
1865
1876
1866
1877
1867
1878
1868
1879
1869
1880
1870
1881
1871
1882
1883
4703
1873
1884
1874
1885
1875
1886
1876
1887
1877
1888
1878
1889
1879
1890
1880
1891
1881
1892
1882
1893
1883
1894
1895
5800
1885
1896
1886
1897
1887
1898
1888
1899
1889
1900
1890
1901
1891
1902
1892
1903
1893
1904
1894
1905
1895
1906
1907
4102
1897
1908
1898
1909
1899
1910
1900
1911
1901
1912
1902
1913
1903
1914
1904
1915
1905
1916
1906
1917
1907
1918
1919
5684
1909
1920
1910
1921
1911
1922
1912
1923
1913
1924
1914
1925
1915
1926
1916
1927
1917
1928
1918
1929
1919
1930
1931
2315
1921
1932
1922
1933
1923
1934
1924
1935
1925
1936
1926
1937
1927
1938
1928
1939
1929
1940
1930
1941
1931
1942
1943
4736
1933
1944
1934
1945
1935
1946
1936
1947
1937
1948
1938
1949
1939
1950
1940
1951
1941
1952
1942
1953
1943
1954
1955
3159
1945
1956
1946
1957
1947
1958
1948
1959
1949
1960
1950
1961
1951
1962
1952
1963
1953
1964
1954
1965
1955
1966
1967
6341
1957
1968
1958
1969
1959
1970
1960
1971
1961
1972
1962
1973
1963
1974
1964
1975
1965
1976
1966
1977
1967
1978
1979
4836
1969
1980
1970
1981
1971
1982
1972
1983
1973
1984
1974
1985
1975
1986
1976
1987
1977
1988
1978
1989
1979
1990
1991
5716
1981
1992
1982
1993
1983
1994
1984
1995
1985
1996
1986
1997
1987
1998
1988
1999
1989
2000
1990
2001
1991
2002
2003
3840
1993
2004
1994
2005
1995
2006
1996
2007
1997
2008
1998
2009
1999
2010
2000
2011
2001
2012
2002
2013
2003
2014
2015
5575
2005
2016
2006
2017
2007
2018
2008
2019
2009
2020
2010
2021
2011
2022
2012
2023
2013
2024
2014
2025
2015
2026
2027
4450
2017
2028
2018
2029
2019
2030
2020
2031
2021
2032
2022
2033
2023
2034
2024
2035
2025
2036
2026
2037
2027
2038
2039
4340
2029
2040
2030
2041
2031
2042
2032
2043
2033
2044
2034
2045
2035
2046
2036
2047
2037
2048
2038
2049
2039
2050
2051
3461
2041
2052
2042
2053
2043
2054
2044
2055
2045
2056
2046
2057
2047
2058
2048
2059
2049
2060
2050
2061
2051
2062
2063
4217
2053
2064
2054
2065
2055
2066
2056
2067
2057
2068
2058
2069
2059
2070
2060
2071
2061
2072
2062
2073
2063
2074
2075
3997
2065
2076
2066
2077
2067
2078
2068
2079
2069
2080
2070
2081
2071
2082
2072
2083
2073
2084
2074
2085
2075
2086
2087
2407
2077
2088
2078
2089
2079
2090
2080
2091
2081
2092
2082
2093
2083
2094
2084
2095
2085
2096
2086
2097
2087
2098
2099
2748
2089
2100
2090
2101
2091
2102
2092
2103
2093
2104
2094
2105
2095
2106
2096
2107
2097
2108
2098
2109
2099
2110
2111
4212
2101
2112
2102
2113
2103
2114
2104
2115
2105
2116
2106
2117
2107
2118
2108
2119
2109
2120
2110
2121
2111
2122
2123
3701
2113
2124
2114
2125
2115
2126
2116
2127
2117
2128
2118
2129
2119
2130
2120
2131
2121
2132
2122
2133
2123
2134
2135
4334
2125
2136
2126
2137
2127
2138
2128
2139
2129
2140
2130
2141
2131
2142
2132
2143
2133
2144
2134
2145
2135
2146
2147
4195
2137
2148
2138
2149
2139
2150
2140
2151
2141
2152
2142
2153
2143
2154
2144
2155
2145
2156
2146
2157
2147
2158
2159
5593
2149
2160
2150
2161
2151
2162
2152
2163
2153
2164
2154
2165
2155
2166
2156
2167
2157
2168
2158
2169
2159
2170
2171
2856
2161
2172
2162
2173
2163
2174
2164
2175
2165
2176
2166
2177
2167
2178
2168
2179
2169
2180
2170
2181
2171
2182
2183
4146
2173
2184
2174
2185
2175
2186
2176
2187
2177
2188
2178
2189
2179
2190
2180
2191
2181
2192
2182
2193
2183
2194
2195
3410
2185
2196
2186
2197
2187
2198
2188
2199
2189
2200
2190
2201
2191
2202
2192
2203
2193
2204
2194
2205
2195
2206
2207
4145
2197
2208
2198
2209
2199
2210
2200
2211
2201
2212
2202
2213
2203
2214
2204
2215
2205
2216
2206
2217
2207
2218
2219
3718
2209
2220
2210
2221
2211
2222
2212
2223
2213
2224
2214
2225
2215
2226
2216
2227
2217
2228
2218
2229
2219
2230
2231
5576
2221
2232
2222
2233
2223
2234
2224
2235
2225
2236
2226
2237
2227
2238
2228
2239
2229
2240
2230
2241
2231
2242
2243
2827
2233
2244
2234
2245
2235
2246
2236
2247
2237
2248
2238
2249
2239
2250
2240
2251
2241
2252
2242
2253
2243
2254
2255
4105
2245
2256
2246
2257
2247
2258
2248
2259
2249
2260
2250
2261
2251
2262
2252
2263
2253
2264
2254
2265
2255
2266
2267
3394
2257
2268
2258
2269
2259
2270
2260
2271
2261
2272
2262
2273
2263
2274
2264
2275
2265
2276
2266
2277
2267
2278
2279
4205
2269
2270
2271
2272
2273
2274
2275
2276
2277
2278
2279
4216
3539
5038
5277
6593
2336
3861
5608
6342
2471
3115
3528
6638
2758
4412
5647
6720
2787
3167
3300
5933
3005
3340
5114
3512
3630
4024
6630
2702
2898
4832
6266
2309
3933
5051
5549
2428
2751
4958
5325
2681
5188
5663
5960
3263
4411
4954
6002
2423
3468
3487
3937
2493
4019
4975
5692
3180
3538
3707
4655
2356
2640
4510
6579
3012
3313
3355
3515
4207
4769
4806
5524
2604
4311
4834
5147
2399
3834
6122
6555
3525
4230
4381
4893
3490
4070
5417
6084
2511
2826
4389
5805
2818
2946
3131
3189
2637
4188
5072
6518
2460
2966
3154
5084
2376
3079
3935
5050
3199
3250
4274
6059
2472
2802
2858
3529
2909
3711
5573
2541
3104
5413
6300
2838
3758
4642
5149
2581
3491
3905
5225
3096
3826
4552
4593
2603
3541
3565
5412
4124
4736
5684
2703
3254
3379
3534
2375
2487
3508
5618
4275
5298
5672
5791
2339
3070
4495
4728
3987
4304
5484
6433
2847
4999
6124
6313
2761
3712
3777
6536
2777
2957
4503
6280
2737
3642
6076
6706
2743
3757
3893
4532
2688
4134
5007
5734
2422
3162
3658
6307
3444
5097
5790
6044
2534
2941
6182
6237
2430
2903
3563
3590
2993
3111
5563
6077
3243
5154
6364
6409
2676
3470
4215
6193
2744
2810
3869
5159
4172
4548
4714
6277
2364
3737
3861
2764
2767
3248
3632
2404
3209
3449
4682
3347
3861
4234
2825
2951
4681
6651
3030
3353
4997
5975
2834
4794
5712
2793
2966
4466
5084
3704
3970
4886
5362
5353
5444
6413
6702
2423
3468
3687
4506
2356
2926
2958
5296
2558
2874
2973
3962
3618
4729
6211
6687
3064
3420
4057
5443
3768
3898
5052
5336
3849
5544
5636
6578
2399
3256
3543
3569
2655
6031
6656
6704
3253
4934
5028
5068
2416
3023
3308
3911
5451
5476
3092
4973
5314
3302
4812
5146
5910
2730
3621
4239
6489
3101
3538
5018
6360
3154
3451
3484
4139
3819
4224
5457
5533
3628
3811
6342
2485
3096
5055
5990
4322
5523
5768
6688
2729
4401
6405
6742
2892
3077
4476
3289
3302
3862
6559
3832
4018
4188
5072
2607
2653
5986
6696
2653
4030
6651
6696
2632
4278
4852
5477
2526
4010
4933
5509
3558
4695
6153
3676
3744
6170
2574
3117
3755
3842
2435
2675
2775
6584
3213
4409
4735
5663
2744
2810
3014
5269
3498
4023
4671
5505
3032
5191
5742
2669
3065
3221
5545
3122
3956
5680
6308
2531
2571
2590
4692
3146
3636
3766
6452
2896
2903
3563
6168
2706
3594
3679
5363
2778
2783
3228
5113
2794
3560
4587
4807
2459
2895
2907
5027
2505
4826
5366
6658
3337
5429
6118
6349
3396
3905
4431
4523
2869
5178
6283
6505
2586
2864
3341
5436
2483
4457
4521
5062
3401
4132
4407
5681
2445
4085
2780
3214
3436
4043
3035
5119
6223
6278
3635
4341
4796
2811
3473
5128
5436
2578
3183
5923
2552
3106
4364
6718
3262
3464
4319
6205
2748
3997
5299
2468
2898
5198
6266
3125
4610
5685
6491
2583
2647
3280
6454
2857
2970
3764
3765
2672
3510
4392
4911
2542
3365
3385
3507
2539
3982
5496
5881
2665
5887
6074
6508
2958
3361
4510
2619
3201
3593
4128
2507
4901
6281
6649
3198
3481
4389
5502
2468
3042
3372
5198
2982
5199
5884
6348
3283
5878
6516
4582
5352
2540
2762
3124
5792
2494
3298
5824
6050
3315
5768
5991
6022
2714
2919
4591
4727
2499
4860
5488
2953
4779
4916
5478
2465
4596
4903
3527
3582
4058
6485
2624
2998
4109
4429
3008
4634
5561
6097
4149
4290
4637
6403
3371
4286
4838
2622
3698
5423
6515
4765
4995
5019
5729
5253
6117
6140
6675
3016
3743
6083
6292
3093
3659
3669
6205
3158
4165
4182
4859
2777
3956
6280
6308
3357
3943
5248
6523
2936
4519
4531
5370
3543
3834
4240
2555
4168
4354
5510
2478
4037
4979
5643
3644
4268
4628
5414
3307
5564
5753
5994
4567
4844
5077
3165
3678
6156
6568
4029
5826
5919
6099
3465
4167
5645
2902
3005
5409
5688
2855
4439
4891
5970
2527
2790
3150
3459
2538
2625
3882
4097
2866
3678
4228
5661
3590
4114
4903
3739
3741
3949
3523
3858
5869
6037
3130
3443
3985
5013
2575
3246
3778
5469
3510
3616
3681
5986
3563
3856
5041
3244
4350
5124
5804
2615
3088
4459
4752
2603
3565
3087
4580
5168
4126
5826
6099
6233
2504
4005
6420
2487
2599
5205
4268
5414
6308
6461
2574
3117
4031
4268
2763
4878
5974
6145
3030
3620
4690
4983
2917
3110
4247
6236
2886
3581
4869
2664
3156
3282
4644
3155
4922
6084
6346
2993
3741
3949
4446
2884
3899
5418
5591
5104
6139
6595
3270
3289
3329
5174
3825
5242
6472
3034
3810
4322
4851
3558
6740
3289
4232
4709
6559
2617
2800
3359
4085
3072
3909
5664
6196
3932
4153
4792
4887
3938
5830
6405
6742
2630
3074
3145
2535
2792
4482
3098
3185
5429
6453
2871
2968
4156
6000
2936
2965
3663
3988
2808
3877
4965
4433
5325
6165
2621
3086
3212
5756
2680
2765
3477
6104
2515
2650
3712
3867
3286
3778
4582
5352
3115
3996
4759
2773
2782
5525
2713
3460
4420
4503
2534
5639
6182
3283
4284
5878
6075
2593
3488
4360
6487
2793
3181
3608
4271
4066
4389
6496
2602
3284
4125
5305
2772
3099
4111
2686
4175
4449
5061
3712
3859
4500
3381
3648
3689
4618
3518
4104
5619
5652
2541
3710
4435
6300
3873
4010
4933
5840
3904
4403
5076
6023
3014
4588
6065
6391
3476
3981
6156
6568
4052
4369
5533
5567
3038
3141
5455
6592
3654
4177
4688
5108
5567
5730
6690
2928
4504
4852
2719
4779
5421
6062
4042
4662
5989
6400
2542
3089
3385
4443
2842
3663
3988
3297
3836
6363
6432
2862
3707
4655
5938
3977
5639
2792
3202
4690
3654
4177
4571
6447
2680
2765
3983
5127
4140
6367
6520
3612
4479
5852
2543
4542
5739
2592
3362
3106
3480
2986
3124
4210
2718
3882
3990
4661
2629
3567
5127
6225
2595
3475
4267
4359
2821
2991
5274
6528
2577
2825
2951
3322
2846
2960
3523
6511
2752
4370
4879
6195
2746
2961
5412
6148
3363
3506
4380
3351
4002
4092
3056
3797
4203
5963
2781
4159
5810
3850
3920
4128
5514
2581
3559
6174
6353
2606
2652
2874
2580
4952
5204
6136
3039
3472
4816
5416
4191
4442
4587
4807
3258
3685
4266
5836
3268
3330
4801
3242
4508
4569
6615
4629
5599
6080
3857
3911
5368
5476
2845
6259
6303
6604
3520
3582
4490
5607
4254
5343
5744
3048
5185
5319
5355
2842
3089
5200
4537
4679
5239
5714
2971
3248
4118
4316
3644
6235
2674
3601
5985
3640
3714
4421
5560
2804
3639
4718
3449
5604
6011
2582
4676
4771
5261
3118
3641
5914
3769
5117
2964
4174
6657
2886
4009
5822
2940
3177
4061
5802
2637
4402
5433
5835
2864
2945
3473
2595
2850
3475
6288
2754
3770
5187
5371
3102
3587
5219
5355
2776
3228
5113
3982
5667
5881
5893
3476
3986
6684
2824
3466
5308
2908
3667
4947
2630
2938
2753
3831
5317
5972
3717
3719
4060
6313
2607
3681
5559
5935
3529
6092
6740
2969
3150
3174
4122
3415
4967
5867
6531
3082
3198
5502
3042
3541
4248
5089
6071
3224
3974
4375
3545
3734
3962
2699
5935
2656
4223
4860
4996
2700
3293
3375
6290
3515
3686
5631
5671
3202
4378
4690
5515
2788
2876
3304
4310
2761
3001
3482
3799
2784
3942
5891
6612
2747
3088
4578
2881
3297
3836
5093
3046
4273
5592
3152
3709
5463
5853
4128
5514
5555
2800
3264
3359
3536
2851
3995
6369
3071
3367
5423
4580
5339
5443
3031
3666
4552
3020
3494
3671
3201
3422
3748
4164
3395
5402
5951
6281
3547
3853
5772
6636
3983
4920
5879
2850
6642
2804
4412
5218
5647
4396
6322
6540
3556
4160
5821
2864
3414
4530
6166
2742
3108
3662
4438
2746
3710
4435
6423
3443
4402
3064
3333
4057
6494
3455
4866
5014
6256
3023
3464
5066
2921
4708
5042
5801
3026
4031
4798
5547
3318
3328
4250
5182
4671
4927
5031
6499
2658
3425
4783
5597
3278
3596
5807
5949
2922
3742
5153
2983
4881
6275
2676
3470
4313
4809
2761
3001
4120
3062
4099
4175
4449
3545
4600
5216
2699
3179
4261
4637
4761
5098
4129
5377
6432
2911
5704
6020
3170
3827
4743
6149
5022
5375
5853
3764
4973
5860
6107
4640
4923
6142
6589
2971
2972
4316
6431
2852
4558
5632
6262
4923
5340
6233
6589
5253
6117
6544
2684
4187
5849
3252
4182
4878
5974
2994
3606
3760
4258
3615
3788
5078
6138
4226
5223
6186
3360
4106
5743
3877
5192
5587
6019
2825
4718
6670
3897
4394
6407
6565
3783
3979
4909
3049
3805
6584
4313
4657
3205
3433
5848
6737
2949
5018
5100
6582
3080
3230
3978
5447
4880
5337
3457
5031
6499
3388
3611
3736
4808
3826
4593
6040
6527
3780
5142
5887
3017
3129
4962
6440
4544
4547
5125
3598
3831
4471
5972
2848
5295
6603
4064
4149
4637
4761
3849
3860
4934
5028
2925
3136
3895
6269
2992
3725
4514
5979
3184
3804
4269
6576
3136
3143
4495
4833
3486
4020
4388
3128
3966
4932
5267
3509
4980
5529
6017
3749
3989
5474
6127
3179
6316
3107
4039
5090
3210
3415
5513
5866
2934
3257
5595
4056
5058
5942
3184
4072
5227
6576
3412
3490
4705
5417
4505
4745
5715
3661
4275
6054
6248
3759
4506
4557
5616
2877
4065
5141
5637
2731
4854
6204
6498
3053
3193
4345
5601
2803
3633
5057
6114
2777
3649
4036
3043
3881
5949
2743
3147
4103
4532
2876
3304
5854
5945
3004
4252
4780
5915
2735
3138
3879
3419
6420
6638
3236
3435
3669
4050
3522
4374
4866
5014
2797
3144
4720
5956
2848
3395
6330
6603
2866
3867
4228
6607
3303
4219
4292
4896
2989
6008
6163
6517
3094
3404
3700
5943
3285
3927
5285
5904
4178
5630
6530
3216
3367
5934
3296
4621
6498
3576
3638
3754
3817
3227
5065
5936
6284
4338
4825
4859
5814
5188
5506
5960
2745
4045
4296
4694
5298
5724
6248
2891
3671
3733
6056
4073
4114
4605
4903
3540
4630
5142
5624
2759
4481
4623
5158
3179
3795
5676
5252
5686
3014
4133
4336
5839
5941
4184
4516
3972
4459
5255
4212
5294
3254
4104
5619
6359
5456
6030
6063
6267
2968
3002
3010
2778
2783
4151
3745
5896
6501
3118
5365
5914
3870
3914
4179
5048
3474
3571
4346
4398
2946
2962
3771
6239
3549
4556
6043
3134
4350
4960
4818
5151
6493
6648
6594
2784
2806
6612
2981
4953
5831
3755
6235
6507
3798
6271
3165
3766
4314
4908
3248
4118
5965
3626
5473
5862
6282
3232
5034
5063
5403
3442
5137
5382
5649
3503
4489
5603
6694
4994
6120
2854
4826
5289
2787
4660
5933
6078
3049
3371
3545
3027
3988
6325
3331
4325
4805
2811
3066
3975
5207
3430
4372
5063
4168
4799
6070
3750
4988
6658
4370
6227
5792
6176
2893
3258
4266
4764
3619
4229
5816
6585
3814
4650
2894
3925
4101
3756
5039
6080
2877
3551
5637
2859
4573
5586
6005
3030
4997
3514
4674
5735
6202
6208
2843
3310
4590
5380
3352
3974
5751
2967
4666
5359
2951
3588
4347
4681
3629
3648
4324
5321
3569
4739
3422
3748
4970
6538
3170
4743
6502
3204
3338
3344
3291
3322
2927
2993
4446
5563
5874
6051
6187
3053
3061
4750
4898
3044
5192
3188
3418
4639
5759
3295
4724
2995
3453
3409
4478
5293
6119
3499
3806
4934
5068
5471
5526
5692
6645
3039
3294
4876
4080
4441
5529
5612
3786
4453
4845
5025
3028
4220
6414
2846
2960
4672
4950
3511
4254
5744
6635
3059
3750
6374
3129
3403
4123
6440
2986
3403
4210
5955
3370
5234
6487
6651
4066
5875
6735
4105
4181
5576
4041
4463
5940
6606
5630
6025
6329
6530
3621
4239
5657
6416
3073
4494
6430
6474
3845
4333
4408
6265
2900
3509
5020
5943
3851
4656
6401
4243
4543
6495
6542
3483
3676
3744
5280
3203
3446
4939
3058
5187
5371
2964
3446
4564
4939
3011
5851
5905
6682
3153
3645
5631
5671
3033
5333
4271
4320
4872
3026
4208
4798
6158
3226
6393
6510
4180
5536
5144
5928
6732
5007
5402
3845
4611
5746
6265
3074
4741
4154
5756
5780
3426
3810
6456
3062
4099
6081
6347
5289
5525
6088
3008
4415
6097
4146
4356
5593
2867
5670
6375
4706
5205
6079
3932
4153
6360
3160
3289
3329
3862
4984
5052
5841
6001
3269
6225
6296
4773
5418
6175
6411
3187
4400
4834
5678
6228
4314
4908
3611
3764
6107
3264
3359
5748
6053
3597
5260
5558
3472
4876
5194
4659
4930
5059
3102
3306
4895
3797
4572
5687
6232
4489
5216
3363
3897
6013
6481
4101
4256
4488
4971
2925
4978
5550
6558
3001
3468
3487
4120
4290
4637
5098
5234
3133
4003
4482
3774
5029
5563
6077
2944
3233
6237
6443
3114
3967
3980
4159
4575
5810
6514
3280
5643
3521
4018
4188
4716
3887
3919
4342
5908
3972
3976
4017
5255
3598
3965
4259
6668
3465
3572
4698
3425
4751
6640
4243
6495
6666
4038
4200
4310
4114
4842
6095
4702
5320
5976
3404
3695
3835
5112
4235
4570
4564
4939
4982
3335
5020
6661
3141
5837
5906
6592
5666
6098
6478
3749
3989
4121
4924
4990
6203
3364
4940
5757
5761
3288
3387
4522
6320
3590
3749
5283
5041
5287
3389
3527
4035
3613
5145
5444
6601
3654
4081
4996
3354
3576
3754
5746
3795
4061
5802
6316
2926
3068
3454
6221
3436
3531
5884
6348
3392
3738
3809
6059
3692
4204
6437
3349
5213
5719
6299
3881
4183
4470
3939
4032
5964
6536
3195
3906
6073
3696
3987
5484
3090
3960
4076
5999
3864
4586
5978
6726
4647
4786
3023
4096
3156
4644
5999
4278
5816
6733
2948
3971
4725
5757
3382
3934
5005
5291
2977
3866
4621
6674
3219
3391
4771
5261
3320
3321
3736
4737
4832
5211
6692
3025
3991
5675
6366
2996
4001
3587
4895
5210
4250
4267
6642
3994
4964
4979
5845
3177
3226
6510
3338
3344
4540
3057
4678
5642
6303
3426
5400
5980
6456
3467
4946
6394
3115
4759
5257
3649
5384
3345
3434
4103
4559
3364
4214
5771
5018
6005
6360
3759
4506
4709
5197
4740
3402
3431
3875
4635
3267
3392
3738
3580
4417
5532
6180
3543
4222
4240
3229
3699
4074
5448
3255
3393
3471
3397
5246
4638
4788
5617
6548
4510
6579
5362
5432
6389
3771
5384
6111
3178
3886
4922
6009
4676
5854
2996
3027
3988
3083
3514
3144
3874
3880
4930
4958
3551
4068
4768
3276
4498
5670
3281
6038
4032
5247
6038
3029
3602
4525
3172
3378
4964
5845
3128
5351
6145
6679
4191
4214
4442
5554
3568
4838
6685
3840
4258
4760
5716
3279
3445
4419
5499
3791
3900
5358
5981
3158
4878
5203
3266
5462
6587
3200
5490
4086
4782
6464
3297
4129
5969
6432
4542
5500
3505
4744
5918
6593
3867
4120
4228
6552
4042
5080
6400
3584
3966
5103
5267
3059
3593
3930
3142
3819
5457
3716
3149
3894
5602
3975
5436
6329
3237
4531
4944
5178
5789
6505
3378
3666
4166
3900
5143
5674
6028
4865
5898
6339
6343
3799
3594
4930
6422
3670
4757
5270
5434
4545
5177
5785
4469
5081
3180
3707
6659
6671
3076
3274
3820
5197
4722
5516
4468
4995
5440
6338
3594
4745
5325
3259
4432
6106
3313
5838
5864
3484
4466
5084
5254
3694
3400
4008
5701
5921
3287
4352
6023
3740
4651
6469
3110
4165
4859
5424
5211
5289
5413
6692
4210
4697
5955
3531
4224
5288
6425
4221
4696
5109
5998
3068
3836
4003
4338
5424
3570
3715
6051
3524
5959
3237
6128
3131
3219
4809
3602
4519
5370
3620
3238
4307
6333
3282
3960
4883
3173
3663
4049
3695
4460
6016
5458
5932
6422
3668
4427
5532
6279
3266
4141
5813
6587
4789
4848
6611
4237
5718
4241
5562
5741
6022
3229
3954
4766
5272
3934
5005
4727
5324
5949
4969
5150
3684
4520
5769
6610
4085
4545
6122
3373
5027
5306
6181
4632
4737
5077
3545
4600
3719
4574
5056
5628
4867
6057
6219
6671
3202
4731
5515
5655
3241
5984
3158
3599
4461
5203
3342
3617
3965
5378
3307
3584
3966
4751
6151
6393
3390
3525
3553
3936
5479
4045
4095
4694
3852
4563
4750
3157
3657
4295
4653
5702
6339
4283
5339
3542
4762
5445
3740
6025
6469
3292
4938
5314
5066
6268
3417
4091
5445
6234
4234
6263
6463
3581
4667
5767
4811
6214
6479
3502
6279
6708
4019
5356
3447
3512
4535
4604
3575
4467
4579
5245
5472
3624
4352
5040
6106
3658
3744
5501
3095
5897
6242
3501
4233
4305
4125
4323
6045
3514
3739
5083
5633
5901
6624
6711
3087
3420
5443
5633
3625
3996
4337
4702
5976
3310
4590
5200
5333
3486
3517
4388
4292
4330
4896
5728
3764
3765
5314
3464
4583
5066
4059
4185
5292
3978
4341
4496
3863
5605
3493
4452
5387
3440
5170
6453
3553
4550
4994
3448
3944
4062
4379
3225
3489
3932
4238
5863
4368
4434
4513
4592
3362
4826
5366
3224
4375
4585
5861
4380
4443
3477
6104
6290
3662
3969
6085
3652
3702
4164
4473
4204
4943
3716
4301
5196
4339
4730
4816
5416
3437
3990
4272
5535
4754
4817
4897
5891
4619
6352
6492
6695
3524
4031
3790
4117
4792
4863
4887
6570
4059
4185
5577
6220
3349
3492
5503
5966
3151
5139
5273
4043
4493
5396
5526
4795
5874
3504
6378
6686
3588
3883
5546
5621
3534
4087
4625
4747
5494
6141
4123
4353
3166
5748
6053
3391
5384
3522
3731
4486
4641
3353
4279
5233
4059
4350
5292
4141
4281
5673
6460
3888
4786
3548
4294
4746
6669
3882
5506
6367
4218
5470
6322
6540
4121
4924
6329
6530
4848
5186
3725
4042
6163
4495
4728
5510
4202
4828
3793
5115
6642
3165
6321
6568
4306
5447
6029
3500
3896
4236
4344
3560
3784
6357
3496
3551
5239
5680
6323
3795
5463
5676
3721
4265
6134
3949
4566
3227
5936
6346
3960
5999
3788
3915
6138
4825
4736
5735
6341
3875
4538
6250
3995
4530
5301
6369
4720
4785
4828
3723
3772
5907
6735
4064
4149
4612
4908
3985
5561
6179
5148
6614
6700
3829
4118
4384
5965
4071
5817
6020
6468
4706
5256
3239
3534
4747
4899
5122
5822
5845
5095
5333
6155
4068
5057
6649
4289
4614
4983
5156
5143
5560
5674
5988
3516
3709
5596
6009
6255
4438
6218
6659
3194
4271
4466
3703
4012
4713
5665
4670
4682
6741
3544
5215
5170
5258
6157
4502
5648
6214
6698
3995
4530
4759
5518
6185
6435
3649
4036
4220
4004
4777
5611
6046
5072
5177
5785
6518
4093
4100
4355
4211
4345
5984
3417
4658
6234
4187
5042
5638
3872
5913
6506
6622
3255
3471
5458
5498
3284
3920
3392
3419
3796
5244
5490
3930
4716
3298
4769
4806
3699
4074
6114
4581
5666
5688
4600
4914
5216
5603
4715
4863
5604
6570
5130
6561
6707
6724
4868
5307
5962
3275
3374
6623
5295
5503
5579
6137
3625
4874
4912
4671
5031
5505
4627
5214
6460
3352
4696
4774
6408
3698
4421
6489
5689
5690
3580
4742
5760
6123
4809
5572
4517
5148
5865
6614
3655
4762
5338
3991
5123
5662
6366
5082
6372
6384
6713
4221
5109
3519
3538
4655
6640
6725
3333
6494
3706
6325
4034
5265
4339
5328
6029
3791
4352
5040
6083
3626
5403
5793
3467
4540
4603
3346
3808
5580
6631
4623
4896
5728
5783
3903
4499
5948
3902
5004
3666
4317
6525
3251
4622
5058
3447
3575
3820
4894
3253
4898
5068
4066
6103
6496
6207
6395
6471
3597
4481
5558
3470
4215
6169
6414
4870
4909
5175
3779
5577
5620
6220
3281
4304
4667
5156
5423
3715
5565
5675
4899
5711
5714
3692
4815
6026
4900
5475
4021
4625
4477
4503
3569
6012
4184
4516
6266
4764
6192
3458
4907
6106
3896
4428
4454
5347
3396
3905
4138
5225
3336
3478
3963
3428
4386
5557
3708
4678
3607
3921
4840
5781
4281
5884
5478
6150
6667
5327
5407
6101
3707
5268
6219
5782
6294
6332
3883
3969
4681
6085
3661
4275
5614
6350
3526
3894
4135
6371
3687
4506
5197
3931
4987
5201
3765
4562
6450
3288
5711
6320
6421
3406
4749
5440
3445
4541
6172
3581
3742
3683
3755
4883
6544
5037
6516
5553
5770
4363
5190
6222
3630
4024
5175
3624
3904
4352
4747
4899
4397
4451
4734
6206
3639
5218
5542
3765
4938
6450
4039
5887
6508
4106
4237
3434
5269
6434
3866
4286
5290
3735
4731
6287
4147
4526
4653
5111
4138
4650
5148
3861
4234
6344
6526
4931
5023
3615
4253
4597
3550
4094
4067
5487
5636
6343
4111
4238
4203
5012
4834
5995
6228
3325
3691
3946
4245
4872
6714
3931
4127
5213
6299
3384
3770
5060
5667
4925
5448
3497
4063
5590
5922
4877
6022
6417
3432
3792
4095
4694
4017
5061
5255
5581
3328
4034
5265
4989
5450
6304
4952
5204
5319
4163
4824
5049
4412
4740
3342
3891
4077
4360
3909
4130
4171
5975
3613
4245
5865
3570
3924
4100
5101
4686
5291
5329
5473
4636
6126
4538
5635
5327
6162
3956
4036
6590
3782
4377
5381
5911
4283
5065
3372
3934
5745
5776
3814
4098
4650
3729
4319
5136
4873
5264
5348
3633
6182
3672
3912
4284
6257
4160
4469
4924
6166
6203
4199
5773
3807
4088
4440
6457
3854
5855
4194
4724
5236
5145
5541
6480
3737
3888
4495
3660
4855
4947
3495
5406
4041
4053
6358
6465
4002
4288
4518
4221
4774
4171
4997
3585
4399
5747
5491
5594
5671
3405
4631
5468
5977
4726
5033
5349
3443
3985
5433
6356
5592
4351
4672
4950
4351
4672
5246
3986
5570
4380
6500
4829
5043
3371
3507
6155
4132
5181
6378
6686
3698
5767
4223
4399
4845
5747
3440
3598
3617
3965
4475
5234
5308
3734
5346
6563
3747
5306
6210
3889
5871
6623
5298
5724
5791
3630
4323
5397
6045
3467
4603
5954
6126
4361
4424
4507
5942
6359
3586
5513
5866
6299
3865
4668
5323
4719
4767
5894
4220
6169
6414
6590
3390
5371
5750
5333
6155
4900
4963
5308
5571
3830
4189
6381
4952
6136
6693
3933
4069
6274
4082
4381
3824
5384
4779
4628
5414
6280
4105
4205
4408
4901
6336
3463
3557
4816
5296
5718
3769
4116
4890
6398
3401
5681
6003
6691
4089
4283
5065
5562
5741
5344
6641
6738
5405
5500
5292
5900
3572
4298
6056
3830
5133
5807
5096
5351
6229
6380
3498
4023
4331
4257
6003
6482
3993
4145
4146
3626
5160
5403
5862
3456
3490
5465
4499
5948
6537
6704
4391
6134
6383
5648
5871
5135
5324
6392
6723
4271
4320
4420
4448
5518
4779
5517
4620
5633
3844
4148
4390
6267
3652
4142
3636
3766
4297
5678
4242
4285
4328
5754
3516
4476
4558
5300
3938
5830
5917
6712
3827
4743
4954
3939
4032
5247
6731
3436
3531
4028
4961
5344
6578
4556
5941
6639
4581
6334
6662
4303
4724
3566
3903
5062
4627
4162
4167
3948
4133
4910
5566
3933
4738
5549
6345
3800
6729
3822
4613
5564
6065
3574
4277
5842
6518
3662
5097
6146
4618
6387
4174
4806
5138
5419
4379
5583
6143
4280
4868
4023
4671
4927
3878
4757
6140
3964
4916
5706
5904
5128
5207
5220
5948
6268
6537
3872
4941
6622
3555
3886
4687
3921
4840
5107
4462
5483
5851
4504
4971
5758
3649
3726
6239
4217
4340
4576
4072
4325
4805
5074
4485
4517
4523
3478
4272
4698
4115
4199
4360
5483
3799
3500
3684
3896
6567
6414
4628
6278
4376
4876
5002
5257
4313
4657
5895
5120
5569
3986
6321
3798
5090
5627
6579
4501
4660
6017
6078
3507
5426
6718
3850
3920
5805
5430
5616
6594
3775
4598
6373
3878
5084
4383
4451
5030
6206
3517
5786
4539
4892
3999
5385
5892
3519
4887
5606
3886
3763
4098
5225
5406
5913
6506
4436
5584
6708
5548
5955
6520
5213
5794
6330
4122
4373
4852
4321
4611
6265
4411
5722
4211
4343
5984
5467
6567
4957
6058
4358
5725
5987
3926
4942
6275
4241
4915
5685
4151
6195
6442
4364
5230
6500
4286
5205
5568
6415
4501
6721
4911
5749
3562
4456
5485
5138
6630
4823
5434
5537
6184
3768
5838
6086
5597
6640
3774
5029
3815
4615
6171
4169
6621
3541
5412
6148
3930
3936
4716
6368
6382
3858
4180
5959
6664
3553
6575
4422
5102
5885
4719
5573
5517
5891
5957
5222
6502
4331
4965
6002
4382
3989
4425
4528
4684
5902
6073
6173
6257
5058
3828
4646
4742
5404
4678
4739
5472
4801
5774
6388
6218
3855
3923
5227
4039
5142
6554
4490
3729
4091
5445
3804
3901
4252
4474
5047
5660
5820
5121
5169
6620
3777
5870
5964
3951
5634
5839
3556
4310
5331
5637
3953
4166
4429
5834
5149
5244
6067
5465
5588
6685
4821
5331
4138
4517
5148
6309
6459
5117
6081
6504
3784
6208
4203
5330
5753
6089
4063
5922
6635
4702
3931
4127
5201
5639
4184
6266
5341
6050
6560
3953
5374
5720
5588
6584
6685
4085
5461
6366
6309
6334
6459
4631
6056
5053
5808
6041
6244
4133
4910
5137
3820
5419
4321
4611
4364
5100
5586
6551
3804
4269
6588
6610
4432
4533
6355
6543
3653
4494
4667
4719
4767
4157
4912
5492
5737
5103
5963
4079
4776
4959
4502
5719
6493
4632
4895
3883
6327
3685
3968
5278
5489
3749
3711
4529
4591
5276
4115
4199
5888
6647
3930
5555
5119
4290
6362
6470
6625
3881
4749
4820
5427
6628
4977
4825
5151
5814
3713
5337
6706
6715
3783
5144
6732
3603
5045
3605
3926
4489
4161
4244
5644
4881
5045
3922
5118
5520
3879
4661
5781
4483
4674
4872
3918
3998
4689
4788
5449
6160
6548
6048
6375
4734
5044
6206
3808
5145
3659
4291
5006
5732
4219
4699
4875
5399
6252
3891
6729
5297
6323
6386
4358
6161
6747
4289
5975
4497
5934
5030
5048
5179
5323
3720
4093
5645
4813
6082
3722
4781
4976
4195
4553
4571
5106
4080
4287
5612
4161
4244
4668
4323
4880
4902
5015
6264
3679
5363
6507
6182
6649
4664
5707
5950
6646
4092
4496
6389
6423
4255
5508
6486
4321
4345
6199
4568
6483
4006
4083
4732
4117
4404
5116
3713
4403
4936
4814
5539
6044
6100
6024
6235
3721
4673
4871
4726
5033
6036
6609
6088
6207
6254
6395
4668
5646
4705
5465
6318
6484
3667
4472
4704
4831
4744
6545
4742
6180
6521
4996
5545
6397
6655
3881
4013
4470
4820
5259
6138
6347
4785
6295
4457
6205
4276
4778
4533
6543
5676
4001
3692
4165
4182
4204
3858
5327
6037
6272
4361
4073
5041
4107
4452
5584
4050
4583
5322
6597
6677
4097
4697
3890
3912
6288
3922
4340
4576
5118
3812
3831
4471
6705
4602
5869
6037
6324
3747
4025
4707
5872
5880
6596
4908
5661
5715
5965
4058
4183
4470
6485
4875
5986
3843
4797
6093
6100
3842
5411
6038
6049
6115
4196
4616
3838
4921
6086
3820
4582
3844
4148
4706
6079
3865
5381
5911
4755
5069
5546
5621
4301
4326
4485
4613
4974
5022
5360
6564
5137
5788
6391
5383
5804
5153
5581
5843
4692
4777
5611
6449
4732
5775
5864
4185
4251
6661
4212
4334
4554
4744
5277
6593
4433
5464
6591
4013
4173
6337
4215
5812
6169
6687
4805
6033
6325
5642
6053
6683
5597
5802
6452
6684
5051
5825
3846
4936
5085
4083
6479
6531
5675
6187
3741
5691
5654
6034
6716
4145
4365
5576
4423
6716
3773
4631
4698
4465
6637
4874
6006
6446
6188
6270
6735
4235
4717
5235
5346
3957
6529
4420
5759
6239
4114
4605
5167
5989
4014
4823
6184
4329
5629
4371
5889
6379
6743
5579
5968
6382
5222
5587
5668
5848
4097
4272
5535
5095
6155
5093
5341
5969
4952
6048
3811
6047
5437
6667
5841
6301
4401
5630
6301
4667
5484
4239
5657
6023
4785
4756
5248
6523
4206
4373
4617
5640
4025
4918
3850
4128
5479
6746
3999
4176
4261
5385
4090
4299
4335
4629
3892
4192
5764
6315
3913
4399
3842
4520
6004
6125
4247
5686
6236
4262
5219
5863
4232
4524
4258
5118
5575
4125
4323
4870
5175
4387
4474
5512
6406
3769
4251
6216
3907
4384
4505
4713
5715
4674
5083
5054
3790
5371
4829
5971
6188
6230
6574
4093
4100
5977
4919
5786
4202
4828
5280
5205
5652
6079
6415
3846
6536
5175
5469
5134
5944
6021
4225
5849
6326
3978
4194
4496
4559
6133
6387
6709
4060
4574
4264
5376
4161
4179
4626
5644
4223
4845
6165
4007
5657
6102
6416
4699
6245
3948
5024
5566
5060
6068
5143
6273
5069
5546
6639
4800
4975
6094
4213
4419
5499
5802
5517
5565
5957
3876
4300
4867
6438
5616
4977
5170
6291
4768
5007
5141
5402
3961
3984
5126
6582
4421
5560
5988
6489
5778
4227
4687
5588
4067
4343
4850
4649
4986
4993
5865
6631
5437
6224
5632
6016
4287
5929
4913
5146
5910
4101
4256
5572
5895
4660
5020
4148
4390
4649
4590
5104
5806
6699
3913
4864
6199
4493
5160
5396
6147
6052
6163
4080
4441
4733
5909
3893
4588
6437
4162
4661
5781
4771
6111
6665
4790
5427
5990
4109
4515
5313
5722
6123
6424
6426
4026
4526
5779
4416
6320
6501
3923
4426
5615
4096
5164
5540
5731
4685
5316
4350
5292
5804
4943
4209
4640
4817
5163
4921
5631
6361
5311
5905
6653
6682
5575
5716
3993
4145
4365
6468
5697
4814
5689
5256
6267
4333
4418
4294
4992
3897
4508
6481
6619
4196
4616
5428
4850
6159
4970
5181
5221
5712
4395
4951
5625
4827
4942
6694
4540
4603
4636
3923
4780
5615
4702
5168
5287
4294
4746
6158
4643
3867
5876
6340
5131
6159
6310
3875
4635
4307
4552
5367
5961
6293
6736
5262
5495
4621
4838
4823
5537
6226
3948
4133
6129
3914
4161
4179
4064
4761
4822
6032
6319
4385
5034
5793
4209
4666
4754
6250
5963
6232
6566
5192
5557
5250
5254
4840
5188
4027
4754
5251
5535
4972
4990
5431
6392
6605
3992
5162
5338
6251
4922
4137
5585
5950
3895
6047
3900
6028
6623
4284
4784
6075
4077
6167
4568
6041
6483
4247
5318
5102
5376
5882
6728
6049
6500
4483
4674
5334
4070
5417
6175
5358
5316
5778
6513
4531
6116
5341
5969
4813
6650
6353
5037
5801
5939
5678
6228
6583
4842
5486
6095
6400
5193
6196
4186
4230
4893
5048
4992
5451
5120
5415
4606
5155
4668
5323
5410
5493
6245
4390
4649
4986
6018
4102
4293
4917
5771
3968
4664
6646
4778
5441
5908
5770
5107
6201
6476
5277
4100
5662
6366
4200
4346
4398
4489
4881
4363
4561
4347
4556
6043
6639
4315
5183
6395
6471
5866
6360
6616
5776
5087
5462
6170
4402
5835
4539
5352
6317
4087
5009
6594
6731
4176
4822
5398
5907
6231
6370
6538
5002
5257
6176
5026
5349
6613
4738
5166
6345
4834
5147
5476
6069
4485
4517
5865
5360
5690
6564
5920
4566
4524
6332
6663
6681
4336
4405
4677
4787
5157
5661
6552
4920
5374
4925
5448
6390
4509
4670
4682
5304
5812
4042
4662
6529
4884
6091
6376
4363
5073
6222
5191
4701
6218
6577
4525
5095
5136
5627
6532
4849
5706
6354
5378
5012
4897
5591
6014
3998
5489
4030
4438
4013
4311
4400
4917
5315
5771
5515
5655
4478
4846
5293
4221
6025
6329
5515
6399
6433
5201
6237
6443
4559
4309
4574
5628
4640
4817
5418
4999
5858
6124
5852
6060
5391
5408
4075
6194
6582
4634
5858
4017
5581
6168
4162
4661
4274
6464
4150
4602
5407
4071
4491
4282
6072
6311
4337
4005
4337
4217
5008
5278
5098
6487
4675
4679
4680
5729
4049
4519
5046
4279
4338
4380
4443
6013
4270
4781
4289
5193
6515
4763
4936
5076
5065
6284
6620
5010
5947
6454
4385
6690
4802
5285
5478
5904
4295
4653
5111
5089
4527
6090
5954
6126
6653
6682
4890
5134
5600
6451
6433
4426
6608
5439
5673
4589
5394
4104
4625
4758
5184
5502
6045
6412
4894
5138
6181
6373
4118
4316
6599
4528
5482
6533
4372
4382
6569
4075
4110
5126
4438
4681
4113
5799
4565
4956
5389
4250
5272
4069
4719
5894
4220
4249
4497
4869
4310
4821
5081
5887
4645
5401
5638
6074
5336
6606
5063
5214
4837
5110
6120
5086
4406
4565
5389
6462
4864
5279
5702
5856
4865
4882
5180
5898
4525
5095
4457
5062
5366
6144
6632
6658
4119
4131
4514
4431
4984
6465
4326
4485
4523
6001
5153
5410
5843
6253
5058
5297
6386
4619
4620
4173
5607
6220
4574
5144
6121
6600
5166
5361
5583
4456
6265
4479
5044
5734
6615
5091
5636
5951
6281
5329
6241
5591
5996
4491
4663
4458
5038
4472
4596
5265
5855
4110
4854
4388
5191
5877
5892
4417
4427
5532
5747
5817
6468
6396
4571
4663
5106
4381
5578
5750
5193
6196
4533
5614
6213
6602
4862
5123
5009
5917
4353
4986
5438
5703
6539
5740
6033
6377
4291
4329
4288
5309
5331
5945
5069
5454
6221
5535
4654
6216
4175
5992
4398
5684
5800
4303
5447
4615
4333
4351
4427
4452
4543
5392
5707
6467
4515
4552
5129
6099
4550
4375
4799
6070
4268
5547
6461
4963
5308
5054
5847
5944
4374
6068
4369
4405
5634
4892
6392
6723
4206
5057
5405
5613
4293
5003
5713
5305
4260
4362
6099
4901
6336
4499
6704
4289
5193
5975
4405
4536
4677
5181
5562
5295
5579
6314
4136
4422
4601
4841
5518
6371
4342
4683
6108
4654
5253
5497
6140
5238
5993
6367
4414
4888
6370
6538
6545
4190
5818
6354
6446
4395
4475
5475
6470
4491
4865
5466
5803
6171
4348
4602
5237
5338
4325
5918
4262
5185
5219
5355
4573
6351
4197
6369
6540
4358
5725
5752
6161
5059
5312
6448
4229
5173
5752
4738
5166
5626
6147
4585
4799
4821
5860
6048
6107
4473
6608
4204
4424
5834
4272
4233
4305
4655
5938
6428
4461
5719
6493
6572
5233
5664
5224
5921
6298
4470
6337
4207
4806
4463
5228
6519
4302
5386
4189
6381
6723
4186
4643
5536
4333
4418
4455
4878
4591
5825
5412
5847
4626
5110
4201
6074
4402
4522
6405
4609
5818
6596
5003
6246
5053
6041
6563
4861
5080
6130
6210
4288
4518
4334
5593
5278
5301
5470
6369
4969
5088
6478
6550
4581
5688
5035
5042
5849
4598
5251
4300
4216
4408
5057
6114
4555
5708
4765
5368
5729
4817
6556
4298
4721
6199
4991
4324
5321
5554
6246
4729
4456
5485
4577
5303
5574
6676
4492
5078
4454
5347
5704
5723
6052
5035
5849
6142
5445
5452
6234
4600
4914
5596
6552
4926
6161
5110
6575
4879
6013
6188
6481
4709
5174
6070
4858
5198
5231
4344
5511
4351
5246
4550
4642
6292
4454
4685
4915
6378
5326
5386
5480
4266
6580
4324
5196
5444
4818
4830
5151
5814
6437
4906
4998
5147
4979
6264
6286
6455
5054
6216
5215
6513
4292
4307
6333
4712
5507
5286
6429
4676
5854
4478
4549
6357
4471
4913
5332
4312
5129
6484
4761
4822
5187
5365
4714
5016
5490
6277
4807
6185
6435
5631
6134
6361
5489
4359
5182
5354
5769
4781
6062
6420
4545
5177
5422
5675
6152
5298
4342
4855
6108
4847
4910
5842
4396
4926
4830
5814
5302
5604
6154
4627
6460
4979
5015
6264
6539
5037
4302
5386
5930
5426
4955
5609
4496
5271
4320
5240
4330
5684
6246
4992
5279
5665
4336
4349
5086
4886
5362
6389
4697
4795
4819
4905
6128
4572
6089
5196
5691
5717
6177
4532
6434
5357
5484
4354
6058
5252
5540
5811
4330
4957
4978
5241
5528
4909
5305
5553
4400
5089
4362
4773
6411
5481
6583
6607
5211
5289
6088
5850
4361
6522
6745
4602
5136
5237
6532
4329
5732
5380
5590
4460
4851
5074
5551
5691
4467
4709
5197
6559
4464
5726
5937
5732
5367
4411
4544
4547
5334
5940
4553
5738
5740
6004
5372
4759
5424
5328
6242
4450
5695
5897
4778
4721
5091
5347
5590
4581
6334
4740
6327
4608
4612
6403
4584
5086
5372
4440
5613
4833
5550
5206
5662
4491
4663
5106
5223
5250
6186
6328
6719
5569
6653
5892
5122
4773
6233
6718
4455
4959
4626
4837
5644
4847
4910
5566
4595
5925
6717
6260
6720
5611
6046
4630
5624
5784
4385
5034
4852
5477
4486
5116
5416
5695
5897
5165
5736
6133
4690
4983
6399
4871
6345
5179
6425
6569
5578
5852
6060
4526
5111
6569
4743
6019
6502
4484
6372
6713
6562
6063
4530
5301
6361
5986
6670
6696
4633
5172
5778
6588
5230
6500
6565
4898
6362
5173
5780
5495
5736
6629
5895
5155
4886
4651
6742
5076
6076
6136
6229
6380
5634
4487
4803
6243
5181
5610
6482
4456
5313
5456
5505
4733
5523
5768
5991
4954
6043
4430
4712
5625
6571
5356
5589
5673
4891
5516
6207
5135
5807
6381
5926
4776
5746
4541
4448
4732
4659
5059
5056
5555
6528
4964
5710
4710
6168
6643
4473
6608
5172
6049
6588
4515
5374
4608
6403
6625
4594
6353
6082
6586
4453
5420
4985
5449
6160
4516
6300
5387
5903
6701
4487
5787
6243
6276
5064
5154
6312
4962
6712
4980
5282
5017
5281
4777
4987
5201
6394
6443
4551
5236
5795
6129
4566
4644
4884
5382
5842
6376
4477
4503
5435
5493
5118
5575
5262
5495
6165
6591
5172
4776
5576
5006
5740
6377
6576
4544
5125
5383
5523
5151
6546
4907
4946
5981
4547
5992
5754
5819
6197
5051
5549
6637
4658
4931
6191
4906
4998
5440
4821
5081
4913
4605
4607
5277
6490
6713
5271
5571
4783
4841
5498
5044
5496
4772
5100
6194
6551
6628
6678
4997
5824
4872
6714
5094
6406
6717
5893
6068
5453
6462
4734
4971
5044
4767
5005
4896
5783
5982
5063
5403
5760
6430
6286
6416
4562
5103
6247
5969
4992
5451
6340
4660
5020
5513
6698
5165
6733
4713
5464
5171
5568
5618
6270
6407
4535
5307
6630
4672
4610
5534
6269
6491
4708
5801
5956
6307
4985
5209
5925
4536
5457
6040
5595
4551
5236
4525
6115
6427
5006
5104
5806
5009
6405
4594
4557
5174
5466
4791
5742
4710
5251
4990
5683
6605
6434
6586
5442
5506
5960
6113
4748
5304
5232
5979
4680
5273
5547
5180
6503
4787
5952
6237
5903
6701
5220
5369
6467
6722
4752
5915
5425
6066
6441
6533
5940
5224
6067
5610
6482
5149
5046
5795
4554
6447
4991
6177
4940
5524
5757
5839
5430
6663
5727
6262
5447
4966
5361
5396
6645
4711
5285
5963
6566
4712
5507
5625
5854
5945
4803
5497
4824
6215
4718
5764
5997
6407
6444
5189
5231
6419
6447
5382
5649
5230
6565
4585
5861
6480
4577
6476
5008
6197
4590
5655
6699
5419
6036
6191
5443
4894
5066
6268
4616
5428
5530
4799
4669
5545
6655
5003
6202
5269
5318
5079
5751
6605
4873
5395
5449
5055
6240
4984
6001
5094
5395
6717
4903
5041
4699
5873
6333
4684
5474
4646
4742
5152
6521
4659
4841
5498
4636
4726
4748
6036
5967
4864
5025
5279
4831
5623
5967
5983
6571
5760
5880
6123
5882
6027
5746
5983
4815
6437
5156
5423
6515
4649
4993
5836
5477
5640
6676
5646
5911
4620
6494
6492
6204
5297
5714
6581
4960
5620
5754
5819
6096
6448
5917
4837
5884
6024
4905
6125
5340
5846
5977
5355
5827
4685
5316
5778
4722
6356
4770
5023
5855
5286
6429
6703
5249
5281
6435
6131
5881
5893
5968
5149
5863
4665
6272
5497
5672
5791
6508
5105
6190
5534
6269
6558
4691
5774
5978
4654
4962
5958
5679
5693
5877
6652
5803
5225
4794
4937
5021
4695
6309
5254
5452
5393
6402
6660
6020
5585
5950
5797
5868
6497
6556
6186
6293
6328
5026
5694
4871
5549
6345
4995
5161
6338
5261
5232
5372
6151
4680
5161
4798
5307
5392
5707
5950
5251
5474
5172
4948
5862
6241
5588
5596
4860
4996
5488
5585
5857
6689
6736
5200
6449
4766
4800
5345
6094
5941
6193
6309
6601
6702
6056
5645
6258
4790
5130
5178
6561
5018
6218
6582
5202
5315
5800
4831
4855
4947
6175
6411
5256
4874
4912
5492
4981
5359
5425
6533
4802
5390
5343
5111
5244
6067
4848
5186
6011
6608
5231
5235
5399
4911
5956
6307
5011
6285
4775
4889
4938
5266
6091
5159
5202
5315
6306
4748
5431
6605
5810
6463
6193
6211
5296
5328
5454
6139
6595
6515
5909
6396
6629
4839
5456
6030
5713
5049
5319
6616
5373
6012
6043
4784
5356
6288
6545
5420
5464
5959
6664
5009
5349
4998
6071
5601
5659
6151
6725
5334
6714
4866
5705
6256
6380
5482
4857
4989
5450
4944
5789
5896
5250
6677
4993
5917
6457
6208
6209
6357
5237
5629
4902
6264
6286
5979
6529
4853
5019
5859
6390
5005
5637
5951
5001
5023
6249
6641
6657
5290
6498
6551
6131
5079
5751
4988
5927
6356
4959
5200
5215
5785
6006
6152
6224
5099
5589
5912
5280
4833
5550
4892
5952
4793
5264
4863
4887
5606
5242
5260
4883
6090
6544
5653
6351
5264
5348
6703
5241
5459
5468
5194
5695
4974
6100
6564
5729
5275
5777
6101
5285
6150
5598
5024
5046
5795
6377
5281
6375
6693
6734
5481
4847
4884
5842
4818
4830
5664
4931
6191
6609
6054
6355
5539
5564
5994
5718
6648
6033
6128
6325
5089
6071
5049
5860
4859
5413
5016
6277
6636
5280
5043
6111
5233
6644
5183
6419
5510
5199
6348
6466
6727
5716
6209
6341
6584
5663
5960
6030
5188
5518
5027
5306
5165
6133
6585
6733
5210
5827
5155
5000
5388
4863
5092
5190
6424
4934
5636
6456
6688
5368
5476
6069
5129
6194
6644
5107
6335
6499
5069
5450
6035
6263
6344
6165
4918
5087
6170
5123
5206
5011
5803
5116
6057
6271
5184
5302
5767
5934
4909
5305
5491
5395
5429
6596
5559
6178
5768
5931
6688
6046
6574
5085
5408
5466
5635
5699
5742
5446
5605
5696
6678
5678
5589
5813
5912
4988
5516
6254
5944
6398
5154
6207
6552
5048
5179
5138
5482
6512
5475
5711
5028
5571
5639
4936
5085
5120
5415
5569
6602
5004
5599
4995
5019
5040
6273
5764
5756
6249
5169
5796
5609
5991
5421
5478
5315
5800
6170
6210
5353
6413
6672
5834
5879
5303
6302
5936
6131
6233
5436
5594
6390
5173
5816
6335
5222
5587
6019
6502
5221
5534
6401
6491
5932
6559
5012
6026
6141
5218
5542
5290
5426
6551
6718
4978
5241
6558
5708
5761
6032
6256
6679
5016
6694
5424
6236
5727
6505
5343
5983
6571
5483
5981
5160
5626
5862
5207
5500
6440
6469
5536
5743
5625
6362
6625
6032
6145
6679
5722
5609
5685
5929
5176
5209
5528
6000
6739
6468
5620
6220
5544
6250
6578
5669
6310
6647
6072
6002
5361
5721
5777
5648
6214
6479
5310
5317
5972
5980
6673
5805
6231
6629
5504
6085
6146
6215
5375
5946
5721
5777
5053
6244
6282
5310
5972
5528
5709
6721
5035
5042
6497
5309
5945
5357
6358
6109
6112
5556
5358
6623
5525
5504
5621
5132
5294
5717
6457
5651
6575
6071
5928
6156
5598
6276
5379
5524
5128
6509
5713
6116
6128
5240
5141
5299
5726
5122
5763
5822
5856
6199
5994
5177
5422
6518
6368
6622
5408
6311
6275
5249
5554
5833
6069
5534
6401
6558
5099
5375
5146
5920
5155
5823
5304
6724
5283
6310
5563
5999
5262
5578
5663
5073
6183
6222
6426
6042
6132
5793
5531
5243
5641
5809
5939
5074
5227
6115
6445
6273
5554
5833
5370
5071
6417
6490
5077
5462
5501
6587
5276
5083
6358
5745
5847
6240
6472
5195
5514
5885
5893
6068
5125
5435
6560
6087
6105
6198
5189
6252
6364
6409
5984
5166
5361
5396
6147
5400
5931
6553
5615
5284
5918
5228
5508
6486
6634
6102
5827
5982
6238
5394
6475
5486
6008
5688
5293
5787
6119
5841
5337
5428
5199
6130
5114
5409
6438
6554
6285
6343
5190
6222
6426
5733
5824
6157
6406
5538
6693
6734
5217
5335
6487
5360
6005
5461
5468
5977
5602
6217
5226
6699
5152
5890
5593
5326
5386
5488
5541
5861
5651
5709
5900
6721
6227
6449
5409
5859
6094
6455
6380
6398
6549
5363
6422
6288
5698
5701
6636
6522
6464
5558
5632
6016
5255
5919
6577
5268
6271
6509
6204
5242
6654
5888
6524
6647
5683
6203
6383
5440
6338
6421
6021
6238
6039
6381
5629
5788
5273
5547
6461
5710
5879
6072
6311
5734
5846
6083
6313
5998
6249
6069
5192
5622
6673
5342
6454
6105
5357
5766
5952
6627
5696
5728
6678
5236
6129
6147
5714
5886
5229
5407
6101
5531
6142
6556
5811
6221
6573
5758
5967
6402
6722
5287
5772
5796
5677
5942
6153
6211
5737
6332
5809
6109
5260
5578
5635
6503
6126
6653
5211
6419
5962
6412
5682
5883
5837
6011
5365
5263
6364
5904
5695
5553
5628
5770
5755
5346
5462
5379
5831
6546
5682
5914
5662
5369
5310
5980
6404
6477
5389
6109
5827
5228
6519
6634
6652
6336
5471
5526
5227
5603
5463
5676
5946
5509
5863
5369
5739
6401
6686
6092
5254
5452
5703
5267
5538
6247
5398
6101
6251
6388
5586
5263
5530
6192
5664
5271
5749
6315
5629
5442
6018
6113
5273
6581
5380
5806
5906
5641
6160
6548
5373
5472
5718
6431
6681
5789
6613
5759
5833
5270
6031
6656
5497
6149
5891
5512
5677
6406
5600
6347
6451
5427
5572
5323
5399
6252
5449
5855
6439
6450
6598
5494
6219
6225
5318
6328
6331
6470
5859
6455
6034
6374
6716
5345
5583
6143
5683
6637
5823
6435
5383
5709
5909
6127
6181
5890
6183
5617
6052
6348
6727
5426
5776
5894
5388
5299
5930
5794
5454
6581
5937
5317
5727
5980
6302
6412
6535
5470
6086
5349
5486
5397
5821
6291
5569
6213
6602
5326
5480
6000
6149
6436
6555
5896
6434
5682
5901
6168
6643
5499
5646
5364
5434
6184
5431
6039
5420
6739
6324
5731
5894
6241
5788
6089
6391
5821
6249
6641
6668
6714
5946
6044
6100
5940
6358
6104
6397
6539
5784
5826
5733
5926
6521
6571
6385
6524
5594
6390
6315
5693
6697
5529
5608
5612
6342
5494
5705
5469
5755
6077
5738
5740
6576
5589
6399
6394
5956
6497
5432
6223
6090
6184
6597
5883
5570
5605
5696
6158
5500
5530
6012
5924
5519
6185
6371
6031
6363
6432
5773
6668
6306
5806
5495
5736
5687
5709
5679
6519
5903
5787
6276
5925
5953
6150
5408
5879
6311
5623
6108
5458
5498
5932
5786
6672
6157
5962
6630
5508
5749
6289
6404
5638
5902
6073
5951
6183
6190
6426
5548
5955
5719
6572
6324
6478
5493
5762
5697
5799
5870
6692
6280
5521
6061
6242
6175
6131
6036
5464
5706
6062
5592
5748
5543
6643
5446
6157
5616
6731
6392
6148
6337
5927
6356
6365
5581
5843
6667
5556
5613
6680
5471
5673
5692
5857
6030
6063
5755
5990
6628
5864
5995
6234
5656
5787
6372
5731
5844
6240
6472
6436
5533
6278
5461
5468
5874
5650
5938
6428
6458
6051
5519
6674
5779
5511
6445
5985
6302
6460
6151
5776
6282
6373
5571
6322
5835
5927
5754
6448
5572
5895
6512
5954
5744
6210
5544
5898
5899
6739
6580
6275
5671
6143
5872
6007
5843
5538
5815
6314
5646
6189
6295
6562
5794
6137
5621
5790
5722
6113
5659
6635
5647
5730
5810
6212
6490
5648
5770
6254
6638
5853
5946
5602
6096
6201
5614
6061
6602
5660
5741
6022
6417
5909
6306
6254
6645
6195
6230
6370
6442
6058
6017
5836
6497
6556
6430
5723
5797
5765
6365
6734
6304
5811
6029
5861
5998
5840
6483
6441
6624
6711
5899
6186
6327
5613
6680
6058
5841
6001
6301
5919
6379
6577
6743
5628
6528
5993
6018
6002
6019
6283
6200
6617
6531
6055
6179
6378
6065
5957
6187
5723
5730
5618
6359
5858
6144
5825
6485
5838
6086
6676
5847
5944
5968
6010
6015
6480
6087
6121
6198
6600
5777
6279
6708
5908
6005
5622
5601
6014
5748
6143
6300
6692
5796
5853
6243
6116
6398
6549
5922
6217
5772
6488
5990
6611
6621
6148
6337
6017
6526
6396
5712
6227
6342
6173
5785
5828
6153
5652
6415
5783
5668
6673
6467
6644
5889
6554
6274
6616
6511
6579
6025
6283
5976
6720
5699
6074
5775
5838
5828
6305
6683
5822
5845
6260
5788
6089
5924
6296
6458
6120
6575
6171
5997
6444
6570
6144
6164
6632
6595
6372
6462
6717
6102
5687
6232
6376
6439
5922
6635
5741
6691
5766
5823
6591
5668
5848
5750
6060
6098
5830
5958
6712
6247
6375
5902
6350
5867
6028
6212
6291
5892
6519
5812
6687
6003
6482
5883
6261
6027
6031
6363
6376
6093
6093
6301
5721
6349
6652
6707
6724
6741
5728
6664
6669
5701
5921
6298
5779
6294
5798
5813
5912
6297
6620
5829
5856
5921
5747
5817
6256
6679
6730
6542
6657
6665
5834
6072
5886
6202
5965
5930
6177
5924
6225
6296
6645
6425
6290
6706
6007
6474
5937
6197
5896
6260
6029
6205
5824
6050
6314
6202
6209
5758
5756
5780
5769
6427
5792
6509
5797
6282
6563
5764
6060
6007
6161
6065
6391
6077
6306
6629
5971
5880
6111
6665
6245
6253
6534
5947
6522
6626
5961
6226
6736
5928
6156
5934
6427
6246
6694
6547
6550
5978
5864
6114
6599
6540
5850
6135
6294
6021
5826
6379
6672
6561
6146
6304
6508
6176
6244
6603
5920
6255
5878
6075
6297
5964
6038
6516
6339
6016
5875
6039
5840
6041
6483
6112
6656
6590
6189
5881
5968
6314
6733
6020
6123
6424
6096
6201
6384
6691
6713
6591
6485
6548
6285
6339
6343
5958
6032
6319
5913
6368
6557
6622
5971
5927
6192
5923
6654
5941
6244
6418
6527
6611
6326
6589
6092
6431
6599
5954
6682
6206
6285
5908
5973
6094
6215
6299
5871
6531
6162
6272
6511
6532
5964
6669
6028
6007
6474
6258
6525
6626
6051
5907
6231
6340
6541
6607
6167
6349
6295
6474
6269
6728
5914
6217
6448
6338
6421
6385
6550
6057
6671
6190
6242
6503
6250
6503
5943
6721
5976
6711
6350
6213
6586
6592
6654
6230
6132
6705
6387
6075
5966
6122
6513
6024
6223
6235
6507
6593
6379
6129
6011
6741
6040
6462
6180
6627
6027
6047
5937
6289
6417
6422
6633
6700
6200
6316
6009
6296
6073
6257
6386
6661
6253
6534
6268
6039
6317
6150
6667
6612
6742
6158
6293
6365
6045
6137
6557
6467
6097
6312
6410
6239
6124
6144
6164
6026
6141
6388
6192
6273
6021
6238
6317
6732
6701
6708
6719
6083
6292
6095
6402
6396
6504
6606
6520
6680
6026
6340
6541
6014
6084
6618
6103
6488
6601
6739
6119
6125
6427
6062
6730
6130
6517
6284
6035
6263
6631
6046
6066
6263
6463
6514
6063
6102
6278
6728
6377
6374
6632
6614
6700
6324
6458
6132
6523
6705
6304
6728
6107
6610
6287
6744
6179
6543
6650
6097
6410
6683
6438
6152
6224
6173
6257
6090
6117
6544
6597
6512
6618
6248
6650
6526
6633
6171
6125
6504
6549
6106
6355
6352
6146
6200
6617
6395
6439
6737
6564
6400
6217
6478
6673
6154
6488
6715
6409
6617
6644
6112
6198
6473
6600
6604
6160
6367
6567
6675
6167
6349
6453
6384
6200
6316
6555
6164
6181
6373
6466
6609
6585
6261
6332
6431
6681
6229
6382
6451
6287
6560
6677
6145
6326
6436
6464
6193
6496
6535
6524
6578
6272
6744
6313
6203
6383
6729
6590
6701
6709
6719
6350
6465
6504
6606
6509
6447
6252
6409
6617
6683
6521
6190
6371
6612
6619
6297
6587
6609
6498
6574
6479
6476
6312
6476
6318
6357
6341
6386
6477
6553
6586
6648
6661
6271
6537
6507
6689
6449
6541
6693
6574
6538
6598
6363
6451
6527
6274
6276
6258
6734
6650
6397
6726
6454
6284
6620
6534
6305
6473
6604
6720
6383
6637
6283
6505
6436
6615
6619
6616
6298
6430
6649
6416
6560
6456
6688
6715
6477
6489
6331
6599
6297
6636
6361
6305
6393
6410
6516
6461
6647
6473
6563
6627
6484
6674
6506
6546
6421
6568
6684
6676
6581
6687
6589
6639
6331
6336
6603
6365
6525
6662
6499
6633
6700
6352
6494
6549
6444
6565
6695
6465
6424
6730
6543
6415
6470
6471
6557
6442
6746
6557
6691
6524
6738
6709
6726
6423
6725
6443
6655
6433
6660
6625
6477
6553
6444
6413
6475
6702
6473
6484
6562
6475
6428
6458
6527
6471
6638
6452
6690
6621
6486
6703
6554
6598
6469
6618
6710
6545
6567
6596
6730
6566
6684
6729
6642
6712
6662
6740
6514
6517
6727
6592
6672
6514
6619
6634
6570
6553
6686
6624
6710
6698
6666
6722
6535
6523
6705
6572
6600
6604
6532
6533
6555
6744
6680
6745
6745
6633
6716
6666
6723
6626
6562
6594
6573
6583
6580
6646
6572
6641
6668
6738
6738
6613
6598
6690
6656
6704
6659
6646
6607
6747
6610
6699
6675
6702
6621
6724
6631
6735
6695
6710
6745
6732
6678
6746
6697
6725
6711
6698
6670
6697
6707
6726
6665
6746
6743
6666
6722
6737
6681
6731
6669
6696
6743
6685
6677
6736
6710
6703
6715
6741
6747
6747
6744
6740
)


// ************************************************************************* //
