/*--------------------------------*- C++ -*----------------------------------*\
| =========                 |                                                 |
| \\      /  F ield         | OpenFOAM: The Open Source CFD Toolbox           |
|  \\    /   O peration     | Version:  2.3.0                                 |
|   \\  /    A nd           | Web:      www.OpenFOAM.org                      |
|    \\/     M anipulation  |                                                 |
\*---------------------------------------------------------------------------*/
FoamFile
{
    version     2.0;
    format      ascii;
    class       volScalarField;
    location    "7000";
    object      nuTilda;
}
// * * * * * * * * * * * * * * * * * * * * * * * * * * * * * * * * * * * * * //

dimensions      [0 2 -1 0 0 0 0];

internalField   nonuniform List<scalar> 
6748
(
0.0586048
0.0527576
0.0475583
0.043182
0.0397193
0.0370772
0.0345503
0.0319801
0.029391
0.0267505
0.0240832
0.0218662
0.0659986
0.0617665
0.0580523
0.054843
0.0521586
0.0500104
0.0483792
0.0472214
0.0464854
0.0461082
0.0460342
0.0462108
0.0722378
0.0691982
0.0665903
0.0643952
0.0625995
0.061185
0.060125
0.0593858
0.0589306
0.0587214
0.0587202
0.058892
0.0774957
0.0752661
0.0733829
0.0718119
0.0705329
0.0695255
0.068768
0.0682374
0.0679108
0.0677653
0.0677794
0.0679318
0.0818612
0.0802058
0.0788031
0.0776293
0.0766678
0.0759039
0.0753233
0.0749125
0.0746582
0.0745472
0.0745674
0.0747059
0.085505
0.0842466
0.0831698
0.0822594
0.0815047
0.0808973
0.0804293
0.0800932
0.0798831
0.0797922
0.0798137
0.0799403
0.0885575
0.0875761
0.0867266
0.0859976
0.0853838
0.0848827
0.0844911
0.0842057
0.0840246
0.0839462
0.0839679
0.0840853
0.0911222
0.0903413
0.0896567
0.0890585
0.0885429
0.0881172
0.087781
0.0875322
0.087371
0.0872999
0.0873209
0.0874314
0.0932903
0.0926563
0.0920945
0.0915998
0.0911499
0.0907785
0.090485
0.090266
0.0901191
0.0900496
0.0900687
0.0901748
0.0951429
0.0946125
0.094138
0.0937409
0.0933246
0.0929931
0.0927332
0.0925418
0.0924095
0.0923326
0.0923478
0.0924502
0.0233763
0.0271991
0.0296181
0.0321099
0.0351085
0.0387263
0.0429525
0.0477314
0.0529936
0.058663
0.064658
0.0709183
0.0465555
0.0471098
0.0479948
0.0492678
0.0509767
0.0531568
0.0558264
0.0589821
0.0626004
0.066641
0.0710545
0.0758192
0.0591955
0.0596546
0.060332
0.0612592
0.0624668
0.063983
0.0658319
0.0680292
0.0705813
0.0734845
0.0767279
0.0803383
0.068201
0.0686002
0.0691631
0.0699082
0.0708527
0.0720141
0.0734089
0.0750507
0.0769501
0.0791141
0.0815497
0.084305
0.0749495
0.0753063
0.0757957
0.0764272
0.0772103
0.078154
0.0792676
0.0805592
0.0820364
0.0837059
0.085578
0.0877023
0.0801636
0.0804883
0.0809253
0.0814791
0.0821539
0.0829533
0.0838807
0.0849395
0.0861325
0.0874627
0.0889346
0.0905703
0.0842929
0.0845929
0.084991
0.0854884
0.086086
0.0867838
0.0875812
0.0884777
0.0894718
0.090563
0.0917545
0.0930667
0.0876271
0.0879077
0.0882758
0.0887306
0.0892705
0.0898937
0.0905971
0.0913765
0.0922268
0.0931435
0.094125
0.0951831
0.0903622
0.0906262
0.0909709
0.0913924
0.0918873
0.0924541
0.0930876
0.09378
0.0945235
0.0953113
0.0961352
0.0970053
0.0926342
0.0928789
0.0932047
0.093599
0.0940563
0.0945782
0.0951587
0.095781
0.0964385
0.0971293
0.0978606
0.0985739
0.0648742
0.0535137
0.0444259
0.0371945
0.0313362
0.026442
0.0224394
0.0196492
0.0172509
0.0147405
0.0119579
0.00870893
0.0673458
0.0579391
0.0507912
0.0454755
0.0417671
0.0386539
0.0354322
0.0320296
0.0284422
0.0246132
0.0204588
0.0158771
0.0701922
0.0627629
0.0574331
0.0539326
0.0507879
0.0475441
0.0440726
0.0403009
0.0361798
0.031665
0.0267099
0.0212693
0.0732664
0.0675352
0.0637673
0.0606494
0.0574906
0.0541109
0.050423
0.0463634
0.0418765
0.036909
0.031407
0.0253209
0.0763714
0.0719664
0.0688858
0.0658722
0.0626843
0.0592092
0.0553691
0.0510979
0.0463335
0.0410113
0.0350659
0.0284322
0.079344
0.0759859
0.0730469
0.0700586
0.0668465
0.0633064
0.0593575
0.0549264
0.0499396
0.0443218
0.0379947
0.0308795
0.0820666
0.0792116
0.0764138
0.0734671
0.070251
0.066671
0.0626431
0.0580861
0.0529164
0.0470465
0.0403848
0.0328412
0.084602
0.0819128
0.079195
0.0762876
0.0730793
0.0694753
0.0653881
0.0607301
0.0554078
0.0493212
0.0423656
0.0344407
0.0866916
0.0841464
0.0815064
0.0786444
0.0754544
0.0718391
0.0677049
0.0629619
0.0575113
0.0512459
0.044044
0.035785
0.0884228
0.0859922
0.0834317
0.0806241
0.0774628
0.0738487
0.0696743
0.0648504
0.0592845
0.0528894
0.0455265
0.0370245
0.00490635
0.00200276
0.00185136
0.00243931
0.00315608
0.00418808
0.00574292
0.00773907
0.01024
0.0133245
0.0170707
0.021557
0.0106312
0.00509357
0.0025856
0.00302192
0.00393349
0.00517092
0.00682558
0.00885906
0.0113229
0.0142783
0.0177897
0.0219211
0.0151366
0.00828534
0.00372571
0.00370781
0.00481379
0.00621791
0.00796311
0.0100247
0.0124435
0.0152647
0.0185381
0.0223118
0.0184663
0.0108099
0.0049947
0.00446306
0.00572576
0.00726375
0.00908372
0.0111638
0.0135327
0.0162255
0.0192989
0.0228908
0.0209504
0.0126796
0.00617026
0.00525074
0.00662859
0.00827587
0.0101558
0.0122465
0.0145674
0.0171522
0.0200602
0.0233702
0.0228429
0.0140681
0.0071781
0.00603546
0.00749718
0.00923673
0.0111659
0.0132623
0.0155409
0.0180324
0.0207783
0.0238011
0.0243113
0.0151163
0.00802218
0.00678859
0.00831462
0.0101377
0.0121083
0.0142086
0.0164504
0.0188547
0.0214407
0.0242041
0.0254714
0.0159233
0.0087337
0.00749918
0.0090836
0.0109758
0.0129818
0.0150853
0.0172924
0.0196124
0.0220466
0.0245829
0.0264206
0.0165544
0.00932856
0.00815881
0.00980049
0.0117547
0.0137927
0.0158956
0.0180669
0.0203053
0.0226
0.0249393
0.0273993
0.0173977
0.00998342
0.00878403
0.0104833
0.012459
0.0144845
0.0165909
0.0187576
0.0209248
0.0230823
0.025249
0.00109946
0.00381127
0.0081194
0.0129332
0.0178077
0.0225843
0.0271476
0.0314671
0.0358039
0.0403726
0.0453257
0.0516833
0.000761402
0.0024708
0.00614776
0.0098816
0.0137695
0.0179212
0.0222893
0.0267729
0.0313194
0.0359805
0.0409098
0.0466103
0.000443124
0.00163151
0.00413051
0.00790778
0.0124501
0.016757
0.0209438
0.0250926
0.029265
0.0335541
0.0381358
0.0433562
0.000531889
0.00134946
0.00340879
0.0065584
0.011064
0.015844
0.0204883
0.024872
0.0289527
0.0328395
0.0368234
0.0413649
0.000498245
0.00120269
0.00303112
0.00580779
0.00984986
0.0148663
0.0199181
0.0247793
0.0292464
0.0331858
0.0367612
0.0405513
0.000491411
0.00109523
0.002763
0.00529022
0.0089682
0.0139313
0.019261
0.0245291
0.0294972
0.0338661
0.037486
0.0407557
0.000479738
0.00101949
0.00257411
0.00492536
0.00834061
0.0130962
0.0185874
0.0241661
0.029565
0.0344611
0.0384878
0.0416494
0.00047473
0.000965226
0.00243301
0.00465341
0.00787521
0.0123975
0.017943
0.023759
0.0295103
0.0348909
0.0394737
0.0429706
0.000471754
0.000926947
0.00232747
0.00444849
0.00752122
0.0118418
0.0173703
0.0233665
0.0294082
0.0352025
0.0403327
0.0443321
0.000471585
0.000899829
0.0022514
0.00429883
0.00725952
0.0114214
0.0168958
0.0230319
0.0293225
0.0354685
0.0410828
0.0456488
0.00047306
0.00088108
0.00219769
0.00419165
0.00706927
0.0111097
0.0165184
0.0227689
0.0292801
0.0357272
0.0417456
0.0467948
0.000475705
0.000868257
0.00216028
0.00411566
0.00693192
0.0108799
0.0162226
0.0225732
0.029291
0.0360056
0.0423645
0.0478239
0.00047878
0.000859277
0.00213391
0.00406142
0.0068324
0.0107099
0.0159898
0.0224326
0.0293574
0.0363343
0.0430118
0.0488695
0.000481682
0.000852232
0.0021135
0.00401925
0.0067549
0.010577
0.0157973
0.0223177
0.0294469
0.0366875
0.0436771
0.049906
0.000484144
0.000846024
0.00209567
0.00398243
0.00668722
0.0104606
0.01562
0.0221906
0.0295032
0.0369883
0.0442569
0.0507916
0.000486147
0.000840438
0.00207993
0.00395012
0.00662815
0.0103594
0.015462
0.0220632
0.0295463
0.0372743
0.0448354
0.0517525
0.00048759
0.000834978
0.00206492
0.00391966
0.00657306
0.0102658
0.0153138
0.0219242
0.0295601
0.0375173
0.0453388
0.0525292
0.000488447
0.000829473
0.00205007
0.00388989
0.00651996
0.010177
0.0151737
0.0217772
0.0295552
0.0377479
0.0458549
0.0534025
0.000488654
0.000823662
0.00203451
0.0038589
0.00646496
0.0100855
0.0150285
0.0216009
0.0294926
0.0379054
0.0462774
0.054107
0.000488275
0.000817657
0.00201848
0.00382729
0.00640941
0.00999396
0.0148843
0.0214108
0.0293862
0.0380054
0.0466499
0.0548261
0.000487366
0.000811422
0.00200166
0.00379442
0.00635213
0.0099003
0.0147374
0.0212065
0.0292286
0.0380181
0.0468972
0.0553467
0.000486114
0.000805273
0.00198502
0.00376227
0.00629669
0.00981066
0.0145984
0.0210103
0.0290597
0.0380008
0.0471107
0.0558686
0.000484646
0.00079902
0.00196832
0.00373022
0.00624185
0.00972282
0.0144634
0.0208176
0.0288757
0.0379434
0.0472508
0.0562404
0.000483045
0.000792921
0.00195203
0.00369895
0.0061885
0.00963784
0.0143339
0.0206326
0.02869
0.0378749
0.0473812
0.0566377
0.000481336
0.000787009
0.00193621
0.00366841
0.00613619
0.00955432
0.0142065
0.0204492
0.0284933
0.0377817
0.0474747
0.0569669
0.000479575
0.000781432
0.00192124
0.00363928
0.00608586
0.0094733
0.0140819
0.0202669
0.0282828
0.0376555
0.0475218
0.0572377
0.000477816
0.000776292
0.00190742
0.00361229
0.00603903
0.00939738
0.0139643
0.0200927
0.0280703
0.0375091
0.0475365
0.057471
0.000476074
0.000771591
0.00189487
0.00358784
0.00599653
0.00932845
0.0138571
0.0199329
0.0278687
0.0373594
0.0475379
0.0576918
0.000474344
0.000767244
0.0018834
0.00356569
0.00595834
0.00926673
0.0137615
0.0197899
0.0276838
0.0372141
0.0475291
0.0578867
0.000472631
0.000763185
0.00187275
0.00354525
0.0059235
0.00921117
0.0136764
0.0196641
0.0275209
0.0370842
0.0475228
0.0580713
0.00047094
0.000759331
0.00186268
0.0035259
0.00589063
0.00915914
0.0135976
0.0195489
0.0273723
0.0369621
0.0475023
0.0581927
0.000469245
0.000755764
0.00185326
0.0035076
0.00585933
0.00910958
0.0135231
0.0194421
0.0272395
0.0368705
0.0475374
0.0584288
0.00046749
0.000752393
0.00184434
0.00349004
0.00582879
0.00906013
0.0134467
0.0193289
0.02709
0.0367493
0.0475352
0.058597
0.000465657
0.000749168
0.00183587
0.0034734
0.00579989
0.00901299
0.0133728
0.0192161
0.0269304
0.0365904
0.047462
0.0586402
0.000463755
0.000745992
0.00182765
0.00345739
0.00577231
0.0089686
0.0133042
0.0191129
0.0267857
0.0364455
0.0474044
0.0587337
0.000461792
0.000742924
0.00181973
0.00344195
0.00574584
0.00892638
0.01324
0.0190184
0.0266566
0.0363229
0.0473768
0.0588806
0.000459753
0.000739956
0.001812
0.00342671
0.00571948
0.00888411
0.0131755
0.0189238
0.0265284
0.0362022
0.0473592
0.0590548
0.000457646
0.000737089
0.00180457
0.00341193
0.00569361
0.00884197
0.0131098
0.0188243
0.0263846
0.0360382
0.0472505
0.0590359
0.000455486
0.000734431
0.00179764
0.00339805
0.00566933
0.00880257
0.0130487
0.0187325
0.0262536
0.0358908
0.0471701
0.0591046
0.000453275
0.000731922
0.0017911
0.00338483
0.00564599
0.00876441
0.0129892
0.018643
0.0261251
0.0357415
0.0470745
0.0591197
0.000451022
0.000729672
0.00178521
0.00337279
0.00562451
0.0087289
0.0129334
0.0185583
0.0260026
0.0355965
0.0469851
0.0591734
0.00044871
0.000727604
0.00177992
0.00336194
0.00560501
0.0086963
0.0128813
0.0184779
0.0258834
0.0354463
0.0468695
0.059162
0.000446385
0.000725701
0.00177524
0.00335246
0.00558813
0.00866818
0.0128364
0.018408
0.0257787
0.0353119
0.0467604
0.0591447
0.00044404
0.000723904
0.00177087
0.00334377
0.00557305
0.00864371
0.012798
0.0183491
0.0256914
0.0352022
0.0466767
0.0591384
0.000441603
0.000722027
0.00176642
0.0033351
0.00555837
0.00862059
0.0127631
0.0182976
0.0256179
0.0351171
0.0466345
0.0591905
0.000439031
0.000720017
0.00176158
0.00332555
0.00554222
0.00859545
0.0127258
0.0182442
0.025545
0.0350384
0.0466201
0.0593217
0.000436314
0.000717862
0.00175627
0.00331486
0.00552382
0.00856626
0.0126818
0.0181799
0.025454
0.0349265
0.0465488
0.0593626
0.000433487
0.000715747
0.00175089
0.0033037
0.00550406
0.00853435
0.0126329
0.0181077
0.0253508
0.0347951
0.0464472
0.0593508
0.000430605
0.000713874
0.00174598
0.00329302
0.00548445
0.00850147
0.0125809
0.0180289
0.0252355
0.034642
0.0463121
0.0593159
0.000427724
0.000712519
0.00174221
0.00328418
0.0054673
0.00847144
0.0125317
0.0179516
0.0251186
0.0344794
0.0461551
0.0592595
0.000424878
0.000711821
0.00174003
0.00327806
0.00545421
0.00844693
0.0124893
0.0178822
0.02501
0.0343228
0.0459943
0.0591906
0.00042209
0.000711897
0.00173976
0.00327547
0.00544672
0.00843041
0.0124575
0.0178261
0.0249166
0.0341809
0.0458364
0.0591007
0.000419306
0.000712791
0.00174156
0.00327672
0.00544565
0.00842385
0.0124401
0.0177896
0.0248493
0.0340722
0.04572
0.059094
0.000416477
0.000714217
0.00174489
0.00328107
0.00545013
0.00842635
0.0124366
0.0177729
0.0248079
0.0339925
0.0456127
0.0589857
0.000413619
0.000716236
0.00174962
0.00328808
0.00545938
0.00843708
0.0124467
0.0177779
0.0247994
0.0339587
0.0455592
0.0589242
0.000410605
0.000718873
0.00175571
0.00329731
0.00547208
0.00845333
0.0124664
0.0178007
0.0248257
0.0339966
0.0456674
0.0592457
0.000407433
0.00072209
0.00176304
0.00330824
0.00548649
0.00847042
0.0124845
0.0178172
0.0248371
0.0340029
0.0457095
0.059414
0.00040416
0.000726329
0.00177267
0.00332305
0.00550634
0.008494
0.0125086
0.017836
0.0248407
0.033978
0.0456691
0.0594435
0.000400738
0.000731641
0.0017849
0.00334284
0.00553429
0.00852956
0.0125492
0.0178756
0.0248684
0.0339769
0.045643
0.0594824
0.000397052
0.000737918
0.00179967
0.00336735
0.00557033
0.00857793
0.0126092
0.0179439
0.024937
0.0340326
0.0456852
0.0595667
0.000393093
0.000745428
0.0018169
0.00339574
0.0056125
0.00863565
0.0126832
0.0180336
0.0250395
0.0341437
0.0458229
0.059797
0.000388752
0.000754149
0.00183664
0.00342804
0.00565973
0.00869967
0.0127645
0.018131
0.0251498
0.0342632
0.0459728
0.0601021
0.00038394
0.000764477
0.00185979
0.00346593
0.0057144
0.00877227
0.012854
0.0182329
0.0252548
0.0343544
0.0460404
0.0602697
0.000378647
0.000777072
0.00188784
0.00351206
0.00578129
0.00886097
0.0129629
0.0183559
0.0253793
0.0344565
0.0460902
0.0603503
0.000372764
0.000792526
0.00192211
0.00356885
0.00586417
0.0089716
0.0131001
0.0185137
0.0255446
0.0346072
0.0462029
0.0605268
0.000366072
0.000811557
0.00196407
0.00363899
0.00596738
0.00911026
0.0132735
0.0187156
0.0257607
0.0348121
0.0463611
0.0606981
0.000358065
0.000834735
0.00201525
0.0037252
0.00609497
0.00928266
0.0134906
0.0189708
0.0260373
0.0350814
0.0465846
0.0609412
0.000347694
0.000863133
0.00207795
0.00383077
0.00625171
0.00949631
0.0137621
0.0192941
0.0263949
0.0354384
0.0468769
0.0611157
0.000332079
0.000896845
0.00215276
0.00395723
0.00643948
0.00975253
0.0140886
0.0196858
0.0268377
0.0359095
0.0473568
0.0616637
0.000303581
0.00093644
0.00224291
0.00410975
0.00666427
0.010056
0.0144703
0.0201355
0.0273328
0.0364111
0.0478108
0.0620372
0.000255015
0.000983558
0.00235321
0.00429649
0.00693756
0.01042
0.0149198
0.0206516
0.0278786
0.036927
0.0482075
0.0622069
0.000231148
0.00104952
0.00249181
0.00453054
0.00727932
0.0108717
0.0154705
0.0212731
0.0285222
0.0375212
0.0486542
0.0623893
0.00023333
0.00114658
0.0026773
0.00484063
0.00772912
0.0114586
0.016173
0.0220486
0.029307
0.0382337
0.0492014
0.062696
0.000243009
0.0013352
0.00304923
0.00541359
0.00850334
0.0124045
0.0172374
0.0231559
0.0303644
0.0391416
0.0498473
0.0629475
0.000384635
0.00200836
0.00430951
0.00718403
0.0106224
0.0147004
0.0195542
0.0253277
0.0322387
0.0406357
0.0508748
0.0634013
0.00116136
0.00459506
0.00886121
0.0137135
0.0190934
0.0249432
0.0312034
0.0378124
0.0447055
0.0518148
0.0590814
0.0664696
0.000125218
0.00191879
0.00491467
0.00877601
0.0134866
0.0189789
0.025176
0.031967
0.039236
0.0468601
0.0547207
0.0627308
0.000643038
0.00175616
0.00410161
0.00726097
0.0112744
0.0161343
0.0218204
0.0282752
0.0354047
0.0430813
0.0511528
0.0594601
0.000658639
0.00157956
0.00360563
0.00635597
0.00990034
0.0142776
0.0195131
0.0255972
0.0324744
0.0400393
0.0481394
0.0565894
0.000673796
0.00138689
0.00318425
0.00564765
0.00885738
0.0128728
0.0177455
0.023498
0.030109
0.0375028
0.0455451
0.0540596
0.000676053
0.00123628
0.00286208
0.00510749
0.00805858
0.0117844
0.0163526
0.0218081
0.0281576
0.0353546
0.0432911
0.0518137
0.000677583
0.00112581
0.00261618
0.00468808
0.00743031
0.0109165
0.0152245
0.0204154
0.0265178
0.0335115
0.0413145
0.0497853
0.000677781
0.0010401
0.00241931
0.00434815
0.00691711
0.0102013
0.0142851
0.0192418
0.0251176
0.031917
0.0395919
0.0480451
0.000678259
0.000971191
0.00225716
0.0040656
0.00648815
0.00959948
0.0134888
0.0182382
0.0239087
0.0305262
0.038071
0.0464721
0.000678804
0.00091473
0.00212146
0.00382727
0.00612393
0.00908562
0.0128043
0.0173685
0.0228504
0.0292895
0.0366725
0.044882
0.000679205
0.000867685
0.0020063
0.00362389
0.00581018
0.00864064
0.0122079
0.0166053
0.0219122
0.028178
0.0354004
0.043508
0.00067949
0.000827904
0.00190718
0.00344764
0.00553633
0.00825046
0.0116823
0.015928
0.0210725
0.0271736
0.0342413
0.0422195
0.0006797
0.000793974
0.00182078
0.00329293
0.00529458
0.00790469
0.0112143
0.0153214
0.0203153
0.0262617
0.0331838
0.0410489
0.000680352
0.000769131
0.00174463
0.00315571
0.0050791
0.00759543
0.010794
0.014774
0.0196285
0.0254303
0.0322143
0.0399614
0.000682638
0.000760568
0.00167692
0.00303294
0.00488541
0.00731661
0.0104137
0.0142768
0.0190019
0.0246677
0.0313177
0.0389375
0.000686322
0.000762739
0.00161635
0.00292231
0.00471008
0.00706359
0.0100677
0.0138229
0.0184279
0.0239668
0.0304933
0.0380161
0.000690392
0.000767972
0.0015619
0.00282193
0.00455028
0.00683262
0.009751
0.0134063
0.017899
0.0233167
0.029715
0.0370767
0.000694174
0.000772875
0.0015128
0.00273057
0.0044046
0.00662079
0.00945995
0.0130224
0.0174101
0.0227143
0.0290003
0.0363019
0.000697469
0.000776658
0.00146837
0.00264721
0.00427139
0.00642577
0.00919137
0.0126673
0.0169565
0.0221526
0.0283223
0.0354683
0.000700301
0.000779372
0.00142804
0.00257088
0.00414893
0.00624551
0.00894259
0.0123376
0.016534
0.0216273
0.0276889
0.0347501
0.000702734
0.000781208
0.0013914
0.00250066
0.00403577
0.0060783
0.00871134
0.0120305
0.0161394
0.0211357
0.0270961
0.034062
0.000704844
0.000782517
0.00135941
0.00243582
0.00393075
0.00592262
0.00849568
0.0117435
0.0157702
0.0206758
0.0265449
0.0334402
0.000706822
0.000784447
0.00133799
0.00237595
0.003833
0.00577724
0.00829402
0.0114749
0.0154244
0.0202453
0.0260279
0.0328361
0.000708922
0.000788398
0.00133078
0.00232087
0.00374173
0.00564112
0.00810501
0.0112229
0.0150997
0.0198399
0.025536
0.0322469
0.000711246
0.000794392
0.00133286
0.00227027
0.00365638
0.00551335
0.00792745
0.0109861
0.0147945
0.0194596
0.0250822
0.03176
0.000713719
0.00080151
0.00133834
0.00222365
0.00357635
0.00539315
0.00776035
0.0107631
0.0145068
0.0190998
0.0246411
0.0311818
0.00071617
0.000808669
0.00134383
0.00218051
0.00350125
0.00528021
0.00760281
0.0105527
0.0142348
0.0187575
0.0242183
0.0306792
0.000718531
0.000815336
0.00134809
0.00214042
0.0034308
0.00517422
0.00745407
0.0103537
0.013977
0.0184325
0.0238198
0.0302205
0.000720775
0.000821184
0.00135082
0.00210304
0.00336465
0.00507448
0.00731339
0.0101652
0.0137323
0.0181234
0.0234404
0.029764
0.000722808
0.000826183
0.0013521
0.00206808
0.00330244
0.00498033
0.00718007
0.00998626
0.0134997
0.0178293
0.0230793
0.0293363
0.000724669
0.000830459
0.00135213
0.00203525
0.00324376
0.00489125
0.00705353
0.00981617
0.0132783
0.0175494
0.0227354
0.0289264
0.000726382
0.000834093
0.00135112
0.00200441
0.00318836
0.00480679
0.00693326
0.00965432
0.0130675
0.0172825
0.0224065
0.0285288
0.000727975
0.000837218
0.00134928
0.0019755
0.0031359
0.0047266
0.0068188
0.00950015
0.0128666
0.0170278
0.0220921
0.0281522
0.000729465
0.000839916
0.00134689
0.00194904
0.00308621
0.00465035
0.0067097
0.00935309
0.0126747
0.0167843
0.0217906
0.0277848
0.000730875
0.00084233
0.00134452
0.001927
0.00303916
0.00457774
0.00660559
0.00921265
0.0124913
0.016551
0.0215004
0.027429
0.000732249
0.000844716
0.00134322
0.00191242
0.00299484
0.00450854
0.00650615
0.00907837
0.0123157
0.0163272
0.0212221
0.0270958
0.000733641
0.000847377
0.00134402
0.00190627
0.00295337
0.00444257
0.00641106
0.00894989
0.0121476
0.016113
0.0209566
0.0267811
0.000735103
0.00085055
0.00134726
0.00190651
0.0029147
0.0043797
0.00632025
0.0088269
0.0119866
0.0159078
0.0207025
0.0264734
0.000736666
0.000854258
0.00135255
0.00191029
0.00287869
0.00431983
0.00623376
0.00870909
0.0118322
0.0157107
0.0204557
0.0261621
0.000738324
0.000858419
0.00135919
0.00191542
0.00284505
0.00426287
0.00615127
0.00859618
0.0116841
0.0155219
0.0202239
0.0259142
0.000740054
0.000862816
0.00136643
0.00192066
0.00281355
0.00420865
0.00607248
0.00848796
0.0115421
0.0153412
0.0200021
0.0256423
0.000741828
0.000867253
0.00137374
0.00192538
0.00278389
0.00415701
0.00599715
0.00838421
0.0114061
0.0151685
0.0197891
0.0253872
0.000743624
0.000871586
0.00138074
0.00192931
0.00275589
0.00410781
0.00592505
0.00828474
0.0112757
0.0150029
0.0195852
0.0251441
0.000745424
0.000875709
0.00138724
0.00193237
0.00272937
0.00406086
0.0058561
0.0081894
0.0111507
0.0148443
0.0193895
0.0249063
0.000747221
0.000879583
0.00139311
0.00193454
0.00270415
0.00401603
0.00579004
0.00809802
0.0110309
0.0146918
0.0191987
0.0246579
0.000749011
0.000883174
0.00139835
0.00193591
0.00268018
0.00397319
0.00572678
0.00801039
0.0109158
0.0145446
0.019012
0.0244176
0.000750796
0.000886524
0.001403
0.00193655
0.00265739
0.00393227
0.00566628
0.00792631
0.0108051
0.0144027
0.0188333
0.0242071
0.000752579
0.000889633
0.00140709
0.00193658
0.0026359
0.00389315
0.00560821
0.00784552
0.0106988
0.0142659
0.0186585
0.0239774
0.000754367
0.000892531
0.00141069
0.00193617
0.00261607
0.00385591
0.00555267
0.00776808
0.0105966
0.0141346
0.018498
0.023832
0.00075617
0.000895257
0.0014139
0.0019356
0.00259866
0.00382031
0.00549935
0.00769355
0.0104983
0.0140085
0.0183409
0.0236072
0.000757998
0.000897866
0.00141691
0.00193534
0.00258488
0.00378648
0.00544824
0.00762196
0.0104038
0.0138873
0.0181888
0.0234265
0.000759834
0.000900367
0.00141989
0.00193589
0.00257574
0.00375452
0.00539932
0.00755338
0.0103131
0.0137709
0.0180411
0.0232337
0.000761724
0.000902908
0.0014231
0.00193774
0.00257159
0.00372475
0.00535287
0.00748821
0.0102263
0.0136591
0.0178997
0.0230637
0.000763733
0.000905542
0.00142677
0.00194122
0.00257155
0.00369701
0.0053086
0.00742609
0.0101434
0.013552
0.0177648
0.0228994
0.00076587
0.000908338
0.00143109
0.00194621
0.00257433
0.00367123
0.00526651
0.00736683
0.0100639
0.0134497
0.0176364
0.0227463
0.000768164
0.000911441
0.00143608
0.00195237
0.0025789
0.00364754
0.0052268
0.0073106
0.00998813
0.0133519
0.0175139
0.0225963
0.000770543
0.000914652
0.00144157
0.00195945
0.00258445
0.00362558
0.00518918
0.00725707
0.00991586
0.0132586
0.0173967
0.0224485
0.000773051
0.000918014
0.00144749
0.00196711
0.0025904
0.00360525
0.00515365
0.00720628
0.00984715
0.0131698
0.0172841
0.0223024
0.000775709
0.000921575
0.00145374
0.00197511
0.00259657
0.00358664
0.0051204
0.00715842
0.00978197
0.0130853
0.0171759
0.0221623
0.000778444
0.000924932
0.00146007
0.00198323
0.00260254
0.00356942
0.00508915
0.00711329
0.00972057
0.0130052
0.0170725
0.0220275
0.000781313
0.000928627
0.00146647
0.00199122
0.00260827
0.0035536
0.00506
0.00707092
0.00966265
0.0129296
0.0169744
0.0219017
0.000784686
0.000932538
0.0014731
0.00199919
0.00261378
0.00353938
0.00503323
0.0070317
0.00960862
0.0128584
0.0168815
0.021781
0.000788111
0.000936314
0.00147958
0.00200693
0.00261908
0.00352654
0.00500867
0.00699542
0.0095584
0.0127919
0.0167949
0.0216738
0.000791767
0.000940136
0.00148594
0.00201445
0.00262422
0.0035152
0.00498649
0.00696237
0.00951234
0.0127306
0.0167149
0.0215703
0.000795714
0.000943931
0.00149217
0.00202175
0.00262925
0.00350543
0.00496682
0.00693277
0.0094707
0.012675
0.0166426
0.0214828
0.000799937
0.000947834
0.00149834
0.00202899
0.00263444
0.00349752
0.0049501
0.00690708
0.00943394
0.0126256
0.0165774
0.0213932
0.000804416
0.000951431
0.0015043
0.00203598
0.00263961
0.00349145
0.00493634
0.00688552
0.00940286
0.0125833
0.016522
0.0213347
0.00080934
0.000955494
0.00151034
0.00204301
0.00264497
0.00348754
0.00492606
0.00686872
0.00937795
0.0125493
0.0164778
0.0212803
0.000815238
0.000959862
0.00151655
0.00205008
0.00265082
0.00348642
0.00492012
0.00685778
0.00936061
0.0125245
0.0164442
0.0212285
0.000821687
0.000964316
0.00152289
0.00205741
0.00265742
0.0034885
0.00491922
0.00685364
0.00935206
0.0125106
0.0164227
0.0211945
0.000829061
0.00096889
0.00152929
0.00206501
0.00266493
0.00349434
0.00492432
0.00685774
0.00935412
0.0125093
0.016414
0.0211643
0.000837884
0.000974967
0.00153739
0.00207424
0.00267487
0.00350712
0.00493924
0.00687408
0.00937053
0.0125243
0.0164254
0.0211868
0.00084679
0.000975421
0.00154096
0.00208079
0.00268355
0.0035212
0.00495904
0.00689929
0.00940021
0.0125565
0.0164555
0.0211848
0.000889012
0.00101593
0.00157128
0.0021092
0.00271609
0.00357888
0.00502912
0.00697652
0.00948002
0.012633
0.0165224
0.0212633
0.00044651
0.000824258
0.0015032
0.0020524
0.00265253
0.00350608
0.00495896
0.00691623
0.00943707
0.0126156
0.0165401
0.0213079
0.137515
0.131245
0.112613
0.140076
0.133623
0.0381845
0.117671
0.138732
0.135041
0.0744164
0.0698689
0.0549322
0.127952
0.137268
0.128479
0.101682
0.131877
0.0391539
0.132179
0.179341
0.0765088
0.138025
0.121536
0.0826061
0.137744
0.121274
0.13894
0.102094
0.0811821
0.135065
0.137762
0.0611456
0.116079
0.103741
0.13773
0.03051
0.110461
0.0928745
0.135412
0.120456
0.106171
0.135235
0.126934
0.0973004
0.132913
0.0781135
0.110254
0.138398
0.139062
0.127426
0.140026
0.118221
0.139534
0.0939599
0.0811815
0.347162
0.12738
0.107864
0.078323
0.124716
0.140072
0.101816
0.089403
0.118209
0.134798
0.111727
0.123927
0.0981772
0.136298
0.106496
0.276883
0.104472
0.0743254
0.331602
0.0804692
0.0578295
0.10017
0.130755
0.0553004
0.0874137
0.12562
0.125259
0.117152
0.139959
0.128356
0.100422
0.127098
0.120345
0.282428
0.0977296
0.137932
0.139801
0.139949
0.121004
0.139869
0.0920007
0.13888
0.116172
0.136365
0.0698086
0.0805537
0.0556767
0.0737472
0.109205
0.109786
0.116915
0.135381
0.138934
0.0949411
0.128344
0.0475525
0.137764
0.1382
0.0175655
0.121706
0.142107
0.123354
0.0840837
0.0939957
0.248132
0.138924
0.0972483
0.0702056
0.119376
0.0716541
0.121349
0.105776
0.0278832
0.138689
0.10822
0.113286
0.0599615
0.140003
0.128762
0.099096
0.13642
0.0962672
0.136009
0.122883
0.12613
0.138556
0.139364
0.138435
0.126156
0.10727
0.0868518
0.113218
0.131582
0.0685647
0.103698
0.145589
0.13576
0.116259
0.138216
0.0331596
0.135304
0.118384
0.126859
0.106172
0.12892
0.098029
0.0841118
0.104298
0.0591144
0.129173
0.309526
0.0970748
0.123542
0.108675
0.067317
0.0493027
0.1347
0.135501
0.0704068
0.0486219
0.138425
0.116046
0.0887288
0.132977
0.137465
0.122806
0.0918213
0.137502
0.130104
0.139888
0.177655
0.136639
0.0862623
0.138345
0.293961
0.136445
0.113626
0.0847436
0.110022
0.114849
0.0794381
0.103385
0.0727738
0.121514
0.102124
0.137187
0.120824
0.138272
0.0825828
0.106517
0.117322
0.13608
0.0862934
0.107506
0.177155
0.112633
0.11055
0.118271
0.136972
0.091711
0.0158811
0.0707555
0.121605
0.0433831
0.0733741
0.117333
0.132537
0.129376
0.125921
0.116358
0.138632
0.0876194
0.124785
0.138188
0.0382781
0.110245
0.113932
0.128958
0.0497751
0.0897524
0.12987
0.095269
0.101316
0.137169
0.139594
0.131198
0.0750721
0.135759
0.140035
0.11064
0.0528416
0.139929
0.117103
0.107282
0.139106
0.124683
0.120308
0.0767226
0.12686
0.125746
0.0945349
0.0435092
0.130653
0.0915946
0.101248
0.108695
0.137195
0.125164
0.105003
0.074474
0.127989
0.135839
0.137325
0.14008
0.0946324
0.126626
0.136812
0.12125
0.0668804
0.0667319
0.0977708
0.133384
0.104562
0.136884
0.0629451
0.0824938
0.0496283
0.139904
0.0713433
0.0933646
0.136308
0.128535
0.138585
0.13676
0.0265332
0.0521701
0.122494
0.11975
0.111186
0.113045
0.131851
0.120934
0.140036
0.0895006
0.0584156
0.0685645
0.106839
0.0516093
0.115816
0.138007
0.138326
0.121265
0.136688
0.0726919
0.0496482
0.117843
0.0925479
0.136624
0.0426465
0.22878
0.136165
0.0339176
0.135696
0.139361
0.0778817
0.121302
0.120265
0.126058
0.138003
0.131705
0.0780454
0.135818
0.139347
0.0564085
0.134908
0.131266
0.0959702
0.0539492
0.125883
0.111353
0.0849676
0.0839427
0.142371
0.140456
0.135406
0.175864
0.12057
0.118822
0.263805
0.111101
0.0939769
0.135956
0.119139
0.145405
0.12777
0.136606
0.140041
0.122048
0.0361558
0.126435
0.138982
0.136868
0.138001
0.219393
0.0883594
0.10285
0.13784
0.120238
0.134152
0.0567504
0.190477
0.129609
0.110336
0.137183
0.085646
0.12851
0.0904774
0.137303
0.13952
0.0320214
0.0773197
0.0493248
0.074417
0.156593
0.0559506
0.137259
0.114763
0.131016
0.136851
0.103426
0.136738
0.0750459
0.0428389
0.0928724
0.111713
0.0708709
0.0555501
0.140018
0.125642
0.132505
0.137178
0.0875183
0.0672165
0.129873
0.089312
0.131449
0.0625342
0.0570344
0.111743
0.136449
0.112588
0.0877157
0.0389386
0.112211
0.0299101
0.0631118
0.107948
0.139927
0.136521
0.112222
0.0756933
0.065485
0.137928
0.137928
0.139007
0.134802
0.120958
0.138387
0.111016
0.137213
0.138193
0.0931869
0.134169
0.121101
0.111668
0.135304
0.0508912
0.126796
0.0916389
0.13095
0.0866248
0.0491145
0.137297
0.0755793
0.108804
0.084238
0.0898724
0.138207
0.116219
0.132222
0.0946642
0.139488
0.129942
0.0986103
0.122008
0.123655
0.135021
0.0560905
0.158789
0.0919509
0.0760424
0.14004
0.13389
0.0859846
0.138605
0.135691
0.109376
0.138494
0.0816603
0.0801193
0.140061
0.137192
0.086977
0.0277714
0.105244
0.0835019
0.079979
0.131646
0.0376654
0.068993
0.083315
0.0755675
0.0738064
0.140082
0.119072
0.108215
0.126629
0.107092
0.086155
0.110084
0.132086
0.134164
0.106754
0.138483
0.139001
0.0735647
0.137014
0.0534374
0.138637
0.135164
0.136114
0.120899
0.0978621
0.133493
0.117863
0.139114
0.0875492
0.13872
0.126217
0.110117
0.1396
0.110319
0.134158
0.0602746
0.134617
0.114739
0.118188
0.0975484
0.113648
0.0404191
0.093861
0.0766673
0.138075
0.140073
0.0903753
0.262037
0.133377
0.0767504
0.128806
0.140029
0.114052
0.103875
0.0452574
0.0422829
0.0713442
0.0828671
0.118872
0.0821932
0.0628315
0.137981
0.0708838
0.135247
0.0678092
0.0869155
0.0897344
0.0302898
0.137994
0.109428
0.104471
0.0405468
0.140049
0.120583
0.0265887
0.0928507
0.122248
0.127664
0.102259
0.0339135
0.13541
0.0923994
0.139266
0.138686
0.0340044
0.0686644
0.0423164
0.133533
0.132455
0.125562
0.101609
0.124444
0.139867
0.0877106
0.134331
0.115025
0.0407845
0.137081
0.120226
0.125746
0.0903044
0.138964
0.138431
0.026842
0.05847
0.0871268
0.117607
0.0968565
0.117326
0.127549
0.137532
0.123754
0.13333
0.133178
0.0571674
0.141242
0.145172
0.0688094
0.0750608
0.0446733
0.0699293
0.137101
0.114103
0.0562034
0.111216
0.0954708
0.12841
0.0365202
0.0909657
0.108682
0.129457
0.138298
0.108583
0.118965
0.138224
0.141478
0.0937677
0.0439238
0.08316
0.207035
0.1394
0.0563743
0.138344
0.157718
0.139118
0.139016
0.0349319
0.132675
0.13758
0.0510823
0.13773
0.127211
0.0521204
0.122846
0.137605
0.257852
0.13613
0.117917
0.0473678
0.0494402
0.137925
0.096722
0.139292
0.101282
0.0718322
0.115315
0.132892
0.123209
0.137527
0.107349
0.0887545
0.0874998
0.101818
0.0991569
0.107409
0.116146
0.0446603
0.13792
0.1364
0.0682746
0.0532733
0.138619
0.0982428
0.125295
0.0451427
0.135487
0.124276
0.140744
0.12904
0.151748
0.110818
0.130138
0.118544
0.0785031
0.0865854
0.0471382
0.125891
0.116584
0.140083
0.0794176
0.102213
0.0970654
0.342615
0.131885
0.0979481
0.0946729
0.0137274
0.0968533
0.136188
0.0686212
0.136516
0.0494688
0.119458
0.1199
0.138274
0.0751217
0.119007
0.0607608
0.114772
0.117943
0.135081
0.120689
0.0745154
0.0508178
0.136671
0.0337317
0.0962059
0.129227
0.0879653
0.139185
0.14914
0.0962873
0.0767645
0.107544
0.135314
0.130954
0.139281
0.0627535
0.137668
0.139887
0.119859
0.0505115
0.121394
0.120736
0.124639
0.118763
0.126765
0.0852936
0.127288
0.0846951
0.100772
0.137529
0.0453074
0.131334
0.11589
0.138426
0.127233
0.0845802
0.133113
0.130719
0.118006
0.0780976
0.276183
0.130433
0.115842
0.0819529
0.138552
0.097697
0.139636
0.102129
0.100962
0.085348
0.0996029
0.122117
0.121279
0.0797714
0.133553
0.101111
0.106657
0.0849231
0.128152
0.140933
0.0917216
0.0975437
0.138798
0.107815
0.080707
0.104211
0.133926
0.138158
0.129581
0.0412265
0.13714
0.152091
0.138811
0.0500973
0.137112
0.134821
0.132324
0.087921
0.0513094
0.0970325
0.0428068
0.0645065
0.166073
0.072066
0.138322
0.140014
0.0409153
0.0904085
0.0822951
0.319421
0.111153
0.117808
0.057636
0.0984322
0.112328
0.123397
0.119748
0.114025
0.101589
0.137442
0.108461
0.111355
0.26264
0.131586
0.138767
0.0859221
0.0803893
0.123726
0.119328
0.150702
0.230423
0.116578
0.244889
0.0870509
0.124839
0.087131
0.0948062
0.0586882
0.100463
0.124946
0.081641
0.0981445
0.0962365
0.0190427
0.0575341
0.13619
0.119641
0.049106
0.0227573
0.137789
0.0933047
0.122849
0.133875
0.139458
0.136711
0.0767473
0.122585
0.0905841
0.0735211
0.138372
0.115349
0.141814
0.118042
0.074585
0.122463
0.113768
0.107817
0.113502
0.138284
0.103436
0.105645
0.140009
0.115324
0.0691955
0.109537
0.138214
0.0770783
0.0948613
0.0977943
0.123395
0.138505
0.111223
0.125084
0.0825314
0.125189
0.124495
0.130098
0.139677
0.112229
0.138393
0.136322
0.135329
0.0900836
0.420504
0.0492675
0.119539
0.112911
0.138442
0.131896
0.119809
0.142254
0.0986915
0.092523
0.0903901
0.0298657
0.0915166
0.124085
0.138406
0.119678
0.0269573
0.134628
0.137138
0.132586
0.102535
0.0409973
0.0801098
0.118104
0.118841
0.129264
0.122899
0.110424
0.125508
0.143133
0.136889
0.139029
0.13074
0.114026
0.0850637
0.0652927
0.1367
0.0224534
0.115178
0.122563
0.0691491
0.0882189
0.112265
0.13726
0.084762
0.056187
0.114401
0.137364
0.0990924
0.0929361
0.128657
0.104521
0.207948
0.136805
0.0906915
0.033366
0.129841
0.0608585
0.137192
0.131432
0.112914
0.0971214
0.123448
0.106448
0.113867
0.0633582
0.138722
0.0969342
0.123041
0.145394
0.100406
0.0739293
0.130832
0.1055
0.0946899
0.0769782
0.0924262
0.123822
0.143733
0.163086
0.126586
0.1332
0.0920255
0.129967
0.138976
0.130692
0.124002
0.095353
0.0832921
0.120817
0.11039
0.117573
0.11649
0.052238
0.0936312
0.13945
0.13467
0.0963642
0.129678
0.103805
0.110498
0.114172
0.102654
0.120784
0.0707675
0.0527261
0.109496
0.092211
0.334492
0.138094
0.139905
0.132067
0.339987
0.124831
0.106737
0.0602543
0.146282
0.0595273
0.138931
0.101035
0.0811193
0.129916
0.10846
0.139937
0.13542
0.0665566
0.118985
0.124164
0.0628005
0.123501
0.129064
0.0984791
0.116442
0.114483
0.0924387
0.138232
0.130757
0.0981209
0.124538
0.131423
0.12163
0.102916
0.101758
0.139906
0.061381
0.135602
0.070893
0.0834354
0.134757
0.0785824
0.0859952
0.0928957
0.132156
0.131016
0.0927336
0.0972294
0.0477367
0.0784236
0.0452392
0.0659894
0.132052
0.127886
0.0920974
0.119645
0.0839913
0.132136
0.0424981
0.109613
0.140046
0.0953851
0.133449
0.139891
0.0556732
0.0529221
0.140069
0.0395434
0.108592
0.126167
0.0928727
0.138
0.133169
0.0997721
0.0713089
0.0995042
0.10296
0.219457
0.138785
0.131547
0.108517
0.015398
0.127767
0.13725
0.037585
0.125943
0.0461365
0.107237
0.130661
0.0835181
0.118237
0.120905
0.194257
0.111852
0.104856
0.0725134
0.0883796
0.100618
0.0487483
0.133059
0.092763
0.0788971
0.138101
0.147054
0.0814707
0.0899204
0.137236
0.125127
0.0531406
0.13221
0.0991091
0.121426
0.0564584
0.0328523
0.0436193
0.134973
0.138794
0.138934
0.124213
0.134952
0.119609
0.13239
0.119573
0.105938
0.117772
0.0932708
0.137347
0.095921
0.0809214
0.127241
0.0504983
0.124464
0.060025
0.136446
0.0791623
0.0691749
0.103306
0.10272
0.026006
0.11909
0.126499
0.0925739
0.103438
0.0916054
0.331263
0.0963818
0.0720964
0.107486
0.134827
0.0929168
0.127526
0.0693608
0.0467849
0.0855315
0.0269549
0.138471
0.138226
0.0853028
0.128769
0.120964
0.126952
0.110191
0.078876
0.106804
0.194399
0.0899302
0.134777
0.134921
0.0491945
0.204147
0.116986
0.114446
0.0647588
0.120258
0.139276
0.0758452
0.140054
0.0701968
0.0855531
0.0803657
0.139104
0.0650256
0.072521
0.13581
0.0244776
0.0704626
0.0725713
0.137772
0.138947
0.0980939
0.0403744
0.112074
0.135573
0.0787989
0.0489891
0.112847
0.103286
0.116049
0.0927559
0.0917009
0.138061
0.0602726
0.132222
0.112342
0.0821064
0.0284241
0.136424
0.127704
0.104277
0.0772894
0.0453635
0.131289
0.126208
0.206498
0.0905904
0.0988034
0.0763735
0.118683
0.0796992
0.136259
0.136277
0.133566
0.104765
0.136583
0.128276
0.129325
0.124286
0.138673
0.118162
0.0960265
0.0871223
0.129526
0.0337123
0.113748
0.138189
0.120005
0.105646
0.0983013
0.0980121
0.11393
0.121864
0.0440505
0.05396
0.0627446
0.332199
0.0819555
0.103456
0.136676
0.110895
0.133065
0.117932
0.13156
0.0948664
0.137576
0.139948
0.0309957
0.113284
0.0825286
0.116196
0.130638
0.154775
0.0966518
0.0995789
0.119589
0.137032
0.13808
0.0956121
0.0894537
0.121095
0.0706557
0.0648086
0.135924
0.110716
0.0749137
0.0442623
0.139422
0.137891
0.136684
0.114791
0.0982268
0.240182
0.0718388
0.12756
0.137555
0.1355
0.137581
0.111597
0.341727
0.137113
0.136533
0.0911649
0.150461
0.124643
0.140069
0.0460661
0.117406
0.122573
0.0653661
0.431228
0.137815
0.041831
0.129975
0.0863322
0.0976662
0.0480248
0.0704478
0.0357058
0.150787
0.123165
0.138066
0.0803245
0.12543
0.13715
0.307212
0.0964174
0.0794757
0.0877441
0.139336
0.0758215
0.113764
0.0500082
0.126478
0.136635
0.133955
0.0990309
0.11884
0.136583
0.112876
0.0631263
0.0434744
0.114465
0.0465708
0.140043
0.139802
0.137062
0.132487
0.0541293
0.136859
0.0897411
0.0377631
0.131203
0.132982
0.0325766
0.0980634
0.132611
0.133557
0.13563
0.137112
0.0827651
0.13651
0.0418092
0.0652717
0.104986
0.1398
0.010912
0.0563901
0.103166
0.123237
0.101621
0.0949556
0.139857
0.0350892
0.110535
0.107488
0.106316
0.125925
0.0879463
0.0770065
0.132168
0.113442
0.138754
0.0328685
0.129304
0.087748
0.121555
0.129312
0.10345
0.125892
0.138848
0.0699183
0.135521
0.0196186
0.0555308
0.13988
0.118146
0.0741892
0.132205
0.139518
0.108919
0.133677
0.0940826
0.139362
0.0925064
0.0846769
0.137246
0.147115
0.135511
0.0974938
0.0485803
0.101217
0.133123
0.0907528
0.138585
0.0980713
0.168183
0.134545
0.138762
0.125267
0.076653
0.0822593
0.114432
0.173451
0.0971619
0.0920933
0.0977275
0.0899609
0.137311
0.0344066
0.0582642
0.0960841
0.13881
0.107317
0.133967
0.100071
0.134429
0.139816
0.145002
0.117747
0.153215
0.13992
0.129862
0.120953
0.0891917
0.0984159
0.140038
0.127556
0.0712414
0.166575
0.0763319
0.141566
0.103926
0.113877
0.120765
0.130196
0.124411
0.0273237
0.136671
0.0820928
0.134849
0.104013
0.132646
0.129519
0.141971
0.141032
0.136717
0.133816
0.1283
0.132008
0.119201
0.101828
0.123589
0.13663
0.0268082
0.135905
0.0825489
0.132766
0.110375
0.11094
0.139334
0.139651
0.0775233
0.138303
0.0729732
0.110137
0.134424
0.100196
0.0619185
0.0818129
0.134099
0.0791712
0.055009
0.123157
0.10079
0.122322
0.1185
0.123689
0.113322
0.128887
0.138721
0.0414832
0.125871
0.138892
0.13437
0.137113
0.138476
0.0301904
0.136824
0.13953
0.0561113
0.114498
0.135695
0.073555
0.0581374
0.116922
0.0367902
0.127228
0.0680863
0.118401
0.0581967
0.0611876
0.134591
0.0952311
0.111789
0.110213
0.0780592
0.0672055
0.11976
0.0858497
0.102109
0.138527
0.0945149
0.126098
0.128239
0.0984019
0.136885
0.0830498
0.103559
0.133845
0.055519
0.0791752
0.0635782
0.129276
0.0953156
0.0660233
0.0801409
0.129514
0.14005
0.13636
0.0937209
0.13812
0.106262
0.0689861
0.133242
0.125276
0.0234122
0.114746
0.133046
0.124332
0.136931
0.138043
0.0680603
0.104113
0.126547
0.0997683
0.138024
0.124057
0.0701903
0.0662138
0.13448
0.0968228
0.0864801
0.0623333
0.138129
0.139845
0.117596
0.133593
0.0724453
0.0600243
0.0626439
0.123367
0.11133
0.0686687
0.100215
0.102914
0.126015
0.0449795
0.137834
0.0947164
0.210723
0.136103
0.0806445
0.137649
0.129726
0.134541
0.0291075
0.0330862
0.117503
0.139799
0.0860315
0.0368944
0.12764
0.107014
0.140001
0.0686168
0.132214
0.0937688
0.0397741
0.141952
0.131198
0.137446
0.266251
0.12681
0.0851499
0.130937
0.0628662
0.128657
0.091501
0.100229
0.0864609
0.096659
0.135733
0.130804
0.0718788
0.077955
0.0841048
0.0273051
0.0948624
0.139482
0.138101
0.08667
0.0672968
0.0507715
0.114861
0.0693838
0.138531
0.131963
0.0816782
0.14
0.129096
0.0947274
0.137492
0.139843
0.116322
0.125944
0.13776
0.0347777
0.13962
0.0753006
0.0597454
0.112432
0.27702
0.125862
0.100111
0.138316
0.127954
0.139557
0.121733
0.0790547
0.132046
0.11822
0.137757
0.13379
0.13894
0.112606
0.0774879
0.129476
0.136996
0.0624904
0.0874012
0.0960688
0.0974686
0.0365335
0.139583
0.144108
0.131338
0.0555157
0.0394343
0.137761
0.0919829
0.0654593
0.136809
0.0965793
0.140069
0.139246
0.13748
0.122052
0.116679
0.136055
0.138415
0.139102
0.138475
0.129737
0.117218
0.122689
0.0260807
0.13054
0.114073
0.0611009
0.136374
0.130857
0.129466
0.172677
0.0729177
0.120999
0.115843
0.14006
0.132316
0.12478
0.133333
0.084761
0.104842
0.139408
0.0623064
0.0955992
0.0878439
0.131912
0.134521
0.105191
0.103403
0.0423877
0.0639163
0.138393
0.139704
0.1398
0.134063
0.0404203
0.0889271
0.0783706
0.0777348
0.120437
0.0976149
0.126799
0.0856446
0.133133
0.137835
0.135854
0.0952425
0.129155
0.133213
0.137715
0.136658
0.102928
0.119065
0.137521
0.0701251
0.0974306
0.0968991
0.0330494
0.125967
0.121337
0.116245
0.0280862
0.139893
0.0338143
0.123874
0.128812
0.0666978
0.0908453
0.118371
0.113906
0.114663
0.130155
0.187966
0.112349
0.139716
0.100891
0.0866934
0.133842
0.0737214
0.133704
0.0943017
0.0987957
0.138188
0.137722
0.0770793
0.109238
0.117005
0.0479418
0.120036
0.138777
0.107241
0.138294
0.139437
0.134895
0.139856
0.117513
0.120843
0.0443803
0.134137
0.136853
0.0933564
0.125309
0.049729
0.135519
0.136654
0.0991453
0.139366
0.138662
0.0646574
0.140012
0.0514869
0.0737705
0.0928641
0.130479
0.0872327
0.137595
0.140056
0.11121
0.125736
0.103341
0.112579
0.202533
0.135361
0.118463
0.134894
0.13778
0.136676
0.0368888
0.0271494
0.107979
0.108061
0.0734784
0.120438
0.137058
0.138321
0.0370967
0.137364
0.145446
0.131433
0.13482
0.0749483
0.032856
0.0950262
0.0446891
0.131344
0.0399096
0.0852527
0.116633
0.135315
0.211879
0.0943633
0.116293
0.104741
0.35423
0.1366
0.110036
0.0684973
0.0809389
0.041354
0.140015
0.0971212
0.0857453
0.126892
0.0897182
0.0890051
0.0633912
0.0310573
0.0879845
0.105225
0.0269806
0.0709655
0.095308
0.138228
0.112946
0.135652
0.0469355
0.0779741
0.115706
0.137856
0.0499036
0.107058
0.0799206
0.10708
0.140082
0.12976
0.126361
0.123425
0.106777
0.0359307
0.127209
0.136602
0.120895
0.13495
0.0786468
0.110184
0.140058
0.0970899
0.0776095
0.107052
0.0729707
0.0738507
0.141157
0.12935
0.113588
0.0924741
0.138466
0.133577
0.105323
0.0441708
0.0269721
0.0265811
0.0935277
0.0932605
0.0298951
0.102142
0.133936
0.0551923
0.112393
0.12302
0.106874
0.0653852
0.112447
0.137251
0.098896
0.0369874
0.0840895
0.0623651
0.0541399
0.136907
0.0795717
0.121531
0.0677267
0.0875225
0.122122
0.10823
0.106154
0.357883
0.134769
0.0452138
0.0891159
0.0268611
0.0469683
0.123896
0.0801261
0.0822838
0.0320689
0.0792773
0.133496
0.137707
0.118928
0.0754361
0.137055
0.138089
0.122862
0.105128
0.0458589
0.1393
0.139191
0.0807151
0.0270851
0.139977
0.125096
0.0399708
0.0500488
0.0603767
0.13737
0.138592
0.0683578
0.0758835
0.02599
0.125995
0.045775
0.126274
0.137881
0.101366
0.0621631
0.0275058
0.0915662
0.0484434
0.0998389
0.0261693
0.0282497
0.126728
0.0931995
0.0923248
0.0912879
0.354073
0.0569596
0.139846
0.13723
0.11361
0.137514
0.13221
0.111728
0.0726545
0.106716
0.112305
0.0788199
0.127433
0.139189
0.332675
0.0810715
0.0506261
0.127365
0.339735
0.107666
0.0544165
0.139412
0.0863136
0.124187
0.103852
0.0719263
0.130413
0.126984
0.134869
0.119989
0.137066
0.0996386
0.0309537
0.0177027
0.0584206
0.0845134
0.0387579
0.0507292
0.136694
0.0297874
0.0596858
0.191062
0.0590102
0.130442
0.139607
0.135223
0.112432
0.135791
0.111174
0.108064
0.0756313
0.138538
0.0996707
0.134881
0.15524
0.06947
0.118234
0.0979624
0.0819696
0.138805
0.127011
0.330382
0.137707
0.0457302
0.133938
0.124548
0.0754514
0.110457
0.0371112
0.10497
0.0965097
0.037239
0.12705
0.0807055
0.140041
0.135273
0.0973538
0.133824
0.0706791
0.125653
0.0423206
0.0857275
0.110529
0.0880714
0.0897166
0.101591
0.0859394
0.131634
0.0513513
0.133182
0.136995
0.0820288
0.133332
0.139012
0.111262
0.112131
0.10425
0.107652
0.103851
0.049331
0.13289
0.123411
0.0892218
0.13506
0.126373
0.110318
0.0443053
0.108779
0.0967589
0.0461962
0.0907544
0.0317586
0.0271281
0.137208
0.140053
0.119021
0.0899057
0.0910786
0.0286513
0.077899
0.147561
0.0685256
0.360234
0.0530304
0.0704711
0.140087
0.0295664
0.140034
0.129128
0.0815218
0.130655
0.107735
0.0963148
0.0875113
0.0324728
0.109502
0.105195
0.135318
0.0400292
0.115852
0.136925
0.0960941
0.122524
0.0327083
0.0742951
0.0649796
0.0361634
0.139977
0.118193
0.13537
0.139315
0.123739
0.0854714
0.0781152
0.0796314
0.106201
0.100575
0.135462
0.125142
0.080982
0.139494
0.0932846
0.097325
0.139543
0.0659366
0.0673508
0.0747639
0.120394
0.0929844
0.127549
0.140011
0.156594
0.124661
0.0427316
0.119124
0.103674
0.0697433
0.0560225
0.133688
0.118315
0.138262
0.13184
0.0707571
0.140061
0.0591773
0.0919401
0.0303192
0.0702705
0.125813
0.0526497
0.140068
0.0324179
0.138105
0.138955
0.126657
0.0947343
0.0386624
0.0956565
0.081607
0.122154
0.0713041
0.135865
0.122426
0.136864
0.137975
0.0952712
0.202107
0.119977
0.0319977
0.11634
0.133625
0.0775721
0.0137492
0.137394
0.0979365
0.0666866
0.139524
0.138572
0.110268
0.137095
0.0549461
0.123048
0.127065
0.076523
0.116506
0.0680411
0.0843464
0.0927798
0.0291613
0.0982077
0.0957587
0.0726337
0.344256
0.0327169
0.0313576
0.0903857
0.137412
0.0864823
0.137632
0.10313
0.131265
0.0893204
0.0455425
0.133846
0.117101
0.106816
0.128738
0.0439164
0.13394
0.0511512
0.140555
0.137517
0.0816466
0.0449013
0.25939
0.0857106
0.0817206
0.104945
0.132052
0.116808
0.0912976
0.0993609
0.0538684
0.128218
0.0893114
0.0608858
0.108282
0.137185
0.137416
0.0315277
0.0929288
0.13852
0.100996
0.11738
0.0778574
0.126818
0.0612139
0.0802753
0.129983
0.136654
0.11552
0.0907686
0.113062
0.0907925
0.120712
0.101498
0.10142
0.100965
0.0970521
0.104673
0.138044
0.0293104
0.140006
0.116408
0.137737
0.130084
0.0765261
0.131223
0.134816
0.0875967
0.121203
0.124044
0.116166
0.132712
0.0981089
0.0732033
0.138163
0.130864
0.125239
0.125018
0.083343
0.134647
0.0823835
0.0998471
0.140044
0.120036
0.093578
0.130502
0.129967
0.0974614
0.110166
0.138622
0.0872337
0.13895
0.136578
0.0890678
0.379547
0.0873043
0.053196
0.0731317
0.107468
0.0324053
0.0327588
0.0456569
0.140075
0.119427
0.122624
0.0869847
0.137628
0.0970611
0.0636092
0.0355386
0.0422278
0.0520527
0.117937
0.0508933
0.139805
0.103476
0.139305
0.0387625
0.0717769
0.113666
0.134346
0.10788
0.0340954
0.0338354
0.0844277
0.105646
0.269305
0.0655594
0.123278
0.0952115
0.140021
0.0964827
0.0968056
0.0439653
0.0763257
0.0764135
0.0867267
0.132118
0.0149407
0.10387
0.119491
0.0344416
0.150595
0.100469
0.138657
0.0961569
0.137649
0.0795483
0.100098
0.131726
0.101032
0.137986
0.0688503
0.139721
0.0291562
0.103697
0.109735
0.0450833
0.0267125
0.069073
0.114317
0.103765
0.139997
0.125986
0.0968313
0.158425
0.168484
0.135944
0.117371
0.101085
0.0528329
0.112585
0.0743217
0.138913
0.103778
0.136805
0.136091
0.0873907
0.0483091
0.158031
0.13832
0.0845835
0.132265
0.0330233
0.0160076
0.0646286
0.137517
0.0960703
0.055784
0.0780474
0.110725
0.136142
0.0962226
0.100559
0.0709581
0.100643
0.131977
0.116023
0.0255459
0.0878254
0.128354
0.12562
0.0913076
0.0860586
0.116267
0.0785654
0.135797
0.067646
0.139128
0.0385242
0.139132
0.069604
0.13791
0.116344
0.0902206
0.100146
0.0630231
0.0564756
0.0903222
0.134726
0.108276
0.125004
0.0575701
0.140056
0.162028
0.121991
0.121998
0.140035
0.0818188
0.138878
0.138505
0.218413
0.13784
0.138242
0.058158
0.139611
0.0985647
0.0707919
0.115313
0.135293
0.140044
0.090522
0.103762
0.0938925
0.079321
0.0978452
0.137455
0.130495
0.210697
0.0314256
0.158979
0.137684
0.0849249
0.110447
0.137872
0.111676
0.137376
0.0974768
0.0318414
0.0906366
0.307511
0.133074
0.137616
0.139517
0.139969
0.136692
0.138262
0.0682884
0.138541
0.0599497
0.0839511
0.0387776
0.0907288
0.130209
0.115035
0.102367
0.0940725
0.0845269
0.119599
0.129888
0.105157
0.0755962
0.0302761
0.0516827
0.136581
0.338789
0.140084
0.13752
0.0982319
0.0706343
0.135426
0.086907
0.124513
0.118856
0.0935402
0.130379
0.0425437
0.187603
0.0886352
0.0797834
0.138404
0.14001
0.0715752
0.107557
0.109956
0.119555
0.0371536
0.0296209
0.10829
0.129151
0.139747
0.127638
0.134707
0.137288
0.116397
0.033043
0.0767941
0.0610555
0.132771
0.137224
0.0874125
0.138745
0.0393279
0.117861
0.151781
0.105364
0.137056
0.112262
0.0979465
0.244591
0.137829
0.13856
0.103347
0.131331
0.0133009
0.108078
0.142879
0.0839189
0.123722
0.0159663
0.0876717
0.0992972
0.0684441
0.147162
0.123058
0.0893338
0.135986
0.0720984
0.0993856
0.0592866
0.0663388
0.135298
0.0392253
0.0534901
0.0589176
0.0809115
0.063436
0.109162
0.0950114
0.132735
0.139747
0.0680169
0.088699
0.137927
0.108793
0.132198
0.132198
0.0437041
0.0274888
0.0722891
0.0523562
0.0926122
0.138234
0.16644
0.138434
0.0611582
0.10401
0.14404
0.138906
0.104545
0.132033
0.139563
0.0293766
0.0698366
0.136082
0.0758037
0.0644699
0.0793336
0.138747
0.109723
0.0475552
0.0622791
0.0745951
0.0640667
0.126156
0.10139
0.0685183
0.128168
0.120473
0.128809
0.135072
0.158577
0.0520633
0.140011
0.129107
0.0871085
0.0627508
0.13914
0.0923363
0.124141
0.0683628
0.0905581
0.0846303
0.132718
0.0948209
0.12351
0.129432
0.134464
0.0993068
0.0137793
0.11063
0.139755
0.0694227
0.114437
0.0816616
0.116812
0.130417
0.136672
0.0981281
0.0826729
0.0629411
0.100331
0.134527
0.10971
0.138362
0.139015
0.0983846
0.138923
0.130664
0.080561
0.11992
0.0441962
0.0935218
0.138385
0.0468939
0.120513
0.0529921
0.121914
0.130374
0.139021
0.13616
0.13381
0.128858
0.131294
0.133907
0.131073
0.0713553
0.13994
0.113641
0.0613419
0.137043
0.114865
0.104103
0.0361437
0.138965
0.104841
0.126197
0.128796
0.1361
0.137137
0.125128
0.133319
0.11504
0.0498618
0.0652047
0.0991698
0.0792905
0.100373
0.0673921
0.139825
0.0630962
0.130254
0.131296
0.0906182
0.0588806
0.0346379
0.0509768
0.0865498
0.138877
0.0774273
0.113858
0.0266021
0.131011
0.201783
0.137823
0.11296
0.080644
0.0372286
0.0578911
0.0835197
0.0592003
0.119286
0.0358248
0.0832785
0.0706061
0.0377929
0.108241
0.079587
0.11317
0.0532167
0.12313
0.0438881
0.137138
0.118154
0.0533985
0.0408769
0.131359
0.110271
0.139916
0.0543953
0.148039
0.136956
0.138989
0.0248341
0.0904673
0.125425
0.138903
0.137691
0.0350321
0.105673
0.113999
0.0191237
0.101257
0.126368
0.139139
0.139915
0.12906
0.0329848
0.128875
0.10688
0.0607052
0.126827
0.053306
0.0979092
0.13021
0.13509
0.0701924
0.0327232
0.115886
0.0406513
0.127709
0.137816
0.0941947
0.11271
0.0337182
0.118958
0.114338
0.0681328
0.0653477
0.137565
0.0930178
0.12817
0.151577
0.0586991
0.128409
0.128631
0.135173
0.0953611
0.169088
0.0840908
0.0661839
0.0688543
0.063509
0.138512
0.0574494
0.10382
0.0922115
0.0631205
0.0968644
0.0819757
0.13925
0.137503
0.00986067
0.137839
0.13755
0.145871
0.130814
0.201883
0.137632
0.0572609
0.106386
0.134324
0.0671373
0.0962569
0.0830423
0.0511157
0.139035
0.133839
0.111416
0.139155
0.113735
0.0993552
0.134808
0.12492
0.114671
0.0685246
0.0856016
0.0922016
0.0819314
0.138831
0.138669
0.206819
0.100269
0.139735
0.0575927
0.140027
0.13749
0.100848
0.137595
0.0951269
0.136552
0.0222489
0.130775
0.0496977
0.092213
0.0883347
0.139228
0.0497519
0.0772038
0.116136
0.11954
0.131382
0.14002
0.139252
0.0382857
0.132784
0.134415
0.0747244
0.0993288
0.0834688
0.0388583
0.132205
0.0644769
0.138698
0.0346525
0.217341
0.129442
0.0939121
0.0589449
0.0615938
0.0841958
0.0943774
0.0326018
0.0540596
0.0567592
0.102014
0.0693071
0.0919659
0.139541
0.118866
0.0386436
0.13569
0.0800847
0.0991312
0.035804
0.0936989
0.136636
0.193726
0.115883
0.0948149
0.143432
0.0887132
0.13397
0.130193
0.116253
0.13606
0.135505
0.0613179
0.129377
0.126658
0.093989
0.12693
0.107201
0.0761423
0.116176
0.115718
0.12591
0.111629
0.136181
0.127795
0.134721
0.118359
0.0787941
0.130907
0.131889
0.0597391
0.0477752
0.103669
0.0942958
0.107172
0.13918
0.0623943
0.111598
0.132698
0.100834
0.0812143
0.13802
0.122943
0.0886034
0.137539
0.0924263
0.109592
0.136987
0.138545
0.230914
0.138318
0.0217787
0.102803
0.219311
0.115883
0.111568
0.127397
0.0256135
0.137574
0.139212
0.0849405
0.0947727
0.0949637
0.134425
0.139036
0.107824
0.0556264
0.135624
0.0666944
0.0699406
0.139612
0.100074
0.0744143
0.0495976
0.113613
0.068657
0.133444
0.123221
0.114953
0.138903
0.139418
0.119689
0.125441
0.0318401
0.0949838
0.0596427
0.0904178
0.0900911
0.1149
0.0769692
0.0335117
0.0459507
0.13879
0.0243308
0.116869
0.138486
0.136897
0.137303
0.138647
0.139963
0.0539823
0.113209
0.0971166
0.0686216
0.11375
0.370277
0.123873
0.0616166
0.137401
0.0242818
0.0851036
0.11616
0.139409
0.140039
0.104046
0.0400076
0.139524
0.079941
0.105877
0.090148
0.116461
0.0981766
0.0860184
0.138793
0.00962149
0.333112
0.268046
0.0888237
0.117657
0.0481867
0.0638657
0.109742
0.138514
0.0841506
0.109334
0.116157
0.0907154
0.0821778
0.116322
0.046248
0.0916258
0.144622
0.0644083
0.0945074
0.139606
0.0134111
0.1331
0.0636365
0.0634704
0.129637
0.0805672
0.103105
0.0409415
0.13472
0.117352
0.137249
0.135438
0.132485
0.137635
0.139934
0.0750772
0.138565
0.058616
0.138001
0.138369
0.0947196
0.09885
0.0155572
0.243319
0.139619
0.138718
0.132885
0.137948
0.130465
0.0783643
0.0335543
0.109327
0.0956681
0.113793
0.134737
0.0338884
0.0984994
0.126162
0.0984715
0.12787
0.0845943
0.129946
0.138884
0.0998628
0.0467429
0.0352272
0.045394
0.135261
0.0624354
0.072687
0.056638
0.0370859
0.151527
0.058633
0.0791022
0.0537536
0.139193
0.0922956
0.0906648
0.0904951
0.128344
0.0786771
0.0599229
0.0807092
0.0937338
0.137503
0.0728871
0.0408753
0.0622496
0.126817
0.093512
0.139561
0.100236
0.132135
0.100845
0.312481
0.136355
0.0796788
0.0942381
0.0279898
0.0700919
0.134698
0.139095
0.393348
0.0185076
0.0804667
0.134386
0.0717268
0.128227
0.112186
0.136679
0.0509092
0.137786
0.10742
0.128292
0.137959
0.201023
0.137155
0.135582
0.0986692
0.0868755
0.0631971
0.137727
0.0959746
0.127404
0.112366
0.131725
0.0753628
0.140047
0.272525
0.122932
0.150954
0.0612567
0.075743
0.0490651
0.0320953
0.0964771
0.101805
0.0711502
0.139936
0.0724616
0.0301254
0.0512155
0.0962863
0.0738588
0.0431934
0.0979248
0.128061
0.139236
0.0853244
0.0875491
0.0182025
0.137918
0.112396
0.0238337
0.139713
0.104756
0.136793
0.11693
0.138696
0.0974605
0.104407
0.109072
0.0901811
0.129274
0.043316
0.0997681
0.120596
0.137332
0.138198
0.106701
0.136615
0.08545
0.138308
0.137764
0.10861
0.0817436
0.106307
0.138965
0.11672
0.0824155
0.135735
0.131928
0.129383
0.140007
0.0151866
0.121852
0.128785
0.13596
0.138331
0.0926009
0.0961224
0.122684
0.0993096
0.102148
0.13798
0.128085
0.146326
0.0854542
0.331678
0.118599
0.112684
0.111348
0.0897538
0.132192
0.0111112
0.139992
0.130593
0.114979
0.0648916
0.0964679
0.102289
0.0769152
0.140007
0.0926021
0.0990125
0.121121
0.0976896
0.139223
0.139728
0.0858861
0.137565
0.0978941
0.360595
0.0961226
0.129544
0.126373
0.138287
0.316808
0.138473
0.138483
0.0481157
0.129914
0.123858
0.102314
0.138732
0.0568901
0.0767314
0.138381
0.131847
0.109891
0.0262046
0.138995
0.0823501
0.0628571
0.139631
0.160133
0.134137
0.109893
0.0960103
0.0662709
0.100203
0.102967
0.113789
0.0861589
0.0944046
0.110319
0.138821
0.122297
0.108311
0.139882
0.0636717
0.0815503
0.0349748
0.0216284
0.139998
0.105754
0.42008
0.0684403
0.118123
0.134257
0.0930144
0.138881
0.108528
0.0757564
0.143422
0.0475745
0.136158
0.101354
0.1325
0.0390055
0.139082
0.13819
0.131128
0.0879652
0.136541
0.140034
0.137586
0.0976418
0.139957
0.099777
0.0799721
0.0793647
0.0821005
0.0632817
0.139831
0.0926346
0.110366
0.139747
0.13554
0.0800697
0.104
0.140062
0.118223
0.101885
0.134743
0.0956741
0.123952
0.133826
0.132449
0.05441
0.136265
0.0983098
0.0550501
0.14447
0.139335
0.123182
0.137491
0.1001
0.112084
0.0686735
0.104912
0.0656058
0.13989
0.0995023
0.135696
0.137174
0.0483032
0.070045
0.135071
0.128106
0.0295975
0.0267275
0.107921
0.0893059
0.103862
0.122872
0.0997272
0.138331
0.136132
0.0986313
0.139726
0.121102
0.0588659
0.1378
0.138032
0.0477196
0.13842
0.139534
0.0268803
0.133911
0.13809
0.136618
0.150695
0.0651557
0.132189
0.094012
0.0458678
0.0525032
0.137138
0.0931178
0.096932
0.109589
0.13613
0.134488
0.12172
0.0900765
0.113291
0.132801
0.104734
0.135731
0.137489
0.123424
0.0131303
0.0973834
0.100608
0.100423
0.13996
0.0523136
0.13944
0.135155
0.0356776
0.137353
0.102671
0.133671
0.108733
0.120745
0.130996
0.140843
0.175864
0.140061
0.100108
0.0739957
0.114806
0.136983
0.123985
0.128024
0.00923139
0.141866
0.121096
0.0787314
0.0732419
0.0940773
0.140051
0.118174
0.0734617
0.122645
0.0637485
0.097712
0.129299
0.136749
0.0855393
0.0574033
0.128837
0.0666484
0.0385011
0.0957282
0.133333
0.091431
0.0694544
0.109026
0.0797057
0.0572791
0.0886114
0.0549988
0.114063
0.0589265
0.132693
0.135988
0.138084
0.124648
0.100393
0.138172
0.0428049
0.134172
0.0286499
0.109027
0.0905626
0.0571158
0.130972
0.0309217
0.114125
0.0756637
0.0691486
0.0552014
0.144366
0.154095
0.125714
0.137685
0.0214728
0.0609275
0.0749236
0.0958371
0.120801
0.240372
0.103087
0.138507
0.22467
0.0774389
0.370982
0.0504037
0.0787479
0.105454
0.138587
0.0519844
0.139956
0.124519
0.122702
0.0908478
0.0352311
0.120167
0.0979586
0.028733
0.0379826
0.0877203
0.112612
0.125308
0.137417
0.0617262
0.139818
0.134075
0.105654
0.0385804
0.107575
0.0948378
0.125151
0.139977
0.0949489
0.105775
0.082834
0.108621
0.0356345
0.105208
0.116537
0.13648
0.111833
0.137327
0.0992564
0.0728902
0.0707429
0.0262404
0.138868
0.0437187
0.0502232
0.139492
0.139758
0.086442
0.07595
0.109261
0.0704806
0.0512704
0.11849
0.117015
0.0468133
0.10867
0.0711927
0.102427
0.0559999
0.102663
0.110696
0.139743
0.080504
0.133789
0.122162
0.120182
0.135296
0.13264
0.041725
0.13781
0.0533774
0.0700218
0.128994
0.1384
0.136628
0.140198
0.102767
0.119797
0.0576189
0.110525
0.0949429
0.135548
0.137096
0.0924261
0.0713099
0.0746361
0.0924686
0.139543
0.135661
0.110327
0.139236
0.111166
0.0722046
0.138255
0.0703476
0.138546
0.120707
0.0311608
0.138059
0.138221
0.0881796
0.141086
0.128046
0.0907588
0.128038
0.139531
0.0152264
0.107723
0.090517
0.10503
0.138646
0.0981028
0.101676
0.113321
0.0452957
0.103377
0.0474749
0.0864103
0.0356082
0.117904
0.0749184
0.0857775
0.134149
0.136013
0.0478077
0.0109664
0.078887
0.115696
0.0925294
0.0990705
0.0620488
0.124226
0.1386
0.139993
0.132674
0.129274
0.140078
0.139544
0.120398
0.0685725
0.100031
0.106995
0.121789
0.136643
0.11241
0.0644545
0.137038
0.110834
0.133061
0.0974385
0.145584
0.0498689
0.132049
0.0731188
0.142154
0.136581
0.13525
0.0537938
0.105106
0.138268
0.0540579
0.130739
0.128863
0.120269
0.123101
0.0688814
0.097597
0.12261
0.12335
0.107161
0.103845
0.101891
0.12692
0.131822
0.0268875
0.138541
0.126851
0.104703
0.0973259
0.110456
0.0603964
0.139146
0.0618062
0.124139
0.136057
0.0592124
0.134125
0.0944693
0.113298
0.0334263
0.0909936
0.137427
0.0733065
0.0630368
0.0824551
0.0875431
0.0854044
0.137142
0.148346
0.136375
0.096677
0.101026
0.134196
0.140733
0.127485
0.142584
0.134576
0.0793343
0.0997438
0.138221
0.102223
0.0642605
0.1387
0.105772
0.113647
0.135914
0.134617
0.0727698
0.34629
0.0406506
0.102491
0.122447
0.042371
0.0943723
0.138667
0.134108
0.119437
0.0398422
0.109083
0.0850988
0.134076
0.124298
0.138991
0.140485
0.0403782
0.124005
0.13746
0.0925369
0.140057
0.107484
0.133859
0.101834
0.0418337
0.141027
0.108689
0.0884399
0.129716
0.138843
0.11821
0.131514
0.0985962
0.132802
0.101311
0.138098
0.107974
0.116284
0.123678
0.0769502
0.0883949
0.111076
0.0650444
0.12301
0.101831
0.10419
0.137835
0.100422
0.0777448
0.138166
0.0685262
0.0291537
0.136508
0.0736879
0.106644
0.178866
0.089689
0.0789427
0.139944
0.0898078
0.130481
0.0926305
0.0265083
0.0571051
0.131488
0.139908
0.101298
0.126502
0.13878
0.104823
0.118834
0.0912183
0.0963965
0.0667467
0.131626
0.137354
0.101915
0.111205
0.100389
0.0671694
0.122096
0.0502009
0.0873096
0.136747
0.12522
0.10953
0.108089
0.139397
0.139344
0.127028
0.120519
0.273125
0.108181
0.1383
0.121621
0.142815
0.136713
0.0940736
0.0606775
0.0439188
0.0949693
0.106237
0.130109
0.104371
0.120188
0.0690842
0.114681
0.125319
0.0928935
0.0808379
0.0781882
0.0895993
0.135437
0.137207
0.130142
0.103489
0.0894572
0.117946
0.128272
0.117141
0.139438
0.0726788
0.140074
0.13912
0.119817
0.110229
0.118624
0.0551552
0.176352
0.0830443
0.100674
0.139791
0.139967
0.133436
0.137314
0.0902546
0.133726
0.0886821
0.100601
0.0914901
0.136552
0.108832
0.0890537
0.0935411
0.0715134
0.137664
0.397124
0.0838748
0.1299
0.0777517
0.131314
0.124898
0.137201
0.136783
0.138195
0.132798
0.114733
0.135331
0.0918332
0.135781
0.0932004
0.132877
0.128628
0.136958
0.139705
0.129181
0.138743
0.1392
0.072179
0.0843613
0.0612995
0.0712495
0.157744
0.135698
0.138839
0.052158
0.138203
0.0490522
0.136136
0.141301
0.0812128
0.129827
0.088608
0.132948
0.139182
0.132423
0.0557308
0.143042
0.0240001
0.137438
0.0614488
0.0144783
0.0862203
0.128058
0.143879
0.125396
0.100581
0.0213968
0.0835651
0.0584197
0.138343
0.146009
0.101751
0.13589
0.137177
0.1334
0.138643
0.129212
0.0776516
0.13936
0.137357
0.0851694
0.106678
0.130542
0.113443
0.064502
0.105221
0.0912977
0.0822314
0.109827
0.0716338
0.137297
0.134905
0.137043
0.0771068
0.139441
0.137746
0.136526
0.0773698
0.0995648
0.183236
0.0989145
0.0977322
0.0873724
0.130929
0.134944
0.0221236
0.125674
0.0686184
0.0100742
0.108914
0.0696721
0.139687
0.136218
0.0677295
0.127442
0.0276875
0.136609
0.100025
0.139021
0.0958344
0.100833
0.136275
0.0996192
0.13804
0.112447
0.0381727
0.139681
0.137342
0.0961194
0.138822
0.126325
0.0962197
0.082868
0.0651687
0.106846
0.10443
0.111609
0.138809
0.0960594
0.101353
0.139995
0.0960792
0.133661
0.130502
0.115278
0.0394638
0.138372
0.061661
0.138832
0.0436322
0.0380077
0.127645
0.136163
0.102279
0.0996505
0.139331
0.0419617
0.0335377
0.139001
0.105014
0.0681007
0.134907
0.115022
0.0524266
0.125152
0.0562506
0.130057
0.131161
0.111331
0.0946924
0.0975081
0.101846
0.0992524
0.127829
0.0712567
0.119275
0.133001
0.066965
0.127822
0.130356
0.0679404
0.136914
0.114333
0.110025
0.073933
0.128494
0.092053
0.0752138
0.102324
0.137395
0.0871211
0.0648337
0.139259
0.0984418
0.0429625
0.0597933
0.133552
0.0703697
0.0845699
0.0917059
0.139781
0.106316
0.139337
0.143685
0.0837506
0.137001
0.10123
0.137977
0.140017
0.130927
0.130981
0.125614
0.128157
0.0383369
0.13842
0.0840359
0.0930423
0.105948
0.0999955
0.131599
0.0758941
0.130416
0.137009
0.141529
0.0694848
0.214748
0.0989964
0.0994635
0.102854
0.121326
0.138835
0.142082
0.154882
0.0737014
0.128119
0.0829969
0.137122
0.114445
0.134069
0.0418222
0.127043
0.094434
0.106324
0.138715
0.125014
0.138772
0.23262
0.118134
0.137689
0.124607
0.127715
0.13944
0.139665
0.137416
0.0395132
0.138219
0.109018
0.0846406
0.0578563
0.127081
0.138298
0.135607
0.105131
0.139334
0.13853
0.13124
0.136767
0.0979593
0.124839
0.13604
0.124422
0.111955
0.0896505
0.128129
0.136986
0.14008
0.10337
0.122544
0.115717
0.0981691
0.112678
0.103477
0.0745215
0.0504464
0.118304
0.135639
0.125752
0.0836251
0.131063
0.0288574
0.131604
0.0803148
0.131915
0.135663
0.141335
0.0914713
0.139514
0.0221515
0.135894
0.126618
0.137532
0.111576
0.104491
0.133337
0.138407
0.0423806
0.107769
0.102971
0.122172
0.129091
0.0394973
0.0744531
0.139599
0.0917967
0.0953866
0.0881794
0.0968531
0.123126
0.131889
0.0673677
0.0666757
0.138757
0.137645
0.057748
0.0666179
0.136401
0.102952
0.134803
0.075462
0.125574
0.100819
0.12935
0.0843467
0.0646852
0.109141
0.100761
0.0814863
0.135877
0.134172
0.0739342
0.127804
0.144435
0.128695
0.139295
0.126192
0.0971318
0.0982069
0.102745
0.139042
0.0955435
0.138915
0.0327058
0.0896792
0.120623
0.0511003
0.116028
0.101415
0.139591
0.137371
0.13719
0.110021
0.104778
0.0917392
0.0984529
0.128529
0.104148
0.113153
0.139221
0.111125
0.124979
0.0884036
0.136143
0.102204
0.139648
0.0986384
0.135913
0.117588
0.0185989
0.0998891
0.114243
0.0759205
0.101902
0.0822947
0.063
0.0784131
0.0703651
0.134324
0.0644444
0.112436
0.135122
0.132978
0.128086
0.127607
0.205012
0.10764
0.0375094
0.0592909
0.11472
0.0638673
0.0916586
0.136188
0.0215172
0.109961
0.135352
0.121612
0.109649
0.118416
0.0809192
0.138504
0.113429
0.0528274
0.118548
0.0970309
0.106444
0.139515
0.138109
0.0391887
0.115251
0.0407749
0.139458
0.107323
0.137589
0.104751
0.0971523
0.0393766
0.0672857
0.0456521
0.117028
0.11669
0.102997
0.0886746
0.139698
0.136928
0.134862
0.0203165
0.0370099
0.101277
0.125081
0.0846858
0.103099
0.14562
0.110578
0.162132
0.13924
0.101613
0.13779
0.134161
0.0562647
0.127776
0.0508747
0.0710927
0.089721
0.0942533
0.131036
0.102386
0.105535
0.135922
0.114034
0.139047
0.0994545
0.138235
0.139171
0.115995
0.116494
0.138233
0.139573
0.137463
0.0268549
0.0964255
0.0958546
0.112347
0.0573691
0.0664042
0.106729
0.133987
0.109026
0.136794
0.139519
0.123664
0.12139
0.102305
0.137811
0.105069
0.105096
0.125328
0.0905073
0.132277
0.322943
0.122836
0.132458
0.139266
0.13383
0.093841
0.134477
0.100737
0.0605417
0.0111419
0.0940442
0.056507
0.129965
0.131608
0.087622
0.134976
0.148925
0.137736
0.10074
0.0953181
0.104059
0.0810507
0.106238
0.114728
0.139109
0.163387
0.125611
0.0656586
0.198856
0.135513
0.139622
0.131002
0.0290806
0.105472
0.0881874
0.124575
0.0669602
0.137008
0.132923
0.0734092
0.101811
0.139482
0.115366
0.131724
0.133212
0.136751
0.108033
0.134308
0.139019
0.15036
0.136917
0.10036
0.0768811
0.121841
0.136726
0.124529
0.0836073
0.107581
0.0948006
0.0660431
0.107048
0.137477
0.111568
0.135694
0.113715
0.138066
0.130589
0.0956239
0.132481
0.137674
0.0948958
0.142602
0.106497
0.107998
0.0544391
0.130715
0.101579
0.136736
0.13928
0.136017
0.100281
0.162821
0.114466
0.0959672
0.12546
0.144644
0.0352256
0.107243
0.132859
0.116792
0.10706
0.112647
0.127837
0.137399
0.133853
0.0217386
0.0340255
0.179828
0.132535
0.110299
0.140061
0.15786
0.0689272
0.136006
0.135635
0.144342
0.137821
0.139448
0.0567319
0.111593
0.123829
0.132817
0.140056
0.0229162
0.13463
0.130832
0.0953375
0.0860434
0.0549671
0.138109
0.132131
0.139108
0.129574
0.0758833
0.118464
0.121969
0.0567236
0.139261
0.0996382
0.0546505
0.122758
0.140032
0.132696
0.0965325
0.0464092
0.136911
0.101269
0.126398
0.10452
0.106336
0.0808336
0.0997614
0.11659
0.133814
0.138466
0.136337
0.13714
0.100608
0.107963
0.119988
0.0698693
0.139793
0.0907326
0.138299
0.0624494
0.137967
0.136993
0.139993
0.0201875
0.112608
0.083857
0.13247
0.0993973
0.108292
0.0176117
0.0828836
0.0661835
0.133195
0.113037
0.100066
0.102784
0.139031
0.138508
0.112083
0.0788903
0.0930205
0.133214
0.136691
0.0481432
0.125207
0.103169
0.140062
0.138649
0.138884
0.125388
0.0597473
0.152616
0.0891227
0.139615
0.114638
0.0279175
0.106915
0.120918
0.133122
0.112987
0.0605022
0.114499
0.0784595
0.073453
0.0637169
0.0656908
0.0796956
0.0829473
0.118268
0.133222
0.13972
0.109234
0.137908
0.10539
)
;

boundaryField
{
    wings
    {
        type            fixedValue;
        value           uniform 0;
    }
    outlet
    {
        type            freestream;
        freestreamValue uniform 0.14;
        value           nonuniform List<scalar> 
20
(
0.136308
0.137183
0.134617
0.14914
0.207948
0.431228
0.13651
0.121733
0.125018
0.136672
0.145871
0.134324
0.333112
0.131725
0.360595
0.42008
0.132189
0.135781
0.125396
0.205012
)
;
    }
    tunnel
    {
        type            fixedValue;
        value           uniform 0;
    }
    inlet
    {
        type            freestream;
        freestreamValue uniform 0.14;
        value           uniform 0.14;
    }
    defaultFaces
    {
        type            empty;
    }
}


// ************************************************************************* //
