/*--------------------------------*- C++ -*----------------------------------*\
| =========                 |                                                 |
| \\      /  F ield         | OpenFOAM: The Open Source CFD Toolbox           |
|  \\    /   O peration     | Version:  2.3.0                                 |
|   \\  /    A nd           | Web:      www.OpenFOAM.org                      |
|    \\/     M anipulation  |                                                 |
\*---------------------------------------------------------------------------*/
FoamFile
{
    version     2.0;
    format      ascii;
    class       volScalarField;
    location    "1000";
    object      p;
}
// * * * * * * * * * * * * * * * * * * * * * * * * * * * * * * * * * * * * * //

dimensions      [0 2 -2 0 0 0 0];

internalField   nonuniform List<scalar> 
6710
(
0.888623
1.72644
2.72653
4.43499
7.21836
11.2602
16.829
24.9113
36.3169
47.7015
54.2883
69.2546
23.1069
27.2185
32.6391
39.7336
48.7039
59.6119
72.4105
86.955
102.958
119.769
136.991
154.279
39.4989
45.7068
52.2047
59.4552
67.3825
75.9227
85.0064
94.4896
104.21
113.947
123.579
132.942
51.9405
58.6764
65.5338
72.9874
80.9285
89.2497
97.8394
106.539
115.205
123.651
131.739
139.31
61.1576
67.39
73.7338
80.2916
87.0667
94.0017
101.049
108.124
115.153
122.032
128.678
134.998
68.8579
73.9875
79.7276
85.6078
91.6604
97.8278
104.069
110.322
116.532
122.619
128.517
134.155
74.1616
78.5812
83.7219
88.9463
94.3147
99.7853
105.332
110.914
116.483
121.977
127.34
132.512
77.7396
81.824
86.4928
91.2039
96.0725
101.047
106.101
111.204
116.305
121.369
126.356
131.199
81.1105
84.6014
88.6754
92.9069
97.3592
101.905
106.578
111.35
116.118
120.891
125.585
130.182
84.6858
87.0333
90.8801
94.5881
98.654
102.71
107.014
111.613
116.274
120.965
125.382
129.725
124.601
156.533
177.686
193.897
207.137
217.442
224.636
228.698
229.76
228.196
225.026
221.426
169.752
182.017
192.124
200.344
206.724
211.263
214.096
215.418
215.428
214.324
212.671
210.876
142.113
151.27
160.261
168.78
176.605
183.52
189.36
193.982
197.282
199.253
200.258
200.556
146.421
153.235
159.781
165.923
171.552
176.573
180.92
184.543
187.391
189.451
190.94
191.937
141.061
146.976
152.733
158.223
163.359
168.055
172.25
175.89
178.924
181.329
183.239
184.686
139.557
144.781
149.821
154.603
159.069
163.162
166.849
170.097
172.882
175.186
177.127
178.744
137.491
142.299
146.916
151.283
155.357
159.089
162.466
165.458
168.066
170.263
172.142
173.732
135.881
140.388
144.688
148.74
152.518
155.966
159.11
161.877
164.333
166.395
168.19
169.763
134.673
139
143.104
146.979
150.587
153.77
156.731
159.231
161.538
163.369
165.037
166.441
134.027
138.149
142.063
145.806
149.269
152.116
154.727
156.848
158.978
160.589
162.138
163.343
-36.6338
-38.9996
-41.4695
-43.6469
-45.2404
-46.0929
-46.1172
-45.3143
-43.7353
-41.4212
-37.9182
-30.3854
-31.9532
-34.2534
-36.5611
-38.4976
-39.7974
-40.3044
-39.8762
-38.3362
-35.4615
-31.1187
-25.409
-18.7899
-26.6305
-28.6159
-30.5701
-32.1401
-33.0887
-33.2633
-32.5323
-30.7765
-27.9135
-23.9502
-19.0628
-13.7046
-21.0056
-22.4844
-23.9173
-24.9986
-25.5432
-25.4334
-24.5803
-22.9065
-20.3796
-17.0381
-13.0445
-8.66663
-15.4477
-16.4831
-17.4563
-18.1162
-18.3342
-18.0227
-17.1051
-15.5151
-13.2289
-10.2805
-6.78142
-2.93822
-9.95976
-10.8111
-11.432
-11.7495
-11.7039
-11.2396
-10.2784
-8.75719
-6.64384
-3.96064
-0.79382
2.68176
-4.73457
-5.57421
-5.97271
-6.05378
-5.80535
-5.22988
-4.22787
-2.75402
-0.764595
1.70598
4.59681
7.75562
-0.01062
-0.862559
-1.14763
-1.09038
-0.662665
0.0067862
1.06506
2.53605
4.52682
6.88279
9.61405
12.568
4.51013
3.49581
3.08466
3.0954
3.70268
4.3468
5.34515
6.67819
8.67258
10.8329
13.298
15.9716
9.76039
8.19195
7.25234
7.47104
8.91975
9.67246
10.7434
12.1825
14.3254
16.2951
18.9557
22.0188
-14.8244
-7.00691
-1.57158
3.8992
9.45117
14.9544
20.4361
25.9469
31.5333
37.2062
42.8881
48.7169
-11.5596
-6.28103
-2.06914
2.52231
7.48813
12.77
18.2609
23.8634
29.52
35.1982
40.7958
46.3067
-8.26763
-2.6197
2.2242
6.74541
11.2985
15.9592
20.7109
25.5437
30.4507
35.4358
40.4219
45.2438
-4.08664
0.930762
5.66369
10.0169
14.3637
18.7112
23.0505
27.3957
31.752
36.1363
40.6059
45.0197
1.0839
5.40159
9.6659
13.6014
17.5561
21.4987
25.4251
29.345
33.2557
37.1513
41.1101
45.2663
6.30335
10.1359
13.9713
17.5066
21.0602
24.5852
28.0875
31.5764
35.054
38.5077
41.9859
45.6541
11.0313
14.489
17.9535
21.1413
24.3513
27.524
30.6685
33.7882
36.8856
39.9516
43.0108
46.1788
15.555
18.6202
21.6132
24.3956
27.2672
30.1292
32.979
35.7983
38.5836
41.3307
44.0635
46.8525
18.7561
21.74
24.5567
27.1085
29.7478
32.3779
35.0052
37.5844
40.1129
42.5893
45.0722
47.585
24.5754
26.6618
27.9971
29.6302
31.9363
34.3615
36.842
39.2073
41.4956
43.7513
46.0725
48.4182
-168.351
-156.764
-143.762
-132.602
-120.1
-105.61
-90.5595
-75.7051
-61.387
-48.2042
-36.75
-27.5867
-99.9856
-100.118
-99.3817
-98.1461
-97.0202
-95.8722
-93.467
-88.8992
-81.9682
-72.8802
-62.1226
-51.4166
-106.857
-106.71
-106.675
-106.444
-105.576
-103.75
-101.026
-97.426
-92.4651
-85.7044
-77.006
-68.0007
-100.69
-100.661
-100.554
-100.379
-100.102
-99.6239
-98.7475
-97.2312
-94.8878
-91.2607
-85.5409
-79.5322
-100.837
-100.814
-100.768
-100.665
-100.467
-100.128
-99.5497
-98.5652
-96.9898
-94.583
-90.6479
-86.5706
-99.995
-99.9728
-99.9159
-99.8142
-99.6555
-99.4163
-99.0559
-98.5
-97.602
-96.137
-93.5496
-89.9929
-100.226
-100.204
-100.154
-100.065
-99.9247
-99.7162
-99.4151
-98.9879
-98.3581
-97.403
-95.8342
-94.2047
-100.657
-100.636
-100.588
-100.503
-100.377
-100.195
-99.9408
-99.5976
-99.125
-98.4671
-97.4887
-96.2459
-101.463
-101.445
-101.402
-101.327
-101.216
-101.058
-100.841
-100.556
-100.182
-99.6873
-99.0383
-99.2804
-102.474
-102.46
-102.421
-102.354
-102.256
-102.12
-101.933
-101.69
-101.382
-101.002
-100.539
-100.457
-103.652
-103.64
-103.606
-103.549
-103.466
-103.351
-103.195
-102.994
-102.747
-102.452
-102.104
-102.154
-104.915
-104.905
-104.876
-104.827
-104.757
-104.662
-104.535
-104.373
-104.177
-103.947
-103.682
-103.855
-106.201
-106.192
-106.167
-106.124
-106.064
-105.985
-105.878
-105.744
-105.588
-105.415
-105.219
-105.123
-107.472
-107.465
-107.441
-107.402
-107.348
-107.275
-107.178
-107.053
-106.903
-106.73
-106.503
-106.049
-108.713
-108.707
-108.685
-108.649
-108.6
-108.535
-108.449
-108.339
-108.21
-108.063
-107.891
-107.755
-109.904
-109.898
-109.878
-109.845
-109.799
-109.738
-109.657
-109.554
-109.428
-109.287
-109.115
-108.561
-111.046
-111.041
-111.022
-110.99
-110.946
-110.89
-110.816
-110.721
-110.608
-110.478
-110.326
-110.256
-112.126
-112.121
-112.102
-112.072
-112.031
-111.976
-111.904
-111.811
-111.696
-111.562
-111.389
-110.918
-113.148
-113.144
-113.126
-113.097
-113.057
-113.006
-112.94
-112.856
-112.755
-112.639
-112.515
-112.645
-114.108
-114.104
-114.086
-114.058
-114.018
-113.966
-113.897
-113.808
-113.694
-113.554
-113.373
-113.034
-115.024
-115.019
-115.002
-114.974
-114.936
-114.886
-114.821
-114.738
-114.635
-114.516
-114.393
-114.325
-115.884
-115.88
-115.864
-115.836
-115.798
-115.749
-115.683
-115.597
-115.488
-115.356
-115.2
-114.942
-116.712
-116.707
-116.691
-116.663
-116.626
-116.577
-116.512
-116.428
-116.323
-116.195
-116.038
-115.799
-117.493
-117.489
-117.473
-117.447
-117.41
-117.362
-117.299
-117.217
-117.112
-116.984
-116.836
-116.587
-118.242
-118.238
-118.222
-118.196
-118.16
-118.114
-118.052
-117.972
-117.869
-117.744
-117.596
-117.38
-118.949
-118.945
-118.931
-118.906
-118.872
-118.828
-118.769
-118.692
-118.593
-118.472
-118.323
-118.085
-119.627
-119.622
-119.607
-119.583
-119.55
-119.508
-119.452
-119.38
-119.289
-119.176
-119.038
-118.827
-120.249
-120.245
-120.231
-120.21
-120.18
-120.142
-120.092
-120.028
-119.946
-119.848
-119.731
-119.572
-120.827
-120.823
-120.81
-120.789
-120.76
-120.725
-120.678
-120.619
-120.546
-120.459
-120.368
-120.269
-121.342
-121.339
-121.328
-121.309
-121.283
-121.25
-121.206
-121.149
-121.075
-120.984
-120.867
-120.595
-121.82
-121.816
-121.804
-121.784
-121.759
-121.728
-121.688
-121.637
-121.572
-121.49
-121.404
-121.457
-122.221
-122.218
-122.207
-122.191
-122.169
-122.142
-122.107
-122.061
-122.002
-121.931
-121.85
-121.645
-122.572
-122.569
-122.559
-122.542
-122.522
-122.498
-122.469
-122.432
-122.388
-122.336
-122.289
-122.369
-122.838
-122.836
-122.828
-122.815
-122.799
-122.779
-122.753
-122.721
-122.679
-122.627
-122.553
-122.358
-123.053
-123.05
-123.041
-123.028
-123.013
-122.996
-122.975
-122.952
-122.925
-122.895
-122.867
-122.889
-123.162
-123.16
-123.153
-123.144
-123.132
-123.12
-123.104
-123.087
-123.067
-123.049
-123.047
-123.104
-123.209
-123.207
-123.2
-123.19
-123.179
-123.167
-123.153
-123.137
-123.118
-123.098
-123.066
-122.822
-123.159
-123.157
-123.152
-123.145
-123.138
-123.131
-123.123
-123.115
-123.108
-123.1
-123.102
-123.289
-123.043
-123.041
-123.035
-123.028
-123.021
-123.014
-123.008
-123.001
-122.993
-122.984
-122.964
-122.81
-122.817
-122.816
-122.814
-122.811
-122.81
-122.81
-122.813
-122.818
-122.827
-122.843
-122.877
-123.06
-122.516
-122.515
-122.513
-122.51
-122.51
-122.513
-122.519
-122.53
-122.546
-122.571
-122.612
-122.669
-122.095
-122.096
-122.095
-122.097
-122.103
-122.112
-122.126
-122.147
-122.175
-122.215
-122.275
-122.363
-121.588
-121.588
-121.588
-121.59
-121.597
-121.609
-121.629
-121.658
-121.698
-121.752
-121.83
-121.911
-120.94
-120.943
-120.946
-120.954
-120.968
-120.988
-121.018
-121.058
-121.112
-121.186
-121.286
-121.429
-120.202
-120.204
-120.207
-120.215
-120.231
-120.256
-120.293
-120.344
-120.413
-120.502
-120.607
-120.617
-119.301
-119.306
-119.313
-119.329
-119.353
-119.39
-119.441
-119.513
-119.61
-119.739
-119.915
-120.222
-118.281
-118.285
-118.293
-118.309
-118.336
-118.377
-118.437
-118.52
-118.634
-118.789
-119.008
-119.374
-117.084
-117.09
-117.102
-117.124
-117.158
-117.208
-117.276
-117.368
-117.49
-117.652
-117.862
-117.992
-115.768
-115.772
-115.784
-115.806
-115.843
-115.897
-115.974
-116.08
-116.22
-116.404
-116.648
-117.054
-114.257
-114.264
-114.282
-114.312
-114.357
-114.422
-114.511
-114.63
-114.788
-114.996
-115.273
-115.642
-112.624
-112.629
-112.644
-112.675
-112.723
-112.793
-112.891
-113.023
-113.198
-113.425
-113.713
-113.976
-110.775
-110.782
-110.804
-110.843
-110.902
-110.986
-111.102
-111.256
-111.458
-111.72
-112.064
-112.555
-108.772
-108.781
-108.806
-108.849
-108.915
-109.008
-109.137
-109.31
-109.536
-109.828
-110.211
-110.794
-106.574
-106.584
-106.611
-106.662
-106.737
-106.843
-106.99
-107.185
-107.441
-107.772
-108.177
-108.505
-104.179
-104.19
-104.221
-104.278
-104.363
-104.484
-104.652
-104.879
-105.18
-105.571
-106.08
-106.923
-101.551
-101.565
-101.604
-101.67
-101.767
-101.903
-102.087
-102.333
-102.656
-103.072
-103.617
-104.311
-98.7531
-98.767
-98.8061
-98.8763
-98.98
-99.1271
-99.3284
-99.5966
-99.9452
-100.392
-100.96
-101.601
-95.7031
-95.7223
-95.7707
-95.8543
-95.975
-96.1431
-96.3704
-96.6713
-97.0622
-97.5613
-98.1914
-98.9532
-92.4853
-92.5044
-92.5555
-92.6456
-92.7769
-92.9613
-93.2126
-93.5464
-93.9798
-94.5301
-95.2145
-95.9855
-89.0043
-89.0288
-89.0891
-89.1936
-89.3443
-89.5545
-89.8392
-90.2168
-90.7069
-91.3305
-92.1372
-93.2113
-85.3139
-85.3424
-85.4109
-85.5276
-85.6955
-85.9289
-86.2454
-86.6637
-87.2051
-87.8942
-88.7755
-89.8218
-81.3846
-81.4172
-81.4941
-81.626
-81.8148
-82.0768
-82.4298
-82.8951
-83.4951
-84.2543
-85.2103
-86.357
-77.2315
-77.2694
-77.3565
-77.5045
-77.7172
-78.0111
-78.4063
-78.9235
-79.5843
-80.4083
-81.4096
-82.4012
-72.83
-72.8767
-72.9801
-73.1528
-73.3988
-73.738
-74.1922
-74.7853
-75.5405
-76.4748
-77.6131
-79.0704
-68.219
-68.2726
-68.3895
-68.586
-68.8672
-69.2557
-69.7764
-70.4546
-71.3134
-72.3719
-73.6335
-74.8911
-63.3418
-63.4079
-63.548
-63.7794
-64.1098
-64.5641
-65.1713
-65.9601
-66.956
-68.1699
-69.6018
-71.3657
-58.2608
-58.3383
-58.5014
-58.77
-59.1535
-59.6819
-60.3873
-61.3003
-62.4454
-63.8349
-65.4556
-67.0776
-52.9631
-53.0588
-53.2542
-53.5717
-54.0243
-54.6463
-55.4726
-56.5358
-57.8578
-59.4396
-61.255
-63.194
-47.5455
-47.6622
-47.8962
-48.2711
-48.805
-49.5364
-50.5044
-51.7392
-53.2537
-55.0322
-57.0072
-58.879
-42.0207
-42.1692
-42.4609
-42.919
-43.567
-44.4495
-45.6053
-47.0607
-48.8128
-50.8193
-52.9628
-54.9185
-36.6228
-36.8108
-37.1838
-37.7547
-38.5568
-39.637
-41.0304
-42.7452
-44.7468
-46.9512
-49.2003
-51.0971
-31.9786
-32.1938
-32.6509
-33.3488
-34.3253
-35.6244
-37.2653
-39.225
-41.4243
-43.7235
-45.9175
-47.6701
-28.0559
-28.3262
-28.9195
-29.8276
-31.0723
-32.6799
-34.6319
-36.847
-39.1686
-41.3882
-43.2781
-44.5846
-24.0679
-24.6108
-25.5894
-27.0628
-29.0155
-31.3608
-33.9103
-36.4217
-38.6431
-40.3697
-41.4895
-41.9625
-26.1479
-29.8194
-32.9207
-35.2345
-36.974
-38.3746
-39.4842
-40.3182
-40.819
-40.8808
-40.4495
-39.5802
366.969
363.944
357.104
347.126
333.725
317.616
300.181
282.903
266.963
252.945
241.173
231.96
290.376
290.401
288.657
286.435
283.827
280.56
276.211
270.43
263.095
254.407
245.122
236.148
282.212
282.141
281.166
279.599
277.289
274.165
270.185
265.319
259.512
252.707
245.148
237.426
277.923
277.339
276.225
274.684
272.611
269.894
266.42
262.108
256.912
250.814
243.965
236.793
264.349
264.046
263.574
262.826
261.727
260.174
258.038
255.181
251.465
246.777
241.145
234.9
253.814
253.68
253.462
253.041
252.379
251.39
249.967
247.984
245.301
241.77
237.314
232.114
246.374
246.271
246.08
245.727
245.194
244.411
243.294
241.739
239.625
236.814
233.188
228.812
239.629
239.549
239.395
239.115
238.695
238.08
237.201
235.969
234.278
231.999
229.003
225.296
233.369
233.313
233.198
232.986
232.664
232.188
231.5
230.526
229.173
227.321
224.84
221.716
227.779
227.736
227.645
227.476
227.218
226.834
226.278
225.487
224.382
222.86
220.799
218.183
222.737
222.703
222.627
222.485
222.269
221.948
221.483
220.821
219.894
218.609
216.843
214.515
218.088
218.061
217.997
217.878
217.695
217.424
217.03
216.468
215.679
214.58
213.061
211.026
213.775
213.753
213.699
213.597
213.441
213.209
212.873
212.393
211.717
210.776
209.472
207.72
209.754
209.736
209.689
209.601
209.467
209.266
208.975
208.559
207.972
207.152
206.008
204.434
205.981
205.967
205.927
205.85
205.733
205.557
205.302
204.938
204.423
203.706
202.706
201.322
202.423
202.413
202.378
202.311
202.207
202.052
201.828
201.506
201.053
200.421
199.553
198.346
199.052
199.047
199.016
198.956
198.864
198.725
198.524
198.236
197.829
197.256
196.464
195.355
195.848
195.845
195.818
195.764
195.681
195.557
195.376
195.118
194.753
194.239
193.534
192.586
192.792
192.791
192.767
192.719
192.644
192.532
192.369
192.136
191.807
191.343
190.702
189.855
189.868
189.867
189.845
189.802
189.734
189.633
189.485
189.275
188.977
188.559
187.982
187.249
187.06
187.059
187.039
187
186.938
186.845
186.711
186.519
186.248
185.867
185.338
184.672
184.354
184.353
184.335
184.299
184.243
184.158
184.034
183.858
183.609
183.259
182.771
182.165
181.74
181.74
181.723
181.691
181.638
181.56
181.446
181.284
181.054
180.732
180.279
179.719
179.211
179.211
179.196
179.166
179.118
179.045
178.94
178.79
178.577
178.279
177.86
177.351
176.759
176.759
176.745
176.718
176.673
176.606
176.508
176.369
176.172
175.895
175.507
175.051
174.372
174.372
174.361
174.337
174.296
174.234
174.144
174.015
173.833
173.576
173.214
172.8
172.051
172.051
172.042
172.02
171.982
171.925
171.841
171.723
171.556
171.322
170.993
170.646
169.789
169.789
169.781
169.76
169.725
169.671
169.593
169.483
169.329
169.114
168.81
168.486
167.572
167.573
167.565
167.547
167.513
167.463
167.39
167.287
167.142
166.94
166.652
166.335
165.397
165.398
165.391
165.374
165.343
165.297
165.228
165.131
164.994
164.802
164.528
164.227
163.265
163.266
163.26
163.244
163.215
163.171
163.107
163.016
162.887
162.709
162.457
162.21
161.175
161.176
161.169
161.153
161.126
161.084
161.023
160.937
160.816
160.649
160.409
160.176
159.113
159.113
159.107
159.093
159.067
159.027
158.969
158.888
158.774
158.617
158.391
158.181
157.076
157.076
157.07
157.058
157.034
156.996
156.942
156.865
156.757
156.607
156.389
156.194
155.068
155.068
155.063
155.051
155.028
154.993
154.941
154.869
154.767
154.625
154.421
154.271
153.088
153.087
153.081
153.069
153.047
153.014
152.965
152.897
152.801
152.669
152.472
152.354
151.122
151.122
151.116
151.106
151.085
151.054
151.009
150.945
150.858
150.74
150.559
150.459
149.167
149.167
149.163
149.154
149.136
149.107
149.065
149.006
148.925
148.815
148.637
148.479
147.234
147.233
147.228
147.219
147.201
147.173
147.133
147.077
147
146.899
146.74
146.539
145.301
145.301
145.297
145.289
145.272
145.246
145.208
145.156
145.084
144.991
144.856
144.633
143.374
143.374
143.37
143.363
143.348
143.323
143.288
143.239
143.171
143.084
142.973
142.767
141.447
141.447
141.445
141.439
141.425
141.402
141.368
141.321
141.255
141.165
141.055
140.886
139.53
139.53
139.526
139.519
139.506
139.483
139.449
139.403
139.339
139.25
139.136
139.018
137.606
137.607
137.603
137.598
137.585
137.563
137.532
137.489
137.429
137.348
137.238
137.166
135.68
135.681
135.678
135.673
135.662
135.642
135.613
135.572
135.518
135.445
135.34
135.285
133.753
133.753
133.75
133.745
133.734
133.715
133.687
133.65
133.6
133.533
133.435
133.401
131.813
131.813
131.81
131.805
131.795
131.778
131.753
131.718
131.673
131.615
131.528
131.532
129.859
129.859
129.856
129.852
129.843
129.827
129.804
129.773
129.733
129.682
129.6
129.606
127.885
127.885
127.883
127.88
127.872
127.858
127.838
127.81
127.775
127.732
127.661
127.673
125.899
125.898
125.895
125.891
125.883
125.87
125.851
125.827
125.795
125.759
125.698
125.713
123.874
123.875
123.874
123.871
123.866
123.855
123.839
123.818
123.792
123.764
123.718
123.754
121.841
121.839
121.834
121.829
121.823
121.812
121.797
121.779
121.759
121.739
121.706
121.749
119.752
119.751
119.748
119.745
119.74
119.731
119.719
119.704
119.688
119.676
119.654
119.71
117.611
117.612
117.612
117.612
117.61
117.604
117.596
117.586
117.577
117.572
117.562
117.641
115.46
115.458
115.452
115.448
115.445
115.439
115.431
115.425
115.422
115.427
115.433
115.557
113.223
113.223
113.222
113.221
113.22
113.217
113.214
113.213
113.217
113.233
113.252
113.416
110.928
110.929
110.928
110.929
110.932
110.933
110.934
110.939
110.952
110.981
111.016
111.224
108.595
108.593
108.588
108.586
108.587
108.588
108.591
108.6
108.622
108.663
108.71
108.934
106.146
106.148
106.148
106.15
106.155
106.16
106.168
106.185
106.216
106.273
106.341
106.581
103.638
103.636
103.633
103.633
103.638
103.646
103.659
103.684
103.727
103.803
103.903
104.191
101.009
101.008
101.007
101.01
101.018
101.03
101.049
101.084
101.143
101.241
101.38
101.745
98.2486
98.2508
98.2524
98.2589
98.2726
98.2915
98.3201
98.3678
98.4441
98.5661
98.7319
99.1925
95.389
95.3874
95.3845
95.3883
95.4024
95.4249
95.4613
95.5225
95.6212
95.7774
95.991
96.5833
92.3408
92.3407
92.341
92.3488
92.3677
92.3981
92.4459
92.5242
92.6488
92.8428
93.0873
93.7423
89.0902
89.093
89.0969
89.1099
89.1374
89.1794
89.2434
89.3446
89.502
89.746
90.0523
90.7018
85.6552
85.654
85.6546
85.6671
85.6979
85.7495
85.831
85.9601
86.1588
86.4668
86.8774
87.5943
81.9089
81.9129
81.9203
81.9412
81.9847
82.0543
82.1624
82.3306
82.5862
82.9726
83.5143
84.4715
77.8699
77.8693
77.8732
77.8967
77.9509
78.0414
78.1834
78.4043
78.738
79.2301
79.9136
81.1766
73.3754
73.3789
73.3911
73.4277
73.5025
73.6261
73.8178
74.1123
74.5522
75.1886
76.0414
77.5473
68.3318
68.3401
68.3622
68.4167
68.5244
68.6984
68.9658
69.3689
69.9605
70.802
71.9076
73.702
62.6346
62.642
62.6668
62.7406
62.8899
63.1358
63.5144
64.0791
64.8928
66.0249
67.4913
69.6977
55.8815
55.8859
55.9406
56.0622
56.2979
56.6794
57.2547
58.0885
59.2502
60.805
62.762
65.5288
47.6403
47.7436
47.8169
48.0405
48.4492
49.084
50.0063
51.2866
52.9893
55.1601
57.776
61.2069
37.1729
36.7459
37.0318
37.5853
38.4457
39.6779
41.3255
43.4321
46.0255
49.1122
52.6285
56.8987
21.2416
22.1437
23.2935
24.616
26.4812
28.8571
31.7256
35.0784
38.8875
43.1083
47.6263
52.6764
97.645
-20.8927
85.0825
96.1446
-121.456
102.655
154.649
70.605
205.839
86.2671
81.0948
58.7513
90.0651
179.651
-17.6843
88.4351
-85.954
67.1181
152.599
69.2376
-5.13618
100.566
94.413
7.91143
84.4499
90.144
59.1252
94.7138
-32.0065
151.413
132.44
140.602
92.1673
60.6433
-15.2211
81.8001
149.773
-44.9328
80.1736
22.4011
98.4381
160.661
42.9949
152.632
-114.023
99.5379
103.154
-69.6053
98.3691
95.3131
96.9491
196.746
42.2943
59.702
112.89
-73.8086
81.192
-8.20567
-118.362
104.053
-96.1937
-76.8263
145.103
95.0993
74.6811
69.9576
54.769
81.5177
99.1665
114.692
-57.8684
-122.493
-114.152
90.1667
9.89717
-122.061
-68.4748
-93.2935
96.743
95.2357
130.712
178.716
92.3289
80.9266
-107.766
115.859
111.086
96.0955
96.55
108.452
86.2042
-89.7486
95.4765
-113.268
111.148
-42.8917
228.293
-110.045
95.4285
228.068
38.7627
118.004
5.27009
172.053
96.7707
-107.473
102.558
96.5595
78.1435
95.631
91.9395
170.993
121.246
171.829
-118.709
90.69
210.753
117.664
170.421
158.57
106.718
66.953
64.4109
65.8887
163.743
86.6059
97.3719
-122.454
-123.104
94.7401
79.0701
129.156
152.151
14.4829
-108.154
132.363
-74.9883
73.6084
-91.7438
105.243
168.624
6.8895
-76.9177
41.5153
78.5003
-106.864
108.813
72.2385
-83.8924
-107.079
-40.3992
103.728
-18.8347
56.3622
155.449
102.726
76.3523
55.052
91.0016
96.1289
91.0215
-74.1612
84.9405
-121.008
147.837
91.8283
78.097
-97.9889
-101.132
18.7978
-91.8567
79.4966
128.512
108.16
85.3602
-106.402
137.024
71.4164
90.1465
70.095
85.9949
-79.761
-72.9503
73.0976
99.0088
99.684
-35.2583
47.705
-38.9801
133.238
117.812
138.592
-101.69
89.1939
68.4701
-8.27722
118.589
142.111
170.479
88.094
63.7148
98.3952
96.1972
96.7942
101.18
52.9068
102.093
-63.6993
97.746
101.945
152.372
31.2514
171.339
95.6583
8.98044
105.568
90.5658
120.707
-107.577
-30.5462
-111.104
140.156
80.2525
97.6058
111.69
55.1663
108.435
-53.8906
80.875
89.1869
81.2541
193.702
64.5474
168.601
132.712
68.4548
-11.1345
86.0091
59.3095
115.995
91.6593
-120.979
94.5141
95.5368
-108.098
-24.3233
-73.9465
125.554
100.249
87.9121
74.1323
77.7985
190.626
98.681
98.4449
-124.235
-120.524
134.434
84.163
113.051
82.0304
-116.058
-86.8352
93.9051
59.5284
92.1241
-57.4313
104.152
-60.6915
205.941
-76.4421
110.963
94.8229
145.22
96.7089
-86.8686
102.276
50.8034
128.749
-42.0073
58.9624
-75.4709
85.9346
94.1099
91.2279
88.2579
90.3976
91.4014
-26.096
-6.64836
83.7339
91.5292
12.5112
146.743
82.2802
112.173
93.7648
96.4983
73.3481
91.484
8.21407
200.508
101.348
-124.166
99.9514
101.79
-46.2204
52.7075
8.17503
158.32
102.713
-107.627
83.142
82.64
143.901
-49.9521
142.996
16.3217
68.8791
39.7342
48.3489
-8.51804
-85.1338
100.122
-54.1825
86.971
-111.191
-86.6169
103.705
155.684
105.639
-104.208
99.5549
203.537
61.4588
-2.60267
110.572
90.6178
66.1996
-6.47913
52.4008
-122.816
-65.098
-2.57923
1.02233
106.108
90.2312
17.9103
26.5458
173.543
87.4782
95.6939
-94.7455
-94.3972
54.9971
-121.858
164.861
120.767
85.8342
-73.7344
76.2582
98.3086
95.073
110.956
-110.048
25.2872
73.4748
128.911
101.585
54.0163
82.6629
27.4167
99.5922
93.816
-99.8671
96.4447
98.0491
55.4801
57.1143
-119.041
-63.255
-67.1396
81.3135
85.0973
159.45
-34.9102
-12.4508
215.308
86.552
182.081
129.951
182.484
-5.19328
92.537
103.867
-28.086
85.4155
13.1878
63.4519
30.6255
97.0148
107.277
79.6428
-119.954
111.469
95.0054
81.5501
62.7399
53.1522
88.348
82.6881
-62.8444
137.435
-8.29063
44.0455
170.036
26.6581
164.208
126.664
-51.6653
19.2723
64.6475
108.245
-51.4977
108.728
110.517
62.6184
-101.576
77.6687
137.658
26.7823
-89.4937
38.7955
102.956
156.309
62.3355
200.083
76.9353
66.0509
178.01
149.778
-114.702
76.5575
69.1489
124.648
83.8948
96.9653
154.398
-26.7001
-39.3174
64.2056
-3.91542
-49.8156
54.1638
-77.2961
86.5435
77.2172
158.242
44.1556
96.8096
82.009
101.526
92.5316
82.2938
80.8277
22.5278
116.925
-118.637
97.6781
78.3413
91.2582
15.2016
169.837
93.6236
67.7183
141.02
84.6131
79.4997
87.2517
84.0645
94.9592
-122.066
-102.692
0.950746
75.6538
12.887
59.0562
-123.614
137.807
95.7865
97.5101
98.3682
131.948
-67.0972
72.1185
87.3804
112.084
69.4278
68.2544
150.422
109.411
110.019
137.972
-21.7289
89.4849
132.272
135.01
140.383
56.6645
-70.2131
7.3757
98.9283
34.5768
85.7916
6.69895
153.338
-120.608
-35.9305
91.3226
119.522
-50.5406
-108.049
85.4135
94.7054
94.4324
105.06
88.0308
78.3723
136.746
121.613
79.6042
133.23
97.1538
100.92
117.858
91.4625
135.695
69.0756
-101.608
98.902
171.82
60.1551
-113.092
100.36
97.6466
98.947
77.2195
113.245
71.5261
-124.378
87.1352
45.052
-80.5694
86.0161
75.5614
35.0563
-121.238
73.894
33.7486
-51.4494
96.0148
166.312
-99.2129
92.4087
92.7116
25.0829
-29.8931
17.1084
86.9142
78.9004
70.7188
98.3264
99.2385
39.232
88.4518
110.534
106.498
-119.729
226.007
110.881
98.278
80.4116
178.353
125.452
-78.9281
74.5482
-4.67723
95.9809
174.258
97.9887
95.5447
93.2263
151.246
142.316
-109.463
93.2013
93.834
45.8685
88.3284
-76.4278
98.3513
95.7854
95.5897
97.7873
198.399
84.8909
88.8264
56.4862
103.74
86.0942
-91.1933
-98.7372
100.39
77.4847
87.7508
96.952
98.6241
109.066
167.772
-120.503
43.3951
98.6345
-82.9334
61.2057
120.238
-86.0435
-122.351
118.527
-62.4578
-123.045
84.213
171.566
125.498
81.7284
77.4914
-106.593
-74.4264
39.43
110.557
97.6109
63.5176
91.9322
189.526
97.3305
-74.8063
55.6318
91.1951
-104.095
178.783
82.5219
111.017
80.8173
95.7039
-106.07
90.4146
129.305
78.5472
82.1567
-98.1867
97.2052
76.6167
91.4343
195.553
74.0966
86.6184
95.0976
30.8945
78.7194
60.8696
-99.6177
103.467
94.1008
-78.9579
-76.8147
-16.1931
92.8771
55.7186
189.047
81.0022
144.526
82.6059
154.116
-70.8575
79.5891
185.605
84.3483
-121.325
103.965
183.53
-117.6
15.1889
83.3368
197.254
107.978
119.006
86.4044
97.3631
105.331
98.0385
-46.7617
104.878
94.0706
135.616
-49.1025
91.9439
171.797
98.7537
-20.873
-88.4357
175.573
96.4727
-36.8636
54.0494
-82.95
59.5566
106.149
-112.281
66.6658
-82.7739
199.573
-113.494
-119.789
-18.5036
71.9527
-121.77
213.898
90.256
-101.508
87.2231
61.8314
37.7907
-58.2221
99.2022
80.2801
-92.3447
151.717
162.699
115.253
194.481
154.414
130.995
96.3992
88.9176
94.8648
85.8184
102.521
84.8478
-66.5053
-90.3281
61.5704
99.4526
-121.44
130.168
90.69
119.273
-22.8114
-110.788
105.65
-18.3941
156.509
185.864
-69.7573
128.499
-11.5668
30.7723
-120.815
-55.5407
26.7229
134.524
-108.566
-123.412
99.3017
94.6443
97.329
-39.9395
81.7166
-87.5222
93.1015
94.1467
-80.4492
-41.8711
-47.5023
-41.7742
137.328
-26.1949
67.4912
101.592
132.647
100.579
107.194
83.4859
87.5256
-19.8862
94.2653
110.001
101.799
-5.19627
72.3039
-87.6653
-17.5671
80.2729
-63.517
91.0204
-122.697
82.4016
64.6529
100.107
89.8547
107.727
97.0145
52.5109
85.2422
-70.4377
150.087
117.474
118.959
134.456
-101.328
106.77
95.3991
30.9764
91.5263
57.6499
-118.751
58.8321
109.198
109.827
6.01802
178.891
-104.413
36.578
108.917
73.3949
132.436
85.3794
13.0543
-33.3157
42.2282
45.192
173.103
114.399
84.2982
48.9693
101.44
86.3776
17.6431
83.6553
86.0197
104.757
80.9429
165.843
27.067
94.0433
91.0892
-29.1261
-122.649
27.231
-36.7201
72.7042
87.8885
-8.21168
-114.295
182.386
98.8658
-53.0187
88.9225
122.417
100.071
104.758
98.8899
135.816
96.7068
94.5016
81.0426
-122.708
93.6827
88.5768
116.486
174.887
64.386
134.84
28.6418
75.5936
-94.3839
-44.017
83.756
79.2894
84.5453
-3.61992
101.373
-118.464
43.5214
91.632
203.402
168.682
96.2493
103.709
99.5784
94.1674
100.613
101.484
94.9934
106.299
71.7365
88.652
84.3675
89.0678
78.8615
91.9105
75.9148
-20.1756
72.3206
148.624
130.974
157.35
85.7299
128.211
-80.2091
143.228
160.926
77.2911
57.9866
38.0381
81.7296
85.0232
96.6517
116.296
-116.797
111.456
-89.7608
125.068
-97.8608
81.2279
46.3505
-52.7417
106.576
-106.047
98.8299
90.3266
90.6851
-85.1624
119.015
-20.6427
81.159
0.0472232
-120.074
208.454
99.5345
12.7506
128.844
137.328
93.4675
99.6702
97.6146
122.265
98.0878
98.5462
-108.933
59.9583
90.9939
-51.0406
13.7041
79.0816
88.187
127.46
117.038
-110.641
99.322
34.5803
-122.59
23.6668
93.6287
124.039
114.545
93.8464
-117.827
-4.82117
94.1679
137.364
98.8766
43.9832
96.3
131.32
150.975
105.915
-86.4171
121.547
165.647
-75.8491
105.71
-40.7384
133.565
-99.2774
-38.2412
-20.8545
28.8142
83.4357
94.9525
113.241
-38.5671
106.403
1.13389
-117.582
-121.777
40.02
76.3157
116.013
121.102
93.5212
-112.248
94.8631
94.2415
173.593
111.049
-1.21831
68.2875
104.21
50.8892
151.893
87.8298
124.697
-120.665
-122.382
-51.056
-7.46571
88.586
75.399
93.2086
96.8513
6.65379
149.713
-104.446
57.9263
130.885
-119.105
102.635
59.7477
-121.753
196.707
81.734
99.133
60.8373
41.6642
-85.0355
118.687
-102.952
75.8775
194.044
-123.49
-78.0265
69.5508
34.6175
105.27
141.89
106.649
82.7927
-45.6269
97.2524
87.1065
-18.8021
165.155
9.65581
62.5185
111.604
53.6562
100.494
96.0572
-112.505
87.1023
104.141
182.274
34.3162
-13.2125
85.1276
61.3484
174.693
83.118
117.055
95.0505
-119.232
167.769
-123.327
87.0017
-97.5319
35.4352
64.1891
-44.8365
92.5254
208.706
75.8431
-118.082
108.235
84.3327
99.197
57.5155
88.8603
147.373
99.6478
106.063
99.6817
123.584
48.8743
101.907
93.0324
47.871
-13.1416
92.6268
52.6847
-116.537
-118.094
165.825
164.098
19.8574
-95.3783
69.0569
111.003
1.42746
95.2079
-113.142
-84.5962
62.1034
-120.18
99.5027
-20.3348
148.1
75.8671
70.6027
68.9255
18.4659
16.663
176.296
87.7506
98.2247
65.408
153.141
112.166
22.7517
85.3074
-23.1898
99.2284
138.089
-8.64593
86.1686
11.7328
100.034
-123.29
146.405
33.5371
88.9914
84.6449
163.475
68.6667
-33.1543
89.2217
97.712
89.6328
95.4874
98.5333
80.3392
71.7034
50.8281
218.138
136.54
-26.7048
198.457
-110.882
-71.1762
104.079
5.41001
32.203
-101.831
-13.839
99.4269
81.7023
63.6676
105.248
-119.052
88.9366
138.107
81.1292
118.998
88.8341
36.0539
44.1438
98.856
155.108
24.3821
45.41
126.675
175.295
66.983
110.701
92.3221
35.0683
59.5754
101.097
151.626
94.6379
-24.0064
164.373
-110.086
-93.6141
-113.092
88.0448
-49.9717
-6.44111
35.2936
20.5199
95.3698
78.8256
83.4573
144.736
-116.663
-100.822
-49.0292
146.513
85.1281
-94.1937
114.41
187.613
-33.7585
-49.0415
93.4568
-115.632
98.7139
73.0948
116.523
64.3493
107.327
43.5119
25.7487
109.158
76.2676
42.392
58.197
108.152
93.0483
73.9031
87.1679
-96.7571
75.9086
21.2282
130.081
102.482
-98.207
128.368
51.6884
67.6011
56.1485
191.196
178.335
102.047
108.715
78.0703
16.4418
32.3529
33.6126
56.397
-30.3992
-18.9832
98.0863
100.305
85.0949
-13.2746
88.7362
180.128
-91.9095
63.6421
64.7785
16.6757
70.4511
50.7814
-57.7117
138.821
-58.1157
61.8062
117.563
188.837
25.0065
81.9632
80.9109
101.228
81.4997
55.1833
129.294
83.9294
93.4725
110.629
-121.918
89.4453
117.841
90.5219
93.9388
71.5435
99.2305
54.0259
-100.867
77.5441
-96.6868
-9.29057
-118.023
78.9719
-119.967
78.7401
89.6593
22.6202
-8.48855
73.4444
-71.9706
59.4061
-117.629
153.92
4.32093
-77.5325
219.923
98.9609
22.0995
52.4481
79.9203
-117.336
-47.1402
94.0612
150.543
140.165
95.9
88.5203
95.0154
83.1155
-83.3079
-77.87
91.4952
122.309
89.6211
59.3351
65.1912
79.1605
89.5189
95.7235
145.491
101.186
71.128
99.9599
42.798
211.515
79.1266
-107.772
4.6488
-14.0374
112.592
135.096
75.5266
62.5625
-89.2664
122.1
102.528
94.2315
85.096
83.5787
54.4785
1.46857
72.9454
101.574
90.8641
132.364
98.0866
139.84
88.2193
79.9871
87.3555
173.515
84.577
154.513
-1.50489
99.8867
100.353
86.4012
51.2066
-108.688
-103.829
211.821
92.065
-58.3057
-98.5412
95.5004
8.86054
-41.9194
151.24
36.5181
177.21
82.9533
-125.036
130.74
101.555
80.5275
-29.7108
92.8982
85.8369
99.7228
101.248
159.506
98.8727
37.4035
88.5635
81.0844
87.143
107.963
-111.417
-34.5337
164.892
35.3238
74.6622
-88.8129
-102.954
84.4229
-1.21492
-118.836
78.7224
-107.952
76.9738
98.8222
91.193
51.2696
94.0469
98.0045
-121.182
91.2776
100.344
-30.1884
73.361
79.0818
-73.5668
96.1357
183.901
94.9754
117.536
134.528
-1.87055
47.1904
-42.9174
136.546
-1.15671
101.959
102.098
146.368
-99.3278
88.0198
119.228
100.665
80.5004
-81.0568
49.7338
186.009
95.7746
1.45667
-119.127
212.74
-116.587
101.337
104.701
104.394
-108.408
64.7866
-119.654
119.124
92.4064
80.6341
34.7338
-112.061
54.4745
-114.481
-101.585
90.3508
95.5487
94.4637
69.1754
101.957
89.3244
185.138
202.032
7.08212
100.58
90.3019
123.454
149.663
113.813
95.9779
155.251
49.6689
28.1866
86.9552
154.32
152.223
-10.361
96.7125
70.3947
111.435
131.712
98.703
83.3089
97.7207
76.9291
89.03
-46.868
-44.6083
74.1248
41.2857
179.671
6.66367
-62.9714
91.0584
81.1494
48.0419
-21.6935
-85.6037
127.578
10.1484
23.3456
103.587
95.2087
83.6303
82.7208
84.6571
0.327058
95.5872
127.773
28.3885
90.4315
102.594
135.575
87.8172
215.215
87.065
-0.523783
-99.0304
103.284
38.1424
94.8919
72.1892
99.7481
168.558
42.5745
89.3886
88.467
96.6889
170.249
87.8094
39.1139
-119.215
188.293
109.275
83.7166
-26.8942
166.309
-80.4572
-65.9019
93.8466
174.268
70.58
91.908
105.624
101.393
164.235
88.1973
49.1488
49.3563
18.3623
121.967
93.1511
-114.269
103.46
94.7477
-120.462
154.559
-59.8382
205.231
82.1074
-116.346
-45.2793
35.0182
178.675
97.4567
19.2134
81.9138
108.654
99.8315
76.736
90.4638
-52.5261
75.2122
86.8275
-2.15555
100.14
68.867
96.7997
95.0469
102.655
19.5526
70.6056
57.244
79.5313
-57.3001
103.626
66.38
-6.59018
104.74
-105.947
104.488
96.0173
100.258
-33.389
3.65757
75.5313
78.7363
39.0286
97.2307
41.2762
-121.966
162.186
101.81
89.1074
203.825
96.9006
95.7184
9.87659
99.1762
51.4281
75.9246
173.176
118.909
96.5413
159.135
16.7913
128.238
156.222
23.073
122.07
149.727
-110.995
51.8598
150.999
61.4752
93.4529
38.3376
94.8934
9.40056
80.9588
96.078
74.6177
80.5772
92.1841
111.269
119.684
40.0196
1.27068
98.3054
96.7068
134.443
85.7566
-24.8401
94.3394
92.828
81.2297
81.7737
-124.653
79.9833
4.41851
188.08
184.648
12.3767
82.9621
106.231
166.784
100.083
80.5628
-107.742
-120.53
98.9026
174.843
185.888
33.0347
87.3375
87.2693
-39.2383
84.26
95.2686
85.3966
117.847
15.6543
108.24
98.0845
22.8126
113.207
1.55696
190.604
85.8849
94.2949
39.0573
-122.828
-88.7194
46.2011
90.7018
49.3455
-44.3892
1.21354
70.3948
110.091
138.503
126.816
146.356
22.0909
112.747
-122.477
-34.1163
-43.1584
154.83
186.068
77.6924
-118.516
108.698
-67.549
89.2744
67.4202
97.315
96.0029
-115.933
-85.3336
98.1559
3.72718
-27.9139
67.7523
67.1918
91.7603
82.2903
110.103
106.579
85.065
195.68
25.113
100.692
93.5054
75.3784
114.45
82.2831
25.1782
99.9722
-78.7541
176.174
-28.9055
91.1938
96.7436
89.5985
84.3408
-69.4981
25.547
6.73359
101.423
44.1716
191.18
82.0929
145.014
62.888
81.9116
79.8896
12.3596
-21.1745
83.8236
167.774
84.5997
-90.9477
98.6169
-106.497
15.0884
121.594
76.0714
93.9701
18.7186
160.7
122.171
102.229
-11.7956
97.7061
70.0322
146.031
166.612
-119.983
96.1966
113.944
135.541
98.1833
97.1493
-109.831
-120.499
178.959
23.3362
-108.27
117.131
143.472
28.6262
-40.7371
172.293
184.361
113.27
-53.502
76.1566
174.028
12.0855
93.3931
69.4548
38.9708
93.4533
104.955
86.7079
117.08
72.3047
97.438
89.0861
148.746
91.503
177.007
-109.485
134.346
85.0033
211.804
-96.2531
102.945
114.466
140.408
-18.0131
59.4016
67.2802
-5.79751
52.1102
62.8236
80.7282
-48.5071
128.612
133.345
-54.7906
76.0022
115.009
85.9314
100.648
89.8409
60.6701
-117.141
72.3043
115.576
138.196
82.4607
113.663
209.086
57.3795
77.2087
-122.51
142.734
57.1974
93.813
-69.8308
217.144
-23.7123
85.7006
-62.837
89.4722
15.5413
66.5994
-1.86925
-66.453
-99.3984
90.3244
52.8655
101.293
98.1275
-21.2475
-117.393
-19.2739
93.9386
-63.0381
159.625
7.36882
-59.1044
78.7845
96.6019
-118.263
165.608
165.185
49.4654
41.3805
81.4943
157.502
102.118
-124.933
159.977
70.1861
-115.31
67.5406
-118.612
-115.66
-70.3328
-111.637
-122.068
144.665
94.8152
115.021
106.864
85.3499
70.1693
205.618
130.248
-41.9935
36.999
157.437
142.86
-15.4488
178.082
40.6605
176.011
83.929
82.3758
85.2817
80.7044
111.325
93.8513
138.867
88.3836
85.8871
79.3147
95.0175
16.7621
7.71517
137.851
95.2181
78.6747
144.72
97.7113
54.463
-122.77
79.8485
69.8396
107.15
173.164
110.742
79.374
62.4891
61.304
106.315
86.6204
90.119
95.1405
52.4753
77.7534
69.5822
-13.8093
-122.444
107.265
140.758
107.701
-122.416
85.1563
41.144
97.3242
-46.9805
92.4473
-39.0648
170.54
77.0558
165.684
100.914
-106.333
18.8282
75.1684
124.616
78.5876
176.039
65.5487
98.6638
98.6795
171.469
161.499
156.492
187.096
-117.259
73.0213
-25.5335
62.4031
-122.996
34.6183
208.865
51.2846
-48.6903
144.144
158.206
-65.7856
-38.1439
-2.60132
114.931
146.803
45.5075
89.7969
85.2897
144.203
90.8872
2.58458
-66.5636
58.6475
126.642
76.1549
95.5973
116.397
87.7207
141.661
101.842
9.11111
85.4278
113.29
25.8445
-68.0645
162.323
110.737
95.008
109.125
-110.741
-1.06912
-10.9282
51.6726
21.7812
142.909
12.3994
97.9489
54.4038
75.5996
-34.9058
-81.3188
123.084
96.6967
-11.4081
119.606
84.3623
129.526
-97.9377
-93.1204
152.472
98.2438
35.1264
94.1834
5.98574
151.584
95.951
110.458
-52.354
209.043
100.18
94.8648
93.5501
148.027
206.41
54.4695
87.4812
70.8334
101.555
70.8504
108.677
103.647
98.016
-120.704
94.4558
70.7782
15.54
-50.7627
-114.72
-113.304
92.7679
102.335
-40.2276
123.258
36.0004
78.6711
91.5503
97.3324
-10.5411
-103.274
-63.2267
195.312
33.8742
221.557
26.1693
-55.4579
51.7826
157.786
54.9888
7.59045
80.1633
12.7072
97.7397
94.9541
-27.5586
101.538
151.312
77.4541
80.3442
53.4083
26.7137
-105.683
152.392
-33.4315
-8.34324
64.9642
-121.624
104.476
101.997
50.3209
82.661
15.1895
98.4853
88.84
-124.14
105.692
132.362
91.5066
104.971
75.3821
63.5493
87.8603
62.3301
107.327
-122.371
108.355
66.5821
7.45424
200.362
-79.6262
119.039
104.101
18.996
178.175
117.018
-120.129
87.9926
159.116
158.034
161.742
138.371
69.7876
78.2055
23.85
-87.2472
94.858
121.247
71.4591
-55.7321
119.05
174.705
-90.1268
-85.7345
58.5644
100.178
119.285
80.1966
131.104
-108.337
17.8061
137.039
114.43
84.0907
-120.354
212.399
-120.485
94.0773
89.6447
141.472
97.5749
-102.612
92.3263
90.9516
103.024
-25.7004
-60.0675
-113.131
-59.5312
114.884
74.6527
52.7608
76.7628
78.402
110.973
163.873
98.3805
-15.6966
-113.41
88.9691
105.824
81.6246
106.935
150.457
82.2876
51.8454
-107.683
81.6818
46.2923
147.024
10.5483
14.7619
111.259
77.8417
-117.597
-35.8261
104.891
187.803
91.3402
-105.988
-11.0153
103.829
5.11321
100.463
-101.999
148.557
109.895
154.8
156.686
168.399
63.2647
54.705
100.902
189.276
48.6875
75.6211
55.3201
137.286
98.6859
162.418
61.9311
123.059
31.1194
186.64
64.3975
100.137
83.3224
135.943
71.7894
-81.9951
167.962
100.675
-103.605
93.4627
1.00331
95.3068
98.8556
96.8677
23.2983
-83.6171
84.1116
192.213
45.8115
46.5348
16.4253
32.6245
-51.2228
21.6578
183.058
8.26629
100.884
80.7717
86.2529
72.5971
-2.05998
21.2373
-90.9989
-10.9979
192.494
26.7599
95.5523
76.8763
-119.633
161.907
98.3313
60.3971
71.5448
-118.075
-57.044
94.4179
2.80571
131.045
94.7858
48.2914
43.4244
124.499
123.342
-108.195
107.355
86.3573
103.646
57.2489
76.7123
-121.873
94.5128
98.0867
182.468
220.868
134.693
84.4683
30.9861
34.4804
82.9057
139.722
-82.1581
48.4068
96.409
97.8593
78.7816
13.3632
107.555
105.571
79.2356
-120.983
125.31
-50.9045
114.531
66.1327
-74.7063
76.5388
14.8799
94.0875
30.0302
62.416
-20.9471
169.493
89.9174
136.073
71.8728
-108.768
-37.8867
17.0684
171.673
105.399
56.2243
56.381
107.811
148.086
-120.297
-126.03
-107.345
-1.84902
87.3758
100.001
183.768
82.8105
87.2787
114.096
76.0253
81.0008
94.9685
35.8042
-20.7353
37.9876
80.6646
99.0401
-58.5455
157.446
127.284
-113.419
90.4953
-115.068
97.8951
82.1975
67.775
-92.8219
86.287
116.888
184.56
119.676
97.0475
92.4946
-3.85381
40.5877
94.5612
2.96529
97.9605
85.7772
98.2433
38.0445
74.7778
57.2776
149.901
75.5316
167.81
137.764
121.156
89.3508
-7.60352
-29.441
90.8884
91.8935
29.5369
-42.264
-61.6315
-30.965
51.5008
88.975
31.0688
-56.4869
101.641
185.251
97.2042
82.5013
-106.262
57.4737
51.9146
82.9319
-88.4509
138.978
120.171
-99.934
39.419
105.374
-31.4912
128.879
-96.0066
121.585
93.7863
52.4356
64.4941
171.535
163.302
-123.322
110.345
55.492
98.8282
-124.146
79.147
-12.5829
97.9499
100.853
44.8593
65.8701
-114.084
-69.823
155.668
45.5329
196.005
97.5372
106.442
93.8145
-120.522
128.596
-116.049
154.751
86.0919
21.1941
-99.3838
99.0816
49.7949
148.259
81.9759
163.371
-96.5348
144.063
-73.7796
-47.6601
142.6
78.4304
141.902
86.5744
159.903
76.0411
31.6369
48.428
103.413
107.404
84.6683
20.0419
93.4739
79.013
177.262
103.162
162.194
-93.7377
191.725
100.161
80.9614
-116.302
171.999
124.031
35.2369
92.5943
14.9973
78.3928
180.664
37.7208
-0.229511
153.487
84.7387
71.6148
98.4025
-87.6999
-42.4642
153.156
-122.079
127.639
114.489
206.169
86.8471
-93.4623
-114.346
107.937
189.248
-63.5191
-16.3489
23.5674
102.813
182.207
9.67222
91.137
-93.6686
99.7523
93.1995
-87.4327
-54.6052
95.2284
90.1365
124.707
8.22643
94.955
7.02935
-33.0412
223.115
88.31
73.8247
-116.472
94.434
94.0461
-59.6764
106.137
-63.5378
79.4855
120.864
77.525
172.518
129.083
77.7155
-20.5377
9.48509
3.02126
95.8097
107.267
110.844
109.618
87.5024
95.8922
95.1948
-0.543383
73.1089
39.2572
99.4544
-55.6
120.558
63.6547
-83.9201
-106.552
131.031
2.53933
110.442
-109.223
75.6788
79.9697
97.7583
152.902
183.705
55.5303
92.4422
23.7502
95.2368
-31.5208
-122.205
161.458
89.3005
90.8541
108.826
108.407
187.775
18.2336
47.4499
127.391
82.4231
-0.569084
96.9311
63.1829
79.5159
77.5509
140.181
-9.59425
83.0071
98.3987
119.547
140.809
51.9072
113.188
91.2889
-4.95741
89.8293
41.4697
-3.9687
99.0546
29.9965
208.592
60.1084
141.698
44.2405
-101.691
-72.0925
91.3375
87.3165
-35.7632
131.156
-104.294
118.916
137.751
-97.5384
87.7802
138.175
121.242
96.884
76.3941
182.2
-112.196
40.3593
-73.4951
80.7611
93.7386
98.7149
-13.2603
19.4461
3.44793
115.316
182.063
181.108
189.282
88.1791
86.2139
102.392
83.8664
97.7227
-31.4839
97.7896
81.5325
-80.0238
198.135
19.2942
124.607
164.76
89.7338
190.828
-119.987
18.9538
26.1768
91.2881
27.1766
96.8331
93.5666
94.3807
26.2804
83.7555
91.0551
88.9687
-96.7062
161.319
64.8326
-119.587
110.355
181.007
-91.2719
90.9396
95.7553
-51.8246
-98.3492
96.9823
138.557
97.341
11.9418
98.5291
112.791
49.749
64.6341
164.884
203.106
-92.6802
87.0943
95.1803
69.8918
-119.912
15.7733
140.402
-23.3164
149.975
95.3292
13.6797
-28.2515
95.0275
84.6995
-79.7039
28.646
162.671
83.3321
67.7363
-58.8616
35.8116
86.3028
80.1616
122.021
78.6287
-100.079
57.6116
158.037
-108.647
132.985
96.2557
-42.6963
223.698
-38.4406
74.9506
-52.0429
30.9664
88.2211
44.0361
-43.627
75.4632
150.205
84.7838
119.991
52.4033
85.2686
221.559
85.5501
92.373
85.6648
92.1776
111.658
97.5219
-117.622
-122.473
26.7822
186.014
1.50167
194.941
67.1586
88.5643
97.952
127.447
30.6629
50.2368
92.1597
101.001
106.029
21.6468
115.948
141.26
35.761
-1.29124
83.8047
135.018
95.9871
-119.472
41.4444
-22.6594
146.675
-114.465
202.771
24.9896
-50.049
124.917
209.047
166.291
44.9741
107.343
-17.0139
62.6539
-61.6654
88.9011
79.9473
97.1857
77.8952
34.2836
116.98
155.938
112.49
186.912
98.4124
123.96
92.8751
79.1004
-49.8883
-53.7855
35.3501
87.0616
76.6364
91.6307
-78.1961
82.2458
76.5793
111.647
-114.403
90.5185
92.9073
-43.1065
78.4045
-49.3504
92.4576
193.518
137.335
166.943
30.356
-105.451
106.199
156.722
56.9644
-122.032
95.7575
82.4276
-75.323
49.9568
12.4334
104.794
84.6698
214.881
188.383
-75.4728
45.899
92.167
158.002
146.82
-100.969
96.4598
75.6385
-116.686
134.096
159.278
117.057
-103.488
-87.5484
136.215
185.682
126.146
100.671
73.1692
93.1113
81.4777
-116.291
-100.274
153.748
69.4943
80.0605
7.7576
-89.6304
140.28
192.388
-113.633
-67.9119
28.1171
74.1322
66.0403
102.766
-93.8182
-120.258
115.219
106.873
39.0955
99.5272
99.2975
-122.592
102.798
70.0374
95.2908
99.9185
10.592
-99.328
117.053
72.8897
85.0532
68.5269
78.8527
94.3983
-118.883
14.0295
-1.10878
-102.556
8.45715
101.294
84.9353
150.059
99.5345
164.663
55.5845
106.066
-111.508
-68.4337
99.343
-76.2174
191.875
157.054
-56.7349
86.2905
93.6975
57.6653
102.252
127.559
-120.663
91.0855
169.873
124.331
108.534
94.7012
12.1009
99.4723
3.73011
100.113
81.1131
53.549
89.2838
103.692
-28.8231
94.5133
46.1821
96.1862
80.9651
-118.073
79.6801
88.4285
167.252
-100.373
89.2235
76.8846
43.6566
87.7101
83.7294
100.106
88.3621
-8.55188
-123.954
-2.73812
-96.8153
-83.8042
-110.111
62.7485
97.8753
96.4104
176.658
103.725
-106.979
84.4042
-113.977
161.609
64.6424
83.6462
137.019
180.919
29.8061
-75.7542
93.5844
-115.646
68.3492
-61.3949
51.6526
33.0478
99.1246
96.0024
-96.1173
79.2798
82.4096
104.207
129.393
63.7322
94.4057
92.7718
106.094
53.2987
-114.359
38.5122
195.308
33.9603
39.7756
81.5727
97.9871
93.7446
48.2772
-2.84529
88.3287
47.5513
160.251
-79.3939
45.7937
147.732
84.3974
-96.0029
95.3098
105.225
46.0388
-56.5624
74.6553
44.902
96.549
98.3025
104.214
-22.7525
93.932
98.567
221.029
180.529
99.6167
92.4382
56.969
48.9824
-16.1867
49.9138
82.9191
-79.1445
17.5308
50.6156
125.034
-114.81
-29.8213
55.4367
103.115
-23.7795
89.9933
76.9845
17.3082
95.9878
-63.8218
91.9466
-117.958
94.4185
99.9829
91.223
87.9659
61.7187
90.9027
91.947
108.936
136.553
163.524
63.1407
-122.932
59.5186
34.5407
102.904
82.0192
157.474
85.5414
94.268
107.333
85.3956
87.377
-15.5103
-114.59
-55.7766
104.174
-11.5357
145.796
91.4594
-104.868
75.3618
92.74
60.3692
96.6306
106.787
40.6061
105.401
-100.912
17.795
118.045
125.875
126.622
131.545
45.4649
95.5056
89.0788
-25.6956
96.6065
73.8866
55.2935
47.3105
91.0051
-123.252
-122.963
26.0726
94.1629
168.662
90.9486
112.569
106.69
96.8695
81.4633
46.867
102.646
90.7068
215.32
179.176
91.4941
97.431
70.8699
86.9392
29.2134
46.3576
107.417
85.2867
156.962
-56.0825
53.5027
70.1906
112.014
-67.8163
100.46
127.875
20.0707
35.4482
20.789
26.5552
93.8742
145.794
28.1055
-87.5887
45.2049
113.921
-93.6541
60.3739
148.867
59.1646
105.354
77.181
22.1095
4.6187
98.3258
104.577
67.891
127.118
65.2148
78.9156
92.6973
88.2766
0.953604
91.2839
107.059
75.6257
101.265
99.021
153.34
86.616
99.2982
151.093
52.7026
21.337
223.488
128.181
53.909
97.1053
151.788
-68.9169
-13.8244
155.092
97.7823
97.1375
5.21303
-118.161
74.9941
108.491
80.175
119.825
-90.5055
-17.3233
-41.5613
63.7836
98.7182
78.9347
98.1686
84.7793
45.4701
84.6094
58.5506
107.743
52.3531
62.8311
125.305
96.2326
94.179
83.1159
69.0204
-110.141
114.624
103.5
78.8245
156.846
109.362
168.572
87.6752
-100.991
2.75341
-122.272
95.4235
178.995
122.195
77.4753
140.477
65.9958
109.593
50.825
91.6998
103.422
-71.601
-108.937
87.8367
98.7183
120.251
106.379
61.2407
-31.245
44.7696
-15.1775
85.1223
50.3994
5.82646
139.206
130.709
92.8779
85.4773
90.7374
106.986
121.45
94.1577
182.496
133.538
104.322
143.746
46.8574
-117.944
15.6439
-2.73738
94.3181
89.277
68.5946
116.733
158.762
89.8667
99.0302
95.6542
131.712
26.1004
94.7946
123.731
96.5936
83.4229
141.074
41.431
94.8549
74.8627
79.959
89.184
42.8489
193.315
123.02
-24.7518
19.8899
32.8836
101.979
59.48
67.4454
41.0737
85.2802
13.289
94.5852
31.9033
-74.8333
187.495
120.532
195.76
-117.474
87.8651
82.6522
110.949
117.419
39.8832
90.2575
38.6652
79.6113
49.1959
24.6838
84.5006
83.3166
80.6248
96.025
8.28771
93.5986
90.8405
68.5926
-31.6441
95.5935
79.9342
227.532
51.5631
64.6812
57.4254
-113.81
35.357
34.2597
129.847
94.6886
166.905
97.6416
72.4816
83.5056
93.0696
99.4275
79.0196
91.2015
47.5259
-67.8107
10.1106
-116.873
86.2445
142.753
93.3804
-3.85515
-111.4
53.4315
81.6099
-16.0746
72.438
-5.22407
99.092
-105.424
36.0671
98.6236
90.8026
94.7553
122.222
175.236
89.659
91.2815
102.753
90.3818
95.96
124.515
100.871
-70.8607
100.264
62.6094
95.5508
134.864
80.7027
-114.907
78.6874
-65.3815
-9.59535
33.6419
158.464
22.2201
117.804
107.545
100.187
93.588
71.8777
-11.5321
18.0705
160.835
57.721
65.7507
27.8531
85.0957
84.4881
-89.7723
-123.438
72.8405
83.851
112.803
99.165
99.368
83.7465
143.076
148.671
29.1357
71.8669
101.633
90.1348
102.152
-120.852
43.3447
132.852
99.4837
8.64709
96.162
-121.739
102.177
90.8521
191.089
93.3326
129.352
196.738
183.22
28.0887
82.198
108.408
45.0174
92.17
64.5485
23.839
54.4683
46.0554
64.0279
92.1946
-99.4663
91.6404
-65.4771
-39.1155
78.5074
31.2483
173.526
-114.581
73.0847
114.674
176.783
104.551
120.33
-11.9301
84.1565
18.2028
36.2414
105.862
80.2377
113.497
-97.6213
105.899
35.9025
7.84687
23.5292
83.2583
125.108
90.0137
-82.5186
159.783
-121.748
104.681
137.801
-52.1812
90.1859
80.3776
-104.664
-51.8625
117.412
96.8249
26.4884
-2.07359
193.366
151.981
52.0781
-111.547
-121.705
23.1998
96.6264
-67.9944
-8.47589
-111.672
135.037
161.362
96.9541
-73.3473
197.632
-21.9611
5.78962
-51.2896
128.872
29.1292
72.9242
-121.154
-27.3356
93.1356
59.8291
-120.486
98.0339
66.8433
27.6241
144.572
202.275
97.9976
85.3204
77.8216
85.999
96.611
100.318
103.734
95.3083
98.3907
1.02446
86.2801
83.1514
84.9551
94.0177
218.32
-100.626
93.8155
82.4724
-82.1645
-41.7286
199.178
99.9291
99.158
23.888
57.2847
169.944
165.111
30.5098
69.7254
101.51
51.342
-116.702
59.6489
-35.7821
143.771
160.045
103.673
109.392
99.6422
6.08993
131.675
75.6139
113.515
83.1741
-97.4143
-119.763
-118.635
149.673
14.3145
16.2897
118.689
100.901
49.0447
-105.083
159.505
93.4499
102.284
96.1807
14.2642
139.261
73.218
-66.6933
-103.089
-53.3632
55.3008
89.6588
76.877
53.5426
42.4314
-119.912
103.866
86.9532
-65.4829
73.4211
14.9355
93.706
9.3362
-11.91
93.8568
-42.1955
-24.1386
94.3821
79.1005
77.9555
91.8108
93.0989
104.921
91.1463
-122.774
-1.61864
94.7951
94.3237
75.8013
101.561
62.5212
-17.3365
39.5692
93.6122
187.581
93.0481
-117.393
103.826
26.9847
-62.9124
94.0782
95.467
90.7627
-40.7886
81.4239
84.74
30.0598
123.063
91.5515
19.2353
160.276
-119.497
55.7073
77.3176
69.2661
95.2864
80.4579
94.4843
41.9118
98.4795
97.4532
68.0851
90.7006
79.5108
142.791
98.8998
57.5028
-103.395
78.4502
97.8653
24.0785
68.891
145.814
73.9604
-15.7924
51.6065
105.156
0.976261
115.261
-62.9937
-84.7881
137.623
81.8132
74.4678
156.722
77.1336
14.4801
-111.354
79.0488
131.969
100.336
88.8318
98.4802
80.362
98.4283
83.5704
-102.176
-5.2442
100.613
111.084
122.722
100.655
-46.0487
118.477
-26.5576
73.9378
73.6633
103.08
143.865
85.7777
35.1138
-110.059
51.3012
102.165
66.3133
114.975
-76.1992
84.8922
197.574
169.43
104.727
112.191
61.4832
52.9614
48.372
74.7805
107.325
58.8492
86.4205
113.95
33.2426
35.5323
99.641
-95.892
95.5442
84.6677
-89.1155
-117.355
86.6309
94.7251
106.043
99.9615
-53.1318
96.1871
46.1261
99.4474
66.2131
58.4594
-117.388
84.9766
84.1404
87.61
88.5716
96.8133
23.8291
14.9462
85.44
55.6567
112.466
87.4483
84.0598
97.1006
93.5511
79.1453
-6.29561
-11.0323
78.0496
98.8653
98.0999
101.522
-120.789
-0.87527
-28.8213
96.2348
219.197
110.759
130.516
166.548
50.6132
87.4207
68.5183
92.5774
48.5179
-117.983
-100.288
89.9071
112.554
89.3993
-113.53
130.295
97.0244
81.2032
-120.901
208.552
-113.844
-90.5493
114.575
36.5058
92.4863
-68.3382
99.5576
90.3412
116.793
-32.7355
129.399
-1.47609
99.3254
1.11492
126.725
-115.139
-29.2208
92.5106
85.8199
27.8096
159.9
94.1691
-92.1849
108.724
94.8562
108.745
171.906
78.9184
96.3935
-111.716
-83.4592
80.5474
98.3307
41.6062
-7.31599
-25.7155
166.568
-115.654
87.6267
-70.0869
18.228
95.2259
198.482
178.781
-98.7684
120.303
47.8082
94.1133
-7.67784
98.4659
94.6922
197.269
-84.8952
-93.9799
-74.0405
98.1221
146.569
59.8243
79.3318
-74.518
95.0546
100.396
139.194
-119.472
101.159
-38.4588
-20.3117
74.4321
82.6124
90.0191
143.2
98.9346
2.16992
67.6496
97.3232
98.103
6.39144
53.7909
111.381
99.1579
98.3906
78.5253
57.9119
2.10396
96.3227
99.4066
63.1861
101.329
103.309
75.8659
79.8325
107.321
33.886
142.932
86.7846
129.357
120.101
31.128
33.096
-117.622
94.9441
99.3439
92.2078
125.454
145.574
96.6146
89.5841
6.23131
118.247
-20.1067
-114.727
-107.493
146.117
140.582
164.656
215.044
74.7867
82.7207
10.0224
-69.1195
78.0423
15.2316
184.506
99.5789
204.302
131.402
-97.532
68.8991
178.539
-31.3375
29.8748
145.645
-122.994
93.204
98.5612
-107.619
98.0691
0.755347
85.337
90.524
-97.5264
122.894
108.217
99.8521
118.553
77.9508
94.5971
91.0237
80.2972
102.615
-73.4706
86.948
94.7988
139.998
198.072
52.6605
-103.741
40.691
16.8966
-22.2419
203.25
-111.518
84.4911
153.371
-104.59
13.6043
24.7328
79.1854
-54.4979
-103.109
-124.366
108.277
-117.86
78.2005
42.838
88.0484
-113.485
3.10234
102.808
-87.4507
99.6387
160.669
78.6872
73.4188
79.1721
95.6669
122.008
71.5265
100.746
161.253
4.57104
88.0739
148.99
115.796
98.8265
34.2694
2.94016
-73.7261
37.606
39.4099
140.437
-119
82.3057
82.6223
98.183
73.4375
80.7109
66.8776
122.943
85.7541
86.7652
54.6807
146.464
120.255
100.756
82.7041
40.0754
-40.1819
70.6282
59.0876
99.0281
147.51
60.45
24.4106
98.0191
126.206
91.3681
120.893
-12.9202
95.3212
7.59099
44.763
46.4613
11.4894
143.217
-14.4115
114.89
-35.9026
-114.34
-103.64
83.289
113.147
89.1746
60.4182
92.5018
14.1141
94.3808
148.553
-63.9171
98.7337
121.156
38.8171
72.0659
53.7573
99.3667
106.795
-5.55122
98.9289
113.804
79.6881
146.409
101.305
-111.207
104.238
89.216
143.581
27.9522
114.787
98.6472
91.7859
1.97952
165.524
92.0591
49.9792
98.3659
86.2427
78.9103
92.4396
-26.7765
-102.03
82.9777
98.3248
85.1469
82.7658
85.5585
102.722
134.31
-36.9738
92.9844
87.3486
-119.747
123.961
130.417
-93.5839
93.8902
97.9043
-62.5655
90.6212
-17.8992
92.4372
171.468
105.098
181.048
98.6283
54.3295
-113.467
82.1267
143.352
98.7328
97.3444
135.796
-120.059
91.0928
57.4444
-92.8535
80.9203
64.9743
97.8761
84.6808
-111.03
103.108
61.3905
77.8197
98.4556
8.13702
81.0931
94.8277
98.7799
83.5343
99.0914
106.857
74.4815
-32.6386
202.244
54.3356
151.654
-57.1695
-58.4793
77.9627
80.2091
72.219
135.845
78.8131
116.961
106.275
99.1435
89.2737
4.19587
22.0579
98.9147
-111.864
98.95
76.8593
78.5615
79.6526
100.77
79.5487
131.315
99.4208
53.4673
10.6149
97.59
145.977
85.2373
69.8903
-116.12
71.2781
-106.539
85.9561
163.086
107.573
73.3058
21.0153
95.2887
112.503
92.2141
116.781
74.4332
-47.2428
89.6005
72.2428
63.1356
83.154
72.6548
-111.858
98.7738
83.5516
146.507
62.8873
98.8948
133.825
-108.957
72.8208
64.3517
96.717
74.1192
141.692
79.4352
34.4144
90.9867
68.8281
79.987
132.846
69.9409
58.9652
76.0456
155.361
91.0749
-35.8823
-32.4652
66.6208
73.1411
100.659
103.863
42.4545
92.4291
104.049
-60.349
81.6741
96.4844
65.7643
87.1153
140.258
112.398
50.5902
94.3413
100.924
123.43
-12.099
72.0178
88.2869
-29.6687
87.7832
11.5076
80.8119
167.232
199.494
126.645
94.4689
101.064
78.8926
13.8587
1.20602
126.654
63.7561
100.861
63.3389
122.855
-120.664
-27.0846
94.8356
116.866
98.7328
143.514
-14.109
92.5896
37.3862
49.5328
98.6731
134.677
150.514
40.1099
92.2737
72.6148
73.9813
-120.293
114.569
-121.477
22.8056
97.9503
128.205
66.0575
-15.8401
56.9726
101.921
-37.2839
-97.8816
74.9701
44.5592
107.537
30.1863
56.0452
97.385
109.031
124.169
100.178
69.1393
-31.6111
-86.9714
32.7211
-20.0882
92.6399
98.1505
74.5893
124.295
-0.558535
199.954
98.8819
155.735
95.9778
93.1026
-25.8257
97.0194
-120.886
105.672
-109.186
175.388
18.1671
95.7997
108.233
100.555
71.0735
72.8831
-121.683
98.9445
52.1799
149.255
-87.093
93.2834
116.077
49.747
-15.5742
79.2726
83.3766
141.361
199.378
31.0249
77.5725
51.4057
-48.1314
110.256
21.8539
84.9851
31.4873
10.5048
98.8886
-95.0853
159.154
-30.5239
45.3214
146.132
-112.535
-53.102
82.5394
122.407
145.353
73.7418
148.129
84.7669
97.7051
81.6069
-113.543
70.3897
89.4291
60.3123
136.544
140.551
-35.6864
-7.89118
150.545
-31.6487
77.123
69.2127
98.9249
86.9804
97.3896
60.5233
115.205
111.674
80.9573
72.7979
137.546
67.4745
99.3815
102.416
60.3128
79.7472
11.9018
101.824
48.8801
100.298
-115.013
102.126
77.3639
95.366
58.4517
51.3665
77.8333
94.8625
113.264
110.4
53.5752
91.8899
95.3507
-117.586
90.4634
115.366
120.697
79.0469
-111.231
-16.4754
105.028
24.7405
99.1807
79.981
89.8727
71.577
168.667
149.189
92.7757
125.025
-64.4112
-63.5672
83.2995
107.52
46.9152
-95.0253
105.889
114.817
97.5406
-95.678
98.7097
110.07
-19.1033
106.215
157.325
-17.1729
-82.0892
96.365
49.744
14.148
-116.028
-54.8651
114.426
72.03
-16.3121
92.2943
69.6546
82.913
90.4052
97.4639
88.6637
98.7434
90.0118
92.6396
81.9313
89.1612
126.498
-89.6426
142.737
55.6477
70.2521
94.9356
215.092
98.5233
59.8616
106.935
96.3751
104.445
89.7877
5.60137
46.3056
43.3727
92.5204
48.3296
68.3531
22.6298
9.54341
174.679
80.1006
93.9869
49.8368
-109.317
82.3053
27.4901
-79.8221
92.7255
76.2526
186.244
92.4177
112.567
92.183
-93.5447
92.5745
56.3424
122.364
20.4413
93.9764
101.259
92.1855
91.5369
110.56
163.495
)
;

boundaryField
{
    wings
    {
        type            zeroGradient;
    }
    outlet
    {
        type            freestreamPressure;
    }
    tunnel
    {
        type            zeroGradient;
    }
    inlet
    {
        type            freestreamPressure;
    }
    defaultFaces
    {
        type            empty;
    }
}


// ************************************************************************* //
