5.0 -135.176938418
10.0 -81.3788846314
15.0 -27.954207089
20.0 -4.41453551271
25.0 2.13485135169
30.0 2.54769981356
35.0 1.92464579237
40.0 1.57813308898
45.0 1.47498145763
50.0 1.46912038136
55.0 1.48401762712
60.0 1.49173986864
65.0 1.49461051271
70.0 1.50159408898
75.0 1.50929872881
80.0 1.51376219492
85.0 1.51989621186
90.0 1.52705954831
95.0 1.53355837458
100.0 1.53995634449
105.0 1.54734737415
110.0 1.55510873559
115.0 1.5630915428
120.0 1.57125696398
125.0 1.57940221314
130.0 1.58768626653
135.0 1.59636569449
140.0 1.60521082966
145.0 1.61425699661
150.0 1.62335606483
155.0 1.63239822076
160.0 1.6417095339
165.0 1.65081083136
170.0 1.65972885
175.0 1.66856549322
180.0 1.67719775847
185.0 1.68561535805
190.0 1.69368328559
195.0 1.70132892924
200.0 1.70873914661
205.0 1.71576474873
210.0 1.72250502712
215.0 1.72860858686
220.0 1.73408273814
225.0 1.73922620805
230.0 1.74381085339
235.0 1.74772280042
240.0 1.75113023178
245.0 1.75409121314
250.0 1.75654498559
255.0 1.75835740127
260.0 1.75969380169
265.0 1.76051908347
270.0 1.7608548161
275.0 1.76075355254
280.0 1.76036155932
285.0 1.75949230339
290.0 1.75835988559
295.0 1.75679052415
300.0 1.75509198008
305.0 1.75347219153
310.0 1.75150161441
315.0 1.74952507881
320.0 1.74725243475
325.0 1.74500015678
330.0 1.74287810551
335.0 1.74088364661
340.0 1.73867582627
345.0 1.73669349407
350.0 1.73479788517
355.0 1.73287272246
360.0 1.73113052966
365.0 1.72948846907
370.0 1.72787772881
375.0 1.72643200593
380.0 1.72502103771
385.0 1.72379804195
390.0 1.72273949576
395.0 1.72170292754
400.0 1.72081225042
405.0 1.72008895339
410.0 1.71953117542
415.0 1.71913324492
420.0 1.71896029576
425.0 1.71889858898
430.0 1.71910003941
435.0 1.71953191441
440.0 1.72014245975
445.0 1.72102510254
450.0 1.72215771102
455.0 1.72357179958
460.0 1.72521899322
465.0 1.72720829831
470.0 1.72949785042
475.0 1.73207709492
480.0 1.73493883263
485.0 1.73816144661
490.0 1.74166515085
495.0 1.74548910593
500.0 1.74974231568
505.0 1.75434807754
510.0 1.75939502966
515.0 1.76495515593
520.0 1.77050641949
525.0 1.77669751653
530.0 1.78324281568
535.0 1.78982746186
540.0 1.79722479364
545.0 1.8056224161
550.0 1.81406948008
555.0 1.82194473644
560.0 1.83033221314
565.0 1.83888861864
570.0 1.84799236907
575.0 1.85670695847
580.0 1.86560607839
585.0 1.87449397076
590.0 1.88351892246
595.0 1.89225845551
600.0 1.90071975932
605.0 1.90894563136
610.0 1.91696105424
615.0 1.92476433305
620.0 1.93235967839
625.0 1.93965389153
630.0 1.94690960847
635.0 1.95390610424
640.0 1.96068362119
645.0 1.96728412542
650.0 1.97370249661
655.0 1.97995022288
660.0 1.98603234237
665.0 1.99195226441
670.0 1.9977171411
675.0 2.00332276441
680.0 2.00877331525
685.0 2.01406968475
690.0 2.01921264153
695.0 2.02420054322
700.0 2.02903330593
705.0 2.03370633856
710.0 2.03821995593
715.0 2.04257041864
720.0 2.0467554822
725.0 2.05077058136
730.0 2.05462489746
735.0 2.05827915254
740.0 2.06174589237
745.0 2.06508540169
750.0 2.06823012881
755.0 2.0711009661
760.0 2.07387359025
765.0 2.07648712797
770.0 2.07894605508
775.0 2.08115645254
780.0 2.08314652161
785.0 2.08499479534
790.0 2.08667608475
795.0 2.08817952754
800.0 2.08951172712
805.0 2.09068005
810.0 2.09168684873
815.0 2.09253948644
820.0 2.09324455042
825.0 2.09380602797
830.0 2.09422926186
835.0 2.09452161186
840.0 2.09469012119
845.0 2.09473916441
850.0 2.09467706864
855.0 2.09451118559
860.0 2.09423204025
865.0 2.09386818051
870.0 2.09342072161
875.0 2.09286737331
880.0 2.09225287712
885.0 2.09157106229
890.0 2.09080140212
895.0 2.08995342119
900.0 2.08909684492
905.0 2.08815222331
910.0 2.08714010381
915.0 2.08611792754
920.0 2.08504393559
925.0 2.08392007627
930.0 2.08276814068
935.0 2.08159009576
940.0 2.08038779153
945.0 2.07916363941
950.0 2.07792244068
955.0 2.07666662754
960.0 2.07540097924
965.0 2.07412752246
970.0 2.07285017288
975.0 2.07157055127
980.0 2.07029212627
985.0 2.06901696992
990.0 2.06774767966
995.0 2.06648549449
1000.0 2.0652257911
1005.0 2.06397787839
1010.0 2.06275151653
1015.0 2.06153696949
1020.0 2.06033549619
1025.0 2.05914967458
1030.0 2.05795615847
1035.0 2.05679907712
1040.0 2.05572455975
1045.0 2.0545847911
1050.0 2.05346443983
1055.0 2.05239072669
1060.0 2.05133430254
1065.0 2.05026901949
1070.0 2.04922991017
1075.0 2.0482044178
1080.0 2.04719534068
1085.0 2.04619862161
1090.0 2.04521533856
1095.0 2.04424273178
1100.0 2.04328100339
1105.0 2.04232869407
1110.0 2.04138470551
1115.0 2.04044887585
1120.0 2.03951881102
1125.0 2.03859479788
1130.0 2.03767484025
1135.0 2.03675840424
1140.0 2.03584431441
1145.0 2.03493248602
1150.0 2.03402087288
1155.0 2.03310983729
1160.0 2.03219773051
1165.0 2.0312849428
1170.0 2.03036937627
1175.0 2.02945229237
1180.0 2.02853157034
1185.0 2.02760807203
1190.0 2.02668092119
1195.0 2.02575015847
1200.0 2.02481530932
1205.0 2.02387685847
1210.0 2.0229338839
1215.0 2.02198774407
1220.0 2.02103706695
1225.0 2.02008365975
1230.0 2.01912527924
1235.0 2.01816502839
1240.0 2.01720063941
1245.0 2.01623481822
1250.0 2.01526484492
1255.0 2.01429302966
1260.0 2.01331832034
1265.0 2.01234220636
1270.0 2.01136318432
1275.0 2.01038319492
1280.0 2.0094007072
1285.0 2.00841768856
1290.0 2.00743215932
1295.0 2.0064469589
1300.0 2.00545880975
1305.0 2.00447100508
1310.0 2.00348108347
1315.0 2.00249194492
1320.0 2.00150025169
1325.0 2.00050977881
1330.0 1.99951716102
1335.0 1.99852577797
1340.0 1.9975326572
1345.0 1.99654121229
1350.0 1.99554758941
1355.0 1.99455565847
1360.0 1.99356195805
1365.0 1.99256996525
1370.0 1.99157618644
1375.0 1.99058455636
1380.0 1.98959112203
1385.0 1.98859985424
1390.0 1.9876067661
1395.0 1.98661628475
1400.0 1.98562396653
1405.0 1.98463384873
1410.0 1.98364272415
1415.0 1.9826542411
1420.0 1.98166431102
1425.0 1.98067703941
1430.0 1.97968915297
1435.0 1.97870394237
1440.0 1.977717675
1445.0 1.97670994788
1450.0 1.97570835127
1455.0 1.97476455424
1460.0 1.97382898983
1465.0 1.97279148517
1470.0 1.97182534068
1475.0 1.97094118093
1480.0 1.96990080847
1485.0 1.96892125127
1490.0 1.96800200466
1495.0 1.96701646059
1500.0 1.96595985212
1505.0 1.96506366653
1510.0 1.96413284364
1515.0 1.96315736737
1520.0 1.96218579915
1525.0 1.96127722839
1530.0 1.96038060169
1535.0 1.95938892627
1540.0 1.95846893305
1545.0 1.95755348814
1550.0 1.95663809619
1555.0 1.95572260636
1560.0 1.95481266483
1565.0 1.95390899746
1570.0 1.95300959407
1575.0 1.95211817458
1580.0 1.95123015763
1585.0 1.95035098729
1590.0 1.94947520551
1595.0 1.94860871017
1600.0 1.94774643729
1605.0 1.94689304153
1610.0 1.94604427797
1615.0 1.94520525508
1620.0 1.94437085042
1625.0 1.94354620169
1630.0 1.94272615636
1635.0 1.94191673051
1640.0 1.94111231864
1645.0 1.94031811737
1650.0 1.93952933941
1655.0 1.93875121059
1660.0 1.93797806864
1665.0 1.93721601483
1670.0 1.93645893305
1675.0 1.93571337966
1680.0 1.93497320805
1685.0 1.93424457966
1690.0 1.93352089492
1695.0 1.93280919237
1700.0 1.9321028428
1705.0 1.93140849068
1710.0 1.93071523983
1715.0 1.92999332373
1720.0 1.92935936314
1725.0 1.92871242754
1730.0 1.92806105678
1735.0 1.9274170678
1740.0 1.92678007034
1745.0 1.92615640169
1750.0 1.92553801568
1755.0 1.92493170297
1760.0 1.92433108136
1765.0 1.923742125
1770.0 1.92315884534
1775.0 1.92255334746
1780.0 1.92203063178
1785.0 1.92151410381
1790.0 1.92096211907
1795.0 1.92040786314
1800.0 1.91985669534
1805.0 1.91933632246
1810.0 1.91878173983
1815.0 1.91826855805
1820.0 1.91781649195
1825.0 1.91732067203
1830.0 1.91684993305
1835.0 1.91641935508
1840.0 1.91595494492
1845.0 1.91550274449
1850.0 1.91506457966
1855.0 1.9146293178
1860.0 1.91419536525
1865.0 1.91375331314
1870.0 1.91332060593
1875.0 1.91290735678
1880.0 1.91250894831
1885.0 1.91212026568
1890.0 1.91173962881
1895.0 1.91136491992
1900.0 1.91099993686
1905.0 1.91063920169
1910.0 1.91028944958
1915.0 1.90995285932
1920.0 1.90962511864
1925.0 1.90929318008
1930.0 1.90897600932
1935.0 1.90865719746
1940.0 1.90833492034
1945.0 1.9080474572
1950.0 1.90774380212
1955.0 1.90746734576
1960.0 1.90715731186
1965.0 1.90686813686
1970.0 1.90659198136
1975.0 1.90633034195
1980.0 1.90608213136
1985.0 1.90582514364
1990.0 1.90557776059
1995.0 1.90535466483
2000.0 1.90512378729
2005.0 1.9048646678
2010.0 1.90464605593
2015.0 1.90444201483
2020.0 1.9042166072
2025.0 1.90400662627
2030.0 1.90379136737
2035.0 1.90359705763
2040.0 1.90340678178
2045.0 1.90323195763
2050.0 1.90304378178
2055.0 1.90286429195
2060.0 1.9026938928
2065.0 1.90252541695
2070.0 1.90236431992
2075.0 1.90220346864
2080.0 1.90205167246
2085.0 1.90190056653
2090.0 1.90175171356
2095.0 1.90161120254
2100.0 1.90148478644
2105.0 1.90135359873
2110.0 1.90121826144
2115.0 1.90109766864
2120.0 1.90097714025
2125.0 1.90086332966
2130.0 1.90075337288
2135.0 1.9006501589
2140.0 1.90055119788
2145.0 1.90045222415
2150.0 1.90035197034
2155.0 1.90026316992
2160.0 1.9001756072
2165.0 1.90009443856
2170.0 1.90001533008
2175.0 1.89993543771
2180.0 1.89986774831
2185.0 1.8997993
2190.0 1.89972947203
2195.0 1.89967289619
2200.0 1.89960643771
2205.0 1.89956257924
2210.0 1.89950372712
2215.0 1.89945351992
2220.0 1.89941201992
2225.0 1.89937453305
2230.0 1.89933046822
2235.0 1.89929299068
2240.0 1.89925695678
2245.0 1.89923220085
2250.0 1.89919784237
2255.0 1.89917987415
2260.0 1.89915608856
2265.0 1.89913474068
2270.0 1.89911940847
2275.0 1.89910951441
2280.0 1.89909246525
2285.0 1.89908724322
2290.0 1.89908161525
2295.0 1.89907767669
2300.0 1.89907456992
2305.0 1.89907911992
2310.0 1.89908065212
2315.0 1.89908733475
2320.0 1.89909520169
2325.0 1.89910740805
2330.0 1.89911779534
2335.0 1.89913467797
2340.0 1.89915012797
2345.0 1.89917041737
2350.0 1.89918965847
2355.0 1.89921462627
2360.0 1.89923723432
2365.0 1.8992660339
2370.0 1.89929327924
2375.0 1.89932506483
2380.0 1.89935525212
2385.0 1.89939171907
2390.0 1.89942484873
2395.0 1.89946303136
2400.0 1.89950164492
2405.0 1.89954450932
2410.0 1.89958437161
2415.0 1.89963022203
2420.0 1.89967514576
2425.0 1.89971932119
2430.0 1.89976464788
2435.0 1.89981520042
2440.0 1.89986855339
2445.0 1.8999229428
2450.0 1.899974575
2455.0 1.90002602331
2460.0 1.90008652669
2465.0 1.90013503602
2470.0 1.90020144322
2475.0 1.90024870975
2480.0 1.90032017585
2485.0 1.90035856525
2490.0 1.90042789831
2495.0 1.90050655127
2500.0 1.90055681568
2505.0 1.90061427669
2510.0 1.90067852797
2515.0 1.90076014449
2520.0 1.90081634068
2525.0 1.90087635
2530.0 1.9009456822
2535.0 1.90102772458
2540.0 1.9010864678
2545.0 1.90115028644
2550.0 1.90121835297
2555.0 1.90130590636
2560.0 1.9013659178
2565.0 1.9014305911
2570.0 1.9015033178
2575.0 1.9015896
2580.0 1.90165300847
2585.0 1.90173208686
2590.0 1.90178702161
2595.0 1.90186779661
2600.0 1.90195366441
2605.0 1.90201240805
2610.0 1.90209107203
2615.0 1.90215956441
2620.0 1.90223526271
2625.0 1.90232197669
2630.0 1.90239047542
2635.0 1.90245684915
2640.0 1.90253001059
2645.0 1.90262350763
2650.0 1.90268649915
2655.0 1.90275499661
2660.0 1.90282943178
2665.0 1.90292081271
2670.0 1.90298508051
2675.0 1.90305273305
2680.0 1.90312717203
2685.0 1.90321898093
2690.0 1.90328070932
2695.0 1.9033564178
2700.0 1.90342153686
2705.0 1.90351673983
2710.0 1.90357677754
2715.0 1.90366477754
2720.0 1.90371888559
2725.0 1.90378993559
2730.0 1.90386057331
2735.0 1.90393586568
2740.0 1.90401709492
2745.0 1.90407586356
2750.0 1.90414607924
2755.0 1.90422010508
2760.0 1.90428566102
2765.0 1.904355875
2770.0 1.90443033178
2775.0 1.90449419237
2780.0 1.90456822712
2785.0 1.90463251356
2790.0 1.90470612669
2795.0 1.90476872034
2800.0 1.90483343729
2805.0 1.90490916949
2810.0 1.90496668475
2815.0 1.90505470805
2820.0 1.90510629322
2825.0 1.90518287712
2830.0 1.90524548305
2835.0 1.90530808432
2840.0 1.90536560847
2845.0 1.90543245
2850.0 1.90549802669
2855.0 1.9055576661
2860.0 1.90562790805
2865.0 1.90567949831
2870.0 1.90573618178
2875.0 1.905804725
2880.0 1.90586098686
2885.0 1.90592402373
2890.0 1.90597859237
2895.0 1.90603697034
2900.0 1.90609832246
2905.0 1.90615288814
2910.0 1.90621763178
2915.0 1.90626457331
2920.0 1.90632593051
2925.0 1.90637880636
2930.0 1.90643592754
2935.0 1.90648202542
2940.0 1.90653872458
2945.0 1.90659287712
2950.0 1.90664661144
2955.0 1.90669949492
2960.0 1.90674263856
2965.0 1.90680781271
2970.0 1.90684460254
2975.0 1.90690469364
2980.0 1.90694572331
2985.0 1.90699946017
2990.0 1.9070409161
2995.0 1.90709804534
3000.0 1.90713399492
3005.0 1.90718943093
3010.0 1.90722792542
3015.0 1.90728209237
3020.0 1.90731889407
3025.0 1.90736882542
3030.0 1.90740732458
3035.0 1.90745641102
3040.0 1.90749109831
3045.0 1.90754018644
3050.0 1.90757572373
3055.0 1.90762142373
3060.0 1.90765569195
3065.0 1.90770224153
3070.0 1.90773396907
3075.0 1.90777924958
3080.0 1.90781140297
3085.0 1.90785456695
3090.0 1.90788502754
3095.0 1.90792819322
3100.0 1.90795738432
3105.0 1.9079988572
3110.0 1.90802805
3115.0 1.90806528729
3120.0 1.90809490551
3125.0 1.90813384068
3130.0 1.90816007034
3135.0 1.90820027839
3140.0 1.90822396737
3145.0 1.90825951568
3150.0 1.90828871568
3155.0 1.90831833347
3160.0 1.90834922966
3165.0 1.90838139237
3170.0 1.90840678178
3175.0 1.90843597881
3180.0 1.90846348898
3185.0 1.90848929831
3190.0 1.90851638559
3195.0 1.90854389195
3200.0 1.90856759195
3205.0 1.90859509873
3210.0 1.90861922415
3215.0 1.90864758008
3220.0 1.90866450339
3225.0 1.90869286144
3230.0 1.90871232797
3235.0 1.90873899237
3240.0 1.90875846059
3245.0 1.90877919449
3250.0 1.90879993559
3255.0 1.90882406017
3260.0 1.90884226017
3265.0 1.90886342034
3270.0 1.90888077415
3275.0 1.90890405424
3280.0 1.90891971441
3285.0 1.90893918178
3290.0 1.90895484364
3295.0 1.90897812627
3300.0 1.90898785678
3305.0 1.90900859831
3310.0 1.90902426229
3315.0 1.90903864915
3320.0 1.90905516144
3325.0 1.90906954958
3330.0 1.90908563898
3335.0 1.90910087585
3340.0 1.9091118822
3345.0 1.90912711949
3350.0 1.90914024534
3355.0 1.90915463729
3360.0 1.90916437415
3365.0 1.90917834237
3370.0 1.90918977542
3375.0 1.90920247415
3380.0 1.90921136568
3385.0 1.90922533602
3390.0 1.90923211017
3395.0 1.9092452339
3400.0 1.90925370339
3405.0 1.90926471059
3410.0 1.90927190932
3415.0 1.90928461102
3420.0 1.90928884619
3425.0 1.90929943008
3430.0 1.90930705381
3435.0 1.9093167928
3440.0 1.90932018136
3445.0 1.90933161356
3450.0 1.90933500381
3455.0 1.909342625
3460.0 1.90934897924
3465.0 1.90935871992
3470.0 1.90935914534
3475.0 1.90936803686
3480.0 1.90937269915
3485.0 1.90937778093
3490.0 1.90938032415
3495.0 1.90939048898
3500.0 1.90938922203
3505.0 1.90939557458
3510.0 1.90940023729
3515.0 1.90940574407
3520.0 1.90940405339
3525.0 1.90941210042
3530.0 1.90941295297
3535.0 1.90941591864
3540.0 1.9094171928
3545.0 1.90942481864
3550.0 1.90942101229
3555.0 1.90942651907
3560.0 1.90942821864
3565.0 1.90943118602
3570.0 1.90942780254
3575.0 1.90943458051
3580.0 1.90943289322
3585.0 1.9094341661
3590.0 1.90943374788
3595.0 1.90943968093
3600.0 1.90943418178
3605.0 1.90943757203
3610.0 1.90943800212
3615.0 1.90943885297
3620.0 1.90943377669
3625.0 1.90943928517
3630.0 1.90943590466
3635.0 1.90943506102
3640.0 1.90943379661
3645.0 1.90943803686
3650.0 1.9094312678
3655.0 1.90943338856
3660.0 1.90943212542
3665.0 1.90943170636
3670.0 1.90942493644
3675.0 1.90943002288
3680.0 1.90942494873
3685.0 1.90942283517
3690.0 1.90942030127
3695.0 1.90942327119
3700.0 1.90941527415
3705.0 1.90941648729
3710.0 1.90941396949
3715.0 1.90941312585
3720.0 1.90940427203
3725.0 1.90940891737
3730.0 1.90940257331
3735.0 1.90939960763
3740.0 1.90939667458
3745.0 1.90939835085
3750.0 1.90938948898
3755.0 1.90938989237
3760.0 1.90938653686
3765.0 1.90938397712
3770.0 1.90937553771
3775.0 1.90937933051
3780.0 1.90937216356
3785.0 1.90936875593
3790.0 1.90936412839
3795.0 1.90936580466
3800.0 1.90935651992
3805.0 1.90935607669
3810.0 1.90935187373
3815.0 1.90934973814
3820.0 1.90934002797
3825.0 1.90934339746
3830.0 1.9093358072
3835.0 1.90933197627
3840.0 1.90932650169
3845.0 1.90932775424
3850.0 1.90931846992
3855.0 1.90931717924
3860.0 1.90931255297
3865.0 1.90931041737
3870.0 1.9093002839
3875.0 1.90930322966
3880.0 1.90929563898
3885.0 1.90929138432
3890.0 1.90928463941
3895.0 1.90928631525
3900.0 1.90927660678
3905.0 1.9092748928
3910.0 1.9092698428
3915.0 1.90926855424
3920.0 1.90925757331
3925.0 1.90926009534
3930.0 1.90925250424
3935.0 1.90924824958
3940.0 1.9092406572
3945.0 1.90924233263
3950.0 1.90923347161
3955.0 1.90923048644
3960.0 1.90922585932
3965.0 1.90922457034
3970.0 1.90921358983
3975.0 1.90921568771
3980.0 1.90920894364
3985.0 1.9092038411
3990.0 1.90919624831
3995.0 1.90919792331
4000.0 1.90918948559
4005.0 1.90918607669
4010.0 1.90918144873
4015.0 1.90918058305
4020.0 1.90916917839
4025.0 1.90917169958
4030.0 1.90916495508
4035.0 1.90915985212
4040.0 1.9091522589
4045.0 1.90915393347
4050.0 1.90914549534
4055.0 1.90914208559
4060.0 1.90913788136
4065.0 1.90913701483
4070.0 1.90912603347
4075.0 1.90912813051
4080.0 1.9091218089
4085.0 1.90911712924
4090.0 1.90910953559
4095.0 1.90911163305
4100.0 1.90910277034
4105.0 1.90910020763
4110.0 1.90909515551
4115.0 1.90909513602
4120.0 1.90908500127
4125.0 1.90908625042
4130.0 1.90908077542
4135.0 1.90907651907
4140.0 1.90906850127
4145.0 1.90907102119
4150.0 1.90906258178
4155.0 1.90905959534
4160.0 1.90905538983
4165.0 1.9090557928
4170.0 1.90904608178
4175.0 1.90904690636
4180.0 1.90904227797
4185.0 1.90903802119
4190.0 1.90903042669
4195.0 1.90903294576
4200.0 1.90902535297
4205.0 1.90902194237
4210.0 1.90901858347
4215.0 1.90901686737
4220.0 1.90900927246
4225.0 1.90901179237
4230.0 1.90900292712
4235.0 1.90900502288
4240.0 1.90899827585
4245.0 1.9089965589
4250.0 1.90899362415
4255.0 1.90898809534
4260.0 1.90898643008
4265.0 1.90898259534
4270.0 1.90897838898
4275.0 1.90897836695
4280.0 1.90896950085
4285.0 1.90897540847
4290.0 1.90896018856
4295.0 1.90897033347
4300.0 1.90896019831
4305.0 1.90896059534
4310.0 1.90895130763
4315.0 1.90895848517
4320.0 1.90894411144
4325.0 1.90895171441
4330.0 1.90894454068
4335.0 1.90894324788
4340.0 1.90893904068
4345.0 1.90893944237
4350.0 1.90892930254
4355.0 1.90893563475
4360.0 1.90892295551
4365.0 1.90893267458
4370.0 1.90891533644
4375.0 1.90892802119
4380.0 1.9089106822
4385.0 1.90892336737
4390.0 1.9089123839
4395.0 1.90891320508
4400.0 1.90890899746
4405.0 1.90890982119
4410.0 1.90890349831
4415.0 1.90890601314
4420.0 1.90889629958
4425.0 1.90890474873
4430.0 1.90889969407
4435.0 1.90889119534
4440.0 1.90889800551
4445.0 1.90889543686
4450.0 1.90888826483
4455.0 1.9088975589
4460.0 1.90888149025
4465.0 1.90889332712
4470.0 1.90887810551
4475.0 1.90888824703
4480.0 1.90887514407
4485.0 1.90887766102
4490.0 1.90887514831
4495.0 1.90887596949
4500.0 1.90887091483
4505.0 1.90887301102
4510.0 1.90886541186
4515.0 1.90886919958
4520.0 1.90886668814
4525.0 1.90886284873
4530.0 1.90886245508
4535.0 1.90886242627
4540.0 1.90885949025
4545.0 1.90885734407
4550.0 1.90885567966
4555.0 1.90885777161
4560.0 1.90885483686
4565.0 1.90885311653
4570.0 1.90885017797
4575.0 1.908851425
4580.0 1.90884933475
4585.0 1.90885015339
4590.0 1.90884128814
4595.0 1.90884761653
4600.0 1.90884595127
4605.0 1.90884253602
4610.0 1.90884002119
4615.0 1.90884211314
4620.0 1.90883832754
4625.0 1.90883999873
4630.0 1.90883790636
4635.0 1.90883703263
4640.0 1.90883240297
4645.0 1.90883872966
4650.0 1.9088307072
4655.0 1.90883322415
4660.0 1.90883282754
4665.0 1.90883322839
4670.0 1.90882901441
4675.0 1.90883111186
4680.0 1.90882901568
4685.0 1.90882687627
4690.0 1.90882563008
4695.0 1.90882984195
4700.0 1.90882012203
4705.0 1.90882772415
4710.0 1.90882520805
4715.0 1.90882433686
4720.0 1.90882182076
4725.0 1.90882348941
4730.0 1.908820125
4735.0 1.90882264237
4740.0 1.90882055169
4745.0 1.90882094915
4750.0 1.90881885636
4755.0 1.90882052542
4760.0 1.90881758729
4765.0 1.90881925381
4770.0 1.90881674068
4775.0 1.90881925678
4780.0 1.90881674068
4785.0 1.90881671441
4790.0 1.90881419958
4795.0 1.90881798771
4800.0 1.90881504831
4805.0 1.90881586822
4810.0 1.90881250508
4815.0 1.90881544492
4820.0 1.90881293008
4825.0 1.90881459746
4830.0 1.90881250466
4835.0 1.90881502119
4840.0 1.90881123347
4845.0 1.90881290297
4850.0 1.90881080975
4855.0 1.90881332627
4860.0 1.90881081059
4865.0 1.90881332585
4870.0 1.90881081186
4875.0 1.90881163051
4880.0 1.9088095411
4885.0 1.90881163008
4890.0 1.90881037881
4895.0 1.90881205636
4900.0 1.90881081398
4905.0 1.90881120593
4910.0 1.90880996271
4915.0 1.90881035805
4920.0 1.90881038941
4925.0 1.90881078178
4930.0 1.90880996102
4935.0 1.90881035551
4940.0 1.90880953136
4945.0 1.90881078983
4950.0 1.90880953686
4955.0 1.9088112089
4960.0 1.90880911398
4965.0 1.90881121271
4970.0 1.90880911695
4975.0 1.90881163771
4980.0 1.90880911144
4985.0 1.90881077881
4990.0 1.90880911314
4995.0 1.9088103572
5000.0 1.90880996017
5005.0 1.90881035
5010.0 1.90880995381
5015.0 1.90881035
5020.0 1.90880994915
5025.0 1.90881163093
5030.0 1.90880952203
5035.0 1.90881163051
5040.0 1.90880910466
5045.0 1.90881246822
5050.0 1.90880995085
5055.0 1.90881120212
5060.0 1.90880994619
5065.0 1.9088116178
5070.0 1.90881122415
5075.0 1.90881204153
5080.0 1.908811225
5085.0 1.90881246229
5090.0 1.90881080763
5095.0 1.90881247585
5100.0 1.9088108072
5105.0 1.90881332203
5110.0 1.90881207839
5115.0 1.90881332076
5120.0 1.90881250212
5125.0 1.90881289534
5130.0 1.90881207669
5135.0 1.90881374322
5140.0 1.90881249025
5145.0 1.90881457924
5150.0 1.90881291441
5155.0 1.90881415932
5160.0 1.90881333686
5165.0 1.90881458517
5170.0 1.90881333475
5175.0 1.90881500975
5180.0 1.90881375212
5185.0 1.90881500169
5190.0 1.90881375381
5195.0 1.90881541949
5200.0 1.90881417924
5205.0 1.90881627373
5210.0 1.90881461356
5215.0 1.90881670169
5220.0 1.90881544746
5225.0 1.90881670636
5230.0 1.90881544746
5235.0 1.90881712839
5240.0 1.90881629322
5245.0 1.90881755169
5250.0 1.90881715169
5255.0 1.9088179678
5260.0 1.90881715127
5265.0 1.90881880466
5270.0 1.90881714068
5275.0 1.90881880593
5280.0 1.90881798475
5285.0 1.90881966102
5290.0 1.90881798602
5295.0 1.90882008347
5300.0 1.90881840127
5305.0 1.90882049661
5310.0 1.90881925085
5315.0 1.90882049534
5320.0 1.90881967754
5325.0 1.90882049449
5330.0 1.90882011102
5335.0 1.90882091737
5340.0 1.90882010805
5345.0 1.90882177373
5350.0 1.90882137839
5355.0 1.90882262288
5360.0 1.90882136441
5365.0 1.90882261992
5370.0 1.9088222161
5375.0 1.90882304534
5380.0 1.90882221568
5385.0 1.9088234661
5390.0 1.90882263644
5395.0 1.90882431229
5400.0 1.90882348475
5405.0 1.90882516144
5410.0 1.90882348517
5415.0 1.90882473559
5420.0 1.90882390466
5425.0 1.90882600466
5430.0 1.90882475381
5435.0 1.90882600678
5440.0 1.90882475381
5445.0 1.90882600424
5450.0 1.90882517373
5455.0 1.90882727415
5460.0 1.90882602246
5465.0 1.90882727542
5470.0 1.90882602246
5475.0 1.90882727331
5480.0 1.90882601907
5485.0 1.90882811907
5490.0 1.90882729153
5495.0 1.90882896822
5500.0 1.90882771525
5505.0 1.9088289661
5510.0 1.90882728856
5515.0 1.9088289661
5520.0 1.90882813602
5525.0 1.90883023559
5530.0 1.90882771059
5535.0 1.90882938644
5540.0 1.90882940593
5545.0 1.90883065763
5550.0 1.90883025212
5555.0 1.90883150424
5560.0 1.90882982924
5565.0 1.90883150424
5570.0 1.90883025212
5575.0 1.90883192881
5580.0 1.90883109915
5585.0 1.90883277585
5590.0 1.90883067458
5595.0 1.90883277373
5600.0 1.90883109746
5605.0 1.90883319703
5610.0 1.9088319428
5615.0 1.90883361907
5620.0 1.90883194237
5625.0 1.90883404237
5630.0 1.90883279068
5635.0 1.9088344678
5640.0 1.90883363771
5645.0 1.9088344661
5650.0 1.90883321441
5655.0 1.90883446441
5660.0 1.90883363602
5665.0 1.90883531144
5670.0 1.90883405847
5675.0 1.90883615763
5680.0 1.90883448305
5685.0 1.90883658178
5690.0 1.90883490593
5695.0 1.90883658305
5700.0 1.90883490593
5705.0 1.90883658093
5710.0 1.90883532881
5715.0 1.90883700466
5720.0 1.90883617415
5725.0 1.90883742669
5730.0 1.90883659915
5735.0 1.90883785042
5740.0 1.90883659788
5745.0 1.90883827542
5750.0 1.90883659831
5755.0 1.90883827331
5760.0 1.90883702034
5765.0 1.90883869661
5770.0 1.90883701949
5775.0 1.9088395428
5780.0 1.90883786822
5785.0 1.90883996822
5790.0 1.9088382911
5795.0 1.90883954364
5800.0 1.9088378678
5805.0 1.90883954195
5810.0 1.90883871271
5815.0 1.90883954153
5820.0 1.90883956017
5825.0 1.90884081186
5830.0 1.90883956102
5835.0 1.90884038983
5840.0 1.90883956059
5845.0 1.90884081314
5850.0 1.90883956017
5855.0 1.90884123517
5860.0 1.90883998178
5865.0 1.9088416589
5870.0 1.9088395572
5875.0 1.90884208178
5880.0 1.90884040636
5885.0 1.90884292966
5890.0 1.90884082924
5895.0 1.90884250678
5900.0 1.90884040593
5905.0 1.90884250508
5910.0 1.90884082924
5915.0 1.90884208051
5920.0 1.908841675
5925.0 1.90884208008
5930.0 1.90884209873
5935.0 1.90884335
5940.0 1.90884252331
5945.0 1.90884292881
5950.0 1.90884209958
5955.0 1.90884335212
5960.0 1.90884209915
5965.0 1.90884377415
5970.0 1.90884209831
5975.0 1.90884419831
5980.0 1.90884251992
5985.0 1.90884462119
5990.0 1.90884252161
5995.0 1.90884504492
6000.0 1.90884294492
6005.0 1.90884504576
6010.0 1.90884336949
6015.0 1.90884504492
6020.0 1.90884294534
6025.0 1.90884462034
6030.0 1.90884336695
6035.0 1.90884461907
6040.0 1.90884421483
6045.0 1.9088450428
6050.0 1.90884463898
6055.0 1.90884504492
6060.0 1.9088442161
6065.0 1.90884504492
6070.0 1.90884421525
6075.0 1.90884589068
6080.0 1.90884421271
6085.0 1.90884631398
6090.0 1.90884378941
6095.0 1.90884673729
6100.0 1.90884421441
6105.0 1.90884673898
6110.0 1.90884506186
6115.0 1.90884631441
6120.0 1.90884463898
6125.0 1.90884588941
6130.0 1.90884506059
6135.0 1.90884546525
6140.0 1.90884590805
6145.0 1.90884673602
6150.0 1.9088459089
6155.0 1.90884631483
6160.0 1.90884506102
6165.0 1.90884673814
6170.0 1.90884506102
6175.0 1.90884758432
6180.0 1.90884505932
6185.0 1.9088475839
6190.0 1.90884505975
6195.0 1.90884758305
6200.0 1.90884590847
6205.0 1.90884716017
6210.0 1.90884675593
6215.0 1.90884716059
6220.0 1.90884633305
6225.0 1.90884673559
6230.0 1.9088463322
6235.0 1.90884715975
6240.0 1.90884632966
6245.0 1.90884758263
6250.0 1.90884633136
6255.0 1.90884843136
6260.0 1.90884590678
6265.0 1.9088480089
6270.0 1.9088454839
6275.0 1.90884843093
6280.0 1.9088459072
6285.0 1.90884800678
6290.0 1.90884632966
6295.0 1.90884715847
6300.0 1.90884675424
6305.0 1.90884758178
6310.0 1.90884760254
6315.0 1.90884758432
6320.0 1.90884717881
6325.0 1.9088475839
6330.0 1.90884675508
6335.0 1.90884800678
6340.0 1.90884632966
6345.0 1.90884843051
6350.0 1.90884632881
6355.0 1.90884885381
6360.0 1.90884590678
6365.0 1.90884927797
6370.0 1.90884675424
6375.0 1.90884885551
6380.0 1.90884717881
6385.0 1.90884843051
6390.0 1.90884675551
6395.0 1.90884758263
6400.0 1.90884760085
6405.0 1.9088475822
6410.0 1.90884760127
6415.0 1.90884800551
6420.0 1.90884760212
6425.0 1.90884843008
6430.0 1.90884675381
6435.0 1.9088484322
6440.0 1.90884633093
6445.0 1.90884927966
6450.0 1.90884633051
6455.0 1.90884885424
6460.0 1.90884633008
6465.0 1.90884843051
6470.0 1.90884675339
6475.0 1.90884800508
6480.0 1.90884760169
6485.0 1.90884842881
6490.0 1.90884802585
6495.0 1.90884800678
6500.0 1.90884802627
6505.0 1.90884800763
6510.0 1.90884717966
6515.0 1.90884843178
6520.0 1.90884675466
6525.0 1.90884885466
6530.0 1.90884632966
6535.0 1.90884927881
6540.0 1.90884632881
6545.0 1.90884885424
6550.0 1.90884675381
6555.0 1.90884927712
6560.0 1.90884717881
6565.0 1.90884842966
6570.0 1.90884802627
6575.0 1.90884800636
6580.0 1.90884845
6585.0 1.90884800763
6590.0 1.90884718051
6595.0 1.90884800805
6600.0 1.90884717881
6605.0 1.90884885466
6610.0 1.90884633008
6615.0 1.90884927881
6620.0 1.90884675254
6625.0 1.90884927839
6630.0 1.90884633008
6635.0 1.90884927754
6640.0 1.90884675508
6645.0 1.90884758263
6650.0 1.90884760212
6655.0 1.90884842966
6660.0 1.90884845042
6665.0 1.90884758305
6670.0 1.90884760297
6675.0 1.90884800847
6680.0 1.90884675636
6685.0 1.90884843263
6690.0 1.90884675508
6695.0 1.90884928008
6700.0 1.90884590678
6705.0 1.90884885551
6710.0 1.90884632966
6715.0 1.90884843051
6720.0 1.90884675424
6725.0 1.9088475822
6730.0 1.90884760297
6735.0 1.90884758178
6740.0 1.90884802627
6745.0 1.90884758263
6750.0 1.90884760297
6755.0 1.90884843136
6760.0 1.90884675508
6765.0 1.90884885678
6770.0 1.90884633136
6775.0 1.90884928093
6780.0 1.9088463322
6785.0 1.90884885593
6790.0 1.9088463322
6795.0 1.90884800763
6800.0 1.90884675636
6805.0 1.9088475839
6810.0 1.90884717881
6815.0 1.90884715932
6820.0 1.90884760254
6825.0 1.90884800678
6830.0 1.90884717881
6835.0 1.90884843178
6840.0 1.90884633136
6845.0 1.90884885763
6850.0 1.90884590805
6855.0 1.9088488572
6860.0 1.90884633263
6865.0 1.90884885636
6870.0 1.90884633305
6875.0 1.90884758432
6880.0 1.90884675678
6885.0 1.90884716059
6890.0 1.90884717881
6895.0 1.90884673602
6900.0 1.90884717924
6905.0 1.9088480072
6910.0 1.90884675636
6915.0 1.9088484322
6920.0 1.9088463322
6925.0 1.90884801017
6930.0 1.90884548517
6935.0 1.90884843347
6940.0 1.9088459089
6945.0 1.9088484322
6950.0 1.90884590932
6955.0 1.90884758475
6960.0 1.90884633178
6965.0 1.90884673644
6970.0 1.90884675593
6975.0 1.90884758347
6980.0 1.90884718093
6985.0 1.9088475839
6990.0 1.90884675678
6995.0 1.90884716271
7000.0 1.90884633305
7005.0 1.90884758644
7010.0 1.90884548559
7015.0 1.9088480089
7020.0 1.90884548517
7025.0 1.90884800932
7030.0 1.90884548432
7035.0 1.90884758475
7040.0 1.90884548517
7045.0 1.90884758432
7050.0 1.9088467572
7055.0 1.90884758517
7060.0 1.90884718136
7065.0 1.90884716229
7070.0 1.90884633475
7075.0 1.90884673814
7080.0 1.90884590975
7085.0 1.90884716229
7090.0 1.90884633136
7095.0 1.90884800932
7100.0 1.90884590847
7105.0 1.90884843263
7110.0 1.90884548602
7115.0 1.90884800932
7120.0 1.90884548602
7125.0 1.90884758686
7130.0 1.90884633475
7135.0 1.90884758644
7140.0 1.90884633475
7145.0 1.90884673771
7150.0 1.90884590847
7155.0 1.90884631398
7160.0 1.90884590932
7165.0 1.90884758517
7170.0 1.9088463339
7175.0 1.90884758686
7180.0 1.90884591017
7185.0 1.90884758771
7190.0 1.90884506314
7195.0 1.90884716186
7200.0 1.90884506271
7205.0 1.90884716271
7210.0 1.9088459089
7215.0 1.90884758517
7220.0 1.90884548602
7225.0 1.90884716186
7230.0 1.90884591059
7235.0 1.90884716356
7240.0 1.90884548729
7245.0 1.90884673898
7250.0 1.90884548686
7255.0 1.90884631483
7260.0 1.90884590847
7265.0 1.90884716186
7270.0 1.90884590932
7275.0 1.90884716271
7280.0 1.90884591017
7285.0 1.90884674068
7290.0 1.90884506314
7295.0 1.90884716314
7300.0 1.90884506271
7305.0 1.90884673898
7310.0 1.90884548517
7315.0 1.90884758602
7320.0 1.90884548686
7325.0 1.90884758602
7330.0 1.90884548686
7335.0 1.90884716398
7340.0 1.90884506398
7345.0 1.90884673856
7350.0 1.90884548644
7355.0 1.90884631483
7360.0 1.90884548602
7365.0 1.90884673771
7370.0 1.90884591102
7375.0 1.90884631653
7380.0 1.90884548729
7385.0 1.90884674025
7390.0 1.90884506356
7395.0 1.90884673898
7400.0 1.90884506144
7405.0 1.90884716271
7410.0 1.90884506229
7415.0 1.90884758644
7420.0 1.90884506356
7425.0 1.90884716441
7430.0 1.90884506356
7435.0 1.90884673983
7440.0 1.90884464068
7445.0 1.90884631483
7450.0 1.90884548814
7455.0 1.90884589153
7460.0 1.90884590975
7465.0 1.90884631441
7470.0 1.90884591144
7475.0 1.90884631525
7480.0 1.90884548686
7485.0 1.90884631737
7490.0 1.90884506398
7495.0 1.90884716483
7500.0 1.90884463983
7505.0 1.90884673983
7510.0 1.90884421441
7515.0 1.90884673941
7520.0 1.90884421483
7525.0 1.90884758602
7530.0 1.90884506398
7535.0 1.90884673898
7540.0 1.90884591144
7545.0 1.90884631695
7550.0 1.90884633559
7555.0 1.90884546864
7560.0 1.90884548856
7565.0 1.90884589153
7570.0 1.90884548771
7575.0 1.90884673983
7580.0 1.90884506186
7585.0 1.90884673898
7590.0 1.90884463771
7595.0 1.90884716356
7600.0 1.90884463941
7605.0 1.90884758771
7610.0 1.90884506314
7615.0 1.90884716441
7620.0 1.90884548814
7625.0 1.9088463161
7630.0 1.9088446411
7635.0 1.90884546822
7640.0 1.90884548814
7645.0 1.9088454678
7650.0 1.90884591102
7655.0 1.90884589195
7660.0 1.90884548602
7665.0 1.90884673856
7670.0 1.90884463814
7675.0 1.90884673983
7680.0 1.90884463941
7685.0 1.90884758814
7690.0 1.90884463941
7695.0 1.90884716483
7700.0 1.90884506441
7705.0 1.90884631568
7710.0 1.90884591271
7715.0 1.90884589237
7720.0 1.90884591356
7725.0 1.90884504492
7730.0 1.90884548898
7735.0 1.90884546822
7740.0 1.90884463983
7745.0 1.90884674025
7750.0 1.90884463814
7755.0 1.90884716356
7760.0 1.90884379068
7765.0 1.90884673941
7770.0 1.90884379195
7775.0 1.90884673941
7780.0 1.90884464025
7785.0 1.90884631568
7790.0 1.90884633559
7795.0 1.90884589195
7800.0 1.90884591186
7805.0 1.9088458911
7810.0 1.90884506398
7815.0 1.90884589407
7820.0 1.90884421653
7825.0 1.90884716525
7830.0 1.9088442161
7835.0 1.90884758814
7840.0 1.90884463983
7845.0 1.9088467411
7850.0 1.90884464068
7855.0 1.90884674619
7860.0 1.90884591314
7865.0 1.90884589407
7870.0 1.9088450661
7875.0 1.90884589661
7880.0 1.90884634153
7885.0 1.90884547034
7890.0 1.90884463898
7895.0 1.90884589407
7900.0 1.90884379322
7905.0 1.90884716525
7910.0 1.90884380042
7915.0 1.9088467411
7920.0 1.90884421356
7925.0 1.90884631737
7930.0 1.90884464322
7935.0 1.90884674068
7940.0 1.90884591314
7945.0 1.90884589237
7950.0 1.90884591229
7955.0 1.90884504576
7960.0 1.9088446411
7965.0 1.90884546949
7970.0 1.90884463983
7975.0 1.90884674025
7980.0 1.90884463814
7985.0 1.90884716356
7990.0 1.90884336737
7995.0 1.90884589195
8000.0 1.90884421568
8005.0 1.90884673898
8010.0 1.90884548814
8015.0 1.90884631525
8020.0 1.90884548814
8025.0 1.90884546949
8030.0 1.90884548856
8035.0 1.90884546949
8040.0 1.90884506483
8045.0 1.90884589195
8050.0 1.90884464025
8055.0 1.90884631653
8060.0 1.90884463814
8065.0 1.90884673941
8070.0 1.90884421483
8075.0 1.9088463161
8080.0 1.9088442161
8085.0 1.90884674068
8090.0 1.90884506441
8095.0 1.90884674068
8100.0 1.90884464153
8105.0 1.90884546822
8110.0 1.90884421695
8115.0 1.90884504449
8120.0 1.90884548644
8125.0 1.90884589195
8130.0 1.90884548686
8135.0 1.90884631525
8140.0 1.90884464025
8145.0 1.90884547034
8150.0 1.90884421653
8155.0 1.90884631737
8160.0 1.90884464025
8165.0 1.90884673983
8170.0 1.9088442161
8175.0 1.90884631653
8180.0 1.90884379153
8185.0 1.90884589153
8190.0 1.90884463941
8195.0 1.90884631525
8200.0 1.90884548771
8205.0 1.90884631695
8210.0 1.90884591186
8215.0 1.90884546907
8220.0 1.90884464153
8225.0 1.90884546822
8230.0 1.90884506441
8235.0 1.9088463161
8240.0 1.90884506229
8245.0 1.90884673898
8250.0 1.90884421441
8255.0 1.9088463161
8260.0 1.9088442161
8265.0 1.90884716525
8270.0 1.90884464025
8275.0 1.90884716483
8280.0 1.90884421737
8285.0 1.90884631568
8290.0 1.90884421695
8295.0 1.90884504449
8300.0 1.90884506271
8305.0 1.90884546822
8310.0 1.90884591059
8315.0 1.90884631483
8320.0 1.90884548729
8325.0 1.90884589195
8330.0 1.90884463983
8335.0 1.9088463178
8340.0 1.9088442161
8345.0 1.90884716525
8350.0 1.90884421653
8355.0 1.90884716398
8360.0 1.9088437928
8365.0 1.90884546864
8370.0 1.90884421483
8375.0 1.90884546822
8380.0 1.90884548729
8385.0 1.90884631441
8390.0 1.90884591186
8395.0 1.9088458911
8400.0 1.90884464025
8405.0 1.90884546992
8410.0 1.90884464025
8415.0 1.9088467411
8420.0 1.90884464025
8425.0 1.90884716356
8430.0 1.90884379237
8435.0 1.90884631653
8440.0 1.9088437911
8445.0 1.9088454678
8450.0 1.90884506314
8455.0 1.90884631483
8460.0 1.90884591144
8465.0 1.90884589237
8470.0 1.90884548814
8475.0 1.90884546949
8480.0 1.9088446411
8485.0 1.9088458928
8490.0 1.90884463983
8495.0 1.90884674025
8500.0 1.90884463814
8505.0 1.90884716356
8510.0 1.90884421525
8515.0 1.90884673898
8520.0 1.90884464025
8525.0 1.90884673898
8530.0 1.90884548771
8535.0 1.90884631695
8540.0 1.90884548898
8545.0 1.90884546907
8550.0 1.90884506483
8555.0 1.90884546822
8560.0 1.90884506271
8565.0 1.90884589195
8570.0 1.90884463856
8575.0 1.90884673898
8580.0 1.90884421568
8585.0 1.90884716356
8590.0 1.90884463941
8595.0 1.90884674153
8600.0 1.90884464025
8605.0 1.90884674068
8610.0 1.90884464068
8615.0 1.90884631568
8620.0 1.90884506356
8625.0 1.9088454678
8630.0 1.90884506314
8635.0 1.90884589068
8640.0 1.90884548729
8645.0 1.90884631525
8650.0 1.90884548729
8655.0 1.90884589407
8660.0 1.90884464025
8665.0 1.90884589364
8670.0 1.90884421653
8675.0 1.90884673983
8680.0 1.90884421568
8685.0 1.90884716398
8690.0 1.90884421441
8695.0 1.90884631525
8700.0 1.90884421525
8705.0 1.90884631525
8710.0 1.90884506398
8715.0 1.90884674068
8720.0 1.90884591186
8725.0 1.90884589237
8730.0 1.90884464153
8735.0 1.9088454678
8740.0 1.9088446411
8745.0 1.90884589195
8750.0 1.90884548602
8755.0 1.90884631483
8760.0 1.90884506271
8765.0 1.9088463161
8770.0 1.90884463983
8775.0 1.9088463178
8780.0 1.90884463983
8785.0 1.9088467411
8790.0 1.90884421653
8795.0 1.9088463161
8800.0 1.9088442161
8805.0 1.9088463161
8810.0 1.90884463856
8815.0 1.90884673898
8820.0 1.90884463983
8825.0 1.90884631568
8830.0 1.90884548771
8835.0 1.90884631695
8840.0 1.90884548856
8845.0 1.9088458928
8850.0 1.9088446411
8855.0 1.90884546822
8860.0 1.90884548602
8865.0 1.90884589153
8870.0 1.90884548644
8875.0 1.90884631483
8880.0 1.90884506398
8885.0 1.90884631695
8890.0 1.90884506398
8895.0 1.90884674153
8900.0 1.90884464025
8905.0 1.90884674025
8910.0 1.90884421568
8915.0 1.90884631653
8920.0 1.90884463814
8925.0 1.90884673941
8930.0 1.90884463856
8935.0 1.90884673898
8940.0 1.90884506356
8945.0 1.90884674025
8950.0 1.90884506441
8955.0 1.90884631653
8960.0 1.90884464153
8965.0 1.90884589195
8970.0 1.90884506441
8975.0 1.9088454678
8980.0 1.90884506229
8985.0 1.9088454678
8990.0 1.90884591017
8995.0 1.90884631483
9000.0 1.90884506398
9005.0 1.90884631568
9010.0 1.90884463983
9015.0 1.9088463178
9020.0 1.90884464025
9025.0 1.90884716525
9030.0 1.90884463983
9035.0 1.90884673983
9040.0 1.90884379153
9045.0 1.90884631653
9050.0 1.90884421483
9055.0 1.90884631525
9060.0 1.90884463941
9065.0 1.90884673856
9070.0 1.90884548771
9075.0 1.90884631483
9080.0 1.90884548771
9085.0 1.90884546907
9090.0 1.90884591229
9095.0 1.9088458928
9100.0 1.90884506483
9105.0 1.9088458928
9110.0 1.90884463983
9115.0 1.9088463161
9120.0 1.90884421398
9125.0 1.90884716356
9130.0 1.90884421441
9135.0 1.90884716314
9140.0 1.90884421525
9145.0 1.90884716271
9150.0 1.90884463983
9155.0 1.90884631568
9160.0 1.90884591144
9165.0 1.90884589195
9170.0 1.90884633559
9175.0 1.90884546907
9180.0 1.90884506568
9185.0 1.90884546949
9190.0 1.90884464068
9195.0 1.9088467411
9200.0 1.90884421525
9205.0 1.90884716398
9210.0 1.9088437911
9215.0 1.90884674025
9220.0 1.9088437911
9225.0 1.90884589153
9230.0 1.90884506314
9235.0 1.90884546653
9240.0 1.90884548771
9245.0 1.90884546653
9250.0 1.90884591144
9255.0 1.90884589153
9260.0 1.90884548729
9265.0 1.9088463178
9270.0 1.9088442161
9275.0 1.9088467411
9280.0 1.90884379237
9285.0 1.90884758771
9290.0 1.90884379237
9295.0 1.90884673941
9300.0 1.90884463941
9305.0 1.90884546737
9310.0 1.90884506314
9315.0 1.9088454661
9320.0 1.90884591102
9325.0 1.90884589068
9330.0 1.90884548771
9335.0 1.90884631568
9340.0 1.90884463941
9345.0 1.9088463178
9350.0 1.90884379237
9355.0 1.90884716483
9360.0 1.9088442161
9365.0 1.90884758729
9370.0 1.90884421653
9375.0 1.90884589195
9380.0 1.90884506356
9385.0 1.90884504364
9390.0 1.90884548686
9395.0 1.90884588983
9400.0 1.90884591017
9405.0 1.9088458911
9410.0 1.90884506356
9415.0 1.90884674025
9420.0 1.90884421525
9425.0 1.90884674153
9430.0 1.90884379237
9435.0 1.90884716441
9440.0 1.90884421653
9445.0 1.90884673941
9450.0 1.90884464025
9455.0 1.9088454678
9460.0 1.90884548771
9465.0 1.90884504407
9470.0 1.90884548686
9475.0 1.90884589025
9480.0 1.90884548602
9485.0 1.90884631525
9490.0 1.90884463941
9495.0 1.90884716441
9500.0 1.90884421525
9505.0 1.90884716525
9510.0 1.9088442161
9515.0 1.90884716398
9520.0 1.90884548856
9525.0 1.90884631568
9530.0 1.90884506525
9535.0 1.9088454678
9540.0 1.90884548814
9545.0 1.90884546822
9550.0 1.90884548602
9555.0 1.90884631568
9560.0 1.90884506229
9565.0 1.90884716314
9570.0 1.90884379153
9575.0 1.90884758729
9580.0 1.90884421568
9585.0 1.90884716441
9590.0 1.90884506398
9595.0 1.90884674025
9600.0 1.90884591271
9605.0 1.90884546822
9610.0 1.90884548856
9615.0 1.9088454678
9620.0 1.90884506398
9625.0 1.9088463161
9630.0 1.90884506186
9635.0 1.90884716271
9640.0 1.90884421441
9645.0 1.90884716356
9650.0 1.90884463941
9655.0 1.90884716356
9660.0 1.90884506356
9665.0 1.90884674025
9670.0 1.90884548856
9675.0 1.90884589237
9680.0 1.90884506483
9685.0 1.90884546822
9690.0 1.90884548686
9695.0 1.90884589195
9700.0 1.90884506229
9705.0 1.90884631483
9710.0 1.90884463898
9715.0 1.90884716356
9720.0 1.90884463941
9725.0 1.90884674153
9730.0 1.90884463983
9735.0 1.90884631695
9740.0 1.90884421695
9745.0 1.90884631525
9750.0 1.90884463983
9755.0 1.90884631525
9760.0 1.90884506271
9765.0 1.90884631441
9770.0 1.90884506356
9775.0 1.90884631525
9780.0 1.90884548729
9785.0 1.90884631737
9790.0 1.90884506398
9795.0 1.90884631653
9800.0 1.90884463983
9805.0 1.90884589237
9810.0 1.90884506186
9815.0 1.90884673941
9820.0 1.90884463898
9825.0 1.90884716314
9830.0 1.90884506356
9835.0 1.9088467411
9840.0 1.90884421653
9845.0 1.90884673983
9850.0 1.90884464025
9855.0 1.90884631568
9860.0 1.90884506229
9865.0 1.90884673856
9870.0 1.90884506356
9875.0 1.90884631525
9880.0 1.90884548771
9885.0 1.90884589364
9890.0 1.90884506441
9895.0 1.90884589195
9900.0 1.90884506398
9905.0 1.90884589237
9910.0 1.90884506186
9915.0 1.90884631525
9920.0 1.90884506356
9925.0 1.90884673983
9930.0 1.90884463941
9935.0 1.9088467411
9940.0 1.90884421653
9945.0 1.90884673941
9950.0 1.9088442161
9955.0 1.9088463161
9960.0 1.90884421483
9965.0 1.90884673856
9970.0 1.90884506356
9975.0 1.90884631525
9980.0 1.90884591144
9985.0 1.90884589322
9990.0 1.90884506483
9995.0 1.90884546864
10000.0 1.90884506398
