5.0 -95.3281355932
10.0 -58.5791949153
15.0 -21.1396186441
20.0 -4.14381949153
25.0 0.994428389831
30.0 1.34999491525
35.0 0.760180084746
40.0 0.424368644068
45.0 0.351440211864
50.0 0.355346440678
55.0 0.354131864407
60.0 0.349028305085
65.0 0.347501567797
70.0 0.347576355932
75.0 0.346700635593
80.0 0.345966398305
85.0 0.345718432203
90.0 0.345865635593
95.0 0.346183347458
100.0 0.34650720339
105.0 0.347153644068
110.0 0.347978728814
115.0 0.348893220339
120.0 0.349888813559
125.0 0.350924449153
130.0 0.352008432203
135.0 0.353171228814
140.0 0.354375720339
145.0 0.355605211864
150.0 0.356824194915
155.0 0.358027161017
160.0 0.359259322034
165.0 0.360403813559
170.0 0.361489830508
175.0 0.362514872881
180.0 0.363464491525
185.0 0.36432470339
190.0 0.365079830508
195.0 0.365721313559
200.0 0.366272711864
205.0 0.366717923729
210.0 0.367056313559
215.0 0.367256440678
220.0 0.367321016949
225.0 0.367280338983
230.0 0.367134661017
235.0 0.366860127119
240.0 0.366443559322
245.0 0.365920042373
250.0 0.36528559322
255.0 0.36452940678
260.0 0.363692542373
265.0 0.362787245763
270.0 0.361792245763
275.0 0.360734364407
280.0 0.359653262712
285.0 0.358489237288
290.0 0.357326822034
295.0 0.356058177966
300.0 0.354849110169
305.0 0.353762838983
310.0 0.352609025424
315.0 0.351521059322
320.0 0.350367288136
325.0 0.349274745763
330.0 0.348266355932
335.0 0.347345338983
340.0 0.346382415254
345.0 0.345506016949
350.0 0.344678389831
355.0 0.343855508475
360.0 0.343097161017
365.0 0.342373898305
370.0 0.341655466102
375.0 0.340988050847
380.0 0.340321864407
385.0 0.33971
390.0 0.339148220339
395.0 0.338562372881
400.0 0.338011822034
405.0 0.337503305085
410.0 0.337031694915
415.0 0.336590381356
420.0 0.33619809322
425.0 0.335836398305
430.0 0.335508516949
435.0 0.33523279661
440.0 0.335010508475
445.0 0.334830508475
450.0 0.334699830508
455.0 0.334631355932
460.0 0.334633728814
465.0 0.334670466102
470.0 0.334804364407
475.0 0.334961144068
480.0 0.335188516949
485.0 0.335486525424
490.0 0.335861779661
495.0 0.336298855932
500.0 0.336816440678
505.0 0.337415084746
510.0 0.338100381356
515.0 0.33889809322
520.0 0.339729576271
525.0 0.340683728814
530.0 0.341725932203
535.0 0.342802288136
540.0 0.344036398305
545.0 0.34546690678
550.0 0.346918728814
555.0 0.348252415254
560.0 0.349663474576
565.0 0.351112669492
570.0 0.352608855932
575.0 0.353999915254
580.0 0.355364915254
585.0 0.35666529661
590.0 0.357924025424
595.0 0.359081440678
600.0 0.360139830508
605.0 0.361114915254
610.0 0.362023135593
615.0 0.36287
620.0 0.363661779661
625.0 0.364393220339
630.0 0.365093855932
635.0 0.365749830508
640.0 0.36635970339
645.0 0.366932161017
650.0 0.367475169492
655.0 0.367985677966
660.0 0.36847059322
665.0 0.368930338983
670.0 0.369368177966
675.0 0.369783686441
680.0 0.370178898305
685.0 0.370552118644
690.0 0.370905762712
695.0 0.371237372881
700.0 0.371548262712
705.0 0.371835720339
710.0 0.372101398305
715.0 0.372341652542
720.0 0.372558262712
725.0 0.372747161017
730.0 0.372911525424
735.0 0.373043601695
740.0 0.373147966102
745.0 0.373224745763
750.0 0.373272245763
755.0 0.373283686441
760.0 0.373269237288
765.0 0.373227754237
770.0 0.373154025424
775.0 0.373043601695
780.0 0.372912033898
785.0 0.37274809322
790.0 0.37255970339
795.0 0.372341694915
800.0 0.372099788136
805.0 0.371832754237
810.0 0.371545169492
815.0 0.371234872881
820.0 0.370906694915
825.0 0.370558516949
830.0 0.370195847458
835.0 0.369816610169
840.0 0.369425720339
845.0 0.369020127119
850.0 0.368605720339
855.0 0.368184364407
860.0 0.367747033898
865.0 0.367301822034
870.0 0.366861355932
875.0 0.366398898305
880.0 0.365942627119
885.0 0.365484788136
890.0 0.365017372881
895.0 0.36453720339
900.0 0.364081483051
905.0 0.363607457627
910.0 0.36312940678
915.0 0.362663050847
920.0 0.362198516949
925.0 0.361727288136
930.0 0.361261313559
935.0 0.360797542373
940.0 0.360340169492
945.0 0.359884237288
950.0 0.359435550847
955.0 0.358989279661
960.0 0.358551101695
965.0 0.358116186441
970.0 0.35769
975.0 0.357267838983
980.0 0.356855
985.0 0.356446525424
990.0 0.356047711864
995.0 0.355653559322
1000.0 0.355266144068
1005.0 0.354884491525
1010.0 0.354515550847
1015.0 0.354150720339
1020.0 0.353794957627
1025.0 0.353443389831
1030.0 0.35309279661
1035.0 0.352750677966
1040.0 0.35244690678
1045.0 0.352113644068
1050.0 0.351787923729
1055.0 0.351479322034
1060.0 0.351176483051
1065.0 0.350869661017
1070.0 0.350569661017
1075.0 0.350274237288
1080.0 0.349984576271
1085.0 0.349696610169
1090.0 0.349414025424
1095.0 0.349132542373
1100.0 0.348855932203
1105.0 0.348579788136
1110.0 0.348308050847
1115.0 0.348036355932
1120.0 0.347768686441
1125.0 0.347500677966
1130.0 0.347236313559
1135.0 0.346971313559
1140.0 0.346709661017
1145.0 0.346447118644
1150.0 0.346187881356
1155.0 0.345927627119
1160.0 0.345670508475
1165.0 0.345412372881
1170.0 0.345157330508
1175.0 0.344901398305
1180.0 0.344648601695
1185.0 0.344394957627
1190.0 0.344144661017
1195.0 0.343893644068
1200.0 0.343646144068
1205.0 0.343398177966
1210.0 0.343153983051
1215.0 0.342909576271
1220.0 0.342669279661
1225.0 0.342429110169
1230.0 0.342193305085
1235.0 0.341957923729
1240.0 0.341727161017
1245.0 0.341496991525
1250.0 0.341271525424
1255.0 0.341046737288
1260.0 0.340826652542
1265.0 0.340607372881
1270.0 0.340392923729
1275.0 0.340179279661
1280.0 0.339970550847
1285.0 0.339762627119
1290.0 0.339559661017
1295.0 0.339357415254
1300.0 0.339160127119
1305.0 0.338963601695
1310.0 0.338771991525
1315.0 0.338581101695
1320.0 0.338395042373
1325.0 0.338209661017
1330.0 0.338029067797
1335.0 0.337849067797
1340.0 0.337673813559
1345.0 0.337498983051
1350.0 0.337328771186
1355.0 0.337158813559
1360.0 0.336993389831
1365.0 0.336828050847
1370.0 0.336667118644
1375.0 0.336506144068
1380.0 0.33634940678
1385.0 0.336192542373
1390.0 0.336039830508
1395.0 0.335886822034
1400.0 0.335737881356
1405.0 0.335588516949
1410.0 0.335443050847
1415.0 0.335297076271
1420.0 0.335154957627
1425.0 0.335012245763
1430.0 0.334873305085
1435.0 0.334733644068
1440.0 0.334597711864
1445.0 0.334458008475
1450.0 0.334320847458
1455.0 0.334194830508
1460.0 0.334069449153
1465.0 0.333927881356
1470.0 0.333804194915
1475.0 0.333688050847
1480.0 0.333552118644
1485.0 0.333425042373
1490.0 0.333311228814
1495.0 0.333184576271
1500.0 0.333051864407
1505.0 0.332939788136
1510.0 0.332828008475
1515.0 0.33270440678
1520.0 0.332587033898
1525.0 0.332479152542
1530.0 0.332371398305
1535.0 0.332250211864
1540.0 0.332145169492
1545.0 0.332036779661
1550.0 0.33193029661
1555.0 0.331823983051
1560.0 0.331720677966
1565.0 0.331616483051
1570.0 0.331516101695
1575.0 0.331414745763
1580.0 0.331317076271
1585.0 0.331218474576
1590.0 0.331123644068
1595.0 0.331027838983
1600.0 0.330935805085
1605.0 0.330842711864
1610.0 0.330753474576
1615.0 0.330663177966
1620.0 0.330576737288
1625.0 0.330489237288
1630.0 0.33040559322
1635.0 0.330320847458
1640.0 0.33024
1645.0 0.330158050847
1650.0 0.330079957627
1655.0 0.330000720339
1660.0 0.329925381356
1665.0 0.329848855932
1670.0 0.329776228814
1675.0 0.329702415254
1680.0 0.329632457627
1685.0 0.329561355932
1690.0 0.329494110169
1695.0 0.329425635593
1700.0 0.329361101695
1705.0 0.32929529661
1710.0 0.32923279661
1715.0 0.329164957627
1720.0 0.329110932203
1725.0 0.329050932203
1730.0 0.328993644068
1735.0 0.328935254237
1740.0 0.328881313559
1745.0 0.328825423729
1750.0 0.328773898305
1755.0 0.328720423729
1760.0 0.328671313559
1765.0 0.328620211864
1770.0 0.328573474576
1775.0 0.328522033898
1780.0 0.328481313559
1785.0 0.328437966102
1790.0 0.328393516949
1795.0 0.328348601695
1800.0 0.328307330508
1805.0 0.328265932203
1810.0 0.328225084746
1815.0 0.328185932203
1820.0 0.32815309322
1825.0 0.328114025424
1830.0 0.328081949153
1835.0 0.328048177966
1840.0 0.328015974576
1845.0 0.327983644068
1850.0 0.327953050847
1855.0 0.327922161017
1860.0 0.327893728814
1865.0 0.3278625
1870.0 0.327836737288
1875.0 0.327807245763
1880.0 0.32778470339
1885.0 0.327756949153
1890.0 0.327736186441
1895.0 0.327710042373
1900.0 0.327690805085
1905.0 0.327666355932
1910.0 0.327648559322
1915.0 0.327626440678
1920.0 0.327609745763
1925.0 0.327589449153
1930.0 0.327572161017
1935.0 0.327555677966
1940.0 0.327538771186
1945.0 0.327522415254
1950.0 0.327508898305
1955.0 0.327492627119
1960.0 0.327478559322
1965.0 0.327463432203
1970.0 0.327452457627
1975.0 0.327438983051
1980.0 0.327429322034
1985.0 0.327416186441
1990.0 0.327406864407
1995.0 0.327396652542
2000.0 0.327387372881
2005.0 0.327375466102
2010.0 0.327368432203
2015.0 0.327359533898
2020.0 0.327352711864
2025.0 0.327343389831
2030.0 0.327337330508
2035.0 0.327329745763
2040.0 0.32732470339
2045.0 0.327318135593
2050.0 0.32731309322
2055.0 0.327306991525
2060.0 0.327303262712
2065.0 0.327297627119
2070.0 0.32729470339
2075.0 0.327289661017
2080.0 0.327287415254
2085.0 0.32728309322
2090.0 0.327281355932
2095.0 0.327277584746
2100.0 0.327276398305
2105.0 0.327273516949
2110.0 0.327272542373
2115.0 0.327270254237
2120.0 0.32727
2125.0 0.327268008475
2130.0 0.327268347458
2135.0 0.327266822034
2140.0 0.327267288136
2145.0 0.327266567797
2150.0 0.327267584746
2155.0 0.327267118644
2160.0 0.327268686441
2165.0 0.327268516949
2170.0 0.327269152542
2175.0 0.32727059322
2180.0 0.32727309322
2185.0 0.327274279661
2190.0 0.327276271186
2195.0 0.327277118644
2200.0 0.327280127119
2205.0 0.327280381356
2210.0 0.327283983051
2215.0 0.327285847458
2220.0 0.327289152542
2225.0 0.32729190678
2230.0 0.327295847458
2235.0 0.327297288136
2240.0 0.327301355932
2245.0 0.327303220339
2250.0 0.327307669492
2255.0 0.327311228814
2260.0 0.327314152542
2265.0 0.327318220339
2270.0 0.327322584746
2275.0 0.327325338983
2280.0 0.327330254237
2285.0 0.327333983051
2290.0 0.327338305085
2295.0 0.327342245763
2300.0 0.327347161017
2305.0 0.327351016949
2310.0 0.327355847458
2315.0 0.327360127119
2320.0 0.327365254237
2325.0 0.327369322034
2330.0 0.327374618644
2335.0 0.327379152542
2340.0 0.327384194915
2345.0 0.327388898305
2350.0 0.327394279661
2355.0 0.327398855932
2360.0 0.327404279661
2365.0 0.327409110169
2370.0 0.327414618644
2375.0 0.32741940678
2380.0 0.327425042373
2385.0 0.327429957627
2390.0 0.327435635593
2395.0 0.327440508475
2400.0 0.327446313559
2405.0 0.327451525424
2410.0 0.327457415254
2415.0 0.327462330508
2420.0 0.327468050847
2425.0 0.327473347458
2430.0 0.327478855932
2435.0 0.327483771186
2440.0 0.327490084746
2445.0 0.327495847458
2450.0 0.327501228814
2455.0 0.327506949153
2460.0 0.327512288136
2465.0 0.327517711864
2470.0 0.327523601695
2475.0 0.327528347458
2480.0 0.327535042373
2485.0 0.327538135593
2490.0 0.327545762712
2495.0 0.327550889831
2500.0 0.3275575
2505.0 0.327559915254
2510.0 0.327567161017
2515.0 0.327573728814
2520.0 0.327577923729
2525.0 0.327582838983
2530.0 0.327589576271
2535.0 0.327593855932
2540.0 0.327600550847
2545.0 0.327604194915
2550.0 0.327609830508
2555.0 0.327616737288
2560.0 0.327620762712
2565.0 0.327625550847
2570.0 0.327631949153
2575.0 0.327636440678
2580.0 0.327642330508
2585.0 0.327647161017
2590.0 0.327651694915
2595.0 0.327656567797
2600.0 0.327663008475
2605.0 0.327666694915
2610.0 0.32767190678
2615.0 0.327676567797
2620.0 0.327682076271
2625.0 0.327686610169
2630.0 0.327692161017
2635.0 0.327695381356
2640.0 0.327700932203
2645.0 0.327706398305
2650.0 0.327710042373
2655.0 0.32771470339
2660.0 0.327719491525
2665.0 0.327724025424
2670.0 0.327728855932
2675.0 0.327732118644
2680.0 0.32773720339
2685.0 0.327742033898
2690.0 0.327745762712
2695.0 0.327749788136
2700.0 0.327754110169
2705.0 0.327759025424
2710.0 0.327762330508
2715.0 0.327767118644
2720.0 0.327770169492
2725.0 0.327774237288
2730.0 0.32777779661
2735.0 0.327782542373
2740.0 0.327785974576
2745.0 0.327789279661
2750.0 0.327793474576
2755.0 0.327796271186
2760.0 0.32780059322
2765.0 0.327803389831
2770.0 0.327807838983
2775.0 0.327810084746
2780.0 0.327814830508
2785.0 0.327816737288
2790.0 0.327821610169
2795.0 0.327823177966
2800.0 0.327827330508
2805.0 0.327830338983
2810.0 0.32783309322
2815.0 0.327837372881
2820.0 0.327839067797
2825.0 0.32784309322
2830.0 0.327845762712
2835.0 0.327848008475
2840.0 0.327851779661
2845.0 0.327853389831
2850.0 0.327857161017
2855.0 0.327858559322
2860.0 0.32786279661
2865.0 0.327863855932
2870.0 0.327866991525
2875.0 0.327869661017
2880.0 0.327871186441
2885.0 0.32787440678
2890.0 0.327876652542
2895.0 0.327878474576
2900.0 0.327881355932
2905.0 0.32788309322
2910.0 0.327885635593
2915.0 0.327887330508
2920.0 0.327889830508
2925.0 0.327891313559
2930.0 0.327893940678
2935.0 0.32789529661
2940.0 0.327897584746
2945.0 0.327899025424
2950.0 0.327901525424
2955.0 0.327902415254
2960.0 0.327904745763
2965.0 0.327906101695
2970.0 0.327908008475
2975.0 0.327909576271
2980.0 0.327911355932
2985.0 0.327912457627
2990.0 0.327914364407
2995.0 0.327915508475
3000.0 0.327917076271
3005.0 0.327918432203
3010.0 0.327919830508
3015.0 0.327921059322
3020.0 0.327922415254
3025.0 0.327923644068
3030.0 0.327924830508
3035.0 0.327925932203
3040.0 0.327927245763
3045.0 0.32792809322
3050.0 0.327929449153
3055.0 0.327930254237
3060.0 0.327931398305
3065.0 0.327932245763
3070.0 0.327933347458
3075.0 0.327934110169
3080.0 0.327935169492
3085.0 0.327935805085
3090.0 0.327936822034
3095.0 0.327937457627
3100.0 0.327938432203
3105.0 0.327938940678
3110.0 0.327939872881
3115.0 0.327940338983
3120.0 0.327941271186
3125.0 0.327941398305
3130.0 0.327942542373
3135.0 0.327942584746
3140.0 0.327943686441
3145.0 0.327943686441
3150.0 0.327944745763
3155.0 0.327944745763
3160.0 0.327945677966
3165.0 0.327945550847
3170.0 0.327946525424
3175.0 0.327946398305
3180.0 0.327947161017
3185.0 0.327947118644
3190.0 0.327947923729
3195.0 0.32794779661
3200.0 0.327948389831
3205.0 0.327948347458
3210.0 0.327948898305
3215.0 0.327948771186
3220.0 0.327949279661
3225.0 0.327949152542
3230.0 0.327949661017
3235.0 0.32794940678
3240.0 0.32795
3245.0 0.327949618644
3250.0 0.327950211864
3255.0 0.327949872881
3260.0 0.327950211864
3265.0 0.327949915254
3270.0 0.327950338983
3275.0 0.327949957627
3280.0 0.327950381356
3285.0 0.327949957627
3290.0 0.327950254237
3295.0 0.327949830508
3300.0 0.327950127119
3305.0 0.327949830508
3310.0 0.327949915254
3315.0 0.327949533898
3320.0 0.327949915254
3325.0 0.327949322034
3330.0 0.327949661017
3335.0 0.327948813559
3340.0 0.327949322034
3345.0 0.327948728814
3350.0 0.327948898305
3355.0 0.327948177966
3360.0 0.327948601695
3365.0 0.327947923729
3370.0 0.327948050847
3375.0 0.327947288136
3380.0 0.327947669492
3385.0 0.327946864407
3390.0 0.327947076271
3395.0 0.327946525424
3400.0 0.327946440678
3405.0 0.327945677966
3410.0 0.327946144068
3415.0 0.327945127119
3420.0 0.327945211864
3425.0 0.327944788136
3430.0 0.327944745763
3435.0 0.327943686441
3440.0 0.327944194915
3445.0 0.327943389831
3450.0 0.32794309322
3455.0 0.327942711864
3460.0 0.327942966102
3465.0 0.327941610169
3470.0 0.327941991525
3475.0 0.327941483051
3480.0 0.327941016949
3485.0 0.327940211864
3490.0 0.327940805085
3495.0 0.327939618644
3500.0 0.327939533898
3505.0 0.327939237288
3510.0 0.327939110169
3515.0 0.327937711864
3520.0 0.327938220339
3525.0 0.327937584746
3530.0 0.327936991525
3535.0 0.327936440678
3540.0 0.327936991525
3545.0 0.32793559322
3550.0 0.32793559322
3555.0 0.327935338983
3560.0 0.327935
3565.0 0.327933601695
3570.0 0.327934194915
3575.0 0.327933474576
3580.0 0.327932881356
3585.0 0.327932372881
3590.0 0.327932838983
3595.0 0.327931398305
3600.0 0.327931440678
3605.0 0.327931186441
3610.0 0.327930805085
3615.0 0.327929364407
3620.0 0.327929957627
3625.0 0.327929279661
3630.0 0.327928601695
3635.0 0.327928135593
3640.0 0.327928686441
3645.0 0.327927161017
3650.0 0.327927245763
3655.0 0.327926991525
3660.0 0.327926610169
3665.0 0.327925169492
3670.0 0.327925805085
3675.0 0.327925084746
3680.0 0.327924449153
3685.0 0.327923940678
3690.0 0.327924491525
3695.0 0.327923050847
3700.0 0.327923050847
3705.0 0.327922923729
3710.0 0.327922415254
3715.0 0.327921101695
3720.0 0.327921567797
3725.0 0.327921016949
3730.0 0.327920423729
3735.0 0.32792
3740.0 0.327920550847
3745.0 0.327919067797
3750.0 0.327919194915
3755.0 0.327918898305
3760.0 0.327918432203
3765.0 0.327917245763
3770.0 0.327917754237
3775.0 0.32791720339
3780.0 0.327916610169
3785.0 0.327916313559
3790.0 0.327916694915
3795.0 0.327915423729
3800.0 0.327915423729
3805.0 0.327915254237
3810.0 0.327914830508
3815.0 0.327913644068
3820.0 0.327914194915
3825.0 0.327913686441
3830.0 0.32791309322
3835.0 0.327912754237
3840.0 0.327913262712
3845.0 0.327911991525
3850.0 0.327911991525
3855.0 0.327911864407
3860.0 0.327911525424
3865.0 0.327910338983
3870.0 0.327910889831
3875.0 0.327910466102
3880.0 0.327909872881
3885.0 0.327909533898
3890.0 0.327910042373
3895.0 0.327908898305
3900.0 0.327908771186
3905.0 0.327908728814
3910.0 0.327908516949
3915.0 0.327907372881
3920.0 0.327907838983
3925.0 0.327907584746
3930.0 0.327906991525
3935.0 0.327906567797
3940.0 0.327907161017
3945.0 0.327906059322
3950.0 0.327905974576
3955.0 0.327905889831
3960.0 0.327905932203
3965.0 0.327904661017
3970.0 0.327905254237
3975.0 0.327904957627
3980.0 0.327904449153
3985.0 0.327903855932
3990.0 0.327904661017
3995.0 0.327903559322
4000.0 0.327903516949
4005.0 0.327903432203
4010.0 0.327903601695
4015.0 0.327902288136
4020.0 0.327902923729
4025.0 0.327902669492
4030.0 0.32790220339
4035.0 0.327901610169
4040.0 0.327902457627
4045.0 0.327901398305
4050.0 0.327901355932
4055.0 0.327901313559
4060.0 0.327901567797
4065.0 0.327900254237
4070.0 0.327900889831
4075.0 0.327900720339
4080.0 0.327900254237
4085.0 0.32789970339
4090.0 0.327900550847
4095.0 0.327899576271
4100.0 0.327899491525
4105.0 0.327899491525
4110.0 0.327899745763
4115.0 0.327898559322
4120.0 0.327899194915
4125.0 0.327899067797
4130.0 0.327898771186
4135.0 0.327897966102
4140.0 0.327898940678
4145.0 0.327898050847
4150.0 0.327897923729
4155.0 0.327897881356
4160.0 0.327898389831
4165.0 0.327897161017
4170.0 0.327897754237
4175.0 0.327897669492
4180.0 0.327897457627
4185.0 0.327896610169
4190.0 0.327897584746
4195.0 0.327896779661
4200.0 0.327896610169
4205.0 0.327896567797
4210.0 0.327897330508
4215.0 0.327896567797
4220.0 0.327897118644
4225.0 0.327896144068
4230.0 0.327896186441
4235.0 0.327896313559
4240.0 0.327895974576
4245.0 0.327896059322
4250.0 0.327895423729
4255.0 0.327895932203
4260.0 0.327896186441
4265.0 0.32789559322
4270.0 0.327896186441
4275.0 0.327895042373
4280.0 0.327896228814
4285.0 0.327895381356
4290.0 0.32789559322
4295.0 0.327895466102
4300.0 0.327895550847
4305.0 0.327895042373
4310.0 0.327895338983
4315.0 0.327895508475
4320.0 0.327895
4325.0 0.327895211864
4330.0 0.327895169492
4335.0 0.32789470339
4340.0 0.327894661017
4345.0 0.327894364407
4350.0 0.327894533898
4355.0 0.327894322034
4360.0 0.327894449153
4365.0 0.327894915254
4370.0 0.327894067797
4375.0 0.327895254237
4380.0 0.327893559322
4385.0 0.327895338983
4390.0 0.32789440678
4395.0 0.327894533898
4400.0 0.327894491525
4405.0 0.327894830508
4410.0 0.327893771186
4415.0 0.327894364407
4420.0 0.327893644068
4425.0 0.327894237288
4430.0 0.327894830508
4435.0 0.327892372881
4440.0 0.327895338983
4445.0 0.327893686441
4450.0 0.327894491525
4455.0 0.327896016949
4460.0 0.327893432203
4465.0 0.327896313559
4470.0 0.327893177966
4475.0 0.327895889831
4480.0 0.327893177966
4485.0 0.327893898305
4490.0 0.327893474576
4495.0 0.32789440678
4500.0 0.327894957627
4505.0 0.327893728814
4510.0 0.327894533898
4515.0 0.327893813559
4520.0 0.327894152542
4525.0 0.327893262712
4530.0 0.327894110169
4535.0 0.327894322034
4540.0 0.327894110169
4545.0 0.327893389831
4550.0 0.327895084746
4555.0 0.327893813559
4560.0 0.327893771186
4565.0 0.327893771186
4570.0 0.327893983051
4575.0 0.327894110169
4580.0 0.327894110169
4585.0 0.327893940678
4590.0 0.327894067797
4595.0 0.327894279661
4600.0 0.327894152542
4605.0 0.327893601695
4610.0 0.327893898305
4615.0 0.32789470339
4620.0 0.327894152542
4625.0 0.327893855932
4630.0 0.327894788136
4635.0 0.327893940678
4640.0 0.327893940678
4645.0 0.327894872881
4650.0 0.327893771186
4655.0 0.327894110169
4660.0 0.327895550847
4665.0 0.327894237288
4670.0 0.327893347458
4675.0 0.32789559322
4680.0 0.327893983051
4685.0 0.327894576271
4690.0 0.327893940678
4695.0 0.327895254237
4700.0 0.327893305085
4705.0 0.327895
4710.0 0.32789470339
4715.0 0.327894491525
4720.0 0.327894872881
4725.0 0.327895042373
4730.0 0.327894322034
4735.0 0.327894872881
4740.0 0.327895084746
4745.0 0.327894830508
4750.0 0.327894830508
4755.0 0.327894576271
4760.0 0.327894957627
4765.0 0.327895
4770.0 0.327895127119
4775.0 0.327895
4780.0 0.327894788136
4785.0 0.327894788136
4790.0 0.327894872881
4795.0 0.327895508475
4800.0 0.327895381356
4805.0 0.327895084746
4810.0 0.327895
4815.0 0.327895381356
4820.0 0.32789559322
4825.0 0.327895635593
4830.0 0.327894957627
4835.0 0.327895466102
4840.0 0.327895254237
4845.0 0.327895466102
4850.0 0.327895423729
4855.0 0.327895720339
4860.0 0.32789529661
4865.0 0.327895423729
4870.0 0.327895550847
4875.0 0.327895423729
4880.0 0.327895677966
4885.0 0.32789559322
4890.0 0.327895508475
4895.0 0.327895423729
4900.0 0.327896016949
4905.0 0.327895720339
4910.0 0.327896016949
4915.0 0.327895423729
4920.0 0.327895889831
4925.0 0.327895762712
4930.0 0.327896483051
4935.0 0.327895720339
4940.0 0.327896059322
4945.0 0.327895805085
4950.0 0.327896016949
4955.0 0.327895889831
4960.0 0.327895762712
4965.0 0.327896186441
4970.0 0.327896016949
4975.0 0.327896483051
4980.0 0.327896144068
4985.0 0.327896271186
4990.0 0.327896483051
4995.0 0.327896059322
5000.0 0.327896779661
5005.0 0.327896016949
5010.0 0.327896440678
5015.0 0.327896271186
5020.0 0.327896525424
5025.0 0.327896610169
5030.0 0.327896355932
5035.0 0.327896398305
5040.0 0.327896313559
5045.0 0.327896610169
5050.0 0.327896355932
5055.0 0.327896186441
5060.0 0.327896525424
5065.0 0.327896398305
5070.0 0.327896949153
5075.0 0.327896313559
5080.0 0.327896694915
5085.0 0.327896398305
5090.0 0.327896610169
5095.0 0.327896694915
5100.0 0.327896652542
5105.0 0.327896822034
5110.0 0.327896737288
5115.0 0.327896737288
5120.0 0.327896991525
5125.0 0.327896567797
5130.0 0.32789690678
5135.0 0.327896822034
5140.0 0.32789690678
5145.0 0.327896949153
5150.0 0.327896991525
5155.0 0.327896694915
5160.0 0.327897161017
5165.0 0.327896779661
5170.0 0.32789720339
5175.0 0.32789720339
5180.0 0.327897033898
5185.0 0.327897161017
5190.0 0.327897161017
5195.0 0.327897033898
5200.0 0.327897118644
5205.0 0.327897288136
5210.0 0.327897330508
5215.0 0.327897245763
5220.0 0.327897245763
5225.0 0.32789720339
5230.0 0.32789720339
5235.0 0.327897245763
5240.0 0.327897330508
5245.0 0.32789720339
5250.0 0.327897584746
5255.0 0.327897330508
5260.0 0.327897415254
5265.0 0.327897330508
5270.0 0.327897288136
5275.0 0.327897330508
5280.0 0.327897330508
5285.0 0.327897415254
5290.0 0.327897542373
5295.0 0.327897754237
5300.0 0.3278975
5305.0 0.327897627119
5310.0 0.327897627119
5315.0 0.327897372881
5320.0 0.327897711864
5325.0 0.3278975
5330.0 0.327897923729
5335.0 0.327897669492
5340.0 0.32789779661
5345.0 0.327897542373
5350.0 0.327897754237
5355.0 0.32789779661
5360.0 0.327897669492
5365.0 0.327897627119
5370.0 0.32789779661
5375.0 0.327897754237
5380.0 0.327897923729
5385.0 0.327897838983
5390.0 0.327897923729
5395.0 0.327897754237
5400.0 0.327897669492
5405.0 0.327897838983
5410.0 0.327898050847
5415.0 0.327897966102
5420.0 0.327897966102
5425.0 0.327897838983
5430.0 0.327897754237
5435.0 0.327897838983
5440.0 0.32789809322
5445.0 0.327898008475
5450.0 0.327898135593
5455.0 0.327897966102
5460.0 0.327897838983
5465.0 0.327897838983
5470.0 0.327898177966
5475.0 0.327898135593
5480.0 0.327898008475
5485.0 0.327897881356
5490.0 0.327898008475
5495.0 0.327898008475
5500.0 0.327898262712
5505.0 0.327898220339
5510.0 0.327898008475
5515.0 0.32789809322
5520.0 0.327898177966
5525.0 0.32789809322
5530.0 0.32789809322
5535.0 0.327898050847
5540.0 0.327898177966
5545.0 0.327898177966
5550.0 0.327898347458
5555.0 0.32789779661
5560.0 0.327898220339
5565.0 0.327897923729
5570.0 0.327898135593
5575.0 0.327898177966
5580.0 0.327898008475
5585.0 0.327898347458
5590.0 0.327898347458
5595.0 0.327898262712
5600.0 0.327898389831
5605.0 0.327898432203
5610.0 0.327898050847
5615.0 0.327898220339
5620.0 0.327898135593
5625.0 0.32789809322
5630.0 0.327898389831
5635.0 0.327898262712
5640.0 0.327898262712
5645.0 0.327898262712
5650.0 0.327898559322
5655.0 0.327898262712
5660.0 0.327898474576
5665.0 0.327898220339
5670.0 0.327898347458
5675.0 0.327898177966
5680.0 0.327898347458
5685.0 0.327898050847
5690.0 0.327898262712
5695.0 0.327898432203
5700.0 0.327898601695
5705.0 0.327898305085
5710.0 0.327898559322
5715.0 0.327898305085
5720.0 0.327898347458
5725.0 0.327898177966
5730.0 0.327898347458
5735.0 0.327898050847
5740.0 0.327898389831
5745.0 0.327898516949
5750.0 0.327898559322
5755.0 0.327898389831
5760.0 0.327898347458
5765.0 0.327898559322
5770.0 0.327898262712
5775.0 0.327898389831
5780.0 0.327898305085
5785.0 0.327898559322
5790.0 0.327898305085
5795.0 0.327898474576
5800.0 0.327898644068
5805.0 0.327898305085
5810.0 0.327898432203
5815.0 0.327898305085
5820.0 0.327898644068
5825.0 0.32789809322
5830.0 0.327898559322
5835.0 0.327898220339
5840.0 0.327898347458
5845.0 0.327898432203
5850.0 0.327898728814
5855.0 0.327898516949
5860.0 0.327898432203
5865.0 0.327898601695
5870.0 0.327898262712
5875.0 0.327898474576
5880.0 0.327898262712
5885.0 0.327898389831
5890.0 0.327898347458
5895.0 0.327898686441
5900.0 0.327898559322
5905.0 0.327898389831
5910.0 0.327898686441
5915.0 0.327898305085
5920.0 0.327898601695
5925.0 0.327898305085
5930.0 0.327898601695
5935.0 0.327898050847
5940.0 0.327898644068
5945.0 0.327898389831
5950.0 0.327898474576
5955.0 0.327898305085
5960.0 0.327898686441
5965.0 0.327898516949
5970.0 0.327898728814
5975.0 0.327898644068
5980.0 0.327898305085
5985.0 0.327898347458
5990.0 0.327898305085
5995.0 0.327898389831
6000.0 0.327898389831
6005.0 0.327898728814
6010.0 0.327898474576
6015.0 0.327898644068
6020.0 0.327898686441
6025.0 0.327898305085
6030.0 0.327898474576
6035.0 0.327898262712
6040.0 0.327898686441
6045.0 0.327898135593
6050.0 0.327898728814
6055.0 0.327898220339
6060.0 0.327898432203
6065.0 0.327898347458
6070.0 0.327898686441
6075.0 0.327898559322
6080.0 0.327898389831
6085.0 0.327898728814
6090.0 0.327898177966
6095.0 0.327898474576
6100.0 0.327898305085
6105.0 0.327898728814
6110.0 0.327898432203
6115.0 0.327898474576
6120.0 0.327898686441
6125.0 0.327898262712
6130.0 0.327898601695
6135.0 0.327898262712
6140.0 0.327898686441
6145.0 0.32789809322
6150.0 0.327898559322
6155.0 0.327898305085
6160.0 0.32789809322
6165.0 0.327898559322
6170.0 0.327898516949
6175.0 0.327898771186
6180.0 0.327898220339
6185.0 0.327898771186
6190.0 0.327898135593
6195.0 0.327898389831
6200.0 0.327898474576
6205.0 0.327898305085
6210.0 0.327898771186
6215.0 0.327898305085
6220.0 0.327898728814
6225.0 0.327898177966
6230.0 0.327898898305
6235.0 0.327898347458
6240.0 0.327898559322
6245.0 0.327898177966
6250.0 0.327898347458
6255.0 0.327898347458
6260.0 0.327898177966
6265.0 0.327898686441
6270.0 0.327898389831
6275.0 0.327898644068
6280.0 0.327898516949
6285.0 0.327898389831
6290.0 0.327898305085
6295.0 0.327898135593
6300.0 0.327898559322
6305.0 0.327898050847
6310.0 0.327898771186
6315.0 0.327898135593
6320.0 0.327898474576
6325.0 0.327898135593
6330.0 0.327898686441
6335.0 0.327898516949
6340.0 0.327898474576
6345.0 0.327898686441
6350.0 0.327898050847
6355.0 0.327898432203
6360.0 0.32789809322
6365.0 0.327898516949
6370.0 0.327898305085
6375.0 0.327898516949
6380.0 0.327898516949
6385.0 0.327898432203
6390.0 0.327898771186
6395.0 0.327898008475
6400.0 0.327898559322
6405.0 0.327898135593
6410.0 0.327898728814
6415.0 0.327898008475
6420.0 0.327898389831
6425.0 0.32789809322
6430.0 0.327898177966
6435.0 0.327898559322
6440.0 0.32789809322
6445.0 0.327898686441
6450.0 0.327898262712
6455.0 0.327898559322
6460.0 0.327898432203
6465.0 0.327898389831
6470.0 0.327898135593
6475.0 0.327898008475
6480.0 0.327898516949
6485.0 0.327897966102
6490.0 0.327898771186
6495.0 0.327897881356
6500.0 0.327898601695
6505.0 0.32789809322
6510.0 0.327898220339
6515.0 0.327898305085
6520.0 0.327898474576
6525.0 0.327898474576
6530.0 0.327898305085
6535.0 0.327898728814
6540.0 0.327897966102
6545.0 0.327898686441
6550.0 0.327897966102
6555.0 0.327898220339
6560.0 0.327898474576
6565.0 0.327898050847
6570.0 0.327898728814
6575.0 0.327897838983
6580.0 0.327898728814
6585.0 0.327898008475
6590.0 0.327898389831
6595.0 0.32789809322
6600.0 0.327898559322
6605.0 0.327898389831
6610.0 0.327898305085
6615.0 0.327898644068
6620.0 0.327898008475
6625.0 0.327898813559
6630.0 0.327897923729
6635.0 0.327898305085
6640.0 0.327898177966
6645.0 0.327897923729
6650.0 0.327898516949
6655.0 0.327897838983
6660.0 0.327898771186
6665.0 0.32789779661
6670.0 0.327898559322
6675.0 0.327898050847
6680.0 0.327898008475
6685.0 0.327898305085
6690.0 0.327898389831
6695.0 0.327898559322
6700.0 0.327898135593
6705.0 0.327898516949
6710.0 0.32789809322
6715.0 0.327898347458
6720.0 0.327898135593
6725.0 0.327898008475
6730.0 0.327898432203
6735.0 0.327897966102
6740.0 0.327898644068
6745.0 0.327897754237
6750.0 0.327898432203
6755.0 0.327897966102
6760.0 0.327898135593
6765.0 0.327898347458
6770.0 0.327897881356
6775.0 0.327898601695
6780.0 0.327898008475
6785.0 0.327898644068
6790.0 0.327898262712
6795.0 0.327898177966
6800.0 0.327898644068
6805.0 0.327897923729
6810.0 0.327898389831
6815.0 0.327897881356
6820.0 0.327898559322
6825.0 0.327897881356
6830.0 0.327898516949
6835.0 0.32789809322
6840.0 0.327898008475
6845.0 0.327898305085
6850.0 0.327897881356
6855.0 0.327898559322
6860.0 0.32789809322
6865.0 0.327898559322
6870.0 0.327898347458
6875.0 0.327898135593
6880.0 0.327898601695
6885.0 0.327897881356
6890.0 0.327898389831
6895.0 0.327897966102
6900.0 0.327898516949
6905.0 0.327897881356
6910.0 0.327898262712
6915.0 0.327898008475
6920.0 0.327897966102
6925.0 0.327898389831
6930.0 0.327897711864
6935.0 0.327898559322
6940.0 0.327898220339
6945.0 0.327898432203
6950.0 0.327898347458
6955.0 0.32789809322
6960.0 0.327898050847
6965.0 0.327897881356
6970.0 0.327898474576
6975.0 0.327897838983
6980.0 0.327898474576
6985.0 0.327897711864
6990.0 0.327898262712
6995.0 0.32789809322
7000.0 0.327897966102
7005.0 0.327898262712
7010.0 0.327898262712
7015.0 0.327898474576
7020.0 0.327898220339
7025.0 0.327898474576
7030.0 0.32789779661
7035.0 0.32789809322
7040.0 0.327898050847
7045.0 0.327898008475
7050.0 0.327898474576
7055.0 0.327897923729
7060.0 0.327898474576
7065.0 0.327898008475
7070.0 0.327898516949
7075.0 0.32789779661
7080.0 0.327898432203
7085.0 0.327898177966
7090.0 0.327898305085
7095.0 0.327898644068
7100.0 0.327897966102
7105.0 0.327898135593
7110.0 0.327897881356
7115.0 0.327898135593
7120.0 0.327898177966
7125.0 0.327898389831
7130.0 0.327898389831
7135.0 0.327898135593
7140.0 0.327898516949
7145.0 0.327897881356
7150.0 0.327898305085
7155.0 0.32789809322
7160.0 0.327898347458
7165.0 0.327897966102
7170.0 0.327898177966
7175.0 0.327898050847
7180.0 0.327898008475
7185.0 0.327898262712
7190.0 0.327898220339
7195.0 0.327898305085
7200.0 0.327898347458
7205.0 0.327898262712
7210.0 0.327898008475
7215.0 0.327897966102
7220.0 0.327898262712
7225.0 0.327898008475
7230.0 0.327898389831
7235.0 0.327898135593
7240.0 0.327898389831
7245.0 0.327897881356
7250.0 0.327898474576
7255.0 0.327898050847
7260.0 0.327898262712
7265.0 0.327897923729
7270.0 0.327898389831
7275.0 0.327897966102
7280.0 0.327898177966
7285.0 0.327898050847
7290.0 0.327898305085
7295.0 0.327898262712
7300.0 0.327898305085
7305.0 0.327898262712
7310.0 0.327898008475
7315.0 0.327898050847
7320.0 0.32789809322
7325.0 0.327898008475
7330.0 0.327898220339
7335.0 0.327898262712
7340.0 0.327898389831
7345.0 0.327898008475
7350.0 0.327898389831
7355.0 0.327897881356
7360.0 0.327898305085
7365.0 0.327897881356
7370.0 0.327898347458
7375.0 0.327898008475
7380.0 0.327898008475
7385.0 0.32789809322
7390.0 0.327898305085
7395.0 0.327898305085
7400.0 0.327898050847
7405.0 0.327898644068
7410.0 0.327897923729
7415.0 0.327898177966
7420.0 0.327897923729
7425.0 0.327898347458
7430.0 0.327898050847
7435.0 0.327898305085
7440.0 0.327898389831
7445.0 0.327898008475
7450.0 0.327898559322
7455.0 0.327897838983
7460.0 0.327898347458
7465.0 0.327897754237
7470.0 0.327898389831
7475.0 0.327897754237
7480.0 0.327898177966
7485.0 0.327898135593
7490.0 0.327897966102
7495.0 0.327898347458
7500.0 0.327898135593
7505.0 0.327898347458
7510.0 0.327897923729
7515.0 0.327898432203
7520.0 0.327897881356
7525.0 0.327898177966
7530.0 0.327898135593
7535.0 0.327897923729
7540.0 0.327898474576
7545.0 0.327898008475
7550.0 0.327898516949
7555.0 0.327897754237
7560.0 0.327898601695
7565.0 0.327898008475
7570.0 0.327898559322
7575.0 0.327898177966
7580.0 0.327898135593
7585.0 0.327898347458
7590.0 0.327897966102
7595.0 0.327898220339
7600.0 0.327897923729
7605.0 0.327898220339
7610.0 0.327897923729
7615.0 0.327898474576
7620.0 0.327898220339
7625.0 0.327898177966
7630.0 0.327898432203
7635.0 0.327897711864
7640.0 0.327898686441
7645.0 0.32789779661
7650.0 0.327898601695
7655.0 0.327897923729
7660.0 0.327898347458
7665.0 0.327898432203
7670.0 0.32789809322
7675.0 0.327898135593
7680.0 0.327897838983
7685.0 0.327898262712
7690.0 0.327897881356
7695.0 0.327898516949
7700.0 0.327898050847
7705.0 0.327898008475
7710.0 0.327898516949
7715.0 0.327898008475
7720.0 0.327898474576
7725.0 0.327897669492
7730.0 0.327898644068
7735.0 0.327897923729
7740.0 0.327898474576
7745.0 0.327898347458
7750.0 0.32789809322
7755.0 0.327898559322
7760.0 0.327897754237
7765.0 0.327898389831
7770.0 0.327897711864
7775.0 0.327898135593
7780.0 0.327898262712
7785.0 0.327897881356
7790.0 0.327898559322
7795.0 0.327897711864
7800.0 0.327898559322
7805.0 0.327897627119
7810.0 0.327898177966
7815.0 0.32789809322
7820.0 0.327897669492
7825.0 0.327898432203
7830.0 0.327898050847
7835.0 0.327898601695
7840.0 0.32789809322
7845.0 0.327898305085
7850.0 0.327898305085
7855.0 0.327898389831
7860.0 0.327898516949
7865.0 0.327897838983
7870.0 0.327898389831
7875.0 0.327897881356
7880.0 0.327898516949
7885.0 0.32789779661
7890.0 0.327898008475
7895.0 0.32789809322
7900.0 0.327897754237
7905.0 0.327898559322
7910.0 0.327897669492
7915.0 0.327898220339
7920.0 0.327897881356
7925.0 0.327898305085
7930.0 0.327898262712
7935.0 0.327898177966
7940.0 0.327898347458
7945.0 0.327898050847
7950.0 0.327898559322
7955.0 0.327897711864
7960.0 0.327898432203
7965.0 0.327897881356
7970.0 0.327898389831
7975.0 0.327898559322
7980.0 0.327898135593
7985.0 0.327898347458
7990.0 0.327897627119
7995.0 0.327898177966
8000.0 0.327898050847
8005.0 0.327898220339
8010.0 0.327898262712
8015.0 0.327897627119
8020.0 0.327898347458
8025.0 0.327898008475
8030.0 0.327898474576
8035.0 0.327897923729
8040.0 0.327898474576
8045.0 0.32789809322
8050.0 0.327898347458
8055.0 0.327898347458
8060.0 0.327897966102
8065.0 0.327898347458
8070.0 0.327897881356
8075.0 0.327898177966
8080.0 0.32789809322
8085.0 0.327898262712
8090.0 0.327898135593
8095.0 0.327898220339
8100.0 0.327898305085
8105.0 0.327897881356
8110.0 0.327898559322
8115.0 0.327897881356
8120.0 0.327898432203
8125.0 0.327898050847
8130.0 0.327898389831
8135.0 0.327897838983
8140.0 0.327898135593
8145.0 0.327898135593
8150.0 0.32789779661
8155.0 0.327898347458
8160.0 0.327898262712
8165.0 0.327898432203
8170.0 0.327898220339
8175.0 0.327898305085
8180.0 0.327897838983
8185.0 0.327898050847
8190.0 0.327898050847
8195.0 0.327897966102
8200.0 0.327898432203
8205.0 0.32789809322
8210.0 0.327898389831
8215.0 0.327897881356
8220.0 0.327898516949
8225.0 0.327898008475
8230.0 0.327898559322
8235.0 0.327898220339
8240.0 0.327898177966
8245.0 0.327898347458
8250.0 0.327897966102
8255.0 0.327898135593
8260.0 0.327897966102
8265.0 0.327898389831
8270.0 0.327897966102
8275.0 0.327898432203
8280.0 0.32789809322
8285.0 0.32789809322
8290.0 0.327898432203
8295.0 0.327897923729
8300.0 0.327898389831
8305.0 0.327897881356
8310.0 0.327898474576
8315.0 0.327897669492
8320.0 0.327898516949
8325.0 0.327897923729
8330.0 0.327898135593
8335.0 0.327898135593
8340.0 0.327897838983
8345.0 0.327898474576
8350.0 0.327898050847
8355.0 0.327898516949
8360.0 0.32789809322
8365.0 0.327898177966
8370.0 0.327898135593
8375.0 0.327897966102
8380.0 0.327898305085
8385.0 0.327897711864
8390.0 0.327898389831
8395.0 0.327897711864
8400.0 0.327898347458
8405.0 0.327898050847
8410.0 0.327897923729
8415.0 0.327898220339
8420.0 0.327898177966
8425.0 0.327898432203
8430.0 0.327898135593
8435.0 0.327898389831
8440.0 0.327897881356
8445.0 0.327898008475
8450.0 0.327898135593
8455.0 0.327897838983
8460.0 0.327898474576
8465.0 0.327897838983
8470.0 0.327898474576
8475.0 0.327898008475
8480.0 0.327898432203
8485.0 0.327897966102
8490.0 0.327898220339
8495.0 0.327898347458
8500.0 0.32789809322
8505.0 0.327898644068
8510.0 0.327897881356
8515.0 0.327898135593
8520.0 0.327898008475
8525.0 0.327897966102
8530.0 0.327898389831
8535.0 0.327898177966
8540.0 0.327898474576
8545.0 0.327897881356
8550.0 0.327898601695
8555.0 0.327897923729
8560.0 0.327898432203
8565.0 0.327898177966
8570.0 0.327898135593
8575.0 0.327898135593
8580.0 0.327898008475
8585.0 0.327898220339
8590.0 0.327897923729
8595.0 0.327898347458
8600.0 0.32789809322
8605.0 0.327898432203
8610.0 0.327898389831
8615.0 0.327898050847
8620.0 0.327898347458
8625.0 0.32789779661
8630.0 0.327898347458
8635.0 0.327897838983
8640.0 0.327898644068
8645.0 0.327897838983
8650.0 0.327898305085
8655.0 0.327898008475
8660.0 0.32789779661
8665.0 0.327898177966
8670.0 0.327898262712
8675.0 0.327898516949
8680.0 0.327898262712
8685.0 0.327898432203
8690.0 0.327897754237
8695.0 0.32789809322
8700.0 0.327897966102
8705.0 0.327898050847
8710.0 0.327898389831
8715.0 0.327898220339
8720.0 0.327898347458
8725.0 0.327897923729
8730.0 0.327898474576
8735.0 0.327897966102
8740.0 0.327898644068
8745.0 0.32789809322
8750.0 0.327898347458
8755.0 0.327897838983
8760.0 0.327898305085
8765.0 0.327897966102
8770.0 0.32789809322
8775.0 0.327898220339
8780.0 0.32789779661
8785.0 0.327898432203
8790.0 0.327898177966
8795.0 0.327898347458
8800.0 0.327898220339
8805.0 0.327898347458
8810.0 0.327897966102
8815.0 0.32789809322
8820.0 0.327898135593
8825.0 0.327897881356
8830.0 0.327898389831
8835.0 0.327898220339
8840.0 0.327898474576
8845.0 0.327897966102
8850.0 0.327898516949
8855.0 0.327897838983
8860.0 0.327898432203
8865.0 0.327898135593
8870.0 0.327898432203
8875.0 0.327897838983
8880.0 0.327898177966
8885.0 0.327897966102
8890.0 0.32789809322
8895.0 0.327898262712
8900.0 0.327898262712
8905.0 0.327898305085
8910.0 0.327898177966
8915.0 0.327898432203
8920.0 0.327897966102
8925.0 0.327898262712
8930.0 0.327897881356
8935.0 0.327898135593
8940.0 0.327898220339
8945.0 0.327898177966
8950.0 0.327898220339
8955.0 0.327898177966
8960.0 0.327898432203
8965.0 0.327897881356
8970.0 0.327898559322
8975.0 0.32789779661
8980.0 0.327898389831
8985.0 0.327898050847
8990.0 0.327898559322
8995.0 0.32789779661
9000.0 0.327898177966
9005.0 0.32789779661
9010.0 0.327898050847
9015.0 0.327898305085
9020.0 0.327898008475
9025.0 0.327898347458
9030.0 0.327898177966
9035.0 0.327898347458
9040.0 0.327898135593
9045.0 0.327898389831
9050.0 0.327897838983
9055.0 0.327898135593
9060.0 0.327898008475
9065.0 0.327897966102
9070.0 0.327898389831
9075.0 0.327897711864
9080.0 0.327898474576
9085.0 0.327898008475
9090.0 0.327898474576
9095.0 0.327897881356
9100.0 0.327898516949
9105.0 0.32789779661
9110.0 0.327898347458
9115.0 0.327898389831
9120.0 0.327898220339
9125.0 0.327898516949
9130.0 0.327897754237
9135.0 0.327898389831
9140.0 0.327897754237
9145.0 0.327898220339
9150.0 0.327898177966
9155.0 0.327897923729
9160.0 0.327898474576
9165.0 0.32789779661
9170.0 0.327898644068
9175.0 0.327897838983
9180.0 0.327898220339
9185.0 0.327897881356
9190.0 0.327898474576
9195.0 0.327898177966
9200.0 0.327898135593
9205.0 0.327898516949
9210.0 0.32789809322
9215.0 0.327898474576
9220.0 0.327897754237
9225.0 0.327898177966
9230.0 0.327898177966
9235.0 0.32789779661
9240.0 0.327898432203
9245.0 0.327897669492
9250.0 0.327898559322
9255.0 0.327897711864
9260.0 0.327898262712
9265.0 0.32789809322
9270.0 0.327897627119
9275.0 0.327898389831
9280.0 0.32789809322
9285.0 0.327898644068
9290.0 0.327898050847
9295.0 0.327898220339
9300.0 0.327898177966
9305.0 0.327897838983
9310.0 0.327898347458
9315.0 0.327897838983
9320.0 0.327898601695
9325.0 0.327897711864
9330.0 0.327898432203
9335.0 0.327897881356
9340.0 0.327897966102
9345.0 0.327898262712
9350.0 0.3278975
9355.0 0.327898601695
9360.0 0.32789809322
9365.0 0.327898559322
9370.0 0.327898220339
9375.0 0.327897966102
9380.0 0.327898389831
9385.0 0.327897669492
9390.0 0.327898516949
9395.0 0.327898008475
9400.0 0.327898601695
9405.0 0.327897754237
9410.0 0.327898177966
9415.0 0.327898050847
9420.0 0.327897838983
9425.0 0.327898474576
9430.0 0.327897627119
9435.0 0.327898601695
9440.0 0.32789809322
9445.0 0.327898262712
9450.0 0.327898389831
9455.0 0.327897881356
9460.0 0.327898559322
9465.0 0.327897669492
9470.0 0.327898516949
9475.0 0.327898135593
9480.0 0.327898432203
9485.0 0.327897966102
9490.0 0.327898050847
9495.0 0.327898177966
9500.0 0.32789779661
9505.0 0.327898559322
9510.0 0.32789779661
9515.0 0.327898474576
9520.0 0.327898389831
9525.0 0.327898177966
9530.0 0.327898559322
9535.0 0.327897754237
9540.0 0.327898728814
9545.0 0.327897881356
9550.0 0.327898432203
9555.0 0.327898389831
9560.0 0.327898135593
9565.0 0.327898177966
9570.0 0.327897838983
9575.0 0.327898347458
9580.0 0.327897881356
9585.0 0.327898305085
9590.0 0.327898262712
9595.0 0.327898220339
9600.0 0.327898516949
9605.0 0.327897838983
9610.0 0.327898644068
9615.0 0.327897881356
9620.0 0.327898601695
9625.0 0.327898220339
9630.0 0.327898220339
9635.0 0.327898474576
9640.0 0.327897838983
9645.0 0.327898220339
9650.0 0.327898008475
9655.0 0.327898135593
9660.0 0.327898177966
9665.0 0.327898347458
9670.0 0.327898432203
9675.0 0.327897966102
9680.0 0.327898559322
9685.0 0.327897838983
9690.0 0.327898516949
9695.0 0.32789809322
9700.0 0.327898305085
9705.0 0.327898050847
9710.0 0.32789809322
9715.0 0.32789809322
9720.0 0.327898008475
9725.0 0.327898347458
9730.0 0.327897923729
9735.0 0.327898347458
9740.0 0.327898305085
9745.0 0.327898220339
9750.0 0.327898305085
9755.0 0.327897966102
9760.0 0.327898177966
9765.0 0.327897966102
9770.0 0.327898516949
9775.0 0.327897881356
9780.0 0.327898305085
9785.0 0.327898008475
9790.0 0.327898432203
9795.0 0.327898008475
9800.0 0.327898347458
9805.0 0.327898177966
9810.0 0.327898220339
9815.0 0.327898050847
9820.0 0.327898135593
9825.0 0.327898050847
9830.0 0.327898050847
9835.0 0.327898305085
9840.0 0.327898305085
9845.0 0.327898220339
9850.0 0.327898305085
9855.0 0.32789809322
9860.0 0.327898177966
9865.0 0.327897966102
9870.0 0.327898432203
9875.0 0.32789779661
9880.0 0.327898389831
9885.0 0.327898008475
9890.0 0.327898516949
9895.0 0.327898008475
9900.0 0.327898516949
9905.0 0.327898135593
9910.0 0.327898220339
9915.0 0.327897966102
9920.0 0.32789809322
9925.0 0.327898050847
9930.0 0.327897966102
9935.0 0.327898432203
9940.0 0.327898220339
9945.0 0.327898389831
9950.0 0.327898262712
9955.0 0.327898177966
9960.0 0.327897923729
9965.0 0.327898050847
9970.0 0.327898389831
9975.0 0.327897881356
9980.0 0.327898474576
9985.0 0.327897923729
9990.0 0.327898516949
9995.0 0.327897669492
10000.0 0.327898601695
