/*--------------------------------*- C++ -*----------------------------------*\
| =========                 |                                                 |
| \\      /  F ield         | OpenFOAM: The Open Source CFD Toolbox           |
|  \\    /   O peration     | Version:  2.3.0                                 |
|   \\  /    A nd           | Web:      www.OpenFOAM.org                      |
|    \\/     M anipulation  |                                                 |
\*---------------------------------------------------------------------------*/
FoamFile
{
    version     2.0;
    format      ascii;
    class       volScalarField;
    location    "3000";
    object      p;
}
// * * * * * * * * * * * * * * * * * * * * * * * * * * * * * * * * * * * * * //

dimensions      [0 2 -2 0 0 0 0];

internalField   nonuniform List<scalar> 
6523
(
0.00108908
-1.14216
-1.47245
-0.873881
0.675677
3.41551
7.92935
15.2402
25.9421
38.079
49.3088
69.8777
19.5352
21.9022
25.4928
30.7019
37.8972
47.233
58.7281
72.2983
87.6864
104.455
122.339
140.817
35.7594
40.2233
45.6587
51.9486
59.0804
66.998
75.6232
84.8228
94.4093
104.176
113.935
123.491
47.5682
52.5713
58.3798
64.844
71.9466
79.5903
87.6603
96.0097
104.473
112.876
121.034
128.785
56.6107
61.4627
66.9157
72.7219
78.8863
85.3392
92.0174
98.8345
105.697
112.505
119.149
125.539
63.5967
67.9649
72.973
78.2211
83.7452
89.4865
95.3928
101.4
107.436
113.426
119.293
124.962
69.0928
72.7414
77.2505
81.9323
86.8438
91.9484
97.2026
102.561
107.959
113.334
118.635
123.797
72.8212
76.2004
80.3694
84.629
89.0442
93.6252
98.3908
103.327
108.349
113.352
118.245
122.999
76.3368
79.1302
82.7905
86.6237
90.6816
94.8901
99.3146
103.838
108.403
113.071
117.656
122.145
79.5994
81.7032
84.4972
87.7455
91.6807
96.2072
100.486
104.476
108.218
111.842
116.295
121.22
123.285
151.136
170.625
186.594
199.716
209.692
216.368
219.799
220.263
218.252
214.525
210.082
157.437
170.924
181.928
190.689
197.308
201.886
204.62
205.774
205.629
204.441
202.454
199.62
132.819
142.103
151.157
159.698
167.491
174.338
180.073
184.577
187.79
189.714
190.427
190.024
136.12
143.171
149.925
156.25
162.026
167.161
171.588
175.271
178.184
180.3
181.705
182.897
131.696
137.713
143.557
149.125
154.326
159.078
163.321
167.011
170.107
172.569
174.505
176.361
130.423
135.724
140.841
145.704
150.248
154.421
158.186
161.519
164.394
166.79
168.793
170.543
128.791
133.635
138.298
142.727
146.861
150.669
154.122
157.216
159.932
162.269
164.28
166.275
127.614
132.119
136.453
140.563
144.36
147.851
151.024
153.899
156.432
158.649
160.613
162.429
126.544
130.815
134.866
138.753
142.352
145.595
148.543
151.241
153.639
155.69
157.484
159.156
125.665
129.694
133.355
137.064
140.508
143.795
146.51
149.018
151.247
153.201
154.766
156.3
43.1017
42.2143
41.303
40.3998
39.5758
38.9092
38.4994
38.4227
38.7063
39.4024
40.8922
44.7632
46.1166
45.3633
44.6272
43.9547
43.4063
43.0542
43.0237
43.5123
44.7488
46.9446
50.1474
54.0036
49.1231
48.5795
48.0511
47.5965
47.2949
47.2576
47.6219
48.5149
50.0505
52.292
55.1712
58.3816
51.8983
51.5532
51.2209
50.9667
50.8857
51.085
51.6572
52.6763
54.1954
56.2125
58.6403
61.2746
54.4979
54.2749
54.0656
53.9555
54.0264
54.3568
55.0141
56.052
57.5018
59.3503
61.5238
63.867
56.64
56.6543
56.5369
56.5357
56.7091
57.1152
57.8068
58.83
60.2079
61.9336
63.9568
66.1384
58.7232
58.6807
58.7016
58.7782
59.0037
59.4408
60.1351
61.1322
62.4481
64.0684
65.9595
68.011
60.4593
60.5767
60.6197
60.7221
60.9679
61.412
62.0939
63.092
64.4077
65.9822
67.8266
69.8608
61.6172
62.1543
62.2706
62.3975
62.6378
63.0502
63.6568
64.6313
65.9204
67.3262
68.9532
70.8237
62.9161
63.4973
63.7405
63.9202
64.1872
64.5749
65.1427
66.6137
68.4384
69.8777
71.7653
74.3126
53.3885
57.5407
60.5657
63.5757
66.5778
69.4956
72.3347
75.1426
77.9675
80.8362
83.7311
86.5796
58.1634
60.5662
62.3359
64.3712
66.6699
69.1803
71.8235
74.5326
77.2654
80.0144
82.7484
85.3367
61.5126
64.2938
66.1971
67.9427
69.7553
71.6833
73.714
75.8336
78.0272
80.2971
82.6157
84.8226
63.9091
66.5023
68.377
70.0083
71.6696
73.3817
75.1395
76.9467
78.8036
80.7212
82.7297
84.7348
66.2126
68.475
70.1908
71.6451
73.1352
74.6676
76.2401
77.8523
79.5004
81.1816
82.9309
84.8137
68.3124
70.367
71.976
73.2923
74.6284
75.9908
77.3855
78.8113
80.2667
81.7442
83.2593
84.9009
70.0637
71.9961
73.5415
74.7652
75.9884
77.2224
78.4763
79.747
81.0352
82.335
83.6515
85.0522
71.8964
73.7171
75.0755
76.0949
77.1731
78.29
79.4323
80.5816
81.7369
82.8953
84.0644
85.2942
72.8196
74.6864
76.0741
77.0693
78.1086
79.1789
80.2531
81.3112
82.3611
83.4034
84.457
85.5568
76.8661
78.2832
78.3516
78.1887
78.9732
79.9893
81.022
81.986
82.9312
83.8692
84.8403
85.8636
-233.887
-214.025
-190.955
-172.262
-153.045
-131.885
-110.22
-89.1475
-69.4806
-52.1937
-37.8156
-26.9881
-132.567
-132.16
-130.364
-128.306
-126.248
-122.554
-116.237
-106.969
-94.6578
-79.9185
-64.0196
-49.7094
-137.694
-137.529
-137.376
-136.332
-133.882
-130.046
-124.623
-117.061
-107.103
-94.7933
-80.3853
-65.9013
-125.762
-125.679
-125.445
-125.029
-124.288
-122.919
-120.662
-117.086
-111.311
-102.644
-90.8712
-77.7027
-123.135
-123.103
-123.036
-122.845
-122.41
-121.527
-119.933
-117.33
-113.172
-106.731
-97.266
-85.888
-118.549
-118.52
-118.449
-118.3
-118.026
-117.532
-116.634
-115.069
-112.384
-107.851
-100.486
-91.1168
-115.333
-115.313
-115.272
-115.178
-114.99
-114.638
-113.994
-112.864
-110.94
-107.627
-101.9
-94.3201
-112.045
-112.03
-111.996
-111.923
-111.782
-111.527
-111.071
-110.261
-108.87
-106.462
-102.116
-96.1025
-109.067
-109.055
-109.03
-108.974
-108.866
-108.67
-108.321
-107.699
-106.629
-104.803
-101.508
-96.7661
-106.185
-106.175
-106.155
-106.111
-106.026
-105.873
-105.601
-105.118
-104.273
-102.832
-100.252
-96.3283
-103.416
-103.409
-103.394
-103.359
-103.292
-103.17
-102.954
-102.568
-101.885
-100.715
-98.6418
-95.4457
-100.714
-100.708
-100.696
-100.668
-100.613
-100.514
-100.337
-100.021
-99.4592
-98.4889
-96.7909
-94.1149
-98.0724
-98.0676
-98.0578
-98.0352
-97.9901
-97.9071
-97.7594
-97.496
-97.0272
-96.2122
-94.8058
-92.6687
-95.4879
-95.4838
-95.4759
-95.4574
-95.42
-95.3503
-95.2259
-95.0037
-94.6069
-93.912
-92.7247
-90.9587
-92.9444
-92.9414
-92.9363
-92.923
-92.8947
-92.8401
-92.7404
-92.5596
-92.2308
-91.6439
-90.6389
-89.1636
-90.4167
-90.4145
-90.4109
-90.4009
-90.3781
-90.3327
-90.2483
-90.0928
-89.8061
-89.2898
-88.3917
-86.9098
-87.9132
-87.9117
-87.9093
-87.9017
-87.8831
-87.8449
-87.7727
-87.6383
-87.3883
-86.9337
-86.1388
-84.9012
-85.4319
-85.4312
-85.4308
-85.4266
-85.4137
-85.3845
-85.3264
-85.2149
-85.0023
-84.6081
-83.9172
-82.8809
-82.9555
-82.9558
-82.9576
-82.9574
-82.951
-82.9317
-82.8889
-82.8011
-82.6246
-82.2808
-81.6519
-80.7706
-80.4709
-80.4721
-80.4757
-80.4788
-80.4774
-80.4658
-80.434
-80.3623
-80.2106
-79.9116
-79.3397
-78.2064
-77.9692
-77.9715
-77.978
-77.9862
-77.9925
-77.9924
-77.9777
-77.9313
-77.8165
-77.5737
-77.1364
-76.464
-75.4269
-75.4301
-75.4387
-75.4505
-75.4624
-75.4703
-75.4668
-75.4361
-75.3429
-75.1313
-74.7325
-73.9509
-72.8464
-72.8504
-72.861
-72.8764
-72.8937
-72.9095
-72.9175
-72.9037
-72.8358
-72.6569
-72.2806
-71.576
-70.2248
-70.2294
-70.2418
-70.2603
-70.2821
-70.3046
-70.3223
-70.3223
-70.2743
-70.1281
-69.8219
-69.1656
-67.5689
-67.574
-67.5876
-67.6082
-67.6333
-67.6607
-67.6855
-67.6964
-67.6638
-67.5353
-67.2447
-66.6891
-64.8885
-64.894
-64.9087
-64.931
-64.9586
-64.99
-65.0211
-65.0416
-65.0247
-64.9188
-64.6484
-64.0898
-62.1951
-62.2009
-62.2161
-62.2393
-62.2684
-62.3022
-62.3374
-62.3651
-62.3608
-62.2742
-62.0301
-61.5102
-59.5028
-59.5086
-59.524
-59.5475
-59.5771
-59.6119
-59.6491
-59.681
-59.6851
-59.6116
-59.3849
-58.9256
-56.8164
-56.8227
-56.8388
-56.8635
-56.8944
-56.9315
-56.9727
-57.0125
-57.0332
-56.994
-56.8232
-56.4421
-54.1469
-54.1529
-54.1683
-54.1917
-54.2205
-54.2539
-54.2896
-54.321
-54.3311
-54.2854
-54.1129
-53.4688
-51.5174
-51.5236
-51.5396
-51.564
-51.5944
-51.6299
-51.6684
-51.7046
-51.7233
-51.6869
-51.5486
-51.4539
-48.9158
-48.9223
-48.9393
-48.9656
-48.9991
-49.0389
-49.0826
-49.1244
-49.1506
-49.1368
-49.0429
-48.6053
-46.3226
-46.3303
-46.3502
-46.3811
-46.4217
-46.4721
-46.5312
-46.5952
-46.6515
-46.6668
-46.5878
-46.5317
-43.709
-43.717
-43.7381
-43.7713
-43.8155
-43.8716
-43.9393
-44.0152
-44.088
-44.1262
-44.0545
-43.6568
-41.0834
-41.0914
-41.1125
-41.1458
-41.1901
-41.2464
-41.3146
-41.3913
-41.4633
-41.4951
-41.4357
-41.1954
-38.4655
-38.4737
-38.4949
-38.5286
-38.5735
-38.6311
-38.7018
-38.784
-38.8677
-38.9232
-38.914
-38.9154
-35.8673
-35.8751
-35.8953
-35.9272
-35.9692
-36.0227
-36.0874
-36.1606
-36.2327
-36.2809
-36.2536
-35.8096
-33.3131
-33.3211
-33.3416
-33.3738
-33.4163
-33.4707
-33.5375
-33.6158
-33.6974
-33.7516
-33.7365
-33.8813
-30.7988
-30.8066
-30.8266
-30.8581
-30.8998
-30.9528
-31.0174
-31.0922
-31.1695
-31.2306
-31.2345
-30.9386
-28.3305
-28.3384
-28.3588
-28.391
-28.4339
-28.4891
-28.5573
-28.6381
-28.725
-28.7971
-28.8329
-28.9265
-25.8943
-25.9021
-25.9225
-25.9548
-25.9981
-26.0539
-26.1235
-26.2062
-26.2965
-26.377
-26.4254
-26.4006
-23.4928
-23.5008
-23.5211
-23.553
-23.5958
-23.6513
-23.7207
-23.804
-23.8966
-23.9833
-24.0388
-23.9975
-21.1331
-21.1409
-21.1606
-21.1917
-21.2332
-21.287
-21.3545
-21.4357
-21.5265
-21.6117
-21.6638
-21.6473
-18.8189
-18.8267
-18.8461
-18.8766
-18.9174
-18.9703
-19.0368
-19.1177
-19.2103
-19.3016
-19.3622
-19.3825
-16.5518
-16.5595
-16.5783
-16.6079
-16.6471
-16.6975
-16.7604
-16.8362
-16.9224
-17.0081
-17.0585
-16.9179
-14.3368
-14.3447
-14.3638
-14.3937
-14.4336
-14.4851
-14.5495
-14.6273
-14.7157
-14.8011
-14.8703
-15.0186
-12.1537
-12.162
-12.1823
-12.2141
-12.2568
-12.3124
-12.3825
-12.468
-12.5672
-12.6699
-12.7669
-12.9486
-9.98937
-9.99771
-10.0182
-10.0506
-10.0943
-10.1513
-10.223
-10.3101
-10.4108
-10.5196
-10.6155
-10.5152
-7.84739
-7.85584
-7.87656
-7.90942
-7.95402
-8.01247
-8.08659
-8.17745
-8.28308
-8.39145
-8.48749
-8.65927
-5.72631
-5.73478
-5.75556
-5.78838
-5.83305
-5.89185
-5.96685
-6.05934
-6.16832
-6.28335
-6.37799
-6.44331
-3.63329
-3.64176
-3.66214
-3.69413
-3.73741
-3.79438
-3.86709
-3.95698
-4.06355
-4.17976
-4.274
-4.20788
-1.58304
-1.59129
-1.61111
-1.64219
-1.6841
-1.73909
-1.80928
-1.89628
-1.99894
-2.1084
-2.21446
-2.3525
0.425602
0.417075
0.397107
0.365672
0.323307
0.26776
0.196705
0.108009
0.0012694
-0.116335
-0.234411
-0.452716
2.39968
2.39092
2.37089
2.33954
2.29738
2.24245
2.17283
2.08706
1.98426
1.86581
1.75196
1.84068
4.33964
4.33046
4.30944
4.27661
4.23218
4.174
4.09981
4.00726
3.89537
3.77256
3.65693
3.42366
6.26704
6.25738
6.23545
6.20126
6.15508
6.09462
6.01771
5.92222
5.80764
5.68451
5.58535
5.45122
8.17753
8.16763
8.14514
8.11005
8.06261
8.00066
7.92216
7.82518
7.70823
7.57447
7.45585
7.51268
10.0733
10.0629
10.0393
10.0024
9.95241
9.88694
9.80373
9.70052
9.57561
9.43508
9.30567
9.1517
11.9618
11.9509
11.9265
11.8885
11.837
11.7696
11.6839
11.5779
11.4504
11.3105
11.2063
11.1888
13.8342
13.8229
13.7979
13.7592
13.7068
13.6382
13.5513
13.4441
13.315
13.1709
13.0591
13.1051
15.6851
15.6733
15.6471
15.6068
15.5522
15.4809
15.3903
15.2784
15.1442
14.9925
14.8422
14.684
17.5188
17.5064
17.4792
17.4372
17.3804
17.3064
17.2126
17.0976
16.9608
16.8074
16.661
16.5784
19.3373
19.3242
19.2957
19.2514
19.1913
19.1127
19.013
18.8905
18.7441
18.5793
18.4273
18.3317
21.149
21.1342
21.1038
21.0573
20.9947
20.9131
20.8102
20.6848
20.5369
20.3711
20.2228
20.2875
22.9379
22.9221
22.8894
22.8396
22.7723
22.6848
22.5742
22.4389
22.2794
22.1052
21.94
21.6912
24.7263
24.7089
24.6731
24.6186
24.5453
24.4503
24.3312
24.1872
24.0196
23.8339
23.6586
23.6582
26.5222
26.5013
26.4601
26.3981
26.3147
26.2072
26.0735
25.9136
25.7307
25.5334
25.3343
25.1485
28.3413
28.3171
28.2689
28.1965
28.0993
27.9743
27.82
27.6381
27.4355
27.225
27.0149
26.7967
30.2011
30.1731
30.1164
30.0318
29.9177
29.7712
29.5921
29.385
29.1618
28.9417
28.7551
28.7337
32.107
32.0732
32.003
31.8992
31.7597
31.5822
31.3679
31.1255
30.8726
30.6357
30.4562
30.4303
34.07
34.0303
33.9393
33.8046
33.626
33.4028
33.1409
32.8567
32.5787
32.343
32.194
32.3019
35.9937
35.9517
35.8455
35.6765
35.4494
35.1698
34.8523
34.5253
34.2312
34.0204
33.9463
34.0999
37.9535
37.8559
37.698
37.4472
37.1242
36.7541
36.3718
36.0236
35.7639
35.6463
35.7143
36.0361
40.593
40.2072
39.8473
39.4195
38.928
38.4079
37.9251
37.5489
37.3433
37.3539
37.6024
38.1305
41.6925
39.7122
38.4023
37.7112
37.4366
37.3847
37.4919
37.7412
38.1344
38.683
39.3957
40.3037
393.478
385.459
372.863
356.527
337.48
316.708
295.597
275.599
257.813
242.684
230.265
220.133
281.121
282.42
281.916
280.313
277.813
274.137
268.929
262.021
253.53
243.885
233.96
225.071
259.28
260.351
260.362
260.029
259.097
257.381
254.721
250.981
246.035
239.805
232.557
225.238
263.266
262.842
261.554
259.935
257.832
255.158
251.825
247.768
242.937
237.276
230.874
224.287
251.469
251.119
250.497
249.654
248.449
246.801
244.597
241.722
238.068
233.547
228.2
222.488
239.642
239.503
239.304
238.944
238.361
237.479
236.193
234.379
231.9
228.616
224.465
219.791
232.293
232.192
232.03
231.722
231.254
230.564
229.574
228.187
226.287
223.735
220.407
216.443
226.235
226.152
226.006
225.741
225.348
224.778
223.967
222.839
221.294
219.213
216.465
213.102
220.454
220.395
220.288
220.089
219.793
219.356
218.728
217.84
216.607
214.923
212.662
209.842
215.266
215.224
215.143
214.991
214.76
214.418
213.922
213.214
212.224
210.857
208.996
206.627
210.689
210.656
210.589
210.463
210.273
209.989
209.578
208.992
208.169
207.028
205.456
203.377
206.535
206.51
206.454
206.349
206.189
205.95
205.604
205.11
204.413
203.444
202.103
200.304
202.715
202.695
202.648
202.559
202.424
202.221
201.928
201.508
200.914
200.086
198.93
197.346
199.179
199.165
199.127
199.052
198.936
198.764
198.513
198.153
197.644
196.936
195.947
194.556
195.897
195.89
195.857
195.792
195.693
195.543
195.326
195.015
194.575
193.964
193.122
191.912
192.831
192.827
192.799
192.742
192.655
192.523
192.332
192.058
191.67
191.124
190.364
189.289
189.95
189.948
189.923
189.873
189.796
189.679
189.51
189.267
188.923
188.441
187.771
186.845
187.232
187.23
187.208
187.164
187.095
186.991
186.84
186.622
186.314
185.882
185.275
184.397
184.657
184.656
184.636
184.597
184.535
184.442
184.305
184.108
183.829
183.435
182.881
182.061
182.213
182.211
182.194
182.159
182.103
182.018
181.894
181.716
181.463
181.106
180.609
179.874
179.884
179.883
179.867
179.836
179.785
179.709
179.597
179.436
179.208
178.886
178.44
177.784
177.658
177.657
177.644
177.617
177.571
177.502
177.401
177.255
177.049
176.758
176.354
175.76
175.525
175.524
175.514
175.489
175.448
175.385
175.293
175.162
174.975
174.713
174.349
173.818
173.473
173.473
173.465
173.443
173.406
173.349
173.265
173.145
172.976
172.739
172.409
171.915
171.494
171.495
171.488
171.469
171.435
171.383
171.306
171.197
171.042
170.825
170.522
170.039
169.583
169.584
169.578
169.56
169.529
169.481
169.411
169.31
169.167
168.968
168.696
168.25
167.731
167.732
167.726
167.711
167.682
167.637
167.571
167.477
167.344
167.158
166.906
166.477
165.933
165.934
165.929
165.914
165.887
165.845
165.784
165.696
165.571
165.396
165.168
164.814
164.186
164.186
164.181
164.167
164.142
164.102
164.045
163.962
163.845
163.679
163.458
163.189
162.479
162.48
162.475
162.463
162.44
162.404
162.35
162.273
162.164
162.008
161.794
161.583
160.819
160.819
160.815
160.803
160.781
160.747
160.697
160.626
160.525
160.381
160.178
160.026
159.197
159.197
159.192
159.181
159.161
159.129
159.082
159.015
158.922
158.792
158.599
158.47
157.608
157.608
157.603
157.593
157.574
157.543
157.499
157.436
157.347
157.223
157.033
156.898
156.042
156.042
156.039
156.031
156.014
155.986
155.944
155.884
155.799
155.682
155.499
155.342
154.512
154.512
154.509
154.501
154.485
154.458
154.419
154.363
154.283
154.174
154.005
153.875
153.008
153.009
153.006
152.999
152.984
152.959
152.922
152.87
152.795
152.694
152.537
152.411
151.528
151.528
151.525
151.52
151.506
151.483
151.449
151.4
151.331
151.238
151.098
151.024
150.068
150.068
150.066
150.06
150.048
150.026
149.994
149.949
149.885
149.799
149.665
149.599
148.621
148.622
148.62
148.616
148.605
148.585
148.555
148.512
148.452
148.371
148.241
148.17
147.194
147.195
147.193
147.189
147.178
147.159
147.131
147.09
147.032
146.954
146.828
146.756
145.782
145.783
145.781
145.777
145.766
145.748
145.721
145.682
145.626
145.552
145.43
145.355
144.382
144.383
144.381
144.377
144.367
144.35
144.324
144.287
144.236
144.168
144.059
144.008
142.988
142.988
142.987
142.984
142.976
142.96
142.937
142.904
142.857
142.796
142.699
142.685
141.603
141.604
141.602
141.6
141.592
141.578
141.556
141.526
141.483
141.428
141.334
141.323
140.225
140.226
140.224
140.221
140.214
140.2
140.18
140.151
140.11
140.059
139.971
139.949
138.849
138.849
138.847
138.844
138.837
138.824
138.805
138.777
138.739
138.69
138.604
138.582
137.473
137.473
137.471
137.468
137.462
137.45
137.431
137.405
137.369
137.324
137.245
137.213
136.093
136.094
136.092
136.09
136.084
136.073
136.056
136.033
136
135.959
135.888
135.878
134.714
134.714
134.712
134.71
134.705
134.695
134.68
134.658
134.629
134.593
134.531
134.521
133.33
133.33
133.328
133.326
133.321
133.312
133.298
133.278
133.252
133.22
133.165
133.159
131.937
131.937
131.935
131.933
131.929
131.921
131.908
131.89
131.866
131.838
131.788
131.791
130.529
130.529
130.528
130.527
130.525
130.518
130.507
130.493
130.473
130.451
130.412
130.45
129.114
129.114
129.112
129.111
129.109
129.104
129.095
129.083
129.067
129.051
129.019
129.069
127.682
127.682
127.68
127.679
127.678
127.674
127.666
127.656
127.644
127.633
127.607
127.667
126.227
126.227
126.226
126.226
126.225
126.222
126.216
126.209
126.2
126.195
126.177
126.255
124.752
124.752
124.75
124.75
124.75
124.748
124.744
124.739
124.734
124.735
124.722
124.816
123.246
123.246
123.246
123.246
123.247
123.247
123.245
123.244
123.244
123.252
123.249
123.374
121.713
121.713
121.712
121.713
121.715
121.716
121.717
121.719
121.725
121.742
121.748
121.883
120.144
120.144
120.143
120.144
120.147
120.15
120.153
120.159
120.171
120.197
120.217
120.368
118.532
118.532
118.531
118.532
118.536
118.541
118.548
118.559
118.578
118.615
118.652
118.837
116.869
116.869
116.869
116.871
116.876
116.884
116.894
116.912
116.94
116.992
117.049
117.279
115.144
115.145
115.146
115.149
115.156
115.167
115.183
115.208
115.247
115.313
115.389
115.672
113.359
113.359
113.359
113.362
113.372
113.386
113.407
113.439
113.491
113.577
113.677
114.023
111.505
111.502
111.499
111.501
111.511
111.527
111.553
111.595
111.66
111.766
111.883
112.251
109.512
109.515
109.519
109.527
109.543
109.568
109.604
109.659
109.743
109.876
110.028
110.386
107.439
107.44
107.442
107.45
107.47
107.501
107.549
107.621
107.73
107.9
108.11
108.496
105.245
105.243
105.242
105.25
105.272
105.311
105.371
105.463
105.604
105.82
106.104
106.521
102.838
102.841
102.847
102.863
102.896
102.95
103.031
103.154
103.337
103.61
103.98
104.444
100.245
100.247
100.253
100.273
100.316
100.388
100.498
100.664
100.906
101.26
101.75
102.332
97.3906
97.3899
97.3969
97.4229
97.4803
97.578
97.7282
97.9533
98.2809
98.7466
99.3898
100.13
94.1319
94.1393
94.1577
94.2023
94.2896
94.4333
94.6499
94.9677
95.4203
96.0446
96.8921
97.8408
90.3955
90.4002
90.4278
90.495
90.6286
90.8467
91.1723
91.6385
92.2807
93.1304
94.2494
95.524
85.9111
85.9428
85.9861
86.1052
86.3306
86.6883
87.2065
87.9177
88.8521
90.0204
91.4597
93.1636
80.1811
80.0848
80.2291
80.5233
80.9968
81.6814
82.5928
83.7446
85.1457
86.7817
88.6418
90.7396
71.874
72.2731
72.8229
73.541
74.5818
75.9308
77.5468
79.3963
81.4541
83.6865
86.059
88.5774
93.3736
37.5834
11.9964
56.8725
105.594
101.14
-62.6252
111.577
62.5542
33.5526
52.4735
102.384
97.9274
61.2655
48.0584
122.237
-15.4565
75.6821
13.1149
138.7
83.6197
109.954
62.8248
118.734
99.1683
124.793
31.3727
110.952
87.7816
82.1149
23.6455
144.756
58.901
102.277
91.4736
101.504
95.4588
119.062
52.9463
96.2248
99.4195
111.083
-32.3969
54.3632
40.9453
-51.5789
37.4956
82.3245
94.9803
102.349
89.5647
148.204
-57.0566
111.024
29.3332
61.9876
90.9697
117.569
35.9882
85.552
93.9667
102.396
98.1123
155.983
145.993
62.3449
55.1324
54.4215
96.555
105.684
101.197
153.382
121.224
34.1655
84.3062
-21.2594
87.3711
34.866
76.4253
90.5795
61.6284
16.9684
-19.0942
90.1623
100.061
-18.0899
11.9535
102.705
93.094
17.7476
30.3607
16.4496
150.53
88.0507
116.02
151.859
93.892
103.649
20.9855
62.3042
101.796
111.777
71.4781
-53.2363
-2.24898
108.754
71.4823
106.23
94.5428
4.62676
-69.9962
89.7298
107.253
110.201
67.9285
71.2813
92.8149
99.8636
109.6
-39.8252
109.654
108.89
139.218
97.3464
98.7493
82.5274
42.563
56.9252
7.92943
141.843
-19.7481
89.0641
-6.86339
64.4123
34.1296
89.1249
-50.5759
115.439
73.7877
111.889
167.665
-11.9504
16.4831
106.597
109.212
83.3013
105.615
-9.45725
54.3453
85.1967
52.3277
-4.38674
-76.7382
98.1295
-44.6449
82.3762
101.493
124.587
61.1987
94.9719
58.3089
88.1679
103.125
-12.4654
76.0944
110.966
-27.3667
102.832
108.709
129.711
104.862
90.9365
108.354
103.247
127.221
107.213
110.319
115.175
82.577
61.6706
93.4216
75.0423
147.071
108.642
97.7122
25.0571
78.9054
-51.4484
89.0257
101.848
124.564
-21.6134
26.121
88.3659
109.471
90.8346
117.832
89.9286
185.146
28.8353
78.5537
10.3221
42.6102
6.1145
96.8872
1.36603
24.0924
79.6677
-0.575961
138.98
-2.12689
119.696
106.736
107.638
88.1498
92.9981
29.328
57.6252
47.2719
-12.9242
38.6578
100.67
34.3038
79.3276
14.0146
114.241
108.348
99.7152
141.086
113.111
96.5712
92.0116
98.9697
-45.3907
196.852
145.624
94.9744
105.623
97.1816
15.805
123.81
95.072
101.071
113.086
76.7261
102.825
102.386
64.0802
163.29
-46.8776
-16.4934
167.011
121.081
131.807
68.2799
121.84
42.2743
107.464
125.536
-12.9673
8.33789
-6.40526
15.3324
92.2333
-30.3082
49.4234
37.2104
100.043
87.4158
79.7673
20.408
23.2205
106.109
107.458
92.2659
93.2882
-38.5346
120.343
109.115
92.0674
107.373
-6.14281
98.4857
102.381
125.482
91.4826
106.211
95.5265
49.5183
113.97
49.442
129.663
85.6574
109.203
92.6029
98.6245
88.2833
113.651
125.696
119.458
84.1966
104.672
102.29
100.912
150.394
97.5139
88.7506
92.6196
115.224
106.005
164.321
105.158
103.7
-20.7104
15.6665
78.0777
81.746
88.215
78.5899
76.4856
0.612951
-40.1099
102.418
96.0115
57.9671
98.7274
46.8922
137.773
50.3471
95.9137
88.5606
100.311
106.571
80.8728
74.478
55.4458
114.108
80.6944
116.324
-55.3212
24.8765
25.0776
96.2663
120.806
91.2128
-18.8331
106.663
47.623
105.867
99.3424
26.9031
160.603
108.292
196.424
-21.0788
91.2401
99.059
108.159
49.4179
-13.6228
-49.8539
87.7763
18.5007
100.74
112.819
-21.3472
111.611
128.562
105.981
91.9613
4.76838
108.355
52.2991
-37.1417
116.146
106.971
23.8461
107.376
136.331
50.3972
60.7027
48.106
98.0804
115.136
93.9229
98.2584
117.311
18.629
103.744
59.5242
158.627
81.4691
108.842
36.5648
147.612
56.8832
74.6112
91.7343
16.5181
185.237
195.669
129.844
104.085
109.031
60.9189
84.1844
37.4602
180.27
-33.3057
63.2725
99.0542
108.244
103.527
137.151
176.412
96.4291
107.475
105.789
90.4695
116.925
106.461
142.175
108.577
102.546
103.849
94.5238
121.628
13.0293
-1.81797
207.742
-56.5017
133.775
83.7053
136.417
76.3636
-30.8813
129.198
94.4789
91.1279
92.5554
99.192
98.3286
129.1
72.9203
-48.2554
101.591
105.897
26.2143
-62.5104
68.9833
67.1969
79.5112
-31.4219
69.5104
19.5387
91.8208
48.2226
76.3588
125.712
118.825
29.1354
53.0804
102.298
116.549
125.639
101.603
68.3398
105.451
107.564
95.7898
117.05
133.182
84.569
63.0623
108.252
116.517
90.4082
100.484
142.262
101.854
105.4
139.015
92.3944
91.3309
90.985
102.912
-28.9054
160.567
109.125
55.7168
102.977
99.0235
94.1989
90.3289
77.5977
109.131
-48.7734
84.5901
24.7227
22.697
91.5044
156.333
-17.0622
21.764
99.4054
92.0994
17.0383
87.406
132.012
87.8388
55.264
113.793
97.0127
85.597
141.224
28.5887
116.4
25.0478
160.335
105.068
70.3815
106.848
107.584
76.4214
100.207
108.068
67.5323
108.586
89.7887
95.0851
136.749
107.39
91.8453
105.529
81.4994
99.5034
79.0249
60.4645
99.2195
-14.4886
101.552
86.3911
130.651
-3.86033
105.794
154.701
193.455
90.2056
-34.9107
136.416
75.881
40.3916
120.442
-0.118844
102.934
99.6497
-6.1429
63.0851
134.311
49.5491
118.093
172.901
51.5401
120.413
118.007
91.9208
137.541
107.476
105.192
21.6323
91.0642
59.4283
110.5
110.795
-67.8562
146.45
11.9196
126.991
27.6953
148.078
96.3862
101.086
-83.4526
98.5105
89.861
66.0986
93.4688
112.858
104.415
102.675
85.5337
127.683
89.8234
6.73854
28.021
110.269
90.6216
111.392
101.841
73.2059
148.851
105.867
126.553
136.748
107.032
79.4407
92.504
22.5029
31.8836
139.3
78.6562
2.63382
36.0496
-16.2399
91.5497
90.3475
175.402
92.5714
-24.0512
182.585
128.532
93.5932
81.3924
94.453
23.6222
59.9406
69.0691
-15.5739
163.063
138.344
89.5738
150.81
-72.7072
-32.5641
83.6795
104.057
86.9627
107.609
57.7365
95.551
61.3877
137.05
93.2924
119.381
59.9047
-42.2399
74.0379
91.5794
44.8448
46.0048
-33.887
90.1969
19.9763
106.75
96.9579
80.3001
119.223
-22.0029
97.2248
56.9722
-14.9018
85.4782
100.365
120.228
107.622
96.3351
137.247
107.442
41.7066
104.212
56.1501
86.0444
110.314
131.803
66.0972
98.1897
22.8549
124.29
-4.90485
91.2785
93.0342
24.2978
143.304
125.621
95.0569
114.892
97.1321
104.415
-51.7263
163.469
11.7814
60.9282
99.5804
128.083
26.5805
118.216
130.32
113.743
71.6017
121.118
98.6071
-44.6751
106.921
161.762
134.85
89.7528
89.6302
105.309
108.622
63.9179
33.5817
90.5735
78.0615
90.6808
98.1616
115.846
106.638
90.8084
97.1465
186.931
19.4592
37.968
102.228
43.2477
15.6477
-25.5268
96.9861
72.116
104.111
-9.46883
92.8925
109.407
104.266
-16.152
111.928
105.131
100.879
87.5557
127.41
98.233
27.4758
-3.08984
96.8476
94.0453
96.8717
94.2822
98.9589
89.7703
107.26
194.862
117.335
71.9192
110.118
182.28
164.737
52.614
115.656
122.94
127.614
111.059
-33.969
22.0821
75.6271
82.8433
121.668
101.752
139.528
107.347
-35.9761
90.8401
89.3181
67.7984
90.8216
-13.5959
35.2689
130.229
107.324
105.018
114.402
103.059
170.87
40.3784
51.5588
38.9155
100.968
100.465
27.6642
91.8289
92.3675
-29.4693
-4.92204
75.5472
84.9743
86.1182
106.922
102.767
73.7836
71.7805
-15.2566
105.524
69.1528
65.8137
104.288
51.8554
29.2381
89.9318
117.752
98.4002
105.685
84.6623
104.138
91.1029
100.364
85.2545
104.357
106.698
102.124
102.835
106.413
104.101
166.234
107.661
110.216
142.969
67.6731
59.8539
160.146
86.2772
18.2466
12.3022
78.7411
116.78
55.2635
117.298
73.7541
158.761
97.1769
93.9606
117.467
-35.9963
125.695
-3.73009
52.2386
142.416
92.5829
106.079
83.6834
90.9998
114.19
2.99289
141.419
100.775
113.4
106.393
153.752
102.249
129.579
114.711
89.7404
108.476
117.421
21.185
74.2621
120.873
171.803
63.9504
97.3316
59.2123
118.375
133.766
136.36
100.846
39.2729
23.6968
-32.793
105.567
103.035
103.932
115.322
107.017
31.1109
52.4879
160.904
109.426
199.196
69.869
34.0227
136.048
49.7094
130.436
96.8183
13.7611
80.5524
100.651
126.109
10.345
37.9444
93.9739
103.053
96.4964
107.288
36.5425
53.8163
74.4444
-12.1052
95.4048
-34.1958
0.313305
91.745
22.1867
116.614
108.37
112.331
156.605
108.067
89.506
43.5742
50.2133
103.841
44.5455
-8.80999
94.7636
49.3241
104.123
21.276
-15.8272
-6.19161
88.3643
89.0491
108.579
-28.0222
156.732
92.231
72.2142
114.599
175.379
134.171
97.566
52.1168
108.409
9.74834
66.9997
-7.04793
123.603
129.361
194.543
92.2034
146.275
118.356
62.7452
105.547
149.571
106.528
112.283
104.835
104.481
112.468
69.3182
100.493
-1.27697
18.0137
92.6532
100.258
16.8434
75.091
107.649
-25.6081
93.769
-6.2195
169.43
111.734
115.965
83.0942
115.999
-17.7377
72.1084
47.4712
121.554
97.0756
67.4043
135.985
15.5577
87.4865
109.303
-44.9079
134.471
128.715
93.4325
124.024
92.3886
194.725
107.725
89.869
98.1677
107.556
95.6118
171.277
103.907
163.526
-8.88714
89.3379
-4.16128
115.561
105.248
111.36
57.1678
168.732
166.241
94.1157
53.6261
103.731
85.6075
39.159
99.7697
-47.6373
140.395
89.088
6.56887
130.151
-48.1908
-48.3469
26.6523
51.4417
93.0322
92.8183
56.9288
104.043
83.6244
35.2355
67.8605
179.917
94.977
-5.35379
102.121
40.2023
-52.9993
78.8824
69.2905
91.3688
-19.9612
-48.763
57.6339
153.721
88.689
88.6891
164.791
66.2431
40.4329
69.8402
-21.877
-21.0291
95.7948
109.53
97.5893
39.2561
67.1072
101.048
67.4797
70.2238
94.5129
105.835
166.156
111.357
71.0369
90.1068
58.3409
152.341
112.88
124.986
60.0472
122.553
17.0606
77.4563
49.1703
104.868
-25.4319
135.836
122.519
97.4037
106.603
-68.5399
102.497
93.3094
40.8568
139.136
118.463
123.265
119.301
107.244
102.839
104.557
107.422
188.85
99.4455
111.932
-61.8242
202.88
76.7191
-66.9212
89.1698
-13.1504
-42.5999
57.5429
118.668
96.064
71.9502
50.6149
-38.9332
44.2833
74.9553
95.9619
106.691
129.622
103.389
183.606
104.01
-31.4046
103.493
93.6537
101.3
76.5074
2.48871
95.769
140.709
14.5157
160.539
90.7457
145.13
-15.1416
99.1165
83.2445
171.37
141.619
110.162
98.5968
26.1021
-2.47434
91.896
107.174
54.9704
134.741
189.954
76.2521
94.0268
106.538
-9.51644
-38.3936
67.7811
115.222
98.9001
101.408
93.2355
128.891
9.44289
90.6485
102.221
41.2188
17.1837
122.375
-10.8982
129.803
70.6672
104.67
24.3899
104.257
-87.9294
99.3422
95.3128
68.7978
65.049
111.96
88.5745
99.6578
-2.10032
216.187
85.2858
77.3807
95.3552
89.9344
95.7245
118.505
105.893
106.687
49.8607
-78.699
99.525
93.7982
138.661
95.1915
111.833
91.1982
97.4312
62.0753
113.611
54.9901
102.837
87.138
34.4731
102.867
26.1493
123.892
86.9476
200.941
102.484
81.1786
141.398
67.8858
79.7132
116.913
-49.9426
90.971
89.546
4.27786
122.364
157.81
-54.8631
95.3233
28.6989
120.462
90.7685
98.1167
109.139
-3.36547
98.549
181.412
69.7096
107.336
126.835
74.8737
91.507
17.9871
111.137
99.7767
-60.7505
20.2386
125.615
109.686
153.737
83.163
98.1698
98.9057
57.3577
102.019
77.9137
83.4557
-8.3802
128.372
148.293
46.1681
102.592
102.037
11.1507
133.348
32.0425
92.7848
6.78868
92.9533
100.646
123.393
-42.6126
58.0264
49.0879
103.565
100.3
90.0883
90.0583
155.018
125.224
108.08
91.526
84.1991
38.9023
157.361
124.028
108.774
96.5199
1.42989
46.558
53.3546
88.6349
20.1857
101.603
165.269
130.765
103.867
87.7741
103.177
170.539
103.029
104.55
-10.6929
49.2474
32.8986
106.822
106.415
1.65794
109.098
93.3951
63.4502
27.8406
107.141
77.685
13.5344
75.2136
108.753
105.846
75.0222
-18.6034
114.832
-8.07744
74.853
108.052
108.437
56.3621
112.235
90.4721
121.353
100.108
79.4817
104.279
-62.1125
-1.28688
88.614
110.905
111.149
-5.99782
109.498
114.585
148.406
-25.4268
128.87
89.2888
-76.0258
87.9177
12.9146
108.576
40.9057
181.423
71.023
7.73625
103.532
93.5384
79.3428
-66.4332
99.6446
107.534
120.076
75.6196
70.3438
52.565
115.239
93.7187
35.6845
101.547
0.434455
-26.5004
108.583
98.4358
29.5805
104.732
158.939
104.14
125
110.763
47.584
138.514
104.845
175.908
53.6169
0.088989
-56.7054
47.9661
-80.8878
-57.0629
81.2782
97.877
104.328
109.559
89.8821
87.4039
63.9871
107.696
38.8583
5.54868
104.227
93.74
-1.08114
109.002
29.5039
-25.6985
-48.9987
108.093
113.443
25.6441
84.7088
-60.3047
122.524
102.192
121.731
59.0146
121.59
77.2131
91.2908
29.2121
49.6023
65.216
-41.7094
104.56
137.753
181.779
102.706
45.6565
-67.452
102.022
112.135
61.2111
126.241
-23.4105
49.202
35.8923
105.466
103.263
28.2055
79.9573
115.586
108.289
86.4412
107.504
65.0827
103.492
98.4912
164.441
120.564
-81.4161
92.9848
106.93
100.646
89.7378
106.199
69.7557
97.4843
49.4832
84.069
103.394
111.492
105.032
161.919
85.5432
92.3975
100.378
88.0064
71.988
99.4592
62.2478
79.741
59.1939
119.482
101.108
80.7309
-79.667
96.5738
117.518
63.8992
44.9618
11.2155
69.5473
75.1118
-33.6806
86.4821
103.851
104.519
-71.7566
-81.6348
8.32671
107.322
90.2838
-24.0905
103.414
90.5924
-10.6958
62.7335
6.68333
99.6501
63.782
-54.6846
146.631
49.6186
111.237
5.593
117.473
80.1844
-10.0172
103.94
77.8697
112.333
205.716
116.317
29.2743
79.4255
94.0728
94.2861
199.781
91.1814
121.84
158.103
69.5866
99.8726
73.9695
58.8766
17.6748
123.614
111.119
-1.13326
126.202
104.199
56.7477
87.2881
59.6132
106.348
127.215
105.409
93.6845
89.0491
85.4536
13.9528
132.497
-38.1981
-36.4902
87.2768
134.785
-83.2959
41.7708
146.419
57.9801
160.112
113.509
115.233
82.8638
107.632
-62.36
95.7125
103.274
58.6302
65.1924
86.1408
56.1913
91.8492
202.588
114.539
-21.3776
139.19
169.649
-45.2688
127.449
106.082
137.479
100.44
30.0894
107.559
102.474
29.3982
80.8501
87.6641
100.437
90.1953
113.98
-58.3332
88.7882
88.6316
-74.9479
90.2691
134.717
79.6608
50.8122
101.11
21.8078
36.6141
126.815
177.946
21.0032
94.5822
112.123
126.935
98.1744
88.88
167.749
93.1532
113.622
120.997
92.0968
103.54
86.2761
124.643
90.4698
-36.1625
90.5876
123.914
-6.57741
21.0531
106.408
90.3475
116.41
102.746
105.623
102.376
104.817
102.635
99.2764
88.7583
-52.0703
-5.58005
41.9877
5.27188
64.9701
54.1495
117.058
112.636
101.78
103.331
106.663
-3.40699
14.2675
124.736
95.9857
108.255
117.003
104.387
99.7515
135.69
67.5657
111.949
104.158
106.037
115.281
11.0567
125.935
103.441
-14.5561
74.8198
139.232
108.946
190.506
87.872
125.443
3.052
157.827
106.309
102.195
92.9268
107.986
167.86
142.065
-75.7673
104.348
68.7206
199.718
107.315
104.059
116.748
103.808
88.0071
-53.2515
37.0847
39.6617
95.5062
40.9281
86.406
102.194
84.8697
98.6441
45.6861
105.225
100.167
110.553
82.868
24.1845
94.5678
105.105
160.673
76.2799
11.0884
172.392
-47.4038
89.2381
58.4553
92.3358
108.994
130.994
37.2636
102.866
65.9021
96.7625
64.0953
78.0686
121.762
68.561
0.723917
-23.2247
-8.55118
-1.27189
115.81
103.648
86.8847
33.6646
93.9593
95.2148
156.275
112.51
44.0902
58.888
119.024
117.615
104.273
36.3632
61.9214
82.2458
98.614
-38.8293
67.2675
63.1586
69.0336
106.598
-27.316
100.314
93.7256
71.7907
110.756
106.556
52.3616
37.9017
166.5
144.604
119.335
132.211
77.8096
107.8
6.00115
-62.7275
100.906
87.6577
191.088
89.7535
103.963
148.903
188.414
65.2336
90.9226
86.9308
141.728
119.29
-25.7122
125.145
95.2246
120.149
86.0053
-36.0213
24.7679
94.6743
102.061
102.774
89.9447
154.342
25.2518
21.1889
143.397
150.137
-1.64522
60.6311
107.16
96.5046
137.303
123.179
96.8422
101.432
-79.4783
46.6789
133.493
-82.6877
117.005
51.0488
97.0672
17.8844
46.1175
57.4764
34.9039
-13.5062
92.4646
97.7719
101.693
41.8305
90.1317
104.59
5.74369
-14.4585
109.808
109.932
215.532
103.665
102.135
79.164
93.8158
133.208
-13.4775
-44.4174
92.3683
51.1654
43.4613
115.566
159.139
97.9157
88.9611
91.187
109.719
102.843
117.918
-14.0061
97.3117
101.46
67.9024
107.432
22.4835
113.796
96.491
106.61
-9.2323
100.744
35.2796
107.769
102.625
103.39
49.9568
91.8362
70.6061
105.912
107.976
105.302
63.7992
47.3682
27.6897
82.5501
89.1333
-19.046
102.994
87.5464
92.7894
-23.8499
-18.9509
41.5123
185.809
4.33029
75.3667
149.592
132.089
99.0295
146.336
72.9384
104.025
43.8253
107.76
106.741
3.54125
86.0247
79.3304
105.552
141.327
90.5576
112.898
-63.0465
0.863403
66.0554
-29.4079
42.2764
75.2405
2.89251
98.5137
94.6063
111.102
59.1695
14.064
95.3989
106.469
143.94
89.2083
41.2784
113.134
31.7635
198.294
166.494
-46.6608
97.0939
53.9492
168.481
126.034
62.3682
101.454
97.8198
91.3103
133.902
150.499
100.619
78.6879
106.568
89.8173
107.062
124.563
85.8143
92.0668
118.086
44.8659
57.9982
84.7589
-60.9078
65.3395
53.545
65.1269
-4.2106
110.603
97.5603
9.56467
103.063
122.568
99.4532
84.8559
53.1385
154.796
-39.024
70.3139
139.26
106.955
104.343
100.209
107.581
-35.732
107.196
87.452
101.151
113.135
65.8667
74.5687
-84.928
-35.9474
-2.56555
12.0129
65.9957
74.0122
59.4841
70.3037
65.7998
144.991
98.6328
101.178
-22.0955
-31.652
106.517
90.4088
32.1419
-6.70648
-65.3392
35.3702
86.6921
68.0929
33.5539
72.0535
54.6432
41.3326
94.3782
89.8268
-14.6955
5.50504
31.9943
80.1016
115.716
74.8124
12.767
102.717
-51.7267
106.068
106.203
-33.2665
178.366
93.4212
200.842
35.0298
105.215
72.489
25.1166
81.2695
137.75
107.395
126.804
167.887
102.055
107.426
107.54
113.596
137.014
66.4656
104.84
124.055
96.545
137.238
103.252
129.762
16.9023
94.6867
88.6325
33.4626
72.0453
89.5278
104.002
6.997
103.799
107.828
108.359
104.098
69.4996
54.1826
102.51
31.7388
105.862
-31.8427
89.2336
77.5002
103.228
147.713
90.9569
106.025
102.39
106.465
109.162
116.083
87.8755
105.472
110.019
171.569
8.35637
75.8966
110.827
85.6263
75.9839
30.3188
97.0272
93.9015
132.348
81.308
119.878
-65.8912
91.9249
93.2564
-53.0994
151.956
128.423
168.046
16.3559
105.059
72.527
76.4744
65.1336
33.5023
118.633
67.5394
82.3389
79.7481
85.526
66.8382
74.1035
23.0812
68.1679
46.5877
108.396
152.946
71.4653
102.833
11.638
108.708
109.052
26.8607
82.1254
103.273
-45.9059
107.452
105.098
93.0611
177.795
4.44687
16.3912
112.208
40.0772
91.9533
-72.9436
44.5188
113.939
91.8268
89.816
119.296
112.356
98.9651
80.2887
105.767
-30.0245
121.327
128.025
92.5853
46.7824
103.397
-48.1476
10.0212
30.9748
105.98
98.0944
30.6663
93.3612
16.5529
-17.539
54.1309
77.3104
88.8306
107.133
-42.5512
38.4862
117.313
119.822
99.3894
84.8301
99.3515
23.4971
58.7798
3.78439
66.9969
77.1822
-87.8215
99.9973
-88.797
-51.5904
-41.3195
91.8909
29.4647
88.5658
185.185
115.977
101.285
61.8898
70.3269
24.2512
116.79
104.014
102.794
108.067
102.663
9.82059
77.7051
102.228
142.437
-37.8878
43.3909
57.8911
102.831
188.686
94.6467
67.6661
97.6576
54.0706
103.937
68.065
94.572
125.504
-64.6304
65.318
-75.8329
85.655
116.504
39.2969
156.273
108.032
91.1427
90.1443
75.4993
108.529
112.853
42.8534
102.937
107.839
101.155
87.8188
97.9193
86.9682
101.186
75.3682
86.2443
82.6262
32.656
47.9865
20.308
128.867
179.137
-38.1717
108.746
108.011
115.265
96.654
168.016
161.562
68.1928
108.957
62.3977
103.696
113.086
119.841
89.028
-8.47703
209.12
139.339
97.5624
-5.32515
94.6523
133.664
114.455
107.151
42.9912
107.613
85.9386
104.348
111.122
-12.3748
-32.6471
118.719
22.3922
102.985
2.82062
102.077
17.6664
96.7268
36.8945
88.9674
63.4756
105.355
107.165
99.6079
119.636
-34.2154
74.5105
185.986
28.609
46.7603
-15.119
110.165
103.17
109.134
101.361
109.806
106.932
173.192
61.2189
109.304
126.223
22.9167
149.231
110.084
205.556
-61.2835
60.0608
169.176
93.553
91.592
75.8737
99.2335
-18.7582
2.51553
-11.0866
99.173
73.6866
90.5061
97.1679
102.019
11.5817
70.9841
102.739
91.2767
114.483
65.5087
89.4628
89.3159
90.3873
-28.5526
53.9547
104.044
115.11
113.062
132.95
156.674
100.808
86.9849
107.365
143.527
35.6226
168.304
31.517
43.6452
50.2929
94.2683
97.2383
26.0632
61.6714
95.6812
94.6607
93.1637
49.0443
128.539
75.3631
115.739
-47.8701
119.906
108.348
96.8018
41.6605
70.0498
94.8382
164.716
52.5926
176.406
26.4351
109.395
96.1777
-33.193
142.992
121.019
93.4788
147.572
98.6958
152.439
87.7962
106.788
82.7208
82.0583
58.5413
142.8
103.844
131.538
55.3077
111.157
116.454
50.7201
35.8894
108.282
163.967
91.6183
104.601
-62.8406
96.1637
95.3924
87.7124
98.1269
90.8893
30.772
211.737
114.555
162.376
101.482
107.492
102.533
113.872
107.716
61.6807
99.1087
96.7373
16.6774
68.0572
109.62
-38.8223
-3.52434
16.8914
-4.30312
153.431
139.019
194.413
45.4582
94.8124
175.501
-56.0228
110.578
44.8546
105.886
-70.6429
56.8461
152.079
103.177
86.4292
81.6829
2.27955
10.557
106.828
82.3183
71.3342
110.194
131.834
91.5466
171.925
50.7105
8.05781
27.5209
101.214
105.536
98.1603
96.4031
-28.6293
108.797
142.329
90.2743
127.052
65.5005
75.1668
155.7
144.33
21.0501
-35.6135
143.851
169.669
181.256
-67.2098
76.7994
62.4263
121.289
-83.0053
147.233
106.851
98.9287
93.8663
105.112
112.898
74.2852
20.2401
55.6316
110.989
90.8567
1.46449
90.8218
67.8399
138.874
72.4782
69.7567
-55.3547
91.2641
107.176
94.8076
-29.2199
117.345
95.9609
14.7807
95.0402
82.5784
-71.5447
140.632
108.589
109.463
89.5044
16.4461
94.8057
-10.4482
64.7088
131.066
136.156
66.3824
95.3156
83
-73.5237
-4.37245
91.4739
106.24
144.939
107.964
99.1867
67.479
89.443
94.5456
-41.1788
-61.684
-14.7689
173.126
52.0235
124.349
149.261
99.706
67.67
82.9609
108.965
-80.0551
102.583
130.018
91.1097
22.8194
101.632
105.595
95.9011
28.4135
85.9148
94.2388
123.245
91.0974
90.2004
59.2063
-19.4365
69.5992
90.5628
102.542
-18.7851
119.258
70.67
136.855
58.1803
79.9223
106.559
81.2897
55.3118
102.901
99.3617
66.9008
70.7341
53.2388
86.31
-12.36
95.3859
84.0626
99.319
94.8386
119.928
122.189
98.6062
83.7455
112.111
-77.8506
45.3253
124.184
102.49
56.2987
91.8145
85.7758
141.859
78.8102
105.414
108.63
97.552
96.7251
35.7122
72.6472
110.539
90.5368
104.926
112.063
59.5984
107.796
-70.2819
77.7476
-58.0355
91.5457
93.1592
87.5181
89.5232
140.203
103.549
-59.3186
87.3109
80.8961
65.4841
67.9835
105.009
-47.5165
99.0595
89.3691
62.2431
70.7252
85.0581
208.849
-51.1894
86.8418
77.1698
105.343
78.6572
72.4503
149.966
13.0799
106.913
150.981
84.7
-66.9256
98.6738
23.0913
103.307
102.275
139.586
95.4439
77.1323
36.0068
33.3314
90.862
100.967
-26.1596
90.6453
102.644
97.0218
65.5098
86.7524
113.557
125.269
-24.3496
4.78641
104.447
148.565
50.2914
48.9078
107.337
89.7585
70.8899
132.655
148.727
124.218
96.1559
184.955
31.0089
97.9267
161.209
111.028
61.6701
107.82
123.665
81.2209
113.975
40.4348
141.836
87.6981
98.1322
90.1821
56.7895
83.6943
-15.9516
96.0268
101.919
87.0652
142.173
103.371
43.8897
102.968
159.287
3.36111
110.429
58.7588
95.2494
110.13
147.402
92.0779
5.76456
173.616
102.14
15.3818
101.96
39.604
109.191
157.584
108.197
105.723
82.5263
103.008
91.1923
106.436
177.137
107.93
128.403
108.974
95.041
90.6525
111.487
-56.6068
31.4025
5.15943
93.8904
84.1963
72.9404
108.396
40.7371
120.266
58.1598
70.8935
83.1991
143.143
71.6199
14.363
75.7527
113.733
-49.7018
-4.14788
97.0683
64.9854
12.7617
76.3952
133.135
112.671
-33.5151
-2.56751
88.7849
102.163
67.8112
95.8727
32.1402
99.5544
172.278
162.856
58.2135
42.2953
14.34
98.6382
127.554
78.7981
65.4661
81.467
132.3
132.447
62.5881
85.9228
-23.9452
115.842
20.7629
96.1427
-33.5843
215.94
151.294
145.823
103.153
82.5954
35.7282
73.252
-20.1846
71.9941
86.2137
132.281
108.298
106.089
94.5763
92.491
79.6589
47.2293
103.202
85.6951
100.385
53.5307
43.4913
101.444
138.795
101.117
85.5868
109.826
91.8544
185.729
117.233
71.9274
89.633
82.494
103.73
98.0402
-8.54414
77.7401
62.8385
177.125
143.893
87.8166
37.4616
-1.59999
92.7536
163.613
86.9431
100.302
64.089
60.353
173.318
37.9146
98.3947
117.717
-49.1949
90.2739
188.084
100.551
-69.3557
136.71
92.0968
94.4156
-22.0753
-56.4742
160.122
10.8699
99.1585
66.4086
30.464
51.475
100.136
17.7081
20.8169
12.6608
142.882
109.565
97.9774
116.765
136.541
81.7076
166.268
67.8879
-23.1437
16.938
65.2277
93.6356
116.508
111.96
-47.9729
9.99978
11.7106
10.5855
-51.3484
115.092
103.995
87.8134
193.436
64.5564
147.737
151.025
104.51
109.115
91.36
103.627
127.664
93.0717
98.4725
55.5392
67.2162
99.9152
109.682
109.632
137.837
107.785
83.8103
104.833
119.452
-19.5662
91.7657
34.0549
102.048
72.8953
117.727
-59.503
109.91
78.4459
94.6898
102.238
76.1741
177.719
-6.19318
24.5425
13.1647
155.27
-40.9726
87.3399
111.935
96.059
81.9816
61.9701
19.2234
-51.6546
-31.877
99.8047
103.373
101.942
147.919
95.9869
91.1833
114.726
56.041
104.343
88.9518
110.635
-0.328781
109.857
105.372
85.6234
41.8302
87.9376
133.412
100.663
82.2295
103.308
91.1637
130.271
12.475
105.155
66.2333
93.9418
66.9701
82.0948
73.0952
146.224
33.0914
85.1983
100.185
155.265
123.757
99.6182
83.53
102.729
141.029
78.2123
85.1387
146.504
108.215
0.485823
99.2705
66.3195
105.657
-67.508
27.8538
106.191
86.8484
107.573
106.801
73.9796
29.4696
102.916
106.475
148.083
180.415
90.0122
100.591
120.512
36.3433
-15.3952
169.134
118.437
21.8746
62.7183
89.9789
-5.90724
102.915
82.4877
35.1309
95.2433
76.2199
-10.0211
-16.3843
164.303
-31.3293
99.9599
68.2151
90.0235
100.335
94.8077
91.5065
109.443
106.966
149.214
86.4051
94.8208
123.313
6.17132
12.472
50.8867
99.432
46.023
91.0547
-56.7376
-75.7188
87.0441
206.727
70.9073
94.2705
-65.3753
94.6537
100.992
90.4596
150.562
106.564
115.314
92.0232
104.52
9.98193
10.6798
-6.21874
51.0785
91.0419
-87.9878
112.234
150.534
95.8992
89.7892
128.459
93.8546
108.264
128.923
122.672
108.582
118.394
61.8186
95.1423
102.396
195.632
-38.91
-3.87182
82.9657
124.97
80.7771
105.228
91.4376
-26.3466
73.0135
107.324
103.062
157.802
34.2005
77.845
100.351
7.98204
89.4936
101.672
175.172
-39.4329
10.7291
93.7477
40.9514
62.3804
150.927
52.9059
97.0704
79.2663
74.6964
159.556
135.574
-44.3382
92.0596
107.354
85.6375
45.2492
100.635
84.279
106.332
96.7243
91.0423
125.013
163.112
106.678
105.371
214.367
104.763
113.78
6.14614
169.809
89.8695
122.212
73.6208
110.025
99.7546
18.5569
94.4827
109.108
95.1362
97.2316
103.405
216.11
80.9191
36.5453
93.3978
130.807
108.142
201.181
57.3364
196.211
-17.6932
93.5232
9.00148
126.848
44.6934
91.7225
85.8689
167.992
110.486
192.162
142.548
93.5498
89.9451
190.456
172.605
-80.7415
-23.6174
83.6052
68.9862
102.218
55.9854
85.9589
94.9486
5.32277
40.1915
51.1317
188.602
-62.8386
48.1773
100.039
169.72
101.459
-62.031
189.84
145.228
106.997
66.1341
93.8479
91.2212
-39.9785
101.843
101.117
98.676
58.8007
28.5294
119.294
30.3102
100.532
173.369
129.793
97.9534
65.6796
108.359
96.6578
68.2316
103.699
95.7854
83.0541
31.4897
65.1782
177.065
124.384
80.6668
113.569
46.0795
54.0667
189.552
86.5956
152.224
82.3753
142.638
179.232
83.0262
109.833
92.5321
127.98
101.63
144.402
91.5514
102.542
204.186
90.0791
111.679
73.6602
138.173
77.434
104.387
110.638
102.086
79.4467
86.0219
129.605
75.7586
101.931
110.005
120.505
84.5205
66.5273
-25.2891
94.4901
43.6326
105.235
107.73
-69.2662
88.8118
90.4425
109.923
196.312
103.06
87.6778
161.93
105.35
65.2552
154.743
-6.57368
93.6503
68.203
123.162
-60.5851
90.5538
-68.1992
85.0217
90.8379
97.8976
112.939
89.4558
100.007
63.845
151.682
127.076
36.4859
68.1486
61.5791
99.1429
102.806
-79.6294
80.8926
91.1945
113.443
105.173
181.661
56.5609
71.2773
108.835
85.9501
101.899
94.9128
99.521
97.2615
102.613
104.101
97.3757
-82.3445
92.4108
210.364
75.0249
183.136
152.582
105.19
-72.3368
108.237
111.939
90.4076
92.3574
183.556
22.2309
134.826
-36.462
84.1871
104.666
90.2996
61.8067
101.937
26.5782
38.5117
78.7276
-23.2535
89.1883
65.9397
184.725
103.651
149.223
95.1101
112.666
106.476
96.2299
104.541
124.902
95.8993
124.204
132.688
103.967
63.0644
-23.1464
31.5347
72.0898
128.691
75.7144
92.5657
150.872
123.111
-87.7344
95.4598
103.774
112.744
180.428
-73.0615
92.0825
103.016
108.658
93.2337
104.438
62.264
95.1993
83.2758
17.8561
102.845
88.126
182.75
-19.1888
24.2608
80.1603
33.1941
143.957
105.248
-26.3783
175.379
178.565
74.9176
73.1904
103.125
76.9358
72.2735
71.5653
103.493
85.5395
77.4568
96.2028
-51.1566
0.0992621
113.791
-0.872925
114.365
96.8988
4.73311
140.868
72.5961
87.1842
92.4206
16.2977
30.897
109.169
112.283
98.2152
110.371
-87.6412
110.07
61.7579
130.227
90.8427
-15.9419
72.5994
-55.9052
109.127
156.97
-53.4411
29.4607
97.2362
89.5215
102.585
77.6404
106.945
92.4163
111.573
76.1075
85.464
88.2054
83.0063
81.8427
110.143
7.57399
130.879
87.8397
103.351
106.794
130.845
50.7521
153.573
93.3732
-27.1215
110.234
104.698
5.32037
164.768
116.126
-70.0163
30.1742
88.6212
94.617
106.438
102.238
106.636
56.7315
90.664
69.8119
101.119
61.3298
126.625
89.1846
97.0621
86.4968
8.95272
158.134
156.544
122.441
117.297
-39.7411
142.666
91.8021
100.663
-13.1628
170.544
164.368
112.329
48.1509
97.4977
105.212
33.9858
123.75
100.139
132.11
42.5586
141.851
93.2255
90.3755
106.969
-6.1182
49.1283
103.503
135.863
13.6977
82.6222
7.73463
47.0961
209.325
134.308
78.1668
78.98
83.5973
121.345
109.974
73.9341
26.4475
-34.9222
120.953
41.4144
84.3009
158.213
111.802
163.117
133.838
71.4464
95.2827
93.0972
176.862
101.423
130.991
63.3087
107.264
-55.6809
82.3165
88.8144
108.515
42.2229
104.98
106.076
72.5651
137.558
90.2175
95.4864
102.911
89.1853
69.4444
138.339
96.6077
98.3831
54.9917
81.0224
103.668
178.527
104.566
74.4358
81.1459
112.05
115.443
104.234
104.65
63.9368
107.728
90.8428
134.716
112.314
87.7696
106.383
111.084
104.894
99.496
104.603
119.111
62.9061
96.3896
-8.37664
85.6377
72.7586
87.3455
54.1826
108.169
70.1992
86.2579
89.2353
98.7907
63.9951
39.1941
103.872
147.763
110.35
1.19188
-26.9182
85.59
100.826
103.044
65.4032
109.33
70.9759
111.849
125.49
23.629
111.622
119.793
36.2342
110.082
153.007
71.8556
99.8424
139.762
109.332
75.344
23.7514
81.346
-38.1615
-1.31854
109.839
73.8354
100.147
24.1307
62.6201
38.4019
93.3699
84.5618
90.585
63.0665
156.442
55.4986
148.528
108.218
101.753
112.32
59.1892
32.3363
62.2128
107.812
96.072
49.0856
65.4
47.3328
121.007
84.6921
-70.8094
100.177
-23.8665
-11.1951
102.519
49.731
111.326
104.569
64.744
-31.123
84.0306
140.052
210.944
-20.3771
-23.9949
193.644
-37.9615
90.1481
42.7318
103.595
104.996
62.6731
-27.3037
-67.5987
86.6248
126.489
49.6304
64.8443
100.776
56.5733
112.947
16.9648
139.165
74.4609
47.02
81.8211
90.5547
-44.0258
60.3797
65.2762
-34.5955
129.763
107.936
101.94
86.5397
79.8397
101.001
59.2582
15.8172
71.9798
128.612
183.852
47.5962
-59.8242
155.305
29.9137
77.8743
80.8452
207.927
99.9441
113.001
70.1951
104.111
107.073
110.488
-4.91168
103.586
88.9592
92.6608
46.9596
121.533
88.2634
104.803
154.57
106.243
65.4242
79.3846
175.182
70.2598
87.1914
95.7063
100.999
55.7268
100.039
115.022
102.211
98.8047
48.8368
116.709
-52.4716
99.9094
88.2907
134.845
132.989
94.9039
101.953
79.8709
69.9946
88.3074
85.9142
104.721
133.887
104.627
88.0174
105.407
16.1058
86.5585
88.6574
116.762
135.267
104.814
-9.49713
100.221
83.313
106.696
102.091
168.725
107.409
82.238
107.338
82.8626
103.04
82.4405
-65.0746
107.644
135.211
193.189
55.6522
146.119
191.216
92.2582
103.191
82.6446
135.151
109.397
112.341
63.5659
85.6586
113.454
81.6793
103.783
10.7717
101.098
56.6711
87.0955
99.4186
160.779
107.496
161.912
192.456
106.636
154.807
88.2908
113.692
41.7888
173.179
107.369
9.03354
89.2899
141.049
105.951
104.383
100.562
105.782
101.432
134.461
87.6661
7.84039
98.7448
71.9319
88.9618
83.2171
67.2342
110.319
47.9234
0.839967
96.8885
124.762
26.4086
-22.1544
114.299
85.9166
97.618
82.9846
-36.4996
101.923
89.3884
121.501
91.8986
-0.432825
119.864
121.925
97.7295
-18.9514
74.6792
66.4958
90.7363
8.34646
103.413
77.8691
96.467
66.5592
63.8243
-72.1185
117.722
81.5782
68.3701
81.1857
-1.79746
-10.8836
132.053
105.488
131.739
41.3663
108.468
68.0086
91.2171
154.777
113.423
87.5446
61.3948
50.2865
107.029
-5.63579
125.96
96.9135
61.7926
113.937
104.123
111.23
98.2543
9.12518
76.1315
58.4058
-81.2332
94.2512
55.8977
130.027
83.9454
-49.3693
125.75
103.042
95.767
145.035
11.5006
65.6461
92.6898
57.853
144.35
79.019
184.14
152.394
70.8561
119.407
27.7945
76.3823
106.864
113.321
86.9658
61.1977
199.683
142.271
107.341
107.373
3.37929
151.929
108.502
-3.38576
99.0718
93.1063
105.666
186.663
7.93856
5.37324
102.663
49.7522
122.039
99.9303
170.785
157.073
101.313
-64.7987
106.625
109.048
103.413
88.847
72.7655
107.446
109.966
176.839
97.2875
107.515
107.068
100.07
109.489
160.772
92.0274
78.0394
156.271
101.58
106.116
105.342
97.5795
90.7581
53.7779
98.2059
102.603
59.3264
61.8069
86.6196
94.1403
72.9455
51.7615
67.7481
52.4599
92.9076
-69.7527
207.359
-16.5801
103.696
44.6247
82.5904
85.8179
48.2365
68.6768
95.1531
163.421
36.0493
0.628967
116.155
114.66
110.307
76.373
88.3724
108.762
16.7023
-41.0613
108.249
-77.6113
-55.7025
98.1479
14.9621
134.739
107.213
95.2597
87.5121
69.0971
134.741
145.08
-9.08624
102.908
32.1572
52.2117
106.813
164.15
144.901
83.6966
172.881
180.23
115.08
-43.127
83.3307
127.585
107.102
32.2026
99.2238
120.117
116.859
141.617
62.0123
137.028
91.4288
146.939
145.777
93.2481
80.3565
88.5528
98.6652
79.8036
78.8259
155.329
-80.8648
133.494
107.379
-37.5459
57.5195
-6.99828
99.0563
63.3221
-8.5806
83.4178
-29.9349
101.6
108.326
106.949
145.346
75.9002
99.62
100.218
91.844
177.996
198.888
111.825
104.458
133.919
85.755
103.942
99.121
91.4439
-87.0489
133.784
123.569
92.5091
108.203
187.029
80.1341
66.745
99.8374
90.4615
50.7321
96.6771
84.2643
29.1502
-68.8372
143.052
189.512
66.3675
82.0043
92.852
100.969
112.751
134.636
16.8411
-77.0235
55.0595
99.4107
84.2283
58.6242
109.437
43.9292
152.217
43.7785
99.0025
172.803
107.01
33.359
107.282
115.731
150.002
86.6623
96.2866
105.963
65.4552
88.3788
103.291
132.464
99.1651
112.545
87.2309
84.7951
107.435
55.6343
91.5085
83.5693
95.5835
134.103
112.435
103.367
86.2026
83.9547
87.8106
112.161
102.335
-11.5482
101.305
97.3811
109.278
65.1812
93.8057
82.2462
96.2196
143.852
106.801
107.429
81.6404
45.7337
75.1377
104.885
99.5304
104.252
98.9122
68.6268
46.0575
-10.3255
90.6805
119.09
114.251
44.106
140.332
99.1672
45.4111
18.246
85.6341
-17.5034
91.389
103.308
104.819
59.3048
105.556
109.659
91.2114
186.306
123.154
60.0361
142.062
82.148
88.1333
103.104
58.4201
111.799
55.5627
-86.1441
115.489
65.9435
94.8081
101.648
140.084
88.2549
113.708
151.5
158.901
7.57983
76.1548
-77.4737
66.7728
88.3078
119.056
103.619
82.732
52.8427
146.523
86.2992
-20.3688
102.821
99.9351
107.191
-16.5829
120.381
104.782
105.174
117.158
115.133
93.0946
87.1305
13.18
-37.4691
104.534
19.2564
104.919
203.931
18.8328
114.29
89.8371
-0.519001
117.779
33.535
181.974
99.3167
89.8907
107.387
85.0371
86.8458
153.39
99.5236
92.579
128.666
96.4331
42.8895
177.403
105.291
93.0114
92.4562
46.6802
90.802
111.627
95.7259
84.4452
96.7695
85.9314
97.4588
89.6677
111.997
42.2339
91.3161
62.782
92.8412
55.5711
108.29
105.133
97.1721
71.4623
96.2616
145.271
97.8277
133.746
103.089
92.2191
1.26903
-20.0884
121.178
148.391
123.259
24.7679
66.5195
117.014
111.516
81.711
27.7263
128.544
171.464
14.5084
78.7331
115.433
72.2013
84.5919
93.248
99.1167
4.7788
64.1371
90.313
97.7178
120.244
83.5804
99.9113
135.401
109.112
162.096
106.079
97.3538
25.4284
174.705
91.6696
98.8489
34.4182
51.8496
-15.9394
114.702
127.842
92.4303
74.1634
66.2787
139.11
96.1504
78.1122
118.698
86.5431
108.213
89.0903
42.5148
92.77
141.013
107.568
97.358
146.577
19.2535
100.642
88.2873
150.212
-5.57537
65.3292
93.0268
2.10895
101.615
111.389
127.319
97.7599
96.2868
110.596
146.552
88.9105
6.43519
205.509
108.038
156.425
113.629
123.204
97.8996
152.971
80.434
96.8338
135.005
202.308
110.569
86.214
149.526
168.458
150.767
65.0572
)
;

boundaryField
{
    wings
    {
        type            zeroGradient;
    }
    outlet
    {
        type            freestreamPressure;
    }
    tunnel
    {
        type            zeroGradient;
    }
    inlet
    {
        type            freestreamPressure;
    }
    defaultFaces
    {
        type            empty;
    }
}


// ************************************************************************* //
