5.0 -2.34657415254
10.0 -0.439692372881
15.0 0.2728725
20.0 0.0246544237288
25.0 -0.00600601271186
30.0 0.0714291949153
35.0 0.0322688983051
40.0 0.0365913644068
45.0 0.039252
50.0 0.0283499110169
55.0 0.0257931567797
60.0 0.0219054194915
65.0 0.0181319194915
70.0 0.0167671567797
75.0 0.0153590550847
80.0 0.0150939576271
85.0 0.0157414618644
90.0 0.0168759618644
95.0 0.0184946694915
100.0 0.0204835466102
105.0 0.0229018220339
110.0 0.0254949576271
115.0 0.0283591652542
120.0 0.0315415635593
125.0 0.0348196228814
130.0 0.0383658855932
135.0 0.0420346313559
140.0 0.0459321186441
145.0 0.0497046186441
150.0 0.0535127118644
155.0 0.0572725423729
160.0 0.0608754661017
165.0 0.0643363135593
170.0 0.0674219915254
175.0 0.0703954661017
180.0 0.0729647881356
185.0 0.0753411016949
190.0 0.077363940678
195.0 0.0792234322034
200.0 0.0808052118644
205.0 0.0822542372881
210.0 0.0834958050847
215.0 0.0846506355932
220.0 0.0856502118644
225.0 0.0865965677966
230.0 0.0874144067797
235.0 0.0881508050847
240.0 0.0887661440678
245.0 0.0892912288136
250.0 0.0896685169492
255.0 0.0899098728814
260.0 0.0900006355932
265.0 0.0899613135593
270.0 0.0897261864407
275.0 0.0892988983051
280.0 0.0887261016949
285.0 0.0879862711864
290.0 0.0871156355932
295.0 0.0861050423729
300.0 0.0850789830508
305.0 0.0839228389831
310.0 0.0826186440678
315.0 0.0812679237288
320.0 0.0800160169492
325.0 0.0786632627119
330.0 0.0773213983051
335.0 0.0760215677966
340.0 0.0747580084746
345.0 0.0735217372881
350.0 0.0723278813559
355.0 0.071173220339
360.0 0.0700186440678
365.0 0.0689827118644
370.0 0.0679649152542
375.0 0.0669301271186
380.0 0.0659193644068
385.0 0.0650136016949
390.0 0.0641049576271
395.0 0.0632357627119
400.0 0.0624057627119
405.0 0.0616387711864
410.0 0.0609279661017
415.0 0.0602664830508
420.0 0.0596615254237
425.0 0.0591109745763
430.0 0.0586309745763
435.0 0.0582013559322
440.0 0.0578425423729
445.0 0.0575359745763
450.0 0.0572819915254
455.0 0.0570856779661
460.0 0.0569422033898
465.0 0.0568380084746
470.0 0.0567808474576
475.0 0.0567638135593
480.0 0.0567872033898
485.0 0.0568294915254
490.0 0.0569212711864
495.0 0.0570319067797
500.0 0.0571702542373
505.0 0.0573383474576
510.0 0.0575148728814
515.0 0.0577384322034
520.0 0.0579960169492
525.0 0.0582234745763
530.0 0.0584947457627
535.0 0.058765720339
540.0 0.0590583050847
545.0 0.0593636016949
550.0 0.0596828389831
555.0 0.0600041525424
560.0 0.0603363135593
565.0 0.0606692372881
570.0 0.0610079237288
575.0 0.0613440254237
580.0 0.0616790677966
585.0 0.0619889830508
590.0 0.0623416101695
595.0 0.0626586864407
600.0 0.0629751271186
605.0 0.0632805932203
610.0 0.0635679237288
615.0 0.0638515677966
620.0 0.0641147457627
625.0 0.0643647033898
630.0 0.0646157627119
635.0 0.0648467372881
640.0 0.0650597457627
645.0 0.0652554237288
650.0 0.0654333050847
655.0 0.0655979237288
660.0 0.0657563559322
665.0 0.0658956355932
670.0 0.0660188983051
675.0 0.0661218220339
680.0 0.0662133474576
685.0 0.0662853389831
690.0 0.0663505084746
695.0 0.0663955508475
700.0 0.0664308474576
705.0 0.0664468220339
710.0 0.0664562711864
715.0 0.0664465677966
720.0 0.0664327966102
725.0 0.0664016101695
730.0 0.0663668220339
735.0 0.0663171186441
740.0 0.0662549152542
745.0 0.0661983898305
750.0 0.066125720339
755.0 0.0660437711864
760.0 0.0659600847458
765.0 0.0658664830508
770.0 0.0657771610169
775.0 0.0656748305085
780.0 0.0655794491525
785.0 0.0654774576271
790.0 0.0653766101695
795.0 0.0652687288136
800.0 0.0651688559322
805.0 0.0650620338983
810.0 0.0649619491525
815.0 0.0648581355932
820.0 0.0647597033898
825.0 0.0646618220339
830.0 0.0645668220339
835.0 0.0644738559322
840.0 0.0643885169492
845.0 0.0643003389831
850.0 0.0642215677966
855.0 0.0641423305085
860.0 0.0640696186441
865.0 0.0639994067797
870.0 0.0639392372881
875.0 0.0638766949153
880.0 0.0638250423729
885.0 0.0637719915254
890.0 0.0637288983051
895.0 0.0636865254237
900.0 0.0636533474576
905.0 0.0636196610169
910.0 0.0635965254237
915.0 0.063571440678
920.0 0.0635566949153
925.0 0.0635405084746
930.0 0.0635340677966
935.0 0.063525720339
940.0 0.0635264830508
945.0 0.0635254661017
950.0 0.0635336016949
955.0 0.0635390677966
960.0 0.0635534322034
965.0 0.0635631779661
970.0 0.0635836864407
975.0 0.0635993644068
980.0 0.0636224152542
985.0 0.0636423305085
990.0 0.0636700847458
995.0 0.0636925847458
1000.0 0.063723559322
1005.0 0.0637475
1010.0 0.0637803389831
1015.0 0.0638066525424
1020.0 0.06384
1025.0 0.0638675
1030.0 0.063901059322
1035.0 0.0639286864407
1040.0 0.0639619915254
1045.0 0.0639890677966
1050.0 0.0640215677966
1055.0 0.0640472457627
1060.0 0.0640787711864
1065.0 0.0641030084746
1070.0 0.0641324152542
1075.0 0.0641549152542
1080.0 0.0641820338983
1085.0 0.0642022457627
1090.0 0.0642272033898
1095.0 0.0642445338983
1100.0 0.0642672457627
1105.0 0.0642816949153
1110.0 0.064301779661
1115.0 0.064313559322
1120.0 0.0643305932203
1125.0 0.0643398728814
1130.0 0.064353940678
1135.0 0.0643602966102
1140.0 0.0643719491525
1145.0 0.0643754237288
1150.0 0.0643843220339
1155.0 0.0643854237288
1160.0 0.064391779661
1165.0 0.0643904661017
1170.0 0.0643944491525
1175.0 0.0643910169492
1180.0 0.0643929661017
1185.0 0.0643875423729
1190.0 0.0643875847458
1195.0 0.0643804661017
1200.0 0.0643789830508
1205.0 0.0643704661017
1210.0 0.0643674576271
1215.0 0.0643577966102
1220.0 0.0643538983051
1225.0 0.0643430084746
1230.0 0.0643384322034
1235.0 0.064326779661
1240.0 0.0643216525424
1245.0 0.0643094915254
1250.0 0.064303940678
1255.0 0.0642916525424
1260.0 0.0642858474576
1265.0 0.0642736440678
1270.0 0.0642678389831
1275.0 0.064255720339
1280.0 0.0642502118644
1285.0 0.0642383898305
1290.0 0.0642332627119
1295.0 0.0642218220339
1300.0 0.0642172033898
1305.0 0.0642063983051
1310.0 0.0642023728814
1315.0 0.0641922881356
1320.0 0.064188940678
1325.0 0.0641795762712
1330.0 0.0641769491525
1335.0 0.0641683898305
1340.0 0.0641666101695
1345.0 0.0641588135593
1350.0 0.0641578813559
1355.0 0.0641508898305
1360.0 0.0641508050847
1365.0 0.0641446186441
1370.0 0.0641453813559
1375.0 0.0641402542373
1380.0 0.064141779661
1385.0 0.0641372457627
1390.0 0.0641395762712
1395.0 0.0641358050847
1400.0 0.0641386440678
1405.0 0.0641357627119
1410.0 0.0641391949153
1415.0 0.0641369067797
1420.0 0.0641409745763
1425.0 0.0641391525424
1430.0 0.0641436864407
1435.0 0.0641422033898
1440.0 0.0641470762712
1445.0 0.0641458050847
1450.0 0.0641502542373
1455.0 0.0641494915254
1460.0 0.0641541949153
1465.0 0.0641538559322
1470.0 0.064158559322
1475.0 0.0641582627119
1480.0 0.0641634322034
1485.0 0.0641629237288
1490.0 0.0641683474576
1495.0 0.0641678813559
1500.0 0.0641731779661
1505.0 0.0641727966102
1510.0 0.0641780932203
1515.0 0.0641777118644
1520.0 0.0641830084746
1525.0 0.0641826271186
1530.0 0.0641879237288
1535.0 0.0641874576271
1540.0 0.0641926694915
1545.0 0.0641920762712
1550.0 0.0641969915254
1555.0 0.0641961016949
1560.0 0.064200720339
1565.0 0.0641994915254
1570.0 0.0642038135593
1575.0 0.0642022457627
1580.0 0.0642062711864
1585.0 0.0642044067797
1590.0 0.0642081355932
1595.0 0.064206059322
1600.0 0.0642095762712
1605.0 0.0642072881356
1610.0 0.0642105932203
1615.0 0.0642081355932
1620.0 0.0642112711864
1625.0 0.0642086016949
1630.0 0.0642116101695
1635.0 0.0642087711864
1640.0 0.0642115677966
1645.0 0.0642086016949
1650.0 0.0642112288136
1655.0 0.0642080932203
1660.0 0.0642106355932
1665.0 0.0642073305085
1670.0 0.0642097033898
1675.0 0.0642062711864
1680.0 0.0642086016949
1685.0 0.0642050423729
1690.0 0.0642072457627
1695.0 0.0642036440678
1700.0 0.0642057627119
1705.0 0.0642021186441
1710.0 0.0642041949153
1715.0 0.0642005508475
1720.0 0.0642026271186
1725.0 0.0641989830508
1730.0 0.064201059322
1735.0 0.0641974576271
1740.0 0.0641995762712
1745.0 0.0641959745763
1750.0 0.0641981779661
1755.0 0.0641946186441
1760.0 0.0641968220339
1765.0 0.0641933474576
1770.0 0.0641955932203
1775.0 0.0641921610169
1780.0 0.0641944915254
1785.0 0.0641911016949
1790.0 0.0641935169492
1795.0 0.0641902118644
1800.0 0.0641926271186
1805.0 0.0641894067797
1810.0 0.0641919067797
1815.0 0.0641887288136
1820.0 0.0641911440678
1825.0 0.0641882627119
1830.0 0.0641906355932
1835.0 0.0641878813559
1840.0 0.0641902966102
1845.0 0.0641875847458
1850.0 0.0641899152542
1855.0 0.0641875423729
1860.0 0.0641898305085
1865.0 0.0641874576271
1870.0 0.0641902118644
1875.0 0.0641869915254
1880.0 0.0641908474576
1885.0 0.0641869067797
1890.0 0.0641907627119
1895.0 0.0641876271186
1900.0 0.064190720339
1905.0 0.0641881779661
1910.0 0.0641912288136
1915.0 0.064188559322
1920.0 0.0641918644068
1925.0 0.0641890677966
1930.0 0.0641923728814
1935.0 0.0641896186441
1940.0 0.0641928389831
1945.0 0.0641900847458
1950.0 0.064193220339
1955.0 0.0641904237288
1960.0 0.0641935169492
1965.0 0.0641906779661
1970.0 0.0641938135593
1975.0 0.0641908898305
1980.0 0.0641940254237
1985.0 0.0641911864407
1990.0 0.0641943220339
1995.0 0.0641914830508
2000.0 0.0641946186441
2005.0 0.0641918220339
2010.0 0.0641949576271
2015.0 0.0641921610169
2020.0 0.0641952966102
2025.0 0.0641924576271
2030.0 0.0641956355932
2035.0 0.0641927966102
2040.0 0.0641958898305
2045.0 0.0641930508475
2050.0 0.0641961440678
2055.0 0.0641932627119
2060.0 0.0641963559322
2065.0 0.0641934322034
2070.0 0.0641964830508
2075.0 0.064193559322
2080.0 0.0641965677966
2085.0 0.0641936440678
2090.0 0.0641966101695
2095.0 0.0641936864407
2100.0 0.0641966949153
2105.0 0.0641936864407
2110.0 0.0641966949153
2115.0 0.0641936864407
2120.0 0.0641966525424
2125.0 0.0641936864407
2130.0 0.0641966525424
2135.0 0.0641936440678
2140.0 0.0641966101695
2145.0 0.0641936016949
2150.0 0.0641966101695
2155.0 0.064193559322
2160.0 0.0641965254237
2165.0 0.0641935169492
2170.0 0.064196440678
2175.0 0.0641934322034
2180.0 0.0641963559322
2185.0 0.0641933050847
2190.0 0.0641962711864
2195.0 0.064193220339
2200.0 0.0641961440678
2205.0 0.0641930932203
2210.0 0.0641960169492
2215.0 0.0641929661017
2220.0 0.0641959322034
2225.0 0.0641928813559
2230.0 0.0641958050847
2235.0 0.0641927542373
2240.0 0.0641956779661
2245.0 0.0641926271186
2250.0 0.0641955932203
2255.0 0.0641925423729
2260.0 0.0641955084746
2265.0 0.0641924576271
2270.0 0.0641953813559
2275.0 0.0641923728814
2280.0 0.0641952966102
2285.0 0.0641922881356
2290.0 0.0641952542373
2295.0 0.0641922033898
2300.0 0.0641951694915
2305.0 0.0641921186441
2310.0 0.0641950847458
2315.0 0.0641920762712
2320.0 0.0641950423729
2325.0 0.0641920338983
2330.0 0.064195
2335.0 0.0641919915254
2340.0 0.0641949576271
2345.0 0.0641919491525
2350.0 0.0641949576271
2355.0 0.0641919491525
2360.0 0.0641949152542
2365.0 0.0641919067797
2370.0 0.0641949152542
2375.0 0.0641919067797
2380.0 0.0641949152542
2385.0 0.0641919067797
2390.0 0.0641949152542
2395.0 0.0641919067797
2400.0 0.0641949152542
2405.0 0.0641919491525
2410.0 0.0641949576271
2415.0 0.0641919491525
2420.0 0.0641949576271
2425.0 0.0641919491525
2430.0 0.0641949576271
2435.0 0.0641919915254
2440.0 0.064195
2445.0 0.0641920338983
2450.0 0.0641950423729
2455.0 0.0641920338983
2460.0 0.0641950423729
2465.0 0.0641920762712
2470.0 0.0641950847458
2475.0 0.0641921186441
2480.0 0.0641951271186
2485.0 0.0641921610169
2490.0 0.0641951694915
2495.0 0.0641921610169
2500.0 0.0641952118644
2505.0 0.0641922033898
2510.0 0.0641952118644
2515.0 0.0641922457627
2520.0 0.0641952542373
2525.0 0.0641922881356
2530.0 0.0641952966102
2535.0 0.0641922881356
2540.0 0.0641952966102
2545.0 0.0641923305085
2550.0 0.0641953389831
2555.0 0.0641923305085
2560.0 0.0641953389831
2565.0 0.0641923728814
2570.0 0.0641953813559
2575.0 0.0641923728814
2580.0 0.0641953813559
2585.0 0.0641924152542
2590.0 0.0641954237288
2595.0 0.0641924152542
2600.0 0.0641954237288
2605.0 0.0641924152542
2610.0 0.0641954237288
2615.0 0.0641924152542
2620.0 0.0641954237288
2625.0 0.0641924152542
2630.0 0.0641954237288
2635.0 0.0641924152542
2640.0 0.0641954237288
2645.0 0.0641924152542
2650.0 0.0641954237288
2655.0 0.0641924152542
2660.0 0.0641954237288
2665.0 0.0641924152542
2670.0 0.0641954237288
2675.0 0.0641924152542
2680.0 0.0641954237288
2685.0 0.0641924152542
2690.0 0.0641954237288
2695.0 0.0641924152542
2700.0 0.0641953813559
2705.0 0.0641924152542
2710.0 0.0641953813559
2715.0 0.0641924152542
2720.0 0.0641953813559
2725.0 0.0641923728814
2730.0 0.0641953813559
2735.0 0.0641923728814
2740.0 0.0641953813559
2745.0 0.0641923728814
2750.0 0.0641953813559
2755.0 0.0641923728814
2760.0 0.0641953389831
2765.0 0.0641923305085
2770.0 0.0641953389831
2775.0 0.0641923305085
2780.0 0.0641953389831
2785.0 0.0641923305085
2790.0 0.0641953389831
2795.0 0.0641923305085
2800.0 0.0641953389831
2805.0 0.0641923305085
2810.0 0.0641952966102
2815.0 0.0641922881356
2820.0 0.0641952966102
2825.0 0.0641922881356
2830.0 0.0641952966102
2835.0 0.0641922881356
2840.0 0.0641952966102
2845.0 0.0641922881356
2850.0 0.0641952966102
2855.0 0.0641922881356
2860.0 0.0641952966102
2865.0 0.0641922881356
2870.0 0.0641952966102
2875.0 0.0641922881356
2880.0 0.0641952966102
2885.0 0.0641922881356
2890.0 0.0641952966102
2895.0 0.0641922881356
2900.0 0.0641952966102
2905.0 0.0641922881356
2910.0 0.0641952966102
2915.0 0.0641922881356
2920.0 0.0641952966102
2925.0 0.0641922881356
2930.0 0.0641952966102
2935.0 0.0641922881356
2940.0 0.0641952966102
2945.0 0.0641922881356
2950.0 0.0641952966102
2955.0 0.0641922881356
2960.0 0.0641952966102
2965.0 0.0641922881356
2970.0 0.0641952966102
2975.0 0.0641922881356
2980.0 0.0641952966102
2985.0 0.0641922881356
2990.0 0.0641952966102
2995.0 0.0641922881356
3000.0 0.0641952966102
3005.0 0.0641922881356
3010.0 0.0641952966102
3015.0 0.0641923305085
3020.0 0.0641952966102
3025.0 0.0641922881356
3030.0 0.0641952966102
3035.0 0.0641923305085
3040.0 0.0641952966102
3045.0 0.0641923305085
3050.0 0.0641952966102
3055.0 0.0641923305085
3060.0 0.0641952966102
3065.0 0.0641923305085
3070.0 0.0641953389831
3075.0 0.0641923305085
3080.0 0.0641952966102
3085.0 0.0641923305085
3090.0 0.0641952966102
3095.0 0.0641923305085
3100.0 0.0641953389831
3105.0 0.0641923305085
3110.0 0.0641953389831
3115.0 0.0641923305085
3120.0 0.0641952966102
3125.0 0.0641923305085
3130.0 0.0641953389831
3135.0 0.0641923305085
3140.0 0.0641953389831
3145.0 0.0641923305085
3150.0 0.0641953389831
3155.0 0.0641923305085
3160.0 0.0641953389831
3165.0 0.0641923305085
3170.0 0.0641953389831
3175.0 0.0641923305085
3180.0 0.0641953389831
3185.0 0.0641923305085
3190.0 0.0641953389831
3195.0 0.0641923305085
3200.0 0.0641953389831
3205.0 0.0641923305085
3210.0 0.0641952966102
3215.0 0.0641923305085
3220.0 0.0641953389831
3225.0 0.0641923305085
3230.0 0.0641953389831
3235.0 0.0641923305085
3240.0 0.0641952966102
3245.0 0.0641923305085
3250.0 0.0641953389831
3255.0 0.0641923305085
3260.0 0.0641953389831
3265.0 0.0641923305085
3270.0 0.0641952966102
3275.0 0.0641923305085
3280.0 0.0641953389831
3285.0 0.0641923305085
3290.0 0.0641952966102
3295.0 0.0641923305085
3300.0 0.0641952966102
3305.0 0.0641923305085
3310.0 0.0641953389831
3315.0 0.0641923305085
3320.0 0.0641952966102
3325.0 0.0641923305085
3330.0 0.0641952966102
3335.0 0.0641923305085
3340.0 0.0641953389831
3345.0 0.0641923305085
3350.0 0.0641952966102
3355.0 0.0641923305085
3360.0 0.0641952966102
3365.0 0.0641923305085
3370.0 0.0641952966102
3375.0 0.0641923305085
3380.0 0.0641952966102
3385.0 0.0641923305085
3390.0 0.0641952966102
3395.0 0.0641923305085
3400.0 0.0641952966102
3405.0 0.0641923305085
3410.0 0.0641952966102
3415.0 0.0641923305085
3420.0 0.0641952966102
3425.0 0.0641923305085
3430.0 0.0641952966102
3435.0 0.0641923305085
3440.0 0.0641952966102
3445.0 0.0641923305085
3450.0 0.0641952966102
3455.0 0.0641923305085
3460.0 0.0641952966102
3465.0 0.0641923305085
3470.0 0.0641952966102
3475.0 0.0641923305085
3480.0 0.0641952966102
3485.0 0.0641923305085
3490.0 0.0641952966102
3495.0 0.0641923305085
3500.0 0.0641952966102
3505.0 0.0641923305085
3510.0 0.0641952966102
3515.0 0.0641923305085
3520.0 0.0641952966102
3525.0 0.0641923305085
3530.0 0.0641952966102
3535.0 0.0641923305085
3540.0 0.0641952966102
3545.0 0.0641923305085
3550.0 0.0641953389831
3555.0 0.0641923305085
3560.0 0.0641952966102
3565.0 0.0641923305085
3570.0 0.0641952966102
3575.0 0.0641923305085
3580.0 0.0641953389831
3585.0 0.0641923305085
3590.0 0.0641952966102
3595.0 0.0641923305085
3600.0 0.0641952966102
3605.0 0.0641923305085
3610.0 0.0641953389831
3615.0 0.0641923305085
3620.0 0.0641952966102
3625.0 0.0641923305085
3630.0 0.0641952966102
3635.0 0.0641923305085
3640.0 0.0641953389831
3645.0 0.0641923305085
3650.0 0.0641952966102
3655.0 0.0641923305085
3660.0 0.0641952966102
3665.0 0.0641923305085
3670.0 0.0641953389831
3675.0 0.0641923305085
3680.0 0.0641952966102
3685.0 0.0641923305085
3690.0 0.0641952966102
3695.0 0.0641923305085
3700.0 0.0641953389831
3705.0 0.0641923305085
3710.0 0.0641952966102
3715.0 0.0641923305085
3720.0 0.0641952966102
3725.0 0.0641923305085
3730.0 0.0641953389831
3735.0 0.0641923305085
3740.0 0.0641952966102
3745.0 0.0641923305085
3750.0 0.0641952966102
3755.0 0.0641923305085
3760.0 0.0641953389831
3765.0 0.0641923305085
3770.0 0.0641952966102
3775.0 0.0641923305085
3780.0 0.0641952966102
3785.0 0.0641923305085
3790.0 0.0641953389831
3795.0 0.0641923305085
3800.0 0.0641952966102
3805.0 0.0641923305085
3810.0 0.0641952966102
3815.0 0.0641923305085
3820.0 0.0641953389831
3825.0 0.0641923305085
3830.0 0.0641952966102
3835.0 0.0641923305085
3840.0 0.0641952966102
3845.0 0.0641923305085
3850.0 0.0641953389831
3855.0 0.0641923305085
3860.0 0.0641952966102
3865.0 0.0641923305085
3870.0 0.0641952966102
3875.0 0.0641923305085
3880.0 0.0641953389831
3885.0 0.0641923305085
3890.0 0.0641952966102
3895.0 0.0641923305085
3900.0 0.0641952966102
3905.0 0.0641923305085
3910.0 0.0641953389831
3915.0 0.0641923305085
3920.0 0.0641952966102
3925.0 0.0641923305085
3930.0 0.0641952966102
3935.0 0.0641923305085
3940.0 0.0641953389831
3945.0 0.0641923305085
3950.0 0.0641952966102
3955.0 0.0641923305085
3960.0 0.0641952966102
3965.0 0.0641923305085
3970.0 0.0641953389831
3975.0 0.0641923305085
3980.0 0.0641952966102
3985.0 0.0641923305085
3990.0 0.0641952966102
3995.0 0.0641923305085
4000.0 0.0641953389831
4005.0 0.0641923305085
4010.0 0.0641952966102
4015.0 0.0641923305085
4020.0 0.0641952966102
4025.0 0.0641923305085
4030.0 0.0641953389831
4035.0 0.0641923305085
4040.0 0.0641952966102
4045.0 0.0641923305085
4050.0 0.0641952966102
4055.0 0.0641923305085
4060.0 0.0641953389831
4065.0 0.0641923305085
4070.0 0.0641952966102
4075.0 0.0641923305085
4080.0 0.0641952966102
4085.0 0.0641923305085
4090.0 0.0641953389831
4095.0 0.0641923305085
4100.0 0.0641952966102
4105.0 0.0641923305085
4110.0 0.0641952966102
4115.0 0.0641923305085
4120.0 0.0641953389831
4125.0 0.0641923305085
4130.0 0.0641952966102
4135.0 0.0641923305085
4140.0 0.0641952966102
4145.0 0.0641923305085
4150.0 0.0641953389831
4155.0 0.0641923305085
4160.0 0.0641952966102
4165.0 0.0641923305085
4170.0 0.0641952966102
4175.0 0.0641923305085
4180.0 0.0641953389831
4185.0 0.0641923305085
4190.0 0.0641952966102
4195.0 0.0641923305085
4200.0 0.0641952966102
4205.0 0.0641923305085
4210.0 0.0641953389831
4215.0 0.0641923305085
4220.0 0.0641952966102
4225.0 0.0641923305085
4230.0 0.0641952966102
4235.0 0.0641923305085
4240.0 0.0641953389831
4245.0 0.0641923305085
4250.0 0.0641952966102
4255.0 0.0641923305085
4260.0 0.0641952966102
4265.0 0.0641923305085
4270.0 0.0641953389831
4275.0 0.0641923305085
4280.0 0.0641952966102
4285.0 0.0641923305085
4290.0 0.0641952966102
4295.0 0.0641923305085
4300.0 0.0641953389831
4305.0 0.0641923305085
4310.0 0.0641952966102
4315.0 0.0641923305085
4320.0 0.0641952966102
4325.0 0.0641923305085
4330.0 0.0641953389831
4335.0 0.0641923305085
4340.0 0.0641952966102
4345.0 0.0641923305085
4350.0 0.0641952966102
4355.0 0.0641923305085
4360.0 0.0641953389831
4365.0 0.0641923305085
4370.0 0.0641952966102
4375.0 0.0641923305085
4380.0 0.0641952966102
4385.0 0.0641923305085
4390.0 0.0641953389831
4395.0 0.0641923305085
4400.0 0.0641952966102
4405.0 0.0641923305085
4410.0 0.0641952966102
4415.0 0.0641923305085
4420.0 0.0641953389831
4425.0 0.0641923305085
4430.0 0.0641952966102
4435.0 0.0641923305085
4440.0 0.0641952966102
4445.0 0.0641923305085
4450.0 0.0641953389831
4455.0 0.0641923305085
4460.0 0.0641952966102
4465.0 0.0641923305085
4470.0 0.0641952966102
4475.0 0.0641923305085
4480.0 0.0641953389831
4485.0 0.0641923305085
4490.0 0.0641952966102
4495.0 0.0641923305085
4500.0 0.0641952966102
4505.0 0.0641923305085
4510.0 0.0641953389831
4515.0 0.0641923305085
4520.0 0.0641952966102
4525.0 0.0641923305085
4530.0 0.0641952966102
4535.0 0.0641923305085
4540.0 0.0641953389831
4545.0 0.0641923305085
4550.0 0.0641952966102
4555.0 0.0641923305085
4560.0 0.0641952966102
4565.0 0.0641923305085
4570.0 0.0641953389831
4575.0 0.0641923305085
4580.0 0.0641952966102
4585.0 0.0641923305085
4590.0 0.0641952966102
4595.0 0.0641923305085
4600.0 0.0641953389831
4605.0 0.0641923305085
4610.0 0.0641952966102
4615.0 0.0641923305085
4620.0 0.0641952966102
4625.0 0.0641923305085
4630.0 0.0641953389831
4635.0 0.0641923305085
4640.0 0.0641952966102
4645.0 0.0641923305085
4650.0 0.0641952966102
4655.0 0.0641923305085
4660.0 0.0641953389831
4665.0 0.0641923305085
4670.0 0.0641952966102
4675.0 0.0641923305085
4680.0 0.0641952966102
4685.0 0.0641923305085
4690.0 0.0641953389831
4695.0 0.0641923305085
4700.0 0.0641952966102
4705.0 0.0641923305085
4710.0 0.0641952966102
4715.0 0.0641923305085
4720.0 0.0641953389831
4725.0 0.0641923305085
4730.0 0.0641952966102
4735.0 0.0641923305085
4740.0 0.0641952966102
4745.0 0.0641923305085
4750.0 0.0641953389831
4755.0 0.0641923305085
4760.0 0.0641952966102
4765.0 0.0641923305085
4770.0 0.0641952966102
4775.0 0.0641923305085
4780.0 0.0641953389831
4785.0 0.0641923305085
4790.0 0.0641952966102
4795.0 0.0641923305085
4800.0 0.0641952966102
4805.0 0.0641923305085
4810.0 0.0641953389831
4815.0 0.0641923305085
4820.0 0.0641952966102
4825.0 0.0641923305085
4830.0 0.0641952966102
4835.0 0.0641923305085
4840.0 0.0641953389831
4845.0 0.0641923305085
4850.0 0.0641952966102
4855.0 0.0641923305085
4860.0 0.0641952966102
4865.0 0.0641923305085
4870.0 0.0641953389831
4875.0 0.0641923305085
4880.0 0.0641952966102
4885.0 0.0641923305085
4890.0 0.0641952966102
4895.0 0.0641923305085
4900.0 0.0641953389831
4905.0 0.0641923305085
4910.0 0.0641952966102
4915.0 0.0641923305085
4920.0 0.0641952966102
4925.0 0.0641923305085
4930.0 0.0641953389831
4935.0 0.0641923305085
4940.0 0.0641952966102
4945.0 0.0641923305085
4950.0 0.0641952966102
4955.0 0.0641923305085
4960.0 0.0641953389831
4965.0 0.0641923305085
4970.0 0.0641952966102
4975.0 0.0641923305085
4980.0 0.0641952966102
4985.0 0.0641923305085
4990.0 0.0641953389831
4995.0 0.0641923305085
5000.0 0.0641952966102
5005.0 0.0641923305085
5010.0 0.0641952966102
5015.0 0.0641923305085
5020.0 0.0641953389831
5025.0 0.0641923305085
5030.0 0.0641952966102
5035.0 0.0641923305085
5040.0 0.0641952966102
5045.0 0.0641923305085
5050.0 0.0641953389831
5055.0 0.0641923305085
5060.0 0.0641952966102
5065.0 0.0641923305085
5070.0 0.0641952966102
5075.0 0.0641923305085
5080.0 0.0641953389831
5085.0 0.0641923305085
5090.0 0.0641952966102
5095.0 0.0641923305085
5100.0 0.0641952966102
5105.0 0.0641923305085
5110.0 0.0641953389831
5115.0 0.0641923305085
5120.0 0.0641952966102
5125.0 0.0641923305085
5130.0 0.0641952966102
5135.0 0.0641923305085
5140.0 0.0641953389831
5145.0 0.0641923305085
5150.0 0.0641952966102
5155.0 0.0641923305085
5160.0 0.0641952966102
5165.0 0.0641923305085
5170.0 0.0641953389831
5175.0 0.0641923305085
5180.0 0.0641952966102
5185.0 0.0641923305085
5190.0 0.0641952966102
5195.0 0.0641923305085
5200.0 0.0641953389831
5205.0 0.0641923305085
5210.0 0.0641952966102
5215.0 0.0641923305085
5220.0 0.0641952966102
5225.0 0.0641923305085
5230.0 0.0641953389831
5235.0 0.0641923305085
5240.0 0.0641952966102
5245.0 0.0641923305085
5250.0 0.0641952966102
5255.0 0.0641923305085
5260.0 0.0641953389831
5265.0 0.0641923305085
5270.0 0.0641952966102
5275.0 0.0641923305085
5280.0 0.0641952966102
5285.0 0.0641923305085
5290.0 0.0641953389831
5295.0 0.0641923305085
5300.0 0.0641952966102
5305.0 0.0641923305085
5310.0 0.0641952966102
5315.0 0.0641923305085
5320.0 0.0641953389831
5325.0 0.0641923305085
5330.0 0.0641952966102
5335.0 0.0641923305085
5340.0 0.0641952966102
5345.0 0.0641923305085
5350.0 0.0641953389831
5355.0 0.0641923305085
5360.0 0.0641952966102
5365.0 0.0641923305085
5370.0 0.0641952966102
5375.0 0.0641923305085
5380.0 0.0641953389831
5385.0 0.0641923305085
5390.0 0.0641952966102
5395.0 0.0641923305085
5400.0 0.0641952966102
5405.0 0.0641923305085
5410.0 0.0641953389831
5415.0 0.0641923305085
5420.0 0.0641952966102
5425.0 0.0641923305085
5430.0 0.0641952966102
5435.0 0.0641923305085
5440.0 0.0641953389831
5445.0 0.0641923305085
5450.0 0.0641952966102
5455.0 0.0641923305085
5460.0 0.0641952966102
5465.0 0.0641923305085
5470.0 0.0641953389831
5475.0 0.0641923305085
5480.0 0.0641952966102
5485.0 0.0641923305085
5490.0 0.0641952966102
5495.0 0.0641923305085
5500.0 0.0641953389831
5505.0 0.0641923305085
5510.0 0.0641952966102
5515.0 0.0641923305085
5520.0 0.0641952966102
5525.0 0.0641923305085
5530.0 0.0641953389831
5535.0 0.0641923305085
5540.0 0.0641952966102
5545.0 0.0641923305085
5550.0 0.0641952966102
5555.0 0.0641923305085
5560.0 0.0641953389831
5565.0 0.0641923305085
5570.0 0.0641952966102
5575.0 0.0641923305085
5580.0 0.0641952966102
5585.0 0.0641923305085
5590.0 0.0641953389831
5595.0 0.0641923305085
5600.0 0.0641952966102
5605.0 0.0641923305085
5610.0 0.0641952966102
5615.0 0.0641923305085
5620.0 0.0641953389831
5625.0 0.0641923305085
5630.0 0.0641952966102
5635.0 0.0641923305085
5640.0 0.0641952966102
5645.0 0.0641923305085
5650.0 0.0641953389831
5655.0 0.0641923305085
5660.0 0.0641952966102
5665.0 0.0641923305085
5670.0 0.0641952966102
5675.0 0.0641923305085
5680.0 0.0641953389831
5685.0 0.0641923305085
5690.0 0.0641952966102
5695.0 0.0641923305085
5700.0 0.0641952966102
5705.0 0.0641923305085
5710.0 0.0641953389831
5715.0 0.0641923305085
5720.0 0.0641952966102
5725.0 0.0641923305085
5730.0 0.0641952966102
5735.0 0.0641923305085
5740.0 0.0641953389831
5745.0 0.0641923305085
5750.0 0.0641952966102
5755.0 0.0641923305085
5760.0 0.0641952966102
5765.0 0.0641923305085
5770.0 0.0641953389831
5775.0 0.0641923305085
5780.0 0.0641952966102
5785.0 0.0641923305085
5790.0 0.0641952966102
5795.0 0.0641923305085
5800.0 0.0641953389831
5805.0 0.0641923305085
5810.0 0.0641952966102
5815.0 0.0641923305085
5820.0 0.0641952966102
5825.0 0.0641923305085
5830.0 0.0641953389831
5835.0 0.0641923305085
5840.0 0.0641952966102
5845.0 0.0641923305085
5850.0 0.0641952966102
5855.0 0.0641923305085
5860.0 0.0641953389831
5865.0 0.0641923305085
5870.0 0.0641952966102
5875.0 0.0641923305085
5880.0 0.0641952966102
5885.0 0.0641923305085
5890.0 0.0641953389831
5895.0 0.0641923305085
5900.0 0.0641952966102
5905.0 0.0641923305085
5910.0 0.0641952966102
5915.0 0.0641923305085
5920.0 0.0641953389831
5925.0 0.0641923305085
5930.0 0.0641952966102
5935.0 0.0641923305085
5940.0 0.0641952966102
5945.0 0.0641923305085
5950.0 0.0641953389831
5955.0 0.0641923305085
5960.0 0.0641952966102
5965.0 0.0641923305085
5970.0 0.0641952966102
5975.0 0.0641923305085
5980.0 0.0641953389831
5985.0 0.0641923305085
5990.0 0.0641952966102
5995.0 0.0641923305085
6000.0 0.0641952966102
6005.0 0.0641923305085
6010.0 0.0641953389831
6015.0 0.0641923305085
6020.0 0.0641952966102
6025.0 0.0641923305085
6030.0 0.0641952966102
6035.0 0.0641923305085
6040.0 0.0641953389831
6045.0 0.0641923305085
6050.0 0.0641952966102
6055.0 0.0641923305085
6060.0 0.0641952966102
6065.0 0.0641923305085
6070.0 0.0641953389831
6075.0 0.0641923305085
6080.0 0.0641952966102
6085.0 0.0641923305085
6090.0 0.0641952966102
6095.0 0.0641923305085
6100.0 0.0641953389831
6105.0 0.0641923305085
6110.0 0.0641952966102
6115.0 0.0641923305085
6120.0 0.0641952966102
6125.0 0.0641923305085
6130.0 0.0641953389831
6135.0 0.0641923305085
6140.0 0.0641952966102
6145.0 0.0641923305085
6150.0 0.0641952966102
6155.0 0.0641923305085
6160.0 0.0641953389831
6165.0 0.0641923305085
6170.0 0.0641952966102
6175.0 0.0641923305085
6180.0 0.0641952966102
6185.0 0.0641923305085
6190.0 0.0641953389831
6195.0 0.0641923305085
6200.0 0.0641952966102
6205.0 0.0641923305085
6210.0 0.0641952966102
6215.0 0.0641923305085
6220.0 0.0641953389831
6225.0 0.0641923305085
6230.0 0.0641952966102
6235.0 0.0641923305085
6240.0 0.0641952966102
6245.0 0.0641923305085
6250.0 0.0641953389831
6255.0 0.0641923305085
6260.0 0.0641952966102
6265.0 0.0641923305085
6270.0 0.0641952966102
6275.0 0.0641923305085
6280.0 0.0641953389831
6285.0 0.0641923305085
6290.0 0.0641952966102
6295.0 0.0641923305085
6300.0 0.0641952966102
6305.0 0.0641923305085
6310.0 0.0641953389831
6315.0 0.0641923305085
6320.0 0.0641952966102
6325.0 0.0641923305085
6330.0 0.0641952966102
6335.0 0.0641923305085
6340.0 0.0641953389831
6345.0 0.0641923305085
6350.0 0.0641952966102
6355.0 0.0641923305085
6360.0 0.0641952966102
6365.0 0.0641923305085
6370.0 0.0641953389831
6375.0 0.0641923305085
6380.0 0.0641952966102
6385.0 0.0641923305085
6390.0 0.0641952966102
6395.0 0.0641923305085
6400.0 0.0641953389831
6405.0 0.0641923305085
6410.0 0.0641952966102
6415.0 0.0641923305085
6420.0 0.0641952966102
6425.0 0.0641923305085
6430.0 0.0641953389831
6435.0 0.0641923305085
6440.0 0.0641952966102
6445.0 0.0641923305085
6450.0 0.0641952966102
6455.0 0.0641923305085
6460.0 0.0641953389831
6465.0 0.0641923305085
6470.0 0.0641952966102
6475.0 0.0641923305085
6480.0 0.0641952966102
6485.0 0.0641923305085
6490.0 0.0641953389831
6495.0 0.0641923305085
6500.0 0.0641952966102
6505.0 0.0641923305085
6510.0 0.0641952966102
6515.0 0.0641923305085
6520.0 0.0641953389831
6525.0 0.0641923305085
6530.0 0.0641952966102
6535.0 0.0641923305085
6540.0 0.0641952966102
6545.0 0.0641923305085
6550.0 0.0641953389831
6555.0 0.0641923305085
6560.0 0.0641952966102
6565.0 0.0641923305085
6570.0 0.0641952966102
6575.0 0.0641923305085
6580.0 0.0641953389831
6585.0 0.0641923305085
6590.0 0.0641952966102
6595.0 0.0641923305085
6600.0 0.0641952966102
6605.0 0.0641923305085
6610.0 0.0641953389831
6615.0 0.0641923305085
6620.0 0.0641952966102
6625.0 0.0641923305085
6630.0 0.0641952966102
6635.0 0.0641923305085
6640.0 0.0641953389831
6645.0 0.0641923305085
6650.0 0.0641952966102
6655.0 0.0641923305085
6660.0 0.0641952966102
6665.0 0.0641923305085
6670.0 0.0641953389831
6675.0 0.0641923305085
6680.0 0.0641952966102
6685.0 0.0641923305085
6690.0 0.0641952966102
6695.0 0.0641923305085
6700.0 0.0641953389831
6705.0 0.0641923305085
6710.0 0.0641952966102
6715.0 0.0641923305085
6720.0 0.0641952966102
6725.0 0.0641923305085
6730.0 0.0641953389831
6735.0 0.0641923305085
6740.0 0.0641952966102
6745.0 0.0641923305085
6750.0 0.0641952966102
6755.0 0.0641923305085
6760.0 0.0641953389831
6765.0 0.0641923305085
6770.0 0.0641952966102
6775.0 0.0641923305085
6780.0 0.0641952966102
6785.0 0.0641923305085
6790.0 0.0641953389831
6795.0 0.0641923305085
6800.0 0.0641952966102
6805.0 0.0641923305085
6810.0 0.0641952966102
6815.0 0.0641923305085
6820.0 0.0641953389831
6825.0 0.0641923305085
6830.0 0.0641952966102
6835.0 0.0641923305085
6840.0 0.0641952966102
6845.0 0.0641923305085
6850.0 0.0641953389831
6855.0 0.0641923305085
6860.0 0.0641952966102
6865.0 0.0641923305085
6870.0 0.0641952966102
6875.0 0.0641923305085
6880.0 0.0641953389831
6885.0 0.0641923305085
6890.0 0.0641952966102
6895.0 0.0641923305085
6900.0 0.0641952966102
6905.0 0.0641923305085
6910.0 0.0641953389831
6915.0 0.0641923305085
6920.0 0.0641952966102
6925.0 0.0641923305085
6930.0 0.0641952966102
6935.0 0.0641923305085
6940.0 0.0641953389831
6945.0 0.0641923305085
6950.0 0.0641952966102
6955.0 0.0641923305085
6960.0 0.0641952966102
6965.0 0.0641923305085
6970.0 0.0641953389831
6975.0 0.0641923305085
6980.0 0.0641952966102
6985.0 0.0641923305085
6990.0 0.0641952966102
6995.0 0.0641923305085
7000.0 0.0641953389831
7005.0 0.0641923305085
7010.0 0.0641952966102
7015.0 0.0641923305085
7020.0 0.0641952966102
7025.0 0.0641923305085
7030.0 0.0641953389831
7035.0 0.0641923305085
7040.0 0.0641952966102
7045.0 0.0641923305085
7050.0 0.0641952966102
7055.0 0.0641923305085
7060.0 0.0641953389831
7065.0 0.0641923305085
7070.0 0.0641952966102
7075.0 0.0641923305085
7080.0 0.0641952966102
7085.0 0.0641923305085
7090.0 0.0641953389831
7095.0 0.0641923305085
7100.0 0.0641952966102
7105.0 0.0641923305085
7110.0 0.0641952966102
7115.0 0.0641923305085
7120.0 0.0641953389831
7125.0 0.0641923305085
7130.0 0.0641952966102
7135.0 0.0641923305085
7140.0 0.0641952966102
7145.0 0.0641923305085
7150.0 0.0641953389831
7155.0 0.0641923305085
7160.0 0.0641952966102
7165.0 0.0641923305085
7170.0 0.0641952966102
7175.0 0.0641923305085
7180.0 0.0641953389831
7185.0 0.0641923305085
7190.0 0.0641952966102
7195.0 0.0641923305085
7200.0 0.0641952966102
7205.0 0.0641923305085
7210.0 0.0641953389831
7215.0 0.0641923305085
7220.0 0.0641952966102
7225.0 0.0641923305085
7230.0 0.0641952966102
7235.0 0.0641923305085
7240.0 0.0641953389831
7245.0 0.0641923305085
7250.0 0.0641952966102
7255.0 0.0641923305085
7260.0 0.0641952966102
7265.0 0.0641923305085
7270.0 0.0641953389831
7275.0 0.0641923305085
7280.0 0.0641952966102
7285.0 0.0641923305085
7290.0 0.0641952966102
7295.0 0.0641923305085
7300.0 0.0641953389831
7305.0 0.0641923305085
7310.0 0.0641952966102
7315.0 0.0641923305085
7320.0 0.0641952966102
7325.0 0.0641923305085
7330.0 0.0641953389831
7335.0 0.0641923305085
7340.0 0.0641952966102
7345.0 0.0641923305085
7350.0 0.0641952966102
7355.0 0.0641923305085
7360.0 0.0641953389831
7365.0 0.0641923305085
7370.0 0.0641952966102
7375.0 0.0641923305085
7380.0 0.0641952966102
7385.0 0.0641923305085
7390.0 0.0641953389831
7395.0 0.0641923305085
7400.0 0.0641952966102
7405.0 0.0641923305085
7410.0 0.0641952966102
7415.0 0.0641923305085
7420.0 0.0641953389831
7425.0 0.0641923305085
7430.0 0.0641952966102
7435.0 0.0641923305085
7440.0 0.0641952966102
7445.0 0.0641923305085
7450.0 0.0641953389831
7455.0 0.0641923305085
7460.0 0.0641952966102
7465.0 0.0641923305085
7470.0 0.0641952966102
7475.0 0.0641923305085
7480.0 0.0641953389831
7485.0 0.0641923305085
7490.0 0.0641952966102
7495.0 0.0641923305085
7500.0 0.0641952966102
7505.0 0.0641923305085
7510.0 0.0641953389831
7515.0 0.0641923305085
7520.0 0.0641952966102
7525.0 0.0641923305085
7530.0 0.0641952966102
7535.0 0.0641923305085
7540.0 0.0641953389831
7545.0 0.0641923305085
7550.0 0.0641952966102
7555.0 0.0641923305085
7560.0 0.0641952966102
7565.0 0.0641923305085
7570.0 0.0641953389831
7575.0 0.0641923305085
7580.0 0.0641952966102
7585.0 0.0641923305085
7590.0 0.0641952966102
7595.0 0.0641923305085
7600.0 0.0641953389831
7605.0 0.0641923305085
7610.0 0.0641952966102
7615.0 0.0641923305085
7620.0 0.0641952966102
7625.0 0.0641923305085
7630.0 0.0641953389831
7635.0 0.0641923305085
7640.0 0.0641952966102
7645.0 0.0641923305085
7650.0 0.0641952966102
7655.0 0.0641923305085
7660.0 0.0641953389831
7665.0 0.0641923305085
7670.0 0.0641952966102
7675.0 0.0641923305085
7680.0 0.0641952966102
7685.0 0.0641923305085
7690.0 0.0641953389831
7695.0 0.0641923305085
7700.0 0.0641952966102
7705.0 0.0641923305085
7710.0 0.0641952966102
7715.0 0.0641923305085
7720.0 0.0641953389831
7725.0 0.0641923305085
7730.0 0.0641952966102
7735.0 0.0641923305085
7740.0 0.0641952966102
7745.0 0.0641923305085
7750.0 0.0641953389831
7755.0 0.0641923305085
7760.0 0.0641952966102
7765.0 0.0641923305085
7770.0 0.0641952966102
7775.0 0.0641923305085
7780.0 0.0641953389831
7785.0 0.0641923305085
7790.0 0.0641952966102
7795.0 0.0641923305085
7800.0 0.0641952966102
7805.0 0.0641923305085
7810.0 0.0641953389831
7815.0 0.0641923305085
7820.0 0.0641952966102
7825.0 0.0641923305085
7830.0 0.0641952966102
7835.0 0.0641923305085
7840.0 0.0641953389831
7845.0 0.0641923305085
7850.0 0.0641952966102
7855.0 0.0641923305085
7860.0 0.0641952966102
7865.0 0.0641923305085
7870.0 0.0641953389831
7875.0 0.0641923305085
7880.0 0.0641952966102
7885.0 0.0641923305085
7890.0 0.0641952966102
7895.0 0.0641923305085
7900.0 0.0641953389831
7905.0 0.0641923305085
7910.0 0.0641952966102
7915.0 0.0641923305085
7920.0 0.0641952966102
7925.0 0.0641923305085
7930.0 0.0641953389831
7935.0 0.0641923305085
7940.0 0.0641952966102
7945.0 0.0641923305085
7950.0 0.0641952966102
7955.0 0.0641923305085
7960.0 0.0641953389831
7965.0 0.0641923305085
7970.0 0.0641952966102
7975.0 0.0641923305085
7980.0 0.0641952966102
7985.0 0.0641923305085
7990.0 0.0641953389831
7995.0 0.0641923305085
8000.0 0.0641952966102
8005.0 0.0641923305085
8010.0 0.0641952966102
8015.0 0.0641923305085
8020.0 0.0641953389831
8025.0 0.0641923305085
8030.0 0.0641952966102
8035.0 0.0641923305085
8040.0 0.0641952966102
8045.0 0.0641923305085
8050.0 0.0641953389831
8055.0 0.0641923305085
8060.0 0.0641952966102
8065.0 0.0641923305085
8070.0 0.0641952966102
8075.0 0.0641923305085
8080.0 0.0641953389831
8085.0 0.0641923305085
8090.0 0.0641952966102
8095.0 0.0641923305085
8100.0 0.0641952966102
8105.0 0.0641923305085
8110.0 0.0641953389831
8115.0 0.0641923305085
8120.0 0.0641952966102
8125.0 0.0641923305085
8130.0 0.0641952966102
8135.0 0.0641923305085
8140.0 0.0641953389831
8145.0 0.0641923305085
8150.0 0.0641952966102
8155.0 0.0641923305085
8160.0 0.0641952966102
8165.0 0.0641923305085
8170.0 0.0641953389831
8175.0 0.0641923305085
8180.0 0.0641952966102
8185.0 0.0641923305085
8190.0 0.0641952966102
8195.0 0.0641923305085
8200.0 0.0641953389831
8205.0 0.0641923305085
8210.0 0.0641952966102
8215.0 0.0641923305085
8220.0 0.0641952966102
8225.0 0.0641923305085
8230.0 0.0641953389831
8235.0 0.0641923305085
8240.0 0.0641952966102
8245.0 0.0641923305085
8250.0 0.0641952966102
8255.0 0.0641923305085
8260.0 0.0641953389831
8265.0 0.0641923305085
8270.0 0.0641952966102
8275.0 0.0641923305085
8280.0 0.0641952966102
8285.0 0.0641923305085
8290.0 0.0641953389831
8295.0 0.0641923305085
8300.0 0.0641952966102
8305.0 0.0641923305085
8310.0 0.0641952966102
8315.0 0.0641923305085
8320.0 0.0641953389831
8325.0 0.0641923305085
8330.0 0.0641952966102
8335.0 0.0641923305085
8340.0 0.0641952966102
8345.0 0.0641923305085
8350.0 0.0641953389831
8355.0 0.0641923305085
8360.0 0.0641952966102
8365.0 0.0641923305085
8370.0 0.0641952966102
8375.0 0.0641923305085
8380.0 0.0641953389831
8385.0 0.0641923305085
8390.0 0.0641952966102
8395.0 0.0641923305085
8400.0 0.0641952966102
8405.0 0.0641923305085
8410.0 0.0641953389831
8415.0 0.0641923305085
8420.0 0.0641952966102
8425.0 0.0641923305085
8430.0 0.0641952966102
8435.0 0.0641923305085
8440.0 0.0641953389831
8445.0 0.0641923305085
8450.0 0.0641952966102
8455.0 0.0641923305085
8460.0 0.0641952966102
8465.0 0.0641923305085
8470.0 0.0641953389831
8475.0 0.0641923305085
8480.0 0.0641952966102
8485.0 0.0641923305085
8490.0 0.0641952966102
8495.0 0.0641923305085
8500.0 0.0641953389831
8505.0 0.0641923305085
8510.0 0.0641952966102
8515.0 0.0641923305085
8520.0 0.0641952966102
8525.0 0.0641923305085
8530.0 0.0641953389831
8535.0 0.0641923305085
8540.0 0.0641952966102
8545.0 0.0641923305085
8550.0 0.0641952966102
8555.0 0.0641923305085
8560.0 0.0641953389831
8565.0 0.0641923305085
8570.0 0.0641952966102
8575.0 0.0641923305085
8580.0 0.0641952966102
8585.0 0.0641923305085
8590.0 0.0641953389831
8595.0 0.0641923305085
8600.0 0.0641952966102
8605.0 0.0641923305085
8610.0 0.0641952966102
8615.0 0.0641923305085
8620.0 0.0641953389831
8625.0 0.0641923305085
8630.0 0.0641952966102
8635.0 0.0641923305085
8640.0 0.0641952966102
8645.0 0.0641923305085
8650.0 0.0641953389831
8655.0 0.0641923305085
8660.0 0.0641952966102
8665.0 0.0641923305085
8670.0 0.0641952966102
8675.0 0.0641923305085
8680.0 0.0641953389831
8685.0 0.0641923305085
8690.0 0.0641952966102
8695.0 0.0641923305085
8700.0 0.0641952966102
8705.0 0.0641923305085
8710.0 0.0641953389831
8715.0 0.0641923305085
8720.0 0.0641952966102
8725.0 0.0641923305085
8730.0 0.0641952966102
8735.0 0.0641923305085
8740.0 0.0641953389831
8745.0 0.0641923305085
8750.0 0.0641952966102
8755.0 0.0641923305085
8760.0 0.0641952966102
8765.0 0.0641923305085
8770.0 0.0641953389831
8775.0 0.0641923305085
8780.0 0.0641952966102
8785.0 0.0641923305085
8790.0 0.0641952966102
8795.0 0.0641923305085
8800.0 0.0641953389831
8805.0 0.0641923305085
8810.0 0.0641952966102
8815.0 0.0641923305085
8820.0 0.0641952966102
8825.0 0.0641923305085
8830.0 0.0641953389831
8835.0 0.0641923305085
8840.0 0.0641952966102
8845.0 0.0641923305085
8850.0 0.0641952966102
8855.0 0.0641923305085
8860.0 0.0641953389831
8865.0 0.0641923305085
8870.0 0.0641952966102
8875.0 0.0641923305085
8880.0 0.0641952966102
8885.0 0.0641923305085
8890.0 0.0641953389831
8895.0 0.0641923305085
8900.0 0.0641952966102
8905.0 0.0641923305085
8910.0 0.0641952966102
8915.0 0.0641923305085
8920.0 0.0641953389831
8925.0 0.0641923305085
8930.0 0.0641952966102
8935.0 0.0641923305085
8940.0 0.0641952966102
8945.0 0.0641923305085
8950.0 0.0641953389831
8955.0 0.0641923305085
8960.0 0.0641952966102
8965.0 0.0641923305085
8970.0 0.0641952966102
8975.0 0.0641923305085
8980.0 0.0641953389831
8985.0 0.0641923305085
8990.0 0.0641952966102
8995.0 0.0641923305085
9000.0 0.0641952966102
9005.0 0.0641923305085
9010.0 0.0641953389831
9015.0 0.0641923305085
9020.0 0.0641952966102
9025.0 0.0641923305085
9030.0 0.0641952966102
9035.0 0.0641923305085
9040.0 0.0641953389831
9045.0 0.0641923305085
9050.0 0.0641952966102
9055.0 0.0641923305085
9060.0 0.0641952966102
9065.0 0.0641923305085
9070.0 0.0641953389831
9075.0 0.0641923305085
9080.0 0.0641952966102
9085.0 0.0641923305085
9090.0 0.0641952966102
9095.0 0.0641923305085
9100.0 0.0641953389831
9105.0 0.0641923305085
9110.0 0.0641952966102
9115.0 0.0641923305085
9120.0 0.0641952966102
9125.0 0.0641923305085
9130.0 0.0641953389831
9135.0 0.0641923305085
9140.0 0.0641952966102
9145.0 0.0641923305085
9150.0 0.0641952966102
9155.0 0.0641923305085
9160.0 0.0641953389831
9165.0 0.0641923305085
9170.0 0.0641952966102
9175.0 0.0641923305085
9180.0 0.0641952966102
9185.0 0.0641923305085
9190.0 0.0641953389831
9195.0 0.0641923305085
9200.0 0.0641952966102
9205.0 0.0641923305085
9210.0 0.0641952966102
9215.0 0.0641923305085
9220.0 0.0641953389831
9225.0 0.0641923305085
9230.0 0.0641952966102
9235.0 0.0641923305085
9240.0 0.0641952966102
9245.0 0.0641923305085
9250.0 0.0641953389831
9255.0 0.0641923305085
9260.0 0.0641952966102
9265.0 0.0641923305085
9270.0 0.0641952966102
9275.0 0.0641923305085
9280.0 0.0641953389831
9285.0 0.0641923305085
9290.0 0.0641952966102
9295.0 0.0641923305085
9300.0 0.0641952966102
9305.0 0.0641923305085
9310.0 0.0641953389831
9315.0 0.0641923305085
9320.0 0.0641952966102
9325.0 0.0641923305085
9330.0 0.0641952966102
9335.0 0.0641923305085
9340.0 0.0641953389831
9345.0 0.0641923305085
9350.0 0.0641952966102
9355.0 0.0641923305085
9360.0 0.0641952966102
9365.0 0.0641923305085
9370.0 0.0641953389831
9375.0 0.0641923305085
9380.0 0.0641952966102
9385.0 0.0641923305085
9390.0 0.0641952966102
9395.0 0.0641923305085
9400.0 0.0641953389831
9405.0 0.0641923305085
9410.0 0.0641952966102
9415.0 0.0641923305085
9420.0 0.0641952966102
9425.0 0.0641923305085
9430.0 0.0641953389831
9435.0 0.0641923305085
9440.0 0.0641952966102
9445.0 0.0641923305085
9450.0 0.0641952966102
9455.0 0.0641923305085
9460.0 0.0641953389831
9465.0 0.0641923305085
9470.0 0.0641952966102
9475.0 0.0641923305085
9480.0 0.0641952966102
9485.0 0.0641923305085
9490.0 0.0641953389831
9495.0 0.0641923305085
9500.0 0.0641952966102
9505.0 0.0641923305085
9510.0 0.0641952966102
9515.0 0.0641923305085
9520.0 0.0641953389831
9525.0 0.0641923305085
9530.0 0.0641952966102
9535.0 0.0641923305085
9540.0 0.0641952966102
9545.0 0.0641923305085
9550.0 0.0641953389831
9555.0 0.0641923305085
9560.0 0.0641952966102
9565.0 0.0641923305085
9570.0 0.0641952966102
9575.0 0.0641923305085
9580.0 0.0641953389831
9585.0 0.0641923305085
9590.0 0.0641952966102
9595.0 0.0641923305085
9600.0 0.0641952966102
9605.0 0.0641923305085
9610.0 0.0641953389831
9615.0 0.0641923305085
9620.0 0.0641952966102
9625.0 0.0641923305085
9630.0 0.0641952966102
9635.0 0.0641923305085
9640.0 0.0641953389831
9645.0 0.0641923305085
9650.0 0.0641952966102
9655.0 0.0641923305085
9660.0 0.0641952966102
9665.0 0.0641923305085
9670.0 0.0641953389831
9675.0 0.0641923305085
9680.0 0.0641952966102
9685.0 0.0641923305085
9690.0 0.0641952966102
9695.0 0.0641923305085
9700.0 0.0641953389831
9705.0 0.0641923305085
9710.0 0.0641952966102
9715.0 0.0641923305085
9720.0 0.0641952966102
9725.0 0.0641923305085
9730.0 0.0641953389831
9735.0 0.0641923305085
9740.0 0.0641952966102
9745.0 0.0641923305085
9750.0 0.0641952966102
9755.0 0.0641923305085
9760.0 0.0641953389831
9765.0 0.0641923305085
9770.0 0.0641952966102
9775.0 0.0641923305085
9780.0 0.0641952966102
9785.0 0.0641923305085
9790.0 0.0641953389831
9795.0 0.0641923305085
9800.0 0.0641952966102
9805.0 0.0641923305085
9810.0 0.0641952966102
9815.0 0.0641923305085
9820.0 0.0641953389831
9825.0 0.0641923305085
9830.0 0.0641952966102
9835.0 0.0641923305085
9840.0 0.0641952966102
9845.0 0.0641923305085
9850.0 0.0641953389831
9855.0 0.0641923305085
9860.0 0.0641952966102
9865.0 0.0641923305085
9870.0 0.0641952966102
9875.0 0.0641923305085
9880.0 0.0641953389831
9885.0 0.0641923305085
9890.0 0.0641952966102
9895.0 0.0641923305085
9900.0 0.0641952966102
9905.0 0.0641923305085
9910.0 0.0641953389831
9915.0 0.0641923305085
9920.0 0.0641952966102
9925.0 0.0641923305085
9930.0 0.0641952966102
9935.0 0.0641923305085
9940.0 0.0641953389831
9945.0 0.0641923305085
9950.0 0.0641952966102
9955.0 0.0641923305085
9960.0 0.0641952966102
9965.0 0.0641923305085
9970.0 0.0641953389831
9975.0 0.0641923305085
9980.0 0.0641952966102
9985.0 0.0641923305085
9990.0 0.0641952966102
9995.0 0.0641923305085
10000.0 0.0641953389831
