5.0 -11.8101616102
10.0 -7.14228749576
15.0 -2.38630688983
20.0 -0.265161186441
25.0 0.27398920339
30.0 0.245574881356
35.0 0.158244516949
40.0 0.125213190678
45.0 0.127383025424
50.0 0.132286508475
55.0 0.132529525424
60.0 0.134791266949
65.0 0.138260995763
70.0 0.140551724576
75.0 0.143283512712
80.0 0.145975097458
85.0 0.148581360169
90.0 0.151196241525
95.0 0.153726525424
100.0 0.156042072034
105.0 0.158220334746
110.0 0.160272694915
115.0 0.162138211864
120.0 0.163834529661
125.0 0.165352008475
130.0 0.166734110169
135.0 0.167983868644
140.0 0.169096317797
145.0 0.170064165254
150.0 0.170964457627
155.0 0.171709258475
160.0 0.172408800847
165.0 0.173035834746
170.0 0.173557368644
175.0 0.173933177966
180.0 0.174414449153
185.0 0.17469834322
190.0 0.175036800847
195.0 0.175234495763
200.0 0.17546459322
205.0 0.175652974576
210.0 0.175844961864
215.0 0.175893745763
220.0 0.175970944915
225.0 0.17601729661
230.0 0.176197877119
235.0 0.176213012712
240.0 0.176261050847
245.0 0.176307495763
250.0 0.176373995763
255.0 0.176386105932
260.0 0.176411838983
265.0 0.176427970339
270.0 0.176530783898
275.0 0.17655245339
280.0 0.176512766949
285.0 0.176425661017
290.0 0.176364237288
295.0 0.176279292373
300.0 0.176237614407
305.0 0.176088224576
310.0 0.176069021186
315.0 0.175858516949
320.0 0.175693161017
325.0 0.175482588983
330.0 0.175370949153
335.0 0.175109385593
340.0 0.174954576271
345.0 0.174719050847
350.0 0.17455184322
355.0 0.174253402542
360.0 0.174065559322
365.0 0.173826966102
370.0 0.173721161017
375.0 0.173554576271
380.0 0.173408830508
385.0 0.173260733051
390.0 0.173220398305
395.0 0.173158944915
400.0 0.173138288136
405.0 0.173086449153
410.0 0.173143415254
415.0 0.173163961864
420.0 0.173273572034
425.0 0.173370550847
430.0 0.173498733051
435.0 0.173658720339
440.0 0.173818190678
445.0 0.174033847458
450.0 0.174284707627
455.0 0.174557631356
460.0 0.174876186441
465.0 0.175171694915
470.0 0.175463233051
475.0 0.175734580508
480.0 0.176118762712
485.0 0.176531483051
490.0 0.176891377119
495.0 0.177252436441
500.0 0.1776545
505.0 0.178032851695
510.0 0.178437216102
515.0 0.178853266949
520.0 0.179269271186
525.0 0.179684885593
530.0 0.180101563559
535.0 0.180517881356
540.0 0.180932983051
545.0 0.181345737288
550.0 0.181755601695
555.0 0.182161682203
560.0 0.18256354661
565.0 0.182960266949
570.0 0.18335195339
575.0 0.183737631356
580.0 0.184116775424
585.0 0.184488771186
590.0 0.184853088983
595.0 0.185213389831
600.0 0.185558919492
605.0 0.185890961864
610.0 0.186217088983
615.0 0.186536016949
620.0 0.186842792373
625.0 0.187139355932
630.0 0.187420822034
635.0 0.187689686441
640.0 0.187942936441
645.0 0.188185792373
650.0 0.188409597458
655.0 0.188624084746
660.0 0.188817476271
665.0 0.188990122881
670.0 0.189155864831
675.0 0.189296660169
680.0 0.189428637288
685.0 0.189537019915
690.0 0.189624304237
695.0 0.189690505085
700.0 0.189741186017
705.0 0.189775747881
710.0 0.189794645339
715.0 0.189775689407
720.0 0.189755700847
725.0 0.189694234746
730.0 0.189641250424
735.0 0.189549252966
740.0 0.189455683898
745.0 0.189314649153
750.0 0.189164573729
755.0 0.189010226271
760.0 0.188802039407
765.0 0.18858131822
770.0 0.188372127966
775.0 0.188135220763
780.0 0.187868808898
785.0 0.187572319492
790.0 0.187259227542
795.0 0.186928670339
800.0 0.186558355508
805.0 0.186263706356
810.0 0.185839730508
815.0 0.185426627966
820.0 0.185038132203
825.0 0.184591298305
830.0 0.184154789831
835.0 0.183694562288
840.0 0.183229666102
845.0 0.182706358051
850.0 0.182213377966
855.0 0.181678948305
860.0 0.181183689831
865.0 0.180613280932
870.0 0.180012432627
875.0 0.179430297458
880.0 0.178897718644
885.0 0.178278866102
890.0 0.17764824322
895.0 0.176961372458
900.0 0.176311973729
905.0 0.17571215
910.0 0.175139907627
915.0 0.174451694492
920.0 0.173768709322
925.0 0.172995830085
930.0 0.172276493644
935.0 0.171638701271
940.0 0.170955934322
945.0 0.170248456356
950.0 0.169529743644
955.0 0.168807550847
960.0 0.168015590678
965.0 0.167284038559
970.0 0.166563101695
975.0 0.165829325
980.0 0.165113895763
985.0 0.164309427542
990.0 0.163572925424
995.0 0.162841054237
1000.0 0.162129566949
1005.0 0.161350039407
1010.0 0.160575812712
1015.0 0.159855502119
1020.0 0.159077477542
1025.0 0.158292194068
1030.0 0.15754382839
1035.0 0.156765725424
1040.0 0.155980558475
1045.0 0.155221307627
1050.0 0.154471783051
1055.0 0.153716386441
1060.0 0.152965377542
1065.0 0.152199334322
1070.0 0.151432713983
1075.0 0.150722264831
1080.0 0.149986101271
1085.0 0.149266626271
1090.0 0.148504015678
1095.0 0.14781156822
1100.0 0.147089226271
1105.0 0.146330254661
1110.0 0.145593137288
1115.0 0.144911842373
1120.0 0.144232043644
1125.0 0.143553208051
1130.0 0.142832966525
1135.0 0.142176163136
1140.0 0.141513358475
1145.0 0.140855144492
1150.0 0.14020452839
1155.0 0.13956310678
1160.0 0.138931047881
1165.0 0.138308463559
1170.0 0.137695567373
1175.0 0.137092466949
1180.0 0.136499422881
1185.0 0.13591658178
1190.0 0.135344125847
1195.0 0.134782113983
1200.0 0.134230775424
1205.0 0.133690165254
1210.0 0.133160388983
1215.0 0.132641499576
1220.0 0.132133605932
1225.0 0.131636673729
1230.0 0.131150817797
1235.0 0.130676122881
1240.0 0.130212495763
1245.0 0.129760021186
1250.0 0.129318648305
1255.0 0.128885618644
1260.0 0.128476652542
1265.0 0.1280765
1270.0 0.127654932203
1275.0 0.127283690678
1280.0 0.126895355932
1285.0 0.126542165254
1290.0 0.126172889831
1295.0 0.125849364407
1300.0 0.12551045339
1305.0 0.125169555085
1310.0 0.124873809322
1315.0 0.124571694915
1320.0 0.124305987288
1325.0 0.124009385593
1330.0 0.123739347458
1335.0 0.123501512712
1340.0 0.123256461864
1345.0 0.123016105932
1350.0 0.122778364407
1355.0 0.122571457627
1360.0 0.122351614407
1365.0 0.122159088983
1370.0 0.121979758475
1375.0 0.121769398305
1380.0 0.121607411017
1385.0 0.121457605932
1390.0 0.121295733051
1395.0 0.121131987288
1400.0 0.121017745763
1405.0 0.120889461864
1410.0 0.120762830508
1415.0 0.12065870339
1420.0 0.12055790678
1425.0 0.120468677966
1430.0 0.120379487288
1435.0 0.12030284322
1440.0 0.120231004237
1445.0 0.120169733051
1450.0 0.120108440678
1455.0 0.120058300847
1460.0 0.120018686441
1465.0 0.119988330508
1470.0 0.11996120339
1475.0 0.119938754237
1480.0 0.119922898305
1485.0 0.119914139831
1490.0 0.119910991525
1495.0 0.119915144068
1500.0 0.119923855932
1505.0 0.119941101695
1510.0 0.119964813559
1515.0 0.119995677966
1520.0 0.120023978814
1525.0 0.120052381356
1530.0 0.120095800847
1535.0 0.12014104661
1540.0 0.120187029661
1545.0 0.120245830508
1550.0 0.120310144068
1555.0 0.120380165254
1560.0 0.120451245763
1565.0 0.120513368644
1570.0 0.120592940678
1575.0 0.120681118644
1580.0 0.120761661017
1585.0 0.120848902542
1590.0 0.120933508475
1595.0 0.121036432203
1600.0 0.121131038136
1605.0 0.12123409322
1610.0 0.121334834746
1615.0 0.121437529661
1620.0 0.121539033898
1625.0 0.121648775424
1630.0 0.121764300847
1635.0 0.121890944915
1640.0 0.12201234322
1645.0 0.122116050847
1650.0 0.122239059322
1655.0 0.122374300847
1660.0 0.12250290678
1665.0 0.122633355932
1670.0 0.122752864407
1675.0 0.122869694915
1680.0 0.12300404661
1685.0 0.123141915254
1690.0 0.123274398305
1695.0 0.123417974576
1700.0 0.123554809322
1705.0 0.123682872881
1710.0 0.123818983051
1715.0 0.123963868644
1720.0 0.124102911017
1725.0 0.124230436441
1730.0 0.124367911017
1735.0 0.124505622881
1740.0 0.124637444915
1745.0 0.124767165254
1750.0 0.124913707627
1755.0 0.125064012712
1760.0 0.125196521186
1765.0 0.125335504237
1770.0 0.125465724576
1775.0 0.125612669492
1780.0 0.125748233051
1785.0 0.12587709322
1790.0 0.126022491525
1795.0 0.126157338983
1800.0 0.126289830508
1805.0 0.126430372881
1810.0 0.126556322034
1815.0 0.126690444915
1820.0 0.126817012712
1825.0 0.126938245763
1830.0 0.127084194915
1835.0 0.127213305085
1840.0 0.127347567797
1845.0 0.127482186441
1850.0 0.127590427966
1855.0 0.12771465678
1860.0 0.127845419492
1865.0 0.127956266949
1870.0 0.128083466102
1875.0 0.128206872881
1880.0 0.128312949153
1885.0 0.128446072034
1890.0 0.128553275424
1895.0 0.128664779661
1900.0 0.12877190678
1905.0 0.128900597458
1910.0 0.129000521186
1915.0 0.129102927966
1920.0 0.129216788136
1925.0 0.129314911017
1930.0 0.12940765678
1935.0 0.129507
1940.0 0.129609584746
1945.0 0.12970520339
1950.0 0.129813169492
1955.0 0.129900415254
1960.0 0.129985635593
1965.0 0.130077207627
1970.0 0.130166805085
1975.0 0.130253516949
1980.0 0.130338639831
1985.0 0.130421940678
1990.0 0.130503309322
1995.0 0.130582940678
2000.0 0.130660605932
2005.0 0.130736529661
2010.0 0.130810491525
2015.0 0.130882673729
2020.0 0.130952927966
2025.0 0.131021368644
2030.0 0.131087885593
2035.0 0.131152627119
2040.0 0.13121540678
2045.0 0.131276411017
2050.0 0.131335538136
2055.0 0.131392851695
2060.0 0.131448241525
2065.0 0.131501902542
2070.0 0.131553690678
2075.0 0.131603665254
2080.0 0.131654262712
2085.0 0.13169720339
2090.0 0.131745851695
2095.0 0.131794974576
2100.0 0.131831889831
2105.0 0.131876991525
2110.0 0.131903864407
2115.0 0.131937949153
2120.0 0.131981224576
2125.0 0.132007898305
2130.0 0.132040072034
2135.0 0.132070525424
2140.0 0.132094783898
2145.0 0.132121508475
2150.0 0.132146915254
2155.0 0.132169326271
2160.0 0.132190372881
2165.0 0.132210038136
2170.0 0.132227915254
2175.0 0.132244618644
2180.0 0.132259533898
2185.0 0.132273364407
2190.0 0.13228540678
2195.0 0.132296364407
2200.0 0.132305618644
2205.0 0.132313826271
2210.0 0.132320415254
2215.0 0.132325961864
2220.0 0.132329978814
2225.0 0.132332944915
2230.0 0.132334466102
2235.0 0.132334940678
2240.0 0.13233409322
2245.0 0.132332161017
2250.0 0.132329033898
2255.0 0.132324813559
2260.0 0.132319449153
2265.0 0.132313033898
2270.0 0.13230559322
2275.0 0.132297105932
2280.0 0.132287682203
2285.0 0.132277165254
2290.0 0.132265834746
2295.0 0.132253457627
2300.0 0.132240309322
2305.0 0.132226110169
2310.0 0.132211313559
2315.0 0.132195423729
2320.0 0.132179016949
2325.0 0.132161559322
2330.0 0.132143627119
2335.0 0.132124644068
2340.0 0.132105351695
2345.0 0.132084970339
2350.0 0.132064364407
2355.0 0.132042707627
2360.0 0.132020872881
2365.0 0.131998067797
2370.0 0.131975084746
2375.0 0.131951169492
2380.0 0.131927165254
2385.0 0.131902271186
2390.0 0.131877326271
2395.0 0.131851538136
2400.0 0.131825737288
2405.0 0.131799135593
2410.0 0.131772563559
2415.0 0.131745271186
2420.0 0.131718012712
2425.0 0.131690114407
2430.0 0.131662207627
2435.0 0.131633792373
2440.0 0.131605364407
2445.0 0.131576550847
2450.0 0.131547644068
2455.0 0.131518478814
2460.0 0.131489169492
2465.0 0.131459779661
2470.0 0.131430114407
2475.0 0.131400533898
2480.0 0.131370639831
2485.0 0.131341
2490.0 0.131310919492
2495.0 0.131281211864
2500.0 0.131251025424
2505.0 0.13122134322
2510.0 0.131191088983
2515.0 0.131161550847
2520.0 0.131131317797
2525.0 0.131101923729
2530.0 0.131071792373
2535.0 0.131042588983
2540.0 0.131012597458
2545.0 0.130983661017
2550.0 0.130953902542
2555.0 0.130925275424
2560.0 0.130895741525
2565.0 0.130867508475
2570.0 0.130838322034
2575.0 0.130810444915
2580.0 0.130781610169
2585.0 0.13075420339
2590.0 0.130725805085
2595.0 0.130698834746
2600.0 0.130670911017
2605.0 0.130644457627
2610.0 0.13061704661
2615.0 0.130591110169
2620.0 0.130564258475
2625.0 0.130538919492
2630.0 0.130512665254
2635.0 0.130487927966
2640.0 0.130462271186
2645.0 0.130438131356
2650.0 0.13041315678
2655.0 0.130389694915
2660.0 0.130365360169
2665.0 0.130342580508
2670.0 0.130316805085
2675.0 0.130297245763
2680.0 0.130274737288
2685.0 0.130248355932
2690.0 0.130225927966
2695.0 0.13020645339
2700.0 0.13018665678
2705.0 0.130169508475
2710.0 0.130150851695
2715.0 0.130127898305
2720.0 0.130110639831
2725.0 0.130091966102
2730.0 0.130068474576
2735.0 0.130052377119
2740.0 0.130037016949
2745.0 0.130018885593
2750.0 0.130003563559
2755.0 0.12998475
2760.0 0.129968063559
2765.0 0.129953144068
2770.0 0.129934631356
2775.0 0.129921610169
2780.0 0.129910635593
2785.0 0.129894008475
2790.0 0.129879635593
2795.0 0.12986859322
2800.0 0.129854639831
2805.0 0.129840245763
2810.0 0.129828105932
2815.0 0.129819334746
2820.0 0.129806211864
2825.0 0.129791970339
2830.0 0.129787949153
2835.0 0.129772300847
2840.0 0.129764372881
2845.0 0.129756974576
2850.0 0.12974395339
2855.0 0.129738542373
2860.0 0.129729580508
2865.0 0.129716402542
2870.0 0.129716330508
2875.0 0.129704161017
2880.0 0.129699372881
2885.0 0.129693
2890.0 0.129683415254
2895.0 0.129681991525
2900.0 0.129673199153
2905.0 0.129669563559
2910.0 0.129664533898
2915.0 0.129657326271
2920.0 0.129656991525
2925.0 0.129650449153
2930.0 0.129648326271
2935.0 0.129644614407
2940.0 0.129639682203
2945.0 0.129639690678
2950.0 0.12963529661
2955.0 0.129634745763
2960.0 0.129631995763
2965.0 0.12962990678
2970.0 0.129629432203
2975.0 0.129627669492
2980.0 0.129627830508
2985.0 0.129626563559
2990.0 0.129626669492
2995.0 0.129626241525
3000.0 0.129626800847
3005.0 0.129626745763
3010.0 0.129627758475
3015.0 0.129629012712
3020.0 0.129629334746
3025.0 0.129631974576
3030.0 0.129631783898
3035.0 0.129634877119
3040.0 0.129636457627
3045.0 0.129637885593
3050.0 0.129642254237
3055.0 0.129642067797
3060.0 0.129646635593
3065.0 0.129649279661
3070.0 0.129651084746
3075.0 0.129657063559
3080.0 0.12965670339
3085.0 0.129662334746
3090.0 0.129666118644
3095.0 0.129668516949
3100.0 0.129675042373
3105.0 0.129676088983
3110.0 0.129681415254
3115.0 0.129688084746
3120.0 0.129688957627
3125.0 0.129696127119
3130.0 0.12970004661
3135.0 0.129703389831
3140.0 0.129711622881
3145.0 0.129712211864
3150.0 0.129719584746
3155.0 0.129726822034
3160.0 0.129727745763
3165.0 0.129736834746
3170.0 0.129739288136
3175.0 0.129745144068
3180.0 0.129754326271
3185.0 0.129754377119
3190.0 0.129763254237
3195.0 0.12976965678
3200.0 0.129772
3205.0 0.129781529661
3210.0 0.129784254237
3215.0 0.129790385593
3220.0 0.129799927966
3225.0 0.129800381356
3230.0 0.129809233051
3235.0 0.129816800847
3240.0 0.129818529661
3245.0 0.129828254237
3250.0 0.129832059322
3255.0 0.129837411017
3260.0 0.129846932203
3265.0 0.129847961864
3270.0 0.129856245763
3275.0 0.129864563559
3280.0 0.129865766949
3285.0 0.129874627119
3290.0 0.129881088983
3295.0 0.129883673729
3300.0 0.129892669492
3305.0 0.129897161017
3310.0 0.129901576271
3315.0 0.129910470339
3320.0 0.129913279661
3325.0 0.129919114407
3330.0 0.129927851695
3335.0 0.129929114407
3340.0 0.129936449153
3345.0 0.129944444915
3350.0 0.129945635593
3355.0 0.129953288136
3360.0 0.129960326271
3365.0 0.129961792373
3370.0 0.129970139831
3375.0 0.129974021186
3380.0 0.129978169492
3385.0 0.129985694915
3390.0 0.129988830508
3395.0 0.129993512712
3400.0 0.130000838983
3405.0 0.130002898305
3410.0 0.130008398305
3415.0 0.130015669492
3420.0 0.130016300847
3425.0 0.130023139831
3430.0 0.130028478814
3435.0 0.130030233051
3440.0 0.130037389831
3445.0 0.13003940678
3450.0 0.130044016949
3455.0 0.130050694915
3460.0 0.130051025424
3465.0 0.130057190678
3470.0 0.130061512712
3475.0 0.130063355932
3480.0 0.130069495763
3485.0 0.130071042373
3490.0 0.130075444915
3495.0 0.130080385593
3500.0 0.130081440678
3505.0 0.130086127119
3510.0 0.130090444915
3515.0 0.130091402542
3520.0 0.130096826271
3525.0 0.130097699153
3530.0 0.130101978814
3535.0 0.130105567797
3540.0 0.130106838983
3545.0 0.130110682203
3550.0 0.130113271186
3555.0 0.130114991525
3560.0 0.130119317797
3565.0 0.130119436441
3570.0 0.130123508475
3575.0 0.130125279661
3580.0 0.130127152542
3585.0 0.130130152542
3590.0 0.130131516949
3595.0 0.130133542373
3600.0 0.130136648305
3605.0 0.130136728814
3610.0 0.130140216102
3615.0 0.130140042373
3620.0 0.130143487288
3625.0 0.130143360169
3630.0 0.130146216102
3635.0 0.130146936441
3640.0 0.130148313559
3645.0 0.130149923729
3650.0 0.130150368644
3655.0 0.130152194915
3660.0 0.130153317797
3665.0 0.130153961864
3670.0 0.130155508475
3675.0 0.130155771186
3680.0 0.130156987288
3685.0 0.130157334746
3690.0 0.130158254237
3695.0 0.130158860169
3700.0 0.130159567797
3705.0 0.130159707627
3710.0 0.130160588983
3715.0 0.130160605932
3720.0 0.130161233051
3725.0 0.130161377119
3730.0 0.130161923729
3735.0 0.130161644068
3740.0 0.130162110169
3745.0 0.130162088983
3750.0 0.130162338983
3755.0 0.130162067797
3760.0 0.130162025424
3765.0 0.130162135593
3770.0 0.1301615
3775.0 0.13016165678
3780.0 0.130161491525
3785.0 0.130161139831
3790.0 0.130160466102
3795.0 0.130160419492
3800.0 0.130159957627
3805.0 0.130159228814
3810.0 0.130159533898
3815.0 0.130157961864
3820.0 0.130158059322
3825.0 0.13015779661
3830.0 0.130156457627
3835.0 0.130156580508
3840.0 0.130154855932
3845.0 0.130154813559
3850.0 0.130154275424
3855.0 0.130153008475
3860.0 0.130152432203
3865.0 0.130151461864
3870.0 0.130150631356
3875.0 0.130149745763
3880.0 0.130148834746
3885.0 0.13014795339
3890.0 0.130146576271
3895.0 0.130146288136
3900.0 0.130145631356
3905.0 0.130143860169
3910.0 0.130143292373
3915.0 0.130142411017
3920.0 0.130140745763
3925.0 0.130140207627
3930.0 0.13013934322
3935.0 0.130137745763
3940.0 0.130136927966
3945.0 0.130135923729
3950.0 0.130134512712
3955.0 0.130133724576
3960.0 0.130132610169
3965.0 0.130131144068
3970.0 0.130130330508
3975.0 0.130129245763
3980.0 0.13012779661
3985.0 0.130126881356
3990.0 0.130125728814
3995.0 0.130124775424
4000.0 0.130123029661
4005.0 0.130122372881
4010.0 0.130121050847
4015.0 0.130119970339
4020.0 0.130118525424
4025.0 0.130117614407
4030.0 0.130116254237
4035.0 0.130115300847
4040.0 0.130114241525
4045.0 0.130113076271
4050.0 0.130111419492
4055.0 0.130110724576
4060.0 0.130109576271
4065.0 0.130107949153
4070.0 0.130107355932
4075.0 0.130106190678
4080.0 0.130104495763
4085.0 0.130103800847
4090.0 0.130102868644
4095.0 0.130101326271
4100.0 0.130100309322
4105.0 0.130099487288
4110.0 0.130098173729
4115.0 0.130097186441
4120.0 0.130095919492
4125.0 0.130095135593
4130.0 0.130093995763
4135.0 0.13009275
4140.0 0.130091567797
4145.0 0.13009070339
4150.0 0.130089775424
4155.0 0.130088822034
4160.0 0.130087855932
4165.0 0.130086775424
4170.0 0.130085851695
4175.0 0.130085279661
4180.0 0.130083720339
4185.0 0.130082936441
4190.0 0.130081800847
4195.0 0.130081355932
4200.0 0.130080686441
4205.0 0.130079186441
4210.0 0.130078516949
4215.0 0.130078029661
4220.0 0.130076555085
4225.0 0.130075898305
4230.0 0.130075440678
4235.0 0.130074063559
4240.0 0.130073648305
4245.0 0.130073033898
4250.0 0.130072025424
4255.0 0.130071288136
4260.0 0.130070402542
4265.0 0.130069919492
4270.0 0.130069161017
4275.0 0.13006829661
4280.0 0.13006804661
4285.0 0.130067135593
4290.0 0.13006629661
4295.0 0.130065724576
4300.0 0.130065436441
4305.0 0.130064991525
4310.0 0.130063682203
4315.0 0.130063495763
4320.0 0.130062864407
4325.0 0.130062673729
4330.0 0.130061533898
4335.0 0.13006134322
4340.0 0.13006084322
4345.0 0.130060690678
4350.0 0.130060063559
4355.0 0.130059317797
4360.0 0.130058817797
4365.0 0.130058627119
4370.0 0.130058377119
4375.0 0.130057970339
4380.0 0.130057427966
4385.0 0.130056809322
4390.0 0.130056516949
4395.0 0.130056368644
4400.0 0.13005615678
4405.0 0.13005579661
4410.0 0.130055377119
4415.0 0.130055097458
4420.0 0.130054847458
4425.0 0.130054525424
4430.0 0.130054402542
4435.0 0.130054207627
4440.0 0.130053957627
4445.0 0.130053762712
4450.0 0.130053470339
4455.0 0.130053313559
4460.0 0.130053190678
4465.0 0.130053038136
4470.0 0.130052868644
4475.0 0.130052716102
4480.0 0.13005254661
4485.0 0.130052436441
4490.0 0.130052351695
4495.0 0.130052241525
4500.0 0.130052241525
4505.0 0.130052173729
4510.0 0.130052042373
4515.0 0.130051974576
4520.0 0.130051974576
4525.0 0.130052029661
4530.0 0.130051987288
4535.0 0.130051919492
4540.0 0.130051872881
4545.0 0.130051970339
4550.0 0.130052055085
4555.0 0.130052025424
4560.0 0.130051894068
4565.0 0.130052076271
4570.0 0.13005220339
4575.0 0.130052258475
4580.0 0.130052211864
4585.0 0.130052351695
4590.0 0.130052521186
4595.0 0.130052444915
4600.0 0.130052440678
4605.0 0.130052665254
4610.0 0.130052788136
4615.0 0.130052716102
4620.0 0.130052877119
4625.0 0.130053271186
4630.0 0.130053182203
4635.0 0.130053063559
4640.0 0.130053483051
4645.0 0.130053665254
4650.0 0.130053576271
4655.0 0.13005375
4660.0 0.130054088983
4665.0 0.130054097458
4670.0 0.13005409322
4675.0 0.130054605932
4680.0 0.130054601695
4685.0 0.130054737288
4690.0 0.130055029661
4695.0 0.130055080508
4700.0 0.130055072034
4705.0 0.130055631356
4710.0 0.130055754237
4715.0 0.130055588983
4720.0 0.13005609322
4725.0 0.130056186441
4730.0 0.130056182203
4735.0 0.130056779661
4740.0 0.130056817797
4745.0 0.130056822034
4750.0 0.130057279661
4755.0 0.130057415254
4760.0 0.130057411017
4765.0 0.130057966102
4770.0 0.130057957627
4775.0 0.130057923729
4780.0 0.130058550847
4785.0 0.130058601695
4790.0 0.130058635593
4795.0 0.130059275424
4800.0 0.130059139831
4805.0 0.130059233051
4810.0 0.130059817797
4815.0 0.130059783898
4820.0 0.130059940678
4825.0 0.130060542373
4830.0 0.130060279661
4835.0 0.130060580508
4840.0 0.130061080508
4845.0 0.130061088983
4850.0 0.130061372881
4855.0 0.130061758475
4860.0 0.130061542373
4865.0 0.130061970339
4870.0 0.13006234322
4875.0 0.130062389831
4880.0 0.130062805085
4885.0 0.130062894068
4890.0 0.13006284322
4895.0 0.130063440678
4900.0 0.130063601695
4905.0 0.130063648305
4910.0 0.130064122881
4915.0 0.130064008475
4920.0 0.130064262712
4925.0 0.130064724576
4930.0 0.130064724576
4935.0 0.130064974576
4940.0 0.130065266949
4945.0 0.130065114407
4950.0 0.130065652542
4955.0 0.130065966102
4960.0 0.130065877119
4965.0 0.130066317797
4970.0 0.130066355932
4975.0 0.130066283898
4980.0 0.130066792373
4985.0 0.13006715678
4990.0 0.130066995763
4995.0 0.130067258475
5000.0 0.130067474576
