/*--------------------------------*- C++ -*----------------------------------*\
| =========                 |                                                 |
| \\      /  F ield         | OpenFOAM: The Open Source CFD Toolbox           |
|  \\    /   O peration     | Version:  2.3.0                                 |
|   \\  /    A nd           | Web:      www.OpenFOAM.org                      |
|    \\/     M anipulation  |                                                 |
\*---------------------------------------------------------------------------*/
FoamFile
{
    version     2.0;
    format      ascii;
    class       volScalarField;
    location    "10000";
    object      p;
}
// * * * * * * * * * * * * * * * * * * * * * * * * * * * * * * * * * * * * * //

dimensions      [0 2 -2 0 0 0 0];

internalField   nonuniform List<scalar> 
6275
(
0.00066499
-2.59428
-4.28653
-4.91884
-4.51854
-2.89448
0.584291
7.13537
17.551
29.7915
41.7365
64.505
20.7855
22.0236
24.6001
28.9785
35.5705
44.6002
56.0847
69.9196
85.8255
103.351
122.249
141.928
37.9317
41.7146
46.5776
52.4576
59.3147
67.0916
75.7058
85.023
94.8411
104.931
115.086
125.072
50.4667
54.9873
60.3828
66.5721
73.5118
81.1001
89.2081
97.6822
106.341
114.993
123.438
131.494
60.0012
64.583
69.7567
75.3861
81.4392
87.8513
94.5432
101.431
108.409
115.37
122.198
128.79
67.3207
71.6065
76.41
81.5346
86.9747
92.6797
98.5919
104.646
110.764
116.868
122.868
128.69
72.9421
76.8232
81.1982
85.7895
90.6375
95.7004
100.943
106.319
111.764
117.222
122.623
127.906
77.4094
80.8396
84.84
89.0118
93.4399
98.0537
102.798
107.649
112.585
117.584
122.562
127.478
81.1262
83.8704
87.3667
91.1027
95.1269
99.3672
103.773
108.251
112.858
117.494
122.071
126.741
84.2661
85.8394
89.0259
92.1127
95.491
99.1668
103.359
108.099
112.602
116.931
121.099
125.59
121.503
150.845
171.822
189.078
203.28
214.105
221.402
225.253
225.964
224.067
220.51
216.452
159.662
174.041
185.725
195.007
202.023
206.897
209.853
211.182
211.171
210.076
208.33
206.404
134.851
144.598
154.12
163.119
171.346
178.593
184.69
189.513
192.992
195.135
196.214
196.608
139.139
146.501
153.563
160.191
166.256
171.661
176.341
180.254
183.372
185.679
187.345
188.675
135.162
141.401
147.475
153.276
158.706
163.682
168.141
172.03
175.309
177.944
180.067
181.913
134.316
139.789
145.085
150.131
154.859
159.215
163.159
166.661
169.699
172.251
174.404
176.388
133.029
138.007
142.812
147.388
151.673
155.637
159.245
162.478
165.338
167.805
169.939
171.971
132.222
136.813
141.236
145.446
149.36
152.983
156.296
159.279
161.964
164.304
166.358
168.251
131.315
135.644
139.764
143.756
147.477
150.846
153.967
156.729
159.26
161.46
163.316
165.088
130.164
134.3
138.135
142.093
145.679
149.179
152.19
154.65
156.999
159.024
160.678
162.559
75.2634
74.8851
74.3148
73.6931
73.0792
72.5077
72.0177
71.6663
71.5104
71.6021
72.167
74.156
77.5855
77.0998
76.6369
76.2086
75.8606
75.6142
75.4931
75.5626
75.9882
77.0473
78.9521
81.4772
79.6261
79.3099
79.0068
78.7361
78.5404
78.4503
78.5125
78.8351
79.5847
80.9328
82.9262
85.3421
81.4441
81.2886
81.1185
80.9818
80.9173
80.9557
81.1603
81.6453
82.5272
83.8821
85.6786
87.7502
83.122
83.0408
82.9465
82.9104
82.9507
83.0903
83.3934
83.9561
84.8676
86.1734
87.832
89.7042
84.4698
84.5795
84.5234
84.5543
84.6632
84.8633
85.2174
85.8068
86.7043
87.9482
89.512
91.2778
85.9244
85.8603
85.8961
85.9748
86.1185
86.3497
86.7274
87.3247
88.2022
89.4
90.9026
92.5947
86.8577
87.0006
87.0757
87.1757
87.3439
87.5907
87.9582
88.5195
89.3205
90.421
91.8391
93.4819
87.6727
87.9778
88.1068
88.2134
88.4133
88.6929
89.0671
89.6559
90.4642
91.6043
93.1274
94.8108
88.1672
88.5984
88.862
88.9548
89.2171
89.5103
89.6212
89.6643
89.671
90.0876
91.2227
93.3387
79.4263
82.2334
84.7609
87.2386
89.7071
92.1003
94.4209
96.7071
98.9961
101.308
103.668
105.874
84.3068
85.639
86.9347
88.4753
90.2792
92.2607
94.3554
96.5032
98.6653
100.831
102.998
105.049
87.6864
89.3502
90.5992
91.8411
93.1854
94.6289
96.169
97.7892
99.4748
101.226
103.013
104.66
89.7878
91.4683
92.6301
93.7643
94.9567
96.2
97.4944
98.8369
100.229
101.69
103.21
104.618
91.5629
93.116
94.1451
95.1498
96.2049
97.3076
98.4538
99.637
100.855
102.12
103.443
104.702
93.0463
94.5343
95.5223
96.453
97.4066
98.3902
99.4022
100.44
101.5
102.588
103.716
104.852
94.2989
95.7586
96.7405
97.6268
98.5094
99.4005
100.302
101.213
102.137
103.073
104.029
105.014
95.2004
96.7233
97.7687
98.641
99.4698
100.284
101.092
101.9
102.712
103.53
104.358
105.22
96.4575
97.9438
98.8899
99.6341
100.349
101.065
101.781
102.501
103.219
103.941
104.667
105.429
95.9744
98.2945
99.7128
100.469
101.109
101.763
102.399
103.032
103.659
104.294
104.951
105.65
-276.907
-253.549
-226.357
-204.173
-181.368
-155.937
-129.586
-103.86
-79.9518
-59.0218
-41.6456
-27.8812
-158.488
-157.836
-155.712
-153.319
-150.314
-144.979
-136.332
-123.935
-107.792
-88.9391
-69.2652
-50.6818
-160.964
-160.803
-160.51
-159.005
-155.79
-150.8
-143.536
-133.477
-120.36
-104.285
-86.0405
-66.4007
-144.976
-144.867
-144.566
-144.005
-142.967
-141.076
-137.954
-132.763
-124.449
-112.359
-96.8692
-78.1623
-139.467
-139.44
-139.367
-139.127
-138.527
-137.259
-134.988
-131.212
-125.146
-115.89
-103.153
-85.7709
-131.65
-131.625
-131.552
-131.377
-131.019
-130.313
-129.006
-126.672
-122.606
-115.87
-105.961
-91.6602
-125.48
-125.467
-125.435
-125.337
-125.108
-124.623
-123.675
-121.981
-119.02
-113.946
-106.049
-93.9005
-119.256
-119.249
-119.23
-119.166
-119.013
-118.685
-118.025
-116.811
-114.654
-110.846
-104.537
-95.1686
-113.425
-113.424
-113.42
-113.387
-113.289
-113.06
-112.574
-111.645
-109.979
-107.017
-101.811
-93.5279
-107.72
-107.723
-107.728
-107.715
-107.655
-107.498
-107.144
-106.429
-105.118
-102.762
-98.5158
-91.6381
-102.158
-102.165
-102.179
-102.183
-102.153
-102.052
-101.794
-101.237
-100.187
-98.2861
-94.8672
-88.8509
-96.6848
-96.6948
-96.7151
-96.7316
-96.7249
-96.6645
-96.4803
-96.0462
-95.1918
-93.6189
-90.7875
-85.5563
-91.2952
-91.3073
-91.3327
-91.3592
-91.3705
-91.3419
-91.2149
-90.8786
-90.18
-88.8723
-86.5276
-82.1094
-85.9895
-86.0032
-86.0318
-86.0651
-86.0889
-86.083
-85.9985
-85.7379
-85.1623
-84.0618
-82.0847
-78.3038
-80.7872
-80.8021
-80.8336
-80.8727
-80.9072
-80.9205
-80.8718
-80.6755
-80.2062
-79.2841
-77.6173
-74.6459
-75.6817
-75.6977
-75.7318
-75.7761
-75.8199
-75.8496
-75.8309
-75.6877
-75.3031
-74.517
-73.0698
-70.3823
-70.6746
-70.6911
-70.7266
-70.7742
-70.8241
-70.8651
-70.8686
-70.7675
-70.4527
-69.7729
-68.472
-66.1052
-65.7774
-65.7945
-65.8316
-65.8824
-65.9383
-65.9903
-66.0145
-65.9517
-65.703
-65.1389
-64.0437
-62.0557
-60.9856
-61.003
-61.0407
-61.0931
-61.1527
-61.2117
-61.2501
-61.2152
-61.015
-60.5308
-59.576
-57.6854
-56.3118
-56.3294
-56.3677
-56.4216
-56.4843
-56.5498
-56.6012
-56.5928
-56.4402
-56.031
-55.1949
-53.7228
-51.7573
-51.7748
-51.8128
-51.8669
-51.9309
-52
-52.0597
-52.07
-51.954
-51.6055
-50.8524
-49.3968
-47.3293
-47.3469
-47.3852
-47.4403
-47.5067
-47.5807
-47.6505
-47.6812
-47.603
-47.3185
-46.6658
-45.4611
-43.0159
-43.0333
-43.071
-43.1253
-43.1915
-43.2666
-43.3407
-43.3828
-43.3282
-43.085
-42.5102
-41.2573
-38.8342
-38.8513
-38.8881
-38.9412
-39.0064
-39.0813
-39.1578
-39.21
-39.1805
-38.9842
-38.4873
-37.5158
-34.7839
-34.8011
-34.8379
-34.8911
-34.9568
-35.0332
-35.1135
-35.1751
-35.1678
-35.0137
-34.5871
-33.7496
-30.8516
-30.8689
-30.9059
-30.9598
-31.0267
-31.1054
-31.1896
-31.2594
-31.2681
-31.1413
-30.7487
-29.863
-27.0122
-27.0306
-27.07
-27.1278
-27.2008
-27.2881
-27.385
-27.4731
-27.508
-27.4182
-27.0794
-26.4316
-23.2285
-23.247
-23.2865
-23.3448
-23.4186
-23.5078
-23.6079
-23.7015
-23.7439
-23.6611
-23.3135
-22.1652
-19.5305
-19.5492
-19.5892
-19.6487
-19.725
-19.8184
-19.9261
-20.0338
-20.1005
-20.0557
-19.8236
-19.6175
-15.9084
-15.9269
-15.9661
-16.024
-16.0983
-16.1896
-16.2953
-16.4026
-16.473
-16.4416
-16.2248
-15.5508
-12.4006
-12.4188
-12.4577
-12.5154
-12.5899
-12.6821
-12.7905
-12.9046
-12.9924
-12.9998
-12.8811
-12.7674
-8.98415
-9.00221
-9.04068
-9.09754
-9.17118
-9.26251
-9.37009
-9.48388
-9.57326
-9.58967
-9.49257
-9.05304
-5.67485
-5.69249
-5.72996
-5.78548
-5.8574
-5.94701
-6.05331
-6.16797
-6.26325
-6.28328
-6.16199
-5.97773
-2.47469
-2.49211
-2.52922
-2.58425
-2.65601
-2.74569
-2.8527
-2.96975
-3.0731
-3.11395
-3.03019
-2.85748
0.634151
0.616889
0.580022
0.525212
0.453544
0.363417
0.255287
0.136225
0.0295815
-0.0175476
0.0658651
0.501139
3.64652
3.63017
3.59518
3.5429
3.47407
3.38703
3.28135
3.16259
3.05338
3.00423
3.07079
3.28537
6.54638
6.53052
6.49667
6.44619
6.37956
6.29465
6.19048
6.07073
5.95199
5.87482
5.87742
5.78764
9.34069
9.3257
9.29379
9.24617
9.18316
9.1027
9.00362
8.88914
8.77419
8.68971
8.67689
8.9843
12.0226
12.0081
11.9774
11.9319
11.8716
11.7942
11.6983
11.5859
11.4695
11.3806
11.3354
11.1564
14.6084
14.594
14.5641
14.5199
14.4613
14.3861
14.2931
14.1839
14.0695
13.9788
13.9409
13.9518
17.1114
17.0973
17.0681
17.025
16.9679
16.8949
16.8044
16.6978
16.5858
16.4975
16.475
16.5212
19.5396
19.5256
19.4963
19.4533
19.3964
19.3237
19.2337
19.1276
19.0134
18.9157
18.8737
18.877
21.9079
21.894
21.8649
21.8219
21.765
21.6923
21.6026
21.4974
21.3856
21.2915
21.2616
21.4649
24.2161
24.2027
24.1744
24.1327
24.0771
24.0058
23.9172
23.8123
23.701
23.6118
23.5778
23.5464
26.4508
26.4377
26.4101
26.3691
26.3144
26.2438
26.1557
26.0495
25.9312
25.8238
25.7571
25.5847
28.6213
28.609
28.5827
28.5438
28.4919
28.4246
28.34
28.2388
28.1275
28.0239
27.9667
28.1958
30.7064
30.6946
30.6697
30.6327
30.5833
30.5189
30.4373
30.3372
30.2219
30.1081
30.0089
29.6935
32.7199
32.7084
32.6842
32.6485
32.6006
32.5387
32.4608
32.3661
32.2581
32.1523
32.079
32.0918
34.6737
34.6624
34.6388
34.6041
34.5577
34.4976
34.4222
34.3314
34.2302
34.1369
34.0879
34.12
36.5687
36.5577
36.5346
36.5007
36.4553
36.3965
36.3226
36.2328
36.1302
36.0287
35.9563
35.9149
38.4141
38.4032
38.3804
38.347
38.3024
38.2446
38.1722
38.0849
37.9862
37.8879
37.8201
37.9195
40.2088
40.1983
40.1763
40.1441
40.101
40.045
39.9743
39.8886
39.7921
39.6999
39.6275
39.4995
41.9483
41.9378
41.9157
41.8835
41.8405
41.7849
41.7146
41.6279
41.5267
41.4222
41.3256
41.1267
43.6545
43.6443
43.6225
43.5908
43.5485
43.4937
43.4252
43.3436
43.2529
43.1636
43.1078
43.3996
45.3093
45.2994
45.2785
45.2478
45.2067
45.153
45.0846
44.9997
44.8994
44.7942
44.694
44.3881
46.9139
46.9043
46.8839
46.8543
46.8146
46.7628
46.6969
46.6153
46.518
46.4104
46.3186
46.3798
48.473
48.4635
48.4436
48.4147
48.3761
48.3258
48.2622
48.1844
48.0939
47.9996
47.9297
47.9641
49.9915
49.982
49.9624
49.9342
49.8965
49.8473
49.7852
49.709
49.6201
49.5275
49.456
49.4461
51.4713
51.4617
51.4423
51.4145
51.3774
51.3292
51.2683
51.1934
51.1053
51.0122
50.9447
50.9361
52.918
52.9081
52.8886
52.8609
52.824
52.7765
52.7168
52.6445
52.5607
52.4738
52.4221
52.5397
54.333
54.3227
54.3033
54.2758
54.2392
54.192
54.1328
54.0613
53.9795
53.8968
53.8307
53.7705
55.7141
55.7032
55.6834
55.6556
55.6188
55.5714
55.5121
55.4401
55.357
55.2692
55.1849
55.1298
57.0734
57.062
57.0415
57.013
56.9756
56.9279
56.8692
56.8001
56.724
56.6511
56.5978
56.6725
58.406
58.3939
58.3726
58.3429
58.3042
58.255
58.1944
58.122
58.0404
57.9602
57.897
57.7264
59.7183
59.7058
59.6834
59.6525
59.6124
59.5622
59.5014
59.4309
59.3542
59.2779
59.2226
59.4188
60.998
60.9851
60.9618
60.9298
60.8885
60.8366
60.7735
60.6999
60.6184
60.5393
60.4745
60.2584
62.2442
62.2305
62.2062
62.1731
62.1306
62.0781
62.0156
61.9451
61.871
61.8034
61.7741
61.9365
63.4563
63.4417
63.4159
63.381
63.3369
63.2831
63.2206
63.1527
63.086
63.0359
63.0381
63.1105
64.6369
64.6205
64.5919
64.5539
64.5068
64.451
64.3889
64.3258
64.2706
64.2407
64.28
64.5284
65.7942
65.776
65.7439
65.7017
65.6503
65.5911
65.5282
65.4696
65.4282
65.4265
65.4991
65.644
66.9062
66.8835
66.8437
66.7929
66.7343
66.6714
66.6113
66.5653
66.549
66.5869
66.7196
66.9449
68.0226
67.9961
67.9494
67.8901
67.8224
67.7528
67.6938
67.6638
67.6851
67.7842
67.996
68.3885
68.9284
68.8892
68.8145
68.7308
68.6539
68.5984
68.5824
68.6255
68.7462
68.9605
69.2878
69.7222
70.0255
69.9825
69.9072
69.8155
69.7369
69.6955
69.717
69.8257
70.0388
70.364
70.8087
71.3771
70.1728
69.1912
68.8302
68.89
69.1587
69.5149
69.9378
70.4243
70.9776
71.6044
72.3164
73.1468
411.822
402.652
388.13
369.983
349.264
326.962
304.53
283.492
264.973
249.378
236.679
226.813
288.365
289.825
289.582
288.122
285.664
281.922
276.547
269.386
260.607
250.702
240.509
231.087
264.809
265.9
266.04
265.825
265.04
263.477
260.958
257.333
252.465
246.298
239.08
231.488
269.562
269.161
267.9
266.285
264.182
261.503
258.167
254.112
249.295
243.676
237.34
230.661
258.019
257.669
257.035
256.177
254.957
253.29
251.067
248.171
244.499
239.975
234.654
228.925
245.996
245.858
245.659
245.304
244.727
243.855
242.581
240.778
238.309
235.037
230.907
226.23
238.621
238.523
238.365
238.065
237.605
236.928
235.953
234.584
232.705
230.178
226.878
222.926
232.671
232.589
232.445
232.182
231.794
231.23
230.429
229.312
227.784
225.73
223.017
219.627
226.99
226.931
226.825
226.629
226.336
225.905
225.285
224.408
223.189
221.527
219.308
216.43
221.892
221.851
221.772
221.624
221.399
221.064
220.579
219.886
218.916
217.577
215.779
213.55
217.426
217.394
217.329
217.207
217.022
216.746
216.347
215.777
214.978
213.868
212.341
210.385
213.391
213.366
213.312
213.21
213.055
212.824
212.488
212.008
211.331
210.389
209.075
207.307
209.689
209.67
209.625
209.54
209.409
209.213
208.928
208.521
207.944
207.141
206.019
204.468
206.278
206.266
206.229
206.156
206.044
205.877
205.634
205.285
204.791
204.101
203.14
201.791
203.122
203.115
203.084
203.022
202.926
202.782
202.572
202.27
201.842
201.243
200.41
199.228
200.186
200.183
200.156
200.102
200.018
199.892
199.708
199.444
199.069
198.543
197.808
196.751
197.439
197.437
197.413
197.366
197.292
197.181
197.019
196.786
196.454
195.988
195.334
194.378
194.854
194.853
194.832
194.791
194.726
194.627
194.484
194.277
193.984
193.573
192.996
192.145
192.413
192.412
192.394
192.358
192.3
192.212
192.085
191.902
191.644
191.283
190.784
190.05
190.096
190.096
190.079
190.047
189.995
189.917
189.802
189.638
189.405
189.078
188.626
187.928
187.889
187.888
187.874
187.845
187.798
187.727
187.622
187.471
187.256
186.954
186.534
185.885
185.78
185.78
185.768
185.743
185.699
185.634
185.538
185.399
185.202
184.921
184.536
183.959
183.764
183.764
183.755
183.732
183.693
183.633
183.545
183.419
183.238
182.982
182.63
182.139
181.833
181.834
181.826
181.806
181.77
181.716
181.635
181.52
181.355
181.119
180.793
180.367
179.979
179.98
179.973
179.956
179.923
179.873
179.8
179.695
179.545
179.333
179.04
178.701
178.192
178.194
178.188
178.172
178.143
178.097
178.03
177.934
177.797
177.604
177.332
177.023
176.469
176.471
176.465
176.45
176.423
176.381
176.319
176.229
176.102
175.922
175.665
175.369
174.8
174.801
174.796
174.783
174.758
174.719
174.66
174.577
174.458
174.289
174.045
173.766
173.182
173.183
173.179
173.167
173.143
173.107
173.053
172.976
172.866
172.712
172.489
172.246
171.614
171.615
171.61
171.598
171.577
171.543
171.493
171.421
171.32
171.178
170.973
170.745
170.082
170.083
170.079
170.069
170.05
170.018
169.972
169.905
169.81
169.678
169.484
169.274
168.593
168.593
168.589
168.58
168.561
168.532
168.488
168.426
168.337
168.213
168.031
167.834
167.135
167.136
167.132
167.124
167.107
167.08
167.039
166.981
166.898
166.782
166.614
166.434
165.71
165.71
165.708
165.7
165.685
165.659
165.621
165.567
165.489
165.382
165.224
165.064
164.317
164.316
164.313
164.307
164.292
164.268
164.232
164.181
164.108
164.006
163.858
163.711
162.943
162.944
162.942
162.937
162.924
162.901
162.868
162.82
162.751
162.655
162.514
162.383
161.599
161.6
161.598
161.593
161.581
161.559
161.528
161.483
161.418
161.328
161.194
161.094
160.272
160.274
160.273
160.269
160.258
160.239
160.21
160.168
160.11
160.03
159.909
159.852
158.971
158.972
158.97
158.967
158.956
158.938
158.911
158.871
158.816
158.74
158.618
158.54
157.683
157.684
157.683
157.679
157.67
157.653
157.627
157.589
157.535
157.462
157.342
157.235
156.41
156.412
156.41
156.407
156.399
156.383
156.358
156.323
156.272
156.205
156.099
156.021
155.155
155.156
155.154
155.151
155.142
155.127
155.104
155.071
155.025
154.965
154.87
154.795
153.905
153.906
153.905
153.903
153.895
153.881
153.86
153.83
153.787
153.73
153.64
153.571
152.669
152.669
152.668
152.665
152.658
152.644
152.624
152.596
152.555
152.502
152.42
152.357
151.434
151.435
151.434
151.432
151.426
151.414
151.395
151.368
151.331
151.281
151.206
151.149
150.211
150.211
150.209
150.207
150.201
150.189
150.171
150.146
150.11
150.062
149.99
149.936
148.987
148.988
148.986
148.984
148.979
148.968
148.951
148.927
148.893
148.847
148.777
148.731
147.767
147.768
147.767
147.765
147.76
147.75
147.734
147.712
147.68
147.638
147.573
147.547
146.552
146.551
146.55
146.548
146.543
146.534
146.519
146.499
146.47
146.433
146.372
146.361
145.328
145.329
145.328
145.327
145.324
145.316
145.303
145.285
145.26
145.228
145.174
145.178
144.107
144.107
144.106
144.105
144.102
144.095
144.084
144.068
144.047
144.022
143.976
144.001
142.876
142.877
142.876
142.875
142.873
142.868
142.858
142.845
142.827
142.806
142.765
142.781
141.638
141.639
141.638
141.637
141.636
141.632
141.623
141.611
141.596
141.58
141.546
141.556
140.387
140.388
140.387
140.387
140.387
140.383
140.376
140.367
140.354
140.342
140.317
140.34
139.125
139.125
139.125
139.125
139.125
139.122
139.117
139.109
139.1
139.092
139.073
139.111
137.848
137.848
137.847
137.847
137.847
137.845
137.841
137.837
137.831
137.829
137.819
137.886
136.544
136.545
136.545
136.546
136.547
136.547
136.546
136.544
136.544
136.549
136.547
136.629
135.223
135.223
135.223
135.223
135.225
135.226
135.227
135.229
135.233
135.246
135.254
135.357
133.87
133.87
133.87
133.871
133.874
133.877
133.88
133.885
133.895
133.916
133.933
134.042
132.484
132.485
132.484
132.486
132.489
132.494
132.499
132.509
132.524
132.554
132.586
132.71
131.059
131.059
131.059
131.061
131.065
131.072
131.081
131.095
131.118
131.158
131.206
131.363
129.586
129.587
129.587
129.589
129.596
129.605
129.618
129.638
129.67
129.723
129.789
129.996
128.064
128.064
128.063
128.066
128.073
128.085
128.102
128.129
128.171
128.24
128.324
128.569
126.469
126.47
126.471
126.475
126.485
126.501
126.524
126.559
126.614
126.7
126.807
127.102
124.806
124.806
124.807
124.811
124.824
124.844
124.873
124.919
124.988
125.096
125.226
125.541
123.048
123.049
123.05
123.057
123.072
123.098
123.137
123.195
123.283
123.419
123.582
123.892
121.182
121.182
121.184
121.193
121.214
121.248
121.299
121.376
121.492
121.668
121.89
122.25
119.183
119.183
119.186
119.197
119.224
119.269
119.338
119.441
119.595
119.824
120.128
120.483
117.003
117.004
117.01
117.027
117.064
117.127
117.221
117.362
117.568
117.87
118.288
118.773
114.605
114.607
114.615
114.64
114.691
114.776
114.907
115.1
115.38
115.777
116.331
116.911
111.9
111.904
111.918
111.955
112.029
112.153
112.34
112.612
112.996
113.52
114.233
114.994
108.781
108.786
108.809
108.868
108.983
109.171
109.452
109.852
110.398
111.111
112.033
113.06
104.998
105.019
105.066
105.176
105.38
105.7
106.159
106.779
107.585
108.582
109.795
111.075
100.201
100.198
100.318
100.576
100.994
101.596
102.392
103.387
104.587
105.98
107.575
109.187
93.1059
93.3259
93.8589
94.5816
95.5663
96.8026
98.2485
99.8651
101.625
103.501
105.503
107.407
94.5225
92.5664
84.2215
116.025
67.3817
95.4416
114.376
88.499
150.309
160.366
118.964
102.55
155.623
64.6469
75.6988
104.939
92.5969
117.702
124.702
120.547
100.005
91.9522
38.7966
55.7731
31.28
6.81967
95.2798
13.9592
88.7415
5.22204
22.9466
124.768
11.9284
109.254
13.2199
120.161
80.0827
125.344
124.555
-20.7566
14.4132
90.559
60.211
98.6418
91.7131
121.558
67.371
100.486
106.455
136.965
94.3266
20.0427
122.497
141.245
76.6163
32.1668
97.2499
19.8789
103.543
98.1306
102.1
98.3976
112.129
162.776
17.0615
79.0986
88.0717
118.88
125.156
88.0884
127.631
56.0924
23.6587
155.777
69.3868
-17.4427
78.0284
123.102
117.001
9.18697
182.436
124.26
90.9346
73.8698
109.904
111.116
145.698
171.686
63.4181
91.2592
55.3709
159.688
104.491
96.6094
76.5272
132.447
145.77
121.613
142.921
2.74246
56.0728
102.337
98.0445
55.5527
142.064
130.383
154.521
75.2508
81.1863
101.012
1.66947
116.184
89.572
110.673
88.5888
76.6756
122.425
86.6506
153.464
66.9844
88.643
126.588
110.423
46.7983
106.177
87.7172
94.6473
124.708
95.3169
108.264
96.3786
3.93327
-20.6762
113.148
85.8493
138.621
121.319
111.404
58.236
130.658
88.5139
122.878
81.9884
108.038
98.6398
95.5034
110.865
110.215
82.135
116.775
123.495
1.88921
161.499
128.203
63.2747
112.726
66.9708
38.2919
24.3014
109.942
55.3743
150.606
101.624
106.904
91.2352
116.673
67.6686
119.998
29.9819
85.7637
100.964
93.5243
80.9785
31.5583
114.137
120.52
-19.6809
82.4266
73.1462
116.833
114.444
46.3378
65.7132
16.0587
101.378
97.6268
130.598
62.0378
84.4704
119.001
140.964
118.058
118.114
98.3026
112.962
17.9222
15.0828
139.008
17.2684
9.9965
100.871
95.6509
127.283
60.8372
136.48
63.4832
45.0456
115.071
16.6576
98.0715
140.387
102.193
110.061
38.6227
66.0827
99.9712
118.893
97.2743
98.548
121.803
110.567
-28.0074
20.0764
75.4017
102.771
100.029
107.403
117.843
122.755
125.038
76.0266
166.295
209.682
130.145
28.6039
96.6347
107.964
116.449
52.5042
141.89
35.8315
105.338
-32.5525
133.307
122.903
129.755
55.2098
67.0883
168.638
96.0189
173.142
22.5341
112.748
118.896
109.736
-13.3541
77.4955
79.2402
126.559
32.4744
73.8477
87.2598
112.839
97.6149
115.89
118.717
124.576
110.582
110.751
103.738
124.81
96.652
36.3961
101.397
106.814
90.1801
201.337
108.397
100.012
90.9135
105.577
28.4414
126.454
-13.0564
105.25
-16.624
96.4328
45.4428
71.8941
108.032
96.8429
125.009
146.171
205.134
4.65002
94.4598
103.613
142.328
141.521
108.182
121.719
25.079
-3.35273
57.8843
111.957
125.574
131.655
125.379
95.4523
151.527
120.383
135.695
117.621
130.372
110.711
64.8927
42.3649
110.295
110.926
99.8121
172.669
127.17
120.571
121.465
74.908
50.6683
55.0766
73.2049
122.661
92.3437
65.6485
-55.0324
106.157
-26.9054
109.413
99.4348
127.341
157.531
110.043
112.54
139.233
121.4
8.99351
115
65.6464
110.889
122.091
110.607
101.167
118.647
41.4871
171.773
132.296
123.141
16.3256
55.3494
107.734
26.0142
43.9848
7.26288
125.711
122.736
86.0451
42.8506
43.5218
137.315
115.15
90.8221
120.264
-12.5873
115.892
146.654
102.667
127.316
104.885
121.582
-12.0236
54.3909
99.4513
103.151
165.197
-14.6648
89.2336
95.7726
123.322
125.962
99.4135
88.2622
118.455
128.514
123.376
196.363
98.5397
27.7824
147.741
138.357
161.798
91.9268
105.697
116.439
113.389
42.8091
96.4773
98.7182
1.4572
97.0171
97.5865
88.2605
112.85
104.077
66.7124
103.912
101.083
97.5157
111.251
166.686
20.9048
116.06
186.594
145.044
128.704
100.054
-0.217588
79.1548
111.859
110.733
123.139
122.805
121.322
101.259
102.574
30.4653
77.4809
33.3463
127.64
119.862
-66.7478
87.8647
69.1834
117.458
86.6986
104.372
112.194
96.5492
97.2783
80.8217
77.2603
178.758
-63.535
109.653
-57.1386
97.4746
39.6531
202.789
120.537
125.025
118.575
122.038
72.287
158.218
152.86
111.713
117.505
128.171
113.384
121.142
82.0721
121.637
125.853
-64.5051
148.047
98.2941
91.8459
124.581
129.917
113.832
120.906
109.671
124.583
115.254
171.614
100.212
189.915
108.974
98.9917
97.8869
118.525
123.086
115.453
120.94
99.11
65.3097
51.2483
105.62
58.3561
133.511
90.7834
122.486
131.927
95.8181
184.732
4.65719
92.883
61.6873
147.677
99.8115
84.6333
123.344
38.6135
71.6178
116.413
121.583
124.254
-5.86137
94.4184
106.287
105.765
146.86
81.0539
93.9066
121.318
88.8548
101.884
128.062
107.05
105.695
62.9286
-29.6709
130.031
59.2305
47.089
131.765
139.991
137.965
68.8858
93.7388
74.6792
97.6245
124.392
-23.0636
127.859
118.994
115.035
84.5679
154.847
77.4821
88.7922
84.6356
158.46
99.4961
173.977
109.362
83.9416
78.5842
71.2434
98.8621
114.375
103.578
87.7288
106.56
121.751
103.827
180.696
44.7304
136.04
114.373
163.273
109.219
-22.4198
133.623
121.793
110.504
68.4866
121.929
95.9075
155.589
121.81
129.803
152.414
122.79
115.151
120.838
108.531
72.3898
129.324
119.632
118.551
30.595
38.9619
63.1822
49.1058
156.942
146.224
153.873
-12.7074
100.107
87.0998
132.735
82.127
71.7041
30.9972
115.866
122.471
170.856
100.93
102.628
122.185
121.613
21.0326
175.348
104.293
85.477
-12.5466
117.897
31.3704
43.3692
84.7857
98.4058
132.038
119.706
61.452
123.988
32.1843
123.913
120.491
99.2863
96.3211
105.445
91.7502
23.1575
30.0005
85.45
123.257
129.492
23.9146
107.487
123.004
93.3057
122.494
36.237
44.8795
77.1861
167.391
106.217
52.5184
116.182
88.0665
58.5054
71.4927
134.44
60.3847
4.99777
146.323
101.835
146.252
201.201
110.997
100.868
117.195
63.2346
151.505
11.1612
70.8071
89.7803
81.8896
81.0706
143.634
92.5086
96.6747
95.168
103.828
100.005
168.032
54.0698
122.053
126.777
3.8104
101.681
111.921
135.708
114.602
105.112
26.6465
107.354
122.336
114.424
-11.5348
81.6666
115.012
121.225
173.141
121.07
92.7086
204.286
103.051
119.507
161.916
104.537
162.393
73.3885
94.5544
-3.06765
124.026
101.863
29.9391
146.089
119.353
95.7634
73.4182
97.5592
90.7836
10.6578
101.238
108.384
123.135
24.7215
111.836
118.319
119.202
-1.09935
42.8784
122.028
78.0764
110.138
193.289
103.374
116.359
69.2959
111.656
129.362
25.7984
90.247
63.4562
77.0831
-9.54362
81.9483
-3.89795
98.0536
87.4904
124.921
114.175
118.216
66.7096
10.7596
98.8989
112.598
90.8271
89.5833
97.0024
120.419
166.16
93.245
145.652
130.302
107.447
39.8786
82.1919
40.7026
82.273
124.321
124.546
108.71
112.843
156.182
83.853
5.61299
74.3765
111.564
120.884
26.8122
65.277
-63.0722
101.705
150.698
81.1824
-45.4121
50.7712
120.66
137.887
95.2695
116.131
112.32
113.266
43.9727
108.039
127.476
58.6466
97.6645
117.791
82.7147
192.688
114.776
124.414
103.694
111.96
91.2184
115.906
126.873
5.23961
120.381
94.6415
72.1705
194.582
120.963
-40.7846
89.7472
2.36241
-0.76092
75.8273
45.0311
96.9223
98.8687
50.5076
165.415
99.4289
108.99
52.4775
100.974
101.103
140.904
42.5453
125.36
-20.4513
29.004
122.335
123.071
149.903
101.384
-42.224
123.668
135.742
130.759
125.546
84.327
35.6363
83.4366
127.573
93.6889
109.558
145.553
74.7837
125.625
100.29
122.546
201.156
92.6122
158.523
74.8396
101.127
98.2139
122.375
96.3761
34.8664
130.814
89.4556
104.884
22.6607
109.035
123.475
69.7649
148.443
124.732
103.253
101.046
120.937
162.958
114.895
103.124
109.911
98.082
91.6971
100.386
90.8754
-47.4751
101.54
113.625
99.5318
119.304
96.1549
149.17
102.09
112.06
135.598
107.451
91.3418
169.838
34.3646
92.6234
137.281
130.673
55.7273
100.144
58.9848
111.24
44.5058
96.9732
107.868
109.036
123.897
83.01
72.1452
137.889
93.8714
-42.0723
94.4213
68.033
93.6894
110.81
76.8281
94.5463
91.5585
123.599
115.283
15.712
121.515
70.1973
109.463
95.3669
27.6613
84.7618
112.558
142.675
102.628
50.6399
82.8518
-3.31797
150.356
108.335
121.285
121.775
70.8996
123.527
61.5608
182.31
-60.5932
141.048
49.716
22.9353
114.334
153.488
169.709
48.5901
138.923
88.8681
120.473
96.2786
-61.9322
99.5478
89.539
138.106
112.914
131.143
100.698
38.1015
149.989
113.557
104.396
75.132
40.9051
124.427
92.1662
185.153
136.428
-55.6598
124.626
113.969
104.167
91.9947
122.055
154.283
103.197
85.8483
122.902
-6.84188
102.042
115.874
140.255
208.013
110.367
98.6028
167.307
104.102
124.112
172.451
24.4053
123.09
32.7219
129.183
51.575
103.333
22.693
131.164
107.632
80.5142
91.9203
97.4789
98.9729
70.2094
121.555
98.8316
57.451
115.882
122.851
82.5662
97.3295
69.9369
123.068
150.729
117.698
134.895
120.182
47.1372
128.997
-45.0144
85.9937
123.944
30.5638
146.223
83.1042
146.522
53.679
91.1017
116.807
111.945
-14.9929
104.147
107.564
53.5838
74.722
-29.742
127.626
124.309
111.267
131.293
49.6336
68.6893
52.6214
112.035
57.3875
141.884
75.5001
98.7536
103.422
104.861
147.9
96.0326
109.05
120.695
153.298
25.0777
39.5188
95.9734
87.5717
108.682
72.7642
98.8265
159.877
26.2128
55.3919
111.51
24.2542
62.0744
108.992
28.928
154.425
96.0389
122.189
76.2279
89.2178
118.033
123.218
147.828
116.666
51.5055
107.507
99.9505
-34.9269
102.285
118.152
122.082
122.089
134.056
109.099
97.3548
69.1427
114.789
122.144
95.5341
149.116
123.611
100.63
132.652
41.015
165.932
37.732
84.2403
117.793
17.4774
97.2693
112.731
125.852
115.525
123.069
158.292
102.852
137.964
150.421
200.209
106.772
54.6914
174.986
103.659
123.845
61.638
37.4853
157.937
166.275
109.903
103.046
104.222
129.867
76.9885
92.7397
59.7732
144.918
98.8499
90.3546
63.577
130.63
33.7022
106.729
101.131
127.439
-68.6494
-42.3052
7.6435
36.9749
113.858
98.3585
117.85
-44.3404
102.472
177.181
123.902
31.3072
53.5772
175.25
98.3293
112.917
109.337
-66.533
117.072
30.0718
65.7152
97.9575
126.271
124.745
112.226
104.392
76.0201
132.308
122.766
107.622
117.073
100.919
127.348
116.826
186.788
33.251
44.2913
103.968
116.108
150.149
98.2206
-75.4299
114.106
124.07
116.388
10.9163
72.261
44.07
120.308
103.684
131.245
174.985
138.334
110.236
52.9016
121.824
64.0124
54.3682
35.0376
88.5275
84.7353
65.2442
115.388
153.398
113.777
123.191
101.288
85.7736
113.467
117.07
169.302
105.06
115.198
3.45023
120.088
121.052
52.5634
-72.4054
93.4302
121.003
22.5741
101.715
135.143
119.505
84.2285
100.991
111.574
89.6708
122.072
132.961
170.612
118.553
169.747
-58.7121
100.538
75.6333
88.5239
112.517
122.682
123.632
72.2892
85.7852
117.338
98.0411
90.9058
180.149
62.2298
44.6241
110.186
99.1196
94.4137
102.314
14.7148
128.803
69.7873
-17.9886
15.5676
83.3025
92.228
47.09
173.333
124.051
42.5602
103.39
110.744
120.398
161.903
133.377
171.696
86.9679
61.3898
114.343
129.978
53.75
107.628
65.3342
127.181
74.7222
110.734
99.0344
104.196
44.8687
143.159
112.873
86.0258
158.789
34.8677
104.816
123.814
95.2664
81.0531
41.4183
133.037
122.641
114.077
94.3576
86.6272
108.899
-2.32658
56.9126
95.715
138.335
61.9379
83.7785
88.4689
162.019
137.514
113.002
90.0249
-33.7522
121.663
124.516
136
147.918
92.6343
95.7607
115.442
198.96
112.525
64.9417
-56.0501
99.6618
88.9538
-49.6791
71.5221
125.031
80.0738
42.2045
69.1598
99.1817
62.5808
118.239
-47.9704
49.3487
84.9352
95.8538
51.0671
109.646
30.5186
106.282
73.0104
73.8947
51.3202
72.7165
4.59881
59.0895
45.7083
83.4986
-2.2196
109.156
219.07
83.1329
222.392
73.6103
113.848
107.207
79.7176
98.6035
126.591
95.151
80.2061
122.856
139.296
97.4185
110.247
40.3551
106.853
121.095
112.582
134.428
97.7636
129.158
153.913
129.605
129.892
89.1516
106.665
52.916
99.2502
144.421
118.047
63.0415
116.127
83.112
90.4794
110.606
143.913
114.263
117.743
175.829
113.383
-22.4015
101.22
163.977
-1.12538
65.5022
95.3557
102.236
135.5
122.338
110.871
105.403
116.957
121.669
-7.38526
-5.81034
32.3578
73.8503
74.6013
-3.45065
68.1372
165.998
1.17775
-29.6468
92.972
69.9604
61.1654
117.143
148.196
121.81
111.186
190.626
107.241
125.347
76.341
58.7879
110.296
145.506
193.431
156.516
6.72788
58.7291
116.195
65.0196
98.1554
155.738
126.619
76.5989
70.9573
115.303
116.986
106.519
112.463
39.3232
113.17
105.683
29.2008
25.3687
100.638
179.535
81.9822
123.468
133.995
99.2134
105.976
116.675
-78.5682
136.61
166.205
121.713
128.322
87.2586
58.6338
123.876
122.84
111.611
-47.5957
133.333
69.1592
104.655
-17.5263
104.673
99.5606
81.4427
100.836
106.617
39.7359
111.963
29.5797
140.182
140.52
45.8271
16.9754
140.394
114.793
184.952
8.99184
91.6147
84.3395
84.04
175.828
111.499
16.0256
150.274
133.465
35.2414
98.0592
110.401
56.9362
101.417
72.5971
106.97
15.8869
112.517
-12.3964
74.2889
101.461
34.8179
126.735
109.731
107.996
107.002
92.8089
65.0466
121.38
118.379
156.408
92.7071
120.533
127.733
124.052
87.6863
103.262
121.964
125.833
91.1171
107.587
38.5273
133.734
114.621
61.2434
6.21196
99.9406
142.906
93.3927
86.1177
116.136
95.6464
90.6439
109.488
142.019
21.782
98.3438
121.797
25.3575
35.812
119.951
149.779
167.492
-36.9197
104.158
71.0842
15.9485
75.2929
59.6178
193.311
98.5866
11.8409
99.0563
129.372
-65.9991
100.151
111.429
123.55
161.215
84.2518
95.0024
92.3552
118.934
68.8145
80.4893
103.765
182.919
122.356
84.8173
-50.673
6.53537
-4.32873
134.93
63.1921
145.979
96.0171
151.795
100.333
121.376
110.974
109.822
211.147
86.1936
161.174
101.206
70.3173
114.112
98.9135
91.0246
160.612
162.588
123.012
117.92
115.547
194.47
151.515
111.658
122.055
108.779
173.071
55.8522
118.551
107.17
103.144
38.9923
121.711
-15.1893
100.08
122.633
44.2151
24.2536
163.409
123.632
80.6589
134.281
59.417
147.188
119.954
126.104
132.549
75.9063
109.931
45.8911
121.46
-51.9879
92.4478
134.184
86.3399
122.856
174.172
105.892
173.042
90.6074
152.798
151.844
88.0227
109.559
111.98
191.443
44.517
-51.3485
104.57
103.493
130.598
101.466
120.821
113.217
124.185
80.1732
113.871
116.917
69.014
128.696
-37.2002
34.212
210.386
69.363
3.52995
121.768
84.0066
-47.3524
123.007
119.632
136.387
124.247
116.685
127.053
207.167
3.51266
107.029
-28.7924
123.163
92.5052
125.457
-25.2143
79.9268
110.387
117.098
165.805
104.212
128.161
163.903
32.5145
32.4425
103.226
95.6674
96.6786
139.729
154.948
120.049
78.1221
6.2443
122.097
210.18
96.7562
110.873
119.112
72.1912
117.6
97.6942
97.0559
-8.25743
110.069
120.951
106.518
119.739
70.0752
46.6682
66.419
108.503
120.703
123.184
120.961
87.4076
86.1314
98.7136
-30.1421
115.853
114.443
126.477
125.125
134.332
83.8078
108.85
70.5686
149.702
96.6303
121.015
88.2919
98.7203
126.695
80.6482
92.7176
172.784
102.234
68.0364
101.542
97.3892
115.556
85.3861
105.678
130.215
80.8309
214.649
126.826
154.733
222.068
50.3136
111.373
41.4483
82.037
63.2865
221.446
38.5224
137.131
117.728
102.316
107.237
127.861
87.8014
127.412
-49.4549
-81.6485
60.7885
93.997
97.9277
141.756
169.681
-5.9455
112.803
52.4447
36.5639
113.946
189.643
80.5247
59.4352
120.256
134.826
122.76
73.9722
143.428
188.995
7.31827
96.0897
128.34
90.2639
98.9767
186.374
81.6695
126.971
26.9504
44.6296
105.319
48.2935
135.795
67.7427
128.201
82.414
-12.677
123.312
50.8567
56.1628
135.99
90.4229
126.137
103.236
-46.1189
160.46
189.433
134.835
82.754
122.847
202.164
90.0211
122.962
157.757
37.0058
113.63
15.4279
93.2597
106.931
98.7058
66.4565
194.707
45.2182
93.4482
205.426
176.694
68.331
81.1045
92.8306
91.2511
149.932
106.369
47.9182
109.371
125.386
97.102
149.33
142.094
126.178
81.877
65.8395
-17.6627
117.809
95.991
-79.4133
111.79
72.2481
83.441
122.102
106.224
116.599
183.765
132.856
128.843
63.4501
114.817
82.7049
112.02
34.2454
49.5004
86.408
43.2786
91.5927
11.0694
107.997
-29.844
120.779
92.5368
123.745
85.5071
114.228
54.147
101.43
112.834
64.3966
44.37
122.631
137.13
200.41
114.971
155.371
125.458
8.15855
115.99
122.454
103.477
141.259
90.8176
113.757
-28.386
102.801
141.446
98.8835
46.2716
146.802
92.2045
103.765
145.117
94.1075
133.786
83.8817
125.561
129.878
98.1022
168.807
139.336
71.0449
95.3613
54.2769
125.154
142.568
147.451
103.871
110.424
125.117
60.2471
99.1444
126.944
124.173
87.671
64.3114
-32.7609
130.693
-22.5561
131.613
116.052
-38.8987
105.683
70.1922
175.843
101.864
68.2676
117.711
121.445
99.7992
126.766
53.5904
-39.5562
36.0794
72.1768
109.857
116.003
106.352
120.813
34.3688
-38.4416
54.4888
67.444
131.039
98.8385
108.963
139.243
123.245
18.2131
132.998
35.2059
121.227
181.321
100.135
97.9756
107.374
106.848
118.922
87.792
77.3274
86.1724
99.6772
105.979
122.05
115.173
110.641
158.302
125.169
121.33
148.233
120.508
70.7757
97.0422
120.682
105.951
-38.0041
120.342
54.0752
89.0747
108.798
78.8572
93.1898
151.43
120.738
112.483
93.0632
109.114
107.405
111.667
62.9966
97.9528
98.9761
116.744
105.544
106.041
97.1065
71.0285
108.5
121.121
89.512
109.828
17.3478
110.473
118.487
63.6436
121.611
100.587
16.5915
114.921
120.882
55.5125
104.119
119.054
114.047
130.142
90.4071
152.238
95.1776
76.5924
-63.3444
102.241
101.088
130.002
104.411
98.8793
111.062
2.53573
144.502
108.716
119.003
125.287
96.9262
-9.28669
-10.1925
95.4752
58.2287
130.98
129.385
126.684
56.2241
66.3374
187.196
74.3435
96.0909
37.5159
-10.9152
45.5217
117.638
159.084
75.5004
22.6887
119.201
162.391
96.2685
148.816
89.828
197.513
38.9703
102.877
29.8051
127.755
60.8495
149.52
107.688
110.789
142.809
123.146
99.4818
167.399
176.361
52.7503
127.776
99.0208
115.223
61.6263
165.953
106.221
105.568
83.1674
184.192
117.526
177.616
26.6838
103.66
90.4527
101.474
178.208
119.512
89.4901
126.13
28.3338
63.5423
12.8755
128.008
123.174
189.461
60.358
109.819
129.14
42.9781
60.4129
90.2955
102.691
120.863
117.009
70.4887
21.5085
121.191
72.1501
117.682
194.228
93.5277
100.222
60.9984
121.49
151.265
100.449
56.3794
116.354
208.447
99.7357
75.6162
174.639
126.821
97.3525
103.941
110.143
187.387
109.725
110.324
139.864
110.646
113.267
99.3437
179.537
174.671
51.6868
129.794
28.6045
105.302
43.2278
136.415
83.1945
69.0599
206.796
-33.3421
105.9
85.8171
215.457
118.333
112.764
68.6222
94.5683
109.912
166.19
107.427
125.967
58.5047
147.264
121.654
118.248
183.454
59.1897
106.686
10.1916
101.296
149.085
-2.5126
116.568
98.1937
110.105
91.9768
108.623
111.56
80.04
99.1843
193.434
109.039
59.6238
107.778
90.1361
80.6184
110
101.62
91.7609
50.8124
18.948
155.248
86.5411
87.3914
125.703
92.0115
156.287
-71.4748
83.2471
135.334
94.3686
38.7793
-53.8592
100.196
98.6929
124.851
99.869
160.092
114.399
101.747
122.963
80.5135
123.104
97.2832
116.049
70.0094
-7.05476
102.508
-22.4108
76.8997
167.439
192.359
119.241
-10.5129
50.4294
98.5647
130.381
95.7752
56.0394
61.2449
126.997
72.3876
86.5826
121.737
119.782
142.204
2.90524
22.4456
114.407
78.8027
56.089
101.844
100.089
94.98
85.596
121.855
125.228
186.41
-11.7196
103.91
110.264
143.727
95.638
105.478
100.104
36.8576
97.0756
56.2818
105.352
136.947
88.6143
66.8095
96.4636
67.105
85.1802
102.985
106.846
101.304
51.5986
190.715
88.1181
123.799
-35.2505
135.571
201.655
101.538
48.4459
176.178
134.605
149.303
121.26
122.018
117.814
140.728
-5.857
112.11
140.703
110.732
83.949
83.5958
160.955
123.998
111.226
14.8045
123.008
218.229
107.896
83.3178
154.727
-2.41603
89.4736
174.981
112.461
170.744
27.9437
66.5227
98.3861
107.278
-18.5959
114.992
97.0644
122.478
94.3224
79.766
39.633
102.265
85.8626
100.473
93.5412
102.358
161.967
102.032
-83.9645
154.307
131.797
127.009
5.60118
106.463
98.3851
99.0834
91.2898
189.591
94.8256
100.718
173.28
41.2239
109.851
-37.1015
-29.1624
80.7788
114.319
35.531
-15.4654
35.2906
79.468
205.168
-10.4391
-5.73869
144.936
79.8565
82.8822
87.1875
98.6131
95.1248
132.052
105.041
103.94
109.976
123.23
124.286
139.33
0.158703
117.875
93.1732
101.698
105.986
95.9618
99.2922
91.552
76.0462
39.2123
82.3663
123.661
148.476
79.9994
132.599
100.255
102.4
85.1047
-40.2479
92.2838
132.657
48.4099
3.68487
115.622
95.1253
141.878
124.828
106.073
71.6897
184.526
121.94
85.4071
164.646
102.843
94.5898
109.744
-32.2313
105.771
93.077
96.7697
104.118
137.737
-32.8761
113.528
36.1851
132.626
27.0889
119.747
-52.2575
54.1841
116.048
-6.26445
-33.3466
77.0342
-72.2335
102.572
61.0948
57.9085
122.625
104.601
113.206
118.917
96.1128
79.381
192.152
131.937
111.255
154.036
122.959
61.7076
91.8245
107.698
156.585
78.9632
135.363
111.132
117.847
59.0537
83.7072
-68.5896
102.841
115.959
78.6192
180.731
133.447
-10.1335
101.664
131.504
63.02
-20.9374
117.619
105.688
87.9329
178.449
122.247
115.311
10.7955
103.084
0.626792
73.8869
47.6275
98.6531
113.788
123.466
137.146
99.3564
109.89
88.6474
134.541
124.094
152.094
99.5294
106.567
138.771
160.56
122.576
124.397
169.29
67.0325
89.7354
92.3075
198.517
121.997
110.162
68.7832
84.0569
145.857
115.25
147.36
105.925
117.108
102.138
85.5257
163.736
199.013
64.4589
78.9077
-80.7145
89.913
118.183
33.1045
73.4411
101.541
70.4637
67.5243
125.461
97.3058
53.8112
123.003
91.672
140.053
-41.4153
123.007
121.923
128.684
119.308
122.427
169.1
113.842
105.196
39.5026
-44.316
-31.9323
108.244
77.8329
124.475
103
106.032
24.278
103.373
103.523
83.8397
120.297
109.284
55.3192
12.0248
114.714
111.071
99.2927
72.9414
112.929
90.1682
110.754
100.996
119.726
62.3687
107.729
110.845
127.985
121.654
84.7922
174.694
109.342
64.6501
89.5119
38.0534
205.632
126.27
94.2202
71.112
110.247
24.2842
107.817
118.595
191.989
103.629
40.2886
204.117
45.4767
87.3039
92.3811
100.738
107.488
150.452
106.663
155.267
156.49
150.675
0.589498
160.259
136.277
151.383
115.185
-4.81283
135.651
122.746
113.117
11.2842
55.3769
124.927
-32.756
150.943
143.602
178.58
51.4431
145.601
101.227
100.108
92.5942
125.14
141.432
109.886
77.9081
-10.0868
127.753
93.4915
108.301
92.4054
52.0524
73.4605
102.622
176.663
55.001
132.246
123.553
122.693
108.128
99.5904
120.081
150.83
90.4066
50.4694
89.5338
88.438
-28.0133
20.5428
85.7116
99.8711
68.1704
50.9697
119.435
156.721
122.705
123.565
-20.8319
139.43
185.23
122.208
159.225
90.3303
85.4021
113.902
86.006
88.0362
89.0895
11.332
128.869
93.4002
213.351
96.653
-67.2131
98.0895
65.3157
58.0659
183.199
35.602
200.343
120.38
90.2798
110.144
51.7713
-37.9833
77.7795
-21.8738
121.025
129.25
89.891
195.691
115.257
99.1798
46.5797
131.301
149.259
124.83
121.226
79.4167
103.733
115.569
129.201
87.3381
113.601
-17.238
186.956
104.951
112.235
38.038
125.637
113.897
157.45
116.331
51.16
100.68
89.7546
21.5547
58.8519
52.0428
126.633
98.4588
115.269
87.8731
165.366
97.522
55.3284
121.72
165.783
103.63
80.395
115.133
90.242
96.4367
117.429
100.638
166.766
93.0233
97.8483
107.107
87.7315
98.3868
123.844
28.5559
18.8217
93.4043
87.5771
108.52
122.398
7.02688
154.746
85.3815
2.09961
101.589
80.8597
35.9812
152.165
73.7441
78.1603
105.652
172.562
51.5629
122.082
61.4987
99.8868
87.1425
49.177
99.802
47.3704
114.404
114.231
20.9507
106.135
63.44
114.498
75.5629
140.918
121.867
123.031
41.6171
94.3512
137.24
153.335
61.3509
-46.656
94.6738
107.052
49.2268
106.944
135.043
107.169
102.085
90.6738
113.612
122.87
165.377
115.609
61.0136
106.848
159.453
123.4
-58.0172
106.738
124.502
88.4043
113.417
122.43
-0.363247
62.5888
165.597
113.04
113.527
125.277
116.461
122.415
33.478
99.6177
106.732
87.7138
92.5994
120.629
97.9094
69.0904
105.779
116.923
113.588
109.877
169.457
21.1621
96.7273
67.5692
53.7092
38.2807
120.964
132.414
89.206
137.662
109.764
106.749
27.0693
113.66
103.667
103.19
95.4278
123.389
106.004
124.325
113.292
85.3131
212.746
91.6802
86.832
-15.8751
72.9929
96.3159
95.0152
120.419
115.749
104.844
-26.266
57.3909
84.8321
148.255
143.407
49.2694
100.798
178.012
120.054
220.727
81.3639
101.832
109.276
106.272
139.01
159.403
98.8142
137.954
84.431
118.351
91.4626
103.029
118.861
94.327
61.5536
44.9744
116.213
111.174
119.601
119.94
-77.5074
94.161
100.361
194.437
82.8209
163.043
10.3302
45.9126
92.8778
135.249
99.6922
88.6822
143.688
117.249
87.2451
127.296
115.614
57.2382
108.646
86.7599
11.3839
159.287
43.1149
118.936
186.96
102.093
78.0846
108.475
94.1305
99.6791
118.906
146.782
139.816
150.576
122.441
106.469
123.405
78.9819
101.895
138.634
128.552
99.6845
97.1031
100.677
124.759
101.422
83.5948
208.369
99.6357
106.017
99.7327
121.701
27.2144
106.584
109.16
95.572
6.43144
105.392
64.9811
99.2504
123.591
7.22006
98.588
198.022
121.004
47.77
193.551
124.162
-34.4508
97.1542
118.304
130.984
92.3596
65.1906
142.286
142.491
163.568
103.762
92.3594
68.4556
112.783
102.506
156.846
112.82
118.793
52.9488
105.449
51.3586
59.8141
155.591
93.5811
-26.4614
79.6209
61.0513
25.2491
105.803
47.2213
103.971
98.819
141.975
67.3316
107.189
126.367
73.4186
99.7094
64.9043
98.7125
101.363
129.513
137.467
85.6535
164.024
164.786
38.4534
93.4823
70.8324
134.201
144.768
94.4794
101.899
118.486
94.0174
17.7949
155.389
145.036
94.6971
108.079
111.112
-33.5568
114.289
171.805
104.406
93.884
203.886
107.923
90.3404
152.847
91.8831
111.109
97.433
120.38
102.884
126.96
122.971
49.6256
211.247
39.8511
-7.31349
85.1656
1.13241
111.796
106.677
91.1749
101.612
-45.1814
126.556
-27.0984
115.859
107.764
113.053
139.852
132.453
154.584
124.782
124.802
110.414
60.8831
106.545
168.817
130.865
93.9554
140.241
101.19
123.222
121.913
176.849
107.284
171.01
125.33
96.6081
143.322
191.471
183.16
99.9201
171.317
113.099
128.838
105.679
95.8555
191.838
151.671
122.841
24.682
123.412
129.99
144.085
100.563
-9.04845
157.322
57.7037
98.1076
17.0611
77.994
66.8717
17.0784
178.195
94.9829
8.20505
107.975
114.223
114.487
88.2724
185.538
98.1539
62.5456
97.2755
66.2939
112.315
125.582
86.3783
134.506
123.812
156.334
122.886
21.199
-16.9836
170.274
120.354
47.7452
-13.6818
19.0658
133.419
118.967
40.7232
121.929
171.786
24.9773
114.557
119.77
135.121
137.435
104.223
89.9487
178.576
99.9671
147.759
100.053
111.468
122.306
85.6622
125.245
107.801
124.589
78.4909
118.593
20.5066
106.45
122.95
124.023
104.753
97.2286
12.6607
101.45
104.955
117.721
122.424
127.013
114.048
40.7936
99.6816
-56.7439
80.0182
92.2604
-22.5699
111.432
105.607
141.896
-72.1927
61.2143
68.7239
179.718
27.7555
93.8622
171.771
99.9776
78.7412
105.783
65.4612
107.806
-50.0273
122.991
134.01
103.536
121.803
159.687
96.1089
109.317
123.254
90.8602
126.55
117.231
138.473
98.6698
90.4736
84.2456
79.7262
113.138
75.9544
115.972
84.5792
91.5527
118.431
136.899
94.593
18.463
161.634
144.089
93.9685
115.259
51.0066
93.3995
108.35
96.8099
33.4282
189.342
103.146
46.0712
37.9661
119.688
130.326
72.7843
116.64
100.53
83.5732
-24.3436
123.558
27.8251
190.786
106.601
95.6984
122.874
88.0871
128.528
135.532
97.1329
69.6195
85.6057
81.2759
112.309
119.551
127.429
91.3527
73.8885
75.4432
105.533
74.7346
118.945
52.9939
150.594
67.3324
198.463
123.944
132.331
117.945
109.978
69.3734
119.606
138.831
116.635
96.8507
121.014
133.011
123.231
134.714
50.7608
107.965
99.3742
114.192
89.2453
45.3681
122.974
122.615
132.005
-47.6923
52.1285
103.114
120.407
216.237
118.009
93.8588
134.353
48.1224
96.8433
90.746
112.861
133.322
124.553
81.7842
106.619
161.899
102.553
114.79
92.4766
149.122
122.285
60.124
93.7862
74.1449
127.601
67.8693
125.869
163.706
112.749
103.106
143.813
152.953
76.1041
95.3055
-13.6505
159.173
48.547
135.154
138.673
98.7751
79.4156
81.7067
109.098
43.6688
112.334
113.358
103.264
118.548
179.167
88.6065
146.723
119.369
-35.8922
117.643
88.0969
102.826
65.924
90.3394
90.6019
123.365
90.3253
105.737
100.076
61.7279
182.291
110.567
146.893
104.219
78.4105
105.937
149.311
109.524
72.0615
66.4793
8.05348
128.914
39.1186
87.2164
-42.2132
120.711
94.7984
131.16
151.915
123.435
118.221
89.1453
95.8045
-49.0485
217.494
27.2351
111.913
106.456
128.327
128.202
119.178
124.204
77.9537
64.8907
62.1133
152.452
96.9087
118.284
178.421
75.0443
99.9745
32.2834
90.4904
111.475
120.931
86.7074
101.514
109.247
86.4218
104.45
90.8797
104.627
66.1775
123.29
94.2815
122.566
88.1489
115.879
94.4234
109.27
121.177
9.68646
83.4408
-9.85173
143.819
56.2354
98.6978
105.38
78.3747
98.452
106.387
129.656
27.1398
120.037
114.422
99.811
125.746
122.965
83.3494
120.183
124.44
152.916
138.531
122.937
135.405
11.8172
112.829
146.82
99.799
93.5005
123.964
122.152
120.253
97.8599
36.9755
144.24
107.334
92.7989
13.6961
134.646
99.7792
97.3949
107.507
91.8866
114.721
103.297
123.56
109.69
121.414
81.9895
117.681
179.706
101.983
106.683
86.0962
111.583
133.033
17.3529
100.312
46.8326
128.144
114.919
96.8628
57.9567
124.598
88.9571
101.372
-56.1576
124.286
116.099
-1.38953
100.523
96.7499
142.939
-25.9579
-36.6777
120.993
77.3892
128.168
-57.506
121.801
-18.9687
105.198
80.402
135.462
33.9669
117.286
116.216
8.37269
120.85
95.6254
119.704
90.7743
105.943
142.511
17.2209
55.074
-58.6762
99.1243
217.72
122.769
78.4093
137.299
117.22
122.99
82.3854
103.308
77.126
155.191
112.196
99.2942
107.523
101.87
125.211
98.8001
86.4281
85.4925
56.7763
115.687
97.348
71.1348
44.0955
122.803
122.536
113.557
50.149
109.761
138.259
123.195
122.951
122.599
113.977
-57.1376
67.9504
64.5949
-37.7289
-17.7159
95.3981
103.367
152.945
48.1292
120.615
3.0761
76.198
103.721
-18.6819
48.7001
122.367
144.159
90.7033
116.322
-12.6967
119.539
106.999
-28.0341
65.994
109.056
180.488
98.876
66.8669
97.3487
124.788
116.336
112.486
83.574
96.8908
103.299
76.5845
126.292
116.623
112.827
123.121
86.8198
24.7252
87.6951
79.0503
114.634
214.268
128.843
82.8716
184.499
97.8166
87.9405
95.787
49.5604
125.17
122.34
11.297
70.8965
123.151
86.8203
108.814
107.493
160.11
134.382
98.8802
14.8997
88.4531
123.459
81.1555
123.213
122.203
56.1387
122.249
-46.3137
-65.8379
48.5766
38.0113
124.543
117.37
117.86
105.35
61.1516
98.7041
112.773
98.7155
128.283
62.6192
47.652
122.786
115.293
80.2164
141.341
121.98
86.936
122.148
67.2164
127.114
-29.1582
109.179
196.968
80.6211
-4.93879
144.245
123.468
-1.97492
87.6678
89.2251
181.759
116.521
17.3194
98.0602
78.386
121.443
108.343
121.003
122.375
39.4799
158.184
91.4249
73.9085
136.856
143.447
140.595
117.897
59.3863
116.637
-15.5739
120.782
-3.55622
90.6605
62.7372
47.8793
47.1163
183.625
18.6458
92.3081
66.1847
122.405
114.621
13.0464
78.3682
112.411
108.529
107.927
66.2535
89.629
52.1176
-80.9459
-53.968
113.494
182.288
101.711
121.653
122.681
66.1612
84.2423
107.454
71.3615
105.33
179.034
49.9134
69.0385
101.878
117.754
79.9298
-59.9093
89.5863
-15.5464
117.157
147.131
102.411
119.083
80.0011
160.429
119.005
196.805
41.8857
108.738
106.682
135.174
114.477
116.306
122.488
95.4427
36.1149
90.0067
53.5827
120.048
105.097
101.137
0.900752
127.525
75.1594
99.5443
133.77
80.8702
122.896
20.2784
136.754
-33.0389
15.0023
-7.24901
162.681
88.5533
118.612
157.147
120.68
158.547
-21.4548
103.189
2.64223
80.3121
87.4203
92.132
123.538
36.6461
110.586
74.5781
78.1045
129.423
122.875
92.1757
73.1642
116.65
104.878
121.251
125.638
54.3541
120.776
98.6636
117.823
98.069
102.687
110.439
126.57
122.775
163.984
76.5021
135.994
139.704
99.9526
107.915
100.878
142.521
107.959
171.545
111.906
210.877
104.637
125.679
167.867
119.135
110.591
69.3317
57.0048
99.9479
103.14
88.5828
131.077
136.12
106.168
122.747
55.2834
122.406
69.5985
149.675
95.2097
79.3811
142.137
119.209
29.8713
124.046
32.8826
80.3667
114.674
100.413
100.729
126.4
107.564
136.618
144.811
75.5353
109.772
114.448
119.987
40.011
132.824
96.8253
131.682
119.86
123.596
41.4575
105.873
117.694
148.874
98.2959
114.391
89.1333
101.306
-5.13969
116.488
83.1911
153.474
156.336
135.449
101.199
121.59
99.6513
60.198
123.897
159.52
50.285
108.718
72.4187
-77.0725
57.1159
91.2855
118.67
113.122
122.642
120.194
118.309
118.876
106.218
148.108
153.199
117.286
56.3177
82.1713
100.519
116.977
94.7361
104.393
92.2967
132.86
134.698
92.405
21.9574
78.494
122.091
54.4926
100.285
85.0619
178.791
128.601
107.751
32.2946
119.763
110.191
128.01
114.53
121.579
144.835
110.507
98.4761
112.339
92.0162
73.6156
111.091
123.025
75.6929
52.6287
92.5744
123.924
108.006
195.144
14.7943
101.744
99.4781
72.3987
11.9679
124.395
-27.1777
92.3132
88.5713
112.111
144.842
79.0276
103.56
67.8005
73.3469
123.081
-19.0215
126.692
107.208
-11.5028
94.5453
92.0125
117.982
122.029
138.206
159.775
100.506
121.845
128.606
119.833
92.3279
83.6723
32.4816
98.3991
119.245
113.523
104.107
142.696
79.7358
164.817
31.2501
101.724
107.492
127.287
114.545
116.741
42.5552
130.582
113.666
114.239
134.019
111.174
132.706
101.451
45.4494
108.308
119.9
100.773
42.875
77.0503
128.174
53.3231
119.591
46.7679
104.782
127.424
108.213
123.877
130.332
98.3597
144.275
110.257
118.905
82.812
98.2279
119.643
123.224
99.3819
-2.25753
169.572
56.2064
95.0561
131.485
122.973
104.844
95.0892
85.1711
118.939
158.401
128.007
115.23
110.205
129.54
131.595
27.1598
109.386
89.6482
122.508
101.974
100.405
109.471
96.8936
43.9723
93.3187
28.7158
78.7933
182.018
177.539
118.075
147.515
156.666
98.9103
95.2558
213.678
153.236
98.1663
80.2879
37.4092
125.819
108.643
98.5891
153.632
)
;

boundaryField
{
    wings
    {
        type            zeroGradient;
    }
    outlet
    {
        type            freestreamPressure;
    }
    tunnel
    {
        type            zeroGradient;
    }
    inlet
    {
        type            freestreamPressure;
    }
    defaultFaces
    {
        type            empty;
    }
}


// ************************************************************************* //
