5.0 -97.9922935127
10.0 -60.2351883559
15.0 -21.5314229195
20.0 -3.72842110169
25.0 1.6371182161
30.0 2.19371821186
35.0 1.83946111441
40.0 1.58496215254
45.0 1.55732673729
50.0 1.60919940678
55.0 1.63417359746
60.0 1.66424761017
65.0 1.70799386864
70.0 1.74267743644
75.0 1.77958577966
80.0 1.8185159322
85.0 1.85753923602
90.0 1.89672328941
95.0 1.93649821525
100.0 1.9761548661
105.0 2.01512534195
110.0 2.05249887669
115.0 2.09114996017
120.0 2.12679847712
125.0 2.16105282119
130.0 2.19432766992
135.0 2.22517271017
140.0 2.25351346229
145.0 2.27916074364
150.0 2.3031646928
155.0 2.32368579364
160.0 2.34286578686
165.0 2.35841403475
170.0 2.37367479195
175.0 2.38643186695
180.0 2.39644595
185.0 2.40486980127
190.0 2.41173603136
195.0 2.41703442712
200.0 2.42096297331
205.0 2.42363990551
210.0 2.42504205085
215.0 2.42562314915
220.0 2.42539453941
225.0 2.42444436271
230.0 2.42272753559
235.0 2.42076349576
240.0 2.4176097178
245.0 2.41486653941
250.0 2.41185331229
255.0 2.40792734619
260.0 2.403113325
265.0 2.39817550805
270.0 2.39268452034
275.0 2.38771452288
280.0 2.38242475085
285.0 2.37697314449
290.0 2.37137968686
295.0 2.36592780593
300.0 2.36018737966
305.0 2.35462428898
310.0 2.34880990424
315.0 2.34336677161
320.0 2.33807695424
325.0 2.33251595805
330.0 2.32740528559
335.0 2.32243572669
340.0 2.31755966949
345.0 2.31330190763
350.0 2.30955777669
355.0 2.30584110339
360.0 2.30247805847
365.0 2.29965324364
370.0 2.2971841178
375.0 2.29502385339
380.0 2.29333998136
385.0 2.2922690178
390.0 2.29146818093
395.0 2.29119849873
400.0 2.29146781737
405.0 2.29204530085
410.0 2.29339055
415.0 2.29499549534
420.0 2.29712460932
425.0 2.2998246572
430.0 2.3028286339
435.0 2.3065449178
440.0 2.31048019661
445.0 2.31508183008
450.0 2.31994970466
455.0 2.32536936864
460.0 2.33107529619
465.0 2.33728767076
470.0 2.34372783195
475.0 2.35060919398
480.0 2.35766786394
485.0 2.3652030203
490.0 2.37277883894
495.0 2.3808110061
500.0 2.38895016691
505.0 2.39717285093
510.0 2.40556609835
515.0 2.41404063572
520.0 2.42242692127
525.0 2.4307950722
530.0 2.43899277169
535.0 2.44698178344
540.0 2.45465182267
545.0 2.46189731597
550.0 2.46860498606
555.0 2.47464466216
560.0 2.47987168301
565.0 2.48412788809
570.0 2.48723594614
575.0 2.48899786203
580.0 2.48919899585
585.0 2.48761972322
590.0 2.48400216839
595.0 2.47824358695
600.0 2.4699801125
605.0 2.45871875025
610.0 2.44448722936
615.0 2.42706625297
620.0 2.40637837445
625.0 2.38198126458
630.0 2.35399533153
635.0 2.32206097805
640.0 2.28553430593
645.0 2.24486389903
650.0 2.19967601428
655.0 2.15023172534
660.0 2.09665782784
665.0 2.03913250835
670.0 1.978261195
675.0 1.91422188276
680.0 1.8473092789
685.0 1.77873972538
690.0 1.70940285928
695.0 1.63988196301
700.0 1.57178613076
705.0 1.50623248606
710.0 1.44326440682
715.0 1.38362016415
720.0 1.33068229831
725.0 1.2811603161
730.0 1.23437991568
735.0 1.19492284831
740.0 1.15787427119
745.0 1.12834172034
750.0 1.09943245593
755.0 1.07560928941
760.0 1.05460753814
765.0 1.03467121653
770.0 1.01929973856
775.0 1.00684758898
780.0 0.993225632627
785.0 0.983144069492
790.0 0.972242085169
795.0 0.963578590254
800.0 0.954614508898
805.0 0.947404780508
810.0 0.940053559746
815.0 0.933903062712
820.0 0.92797354322
825.0 0.922563254237
830.0 0.917643214407
835.0 0.912959490678
840.0 0.908558613983
845.0 0.904550761017
850.0 0.900901470339
855.0 0.897562033475
860.0 0.894519201271
865.0 0.891840380508
870.0 0.889461907627
875.0 0.887388069068
880.0 0.885625131356
885.0 0.884169762712
890.0 0.883017648729
895.0 0.88216292839
900.0 0.881607646186
905.0 0.881349341525
910.0 0.881392601695
915.0 0.881721837288
920.0 0.882417918644
925.0 0.88340255
930.0 0.884786807627
935.0 0.886423998305
940.0 0.888436151271
945.0 0.890811183475
950.0 0.893519248729
955.0 0.896611820339
960.0 0.900098999153
965.0 0.903991898305
970.0 0.90829730339
975.0 0.913017808475
980.0 0.918160646186
985.0 0.923768652966
990.0 0.92970830678
995.0 0.936130983898
1000.0 0.943169713559
1005.0 0.950365667373
1010.0 0.958054755085
1015.0 0.966255518644
1020.0 0.975015897458
1025.0 0.983928745339
1030.0 0.993371606356
1035.0 1.00331362288
1040.0 1.01373154068
1045.0 1.02417997119
1050.0 1.03515057373
1055.0 1.04659274576
1060.0 1.05843134576
1065.0 1.07019189449
1070.0 1.08242263602
1075.0 1.09506895805
1080.0 1.10805755381
1085.0 1.12087317415
1090.0 1.13411410381
1095.0 1.14768882373
1100.0 1.16153753432
1105.0 1.17509547754
1110.0 1.18905498475
1115.0 1.20326268602
1120.0 1.21726686483
1125.0 1.23183148898
1130.0 1.24600444068
1135.0 1.26031276271
1140.0 1.27480650593
1145.0 1.28909869746
1150.0 1.30321948263
1155.0 1.31778442415
1160.0 1.33172280763
1165.0 1.34597013305
1170.0 1.35975863178
1175.0 1.37369502712
1180.0 1.38739795466
1185.0 1.40129618729
1190.0 1.41453590466
1195.0 1.4276013661
1200.0 1.44085356568
1205.0 1.45369335297
1210.0 1.466540625
1215.0 1.47913432966
1220.0 1.49152021864
1225.0 1.5038665178
1230.0 1.51566469958
1235.0 1.52761265339
1240.0 1.53931968136
1245.0 1.55043956483
1250.0 1.56184682331
1255.0 1.572750425
1260.0 1.58346213602
1265.0 1.59412823771
1270.0 1.60454352161
1275.0 1.61477841949
1280.0 1.62483407203
1285.0 1.63473094237
1290.0 1.64447524534
1295.0 1.65407303305
1300.0 1.6633708
1305.0 1.67270971102
1310.0 1.68209305636
1315.0 1.69129169915
1320.0 1.70040466695
1325.0 1.70922018644
1330.0 1.71802167119
1335.0 1.7268778411
1340.0 1.73556788814
1345.0 1.74441010551
1350.0 1.75309556229
1355.0 1.76174504449
1360.0 1.77036068814
1365.0 1.77893400932
1370.0 1.78800570678
1375.0 1.79654736398
1380.0 1.80524636229
1385.0 1.81443016907
1390.0 1.82325817627
1395.0 1.83156891271
1400.0 1.84058156144
1405.0 1.85010868559
1410.0 1.85906059958
1415.0 1.86847491314
1420.0 1.87773138729
1425.0 1.88700026483
1430.0 1.89648205508
1435.0 1.90585507839
1440.0 1.91543721186
1445.0 1.92490974619
1450.0 1.93453932119
1455.0 1.94404532288
1460.0 1.95364219576
1465.0 1.96309671653
1470.0 1.97256871441
1475.0 1.98185845
1480.0 1.99108847203
1485.0 2.00010903475
1490.0 2.00888928339
1495.0 2.01737056763
1500.0 2.02548643258
1505.0 2.03323161258
1510.0 2.04050062873
1515.0 2.04719797136
1520.0 2.05324186381
1525.0 2.05854273233
1530.0 2.06299079237
1535.0 2.06647401038
1540.0 2.06890798856
1545.0 2.07004595343
1550.0 2.06983568487
1555.0 2.0681897247
1560.0 2.06492703907
1565.0 2.05981657284
1570.0 2.05277948042
1575.0 2.04358516369
1580.0 2.03219953051
1585.0 2.01852693424
1590.0 2.0022646261
1595.0 1.98348065356
1600.0 1.96203003182
1605.0 1.93785209191
1610.0 1.91107478136
1615.0 1.88168369814
1620.0 1.84912643542
1625.0 1.8145239025
1630.0 1.77780259924
1635.0 1.73911113852
1640.0 1.69884898
1645.0 1.65741713945
1650.0 1.61535433475
1655.0 1.57298000254
1660.0 1.53042277246
1665.0 1.48884064576
1670.0 1.44819505297
1675.0 1.40862238898
1680.0 1.37279021186
1685.0 1.33837061229
1690.0 1.30593240847
1695.0 1.27387794195
1700.0 1.24664990381
1705.0 1.22168487076
1710.0 1.19887435466
1715.0 1.17778187288
1720.0 1.15890879407
1725.0 1.14175338136
1730.0 1.12699951314
1735.0 1.11275006356
1740.0 1.09891270254
1745.0 1.08946238644
1750.0 1.07927350636
1755.0 1.06950921059
1760.0 1.060500775
1765.0 1.05238408178
1770.0 1.04469595085
1775.0 1.03757060339
1780.0 1.03104486017
1785.0 1.02457671992
1790.0 1.01872546695
1795.0 1.01321221525
1800.0 1.0080009411
1805.0 1.00320980424
1810.0 0.998745143644
1815.0 0.994627683898
1820.0 0.990824808475
1825.0 0.987521633051
1830.0 0.984572828814
1835.0 0.981970315678
1840.0 0.979775543644
1845.0 0.977883405085
1850.0 0.976390950847
1855.0 0.975364684746
1860.0 0.974750808475
1865.0 0.974514992373
1870.0 0.974634376271
1875.0 0.975199218644
1880.0 0.976209085169
1885.0 0.977619984322
1890.0 0.979447894915
1895.0 0.981709120339
1900.0 0.984439437288
1905.0 0.987536606356
1910.0 0.991033400424
1915.0 0.994964455932
1920.0 0.999360413559
1925.0 1.00415591441
1930.0 1.0093604322
1935.0 1.01495859619
1940.0 1.02097219873
1945.0 1.02738454195
1950.0 1.03416536229
1955.0 1.04130171737
1960.0 1.04900111144
1965.0 1.05656662288
1970.0 1.06468127246
1975.0 1.07327856144
1980.0 1.0822000411
1985.0 1.09111900169
1990.0 1.10047657415
1995.0 1.11019648051
2000.0 1.12026266483
2005.0 1.13025518559
2010.0 1.14090288093
2015.0 1.15136379492
2020.0 1.16215916271
2025.0 1.17344188941
2030.0 1.18459590339
2035.0 1.19598430847
2040.0 1.20779310169
2045.0 1.21943289958
2050.0 1.23128086144
2055.0 1.24349962797
2060.0 1.25545958093
2065.0 1.26765810763
2070.0 1.27969698432
2075.0 1.29200150297
2080.0 1.30420863644
2085.0 1.31649110551
2090.0 1.32867196653
2095.0 1.341139125
2100.0 1.35302031864
2105.0 1.36534543856
2110.0 1.37714388941
2115.0 1.38928539322
2120.0 1.40089426271
2125.0 1.41290971398
2130.0 1.42424757415
2135.0 1.43573949153
2140.0 1.44722242331
2145.0 1.4585661428
2150.0 1.46968731695
2155.0 1.48058197161
2160.0 1.49134344492
2165.0 1.50246695254
2170.0 1.51306613008
2175.0 1.52322988983
2180.0 1.53376809831
2185.0 1.54409499364
2190.0 1.55426621992
2195.0 1.56432572034
2200.0 1.5742561928
2205.0 1.58407662924
2210.0 1.59380361864
2215.0 1.60344343983
2220.0 1.61301479492
2225.0 1.62250447203
2230.0 1.63192314068
2235.0 1.64141690678
2240.0 1.65046802458
2245.0 1.65975654831
2250.0 1.66899775466
2255.0 1.67787081441
2260.0 1.68705680169
2265.0 1.69710514195
2270.0 1.7062111928
2275.0 1.71454794492
2280.0 1.72414631186
2285.0 1.73375118602
2290.0 1.74304523983
2295.0 1.75186310508
2300.0 1.76069691483
2305.0 1.77026346737
2310.0 1.77974099534
2315.0 1.78856564195
2320.0 1.79756851568
2325.0 1.80641539153
2330.0 1.81517136992
2335.0 1.8244929572
2340.0 1.83401465339
2345.0 1.84313791441
2350.0 1.85177864619
2355.0 1.86029888093
2360.0 1.86885726186
2365.0 1.87720313305
2370.0 1.88513407627
2375.0 1.89282110551
2380.0 1.90018884492
2385.0 1.90705156229
2390.0 1.91344063432
2395.0 1.91913348136
2400.0 1.92424916398
2405.0 1.928572325
2410.0 1.93199575466
2415.0 1.93451174237
2420.0 1.9360142814
2425.0 1.93627773339
2430.0 1.9352468447
2435.0 1.93284940178
2440.0 1.92895307547
2445.0 1.92347425775
2450.0 1.91619757059
2455.0 1.90703264788
2460.0 1.89607392877
2465.0 1.88317219597
2470.0 1.86838622589
2475.0 1.85142146288
2480.0 1.83216057644
2485.0 1.81095017915
2490.0 1.78780309271
2495.0 1.76252370424
2500.0 1.73547782203
2505.0 1.70686418771
2510.0 1.67684896568
2515.0 1.64575259322
2520.0 1.6143276911
2525.0 1.58137748729
2530.0 1.54801116356
2535.0 1.5155421339
2540.0 1.48267564322
2545.0 1.44956548051
2550.0 1.41849107331
2555.0 1.38970120381
2560.0 1.36157182669
2565.0 1.33469454661
2570.0 1.30764411907
2575.0 1.2848019678
2580.0 1.26306516102
2585.0 1.2417723322
2590.0 1.22281122161
2595.0 1.20545675847
2600.0 1.18943572966
2605.0 1.17461678475
2610.0 1.16158720847
2615.0 1.149462625
2620.0 1.13817060466
2625.0 1.12582465297
2630.0 1.1161107072
2635.0 1.10741730763
2640.0 1.09985367458
2645.0 1.09237567034
2650.0 1.08453669661
2655.0 1.07738242754
2660.0 1.07078742161
2665.0 1.06463678771
2670.0 1.05877585169
2675.0 1.05329440254
2680.0 1.04819073686
2685.0 1.04343558093
2690.0 1.03905012161
2695.0 1.03493432458
2700.0 1.03147251356
2705.0 1.02816762881
2710.0 1.02523112585
2715.0 1.02276806229
2720.0 1.02073607966
2725.0 1.01908558475
2730.0 1.01781913983
2735.0 1.01696977881
2740.0 1.01655786144
2745.0 1.01658083475
2750.0 1.01703236695
2755.0 1.01791244449
2760.0 1.01922787627
2765.0 1.02098204025
2770.0 1.02316861017
2775.0 1.02578249025
2780.0 1.0288232928
2785.0 1.03228549661
2790.0 1.03616151695
2795.0 1.04045176059
2800.0 1.04512787288
2805.0 1.05018348856
2810.0 1.05560254915
2815.0 1.06137189831
2820.0 1.06748268178
2825.0 1.07392427924
2830.0 1.08074374534
2835.0 1.08777671186
2840.0 1.0950490339
2845.0 1.10274245254
2850.0 1.11071549195
2855.0 1.11901518771
2860.0 1.12731950085
2865.0 1.13621444746
2870.0 1.14501488559
2875.0 1.15413948178
2880.0 1.16371999322
2885.0 1.17324245593
2890.0 1.18299797881
2895.0 1.19317977542
2900.0 1.20327638517
2905.0 1.21360350678
2910.0 1.22430811229
2915.0 1.23487586695
2920.0 1.24573384364
2925.0 1.25656641864
2930.0 1.26760191483
2935.0 1.27869165763
2940.0 1.29008004831
2945.0 1.30087607797
2950.0 1.31238809958
2955.0 1.32348273517
2960.0 1.33490221483
2965.0 1.34592805636
2970.0 1.35734399025
2975.0 1.36831287119
2980.0 1.37936377373
2985.0 1.39060449407
2990.0 1.40160178941
2995.0 1.4125202428
3000.0 1.42331520254
3005.0 1.43410838559
3010.0 1.44480181017
3015.0 1.45518071271
3020.0 1.46591283136
3025.0 1.47627448559
3030.0 1.4867194161
3035.0 1.49661797669
3040.0 1.5067579089
3045.0 1.51683742585
3050.0 1.52656632034
3055.0 1.53637463602
3060.0 1.5464056322
3065.0 1.55592915381
3070.0 1.56555628093
3075.0 1.57520472246
3080.0 1.58444191568
3085.0 1.59377117415
3090.0 1.60325699873
3095.0 1.61242768008
3100.0 1.62161383898
3105.0 1.63071917627
3110.0 1.63985060508
3115.0 1.64889482161
3120.0 1.65835967076
3125.0 1.66771226102
3130.0 1.67622022331
3135.0 1.68464153305
3140.0 1.69369163729
3145.0 1.70277098941
3150.0 1.71162731144
3155.0 1.72026579661
3160.0 1.72935536144
3165.0 1.73819912076
3170.0 1.7466807822
3175.0 1.75571446102
3180.0 1.76443556653
3185.0 1.77284128941
3190.0 1.78130729068
3195.0 1.78956930932
3200.0 1.79753640551
3205.0 1.804923675
3210.0 1.81232148008
3215.0 1.81989872203
3220.0 1.82717068602
3225.0 1.83375211992
3230.0 1.83998584237
3235.0 1.84568871992
3240.0 1.85080143983
3245.0 1.85532686186
3250.0 1.85904626356
3255.0 1.86205398136
3260.0 1.86410966568
3265.0 1.86523818305
3270.0 1.86529030593
3275.0 1.86414345636
3280.0 1.86170222542
3285.0 1.85789107161
3290.0 1.85261332415
3295.0 1.84583750551
3300.0 1.83749151229
3305.0 1.82749434025
3310.0 1.81590440424
3315.0 1.80250428983
3320.0 1.7874096928
3325.0 1.77036727034
3330.0 1.75160251822
3335.0 1.73134130042
3340.0 1.70938658347
3345.0 1.6858367
3350.0 1.66102560254
3355.0 1.63435210254
3360.0 1.60816969576
3365.0 1.58090944449
3370.0 1.55281352797
3375.0 1.5244245178
3380.0 1.49575748559
3385.0 1.46799396229
3390.0 1.44081458771
3395.0 1.41414371144
3400.0 1.38805946059
3405.0 1.36247835297
3410.0 1.33915180254
3415.0 1.31771578517
3420.0 1.29606373898
3425.0 1.27619485297
3430.0 1.25830832373
3435.0 1.24063892924
3440.0 1.22467986525
3445.0 1.20910916356
3450.0 1.19555100551
3455.0 1.18344136483
3460.0 1.17155441949
3465.0 1.15981346398
3470.0 1.15108536949
3475.0 1.14134168051
3480.0 1.13245951949
3485.0 1.12348630339
3490.0 1.11588298602
3495.0 1.10875290254
3500.0 1.10200877034
3505.0 1.09548824788
3510.0 1.08938158602
3515.0 1.08368662119
3520.0 1.07832581059
3525.0 1.07331818475
3530.0 1.06867603305
3535.0 1.06439041653
3540.0 1.06046007839
3545.0 1.05686167881
3550.0 1.05360710297
3555.0 1.05087259153
3560.0 1.04850392246
3565.0 1.04645658856
3570.0 1.04478908263
3575.0 1.04355858898
3580.0 1.04277233347
3585.0 1.04240530212
3590.0 1.04245158898
3595.0 1.04292559025
3600.0 1.04384003729
3605.0 1.04518856864
3610.0 1.04696188475
3615.0 1.04915701653
3620.0 1.05177779407
3625.0 1.0548038822
3630.0 1.05822809534
3635.0 1.06204026864
3640.0 1.06622940085
3645.0 1.07078109534
3650.0 1.07568349576
3655.0 1.08092771441
3660.0 1.08650230636
3665.0 1.09239457797
3670.0 1.0985036661
3675.0 1.10502624619
3680.0 1.11198770169
3685.0 1.11890879364
3690.0 1.12620734322
3695.0 1.13385537542
3700.0 1.14158680678
3705.0 1.14980460975
3710.0 1.15807235297
3715.0 1.16654553898
3720.0 1.17543436398
3725.0 1.18429176059
3730.0 1.1933762572
3735.0 1.20285728263
3740.0 1.21227005763
3745.0 1.22190816483
3750.0 1.23190681907
3755.0 1.24200536483
3760.0 1.2520780589
3765.0 1.26231124873
3770.0 1.27241686949
3775.0 1.2829677411
3780.0 1.29336392712
3785.0 1.30403285593
3790.0 1.31443354873
3795.0 1.32522516737
3800.0 1.33565066525
3805.0 1.3464658089
3810.0 1.3568898322
3815.0 1.36740307627
3820.0 1.3779451428
3825.0 1.38859718136
3830.0 1.39921995297
3835.0 1.40972133559
3840.0 1.41980404703
3845.0 1.43034076483
3850.0 1.44043888178
3855.0 1.45058633941
3860.0 1.46044385763
3865.0 1.47044057458
3870.0 1.48048716229
3875.0 1.49034917839
3880.0 1.50013308517
3885.0 1.51006841907
3890.0 1.51968021441
3895.0 1.52892984195
3900.0 1.53847884958
3905.0 1.54766696568
3910.0 1.55703500381
3915.0 1.56618623051
3920.0 1.57547165127
3925.0 1.58452795508
3930.0 1.59364598263
3935.0 1.60253490042
3940.0 1.61151270551
3945.0 1.62045631017
3950.0 1.62936386144
3955.0 1.63817488856
3960.0 1.64700780763
3965.0 1.65548014703
3970.0 1.66407351653
3975.0 1.67303123814
3980.0 1.68169173729
3985.0 1.6903369161
3990.0 1.69844673686
3995.0 1.7069687572
4000.0 1.71535577797
4005.0 1.72360158136
4010.0 1.73160854449
4015.0 1.73982930593
4020.0 1.74771661356
4025.0 1.75483893729
4030.0 1.76229598432
4035.0 1.76982106059
4040.0 1.77709599322
4045.0 1.78328681483
4050.0 1.78974188686
4055.0 1.79562296271
4060.0 1.80105547924
4065.0 1.80591261864
4070.0 1.81022779958
4075.0 1.81394072585
4080.0 1.81679837839
4085.0 1.81894725381
4090.0 1.82021314619
4095.0 1.82047178517
4100.0 1.81972863305
4105.0 1.81783273771
4110.0 1.81472979576
4115.0 1.81042606568
4120.0 1.80468295424
4125.0 1.79746603263
4130.0 1.78881212373
4135.0 1.77857542246
4140.0 1.7668237322
4145.0 1.75355703898
4150.0 1.73888003814
4155.0 1.72250712203
4160.0 1.7046628928
4165.0 1.68541807669
4170.0 1.66474476017
4175.0 1.64222222542
4180.0 1.61988783093
4185.0 1.59636579025
4190.0 1.57185288602
4195.0 1.54674545805
4200.0 1.52136529534
4205.0 1.49571853178
4210.0 1.47129339068
4215.0 1.44580572203
4220.0 1.42078115805
4225.0 1.39740955212
4230.0 1.37440841695
4235.0 1.35263878432
4240.0 1.33232955339
4245.0 1.31222017034
4250.0 1.29344132542
4255.0 1.27525231398
4260.0 1.25862361398
4265.0 1.24323521483
4270.0 1.22884271017
4275.0 1.21546259958
4280.0 1.20324323898
4285.0 1.19082191102
4290.0 1.17966305297
4295.0 1.17013392966
4300.0 1.16084763856
4305.0 1.15222957203
4310.0 1.14386872119
4315.0 1.13589552966
4320.0 1.12820914534
4325.0 1.12132095381
4330.0 1.11476569322
4335.0 1.10860180127
4340.0 1.10287969407
4345.0 1.09747772839
4350.0 1.09242048644
4355.0 1.08772912161
4360.0 1.08338457331
4365.0 1.07938978008
4370.0 1.07575407246
4375.0 1.0725206428
4380.0 1.0695136661
4385.0 1.06697421907
4390.0 1.06489468686
4395.0 1.06316997288
4400.0 1.06179247246
4405.0 1.06081555763
4410.0 1.06027526653
4415.0 1.06016946737
4420.0 1.06047275975
4425.0 1.06118767627
4430.0 1.06232568093
4435.0 1.06388549025
4440.0 1.0658565428
4445.0 1.06822992246
4450.0 1.07099973559
4455.0 1.07415833008
4460.0 1.07769176737
4465.0 1.08158773093
4470.0 1.08583779619
4475.0 1.09043429364
4480.0 1.09536372119
4485.0 1.10061458856
4490.0 1.10617509703
4495.0 1.11188459534
4500.0 1.11813089449
4505.0 1.12466896441
4510.0 1.13139976822
4515.0 1.13822024915
4520.0 1.14542709068
4525.0 1.15292616398
4530.0 1.16059723644
4535.0 1.16847664873
4540.0 1.176721275
4545.0 1.18497001525
4550.0 1.19344076356
4555.0 1.20229316398
4560.0 1.21109467754
4565.0 1.22011895339
4570.0 1.2292728178
4575.0 1.23861681398
4580.0 1.24820186144
4585.0 1.25788001102
4590.0 1.26776784661
4595.0 1.27783948051
4600.0 1.28772208644
4605.0 1.29755199958
4610.0 1.30768441271
4615.0 1.31804675169
4620.0 1.32810397754
4625.0 1.33811226059
4630.0 1.34827134364
4635.0 1.35865398771
4640.0 1.36870819915
4645.0 1.37912540551
4650.0 1.38899123729
4655.0 1.39915778178
4660.0 1.409232725
4665.0 1.41914391483
4670.0 1.42894950593
4675.0 1.4390752178
4680.0 1.44880803856
4685.0 1.45873895127
4690.0 1.46821288941
4695.0 1.47775986822
4700.0 1.48733336907
4705.0 1.49705787797
4710.0 1.50640933517
4715.0 1.51546942034
4720.0 1.52482808644
4725.0 1.53382590127
4730.0 1.54297231271
4735.0 1.55205275508
4740.0 1.56098902288
4745.0 1.56990889958
4750.0 1.57888171059
4755.0 1.58767372754
4760.0 1.59647624746
4765.0 1.60517711568
4770.0 1.6139617572
4775.0 1.62269130169
4780.0 1.63086689831
4785.0 1.63952169788
4790.0 1.64783310424
4795.0 1.65636943305
4800.0 1.66441658305
4805.0 1.67258100424
4810.0 1.68093799661
4815.0 1.68909571186
4820.0 1.69683236483
4825.0 1.70473879915
4830.0 1.71245376059
4835.0 1.72000374746
4840.0 1.72736304025
4845.0 1.73450904746
4850.0 1.74156048008
4855.0 1.74832232076
4860.0 1.75419886356
4865.0 1.76017351356
4870.0 1.76588352627
4875.0 1.77109108136
4880.0 1.77575208263
4885.0 1.77971981059
4890.0 1.78317643178
4895.0 1.7859752339
4900.0 1.78797676949
4905.0 1.78914874068
4910.0 1.78944830805
4915.0 1.78877198178
4920.0 1.78707394661
4925.0 1.78428547542
4930.0 1.78033193517
4935.0 1.77506536949
4940.0 1.76844463178
4945.0 1.76054043475
4950.0 1.75123793644
4955.0 1.74051381102
4960.0 1.72835153898
4965.0 1.71476211525
4970.0 1.69976249364
4975.0 1.68338824831
4980.0 1.66569066949
4985.0 1.64676341271
4990.0 1.62674679153
4995.0 1.60578873644
5000.0 1.58401180508
5005.0 1.56155509025
5010.0 1.53859925127
5015.0 1.51535544492
5020.0 1.49168062076
5025.0 1.46875500042
5030.0 1.44580074958
5035.0 1.42390563856
5040.0 1.40134523644
5045.0 1.37932473432
5050.0 1.35870011695
5055.0 1.33964981059
5060.0 1.32050479492
5065.0 1.30230376271
5070.0 1.28496456525
5075.0 1.26963174068
5080.0 1.25462986653
5085.0 1.2409822339
5090.0 1.2276291822
5095.0 1.21478472034
5100.0 1.20304969407
5105.0 1.19325918898
5110.0 1.18321026695
5115.0 1.17350920424
5120.0 1.16494972881
5125.0 1.15657870593
5130.0 1.14931694746
5135.0 1.14159236822
5140.0 1.13428378983
5145.0 1.12789794661
5150.0 1.12192592246
5155.0 1.11614566017
5160.0 1.11075123263
5165.0 1.10574344958
5170.0 1.10105706568
5175.0 1.0967132411
5180.0 1.09272215297
5185.0 1.08907784449
5190.0 1.08570448136
5195.0 1.08290119153
5200.0 1.08037350254
5205.0 1.07812012881
5210.0 1.07627625593
5215.0 1.07488932331
5220.0 1.07391486229
5225.0 1.07331472458
5230.0 1.07310630763
5235.0 1.07331883305
5240.0 1.07395486737
5245.0 1.07499660212
5250.0 1.07643728432
5255.0 1.07827901907
5260.0 1.08051844619
5265.0 1.0831415661
5270.0 1.08613654958
5275.0 1.08949574661
5280.0 1.09321411102
5285.0 1.09728059492
5290.0 1.10168337881
5295.0 1.10641268093
5300.0 1.11145456992
5305.0 1.11680434195
5310.0 1.12229594619
5315.0 1.12830690763
5320.0 1.13460207331
5325.0 1.14109368983
5330.0 1.14766699788
5335.0 1.15461809873
5340.0 1.16182888729
5345.0 1.16935308136
5350.0 1.17689967754
5355.0 1.18470249703
5360.0 1.19287771398
5365.0 1.20101973856
5370.0 1.20938290678
5375.0 1.21811372203
5380.0 1.22678515
5385.0 1.23573607754
5390.0 1.24472167458
5395.0 1.25394443475
5400.0 1.26330993008
5405.0 1.27276342966
5410.0 1.28245371144
5415.0 1.29194766737
5420.0 1.30173733051
5425.0 1.31139546864
5430.0 1.321240425
5435.0 1.3310106072
5440.0 1.34086039068
5445.0 1.35094854449
5450.0 1.36067857839
5455.0 1.37060167669
5460.0 1.3801819072
5465.0 1.39012341398
5470.0 1.3999368822
5475.0 1.40961920636
5480.0 1.41920272161
5485.0 1.42910380466
5490.0 1.43861623305
5495.0 1.44833898898
5500.0 1.45760856992
5505.0 1.46697537797
5510.0 1.47635053898
5515.0 1.48590721992
5520.0 1.49508198559
5525.0 1.50397640763
5530.0 1.51288555169
5535.0 1.52213130466
5540.0 1.5309833339
5545.0 1.53987620381
5550.0 1.54879233051
5555.0 1.55758909364
5560.0 1.56626370212
5565.0 1.57486038517
5570.0 1.58345992542
5575.0 1.59203616568
5580.0 1.60049150847
5585.0 1.60865529492
5590.0 1.61695415042
5595.0 1.62611226483
5600.0 1.63392356356
5605.0 1.64223646017
5610.0 1.6496465928
5615.0 1.65784606695
5620.0 1.66575584661
5625.0 1.67384346017
5630.0 1.68130744576
5635.0 1.68888867331
5640.0 1.69627500932
5645.0 1.70348536229
5650.0 1.71048889195
5655.0 1.71724481568
5660.0 1.72364260339
5665.0 1.72989913856
5670.0 1.73611482246
5675.0 1.74168576186
5680.0 1.74660769492
5685.0 1.75112756059
5690.0 1.75536016483
5695.0 1.75905074364
5700.0 1.76202554237
5705.0 1.76421709958
5710.0 1.7657211411
5715.0 1.76653461653
5720.0 1.76632569958
5725.0 1.76517693008
5730.0 1.76306199619
5735.0 1.75981895169
5740.0 1.75547062585
5745.0 1.7500580589
5750.0 1.7432939589
5755.0 1.73515962246
5760.0 1.72571395297
5765.0 1.7150518339
5770.0 1.70322920805
5775.0 1.68987522161
5780.0 1.67515352415
5785.0 1.65921237797
5790.0 1.64212383559
5795.0 1.62397690254
5800.0 1.60489494746
5805.0 1.58497039958
5810.0 1.56432497881
5815.0 1.54311006229
5820.0 1.52150715042
5825.0 1.49949098178
5830.0 1.47833279364
5835.0 1.45637090339
5840.0 1.43434864364
5845.0 1.41287284661
5850.0 1.39311442458
5855.0 1.37332335805
5860.0 1.3541701161
5865.0 1.33537423771
5870.0 1.31746549534
5875.0 1.30089512119
5880.0 1.28503235339
5885.0 1.27021147669
5890.0 1.25602789576
5895.0 1.24274470932
5900.0 1.23025183051
5905.0 1.21863399322
5910.0 1.20815390678
5915.0 1.19709757881
5920.0 1.18811073814
5925.0 1.17891155424
5930.0 1.17018652797
5935.0 1.16271474746
5940.0 1.15527039958
5945.0 1.14789543263
5950.0 1.14139531102
5955.0 1.13498485636
5960.0 1.12910305
5965.0 1.12363374661
5970.0 1.11844009195
5975.0 1.11359832966
5980.0 1.10910761907
5985.0 1.10494886695
5990.0 1.10113267839
5995.0 1.09766411398
6000.0 1.09447623856
6005.0 1.09175123729
6010.0 1.08945395551
6015.0 1.08743226059
6020.0 1.08574422585
6025.0 1.08447796695
6030.0 1.08364875932
6035.0 1.08321548814
6040.0 1.08315996017
6045.0 1.08350207542
6050.0 1.08425711229
6055.0 1.08541361441
6060.0 1.08695805169
6065.0 1.08888659619
6070.0 1.09119631017
6075.0 1.09387743432
6080.0 1.09692067119
6085.0 1.10031880381
6090.0 1.10406507373
6095.0 1.10814845551
6100.0 1.11255668051
6105.0 1.117279575
6110.0 1.12230570932
6115.0 1.12762110212
6120.0 1.13326642542
6125.0 1.13911545381
6130.0 1.14517027754
6135.0 1.15157492585
6140.0 1.15823454025
6145.0 1.16500928093
6150.0 1.1722360428
6155.0 1.17951012754
6160.0 1.18697860847
6165.0 1.19482069746
6170.0 1.20264488559
6175.0 1.21068294788
6180.0 1.21907937627
6185.0 1.22742567627
6190.0 1.23607060551
6195.0 1.24486283814
6200.0 1.25374097076
6205.0 1.26255161314
6210.0 1.2718418322
6215.0 1.28115945508
6220.0 1.29032737797
6225.0 1.29977272458
6230.0 1.3094065339
6235.0 1.31882667415
6240.0 1.32820682924
6245.0 1.33774956737
6250.0 1.34752437542
6255.0 1.35701472627
6260.0 1.36669138686
6265.0 1.37617555805
6270.0 1.38580875847
6275.0 1.39542486525
6280.0 1.40505225466
6285.0 1.41450237161
6290.0 1.42388704576
6295.0 1.43307787119
6300.0 1.44264691695
6305.0 1.45166662246
6310.0 1.46106032966
6315.0 1.47020338051
6320.0 1.47931830593
6325.0 1.48819108136
6330.0 1.49724638178
6335.0 1.50630019619
6340.0 1.51506323517
6345.0 1.52384935424
6350.0 1.53260235212
6355.0 1.54119022669
6360.0 1.55004913263
6365.0 1.55855552627
6370.0 1.56699693263
6375.0 1.57542522203
6380.0 1.5838126928
6385.0 1.59218870763
6390.0 1.60007005636
6395.0 1.60790604873
6400.0 1.61624867924
6405.0 1.62460345339
6410.0 1.63256013347
6415.0 1.64060058347
6420.0 1.64811328008
6425.0 1.65578516144
6430.0 1.66339655381
6435.0 1.67084594449
6440.0 1.67812460085
6445.0 1.68520778814
6450.0 1.69207145636
6455.0 1.69860957585
6460.0 1.70491076144
6465.0 1.71126391186
6470.0 1.71739020424
6475.0 1.72265352754
6480.0 1.72749287712
6485.0 1.73227340212
6490.0 1.73654677458
6495.0 1.74013070508
6500.0 1.74324847542
6505.0 1.74573601864
6510.0 1.74748694661
6515.0 1.74845583983
6520.0 1.74861469449
6525.0 1.74791172839
6530.0 1.74626385636
6535.0 1.74365065381
6540.0 1.73998946186
6545.0 1.73519674534
6550.0 1.72923562881
6555.0 1.7220853072
6560.0 1.71372373602
6565.0 1.70411613263
6570.0 1.69325020763
6575.0 1.68112422542
6580.0 1.66775090424
6585.0 1.65318403898
6590.0 1.63747110932
6595.0 1.62071212966
6600.0 1.60302876186
6605.0 1.58451469407
6610.0 1.56527552712
6615.0 1.54543380932
6620.0 1.52513585508
6625.0 1.50515170339
6630.0 1.48358314746
6635.0 1.46304011992
6640.0 1.44283662246
6645.0 1.42304225805
6650.0 1.40358081525
6655.0 1.38320706441
6660.0 1.36401602034
6665.0 1.34616874068
6670.0 1.32944913898
6675.0 1.31289458517
6680.0 1.2972208661
6685.0 1.28206100339
6690.0 1.26791129619
6695.0 1.25466787458
6700.0 1.242140125
6705.0 1.23037380847
6710.0 1.21912784915
6715.0 1.20943953008
6720.0 1.19993930805
6725.0 1.19045767161
6730.0 1.18172767246
6735.0 1.1730865678
6740.0 1.16582033983
6745.0 1.15869378559
6750.0 1.15182642203
6755.0 1.14547668051
6760.0 1.13950006737
6765.0 1.13385248856
6770.0 1.12856361314
6775.0 1.12362492966
6780.0 1.11901526568
6785.0 1.11473840763
6790.0 1.11079987712
6795.0 1.10720134449
6800.0 1.10394706356
6805.0 1.10101582458
6810.0 1.09841188771
6815.0 1.09631107627
6820.0 1.0945625661
6825.0 1.09312015763
6830.0 1.09204319449
6835.0 1.09139055508
6840.0 1.0911533661
6845.0 1.09129771695
6850.0 1.09182193941
6855.0 1.09274042331
6860.0 1.0940540411
6865.0 1.09574625424
6870.0 1.09780776992
6875.0 1.10023687669
6880.0 1.10303020975
6885.0 1.10617758178
6890.0 1.10966927331
6895.0 1.11349637415
6900.0 1.11764873814
6905.0 1.12211872669
6910.0 1.12688390381
6915.0 1.13194002076
6920.0 1.13713920975
6925.0 1.1428403839
6930.0 1.14881046144
6935.0 1.15497022797
6940.0 1.16121079364
6945.0 1.16781984703
6950.0 1.17467667839
6955.0 1.181829975
6960.0 1.18900774237
6965.0 1.19642224873
6970.0 1.20419130508
6975.0 1.2119322572
6980.0 1.21988667288
6985.0 1.22798414915
6990.0 1.23628067966
6995.0 1.24480629661
7000.0 1.25343473559
7005.0 1.26218932288
7010.0 1.27132474322
7015.0 1.28019050593
7020.0 1.28936084025
7025.0 1.29840941186
7030.0 1.30772314407
7035.0 1.31688502288
7040.0 1.32628409025
7045.0 1.33552534703
7050.0 1.34476737458
7055.0 1.35421215636
7060.0 1.36359499915
7065.0 1.37302889449
7070.0 1.38255934958
7075.0 1.39199506568
7080.0 1.40109342839
7085.0 1.41063473263
7090.0 1.41981877331
7095.0 1.42906357373
7100.0 1.43812483559
7105.0 1.44740232585
7110.0 1.45634457076
7115.0 1.46524461314
7120.0 1.47440137712
7125.0 1.48357523559
7130.0 1.49225582966
7135.0 1.50086669661
7140.0 1.50948600212
7145.0 1.5182113678
7150.0 1.52686332076
7155.0 1.53528692119
7160.0 1.54389218136
7165.0 1.55222923008
7170.0 1.56071571949
7175.0 1.56852930127
7180.0 1.57644828898
7185.0 1.58479349025
7190.0 1.59378555593
7195.0 1.6020194911
7200.0 1.60967655127
7205.0 1.61725888602
7210.0 1.62481266102
7215.0 1.63277522415
7220.0 1.64017604873
7225.0 1.64757463898
7230.0 1.65491399407
7235.0 1.66210025551
7240.0 1.66914118814
7245.0 1.67597691568
7250.0 1.6825732
7255.0 1.68906596864
7260.0 1.6950577911
7265.0 1.70067697712
7270.0 1.70621887585
7275.0 1.7115833678
7280.0 1.71613825339
7285.0 1.72043472246
7290.0 1.72426046907
7295.0 1.72763743983
7300.0 1.73038934364
7305.0 1.73242499788
7310.0 1.73373844195
7315.0 1.73431899958
7320.0 1.73411578729
7325.0 1.73301855847
7330.0 1.73102939746
7335.0 1.72806984873
7340.0 1.72405641907
7345.0 1.71894626017
7350.0 1.71272495254
7355.0 1.70536363559
7360.0 1.6968241678
7365.0 1.68709379576
7370.0 1.67615852797
7375.0 1.66402681017
7380.0 1.65073932754
7385.0 1.63633886525
7390.0 1.62089791271
7395.0 1.60452326695
7400.0 1.58730566144
7405.0 1.56934048432
7410.0 1.55072444534
7415.0 1.53158771822
7420.0 1.51207534449
7425.0 1.49213575042
7430.0 1.47257498771
7435.0 1.45318884703
7440.0 1.43315839068
7445.0 1.413992175
7450.0 1.3953293089
7455.0 1.37684265847
7460.0 1.3592539822
7465.0 1.34170056102
7470.0 1.32569689492
7475.0 1.30956971271
7480.0 1.29485892203
7485.0 1.28060139619
7490.0 1.26708492754
7495.0 1.25440438263
7500.0 1.24241534831
7505.0 1.23118093475
7510.0 1.22030666949
7515.0 1.21019045
7520.0 1.2010711911
7525.0 1.19258233771
7530.0 1.18429467458
7535.0 1.17611747712
7540.0 1.16886770551
7545.0 1.16207537924
7550.0 1.15546086059
7555.0 1.1492673411
7560.0 1.1434816839
7565.0 1.13802886144
7570.0 1.132912275
7575.0 1.12814672415
7580.0 1.12370806525
7585.0 1.11960051314
7590.0 1.11582747076
7595.0 1.11239400085
7600.0 1.10930478178
7605.0 1.10660682288
7610.0 1.10412981314
7615.0 1.10210635551
7620.0 1.10052502924
7625.0 1.09928327966
7630.0 1.09837180932
7635.0 1.09784695593
7640.0 1.09773713178
7645.0 1.09802028856
7650.0 1.09867442119
7655.0 1.09970459788
7660.0 1.10111762458
7665.0 1.10290458644
7670.0 1.10505491864
7675.0 1.1075639411
7680.0 1.11042829025
7685.0 1.11363947331
7690.0 1.11718565551
7695.0 1.12105919407
7700.0 1.12524740254
7705.0 1.12973586017
7710.0 1.13451654153
7715.0 1.13958222331
7720.0 1.14506047585
7725.0 1.15046990763
7730.0 1.15631692288
7735.0 1.16249512246
7740.0 1.16891049534
7745.0 1.17540238136
7750.0 1.18210986695
7755.0 1.18925320169
7760.0 1.19638625975
7765.0 1.20372044407
7770.0 1.2114146928
7775.0 1.21907700212
7780.0 1.22694853602
7785.0 1.23512584068
7790.0 1.24336953898
7795.0 1.25173551864
7800.0 1.26026453347
7805.0 1.26904890212
7810.0 1.27780942797
7815.0 1.28657064195
7820.0 1.2952987
7825.0 1.30438887839
7830.0 1.31343704364
7835.0 1.32270237076
7840.0 1.33165152203
7845.0 1.34099961864
7850.0 1.35026796314
7855.0 1.35951022924
7860.0 1.36843121695
7865.0 1.37777574746
7870.0 1.38698923898
7875.0 1.39611436949
7880.0 1.40533856271
7885.0 1.41453244195
7890.0 1.42338512034
7895.0 1.43263968983
7900.0 1.4413954572
7905.0 1.45050013686
7910.0 1.45935769492
7915.0 1.46821032627
7920.0 1.47680827881
7925.0 1.48560304025
7930.0 1.49441388136
7935.0 1.50289430763
7940.0 1.51162507331
7945.0 1.51990206102
7950.0 1.52839121059
7955.0 1.53678800339
7960.0 1.54508086949
7965.0 1.55330633263
7970.0 1.56135498814
7975.0 1.56975872119
7980.0 1.57808175932
7985.0 1.58632796398
7990.0 1.59414861102
7995.0 1.60174377585
8000.0 1.60882892712
8005.0 1.61654579619
8010.0 1.62430432669
8015.0 1.63169155042
8020.0 1.63888608559
8025.0 1.64617371992
8030.0 1.65319656949
8035.0 1.66003964703
8040.0 1.66669711017
8045.0 1.67313963517
8050.0 1.67946768602
8055.0 1.68550192669
8060.0 1.69089279322
8065.0 1.69594191314
8070.0 1.70113570763
8075.0 1.70561475975
8080.0 1.70980323051
8085.0 1.71342264195
8090.0 1.71648526907
8095.0 1.71905712627
8100.0 1.72100471992
8105.0 1.72219025254
8110.0 1.72262937839
8115.0 1.72231184576
8120.0 1.72116899025
8125.0 1.71908887924
8130.0 1.71604564364
8135.0 1.7120252428
8140.0 1.70698020508
8145.0 1.70085115847
8150.0 1.69359868814
8155.0 1.68521131102
8160.0 1.67567968814
8165.0 1.66499446525
8170.0 1.6531772572
8175.0 1.64026236398
8180.0 1.62629726314
8185.0 1.61135314831
8190.0 1.59553260339
8195.0 1.57891404831
8200.0 1.56158357458
8205.0 1.54363277966
8210.0 1.5251999089
8215.0 1.50696048983
8220.0 1.48719726059
8225.0 1.46824846441
8230.0 1.4495637411
8235.0 1.4312478161
8240.0 1.41254105847
8245.0 1.39377106822
8250.0 1.37631635466
8255.0 1.35961842458
8260.0 1.34254939534
8265.0 1.32611570466
8270.0 1.31093859534
8275.0 1.29635153898
8280.0 1.28256822288
8285.0 1.26977333856
8290.0 1.25736988602
8295.0 1.24564646653
8300.0 1.23462893093
8305.0 1.22402066059
8310.0 1.21445048729
8315.0 1.20581496992
8320.0 1.19695818559
8325.0 1.18873302034
8330.0 1.18065859534
8335.0 1.17333911102
8340.0 1.16657793347
8345.0 1.1600932589
8350.0 1.15398001483
8355.0 1.14824875975
8360.0 1.14286306314
8365.0 1.13781484873
8370.0 1.13310031314
8375.0 1.12872790339
8380.0 1.12467856441
8385.0 1.12096202034
8390.0 1.11758252415
8395.0 1.11454556356
8400.0 1.11182912203
8405.0 1.10943699831
8410.0 1.10753785085
8415.0 1.10598251398
8420.0 1.10472609831
8425.0 1.10383129788
8430.0 1.10335194661
8435.0 1.10327192669
8440.0 1.10355652119
8445.0 1.10420613941
8450.0 1.10523606059
8455.0 1.10664287585
8460.0 1.10841347839
8465.0 1.11054276483
8470.0 1.11302906653
8475.0 1.11586473771
8480.0 1.11903963771
8485.0 1.12254612203
8490.0 1.12637235508
8495.0 1.13050518432
8500.0 1.13493404576
8505.0 1.1396534089
8510.0 1.1446497411
8515.0 1.1499272661
8520.0 1.15543257754
8525.0 1.16120850127
8530.0 1.16731904873
8535.0 1.17345611314
8540.0 1.17992355763
8545.0 1.18664636695
8550.0 1.19364786102
8555.0 1.20065386568
8560.0 1.2078919661
8565.0 1.21547185678
8570.0 1.22301941949
8575.0 1.23084224407
8580.0 1.23873528136
8585.0 1.24685571017
8590.0 1.2551175
8595.0 1.26349270593
8600.0 1.27201272585
8605.0 1.28077196737
8610.0 1.28936372288
8615.0 1.29826760763
8620.0 1.30701333263
8625.0 1.31603389153
8630.0 1.32485773771
8635.0 1.33400426695
8640.0 1.34287273178
8645.0 1.35210623983
8650.0 1.36112860551
8655.0 1.37030115678
8660.0 1.37906812797
8665.0 1.38829463686
8670.0 1.39730664619
8675.0 1.40627395085
8680.0 1.41516235678
8685.0 1.42434628305
8690.0 1.43297760339
8695.0 1.44199174831
8700.0 1.45076938008
8705.0 1.45941838305
8710.0 1.46830297966
8715.0 1.47723773093
8720.0 1.48566692161
8725.0 1.49404282076
8730.0 1.50254150678
8735.0 1.5108398
8740.0 1.51922189195
8745.0 1.52752009788
8750.0 1.53559783008
8755.0 1.54383360169
8760.0 1.55186246441
8765.0 1.5600218161
8770.0 1.56809372458
8775.0 1.57640240975
8780.0 1.58430073898
8785.0 1.59222565339
8790.0 1.59966265466
8795.0 1.60670929068
8800.0 1.61403195254
8805.0 1.62167312712
8810.0 1.62870253771
8815.0 1.63584285424
8820.0 1.64280186271
8825.0 1.64959085424
8830.0 1.6561857661
8835.0 1.66256489619
8840.0 1.66869692331
8845.0 1.67449702331
8850.0 1.67995038347
8855.0 1.68558656992
8860.0 1.69072547754
8865.0 1.69513061737
8870.0 1.69920747627
8875.0 1.70305809364
8880.0 1.70614559153
8885.0 1.70875633644
8890.0 1.71076064407
8895.0 1.71218216356
8900.0 1.71286154576
8905.0 1.71276397924
8910.0 1.71186273983
8915.0 1.71013276144
8920.0 1.70750241653
8925.0 1.70390427585
8930.0 1.6993018839
8935.0 1.69366849534
8940.0 1.68697443898
8945.0 1.679200175
8950.0 1.67032026568
8955.0 1.66032493178
8960.0 1.64923705932
8965.0 1.63708331822
8970.0 1.62390609915
8975.0 1.60976684576
8980.0 1.59476178136
8985.0 1.57896126737
8990.0 1.56244036992
8995.0 1.54528686271
9000.0 1.52762203432
9005.0 1.50956800466
9010.0 1.49110162458
9015.0 1.47287037712
9020.0 1.45477138644
9025.0 1.43600854661
9030.0 1.41752307458
9035.0 1.40033957754
9040.0 1.38246283051
9045.0 1.36599541441
9050.0 1.3493742572
9055.0 1.33396548008
9060.0 1.31855818093
9065.0 1.30407310381
9070.0 1.29076797331
9075.0 1.27746311229
9080.0 1.2649382678
9085.0 1.25320990636
9090.0 1.24209166483
9095.0 1.23168351314
9100.0 1.22220960678
9105.0 1.21219196949
9110.0 1.20396914492
9115.0 1.19550168814
9120.0 1.18745364915
9125.0 1.18031769237
9130.0 1.17332860593
9135.0 1.16671306695
9140.0 1.16053844322
9145.0 1.15471021186
9150.0 1.14922753771
9155.0 1.14408785127
9160.0 1.13928353729
9165.0 1.1348107572
9170.0 1.13067291483
9175.0 1.12686320297
9180.0 1.12338587881
9185.0 1.12024600551
9190.0 1.11736860297
9195.0 1.11507525466
9200.0 1.11293209449
9205.0 1.11113274576
9210.0 1.10978527754
9215.0 1.10883501271
9220.0 1.10821757288
9225.0 1.10795031568
9230.0 1.10807139788
9235.0 1.10858122712
9240.0 1.10945440763
9245.0 1.11068795678
9250.0 1.11228867839
9255.0 1.11425358771
9260.0 1.11657042331
9265.0 1.11923069364
9270.0 1.12223018898
9275.0 1.12556423008
9280.0 1.1292129322
9285.0 1.13316780169
9290.0 1.13741997119
9295.0 1.14196348432
9300.0 1.14678226907
9305.0 1.15191356653
9310.0 1.15724643771
9315.0 1.16277954788
9320.0 1.16864089364
9325.0 1.17475038305
9330.0 1.18097246144
9335.0 1.18761641144
9340.0 1.19431023644
9345.0 1.20117974534
9350.0 1.20840083559
9355.0 1.21561285551
9360.0 1.22302603686
9365.0 1.23058394873
9370.0 1.23833751144
9375.0 1.24631589534
9380.0 1.25439836102
9385.0 1.2626077822
9390.0 1.27119294068
9395.0 1.2795313
9400.0 1.28817675847
9405.0 1.29671738008
9410.0 1.30552653432
9415.0 1.31416730508
9420.0 1.32311684322
9425.0 1.33181071737
9430.0 1.34062433602
9435.0 1.3495115339
9440.0 1.35853499534
9445.0 1.36758920932
9450.0 1.37645554407
9455.0 1.38538405466
9460.0 1.39432513559
9465.0 1.40310671864
9470.0 1.41222800466
9475.0 1.4210224322
9480.0 1.43002014195
9485.0 1.43857610212
9490.0 1.44724809619
9495.0 1.45591992373
9500.0 1.46479464958
9505.0 1.4732924411
9510.0 1.48156213983
9515.0 1.48984086102
9520.0 1.49819485381
9525.0 1.50652308771
9530.0 1.51487107373
9535.0 1.52307546059
9540.0 1.53127205424
9545.0 1.53942545678
9550.0 1.54738969449
9555.0 1.55499672839
9560.0 1.56303790254
9565.0 1.57083285636
9570.0 1.57920720805
9575.0 1.58701791907
9580.0 1.59434747331
9585.0 1.60131379153
9590.0 1.60852942881
9595.0 1.61603900508
9600.0 1.62294146949
9605.0 1.62995442034
9610.0 1.63678393686
9615.0 1.64344683136
9620.0 1.64991225212
9625.0 1.65615765085
9630.0 1.6622919572
9635.0 1.66793457712
9640.0 1.67321900212
9645.0 1.6784197339
9650.0 1.68344945678
9655.0 1.68769793686
9660.0 1.69169907246
9665.0 1.69538498941
9670.0 1.69847304153
9675.0 1.70092332797
9680.0 1.702778625
9685.0 1.70402317797
9690.0 1.70460230254
9695.0 1.70437949025
9700.0 1.70340047924
9705.0 1.70159741017
9710.0 1.69888298008
9715.0 1.6952164572
9720.0 1.69058172288
9725.0 1.68494906737
9730.0 1.67828712203
9735.0 1.67056744703
9740.0 1.66177223771
9745.0 1.65190358347
9750.0 1.6409843678
9755.0 1.62904422966
9760.0 1.61612556356
9765.0 1.60229532161
9770.0 1.58763997966
9775.0 1.5722167661
9780.0 1.55610667924
9785.0 1.53939325593
9790.0 1.52219947712
9795.0 1.50516485424
9800.0 1.48663776017
9805.0 1.46884162331
9810.0 1.45123496356
9815.0 1.43331657797
9820.0 1.4162551928
9825.0 1.39912926949
9830.0 1.38208042712
9835.0 1.36458624364
9840.0 1.34843456864
9845.0 1.33393632966
9850.0 1.31895606949
9855.0 1.30475311525
9860.0 1.29174873983
9865.0 1.27873360042
9870.0 1.2664798178
9875.0 1.25498733263
9880.0 1.24408079958
9885.0 1.23386230127
9890.0 1.22454837076
9895.0 1.21469408305
9900.0 1.20659137288
9905.0 1.19824232331
9910.0 1.19030632246
9915.0 1.1832586678
9920.0 1.17635575551
9925.0 1.16982468983
9930.0 1.16372055
9935.0 1.15795728983
9940.0 1.15253788644
9945.0 1.14745849958
9950.0 1.14271320975
9955.0 1.13829733136
9960.0 1.13421130381
9965.0 1.13046061059
9970.0 1.12703848856
9975.0 1.12395296949
9980.0 1.12112864958
9985.0 1.11888329873
9990.0 1.11678771271
9995.0 1.11503381992
10000.0 1.1137284178
