5.0 -30.7459745534
10.0 -18.4046604678
15.0 -6.25396806822
20.0 -0.964561176271
25.0 0.58862762839
30.0 0.663965687712
35.0 0.511750267373
40.0 0.438347314407
45.0 0.44052830678
50.0 0.45239012161
55.0 0.462805063136
60.0 0.473628750424
65.0 0.486833175847
70.0 0.500544430932
75.0 0.514752637712
80.0 0.530409328814
85.0 0.545230766949
90.0 0.560082405085
95.0 0.575108308051
100.0 0.589158469915
105.0 0.60293973178
110.0 0.616055864831
115.0 0.628316501695
120.0 0.639269825847
125.0 0.649069002966
130.0 0.657847606356
135.0 0.665500951271
140.0 0.672217558051
145.0 0.677737862712
150.0 0.682409022034
155.0 0.686188707627
160.0 0.689186788983
165.0 0.691526472034
170.0 0.693330869915
175.0 0.69464157161
180.0 0.695623927966
185.0 0.69626919661
190.0 0.69672173178
195.0 0.69696179661
200.0 0.697079500424
205.0 0.697069127966
210.0 0.696975420339
215.0 0.696802824576
220.0 0.696549929237
225.0 0.696224929661
230.0 0.695804855085
235.0 0.695311816102
240.0 0.69471487839
245.0 0.694036922881
250.0 0.693244941102
255.0 0.692365161441
260.0 0.691371404661
265.0 0.690273752119
270.0 0.689067662712
275.0 0.687757678814
280.0 0.686348184746
285.0 0.684828443644
290.0 0.68321217839
295.0 0.681584818644
300.0 0.679704169068
305.0 0.677758617797
310.0 0.675780968644
315.0 0.673656220763
320.0 0.671601922458
325.0 0.669481461864
330.0 0.667283994915
335.0 0.665060201271
340.0 0.662842030508
345.0 0.660617032627
350.0 0.658427319915
355.0 0.656261719915
360.0 0.654158100424
365.0 0.65210572161
370.0 0.650154728814
375.0 0.648260919492
380.0 0.646482904661
385.0 0.644817591949
390.0 0.643266376695
395.0 0.641839741102
400.0 0.640559834322
405.0 0.639407910169
410.0 0.638397208898
415.0 0.637524250847
420.0 0.636810739407
425.0 0.636222698305
430.0 0.635790717797
435.0 0.635488035593
440.0 0.635308369492
445.0 0.635219457627
450.0 0.63527601822
455.0 0.635458094915
460.0 0.63572124661
465.0 0.636047212712
470.0 0.636475019492
475.0 0.636962263136
480.0 0.637514487712
485.0 0.638113024576
490.0 0.638763411441
495.0 0.639449106356
500.0 0.640171826271
505.0 0.640919695763
510.0 0.64169273178
515.0 0.642482029237
520.0 0.64328675339
525.0 0.644099272881
530.0 0.644919174153
535.0 0.64573925
540.0 0.646559932627
545.0 0.647375287712
550.0 0.648185320763
555.0 0.648984945763
560.0 0.649775014407
565.0 0.650550017373
570.0 0.651312076695
575.0 0.652055258898
580.0 0.652783805508
585.0 0.653488814831
590.0 0.654178344068
595.0 0.654841370339
600.0 0.655488071186
605.0 0.656105727119
610.0 0.656706212712
615.0 0.657275958475
620.0 0.657828959322
625.0 0.658350372458
630.0 0.65885461822
635.0 0.659326429237
640.0 0.65978192161
645.0 0.660204554237
650.0 0.660611294068
655.0 0.660985597034
660.0 0.661331295763
665.0 0.661690744068
670.0 0.661974979661
675.0 0.662233980085
680.0 0.662519461441
685.0 0.662774624153
690.0 0.662965168644
695.0 0.663150814407
700.0 0.663384977119
705.0 0.663487975
710.0 0.663602199576
715.0 0.663723812712
720.0 0.663846062712
725.0 0.663873586017
730.0 0.663914455932
735.0 0.663958900424
740.0 0.663967116949
745.0 0.66393992839
750.0 0.663918036017
755.0 0.663870057203
760.0 0.66381169661
765.0 0.663720047034
770.0 0.663623523729
775.0 0.663510240254
780.0 0.663385299576
785.0 0.663232580932
790.0 0.66307795339
795.0 0.662896394915
800.0 0.662711230932
805.0 0.662504222034
810.0 0.662294030932
815.0 0.662062418644
820.0 0.66182592839
825.0 0.661569713559
830.0 0.661309890678
835.0 0.661031615254
840.0 0.660750155085
845.0 0.660451514407
850.0 0.660151807627
855.0 0.659845513559
860.0 0.65952205
865.0 0.659173782627
870.0 0.658835039831
875.0 0.658485475424
880.0 0.658145858898
885.0 0.657780169915
890.0 0.657405358898
895.0 0.657027357627
900.0 0.656666505932
905.0 0.656278736441
910.0 0.655881844068
915.0 0.655485154661
920.0 0.655107307627
925.0 0.654704665678
930.0 0.654294593644
935.0 0.653885999576
940.0 0.653498363983
945.0 0.653087633475
950.0 0.652671164831
955.0 0.65225745
960.0 0.651866809746
965.0 0.651454774153
970.0 0.651057760169
975.0 0.650635114831
980.0 0.650221982203
985.0 0.649829408475
990.0 0.649446343644
995.0 0.649022823729
1000.0 0.648646949576
1005.0 0.648245450424
1010.0 0.647849223305
1015.0 0.647457459322
1020.0 0.647096388559
1025.0 0.646714359322
1030.0 0.646350310169
1035.0 0.645965728814
1040.0 0.645607601271
1045.0 0.645239536864
1050.0 0.644902161864
1055.0 0.644551038136
1060.0 0.644216196186
1065.0 0.643870997034
1070.0 0.643526400847
1075.0 0.643208313983
1080.0 0.642902268644
1085.0 0.642535869492
1090.0 0.642255665254
1095.0 0.641952396186
1100.0 0.641664980932
1105.0 0.641352385169
1110.0 0.641077251271
1115.0 0.640779904661
1120.0 0.640513663136
1125.0 0.64022648178
1130.0 0.639969556356
1135.0 0.639692540678
1140.0 0.639444508475
1145.0 0.639180200847
1150.0 0.638933858475
1155.0 0.638689038136
1160.0 0.638433368644
1165.0 0.638183460593
1170.0 0.637968465254
1175.0 0.637751180932
1180.0 0.637516264831
1185.0 0.637279062288
1190.0 0.637051345763
1195.0 0.6368277
1200.0 0.636630487712
1205.0 0.636389042373
1210.0 0.636172758051
1215.0 0.63597749661
1220.0 0.635771801695
1225.0 0.63554009661
1230.0 0.635344143644
1235.0 0.635157775
1240.0 0.634947834746
1245.0 0.63472671822
1250.0 0.634546859746
1255.0 0.634331248305
1260.0 0.634149691102
1265.0 0.633895941525
1270.0 0.633719890254
1275.0 0.633533511864
1280.0 0.633346439407
1285.0 0.633124465254
1290.0 0.632940779237
1295.0 0.63273871822
1300.0 0.632550791949
1305.0 0.632336016949
1310.0 0.632152748305
1315.0 0.631951107203
1320.0 0.631764869492
1325.0 0.631550938136
1330.0 0.631368934746
1335.0 0.631166865678
1340.0 0.630981469915
1345.0 0.630769229661
1350.0 0.63058806822
1355.0 0.630385995763
1360.0 0.630203136864
1365.0 0.629997248729
1370.0 0.629810150424
1375.0 0.629605108475
1380.0 0.629429448305
1385.0 0.629222286017
1390.0 0.629046623305
1395.0 0.628841155085
1400.0 0.628663795339
1405.0 0.62846086822
1410.0 0.628288167373
1415.0 0.628086086441
1420.0 0.627912536017
1425.0 0.627713420339
1430.0 0.627544105508
1435.0 0.627347107203
1440.0 0.627177366949
1445.0 0.626983758051
1450.0 0.626818677119
1455.0 0.626626761864
1460.0 0.626464222458
1465.0 0.626268916525
1470.0 0.626108917797
1475.0 0.625937340678
1480.0 0.625771408475
1485.0 0.625588813983
1490.0 0.625438558898
1495.0 0.625264438559
1500.0 0.625117148305
1505.0 0.624942604237
1510.0 0.624795313559
1515.0 0.624613565678
1520.0 0.624490426695
1525.0 0.624326475847
1530.0 0.624165201271
1535.0 0.624016505085
1540.0 0.623870059746
1545.0 0.623703988983
1550.0 0.62359483178
1555.0 0.623494442373
1560.0 0.623328083051
1565.0 0.623182354237
1570.0 0.623043534746
1575.0 0.622938906356
1580.0 0.622800937288
1585.0 0.622658599153
1590.0 0.622571899576
1595.0 0.622471511864
1600.0 0.622339476271
1605.0 0.622213241102
1610.0 0.622089677966
1615.0 0.621965985169
1620.0 0.621904288136
1625.0 0.621814497881
1630.0 0.621699413136
1635.0 0.621554535593
1640.0 0.621495382627
1645.0 0.62136915339
1650.0 0.621339238136
1655.0 0.621231230085
1660.0 0.621153011864
1665.0 0.621053480085
1670.0 0.620984583475
1675.0 0.620899883475
1680.0 0.620830141525
1685.0 0.620755612712
1690.0 0.620687567373
1695.0 0.620620667373
1700.0 0.620554741949
1705.0 0.620494199576
1710.0 0.620432089407
1715.0 0.620377057203
1720.0 0.620318338559
1725.0 0.620268816525
1730.0 0.620214336864
1735.0 0.620169053814
1740.0 0.620118813136
1745.0 0.620077769492
1750.0 0.620031767797
1755.0 0.619994963136
1760.0 0.619952777119
1765.0 0.619917669492
1770.0 0.619875061017
1775.0 0.619859447034
1780.0 0.619817265254
1785.0 0.619789788136
1790.0 0.619759894915
1795.0 0.619734539831
1800.0 0.6197127
1805.0 0.619694125424
1810.0 0.619665932203
1815.0 0.619652444492
1820.0 0.619632302542
1825.0 0.61960695339
1830.0 0.61960206822
1835.0 0.619586889407
1840.0 0.619569718644
1845.0 0.61956132161
1850.0 0.619550930932
1855.0 0.619552706356
1860.0 0.619528759322
1865.0 0.61954112839
1870.0 0.61951421822
1875.0 0.619524047458
1880.0 0.619513239407
1885.0 0.619509934746
1890.0 0.619510144492
1895.0 0.619505995763
1900.0 0.619510868644
1905.0 0.619513077966
1910.0 0.619508208898
1915.0 0.619518469492
1920.0 0.619519109746
1925.0 0.619520898305
1930.0 0.619514759322
1935.0 0.619537311864
1940.0 0.619538380085
1945.0 0.619544409322
1950.0 0.619559885593
1955.0 0.619566340254
1960.0 0.619571223305
1965.0 0.619595477119
1970.0 0.619587226695
1975.0 0.619602583051
1980.0 0.619619758475
1985.0 0.619632999153
1990.0 0.619637041949
1995.0 0.619667232203
2000.0 0.619662377119
2005.0 0.619691297881
2010.0 0.619694496186
2015.0 0.6197213
2020.0 0.619723652119
2025.0 0.619754694915
2030.0 0.619757048305
2035.0 0.61978682161
2040.0 0.619792990254
2045.0 0.619822765254
2050.0 0.619828511441
2055.0 0.61986040678
2060.0 0.619867002119
2065.0 0.619898898729
2070.0 0.619907190678
2075.0 0.619939512288
2080.0 0.619948652966
2085.0 0.619981824153
2090.0 0.619991813559
2095.0 0.620022867373
2100.0 0.620032010593
2105.0 0.620061370339
2110.0 0.620084498305
2115.0 0.620104961864
2120.0 0.620134446186
2125.0 0.620153216525
2130.0 0.62018143178
2135.0 0.62020359322
2140.0 0.620230538136
2145.0 0.620253972034
2150.0 0.620281342373
2155.0 0.620305625
2160.0 0.62033299661
2165.0 0.620358127542
2170.0 0.620386347881
2175.0 0.620419532203
2180.0 0.620430380932
2185.0 0.620468225424
2190.0 0.620484161441
2195.0 0.620523277542
2200.0 0.620541333898
2205.0 0.620578333051
2210.0 0.620599779661
2215.0 0.620635085169
2220.0 0.62065695678
2225.0 0.620693534746
2230.0 0.620714983475
2235.0 0.620752409746
2240.0 0.620773436441
2245.0 0.620811711017
2250.0 0.620833162288
2255.0 0.620871438136
2260.0 0.620893314407
2265.0 0.620935405932
2270.0 0.620953891525
2275.0 0.620996408898
2280.0 0.621014047881
2285.0 0.621058683898
2290.0 0.621085647034
2295.0 0.621120113983
2300.0 0.62114835
2305.0 0.621181545763
2310.0 0.621205120339
2315.0 0.62123704661
2320.0 0.621272485593
2325.0 0.621296362288
2330.0 0.621321634322
2335.0 0.621365427542
2340.0 0.621392818644
2345.0 0.621428561864
2350.0 0.621452139831
2355.0 0.621483221186
2360.0 0.621505105085
2365.0 0.621548900424
2370.0 0.621575870763
2375.0 0.621611191949
2380.0 0.621634772034
2385.0 0.621665008475
2390.0 0.621686894492
2395.0 0.621729844068
2400.0 0.621755969068
2405.0 0.621790869068
2410.0 0.62181360339
2415.0 0.621843417797
2420.0 0.621864034746
2425.0 0.621903595339
2430.0 0.621931417797
2435.0 0.621957844915
2440.0 0.621994141525
2445.0 0.622021839831
2450.0 0.622040763559
2455.0 0.622077358898
2460.0 0.622086537288
2465.0 0.62213711822
2470.0 0.622152654661
2475.0 0.622187558051
2480.0 0.622209872458
2485.0 0.622232062712
2490.0 0.622266665254
2495.0 0.622288434322
2500.0 0.622303547458
2505.0 0.62234735
2510.0 0.622359497881
2515.0 0.622402876271
2520.0 0.622416717797
2525.0 0.622440605085
2530.0 0.622458262288
2535.0 0.622494437712
2540.0 0.622509977119
2545.0 0.622538948729
2550.0 0.622555333475
2555.0 0.622588969915
2560.0 0.622603660169
2565.0 0.622630938559
2570.0 0.622652833051
2575.0 0.622683077542
2580.0 0.622684211017
2585.0 0.622735642797
2590.0 0.622742282627
2595.0 0.622758120763
2600.0 0.622776202966
2605.0 0.622811108898
2610.0 0.622817751695
2615.0 0.622854776695
2620.0 0.622854213559
2625.0 0.622891239407
2630.0 0.622907202966
2635.0 0.622919652119
2640.0 0.62293010678
2645.0 0.622981540254
2650.0 0.622971655508
2655.0 0.622993850424
2660.0 0.623024222034
2665.0 0.623042178814
2670.0 0.623035262288
2675.0 0.623070592373
2680.0 0.623084014407
2685.0 0.623110870763
2690.0 0.623103529661
2695.0 0.623134198305
2700.0 0.623149739831
2705.0 0.623169392797
2710.0 0.623172221186
2715.0 0.623199500424
2720.0 0.623204448729
2725.0 0.623229609746
2730.0 0.623232438136
2735.0 0.623258022881
2740.0 0.623260852119
2745.0 0.623285165678
2750.0 0.623287570339
2755.0 0.623312307627
2760.0 0.623314712712
2765.0 0.623336907627
2770.0 0.623338888559
2775.0 0.62336277839
2780.0 0.623363911864
2785.0 0.62338610678
2790.0 0.623386816102
2795.0 0.623409011017
2800.0 0.62340929661
2805.0 0.623431067373
2810.0 0.623430929661
2815.0 0.623452276695
2820.0 0.623451291102
2825.0 0.623472214407
2830.0 0.623471652119
2835.0 0.623492151695
2840.0 0.623490742373
2845.0 0.623509970339
2850.0 0.623508560593
2855.0 0.623528636017
2860.0 0.623526378814
2865.0 0.623545183051
2870.0 0.623542925424
2875.0 0.623561729661
2880.0 0.623559048305
2885.0 0.623577004661
2890.0 0.623573899576
2895.0 0.623591855932
2900.0 0.623588327119
2905.0 0.623605859322
2910.0 0.623602330085
2915.0 0.623619014831
2920.0 0.623615061864
2925.0 0.62363174661
2930.0 0.623627369915
2935.0 0.623643630508
2940.0 0.623638829661
2945.0 0.623655090254
2950.0 0.623649865678
2955.0 0.623665702542
2960.0 0.623660053814
2965.0 0.623675466525
2970.0 0.623669817797
2975.0 0.62368480678
2980.0 0.623678310169
2985.0 0.623692875424
2990.0 0.623686802542
2995.0 0.623701367373
3000.0 0.623694447034
3005.0 0.623708164407
3010.0 0.623701667373
3015.0 0.623715384322
3020.0 0.623708039831
3025.0 0.623721333051
3030.0 0.623713988136
3035.0 0.623727281356
3040.0 0.623719512288
3045.0 0.62373238178
3050.0 0.623724188983
3055.0 0.623737058051
3060.0 0.623728864831
3065.0 0.623741310169
3070.0 0.62373269322
3075.0 0.623744714407
3080.0 0.623736097458
3085.0 0.623748118644
3090.0 0.623739077542
3095.0 0.623750675
3100.0 0.623741209746
3105.0 0.62375280678
3110.0 0.623743341949
3115.0 0.623754514831
3120.0 0.623745049576
3125.0 0.623755798729
3130.0 0.623745909746
3135.0 0.623756658475
3140.0 0.623746769068
3145.0 0.62375751822
3150.0 0.623747204661
3155.0 0.623757529661
3160.0 0.623746792373
3165.0 0.623757117373
3170.0 0.623746379661
3175.0 0.623756704661
3180.0 0.623745542797
3185.0 0.623755444068
3190.0 0.623744705932
3195.0 0.623754183051
3200.0 0.623743021186
3205.0 0.623752497881
3210.0 0.623741335593
3215.0 0.623750812288
3220.0 0.623739226271
3225.0 0.623748702966
3230.0 0.623737116525
3235.0 0.623746169492
3240.0 0.623734159322
3245.0 0.623743211864
3250.0 0.623731201271
3255.0 0.623740253814
3260.0 0.62372824322
3265.0 0.623736872034
3270.0 0.623724861017
3275.0 0.623733489407
3280.0 0.623721054661
3285.0 0.623729683051
3290.0 0.623717248305
3295.0 0.623725876271
3300.0 0.623713441525
3305.0 0.623721645763
3310.0 0.623709210593
3315.0 0.623717414831
3320.0 0.623704979237
3325.0 0.623713183475
3330.0 0.623700324153
3335.0 0.623708527966
3340.0 0.623695668644
3345.0 0.623703448729
3350.0 0.623690588983
3355.0 0.623698792797
3360.0 0.623685933051
3365.0 0.623693712712
3370.0 0.623680429237
3375.0 0.62368777839
3380.0 0.623677047458
3385.0 0.623682697034
3390.0 0.623668573305
3395.0 0.623676768644
3400.0 0.623667309322
3405.0 0.623671687712
3410.0 0.623658838559
3415.0 0.623665758898
3420.0 0.62365502839
3425.0 0.623660677542
3430.0 0.623648252119
3435.0 0.623654324576
3440.0 0.623643169915
3445.0 0.623649242797
3450.0 0.623637240678
3455.0 0.623643312712
3460.0 0.623631310593
3465.0 0.623637383051
3470.0 0.623625380932
3475.0 0.623631452966
3480.0 0.623619874576
3485.0 0.623625522458
3490.0 0.623613520339
3495.0 0.623619591949
3500.0 0.623608013559
3505.0 0.623614085169
3510.0 0.623601658898
3515.0 0.623607730508
3520.0 0.623596151695
3525.0 0.623602223305
3530.0 0.62358979661
3535.0 0.62359586822
3540.0 0.623583865678
3545.0 0.623589936864
3550.0 0.623577933898
3555.0 0.623584005085
3560.0 0.623572002119
3565.0 0.623578073305
3570.0 0.623566494068
3575.0 0.623572565254
3580.0 0.623560562288
3585.0 0.623566633051
3590.0 0.623554630085
3595.0 0.623560700847
3600.0 0.623548697881
3605.0 0.623554768644
3610.0 0.623543188983
3615.0 0.623549259746
3620.0 0.62353725678
3625.0 0.623543327119
3630.0 0.623531747458
3635.0 0.62353781822
3640.0 0.623526238559
3645.0 0.623532308898
3650.0 0.623520729237
3655.0 0.623526799576
3660.0 0.623515219915
3665.0 0.623521713983
3670.0 0.623509710593
3675.0 0.623516204661
3680.0 0.623504625
3685.0 0.623511118644
3690.0 0.623499538983
3695.0 0.623505609322
3700.0 0.623494029661
3705.0 0.623500523305
3710.0 0.623489366949
3715.0 0.623495437288
3720.0 0.623484280932
3725.0 0.623490774576
3730.0 0.623479194915
3735.0 0.623485688559
3740.0 0.623474108475
3745.0 0.623481025847
3750.0 0.623469446186
3755.0 0.623475939407
3760.0 0.623464783475
3765.0 0.623471276695
3770.0 0.623460120763
3775.0 0.623467037712
3780.0 0.623455458051
3785.0 0.623462375
3790.0 0.623451218644
3795.0 0.623458136017
3800.0 0.623446555932
3805.0 0.623453472881
3810.0 0.623442316525
3815.0 0.623449233898
3820.0 0.623438077542
3825.0 0.623444994492
3830.0 0.623434261864
3835.0 0.623441178814
3840.0 0.623430022458
3845.0 0.623436939407
3850.0 0.62342620678
3855.0 0.623433123729
3860.0 0.623422391525
3865.0 0.623429308051
3870.0 0.623418575847
3875.0 0.623425492373
3880.0 0.623414760169
3885.0 0.623422100424
3890.0 0.623411367797
3895.0 0.623418708475
3900.0 0.623407975847
3905.0 0.623414892797
3910.0 0.623404583898
3915.0 0.623411924576
3920.0 0.623401191949
3925.0 0.623408532627
3930.0 0.6233978
3935.0 0.623405140254
3940.0 0.623394831356
3945.0 0.623402172034
3950.0 0.623391863136
3955.0 0.623399203814
3960.0 0.623388894915
3965.0 0.623396235593
3970.0 0.623385926695
3975.0 0.623393690678
3980.0 0.62338338178
3985.0 0.623390722458
3990.0 0.623380413559
3995.0 0.623388177966
4000.0 0.623377869068
4005.0 0.623385633475
4010.0 0.623375748305
4015.0 0.623383512288
4020.0 0.623373203814
4025.0 0.623380967797
4030.0 0.623370659322
4035.0 0.623378847034
4040.0 0.623368538559
4045.0 0.623376726271
4050.0 0.623366417373
4055.0 0.623374605508
4060.0 0.62336429661
4065.0 0.623372484746
4070.0 0.623362599576
4075.0 0.623370787712
4080.0 0.623360902966
4085.0 0.623368666949
4090.0 0.623358782203
4095.0 0.623366969915
4100.0 0.623357085169
4105.0 0.623365272881
4110.0 0.623355811864
4115.0 0.623363575847
4120.0 0.623354114831
4125.0 0.623362302966
4130.0 0.62335241822
4135.0 0.623360605932
4140.0 0.623351144915
4145.0 0.623359332627
4150.0 0.62334987161
4155.0 0.623358059746
4160.0 0.623348175
4165.0 0.623356786441
4170.0 0.623347325424
4175.0 0.623355513559
4180.0 0.623346052542
4185.0 0.623354240254
4190.0 0.623344779661
4195.0 0.623353391102
4200.0 0.623343930085
4205.0 0.62335211822
4210.0 0.623342657203
4215.0 0.623351269068
4220.0 0.623341808051
4225.0 0.623350419915
4230.0 0.623340958898
4235.0 0.623349570763
4240.0 0.623340109746
4245.0 0.62334872161
4250.0 0.623339260593
4255.0 0.623347872458
4260.0 0.623338835593
4265.0 0.623347447034
4270.0 0.623337986441
4275.0 0.623346598305
4280.0 0.623337561017
4285.0 0.623346172881
4290.0 0.623336712288
4295.0 0.623345747458
4300.0 0.623336286864
4305.0 0.623345322458
4310.0 0.623335861864
4315.0 0.623344897458
4320.0 0.623335436441
4325.0 0.623344472034
4330.0 0.623335011441
4335.0 0.623344047034
4340.0 0.623335010169
4345.0 0.623343622034
4350.0 0.623334585169
4355.0 0.623343620763
4360.0 0.623334160169
4365.0 0.623343195763
4370.0 0.623334158898
4375.0 0.623343194492
4380.0 0.623334157627
4385.0 0.623342769492
4390.0 0.623333732627
4395.0 0.62334276822
4400.0 0.62333373178
4405.0 0.623342767373
4410.0 0.623333730508
4415.0 0.623342766102
4420.0 0.623333729237
4425.0 0.623342765254
4430.0 0.62333372839
4435.0 0.623342763983
4440.0 0.623333727119
4445.0 0.623342763136
4450.0 0.62333415
4455.0 0.623343186017
4460.0 0.623334149153
4465.0 0.623343184746
4470.0 0.623334148305
4475.0 0.623343183898
4480.0 0.623334571186
4485.0 0.62334360678
4490.0 0.623334570339
4495.0 0.623343605932
4500.0 0.62333499322
4505.0 0.623344028814
4510.0 0.623334992373
4515.0 0.623344451695
4520.0 0.623335415254
4525.0 0.623344451271
4530.0 0.623335838136
4535.0 0.623344874153
4540.0 0.623336261441
4545.0 0.623345297034
4550.0 0.623336260593
4555.0 0.623345720339
4560.0 0.623336683898
4565.0 0.62334614322
4570.0 0.62333710678
4575.0 0.623346142797
4580.0 0.623337530085
4585.0 0.623346566102
4590.0 0.623337952966
4595.0 0.623346988983
4600.0 0.623338376271
4605.0 0.623347412288
4610.0 0.623338799576
4615.0 0.623348259322
4620.0 0.623339222881
4625.0 0.623348682627
4630.0 0.623339646186
4635.0 0.623349105932
4640.0 0.623340069492
4645.0 0.623349529237
4650.0 0.623340916525
4655.0 0.623349952542
4660.0 0.623341339831
4665.0 0.623350375847
4670.0 0.623341763136
4675.0 0.623350799153
4680.0 0.623342186441
4685.0 0.623351646186
4690.0 0.623342610169
4695.0 0.623352069915
4700.0 0.623343457203
4705.0 0.62335249322
4710.0 0.623344304237
4715.0 0.623352916525
4720.0 0.623343033051
4725.0 0.623365070339
4730.0 0.623342747458
4735.0 0.623334982627
4740.0 0.623360966525
4745.0 0.623351083051
4750.0 0.623350374576
4755.0 0.623341761017
4760.0 0.623358423729
4765.0 0.623349811441
4770.0 0.623355458475
4775.0 0.623345574153
4780.0 0.623355881356
4785.0 0.623348963983
4790.0 0.623368883051
4795.0 0.623346136441
4800.0 0.623337947881
4805.0 0.623364355085
4810.0 0.623354895763
4815.0 0.623364646186
4820.0 0.623344017373
4825.0 0.623342608051
4830.0 0.623369729237
4835.0 0.623345714407
4840.0 0.623343879237
4845.0 0.623363930508
4850.0 0.623356166949
4855.0 0.623357577119
4860.0 0.623350234322
4865.0 0.623363083898
4870.0 0.623352777119
4875.0 0.623361813983
4880.0 0.623353200424
4885.0 0.623363083898
4890.0 0.623380040678
4895.0 0.623365188983
4900.0 0.623371966949
4905.0 0.623340489407
4910.0 0.623388920339
4915.0 0.623332440254
4920.0 0.623350240254
4925.0 0.623386801695
4930.0 0.623366907203
4935.0 0.623317187712
4940.0 0.623373677542
4945.0 0.623373538983
4950.0 0.623358848729
4955.0 0.623343455932
4960.0 0.62337198178
4965.0 0.623366760169
4970.0 0.623366051695
4975.0 0.623351930085
4980.0 0.623366050424
4985.0 0.623362099576
4990.0 0.623368386441
4995.0 0.623382866949
5000.0 0.623333850424
