1	6
2	8
3	8
4	8
5	8
6	8
7	8
8	8
9	8
10	8
11	8
12	8
13	8
14	8
15	8
16	8
17	8
18	8
19	8
20	8
21	8
22	8
23	8
24	8
25	8
26	8
27	8
28	8
29	8
30	8
31	8
32	8
33	8
34	8
35	8
36	8
37	8
38	8
39	8
40	8
41	8
42	8
43	8
44	8
45	8
46	8
47	8
48	8
49	8
50	8
51	8
52	8
53	8
54	8
55	8
56	8
57	8
58	8
59	8
60	8
61	8
62	8
63	8
64	8
65	8
66	8
67	8
68	8
69	8
70	8
71	8
72	8
73	8
74	8
75	8
76	8
77	8
78	8
79	8
80	8
81	8
82	8
83	8
84	8
85	8
86	8
87	8
88	8
89	8
90	8
91	8
92	8
93	8
94	8
95	8
96	8
97	8
98	8
99	8
100	8
101	8
102	8
103	8
104	8
105	8
106	8
107	8
108	8
109	8
110	8
111	8
112	8
113	8
114	8
115	8
116	8
117	8
118	8
119	8
120	8
121	8
122	8
123	8
124	8
125	8
126	8
127	8
128	8
129	8
130	8
131	8
132	8
133	8
134	8
135	8
136	8
137	8
138	8
139	8
140	8
141	8
142	8
143	8
144	8
145	8
146	8
147	8
148	8
149	8
150	8
151	8
152	8
153	8
154	8
155	8
156	8
157	8
158	8
159	8
160	8
161	8
162	8
163	8
164	8
165	8
166	8
167	8
168	8
169	8
170	8
171	8
172	8
173	8
174	8
175	8
176	8
177	8
178	8
179	8
180	8
181	8
182	8
183	8
184	8
185	8
186	8
187	8
188	8
189	8
190	8
191	8
192	8
193	8
194	8
195	8
196	8
197	8
198	8
199	8
200	8
201	8
202	8
203	8
204	8
205	8
206	8
207	8
208	8
209	8
210	8
211	8
212	8
213	8
214	8
215	8
216	8
217	8
218	8
219	8
220	8
221	8
222	8
223	8
224	8
225	8
226	8
227	8
228	8
229	8
230	8
231	8
232	8
233	8
234	8
235	8
236	8
237	8
238	8
239	8
240	8
241	8
242	8
243	8
244	8
245	8
246	8
247	8
248	8
249	8
250	8
251	8
252	8
253	8
254	8
255	8
256	8
257	8
258	8
259	8
260	8
261	8
262	8
263	8
264	8
265	8
266	8
267	8
268	8
269	8
270	8
271	8
272	8
273	8
274	8
275	8
276	8
277	8
278	8
279	8
280	8
281	8
282	8
283	8
284	8
285	8
286	8
287	8
288	8
289	8
290	8
291	8
292	8
293	8
294	8
295	8
296	8
297	8
298	8
299	8
300	8
301	8
302	8
303	8
304	8
305	8
306	8
307	8
308	8
309	8
310	8
311	8
312	8
313	8
314	8
315	8
316	8
317	8
318	8
319	8
320	8
321	8
322	8
323	8
324	8
325	8
326	8
327	8
328	8
329	8
330	8
331	8
332	8
333	8
334	8
335	8
336	8
337	8
338	8
339	8
340	8
341	8
342	8
343	8
344	8
345	8
346	8
347	8
348	8
349	8
350	8
351	8
352	8
353	8
354	8
355	8
356	8
357	8
358	8
359	8
360	8
361	8
362	8
363	8
364	8
365	8
366	8
367	8
368	8
369	8
370	8
371	8
372	8
373	8
374	8
375	8
376	8
377	8
378	8
379	8
380	8
381	8
382	8
383	8
384	8
385	8
386	8
387	8
388	8
389	8
390	8
391	8
392	8
393	8
394	8
395	8
396	8
397	8
398	8
399	8
400	8
401	8
402	8
403	8
404	8
405	8
406	8
407	8
408	8
409	8
410	8
411	8
412	8
413	8
414	8
415	8
416	8
417	8
418	8
419	8
420	8
421	8
422	8
423	8
424	8
425	8
426	8
427	8
428	8
429	8
430	8
431	8
432	8
433	8
434	8
435	8
436	8
437	8
438	8
439	8
440	8
441	8
442	8
443	8
444	8
445	8
446	8
447	8
448	8
449	8
450	8
451	8
452	8
453	8
454	8
455	8
456	8
457	8
458	8
459	8
460	8
461	8
462	8
463	8
464	8
465	8
466	8
467	8
468	8
469	8
470	8
471	8
472	8
473	8
474	8
475	8
476	8
477	8
478	8
479	8
480	8
481	8
482	8
483	8
484	8
485	8
486	8
487	8
488	8
489	8
490	8
491	8
492	8
493	8
494	8
495	8
496	8
497	8
498	8
499	8
500	8
501	8
502	8
503	8
504	8
505	8
506	8
507	8
508	8
509	8
510	8
511	8
512	8
513	8
514	8
515	8
516	8
517	8
518	8
519	8
520	8
521	8
522	8
523	8
524	8
525	8
526	8
527	8
528	8
529	8
530	8
531	8
532	8
533	8
534	8
535	8
536	8
537	8
538	8
539	8
540	8
541	8
542	8
543	8
544	8
545	8
546	8
547	8
548	8
549	8
550	8
551	8
552	8
553	8
554	8
555	8
556	8
557	8
558	8
559	8
560	8
561	8
562	8
563	8
564	8
565	8
566	8
567	8
568	8
569	8
570	8
571	8
572	8
573	8
574	8
575	8
576	8
577	8
578	8
579	8
580	8
581	8
582	8
583	8
584	8
585	8
586	8
587	8
588	8
589	8
590	8
591	8
592	8
593	8
594	8
595	8
596	8
597	8
598	8
599	8
600	8
601	8
602	8
603	8
604	8
605	8
606	8
607	8
608	8
609	8
610	8
611	8
612	8
613	8
614	8
615	8
616	8
617	8
618	8
619	8
620	8
621	8
622	8
623	8
624	8
625	8
626	8
627	8
628	8
629	8
630	8
631	8
632	8
633	8
634	8
635	8
636	8
637	8
638	8
639	8
640	8
641	8
642	8
643	8
644	8
645	8
646	8
647	8
648	8
649	8
650	8
651	8
652	8
653	8
654	8
655	8
656	8
657	8
658	8
659	8
660	8
661	8
662	8
663	8
664	8
665	8
666	8
667	8
668	8
669	8
670	8
671	8
672	8
673	8
674	8
675	8
676	8
677	8
678	8
679	8
680	8
681	8
682	8
683	8
684	8
685	8
686	8
687	8
688	8
689	8
690	8
691	8
692	8
693	8
694	8
695	8
696	8
697	8
698	8
699	8
700	8
701	8
702	8
703	8
704	8
705	8
706	8
707	8
708	8
709	8
710	8
711	8
712	8
713	8
714	8
715	8
716	8
717	8
718	8
719	8
720	8
721	8
722	8
723	8
724	8
725	8
726	8
727	8
728	8
729	8
730	8
731	8
732	8
733	8
734	8
735	8
736	8
737	8
738	8
739	8
740	8
741	8
742	8
743	8
744	8
745	8
746	8
747	8
748	8
749	8
750	8
751	8
752	8
753	8
754	8
755	8
756	8
757	8
758	8
759	8
760	8
761	8
762	8
763	8
764	8
765	8
766	8
767	8
768	8
769	8
770	8
771	8
772	8
773	8
774	8
775	8
776	8
777	8
778	8
779	8
780	8
781	8
782	8
783	8
784	8
785	8
786	8
787	8
788	8
789	8
790	8
791	8
792	8
793	8
794	8
795	8
796	8
797	8
798	8
799	8
800	8
801	8
802	8
803	8
804	8
805	8
806	8
807	8
808	8
809	8
810	8
811	8
812	8
813	8
814	8
815	8
816	8
817	8
818	8
819	8
820	8
821	8
822	8
823	8
824	8
825	8
826	8
827	8
828	8
829	8
830	8
831	8
832	8
833	8
834	8
835	8
836	8
837	8
838	8
839	8
840	8
841	8
842	8
843	8
844	8
845	8
846	8
847	8
848	8
849	8
850	8
851	8
852	8
853	8
854	8
855	8
856	8
857	8
858	8
859	8
860	8
861	8
862	8
863	8
864	8
865	8
866	8
867	8
868	8
869	8
870	8
871	8
872	8
873	8
874	8
875	8
876	8
877	8
878	8
879	8
880	8
881	8
882	8
883	8
884	8
885	8
886	8
887	8
888	8
889	8
890	8
891	8
892	8
893	8
894	8
895	8
896	8
897	8
898	8
899	8
900	8
901	8
902	8
903	8
904	8
905	8
906	8
907	8
908	8
909	8
910	8
911	8
912	8
913	8
914	8
915	8
916	8
917	8
918	8
919	8
920	8
921	8
922	8
923	8
924	8
925	8
926	8
927	8
928	8
929	8
930	8
931	8
932	8
933	8
934	8
935	8
936	8
937	8
938	8
939	8
940	8
941	8
942	8
943	8
944	8
945	8
946	8
947	8
948	8
949	8
950	8
951	8
952	8
953	8
954	8
955	8
956	8
957	8
958	8
959	8
960	8
961	8
962	8
963	8
964	8
965	8
966	8
967	8
968	8
969	8
970	8
971	8
972	8
973	8
974	8
975	8
976	8
977	8
978	8
979	8
980	8
981	8
982	8
983	8
984	8
985	8
986	8
987	8
988	8
989	8
990	8
991	8
992	8
993	8
994	8
995	8
996	8
997	8
998	8
999	8
1000	8
1001	8
1002	8
1003	8
1004	8
1005	8
1006	8
1007	8
1008	8
1009	8
1010	8
1011	8
1012	8
1013	8
1014	8
1015	8
1016	8
1017	8
1018	8
1019	8
1020	8
1021	8
1022	8
1023	8
1024	8
1025	8
1026	8
1027	8
1028	8
1029	8
1030	8
1031	8
1032	8
1033	8
1034	8
1035	8
1036	8
1037	8
1038	8
1039	8
1040	8
1041	8
1042	8
1043	8
1044	8
1045	8
1046	8
1047	8
1048	8
1049	8
1050	8
1051	8
1052	8
1053	8
1054	8
1055	8
1056	8
1057	8
1058	8
1059	8
1060	8
1061	8
1062	8
1063	8
1064	8
1065	8
1066	8
1067	8
1068	8
1069	8
1070	8
1071	8
1072	8
1073	8
1074	8
1075	8
1076	8
1077	8
1078	8
1079	8
1080	8
1081	8
1082	8
1083	8
1084	8
1085	8
1086	8
1087	8
1088	8
1089	8
1090	8
1091	8
1092	8
1093	8
1094	8
1095	8
1096	8
1097	8
1098	8
1099	8
1100	8
1101	8
1102	8
1103	8
1104	8
1105	8
1106	8
1107	8
1108	8
1109	8
1110	8
1111	8
1112	8
1113	8
1114	8
1115	8
1116	8
1117	8
1118	8
1119	8
1120	8
1121	8
1122	8
1123	8
1124	8
1125	8
1126	8
1127	8
1128	8
1129	8
1130	8
1131	8
1132	8
1133	8
1134	8
1135	8
1136	8
1137	8
1138	8
1139	8
1140	8
1141	8
1142	8
1143	8
1144	8
1145	8
1146	8
1147	8
1148	8
1149	8
1150	8
1151	8
1152	8
1153	8
1154	8
1155	8
1156	8
1157	8
1158	8
1159	8
1160	8
1161	8
1162	8
1163	8
1164	8
1165	8
1166	8
1167	8
1168	8
1169	8
1170	8
1171	8
1172	8
1173	8
1174	8
1175	8
1176	8
1177	8
1178	8
1179	8
1180	8
1181	8
1182	8
1183	8
1184	8
1185	8
1186	8
1187	8
1188	8
1189	8
1190	8
1191	8
1192	8
1193	8
1194	8
1195	8
1196	8
1197	8
1198	8
1199	8
1200	8
1201	8
1202	8
1203	8
1204	8
1205	8
1206	8
1207	8
1208	8
1209	8
1210	8
1211	8
1212	8
1213	8
1214	8
1215	8
1216	8
1217	8
1218	8
1219	8
1220	8
1221	8
1222	8
1223	8
1224	8
1225	8
1226	8
1227	8
1228	8
1229	8
1230	8
1231	8
1232	8
1233	8
1234	8
1235	8
1236	8
1237	8
1238	8
1239	8
1240	8
1241	8
1242	8
1243	8
1244	8
1245	8
1246	8
1247	8
1248	8
1249	8
1250	8
1251	8
1252	8
1253	8
1254	8
1255	8
1256	8
1257	8
1258	8
1259	8
1260	8
1261	8
1262	8
1263	8
1264	8
1265	8
1266	8
1267	8
1268	8
1269	8
1270	8
1271	8
1272	8
1273	8
1274	8
1275	8
1276	8
1277	8
1278	8
1279	8
1280	8
1281	8
1282	8
1283	8
1284	8
1285	8
1286	8
1287	8
1288	8
1289	8
1290	8
1291	8
1292	8
1293	8
1294	8
1295	8
1296	8
1297	8
1298	8
1299	8
1300	8
1301	8
1302	8
1303	8
1304	8
1305	8
1306	8
1307	8
1308	8
1309	8
1310	8
1311	8
1312	8
1313	8
1314	8
1315	8
1316	8
1317	8
1318	8
1319	8
1320	8
1321	8
1322	8
1323	8
1324	8
1325	8
1326	8
1327	8
1328	8
1329	8
1330	8
1331	8
1332	8
1333	8
1334	8
1335	8
1336	8
1337	8
1338	8
1339	8
1340	8
1341	8
1342	8
1343	8
1344	8
1345	8
1346	8
1347	8
1348	8
1349	8
1350	8
1351	8
1352	8
1353	8
1354	8
1355	8
1356	8
1357	8
1358	8
1359	8
1360	8
1361	8
1362	8
1363	8
1364	8
1365	8
1366	8
1367	8
1368	8
1369	8
1370	8
1371	8
1372	8
1373	8
1374	8
1375	8
1376	8
1377	8
1378	8
1379	8
1380	8
1381	8
1382	8
1383	8
1384	8
1385	8
1386	8
1387	8
1388	8
1389	8
1390	8
1391	8
1392	8
1393	8
1394	8
1395	8
1396	8
1397	8
1398	8
1399	8
1400	8
1401	8
1402	8
1403	8
1404	8
1405	8
1406	8
1407	8
1408	8
1409	8
1410	8
1411	8
1412	8
1413	8
1414	8
1415	8
1416	8
1417	8
1418	8
1419	8
1420	8
1421	8
1422	8
1423	8
1424	8
1425	8
1426	8
1427	8
1428	8
1429	8
1430	8
1431	8
1432	8
1433	8
1434	8
1435	8
1436	8
1437	8
1438	8
1439	8
1440	8
1441	8
1442	8
1443	8
1444	8
1445	8
1446	8
1447	8
1448	8
1449	8
1450	8
1451	8
1452	8
1453	8
1454	8
1455	8
1456	8
1457	8
1458	8
1459	8
1460	8
1461	8
1462	8
1463	8
1464	8
1465	8
1466	8
1467	8
1468	8
1469	8
1470	8
1471	8
1472	8
1473	8
1474	8
1475	8
1476	8
1477	8
1478	8
1479	8
1480	8
1481	8
1482	8
1483	8
1484	8
1485	8
1486	8
1487	8
1488	8
1489	8
1490	8
1491	8
1492	8
1493	8
1494	8
1495	8
1496	8
1497	8
1498	8
1499	8
1500	8
1501	8
1502	8
1503	8
1504	8
1505	8
1506	8
1507	8
1508	8
1509	8
1510	8
1511	8
1512	8
1513	8
1514	8
1515	8
1516	8
1517	8
1518	8
1519	8
1520	8
1521	8
1522	8
1523	8
1524	8
1525	8
1526	8
1527	8
1528	8
1529	8
1530	8
1531	8
1532	8
1533	8
1534	8
1535	8
1536	8
1537	8
1538	8
1539	8
1540	8
1541	8
1542	8
1543	8
1544	8
1545	8
1546	8
1547	8
1548	8
1549	8
1550	8
1551	8
1552	8
1553	8
1554	8
1555	8
1556	8
1557	8
1558	8
1559	8
1560	8
1561	8
1562	8
1563	8
1564	8
1565	8
1566	8
1567	8
1568	8
1569	8
1570	8
1571	8
1572	8
1573	8
1574	8
1575	8
1576	8
1577	8
1578	8
1579	8
1580	8
1581	8
1582	8
1583	8
1584	8
1585	8
1586	8
1587	8
1588	8
1589	8
1590	8
1591	8
1592	8
1593	8
1594	8
1595	8
1596	8
1597	8
1598	8
1599	8
1600	8
1601	8
1602	8
1603	8
1604	8
1605	8
1606	8
1607	8
1608	8
1609	8
1610	8
1611	8
1612	8
1613	8
1614	8
1615	8
1616	8
1617	8
1618	8
1619	8
1620	8
1621	8
1622	8
1623	8
1624	8
1625	8
1626	8
1627	8
1628	8
1629	8
1630	8
1631	8
1632	8
1633	8
1634	8
1635	8
1636	8
1637	8
1638	8
1639	8
1640	8
1641	8
1642	8
1643	8
1644	8
1645	8
1646	8
1647	8
1648	8
1649	8
1650	8
1651	8
1652	8
1653	8
1654	8
1655	8
1656	8
1657	8
1658	8
1659	8
1660	8
1661	8
1662	8
1663	8
1664	8
1665	8
1666	8
1667	8
1668	8
1669	8
1670	8
1671	8
1672	8
1673	8
1674	8
1675	8
1676	8
1677	8
1678	8
1679	8
1680	8
1681	8
1682	8
1683	8
1684	8
1685	8
1686	8
1687	8
1688	8
1689	8
1690	8
1691	8
1692	8
1693	8
1694	8
1695	8
1696	8
1697	8
1698	8
1699	8
1700	8
1701	8
1702	8
1703	8
1704	8
1705	8
1706	8
1707	8
1708	8
1709	8
1710	8
1711	8
1712	8
1713	8
1714	8
1715	8
1716	8
1717	8
1718	8
1719	8
1720	8
1721	8
1722	8
1723	8
1724	8
1725	8
1726	8
1727	8
1728	8
1729	8
1730	8
1731	8
1732	8
1733	8
1734	8
1735	8
1736	8
1737	8
1738	8
1739	8
1740	8
1741	8
1742	8
1743	8
1744	8
1745	8
1746	8
1747	8
1748	8
1749	8
1750	8
1751	8
1752	8
1753	8
1754	8
1755	8
1756	8
1757	8
1758	8
1759	8
1760	8
1761	8
1762	8
1763	8
1764	8
1765	8
1766	8
1767	8
1768	8
1769	8
1770	8
1771	8
1772	8
1773	8
1774	8
1775	8
1776	8
1777	8
1778	8
1779	8
1780	8
1781	8
1782	8
1783	8
1784	8
1785	8
1786	8
1787	8
1788	8
1789	8
1790	8
1791	8
1792	8
1793	8
1794	8
1795	8
1796	8
1797	8
1798	8
1799	8
1800	8
1801	8
1802	8
1803	8
1804	8
1805	8
1806	8
1807	8
1808	8
1809	8
1810	8
1811	8
1812	8
1813	8
1814	8
1815	8
1816	8
1817	8
1818	8
1819	8
1820	8
1821	8
1822	8
1823	8
1824	8
1825	8
1826	8
1827	8
1828	8
1829	8
1830	8
1831	8
1832	8
1833	8
1834	8
1835	8
1836	8
1837	8
1838	8
1839	8
1840	8
1841	8
1842	8
1843	8
1844	8
1845	8
1846	8
1847	8
1848	8
1849	8
1850	8
1851	8
1852	8
1853	8
1854	8
1855	8
1856	8
1857	8
1858	8
1859	8
1860	8
1861	8
1862	8
1863	8
1864	8
1865	8
1866	8
1867	8
1868	8
1869	8
1870	8
1871	8
1872	8
1873	8
1874	8
1875	8
1876	8
1877	8
1878	8
1879	8
1880	8
1881	8
1882	8
1883	8
1884	8
1885	8
1886	8
1887	8
1888	8
1889	8
1890	8
1891	8
1892	8
1893	8
1894	8
1895	8
1896	8
1897	8
1898	8
1899	8
1900	8
1901	8
1902	8
1903	8
1904	8
1905	8
1906	8
1907	8
1908	8
1909	8
1910	8
1911	8
1912	8
1913	8
1914	8
1915	8
1916	8
1917	8
1918	8
1919	8
1920	8
1921	8
1922	8
1923	8
1924	8
1925	8
1926	8
1927	8
1928	8
1929	8
1930	8
1931	8
1932	8
1933	8
1934	8
1935	8
1936	8
1937	8
1938	8
1939	8
1940	8
1941	8
1942	8
1943	8
1944	8
1945	8
1946	8
1947	8
1948	8
1949	8
1950	8
1951	8
1952	8
1953	8
1954	8
1955	8
1956	8
1957	8
1958	8
1959	8
1960	8
1961	8
1962	8
1963	8
1964	8
1965	8
1966	8
1967	8
1968	8
1969	8
1970	8
1971	8
1972	8
1973	8
1974	8
1975	8
1976	8
1977	8
1978	8
1979	8
1980	8
1981	8
1982	8
1983	8
1984	8
1985	8
1986	8
1987	8
1988	8
1989	8
1990	8
1991	8
1992	8
1993	8
1994	8
1995	8
1996	8
1997	8
1998	8
1999	8
2000	8
2001	8
2002	8
2003	8
2004	8
2005	8
2006	8
2007	8
2008	8
2009	8
2010	8
2011	8
2012	8
2013	8
2014	8
2015	8
2016	8
2017	8
2018	8
2019	8
2020	8
2021	8
2022	8
2023	8
2024	8
2025	8
2026	8
2027	8
2028	8
2029	8
2030	8
2031	8
2032	8
2033	8
2034	8
2035	8
2036	8
2037	8
2038	8
2039	8
2040	8
2041	8
2042	8
2043	8
2044	8
2045	8
2046	8
2047	8
2048	8
2049	8
2050	8
2051	8
2052	8
2053	8
2054	8
2055	8
2056	8
2057	8
2058	8
2059	8
2060	8
2061	8
2062	8
2063	8
2064	8
2065	8
2066	8
2067	8
2068	8
2069	8
2070	8
2071	8
2072	8
2073	8
2074	8
2075	8
2076	8
2077	8
2078	8
2079	8
2080	8
2081	8
2082	8
2083	8
2084	8
2085	8
2086	8
2087	8
2088	8
2089	8
2090	8
2091	8
2092	8
2093	8
2094	8
2095	8
2096	8
2097	8
2098	8
2099	8
2100	8
2101	8
2102	8
2103	8
2104	8
2105	8
2106	8
2107	8
2108	8
2109	8
2110	8
2111	8
2112	8
2113	8
2114	8
2115	8
2116	8
2117	8
2118	8
2119	8
2120	8
2121	8
2122	8
2123	8
2124	8
2125	8
2126	8
2127	8
2128	8
2129	8
2130	8
2131	8
2132	8
2133	8
2134	8
2135	8
2136	8
2137	8
2138	8
2139	8
2140	8
2141	8
2142	8
2143	8
2144	8
2145	8
2146	8
2147	8
2148	8
2149	8
2150	8
2151	8
2152	8
2153	8
2154	8
2155	8
2156	8
2157	8
2158	8
2159	8
2160	8
2161	8
2162	8
2163	8
2164	8
2165	8
2166	8
2167	8
2168	8
2169	8
2170	8
2171	8
2172	8
2173	8
2174	8
2175	8
2176	8
2177	8
2178	8
2179	8
2180	8
2181	8
2182	8
2183	8
2184	8
2185	8
2186	8
2187	8
2188	8
2189	8
2190	8
2191	8
2192	8
2193	8
2194	8
2195	8
2196	8
2197	8
2198	8
2199	8
2200	8
2201	8
2202	8
2203	8
2204	8
2205	8
2206	8
2207	8
2208	8
2209	8
2210	8
2211	8
2212	8
2213	8
2214	8
2215	8
2216	8
2217	8
2218	8
2219	8
2220	8
2221	8
2222	8
2223	8
2224	8
2225	8
2226	8
2227	8
2228	8
2229	8
2230	8
2231	8
2232	8
2233	8
2234	8
2235	8
2236	8
2237	8
2238	8
2239	8
2240	8
2241	8
2242	8
2243	8
2244	8
2245	8
2246	8
2247	8
2248	8
2249	8
2250	8
2251	8
2252	8
2253	8
2254	8
2255	8
2256	8
2257	8
2258	8
2259	8
2260	8
2261	8
2262	8
2263	8
2264	8
2265	8
2266	8
2267	8
2268	8
2269	8
2270	8
2271	8
2272	8
2273	8
2274	8
2275	8
2276	8
2277	8
2278	8
2279	8
2280	8
2281	8
2282	8
2283	8
2284	8
2285	8
2286	8
2287	8
2288	8
2289	8
2290	8
2291	8
2292	8
2293	8
2294	8
2295	8
2296	8
2297	8
2298	8
2299	8
2300	8
2301	8
2302	8
2303	8
2304	8
2305	8
2306	8
2307	8
2308	8
2309	8
2310	8
2311	8
2312	8
2313	8
2314	8
2315	8
2316	8
2317	8
2318	8
2319	8
2320	8
2321	8
2322	8
2323	8
2324	8
2325	8
2326	8
2327	8
2328	8
2329	8
2330	8
2331	8
2332	8
2333	8
2334	8
2335	8
2336	8
2337	8
2338	8
2339	8
2340	8
2341	8
2342	8
2343	8
2344	8
2345	8
2346	8
2347	8
2348	8
2349	8
2350	8
2351	8
2352	8
2353	8
2354	8
2355	8
2356	8
2357	8
2358	8
2359	8
2360	8
2361	8
2362	8
2363	8
2364	8
2365	8
2366	8
2367	8
2368	8
2369	8
2370	8
2371	8
2372	8
2373	8
2374	8
2375	8
2376	8
2377	8
2378	8
2379	8
2380	8
2381	8
2382	8
2383	8
2384	8
2385	8
2386	8
2387	8
2388	8
2389	8
2390	8
2391	8
2392	8
2393	8
2394	8
2395	8
2396	8
2397	8
2398	8
2399	8
2400	8
2401	8
2402	8
2403	8
2404	8
2405	8
2406	8
2407	8
2408	8
2409	8
2410	8
2411	8
2412	8
2413	8
2414	8
2415	8
2416	8
2417	8
2418	8
2419	8
2420	8
2421	8
2422	8
2423	8
2424	8
2425	8
2426	8
2427	8
2428	8
2429	8
2430	8
2431	8
2432	8
2433	8
2434	8
2435	8
2436	8
2437	8
2438	8
2439	8
2440	8
2441	8
2442	8
2443	8
2444	8
2445	8
2446	8
2447	8
2448	8
2449	8
2450	8
2451	8
2452	8
2453	8
2454	8
2455	8
2456	8
2457	8
2458	8
2459	8
2460	8
2461	8
2462	8
2463	8
2464	8
2465	8
2466	8
2467	8
2468	8
2469	8
2470	8
2471	8
2472	8
2473	8
2474	8
2475	8
2476	8
2477	8
2478	8
2479	8
2480	8
2481	8
2482	8
2483	8
2484	8
2485	8
2486	8
2487	8
2488	8
2489	8
2490	8
2491	8
2492	8
2493	8
2494	8
2495	8
2496	8
2497	8
2498	8
2499	8
2500	8
2501	8
2502	8
2503	8
2504	8
2505	8
2506	8
2507	8
2508	8
2509	8
2510	8
2511	8
2512	8
2513	8
2514	8
2515	8
2516	8
2517	8
2518	8
2519	8
2520	8
2521	8
2522	8
2523	8
2524	8
2525	8
2526	8
2527	8
2528	8
2529	8
2530	8
2531	8
2532	8
2533	8
2534	8
2535	8
2536	8
2537	8
2538	8
2539	8
2540	8
2541	8
2542	8
2543	8
2544	8
2545	8
2546	8
2547	8
2548	8
2549	8
2550	8
2551	8
2552	8
2553	8
2554	8
2555	8
2556	8
2557	8
2558	8
2559	8
2560	8
2561	8
2562	8
2563	8
2564	8
2565	8
2566	8
2567	8
2568	8
2569	8
2570	8
2571	8
2572	8
2573	8
2574	8
2575	8
2576	8
2577	8
2578	8
2579	8
2580	8
2581	8
2582	8
2583	8
2584	8
2585	8
2586	8
2587	8
2588	8
2589	8
2590	8
2591	8
2592	8
2593	8
2594	6
2595	8
2596	6
2597	6
2598	6
2599	6
2600	6
2601	6
2602	6
2603	6
2604	6
2605	6
2606	6
2607	6
2608	6
2609	6
2610	6
2611	6
2612	6
2613	6
2614	6
2615	6
2616	6
2617	6
2618	6
2619	6
2620	6
2621	6
2622	6
2623	6
2624	6
2625	6
2626	6
2627	6
2628	6
2629	6
2630	6
2631	6
2632	6
2633	6
2634	6
2635	6
2636	6
2637	6
2638	6
2639	6
2640	6
2641	6
2642	6
2643	6
2644	6
2645	6
2646	6
2647	6
2648	6
2649	6
2650	6
2651	6
2652	6
2653	6
2654	6
2655	6
2656	6
2657	6
2658	6
2659	6
2660	6
2661	6
2662	6
2663	6
2664	6
2665	6
2666	6
2667	6
2668	6
2669	6
2670	6
2671	6
2672	6
2673	6
2674	6
2675	6
2676	6
2677	6
2678	6
2679	6
2680	6
2681	6
2682	6
2683	6
2684	6
2685	6
2686	6
2687	6
2688	6
2689	6
2690	6
2691	6
2692	6
2693	6
2694	6
2695	6
2696	6
2697	6
2698	6
2699	6
2700	6
2701	6
2702	6
2703	6
2704	6
2705	6
2706	6
2707	6
2708	6
2709	6
2710	6
2711	6
2712	6
2713	6
2714	6
2715	6
2716	6
2717	6
2718	6
2719	6
2720	6
2721	6
2722	6
2723	6
2724	6
2725	6
2726	6
2727	6
2728	6
2729	6
2730	6
2731	6
2732	6
2733	6
2734	6
2735	6
2736	6
2737	6
2738	6
2739	6
2740	6
2741	6
2742	6
2743	6
2744	6
2745	6
2746	6
2747	6
2748	6
2749	6
2750	6
2751	6
2752	6
2753	6
2754	6
2755	6
2756	6
2757	6
2758	6
2759	6
2760	6
2761	6
2762	6
2763	6
2764	6
2765	6
2766	6
2767	6
2768	6
2769	6
2770	6
2771	6
2772	6
2773	6
2774	6
2775	6
2776	6
2777	6
2778	6
2779	6
2780	6
2781	6
2782	6
2783	6
2784	6
2785	6
2786	6
2787	6
2788	6
2789	6
2790	6
2791	6
2792	6
2793	6
2794	6
2795	6
2796	6
2797	6
2798	6
2799	6
2800	6
2801	6
2802	6
2803	6
2804	6
2805	6
2806	6
2807	6
2808	6
2809	6
2810	6
2811	6
2812	6
2813	6
2814	6
2815	6
2816	6
2817	6
2818	6
2819	6
2820	6
2821	6
2822	6
2823	6
2824	6
2825	6
2826	6
2827	6
2828	6
2829	6
2830	6
2831	6
2832	6
2833	6
2834	6
2835	6
2836	6
2837	6
2838	6
2839	6
2840	6
2841	6
2842	6
2843	6
2844	6
2845	6
2846	6
2847	6
2848	6
2849	6
2850	6
2851	6
2852	6
2853	6
2854	6
2855	6
2856	6
2857	6
2858	6
2859	6
2860	6
2861	6
2862	6
2863	6
2864	6
2865	6
2866	6
2867	6
2868	6
2869	6
2870	6
2871	6
2872	6
2873	6
2874	6
2875	6
2876	6
2877	6
2878	6
2879	6
2880	6
2881	6
2882	6
2883	6
2884	6
2885	6
2886	6
2887	6
2888	6
2889	6
2890	6
2891	6
2892	6
2893	6
2894	6
2895	6
2896	6
2897	6
2898	6
2899	6
2900	6
2901	6
2902	6
2903	6
2904	6
2905	6
2906	6
2907	6
2908	6
2909	6
2910	6
2911	6
2912	6
2913	6
2914	6
2915	6
2916	6
2917	6
2918	6
2919	6
2920	6
2921	6
2922	6
2923	6
2924	6
2925	6
2926	6
2927	6
2928	6
2929	6
2930	6
2931	6
2932	6
2933	6
2934	6
2935	6
2936	6
2937	6
2938	6
2939	6
2940	6
2941	6
2942	6
2943	6
2944	6
2945	6
2946	6
2947	6
2948	6
2949	6
2950	6
2951	6
2952	6
2953	6
2954	6
2955	6
2956	6
2957	6
2958	6
2959	6
2960	6
2961	6
2962	6
2963	6
2964	6
2965	6
2966	6
2967	6
2968	6
2969	6
2970	6
2971	6
2972	6
2973	6
2974	6
2975	6
2976	6
2977	6
2978	6
2979	6
2980	6
2981	6
2982	6
2983	6
2984	6
2985	6
2986	6
2987	6
2988	6
2989	6
2990	6
2991	6
2992	6
2993	6
2994	6
2995	6
2996	6
2997	6
2998	6
2999	6
3000	6
3001	6
3002	6
3003	6
3004	6
3005	6
3006	6
3007	6
3008	6
3009	6
3010	6
3011	6
3012	6
3013	6
3014	6
3015	6
3016	6
3017	6
3018	6
3019	6
3020	6
3021	6
3022	6
3023	6
3024	6
3025	6
3026	6
3027	6
3028	6
3029	6
3030	6
3031	6
3032	6
3033	6
3034	6
3035	6
3036	6
3037	6
3038	6
3039	6
3040	6
3041	6
3042	6
3043	6
3044	6
3045	6
3046	6
3047	6
3048	6
3049	6
3050	6
3051	6
3052	6
3053	6
3054	6
3055	6
3056	6
3057	6
3058	6
3059	6
3060	6
3061	6
3062	6
3063	6
3064	6
3065	6
3066	4
3067	4
3068	4
3069	4
3070	4
3071	4
3072	4
3073	4
3074	4
3075	4
3076	4
3077	4
3078	4
3079	4
3080	4
3081	4
3082	4
3083	4
3084	4
3085	4
3086	4
3087	4
3088	4
3089	4
3090	4
3091	4
3092	4
3093	4
3094	4
3095	4
3096	4
3097	4
3098	4
3099	4
3100	4
3101	4
3102	4
3103	4
3104	4
3105	4
3106	4
3107	4
3108	4
3109	4
3110	4
3111	4
3112	4
3113	4
3114	4
3115	4
3116	4
3117	4
3118	4
3119	4
3120	4
3121	4
3122	4
3123	4
3124	4
3125	4
3126	4
3127	4
3128	4
3129	4
3130	4
3131	4
3132	4
3133	4
3134	4
3135	4
3136	4
3137	4
3138	4
3139	4
3140	4
3141	4
3142	4
3143	4
3144	4
3145	4
3146	4
3147	4
3148	4
3149	4
3150	4
3151	4
3152	4
3153	4
3154	4
3155	4
3156	4
3157	4
3158	4
3159	4
3160	4
3161	4
3162	4
3163	4
3164	4
3165	4
3166	4
3167	4
3168	4
3169	4
3170	4
3171	4
3172	4
3173	4
3174	4
3175	4
3176	4
3177	4
3178	4
3179	4
3180	4
3181	4
3182	4
3183	4
3184	4
3185	4
3186	4
3187	4
3188	4
3189	4
3190	4
3191	4
3192	4
3193	4
3194	4
3195	4
3196	4
3197	4
3198	4
3199	4
3200	4
3201	4
3202	4
3203	4
3204	4
3205	4
3206	4
3207	4
3208	4
3209	4
3210	4
3211	4
3212	4
3213	4
3214	4
3215	4
3216	4
3217	4
3218	4
3219	4
3220	4
3221	4
3222	4
3223	4
3224	4
3225	4
3226	4
3227	4
3228	4
3229	4
3230	4
3231	4
3232	4
3233	4
3234	4
3235	4
3236	4
3237	4
3238	4
3239	4
3240	4
3241	4
3242	4
3243	4
3244	4
3245	4
3246	4
3247	4
3248	4
3249	4
3250	4
3251	4
3252	4
3253	4
3254	4
3255	4
3256	4
3257	4
3258	4
3259	4
3260	4
3261	4
3262	4
3263	4
3264	4
3265	4
3266	4
3267	4
3268	4
3269	4
3270	4
3271	4
3272	4
3273	4
3274	4
3275	4
3276	4
3277	4
3278	4
3279	4
3280	4
3281	4
3282	4
3283	4
3284	4
3285	4
3286	4
3287	4
3288	4
3289	4
3290	4
3291	4
3292	4
3293	4
3294	4
3295	4
3296	4
3297	4
3298	4
3299	4
3300	4
3301	4
3302	4
3303	4
3304	4
3305	4
3306	4
3307	4
3308	4
3309	4
3310	4
3311	4
3312	4
3313	4
3314	4
3315	4
3316	4
3317	4
3318	4
3319	4
3320	4
3321	4
3322	4
3323	4
3324	4
3325	4
3326	4
3327	4
3328	4
3329	4
3330	4
3331	4
3332	4
3333	4
3334	4
3335	4
3336	4
3337	4
3338	4
3339	4
3340	4
3341	4
3342	4
3343	4
3344	4
3345	4
3346	4
3347	4
3348	4
3349	4
3350	4
3351	4
3352	4
3353	4
3354	4
3355	4
3356	4
3357	4
3358	4
3359	4
3360	4
3361	4
3362	4
3363	4
3364	4
3365	4
3366	4
3367	4
3368	4
3369	4
3370	4
3371	4
3372	4
3373	4
3374	4
3375	4
3376	4
3377	4
3378	4
3379	4
3380	4
3381	4
3382	4
3383	4
3384	4
3385	4
3386	4
3387	4
3388	4
3389	4
3390	4
3391	4
3392	4
3393	4
3394	4
3395	4
3396	4
3397	4
3398	4
3399	4
3400	4
3401	4
3402	4
3403	4
3404	4
3405	4
3406	4
3407	4
3408	4
3409	4
3410	4
3411	4
3412	4
3413	4
3414	4
3415	4
3416	4
3417	4
3418	4
3419	4
3420	4
3421	4
3422	4
3423	4
3424	4
3425	4
3426	4
3427	4
3428	4
3429	4
3430	4
3431	4
3432	4
3433	4
3434	4
3435	4
3436	4
3437	4
3438	4
3439	4
3440	4
3441	4
3442	4
3443	4
3444	4
3445	4
3446	4
3447	4
3448	4
3449	4
3450	4
3451	4
3452	4
3453	4
3454	4
3455	4
3456	4
3457	4
3458	4
3459	4
3460	4
3461	4
3462	4
3463	4
3464	4
3465	4
3466	4
3467	4
3468	4
3469	4
3470	4
3471	4
3472	4
3473	4
3474	4
3475	4
3476	4
3477	4
3478	4
3479	4
3480	4
3481	4
3482	4
3483	4
3484	4
3485	4
3486	4
3487	4
3488	4
3489	4
3490	4
3491	4
3492	4
3493	4
3494	4
3495	4
3496	4
3497	4
3498	4
3499	4
3500	4
3501	4
3502	4
3503	4
3504	4
3505	4
3506	4
3507	4
3508	4
3509	4
3510	4
3511	4
3512	4
3513	4
3514	4
3515	4
3516	4
3517	4
3518	4
3519	4
3520	4
3521	4
3522	4
3523	4
3524	4
3525	4
3526	4
3527	4
3528	4
3529	4
3530	4
3531	4
3532	4
3533	4
3534	4
3535	4
3536	4
3537	4
3538	4
3539	4
3540	4
3541	4
3542	4
3543	4
3544	4
3545	4
3546	4
3547	4
3548	4
3549	4
3550	4
3551	4
3552	4
3553	4
3554	4
3555	4
3556	4
3557	4
3558	4
3559	4
3560	4
3561	4
3562	4
3563	4
3564	4
3565	4
3566	4
3567	4
3568	4
3569	4
3570	4
3571	4
3572	4
3573	4
3574	4
3575	4
3576	4
3577	4
3578	4
3579	4
3580	4
3581	4
3582	4
3583	4
3584	4
3585	4
3586	4
3587	4
3588	4
3589	4
3590	4
3591	2
3592	4
3593	4
3594	4
3595	4
3596	4
3597	2
3598	4
3599	4
3600	4
3601	4
3602	4
3603	2
3604	4
3605	4
3606	4
3607	2
3608	4
3609	2
3610	4
3611	4
3612	4
3613	2
3614	4
3615	2
3616	4
3617	4
3618	4
3619	2
3620	4
3621	2
3622	4
3623	4
3624	2
3625	2
3626	4
3627	2
3628	4
3629	4
3630	2
3631	2
3632	4
3633	2
3634	4
3635	4
3636	2
3637	2
3638	4
3639	2
3640	4
3641	4
3642	2
3643	2
3644	4
3645	2
3646	4
3647	4
3648	2
3649	2
3650	4
3651	2
3652	4
3653	4
3654	2
3655	2
3656	2
3657	2
3658	4
3659	2
3660	2
3661	2
3662	2
3663	2
3664	4
3665	2
3666	2
3667	2
3668	2
3669	2
3670	4
3671	2
3672	2
3673	2
3674	2
3675	2
3676	4
3677	2
3678	2
3679	2
3680	2
3681	2
3682	4
3683	2
3684	2
3685	2
3686	2
3687	2
3688	4
3689	2
3690	2
3691	2
3692	2
3693	2
3694	4
3695	2
3696	2
3697	2
3698	2
3699	2
3700	2
3701	2
3702	2
3703	2
3704	2
3705	2
3706	2
3707	2
3708	2
3709	2
3710	2
3711	2
3712	2
3713	2
3714	2
3715	2
3716	2
3717	2
3718	2
3719	2
3720	2
3721	2
3722	2
3723	2
3724	2
3725	2
3726	2
3727	2
3728	2
3729	2
3730	2
3731	2
3732	2
3733	2
3734	2
3735	2
3736	2
3737	2
3738	2
3739	2
3740	2
3741	2
3742	2
3743	2
3744	2
3745	2
3746	2
3747	2
3748	2
3749	2
3750	2
3751	2
3752	2
3753	2
3754	2
3755	2
3756	2
3757	2
3758	2
3759	2
3760	2
3761	2
3762	2
3763	2
3764	2
3765	2
3766	2
3767	2
3768	2
3769	2
3770	2
3771	2
3772	2
3773	2
3774	2
3775	2
3776	2
3777	2
3778	2
3779	2
3780	2
3781	2
3782	2
3783	2
3784	2
3785	2
3786	2
3787	2
3788	2
3789	2
3790	2
3791	2
3792	2
3793	2
3794	2
3795	2
3796	2
3797	2
3798	2
3799	2
3800	2
3801	2
3802	2
3803	2
3804	2
3805	2
3806	2
3807	2
3808	2
3809	2
3810	2
3811	2
3812	2
3813	2
3814	2
3815	2
3816	2
3817	2
3818	2
3819	2
3820	2
3821	2
3822	2
3823	2
3824	2
3825	2
3826	2
3827	2
3828	2
3829	2
3830	2
3831	2
3832	2
3833	2
3834	2
3835	2
3836	2
3837	2
3838	2
3839	2
3840	2
3841	2
3842	2
3843	2
3844	2
3845	2
3846	2
3847	2
3848	2
3849	2
3850	2
3851	2
3852	2
3853	2
3854	2
3855	2
3856	2
3857	2
3858	2
3859	2
3860	2
3861	2
3862	2
3863	2
3864	2
3865	2
3866	2
3867	2
3868	2
3869	2
3870	2
3871	2
3872	2
3873	2
3874	2
3875	2
3876	2
3877	2
3878	2
3879	2
3880	2
3881	2
3882	2
3883	2
3884	2
3885	2
3886	2
3887	2
3888	2
3889	2
3890	2
3891	2
3892	2
3893	2
3894	2
3895	2
3896	2
3897	2
3898	2
3899	2
3900	2
3901	2
3902	2
3903	2
3904	2
3905	2
3906	2
3907	2
3908	2
3909	2
3910	2
3911	2
3912	2
3913	2
3914	2
3915	2
3916	2
3917	2
3918	2
3919	2
3920	2
3921	2
3922	2
3923	2
3924	2
3925	2
3926	2
3927	2
3928	2
3929	2
3930	2
3931	2
3932	2
3933	2
3934	2
3935	2
3936	2
3937	2
3938	2
3939	2
3940	2
3941	2
3942	2
3943	2
3944	2
3945	2
3946	2
3947	2
3948	2
3949	2
3950	2
3951	2
3952	2
3953	2
3954	2
3955	2
3956	2
3957	2
3958	2
3959	2
3960	2
3961	2
3962	2
3963	2
3964	2
3965	2
3966	2
3967	2
3968	2
3969	2
3970	2
3971	2
3972	2
3973	2
3974	2
3975	2
3976	2
3977	2
3978	2
3979	2
3980	2
3981	2
3982	2
3983	2
3984	2
3985	2
3986	2
3987	2
3988	2
3989	2
3990	2
3991	2
3992	2
3993	2
3994	2
3995	2
3996	2
3997	2
3998	2
3999	2
4000	2
4001	2
4002	2
4003	2
4004	2
4005	2
4006	2
4007	2
4008	2
4009	2
4010	2
4011	2
4012	2
4013	2
4014	2
4015	2
4016	2
4017	2
4018	2
4019	2
4020	2
4021	2
4022	2
4023	2
4024	2
4025	2
4026	2
4027	2
4028	2
4029	2
4030	2
4031	2
4032	2
4033	2
4034	2
4035	2
4036	2
4037	2
4038	2
4039	2
4040	2
4041	2
4042	2
4043	2
4044	2
4045	2
4046	2
4047	2
4048	2
4049	2
4050	2
4051	2
4052	2
4053	2
4054	2
4055	2
4056	2
4057	2
4058	2
4059	2
4060	2
4061	2
4062	2
4063	2
4064	2
4065	2
4066	2
4067	2
4068	2
4069	2
4070	2
4071	2
4072	2
4073	2
4074	2
4075	2
4076	2
4077	2
4078	2
4079	2
4080	2
4081	2
4082	2
4083	2
4084	2
4085	2
4086	2
4087	2
4088	2
4089	2
4090	2
4091	2
4092	2
4093	2
4094	2
4095	2
4096	2
4097	2
4098	2
4099	2
4100	2
4101	2
4102	2
4103	2
4104	2
4105	2
4106	2
4107	2
4108	2
4109	2
4110	2
4111	2
4112	2
4113	2
4114	2
4115	2
4116	2
4117	2
4118	2
4119	2
4120	2
4121	2
4122	2
4123	2
4124	2
4125	2
4126	2
4127	2
4128	2
4129	2
4130	2
4131	2
4132	2
4133	2
4134	2
4135	2
4136	2
4137	2
4138	2
4139	2
4140	2
4141	2
4142	2
4143	2
4144	2
4145	2
4146	2
4147	2
4148	2
4149	2
4150	2
4151	2
4152	2
4153	2
4154	2
4155	2
4156	2
4157	2
4158	2
4159	2
4160	2
4161	2
4162	2
4163	2
4164	2
4165	2
4166	2
4167	2
4168	2
4169	2
4170	2
4171	2
4172	2
4173	2
4174	2
4175	2
4176	2
4177	2
4178	2
4179	2
4180	2
4181	2
4182	2
4183	2
4184	2
4185	2
4186	2
4187	2
4188	2
4189	2
4190	2
4191	2
4192	2
4193	2
4194	2
4195	2
4196	2
4197	2
4198	2
4199	2
4200	2
4201	2
4202	2
4203	2
4204	2
4205	2
4206	2
4207	2
4208	2
4209	2
4210	2
4211	2
4212	2
4213	2
4214	2
4215	2
4216	2
4217	2
4218	2
4219	2
4220	2
4221	2
4222	2
4223	2
4224	2
4225	2
4226	2
4227	2
4228	2
4229	2
4230	2
4231	2
4232	2
4233	2
4234	2
4235	2
4236	2
4237	2
4238	2
4239	2
4240	2
4241	2
4242	2
4243	2
4244	2
4245	2
4246	2
4247	2
4248	2
4249	2
4250	2
4251	2
4252	2
4253	2
4254	2
4255	2
4256	2
4257	2
4258	2
4259	2
4260	2
4261	2
4262	2
4263	2
4264	2
4265	2
4266	2
4267	2
4268	2
4269	2
4270	2
4271	2
4272	2
4273	2
4274	2
4275	2
4276	2
4277	2
4278	2
4279	2
4280	2
4281	2
4282	2
4283	2
4284	2
4285	2
4286	2
4287	2
4288	2
4289	2
4290	2
4291	2
4292	2
4293	2
4294	2
4295	2
4296	2
4297	2
4298	2
4299	2
4300	2
4301	2
4302	2
4303	2
4304	2
4305	2
4306	2
4307	2
4308	2
4309	2
4310	2
4311	2
4312	2
4313	2
4314	2
4315	2
4316	2
4317	2
4318	2
4319	2
4320	2
4321	4
4322	2
4323	2
4324	4
4325	4
4326	4
4327	2
4328	2
4329	2
4330	2
4331	2
4332	2
4333	2
4334	4
4335	4
4336	2
4337	4
4338	2
4339	2
4340	2
4341	2
4342	2
4343	2
4344	2
4345	2
4346	2
4347	2
4348	2
4349	2
4350	2
4351	2
4352	2
4353	2
4354	2
4355	2
4356	2
4357	2
4358	2
4359	2
4360	2
4361	2
4362	2
4363	2
4364	2
4365	2
4366	2
4367	2
4368	2
4369	2
4370	2
4371	2
4372	2
4373	2
4374	2
4375	2
4376	4
4377	2
4378	2
4379	4
4380	4
4381	4
4382	2
4383	2
4384	2
4385	2
4386	2
4387	4
4388	2
4389	4
4390	4
4391	2
4392	2
4393	2
4394	2
4395	2
4396	2
4397	2
4398	2
4399	2
4400	2
4401	2
4402	2
4403	2
4404	2
4405	2
4406	2
4407	4
4408	2
4409	4
4410	4
4411	4
4412	4
4413	2
4414	2
4415	2
4416	2
4417	2
4418	4
4419	4
4420	4
4421	4
4422	4
4423	4
4424	4
4425	4
4426	4
4427	4
4428	4
4429	4
4430	4
4431	4
4432	4
4433	4
4434	4
4435	4
4436	4
4437	4
4438	4
4439	4
4440	4
4441	4
4442	4
4443	4
4444	4
4445	4
4446	4
4447	4
4448	4
4449	4
4450	4
4451	4
4452	4
4453	4
4454	2
4455	2
4456	4
4457	2
4458	2
4459	2
4460	4
4461	4
4462	4
4463	2
4464	4
4465	2
4466	4
4467	4
4468	4
4469	4
4470	4
4471	2
4472	2
4473	2
4474	2
4475	4
4476	4
4477	4
4478	4
4479	4
4480	4
4481	2
4482	2
4483	2
4484	2
4485	2
4486	2
4487	2
4488	2
4489	2
4490	2
4491	2
4492	2
4493	2
4494	2
4495	2
4496	2
4497	2
4498	2
4499	2
4500	2
4501	2
4502	2
4503	2
4504	2
4505	2
4506	2
4507	2
4508	2
4509	2
4510	2
4511	2
4512	2
4513	4
4514	2
4515	2
4516	4
4517	4
4518	4
4519	4
4520	4
4521	2
4522	2
4523	2
4524	2
4525	2
4526	2
4527	4
4528	2
4529	2
4530	2
4531	2
4532	2
4533	2
4534	2
4535	2
4536	2
4537	2
4538	2
4539	2
4540	4
4541	2
4542	2
4543	2
4544	2
4545	4
4546	2
4547	4
4548	2
4549	2
4550	4
4551	2
4552	4
4553	2
4554	4
4555	2
4556	2
4557	2
4558	2
4559	4
4560	2
4561	4
4562	2
4563	2
4564	2
4565	2
4566	2
4567	2
4568	4
4569	2
4570	2
4571	2
4572	2
4573	2
4574	2
4575	4
4576	2
4577	2
4578	2
4579	2
4580	2
4581	2
4582	4
4583	4
4584	2
4585	4
4586	4
4587	4
4588	4
4589	4
4590	4
4591	2
4592	2
4593	4
4594	2
4595	4
4596	4
4597	4
4598	4
4599	4
4600	4
4601	4
4602	4
4603	4
4604	4
4605	4
4606	4
4607	4
4608	4
4609	4
4610	4
4611	4
4612	4
4613	4
4614	4
4615	4
4616	4
4617	4
4618	4
4619	4
4620	4
4621	4
4622	4
4623	4
4624	4
4625	4
4626	4
4627	4
4628	4
4629	4
4630	4
4631	4
4632	4
4633	4
4634	4
4635	2
4636	4
4637	4
4638	4
4639	4
4640	4
4641	4
4642	4
4643	4
4644	4
4645	4
4646	4
4647	4
4648	4
4649	4
4650	4
4651	4
4652	4
4653	4
4654	4
4655	4
4656	4
4657	4
4658	4
4659	4
4660	4
4661	4
4662	4
4663	4
4664	4
4665	4
4666	4
4667	4
4668	4
4669	4
4670	4
4671	4
4672	4
4673	2
4674	2
4675	2
4676	4
4677	2
4678	2
4679	2
4680	2
4681	2
4682	2
4683	2
4684	4
4685	2
4686	2
4687	4
4688	4
4689	4
4690	4
4691	2
4692	2
4693	2
4694	2
4695	4
4696	4
4697	4
4698	4
4699	4
4700	4
4701	4
4702	4
4703	4
4704	4
4705	4
4706	4
4707	4
4708	4
4709	4
4710	4
4711	4
4712	4
4713	4
4714	4
4715	4
4716	4
4717	4
4718	4
4719	4
4720	4
4721	2
4722	4
4723	4
4724	4
4725	4
4726	4
4727	4
4728	2
4729	4
4730	2
4731	4
4732	2
4733	2
4734	2
4735	2
4736	2
4737	2
4738	4
4739	4
4740	2
4741	4
4742	4
4743	4
4744	4
4745	4
4746	4
4747	2
4748	2
4749	4
4750	2
4751	4
4752	4
4753	4
4754	4
4755	4
4756	4
4757	4
4758	4
4759	4
4760	4
4761	4
4762	4
4763	4
4764	4
4765	4
4766	4
4767	4
4768	4
4769	4
4770	4
4771	4
4772	4
4773	4
4774	4
4775	4
4776	4
4777	4
4778	4
4779	4
4780	4
4781	4
4782	4
4783	4
4784	4
4785	4
4786	4
4787	4
4788	4
4789	4
4790	4
4791	4
4792	4
4793	4
4794	4
4795	4
4796	4
4797	4
4798	4
4799	4
4800	4
4801	4
4802	4
4803	4
4804	4
4805	4
4806	4
4807	4
4808	4
4809	4
4810	4
4811	4
4812	4
4813	4
4814	4
4815	4
4816	4
4817	4
4818	4
4819	4
4820	4
4821	4
4822	4
4823	4
4824	4
4825	4
4826	4
4827	4
4828	4
4829	4
4830	4
4831	2
4832	4
4833	4
4834	4
4835	4
4836	4
4837	2
4838	4
4839	2
4840	4
4841	4
4842	2
4843	4
4844	4
4845	2
4846	4
4847	2
4848	4
4849	4
4850	4
4851	4
4852	4
4853	4
4854	4
4855	4
4856	4
4857	4
4858	4
4859	4
4860	4
4861	4
4862	4
4863	4
4864	4
4865	4
4866	4
4867	4
4868	4
4869	4
4870	4
4871	4
4872	4
4873	4
4874	4
4875	4
4876	4
4877	4
4878	4
4879	4
4880	4
4881	4
4882	4
4883	4
4884	4
4885	4
4886	4
4887	4
4888	4
4889	4
4890	4
4891	4
4892	4
4893	4
4894	4
4895	4
4896	4
4897	4
4898	4
4899	4
4900	4
4901	4
4902	4
4903	4
4904	4
4905	4
4906	4
4907	4
4908	4
4909	4
4910	4
4911	4
4912	4
4913	4
4914	4
4915	4
4916	4
4917	4
4918	4
4919	4
4920	4
4921	4
4922	4
4923	4
4924	4
4925	4
4926	4
4927	4
4928	4
4929	4
4930	4
4931	4
4932	4
4933	4
4934	4
4935	4
4936	4
4937	4
4938	4
4939	4
4940	4
4941	4
4942	4
4943	4
4944	4
4945	4
4946	4
4947	4
4948	4
4949	4
4950	4
4951	4
4952	4
4953	4
4954	4
4955	4
4956	4
4957	4
4958	4
4959	4
4960	4
4961	4
4962	4
4963	4
4964	4
4965	4
4966	4
4967	4
4968	4
4969	4
4970	4
4971	4
4972	4
4973	4
4974	4
4975	4
4976	4
4977	4
4978	4
4979	4
4980	4
4981	4
4982	4
4983	4
4984	4
4985	4
4986	4
4987	4
4988	4
4989	4
4990	4
4991	4
4992	4
4993	4
4994	4
4995	4
4996	4
4997	4
4998	4
4999	4
5000	4
