/*--------------------------------*- C++ -*----------------------------------*\
| =========                 |                                                 |
| \\      /  F ield         | OpenFOAM: The Open Source CFD Toolbox           |
|  \\    /   O peration     | Version:  2.3.0                                 |
|   \\  /    A nd           | Web:      www.OpenFOAM.org                      |
|    \\/     M anipulation  |                                                 |
\*---------------------------------------------------------------------------*/
FoamFile
{
    version     2.0;
    format      ascii;
    class       volScalarField;
    location    "1000";
    object      nuTilda;
}
// * * * * * * * * * * * * * * * * * * * * * * * * * * * * * * * * * * * * * //

dimensions      [0 2 -1 0 0 0 0];

internalField   nonuniform List<scalar> 
6748
(
0.0593659
0.0535217
0.0482264
0.0436339
0.0398665
0.0369447
0.0346466
0.0323388
0.0299123
0.0273218
0.0245917
0.0222293
0.066559
0.0623511
0.0586504
0.0554425
0.0527438
0.0505662
0.0489012
0.0477112
0.0469419
0.0465356
0.046434
0.0465833
0.0726528
0.0696247
0.0670176
0.0648161
0.0630083
0.0615771
0.0604974
0.0597369
0.0592597
0.0590288
0.0590066
0.0591585
0.0778101
0.0755856
0.0737001
0.0721226
0.070834
0.0698145
0.0690431
0.0684973
0.0681549
0.0679932
0.0679914
0.0681284
0.0821047
0.0804501
0.079044
0.0778646
0.0768954
0.0761224
0.0755313
0.0751089
0.0748423
0.0747187
0.0747261
0.074852
0.0856971
0.0844368
0.0833564
0.0824411
0.0816805
0.081066
0.0805898
0.0802447
0.0800248
0.0799235
0.0799344
0.0800502
0.0887111
0.0877267
0.0868737
0.0861407
0.0855222
0.0850156
0.0846175
0.0843248
0.0841355
0.0840482
0.0840606
0.0841684
0.0912468
0.0904625
0.0897744
0.089173
0.0886538
0.0882237
0.0878824
0.0876275
0.0874592
0.0873802
0.0873926
0.0874943
0.0933933
0.0927552
0.0921899
0.0916926
0.0912399
0.0908652
0.0905675
0.0903434
0.0901903
0.0901137
0.0901246
0.0902218
0.0952294
0.0946945
0.0942164
0.0938165
0.0933983
0.0930644
0.092801
0.0926054
0.0924674
0.0923845
0.0923919
0.0924848
0.0236841
0.0275048
0.0299065
0.032367
0.0353299
0.0389119
0.0431032
0.047848
0.053077
0.0587144
0.0646791
0.0709111
0.0469003
0.0474252
0.0482787
0.0495188
0.0511938
0.0533395
0.0559747
0.0590965
0.062682
0.0666913
0.0710753
0.0758117
0.0594432
0.0598829
0.0605395
0.0614444
0.0626284
0.0641199
0.0659435
0.0681152
0.0706418
0.07352
0.0767389
0.0803243
0.0683826
0.0687666
0.0693134
0.0700413
0.0709678
0.0721105
0.073486
0.0751083
0.0769882
0.0791328
0.081549
0.0842838
0.0750831
0.0754273
0.0759032
0.0765208
0.0772892
0.0782179
0.0793163
0.0805927
0.0820547
0.0837094
0.0855662
0.0876733
0.0802627
0.0805764
0.0810018
0.0815436
0.0822059
0.0829926
0.0839074
0.0849538
0.0861347
0.0874533
0.0889138
0.0905375
0.0843665
0.0846566
0.0850444
0.0855311
0.0861176
0.0868042
0.0875907
0.0884766
0.0894609
0.0905428
0.0917253
0.0930281
0.087681
0.0879525
0.0883113
0.0887564
0.0892862
0.0898991
0.0905926
0.0913628
0.0922049
0.0931142
0.0940887
0.0951398
0.0904006
0.0906562
0.0909923
0.0914048
0.0918903
0.0924472
0.0930714
0.0937554
0.0944919
0.0952739
0.0960923
0.096957
0.0926599
0.0928969
0.0932149
0.0936008
0.0940489
0.094561
0.0951324
0.0957469
0.0963982
0.0970849
0.0978124
0.0985225
0.065297
0.0540517
0.0450069
0.037681
0.0316411
0.0265477
0.0223169
0.0192122
0.016789
0.0143179
0.011598
0.00843517
0.0686773
0.0594871
0.0523764
0.0469156
0.04289
0.0395856
0.0362008
0.0326519
0.0289387
0.0250029
0.0207593
0.0161085
0.0726259
0.06548
0.0602488
0.0566649
0.053317
0.0498466
0.0461454
0.0421464
0.0378033
0.0330754
0.02792
0.0222967
0.0769111
0.0715287
0.0678995
0.064624
0.0612332
0.057591
0.0536264
0.0492848
0.0445159
0.039271
0.0335008
0.0271619
0.0811923
0.0772946
0.0740998
0.070873
0.0674238
0.0636585
0.0595111
0.0549232
0.0498387
0.0441981
0.0379414
0.0310096
0.0852054
0.0820821
0.0790468
0.0758495
0.0723709
0.0685298
0.0642583
0.0594911
0.0541616
0.0482004
0.0415347
0.0340923
0.088872
0.085978
0.0830343
0.0798704
0.0763861
0.0725022
0.0681457
0.0632438
0.05772
0.0514928
0.0444772
0.0365889
0.0918581
0.089134
0.0862733
0.0831532
0.0796815
0.0757765
0.071361
0.0663559
0.0606753
0.054226
0.0469101
0.0386321
0.0942822
0.0916939
0.088918
0.0858528
0.0824084
0.0784992
0.0740412
0.0689533
0.0631443
0.0565153
0.0489525
0.0403394
0.0962577
0.0937705
0.0910804
0.0880808
0.0846775
0.08078
0.07629
0.0711265
0.0652042
0.0584449
0.0507185
0.0418561
0.00472201
0.00191523
0.00185129
0.00244253
0.00314602
0.00415504
0.00569237
0.00767314
0.010158
0.0132278
0.016963
0.0214423
0.0108042
0.00518394
0.00258686
0.00300296
0.00389794
0.00511945
0.00674874
0.00876793
0.0112176
0.0141619
0.0176656
0.0217928
0.0159927
0.00889665
0.00388257
0.00366456
0.00474864
0.00613713
0.00785648
0.00990578
0.0123139
0.0151278
0.0183969
0.022169
0.0200623
0.0120497
0.00545219
0.00440865
0.00562564
0.00714571
0.00894702
0.0110175
0.0133797
0.0160688
0.0191404
0.0227327
0.0232331
0.0145196
0.00697443
0.00520529
0.00649344
0.0081236
0.00999131
0.0120755
0.0143933
0.0169772
0.0198861
0.0232012
0.0257259
0.0164336
0.00830175
0.00601431
0.00733271
0.00905514
0.0109766
0.0130701
0.0153486
0.0178418
0.0205917
0.0236231
0.0277037
0.0179227
0.00940894
0.0067997
0.00813148
0.00993208
0.0118983
0.013999
0.0162432
0.0186519
0.0212449
0.024019
0.0292894
0.0190899
0.0103235
0.00754193
0.00888388
0.0107508
0.0127555
0.0148621
0.0170741
0.0194009
0.0218446
0.0243927
0.0305932
0.0200208
0.0110687
0.00822317
0.00958204
0.0115145
0.0135545
0.0156628
0.0178412
0.0200886
0.0223944
0.024746
0.0318303
0.0210939
0.0118827
0.00888796
0.0102552
0.0122075
0.0142362
0.0163505
0.0185272
0.0207054
0.0228745
0.0250532
0.00114824
0.00399527
0.00838046
0.013259
0.0181432
0.0228337
0.0272481
0.031539
0.035916
0.0402513
0.0457946
0.052508
0.000664986
0.00258751
0.00640729
0.0101144
0.0139768
0.0180994
0.022416
0.0268404
0.0313404
0.0358694
0.0410601
0.0469613
0.000420052
0.00175248
0.0044288
0.0084328
0.0128274
0.0169814
0.0210276
0.0250558
0.0291432
0.033381
0.0380878
0.0435013
0.000544199
0.00147683
0.00371007
0.00710953
0.0116901
0.016318
0.0207375
0.0248656
0.0287239
0.0324942
0.0365365
0.0412911
0.00051568
0.00131723
0.00329516
0.00628197
0.0105847
0.0155212
0.0203751
0.0249521
0.0290774
0.0327281
0.0362136
0.0401766
0.00050859
0.00120297
0.00301164
0.00573857
0.00968659
0.0147157
0.0198946
0.024904
0.0295018
0.0334448
0.0367598
0.0400496
0.000494164
0.00111764
0.00280055
0.00533193
0.00899166
0.0139422
0.0193525
0.0247099
0.0297603
0.0341823
0.0377234
0.0406635
0.00048561
0.00105247
0.00263965
0.00502373
0.00846788
0.0132366
0.0187843
0.024425
0.0298637
0.0347764
0.0387775
0.0418078
0.000478269
0.00100112
0.00251295
0.00478111
0.00805492
0.0126233
0.0182288
0.0240983
0.0298667
0.035223
0.0397481
0.0431195
0.000473404
0.000961538
0.0024142
0.00459063
0.00772878
0.0121179
0.01772
0.0237743
0.0298265
0.0355719
0.0405993
0.0444598
0.00047022
0.000931796
0.00233828
0.00444296
0.00747366
0.0117135
0.0172743
0.0234778
0.0297786
0.035861
0.0413294
0.0456649
0.000468547
0.000910549
0.00228017
0.00432903
0.00727491
0.0113933
0.0168921
0.0232182
0.0297416
0.0361169
0.0419629
0.0467271
0.000467549
0.00089438
0.00223547
0.00424094
0.00712011
0.0111403
0.0165677
0.0230003
0.0297366
0.0363837
0.042571
0.0477534
0.000466591
0.000881017
0.00219883
0.00416886
0.00699378
0.0109337
0.0162854
0.0228064
0.0297499
0.0366618
0.0431708
0.0487427
0.000465382
0.000869176
0.00216625
0.00410472
0.00688132
0.0107493
0.0160189
0.0225969
0.0297264
0.0368814
0.043679
0.0495732
0.000463843
0.000858635
0.00213715
0.00404756
0.00678128
0.0105855
0.0157747
0.0223845
0.0296842
0.0370747
0.0441623
0.0504444
0.000461887
0.000848803
0.00211005
0.00399472
0.00668922
0.0104351
0.0155457
0.0221622
0.0296134
0.0372223
0.0445651
0.0511287
0.000459456
0.000839137
0.00208388
0.00394431
0.0066025
0.0102952
0.0153329
0.021938
0.0295329
0.0373654
0.0449805
0.0518954
0.000456446
0.000829127
0.00205708
0.00389288
0.00651446
0.0101539
0.0151167
0.0216824
0.0293984
0.0374442
0.0453115
0.052501
0.00045287
0.000818713
0.00202953
0.00384035
0.00642517
0.0100118
0.0149003
0.021405
0.0292151
0.0374695
0.0456037
0.0531308
0.000448856
0.000807794
0.00200083
0.00378565
0.00633232
0.00986426
0.0146758
0.0210985
0.0289573
0.0373848
0.0457511
0.0535537
0.000444635
0.000796901
0.00197246
0.00373189
0.0062415
0.00972071
0.0144585
0.0207952
0.0286719
0.0372486
0.0458404
0.0539493
0.000440322
0.000786135
0.00194457
0.00367922
0.00615294
0.00958146
0.0142488
0.0204988
0.0283673
0.0370626
0.0458448
0.0541895
0.000436008
0.000775608
0.00191745
0.00362823
0.00606768
0.00944828
0.0140497
0.0202174
0.0280654
0.0368651
0.0458329
0.0544377
0.000431731
0.000765452
0.00189119
0.00357874
0.00598485
0.00931905
0.0138571
0.0199443
0.0277598
0.0366501
0.0457906
0.0546234
0.000427531
0.000755703
0.00186595
0.00353094
0.00590451
0.00919318
0.0136688
0.0196751
0.0274427
0.0364071
0.0457093
0.0547599
0.000423494
0.000746686
0.0018424
0.00348602
0.00582849
0.00907322
0.0134882
0.0194141
0.0271207
0.0361401
0.0455925
0.0548536
0.000419641
0.000738385
0.00182076
0.00344474
0.00575833
0.00896209
0.0133198
0.0191692
0.026808
0.035865
0.0454569
0.0549271
0.000416001
0.000730921
0.00180132
0.00340767
0.00569533
0.00886195
0.0131677
0.0189462
0.0265157
0.0355941
0.0453095
0.0549738
0.000412546
0.000724051
0.00178362
0.00337424
0.00563902
0.00877315
0.0130334
0.0187501
0.0262561
0.0353466
0.0451718
0.0550213
0.000409269
0.000717666
0.00176723
0.00334344
0.00558757
0.00869277
0.012913
0.0185753
0.0260238
0.0351165
0.0450217
0.0549944
0.000406092
0.000711599
0.00175166
0.00331425
0.00553913
0.00861804
0.0128031
0.0184203
0.0258269
0.0349436
0.0449561
0.0551165
0.000402937
0.000705809
0.00173661
0.00328564
0.00549099
0.00854269
0.0126909
0.0182595
0.0256175
0.0347552
0.0448752
0.0551886
0.000399761
0.000700172
0.00172198
0.0032577
0.00544364
0.00846762
0.0125769
0.0180917
0.0253855
0.034516
0.044723
0.0551601
0.000396603
0.000694736
0.00170791
0.00323084
0.00539804
0.00839521
0.0124666
0.0179285
0.0251561
0.0342638
0.044547
0.0551275
0.000393475
0.000689475
0.00169443
0.00320531
0.00535507
0.00832757
0.0123646
0.0177793
0.0249483
0.0340339
0.0443906
0.0551279
0.000390378
0.000684465
0.00168153
0.00318078
0.00531378
0.00826279
0.0122676
0.0176392
0.0247571
0.0338294
0.044272
0.0551948
0.000387286
0.0006795
0.00166887
0.00315677
0.00527329
0.00819894
0.0121711
0.0174972
0.0245557
0.033589
0.0440692
0.055062
0.000384219
0.000674788
0.00165676
0.00313375
0.00523459
0.00813832
0.0120802
0.0173651
0.0243715
0.0333743
0.0439123
0.055055
0.000381149
0.000670103
0.00164476
0.0031109
0.00519611
0.00807796
0.0119897
0.0172338
0.0241877
0.033154
0.043734
0.0549779
0.000378127
0.000665764
0.00163346
0.00308911
0.005159
0.00801922
0.0119011
0.0171047
0.0240065
0.0329338
0.0435596
0.0549439
0.000375138
0.000661644
0.00162281
0.00306848
0.00512359
0.00796254
0.0118145
0.0169767
0.0238233
0.0327
0.0433488
0.0548369
0.000372271
0.00065797
0.00161333
0.00305006
0.0050918
0.00791129
0.0117354
0.0168585
0.0236521
0.0324755
0.0431342
0.054717
0.000369518
0.000654601
0.00160474
0.0030336
0.00506372
0.00786635
0.0116663
0.016755
0.0235018
0.0322766
0.0429385
0.0545962
0.00036684
0.000651492
0.00159691
0.00301871
0.00503864
0.00782682
0.0116065
0.0166668
0.0233754
0.0321137
0.0427922
0.0545358
0.000364163
0.000648363
0.0015891
0.003004
0.00501421
0.00778902
0.0115505
0.0165864
0.023264
0.0319784
0.0426999
0.0545888
0.000361486
0.000645263
0.00158126
0.00298897
0.00498903
0.00774979
0.0114921
0.016502
0.023145
0.0318251
0.0425655
0.0545548
0.000358816
0.000642222
0.00157347
0.00297385
0.00496333
0.00770946
0.0114317
0.0164148
0.0230227
0.031668
0.0424253
0.0545031
0.000356227
0.000639574
0.00156642
0.0029596
0.0049383
0.00766892
0.0113695
0.0163229
0.0228913
0.0314938
0.0422565
0.0544247
0.000353775
0.00063753
0.00156074
0.00294756
0.0049163
0.00763202
0.011311
0.0162338
0.0227598
0.0313119
0.0420669
0.054324
0.000351523
0.00063642
0.00155721
0.00293914
0.00489962
0.00760228
0.0112616
0.0161555
0.0226409
0.0311432
0.0418866
0.0542363
0.000349496
0.000636338
0.00155621
0.00293531
0.0048901
0.0075827
0.0112255
0.0160939
0.0225413
0.0309946
0.0417169
0.0541343
0.000347667
0.000637493
0.00155826
0.00293696
0.00488947
0.0075764
0.011208
0.016057
0.0224737
0.0308858
0.0415969
0.054127
0.000345961
0.000639518
0.00156272
0.00294345
0.00489723
0.00758338
0.0112102
0.0160474
0.0224411
0.0308173
0.041503
0.054052
0.000344383
0.000642474
0.00156947
0.0029543
0.00491268
0.0076032
0.0112327
0.0160685
0.0224525
0.0308064
0.0414683
0.0539986
0.000342782
0.000646228
0.00157813
0.00296857
0.00493388
0.0076326
0.0112716
0.0161182
0.0225156
0.0308934
0.0416379
0.0544176
0.00034114
0.000650796
0.00158851
0.00298538
0.00495814
0.00766502
0.0113125
0.0161675
0.0225733
0.0309637
0.0417624
0.054694
0.000339501
0.000656557
0.00160163
0.00300678
0.00498885
0.00770522
0.011361
0.0162209
0.0226251
0.0310043
0.041803
0.0548226
0.000337838
0.000663729
0.00161814
0.00303445
0.00502956
0.00775994
0.011429
0.0162986
0.0227044
0.0310715
0.04186
0.0549601
0.000336017
0.000672153
0.00163792
0.0030683
0.00508081
0.0078312
0.0115216
0.0164117
0.0228332
0.0312059
0.0419989
0.0551646
0.000333996
0.000682053
0.00166086
0.00310745
0.00514068
0.00791583
0.0116344
0.0165552
0.0230078
0.0314111
0.0422508
0.0555341
0.000331614
0.000693249
0.00168664
0.00315131
0.00520724
0.00800975
0.0117596
0.0167145
0.0232029
0.0316432
0.0425397
0.0560054
0.000328726
0.000706057
0.00171591
0.00320097
0.00528182
0.0081135
0.0118955
0.0168829
0.0234005
0.0318604
0.0427689
0.0563527
0.000325214
0.000720985
0.00174984
0.00325854
0.0053682
0.00823299
0.0120506
0.0170728
0.0236192
0.0320922
0.0429888
0.056623
0.0003208
0.000738543
0.00178961
0.00332613
0.00546963
0.00837311
0.0122323
0.0172953
0.0238756
0.0323675
0.0432628
0.0569681
0.000314928
0.000759338
0.00183661
0.00340635
0.00559028
0.00853972
0.0124482
0.0175594
0.0241796
0.032693
0.0435778
0.0572984
0.000306443
0.000783855
0.00189248
0.00350214
0.00573458
0.00873907
0.0127065
0.0178751
0.0245423
0.0330805
0.0439551
0.0576818
0.000293281
0.000813067
0.00195972
0.00361737
0.00590835
0.00898025
0.0130202
0.0182605
0.0249884
0.0335602
0.0444131
0.0580302
0.000272377
0.000847163
0.00203914
0.00375405
0.00611446
0.00926651
0.0133931
0.0187205
0.0255279
0.0341627
0.0450617
0.0587576
0.000241467
0.000888077
0.00213433
0.00391751
0.00635941
0.00960383
0.0138283
0.0192507
0.0261385
0.0348232
0.0457232
0.0593606
0.000216721
0.000941958
0.00225149
0.00411648
0.00665502
0.0100062
0.0143397
0.0198618
0.0268239
0.0355365
0.0463915
0.0598789
0.000215839
0.00101744
0.00239927
0.00436581
0.00702368
0.0105034
0.0149634
0.0205949
0.0276307
0.0363605
0.0471528
0.0604759
0.00022104
0.00110692
0.00258934
0.00469106
0.00750411
0.0111447
0.0157551
0.0215063
0.0286104
0.0373379
0.0480429
0.061197
0.000239772
0.00128649
0.00295009
0.00526407
0.00829628
0.0121434
0.0169251
0.0227861
0.0299175
0.038578
0.0491065
0.0619426
0.000354463
0.00191189
0.00413471
0.00694987
0.0103651
0.0144656
0.0193651
0.0251918
0.0321399
0.040519
0.0506804
0.0630649
0.00123078
0.00477686
0.00906572
0.0139222
0.0192914
0.0251204
0.0313528
0.0379296
0.0447875
0.0518628
0.0590978
0.066457
1.37522e-06
0.00185947
0.00489549
0.00877915
0.0135096
0.0190168
0.0252202
0.0320092
0.0392683
0.0468764
0.0547172
0.0627061
0.000643621
0.00172313
0.00406565
0.00722751
0.0112484
0.0161181
0.0218126
0.0282718
0.0354007
0.0430709
0.0511313
0.0594248
0.000670621
0.00157017
0.00358953
0.00633465
0.00987915
0.0142582
0.0194957
0.0255803
0.0324556
0.0400153
0.0481072
0.0565465
0.000688242
0.00138638
0.00317845
0.00563537
0.00884268
0.0128563
0.0177271
0.0234771
0.0300843
0.0374724
0.0455068
0.0540111
0.00068763
0.001237
0.00285884
0.00509806
0.00804615
0.011769
0.0163337
0.0217853
0.0281299
0.0353206
0.0432491
0.0517614
0.000688048
0.00112661
0.00261365
0.0046798
0.00741902
0.0109018
0.0152059
0.0203921
0.0264889
0.0334756
0.04127
0.0497291
0.000687567
0.00104091
0.00241706
0.00434048
0.00690659
0.0101874
0.014267
0.0192186
0.0250882
0.0318799
0.0395453
0.0479876
0.00068753
0.000972061
0.00225532
0.00405926
0.00647806
0.00958591
0.013471
0.0182149
0.0238788
0.0304882
0.0380234
0.0464149
0.000687694
0.000915759
0.0021202
0.00382236
0.00611406
0.00907212
0.0127864
0.0173452
0.0228203
0.0292514
0.0366255
0.0448262
0.000687773
0.000868878
0.0020054
0.00361953
0.00580039
0.00862711
0.01219
0.0165819
0.0218821
0.0281402
0.035354
0.0434516
0.000687755
0.000829202
0.00190643
0.0034434
0.00552653
0.00823687
0.0116643
0.0159046
0.0210426
0.0271362
0.0341952
0.0421629
0.000687733
0.000796002
0.00182003
0.00328866
0.00528473
0.00789103
0.0111963
0.0152981
0.0202856
0.0262246
0.0331379
0.0409922
0.000688714
0.000775936
0.00174382
0.00315138
0.00506919
0.00758173
0.010776
0.0147507
0.019599
0.0253934
0.0321686
0.0399055
0.000691487
0.00077181
0.00167609
0.00302857
0.00487545
0.00730288
0.0103957
0.0142536
0.0189725
0.024631
0.0312725
0.0388825
0.000695298
0.000775254
0.00161555
0.00291789
0.00470013
0.00704982
0.0100496
0.0137997
0.0183986
0.0239304
0.0304485
0.0379621
0.000699174
0.000780085
0.00156124
0.00281779
0.00454134
0.00681892
0.00973299
0.0133832
0.0178699
0.0232806
0.0296709
0.0370239
0.00070264
0.000784158
0.00151237
0.0027269
0.00439662
0.0066072
0.00944196
0.0129994
0.0173812
0.0226785
0.0289565
0.036249
0.000705611
0.00078713
0.0014682
0.00264394
0.00426392
0.00641228
0.00917339
0.0126443
0.0169277
0.0221169
0.028279
0.0354164
0.000708145
0.00078914
0.00142813
0.00256789
0.00414171
0.00623208
0.00892462
0.0123146
0.0165053
0.0215919
0.0276458
0.0346978
0.000710309
0.000790394
0.00139209
0.00249784
0.00402865
0.0060649
0.00869338
0.0120075
0.0161108
0.0211004
0.027053
0.0340095
0.000712226
0.000791642
0.0013637
0.00243319
0.00392369
0.00590922
0.00847772
0.0117206
0.0157416
0.0206405
0.0265016
0.0333875
0.00071416
0.000794427
0.00134948
0.00237369
0.00382599
0.00576385
0.00827605
0.011452
0.0153958
0.0202099
0.0259844
0.0327832
0.000716308
0.000799487
0.00134766
0.00231908
0.00373478
0.0056277
0.00808701
0.0112
0.015071
0.0198043
0.0254923
0.0321935
0.000718653
0.000806136
0.00135168
0.00226892
0.00364951
0.00550007
0.00790943
0.0109631
0.0147656
0.0194238
0.025038
0.0317059
0.000721065
0.000813303
0.00135695
0.00222268
0.00356975
0.00538068
0.00774235
0.01074
0.0144778
0.0190638
0.0245968
0.0311285
0.000723381
0.000820094
0.00136136
0.00217987
0.0034951
0.00526865
0.00758487
0.0105295
0.0142056
0.0187213
0.0241739
0.0306256
0.000725567
0.000826208
0.00136431
0.00214008
0.0034251
0.00516325
0.00743619
0.0103304
0.0139477
0.0183961
0.0237753
0.0301666
0.000727625
0.000831469
0.00136577
0.00210293
0.00335931
0.00506385
0.00729555
0.0101418
0.0137029
0.0180869
0.0233957
0.0297103
0.000729476
0.000835914
0.00136588
0.00206814
0.00329736
0.00496989
0.00716224
0.0099628
0.0134701
0.0177926
0.0230345
0.0292825
0.000731165
0.000839693
0.00136486
0.00203545
0.00323887
0.00488091
0.00703569
0.00979263
0.0132486
0.0175126
0.0226905
0.0288724
0.000732717
0.000842886
0.00136293
0.00200479
0.00318358
0.00479651
0.00691539
0.00963069
0.0130377
0.0172456
0.0223614
0.0284747
0.000734161
0.000845628
0.00136035
0.00197648
0.00313122
0.00471635
0.00680089
0.00947644
0.0128366
0.0169907
0.0220469
0.0280978
0.000735518
0.000848032
0.00135761
0.00195213
0.00308168
0.00464012
0.00669175
0.0093293
0.0126447
0.016747
0.0217451
0.0277303
0.000736823
0.000850329
0.0013557
0.00193486
0.00303497
0.00456752
0.00658756
0.00918877
0.0124612
0.0165136
0.0214548
0.0273744
0.000738133
0.000852844
0.00135575
0.00192634
0.00299121
0.0044984
0.00648833
0.00905442
0.0122855
0.0162897
0.0211763
0.0270409
0.000739504
0.000855832
0.00135827
0.00192497
0.00295046
0.00443267
0.00639392
0.00892592
0.0121172
0.0160753
0.0209106
0.0267259
0.000740969
0.000859391
0.00136303
0.0019278
0.00291254
0.00437021
0.00630395
0.00880297
0.0119561
0.01587
0.0206564
0.0264182
0.000742534
0.000863407
0.0013693
0.00193241
0.00287721
0.00431082
0.00621809
0.00868521
0.0118016
0.0156727
0.0204094
0.0261067
0.000744178
0.000867724
0.00137634
0.00193732
0.00284414
0.0042543
0.00613602
0.00857237
0.0116534
0.0154838
0.0201773
0.0258582
0.00074587
0.000872116
0.00138353
0.00194179
0.00281306
0.00420045
0.0060575
0.00846418
0.0115114
0.015303
0.0199552
0.0255861
0.000747585
0.000876418
0.00139046
0.0019455
0.00278372
0.00414911
0.00598236
0.00836044
0.0113753
0.01513
0.019742
0.0253306
0.000749305
0.000880527
0.00139689
0.00194833
0.00275592
0.00410014
0.00591039
0.00826097
0.0112447
0.0149643
0.0195378
0.0250872
0.00075102
0.000884379
0.00140273
0.00195028
0.00272954
0.00405336
0.00584153
0.0081656
0.0111196
0.0148054
0.0193418
0.0248494
0.000752726
0.000887963
0.00140791
0.00195138
0.0027044
0.00400866
0.00577553
0.00807418
0.0109997
0.0146528
0.019151
0.0246012
0.000754425
0.000891265
0.00141247
0.00195173
0.00268053
0.00396591
0.0057123
0.00798649
0.0108845
0.0145054
0.0189642
0.024361
0.000756118
0.000894338
0.00141646
0.00195146
0.002658
0.00392507
0.00565181
0.00790236
0.0107737
0.0143634
0.0187854
0.0241502
0.000757812
0.000897191
0.00141995
0.00195073
0.00263725
0.00388604
0.00559375
0.00782149
0.0106673
0.0142265
0.0186105
0.0239201
0.000759516
0.000899861
0.00142305
0.00194988
0.00261915
0.00384894
0.00553821
0.0077441
0.010565
0.014095
0.0184497
0.0237741
0.000761241
0.000902402
0.00142593
0.00194938
0.00260497
0.00381363
0.00548497
0.00766993
0.0104666
0.0139689
0.0182924
0.0235496
0.000763
0.00090489
0.00142883
0.00194981
0.00259573
0.00378029
0.00543407
0.00759897
0.0103721
0.0138476
0.0181402
0.0233688
0.00076478
0.000907347
0.00143198
0.0019516
0.00259143
0.00374904
0.00538548
0.00753112
0.0102814
0.013731
0.0179925
0.023176
0.000766629
0.000909927
0.0014356
0.00195498
0.00259135
0.00372011
0.00533943
0.0074665
0.0101946
0.0136191
0.017851
0.0230058
0.00076861
0.000912666
0.00143983
0.00195994
0.00259413
0.00369322
0.00529557
0.00740477
0.0101117
0.013512
0.0177159
0.0228413
0.000770728
0.000915602
0.00144476
0.00196614
0.0025985
0.00366823
0.00525386
0.00734578
0.0100322
0.0134095
0.0175873
0.022688
0.000773005
0.000918848
0.00145028
0.00197316
0.00260375
0.0036452
0.00521447
0.00728973
0.00995646
0.0133115
0.0174647
0.022538
0.000775365
0.000922172
0.00145618
0.00198073
0.00260933
0.00362375
0.00517712
0.0072363
0.00988413
0.0132181
0.0173473
0.0223902
0.000777848
0.000925605
0.00146235
0.00198856
0.00261492
0.0036038
0.00514179
0.00718556
0.00981532
0.0131291
0.0172345
0.0222441
0.00078047
0.000929184
0.00146869
0.00199646
0.00262046
0.00358544
0.00510869
0.0071377
0.00975002
0.0130444
0.0171261
0.0221038
0.000783157
0.000932508
0.00147497
0.0020043
0.00262568
0.00356837
0.00507751
0.0070925
0.00968843
0.0129641
0.0170225
0.0219688
0.000785967
0.00093613
0.00148121
0.00201189
0.00263057
0.00355258
0.00504836
0.00705002
0.00963028
0.0128882
0.016924
0.0218426
0.00078927
0.000939938
0.00148761
0.00201934
0.0026352
0.00353832
0.00502152
0.00701061
0.00957596
0.0128166
0.0168307
0.0217213
0.000792613
0.000943584
0.00149379
0.00202652
0.00263961
0.00352535
0.00499682
0.00697407
0.00952537
0.0127496
0.0167436
0.0216134
0.000796174
0.00094726
0.00149981
0.00203345
0.00264387
0.00351382
0.00497442
0.00694068
0.00947883
0.0126877
0.0166628
0.021509
0.000800011
0.000950897
0.00150567
0.00204014
0.00264802
0.00350378
0.00495444
0.00691061
0.00943658
0.0126314
0.0165896
0.0214203
0.000804109
0.000954638
0.00151147
0.00204676
0.00265237
0.00349554
0.0049373
0.00688433
0.00939904
0.0125811
0.0165233
0.0213294
0.000808441
0.000958065
0.00151705
0.00205315
0.00265671
0.00348907
0.00492299
0.00686202
0.00936705
0.0125375
0.0164663
0.0212691
0.000813195
0.000961959
0.00152271
0.00205959
0.00266128
0.00348468
0.00491199
0.00684427
0.0093411
0.0125019
0.0164203
0.0212127
0.000818891
0.000966156
0.00152855
0.00206609
0.00266637
0.00348296
0.00490513
0.00683216
0.00932247
0.0124752
0.0163843
0.0211585
0.000825094
0.000970431
0.00153453
0.00207286
0.00267222
0.00348425
0.00490302
0.0068265
0.00931224
0.0124588
0.0163599
0.0211215
0.000832159
0.00097482
0.00154055
0.00207991
0.00267897
0.00348905
0.00490656
0.00682861
0.009312
0.0124544
0.0163477
0.0210875
0.000840581
0.000980645
0.00154825
0.00208859
0.00268811
0.00350029
0.00491931
0.00684223
0.00932523
0.0124653
0.0163544
0.0211048
0.000849106
0.000981171
0.00155151
0.00209459
0.00269585
0.0035123
0.00493616
0.00686371
0.00935051
0.0124919
0.0163785
0.0210971
0.000887623
0.00101907
0.00158076
0.00212204
0.00272728
0.00356614
0.00500157
0.00693537
0.0094238
0.0125613
0.0164379
0.0211682
0.000495671
0.000842773
0.00151414
0.00206598
0.00266382
0.00349018
0.00492608
0.00686816
0.00937274
0.0125344
0.0164458
0.0212042
0.137263
0.138655
0.112525
0.140044
0.138449
0.0381205
0.117665
0.138606
0.134909
0.0743515
0.0697838
0.0548573
0.127837
0.137201
0.128132
0.0950446
0.131763
0.0390846
0.132037
0.17929
0.0771057
0.137954
0.121595
0.0825171
0.137732
0.117638
0.138765
0.102034
0.0810804
0.134932
0.137627
0.0621096
0.118837
0.102237
0.137625
0.0304459
0.110343
0.0927696
0.135186
0.125338
0.105418
0.135096
0.126783
0.0972067
0.132713
0.0736504
0.110285
0.138213
0.139064
0.127317
0.140052
0.116443
0.139358
0.0938588
0.0760659
0.347004
0.13438
0.107781
0.0790855
0.130516
0.140038
0.101625
0.0969044
0.114361
0.134652
0.111247
0.12382
0.0916616
0.136063
0.106377
0.276872
0.103007
0.0742967
0.331669
0.0764912
0.0577472
0.0935737
0.130614
0.0533605
0.0874813
0.125317
0.124801
0.112803
0.139885
0.135893
0.102535
0.134783
0.120223
0.282441
0.0977373
0.137818
0.139727
0.139891
0.120913
0.139783
0.0918985
0.138725
0.116069
0.136119
0.0697193
0.0751889
0.0556034
0.0698527
0.103095
0.109674
0.121672
0.135234
0.138962
0.0948686
0.128182
0.0474776
0.137723
0.138039
0.0171725
0.123011
0.1506
0.123227
0.0816642
0.102204
0.248108
0.138861
0.0971662
0.0657964
0.11926
0.0742314
0.121468
0.0996162
0.0278179
0.138571
0.114521
0.112623
0.0569343
0.139932
0.128196
0.0993289
0.136225
0.0898232
0.135858
0.122792
0.126087
0.138457
0.139204
0.138226
0.126047
0.107177
0.0864718
0.120529
0.131452
0.0684989
0.103642
0.14562
0.13562
0.115445
0.138235
0.033005
0.13503
0.117983
0.126729
0.101843
0.128662
0.0927246
0.0846488
0.104194
0.0594829
0.130809
0.309561
0.0992001
0.123056
0.108575
0.064734
0.0475859
0.134552
0.135259
0.0703677
0.0485498
0.138397
0.115994
0.0886332
0.132845
0.137468
0.119774
0.0854883
0.137539
0.12999
0.139789
0.177704
0.147494
0.0848161
0.138239
0.293934
0.136198
0.113537
0.0846425
0.109913
0.114743
0.0802372
0.102954
0.072219
0.120974
0.0983943
0.137168
0.118007
0.138128
0.0810526
0.106481
0.125789
0.144779
0.086189
0.107481
0.177086
0.112468
0.111253
0.11815
0.1369
0.0913495
0.0162626
0.0706883
0.125892
0.0433187
0.0733121
0.117248
0.132309
0.129243
0.125827
0.116256
0.138449
0.0875348
0.12469
0.138014
0.0381279
0.106661
0.114139
0.128862
0.0500794
0.088458
0.129736
0.0954151
0.1012
0.13705
0.139496
0.131003
0.0703543
0.135625
0.139996
0.115371
0.0527652
0.13986
0.117038
0.107216
0.139043
0.126634
0.124935
0.0761123
0.126471
0.125642
0.094101
0.0434283
0.130357
0.0914924
0.101425
0.108593
0.13707
0.125161
0.104908
0.0743856
0.127641
0.135753
0.137162
0.140052
0.0881939
0.126528
0.136697
0.123847
0.0629727
0.0630515
0.0992614
0.133252
0.105853
0.136651
0.0636645
0.0769093
0.0495528
0.139819
0.0657969
0.0958322
0.135992
0.1284
0.138581
0.13662
0.026391
0.0520511
0.127007
0.119627
0.111107
0.112947
0.131722
0.120628
0.139973
0.094346
0.0583367
0.0696304
0.108995
0.0515329
0.115172
0.138005
0.138218
0.12114
0.136587
0.0736398
0.0496361
0.119652
0.0929396
0.136503
0.0425137
0.228772
0.136084
0.0355978
0.135554
0.139285
0.0777857
0.121219
0.120134
0.126002
0.137897
0.131567
0.0766962
0.135556
0.139283
0.0563345
0.134675
0.131145
0.0953565
0.0538689
0.125743
0.111257
0.0836202
0.0838441
0.142318
0.140443
0.135263
0.175783
0.120468
0.11841
0.263773
0.110071
0.0938795
0.135796
0.11907
0.145386
0.127422
0.136527
0.139991
0.12195
0.0360943
0.126301
0.138959
0.136758
0.137959
0.219377
0.0889831
0.0962987
0.137611
0.120116
0.134074
0.0566732
0.190446
0.129476
0.109629
0.137105
0.0855512
0.128378
0.0891342
0.137097
0.13945
0.0318566
0.0746922
0.0492476
0.0743192
0.156574
0.0535205
0.137057
0.114679
0.138302
0.136583
0.0994054
0.136534
0.0756173
0.0427612
0.0915311
0.105844
0.0657279
0.0554714
0.139955
0.132937
0.132374
0.136972
0.0874199
0.0671282
0.12955
0.0833863
0.131175
0.0624528
0.0563775
0.110575
0.136243
0.11247
0.086476
0.038925
0.112212
0.029743
0.063049
0.113127
0.139836
0.136543
0.11679
0.0726779
0.0654028
0.146703
0.137872
0.138963
0.134569
0.120851
0.138262
0.110894
0.137113
0.138059
0.093123
0.134
0.120992
0.111674
0.135044
0.050796
0.126699
0.0915465
0.130817
0.0807872
0.0490373
0.1373
0.0754924
0.10873
0.0808175
0.0904284
0.138045
0.116173
0.132091
0.0932655
0.139339
0.137991
0.0985863
0.121887
0.123336
0.13475
0.0560094
0.158789
0.0922488
0.0759496
0.140033
0.133707
0.0859104
0.138619
0.135486
0.11589
0.138504
0.0766811
0.0749898
0.140049
0.137081
0.0858301
0.0277057
0.105128
0.0833977
0.0799134
0.131477
0.0391724
0.0700335
0.0836642
0.0754763
0.0737249
0.14006
0.127519
0.108192
0.126483
0.106999
0.0868033
0.109995
0.131845
0.134033
0.10668
0.138361
0.138887
0.0692732
0.136921
0.0542564
0.138472
0.141563
0.135853
0.122183
0.0977626
0.133312
0.117751
0.139043
0.0885891
0.138517
0.126084
0.110017
0.139515
0.1103
0.13982
0.0601937
0.13459
0.114703
0.117348
0.0973018
0.11039
0.0403435
0.0911539
0.0745616
0.137913
0.14005
0.0905425
0.261997
0.133247
0.0766525
0.128707
0.139971
0.111308
0.103794
0.0451417
0.0422195
0.0712642
0.0774077
0.118761
0.0898662
0.0627639
0.137913
0.0659706
0.143885
0.0677454
0.0868203
0.0835281
0.030164
0.137809
0.109318
0.104372
0.0404111
0.140001
0.120684
0.0265034
0.0921914
0.122126
0.127384
0.102284
0.0338164
0.143465
0.0996033
0.139244
0.13854
0.0339406
0.0696267
0.0422458
0.133446
0.132325
0.128546
0.0982079
0.124319
0.139849
0.0815756
0.134191
0.114987
0.0406907
0.136983
0.120128
0.134326
0.089518
0.138788
0.138387
0.0267718
0.0558647
0.0870222
0.116942
0.0968463
0.116349
0.127184
0.137362
0.123629
0.133187
0.133046
0.0546161
0.141206
0.156061
0.0641636
0.074992
0.0443247
0.0658923
0.136894
0.119902
0.0561225
0.111224
0.100376
0.128291
0.0363723
0.0910543
0.106774
0.129323
0.138155
0.110765
0.118388
0.138007
0.141483
0.0928203
0.0438073
0.0830857
0.206971
0.139366
0.0562931
0.138311
0.157758
0.149109
0.13889
0.0348681
0.13954
0.147932
0.0510074
0.137728
0.127086
0.0520443
0.122721
0.137554
0.257836
0.135995
0.118444
0.0472895
0.0493563
0.137953
0.0905252
0.139211
0.101227
0.0714678
0.11527
0.132757
0.123071
0.137313
0.106559
0.0854753
0.0816611
0.10657
0.0926362
0.104264
0.116085
0.0445873
0.137778
0.136162
0.0681947
0.0522062
0.138483
0.0981791
0.128576
0.0440477
0.135413
0.123817
0.140726
0.128922
0.151699
0.119704
0.129994
0.118428
0.0784178
0.080885
0.0470602
0.125405
0.116512
0.140056
0.0794204
0.102159
0.097104
0.342706
0.131795
0.0978559
0.0883323
0.0134641
0.0903449
0.136063
0.0685407
0.136476
0.0493908
0.123515
0.116595
0.138124
0.0750537
0.118936
0.0578102
0.114683
0.117843
0.134728
0.12009
0.0754318
0.0507429
0.136445
0.0336609
0.0962996
0.12889
0.0885236
0.139019
0.149105
0.0962399
0.0752929
0.107444
0.135112
0.130826
0.139176
0.061293
0.13748
0.139769
0.11752
0.0504337
0.121277
0.125013
0.132925
0.118065
0.126526
0.0852594
0.12716
0.0846266
0.0955859
0.137526
0.0452392
0.13106
0.115832
0.138359
0.127103
0.0845168
0.133028
0.130615
0.113416
0.0729395
0.276085
0.130221
0.115725
0.0823684
0.138389
0.0976015
0.139568
0.102033
0.0944262
0.0855697
0.0995343
0.121994
0.122774
0.0796812
0.133027
0.100836
0.105399
0.0810269
0.129227
0.15046
0.0916455
0.0975862
0.13866
0.110864
0.0752005
0.112412
0.133834
0.138039
0.129453
0.0411642
0.137122
0.152034
0.138744
0.0492006
0.136894
0.134683
0.132072
0.0871369
0.0512134
0.0972787
0.0426698
0.0619466
0.166011
0.0728709
0.138105
0.140012
0.0407986
0.0891258
0.082249
0.319378
0.105049
0.117694
0.0555425
0.0922696
0.107001
0.128063
0.119271
0.113889
0.101621
0.137351
0.108551
0.111341
0.262679
0.131434
0.138591
0.0802858
0.0836762
0.123693
0.116706
0.150736
0.230442
0.116484
0.244907
0.0853432
0.12773
0.0841161
0.0936734
0.0561663
0.0945759
0.132805
0.0764115
0.0970163
0.0963001
0.0190682
0.0583966
0.136068
0.118831
0.0491718
0.0273831
0.137646
0.093209
0.124751
0.133656
0.139419
0.136512
0.0768868
0.121268
0.0845172
0.0734539
0.138241
0.115248
0.141833
0.117932
0.0755747
0.129141
0.119839
0.107839
0.113383
0.138199
0.103339
0.112449
0.139988
0.1152
0.0698048
0.109425
0.138231
0.0769944
0.0952437
0.0978087
0.132053
0.138389
0.116123
0.124939
0.0824363
0.125078
0.124374
0.139237
0.139523
0.116248
0.138242
0.136252
0.135179
0.0839437
0.420697
0.0491915
0.119457
0.112795
0.138436
0.131758
0.115978
0.14226
0.0952153
0.0911811
0.0908349
0.0298001
0.09151
0.123971
0.138242
0.119765
0.026784
0.134483
0.137178
0.13658
0.102469
0.0409146
0.0800087
0.117979
0.118202
0.129001
0.122815
0.110041
0.125258
0.143107
0.136862
0.139
0.130455
0.109816
0.0850093
0.0668259
0.136724
0.0265048
0.1151
0.122438
0.0690716
0.0881292
0.116298
0.137303
0.0847299
0.0560996
0.109597
0.137144
0.0993227
0.0928533
0.128568
0.104453
0.207868
0.136628
0.0900957
0.0333022
0.129743
0.0607755
0.137109
0.14019
0.121084
0.0974848
0.123328
0.10646
0.113802
0.0632751
0.138666
0.0960092
0.122717
0.145395
0.100418
0.0738452
0.133288
0.0992486
0.0946365
0.0844159
0.091889
0.123352
0.143702
0.163093
0.126631
0.133117
0.0858729
0.129762
0.138842
0.130561
0.126404
0.0965755
0.0797853
0.123236
0.109376
0.117447
0.116448
0.0521409
0.0947818
0.139266
0.14579
0.0962609
0.129568
0.107921
0.110414
0.113711
0.10259
0.120659
0.0708529
0.0526277
0.109379
0.092126
0.334608
0.137974
0.139785
0.131982
0.34009
0.127491
0.10024
0.0601705
0.146224
0.0594565
0.13881
0.100983
0.0751856
0.129609
0.108408
0.139893
0.135253
0.0664805
0.118902
0.124049
0.0594706
0.123378
0.128931
0.0985527
0.115873
0.114392
0.0884551
0.137994
0.130644
0.0981075
0.124464
0.13119
0.121508
0.102897
0.101892
0.139827
0.0586718
0.135383
0.0659127
0.0778123
0.13448
0.0780875
0.0854031
0.0928474
0.136188
0.137304
0.0927683
0.09564
0.0476604
0.0783916
0.045179
0.063364
0.131911
0.128385
0.0899568
0.119564
0.0846018
0.132033
0.0423958
0.118037
0.140038
0.0942939
0.133359
0.139868
0.0556414
0.0510185
0.140039
0.0393897
0.108374
0.127101
0.0928082
0.137864
0.133082
0.0997429
0.0658053
0.0994031
0.103025
0.219422
0.138658
0.137329
0.102176
0.0151037
0.127666
0.137109
0.0375212
0.125816
0.0460117
0.10712
0.130531
0.0782172
0.120034
0.12677
0.194247
0.111838
0.104894
0.068217
0.086936
0.100509
0.0486643
0.132943
0.0926899
0.0791369
0.138081
0.146987
0.0757168
0.0837741
0.137105
0.131764
0.0530617
0.131839
0.106736
0.121071
0.056381
0.0325595
0.0434898
0.134702
0.138699
0.138848
0.124042
0.134729
0.119602
0.132294
0.118922
0.105819
0.117693
0.0934676
0.137207
0.0958209
0.0815532
0.127178
0.0503926
0.124338
0.0602445
0.136314
0.0797811
0.0690898
0.103243
0.102623
0.0259125
0.119025
0.128365
0.0863577
0.106138
0.0998095
0.331161
0.104693
0.0720906
0.107383
0.144074
0.0928395
0.1274
0.0702185
0.0467201
0.0934151
0.0268815
0.138344
0.138099
0.0807858
0.128634
0.12084
0.126826
0.105571
0.0788009
0.106733
0.194428
0.0898236
0.134634
0.134792
0.0491177
0.204102
0.125846
0.114326
0.0646724
0.120145
0.139217
0.0758355
0.140041
0.0701074
0.0798457
0.0783455
0.139045
0.0649722
0.0685941
0.135678
0.024115
0.0674676
0.0685851
0.137798
0.138941
0.0981817
0.0403043
0.112085
0.135456
0.0799425
0.0489215
0.108051
0.10325
0.115943
0.0871207
0.0921992
0.137955
0.0601951
0.132135
0.112321
0.0820238
0.0283587
0.136158
0.128829
0.0978825
0.0772351
0.0452352
0.131176
0.126086
0.206565
0.0904884
0.0987146
0.0712166
0.118567
0.0796063
0.136157
0.136149
0.133343
0.0981707
0.144321
0.127754
0.129234
0.124148
0.138568
0.11362
0.0962622
0.0844327
0.129409
0.0335478
0.11265
0.138101
0.123751
0.105704
0.0983512
0.0979096
0.113902
0.121765
0.0439543
0.0538882
0.0626759
0.332358
0.086339
0.103476
0.136613
0.117595
0.132914
0.118917
0.131202
0.0947548
0.146188
0.139841
0.0308785
0.113314
0.0774479
0.113377
0.130522
0.154739
0.0940926
0.0994655
0.118901
0.136905
0.137863
0.0959789
0.083205
0.120978
0.0714175
0.0647355
0.135788
0.110626
0.0748185
0.0441993
0.139369
0.137841
0.136536
0.114666
0.0982411
0.240121
0.0663029
0.127199
0.137427
0.13529
0.13746
0.105674
0.341815
0.137101
0.136282
0.0994107
0.15044
0.124493
0.140047
0.0459908
0.117344
0.122027
0.0663069
0.43124
0.137662
0.041763
0.132495
0.086233
0.0984196
0.047947
0.0662814
0.0355914
0.150835
0.123066
0.137956
0.0792662
0.125004
0.13695
0.307203
0.0963534
0.0793806
0.0876757
0.139244
0.0713451
0.11374
0.0499203
0.126008
0.13661
0.133827
0.0990542
0.118321
0.136441
0.112828
0.06063
0.0433888
0.114411
0.0459035
0.14002
0.139792
0.137067
0.132357
0.0540406
0.136694
0.0896723
0.0376273
0.131069
0.144265
0.0322693
0.0982529
0.132382
0.133421
0.135219
0.13688
0.0830283
0.136213
0.0417312
0.0651978
0.102176
0.139799
0.0108427
0.0546132
0.103295
0.124374
0.0967254
0.0934599
0.139737
0.0349193
0.110417
0.107491
0.106001
0.125601
0.0882681
0.0769821
0.132036
0.113369
0.138637
0.0327949
0.13717
0.0879588
0.121514
0.129034
0.103371
0.125796
0.138849
0.0656523
0.135395
0.019388
0.0554469
0.1398
0.117832
0.0752302
0.131926
0.139518
0.108821
0.133546
0.094204
0.13917
0.0926716
0.0845899
0.137063
0.147134
0.135347
0.0975201
0.0485018
0.0950876
0.132987
0.0897811
0.138404
0.0931738
0.168174
0.134375
0.138761
0.128322
0.0770452
0.0762954
0.11359
0.173479
0.0972097
0.0874767
0.0928282
0.0898745
0.137183
0.0343383
0.058296
0.0896742
0.138677
0.107299
0.133829
0.0999981
0.134293
0.139731
0.144998
0.117642
0.153193
0.139861
0.129743
0.120871
0.0890831
0.0985375
0.140029
0.127353
0.0711725
0.166563
0.0713985
0.15161
0.102942
0.11764
0.120417
0.130096
0.13096
0.027257
0.136451
0.0820363
0.134701
0.103904
0.132364
0.129202
0.141946
0.141015
0.136611
0.133683
0.128154
0.131713
0.118946
0.101756
0.121699
0.13649
0.0267304
0.135763
0.0825101
0.132631
0.110321
0.111295
0.139212
0.139538
0.0774418
0.138278
0.0682149
0.10398
0.134189
0.100424
0.0618345
0.0817375
0.133764
0.0785495
0.0541144
0.129779
0.100735
0.119904
0.118382
0.121227
0.112741
0.128631
0.138563
0.0431438
0.12577
0.13879
0.134233
0.137083
0.138273
0.0300149
0.136547
0.139428
0.056032
0.114404
0.13565
0.071144
0.058897
0.116843
0.0367227
0.127146
0.0753383
0.122633
0.0554341
0.0581864
0.134459
0.0951716
0.109589
0.113489
0.078877
0.0671266
0.11987
0.0858027
0.100162
0.138398
0.0944039
0.125938
0.128137
0.100771
0.136665
0.0777537
0.10361
0.133707
0.0554424
0.0795378
0.06351
0.129033
0.0938166
0.062704
0.0809292
0.129217
0.140042
0.136283
0.0938341
0.138131
0.106189
0.0648194
0.133015
0.125145
0.0252729
0.114712
0.132792
0.124039
0.136911
0.137892
0.0680072
0.103997
0.128553
0.0997164
0.146898
0.131181
0.0702533
0.0661303
0.141028
0.096711
0.0843368
0.0622625
0.138017
0.139722
0.117536
0.14211
0.068991
0.059963
0.062564
0.133481
0.110187
0.0685776
0.100217
0.102856
0.125892
0.0449491
0.137696
0.0883693
0.2107
0.146233
0.0806955
0.137481
0.129604
0.134454
0.029043
0.0330041
0.117395
0.139798
0.0859254
0.036801
0.127481
0.112589
0.139998
0.0685746
0.132093
0.101561
0.0396497
0.141935
0.13106
0.137404
0.266265
0.126685
0.0790895
0.130804
0.0628067
0.135286
0.0915124
0.0986592
0.0807854
0.0968261
0.135463
0.130672
0.0668612
0.0733099
0.0844051
0.0271239
0.0952362
0.139356
0.137948
0.0866714
0.0633758
0.0507002
0.109794
0.069302
0.138434
0.13183
0.0815911
0.139965
0.12897
0.0885211
0.137422
0.139854
0.122071
0.125773
0.137618
0.0346033
0.139534
0.0713034
0.059672
0.11816
0.27715
0.133033
0.098351
0.138192
0.127706
0.139534
0.125059
0.0772204
0.131869
0.120213
0.137544
0.133656
0.138877
0.11237
0.0779966
0.129337
0.136814
0.06242
0.0876806
0.0945735
0.0973581
0.0364638
0.139583
0.144108
0.131223
0.0554518
0.0393598
0.137596
0.0919306
0.0653744
0.136682
0.0965541
0.140051
0.139075
0.137288
0.12195
0.115883
0.135922
0.138276
0.138927
0.138262
0.129624
0.117096
0.122559
0.0258911
0.130441
0.113965
0.0616744
0.136248
0.130717
0.130589
0.172691
0.068903
0.117746
0.115764
0.140044
0.132185
0.124331
0.133237
0.0851805
0.104732
0.139326
0.05976
0.0955935
0.0842026
0.131638
0.134137
0.0986015
0.103375
0.0422453
0.0626852
0.138302
0.139703
0.139751
0.133917
0.040347
0.087984
0.0857271
0.0759324
0.12032
0.0967914
0.12668
0.0800953
0.133
0.137669
0.135719
0.0955472
0.128828
0.132946
0.137748
0.136517
0.102011
0.123085
0.13749
0.0700544
0.0973722
0.090585
0.0329719
0.12559
0.121231
0.116152
0.0280213
0.139893
0.0336556
0.123752
0.130107
0.0628706
0.0910188
0.124118
0.113816
0.114338
0.129933
0.18793
0.111588
0.139628
0.10085
0.0866445
0.133698
0.0691389
0.133624
0.0950051
0.097838
0.137975
0.137641
0.0743528
0.109117
0.117083
0.0478762
0.119988
0.138686
0.107177
0.138227
0.139371
0.134631
0.139801
0.1174
0.120728
0.04978
0.134053
0.136717
0.0932577
0.124912
0.0496494
0.135303
0.136471
0.0989118
0.139269
0.13859
0.0653494
0.14001
0.0573656
0.0737199
0.0928321
0.13038
0.0836419
0.137445
0.140029
0.111592
0.125576
0.102231
0.112458
0.202546
0.135222
0.125899
0.134756
0.137809
0.136566
0.0367818
0.0269711
0.108038
0.1084
0.0734383
0.120365
0.136924
0.138239
0.0370135
0.137091
0.145471
0.131331
0.134554
0.0714978
0.032675
0.0950796
0.0446077
0.139509
0.0398298
0.0857272
0.116346
0.135142
0.211823
0.0943188
0.116172
0.104629
0.354181
0.136339
0.104557
0.0643748
0.0809119
0.0412841
0.140012
0.090655
0.0856588
0.13177
0.0887164
0.0889565
0.0633099
0.0309929
0.082053
0.105103
0.0268907
0.0658963
0.0953674
0.13823
0.111931
0.135397
0.0470571
0.078244
0.115597
0.137844
0.0497947
0.110807
0.0807786
0.107011
0.140057
0.129635
0.126236
0.123337
0.106668
0.0358598
0.127129
0.136343
0.120807
0.134809
0.0758092
0.109909
0.140039
0.105169
0.0729276
0.107139
0.0728993
0.07378
0.141168
0.132652
0.109408
0.092368
0.138338
0.133446
0.105299
0.0440482
0.0268971
0.0265095
0.0934884
0.093153
0.0297312
0.0957722
0.13376
0.0556467
0.113289
0.122909
0.106871
0.0653151
0.112403
0.13712
0.0999984
0.0369249
0.0843608
0.0623068
0.0519288
0.136706
0.0800582
0.12094
0.0676793
0.0896296
0.121551
0.108238
0.105989
0.357732
0.134629
0.045139
0.0878992
0.0266707
0.0468886
0.123771
0.0805094
0.0763898
0.0319801
0.0798697
0.133363
0.137596
0.125286
0.0759195
0.136842
0.137971
0.122739
0.105114
0.0457835
0.139209
0.139053
0.0756805
0.0270167
0.139956
0.12498
0.0399075
0.0499433
0.0602946
0.137141
0.138466
0.0645236
0.0760945
0.025892
0.125898
0.0456981
0.126146
0.137724
0.101272
0.0620923
0.0274398
0.0917026
0.0483656
0.0997322
0.0260632
0.0281848
0.126614
0.0919784
0.0922299
0.0902976
0.354184
0.0568832
0.139769
0.137001
0.107959
0.137411
0.132082
0.111697
0.073291
0.108027
0.112252
0.0810186
0.132905
0.139064
0.332799
0.0754618
0.0508751
0.12708
0.33981
0.114928
0.0543417
0.139405
0.0865222
0.124268
0.10387
0.069845
0.130278
0.126655
0.134793
0.12526
0.13706
0.0980469
0.0308239
0.0174628
0.0583428
0.0923007
0.0386846
0.0506665
0.136457
0.0296148
0.0606022
0.190995
0.0589337
0.130308
0.13958
0.135146
0.112327
0.135809
0.111095
0.104146
0.0755652
0.138522
0.0996116
0.134715
0.155251
0.0659563
0.118157
0.0980527
0.0833536
0.138683
0.126681
0.330307
0.137557
0.0456511
0.133683
0.13189
0.0708411
0.110132
0.0369692
0.100143
0.0950161
0.037169
0.126867
0.0806531
0.140034
0.13514
0.097268
0.133532
0.0663063
0.124842
0.0422401
0.0799465
0.109983
0.0911614
0.0836886
0.100058
0.0916659
0.131511
0.0512739
0.133035
0.136802
0.0819368
0.133199
0.138851
0.111189
0.111232
0.0977386
0.101602
0.0997271
0.0492384
0.141199
0.123367
0.0893892
0.134837
0.125553
0.110292
0.0442252
0.103007
0.095292
0.046134
0.0895432
0.031665
0.0270607
0.137007
0.140041
0.118914
0.0901528
0.0850151
0.0285856
0.0728984
0.147568
0.0684721
0.360351
0.0529418
0.0703831
0.140069
0.029406
0.140027
0.139102
0.0758218
0.13048
0.107622
0.0992956
0.0874771
0.0323976
0.103871
0.10521
0.135231
0.0398827
0.115093
0.136701
0.0960793
0.122161
0.0326239
0.0747128
0.0619273
0.0418402
0.139949
0.118553
0.135148
0.139235
0.123636
0.0861565
0.0776054
0.0743459
0.106233
0.100001
0.13534
0.130703
0.081509
0.139446
0.0935923
0.0972678
0.139457
0.0658484
0.0744043
0.0715055
0.120462
0.0928744
0.12742
0.139954
0.156566
0.129986
0.0426093
0.119044
0.103765
0.0696572
0.0559442
0.133542
0.118195
0.138128
0.131618
0.0717853
0.140041
0.0653862
0.100052
0.0302188
0.0701766
0.133092
0.052576
0.140036
0.0322786
0.137986
0.138823
0.126531
0.0947858
0.0385737
0.0957516
0.0815256
0.121836
0.0712333
0.135718
0.121878
0.136841
0.137752
0.0953278
0.202122
0.119309
0.0318492
0.117144
0.133526
0.0775133
0.0166094
0.137277
0.0979986
0.0733538
0.139469
0.138532
0.110148
0.146076
0.0548705
0.12753
0.126934
0.072012
0.113345
0.0647255
0.0842625
0.0914086
0.0290949
0.0983882
0.0958185
0.0725725
0.344356
0.0326302
0.0312478
0.0866187
0.13714
0.0851989
0.146586
0.103225
0.131115
0.0883539
0.0454635
0.133711
0.1127
0.10682
0.128603
0.0438502
0.133803
0.0511179
0.140573
0.137292
0.0894456
0.044779
0.259424
0.0856302
0.0893226
0.105041
0.131787
0.125578
0.0912243
0.0971257
0.060446
0.128648
0.0898412
0.0672751
0.108313
0.137009
0.137281
0.0314513
0.092508
0.138414
0.101014
0.122375
0.072982
0.126508
0.0586033
0.0772099
0.129846
0.144554
0.115445
0.0906832
0.11303
0.0907314
0.120608
0.10138
0.105626
0.101185
0.0905505
0.110548
0.137851
0.0343841
0.139962
0.115554
0.137618
0.131861
0.0719365
0.131244
0.134819
0.0848201
0.12108
0.124588
0.116086
0.132203
0.0980582
0.0688792
0.1381
0.130737
0.125115
0.128401
0.0778223
0.134489
0.0822852
0.100034
0.140024
0.119918
0.0935579
0.130383
0.129831
0.0975407
0.110062
0.138603
0.085961
0.138931
0.136533
0.0879622
0.379544
0.095233
0.0536054
0.0689001
0.106153
0.0323319
0.0326864
0.0455809
0.140058
0.119321
0.130741
0.0813221
0.13754
0.0970266
0.0602093
0.0354097
0.0421558
0.0577914
0.114377
0.0490834
0.139715
0.109639
0.139174
0.0386854
0.0674599
0.114268
0.13421
0.10943
0.0340271
0.0337666
0.083049
0.105682
0.269278
0.0654727
0.123195
0.0897832
0.140015
0.0970219
0.0908554
0.0438897
0.0715423
0.0738987
0.0847918
0.131987
0.017324
0.10228
0.119582
0.0400184
0.150628
0.0989504
0.138578
0.0961874
0.137493
0.0794727
0.0936643
0.131601
0.101165
0.137991
0.06879
0.139737
0.0289993
0.103694
0.115782
0.0449922
0.0265454
0.0677072
0.113924
0.103648
0.139983
0.125878
0.0969384
0.15845
0.168514
0.135676
0.11725
0.104968
0.0527564
0.112468
0.0747854
0.138853
0.103683
0.136524
0.135867
0.0873333
0.0475208
0.157994
0.138308
0.0846026
0.132141
0.0328647
0.0157432
0.0645508
0.137348
0.0964038
0.0564751
0.0723329
0.107277
0.13595
0.0962447
0.106011
0.0655521
0.100529
0.136843
0.115907
0.0253351
0.0877812
0.132423
0.125181
0.0979513
0.0859627
0.111316
0.0784943
0.142914
0.0675764
0.139073
0.0384423
0.139135
0.0643154
0.137747
0.115845
0.090435
0.0943364
0.0639133
0.0564001
0.0841153
0.134595
0.10576
0.12488
0.0574894
0.140042
0.161954
0.121867
0.121876
0.139997
0.0823603
0.138888
0.138439
0.218414
0.137711
0.138127
0.0580862
0.139616
0.0980632
0.065346
0.119673
0.135204
0.140037
0.090422
0.103503
0.0938073
0.0792726
0.096293
0.146679
0.130178
0.21073
0.0313611
0.158996
0.137524
0.0848166
0.110409
0.137677
0.111631
0.137333
0.0974359
0.0317085
0.0905825
0.307365
0.143124
0.137405
0.139392
0.139877
0.136554
0.138094
0.0682318
0.138435
0.0576321
0.0785243
0.0387072
0.0909078
0.130083
0.118823
0.102255
0.0877822
0.0836573
0.119264
0.137809
0.105244
0.0755003
0.0302117
0.0507014
0.13645
0.338806
0.14006
0.137396
0.0982542
0.070542
0.135254
0.0868428
0.124391
0.118729
0.0937439
0.130246
0.0424314
0.187538
0.0872136
0.0806989
0.138276
0.140001
0.0782288
0.1025
0.109833
0.119443
0.037082
0.0294502
0.101993
0.128896
0.139625
0.127507
0.134617
0.137147
0.116348
0.0329795
0.0768189
0.0609761
0.1325
0.137051
0.0856599
0.138584
0.0392426
0.122813
0.151778
0.1053
0.137081
0.112184
0.0978964
0.244618
0.137696
0.138399
0.107484
0.131208
0.0130307
0.10996
0.154006
0.0795838
0.130569
0.0156764
0.0947164
0.0992102
0.0640209
0.147156
0.122935
0.0897185
0.135899
0.0665344
0.0993441
0.0653798
0.0627718
0.135091
0.0391574
0.0534121
0.0583739
0.0808243
0.0606882
0.109006
0.095068
0.132613
0.139751
0.0668319
0.0827118
0.137764
0.108661
0.131948
0.132064
0.0436374
0.027306
0.0673925
0.0502871
0.0929459
0.13808
0.166396
0.138284
0.0610815
0.103974
0.144057
0.13877
0.108158
0.131889
0.139403
0.0293129
0.0703687
0.135828
0.075707
0.0643865
0.0792548
0.138694
0.109717
0.0460114
0.0622104
0.0816684
0.0611828
0.134552
0.101377
0.0684709
0.13618
0.120386
0.128674
0.134807
0.15859
0.0519978
0.14001
0.134034
0.0875293
0.0626809
0.138989
0.0922953
0.13185
0.0683033
0.0905233
0.085383
0.132486
0.0952569
0.123005
0.129327
0.134339
0.0965643
0.0147267
0.110584
0.139652
0.064701
0.12285
0.0823814
0.117084
0.13012
0.13649
0.0980896
0.0785468
0.0603096
0.103792
0.134386
0.110367
0.138224
0.138851
0.10025
0.138806
0.130542
0.0810373
0.119865
0.0434644
0.0927967
0.138301
0.0467804
0.12039
0.052894
0.121824
0.130098
0.139042
0.136045
0.13344
0.128724
0.131168
0.133772
0.130955
0.0675889
0.139832
0.113582
0.0613529
0.136995
0.121439
0.104054
0.0360761
0.138839
0.10347
0.125809
0.128676
0.136078
0.136942
0.125004
0.133216
0.114983
0.0497931
0.0651178
0.105726
0.0792193
0.1004
0.0674355
0.139722
0.0630306
0.129943
0.131012
0.0966139
0.0566981
0.0345737
0.0509
0.0872298
0.138858
0.0774613
0.121858
0.0264538
0.13083
0.201784
0.137692
0.112851
0.0748703
0.0370954
0.0580225
0.0842771
0.0591205
0.126173
0.0408831
0.0886189
0.0705373
0.0377063
0.114129
0.0795775
0.113053
0.0531197
0.122617
0.0438277
0.137051
0.118039
0.0599812
0.0408149
0.131245
0.110274
0.139868
0.0524559
0.14803
0.136881
0.138895
0.0263146
0.0957744
0.125024
0.148108
0.137491
0.034969
0.105201
0.113716
0.0232938
0.101145
0.126233
0.138922
0.139889
0.128934
0.0329127
0.128741
0.10676
0.0616118
0.126695
0.0532285
0.0977593
0.130077
0.134951
0.0769481
0.0326597
0.115776
0.0405756
0.127937
0.137681
0.090305
0.112702
0.0336482
0.118832
0.113602
0.0680741
0.0642629
0.137588
0.0934736
0.127874
0.151547
0.0586234
0.12807
0.128498
0.142603
0.10165
0.169069
0.0841249
0.0627442
0.0687919
0.0642114
0.13846
0.0573646
0.101255
0.0924979
0.0630371
0.0968671
0.0821276
0.139137
0.137285
0.0115354
0.137643
0.137293
0.145866
0.130676
0.201923
0.137402
0.0571835
0.106452
0.134054
0.0634111
0.104723
0.0834324
0.0493839
0.13886
0.133708
0.110178
0.13906
0.11821
0.0994244
0.134669
0.124829
0.11455
0.0684541
0.0862159
0.090978
0.0797984
0.138745
0.138628
0.206779
0.094119
0.139559
0.0575089
0.140023
0.137379
0.1095
0.137587
0.0951294
0.136289
0.0220319
0.130561
0.0480975
0.0912648
0.0864332
0.139109
0.0496769
0.0845875
0.114182
0.115375
0.131084
0.140017
0.139078
0.0382224
0.132644
0.134183
0.0746842
0.0993188
0.0831788
0.0448386
0.131721
0.064932
0.138703
0.0344971
0.217344
0.129128
0.0938471
0.0588721
0.0596599
0.0822585
0.094403
0.032527
0.0539974
0.0566861
0.10229
0.0699599
0.091915
0.149216
0.119874
0.0385822
0.135614
0.0809834
0.100435
0.0357366
0.0936232
0.136518
0.193667
0.115157
0.0947632
0.153931
0.0875001
0.133723
0.129885
0.116141
0.135808
0.142949
0.0612565
0.129249
0.126533
0.094674
0.126805
0.100718
0.0714352
0.116161
0.115602
0.12552
0.111639
0.135979
0.127503
0.134582
0.119541
0.0788463
0.130769
0.135107
0.0605569
0.047706
0.103735
0.0943318
0.106285
0.13904
0.0623248
0.111161
0.132564
0.104327
0.0761753
0.137891
0.122817
0.0825152
0.137357
0.0863467
0.109594
0.136865
0.13852
0.230891
0.138302
0.0248467
0.102683
0.219327
0.115823
0.111512
0.127306
0.0301806
0.13758
0.147474
0.0853587
0.094746
0.103013
0.134348
0.138894
0.108054
0.0560226
0.145875
0.0677372
0.0698503
0.139464
0.100057
0.0707263
0.0495302
0.113332
0.064155
0.133312
0.122596
0.114895
0.138789
0.139251
0.125059
0.125325
0.0317762
0.0953175
0.060191
0.09031
0.0900522
0.114794
0.0847276
0.038661
0.0446169
0.138654
0.0241231
0.116818
0.138423
0.136924
0.137168
0.138644
0.139876
0.0543848
0.113105
0.10427
0.068532
0.108208
0.370275
0.127247
0.0608077
0.137291
0.0240769
0.0791434
0.116497
0.139283
0.140024
0.103962
0.0398684
0.139404
0.0750575
0.0994427
0.090043
0.116339
0.0941996
0.092377
0.149771
0.0101339
0.332972
0.268085
0.0827804
0.117562
0.0505198
0.0637847
0.104373
0.138426
0.0788803
0.105303
0.111036
0.08964
0.0820725
0.116209
0.0527057
0.0912546
0.155573
0.0643262
0.0947327
0.139477
0.0132118
0.132947
0.0606899
0.0631134
0.129314
0.0751665
0.0976946
0.0408091
0.134636
0.117235
0.137095
0.13534
0.132355
0.1374
0.139931
0.0750262
0.138411
0.0585384
0.14716
0.138316
0.0947294
0.0988137
0.0153075
0.243284
0.13952
0.138555
0.132615
0.13781
0.139618
0.0857701
0.033483
0.109373
0.0892953
0.113669
0.134549
0.0338172
0.106689
0.126042
0.0989139
0.127753
0.0849388
0.129839
0.138817
0.100138
0.0466224
0.035165
0.0514923
0.135163
0.062365
0.0725922
0.0546467
0.0370167
0.151482
0.0651518
0.0740305
0.0536348
0.139213
0.0924297
0.0857038
0.0907542
0.128219
0.0786152
0.0598515
0.0748324
0.0874712
0.137368
0.0683118
0.040808
0.0622336
0.127648
0.0920641
0.139558
0.0993898
0.131881
0.0945778
0.312465
0.136106
0.0788288
0.094281
0.0278464
0.0700694
0.134603
0.138986
0.393493
0.0182333
0.0807827
0.142585
0.0726556
0.12812
0.111191
0.136637
0.0508438
0.137667
0.106893
0.12811
0.137785
0.20104
0.137056
0.135445
0.0985923
0.0821001
0.0641599
0.13758
0.0950414
0.127274
0.112262
0.132104
0.0762022
0.140037
0.272601
0.122396
0.15094
0.0611818
0.073611
0.0489612
0.0320307
0.093084
0.101898
0.0672211
0.149477
0.0723795
0.0299447
0.0511388
0.0963558
0.0809443
0.0487482
0.0978788
0.127736
0.139249
0.0852481
0.0853216
0.0216197
0.137821
0.112489
0.0236288
0.13959
0.113549
0.136629
0.11687
0.138571
0.0974683
0.104303
0.109085
0.083965
0.128955
0.0432481
0.0984376
0.120488
0.137223
0.138054
0.106598
0.136438
0.0797297
0.138192
0.137597
0.108649
0.0816835
0.106247
0.138957
0.116294
0.0827571
0.13572
0.131666
0.140441
0.140005
0.0158048
0.121728
0.128659
0.135823
0.138249
0.0873876
0.0948901
0.122565
0.0992588
0.102038
0.137915
0.127953
0.146326
0.0853513
0.331654
0.118505
0.106911
0.119021
0.0837528
0.132092
0.0116608
0.139984
0.130453
0.109642
0.0715757
0.0900416
0.102714
0.076815
0.139948
0.0925214
0.098933
0.12044
0.0976156
0.139053
0.139719
0.085827
0.137397
0.0978493
0.360787
0.0960431
0.129431
0.126258
0.138222
0.316797
0.138337
0.138416
0.0480027
0.129776
0.123755
0.102265
0.138522
0.0568163
0.076643
0.138297
0.131759
0.109263
0.0260877
0.13891
0.0823241
0.0627889
0.139626
0.160092
0.134014
0.10986
0.0946373
0.0667307
0.100334
0.103109
0.110021
0.0860817
0.0945132
0.110217
0.138654
0.122304
0.108325
0.139844
0.0635898
0.0814522
0.0348529
0.0214087
0.13992
0.108861
0.420242
0.0758545
0.118034
0.13412
0.0922703
0.138741
0.108452
0.0756818
0.14341
0.047495
0.136005
0.109998
0.140706
0.038934
0.138868
0.138118
0.131011
0.0929361
0.145122
0.140024
0.137395
0.0976827
0.139913
0.105814
0.0798907
0.0735838
0.0768532
0.063378
0.139833
0.0863834
0.111399
0.139656
0.135549
0.0800509
0.0979501
0.14005
0.118108
0.10178
0.134611
0.0997001
0.122604
0.133579
0.132321
0.0543371
0.136117
0.0981992
0.0549739
0.155266
0.139237
0.122889
0.137534
0.108201
0.109777
0.066072
0.104843
0.0624194
0.139845
0.09939
0.135597
0.137039
0.0481863
0.0699616
0.134937
0.127994
0.0295304
0.0266465
0.112534
0.0896667
0.104012
0.125919
0.0986565
0.138359
0.136031
0.0986762
0.139735
0.12038
0.0587857
0.137643
0.137903
0.0476214
0.138331
0.139495
0.026811
0.133804
0.137963
0.136573
0.150669
0.0715818
0.132044
0.0945044
0.0457632
0.052427
0.137043
0.0982166
0.0977689
0.108555
0.135992
0.142175
0.128735
0.0980611
0.115321
0.141028
0.104624
0.135571
0.137472
0.123299
0.0128707
0.0972739
0.10049
0.103829
0.139935
0.0522356
0.139454
0.134928
0.035541
0.137221
0.0960597
0.133539
0.102382
0.120624
0.130872
0.149816
0.175904
0.140036
0.100075
0.0739629
0.114771
0.136791
0.123886
0.127921
0.00922068
0.141842
0.120537
0.0790654
0.0732108
0.0942068
0.140009
0.118075
0.0689064
0.122034
0.0645673
0.0975979
0.136853
0.13661
0.0845169
0.0638008
0.128582
0.0633603
0.0383817
0.104157
0.133198
0.0913779
0.0693651
0.108843
0.0796504
0.0571971
0.0890747
0.054921
0.113943
0.0567463
0.132572
0.135788
0.137979
0.124429
0.100328
0.138183
0.0490602
0.134035
0.0284581
0.108912
0.098703
0.0574889
0.130843
0.0308572
0.120696
0.0726713
0.0654852
0.0551213
0.144365
0.1541
0.124333
0.13762
0.0212288
0.0642934
0.0700012
0.0965565
0.120691
0.240277
0.103045
0.138347
0.224597
0.0773913
0.370963
0.0503243
0.0796647
0.105409
0.138584
0.0519102
0.149525
0.124066
0.122576
0.0986691
0.0351589
0.12004
0.097896
0.028668
0.0379064
0.0817878
0.112584
0.124879
0.137343
0.0616427
0.139776
0.133874
0.105656
0.0385037
0.115615
0.0949534
0.125023
0.139922
0.0885755
0.100258
0.0823502
0.108677
0.035567
0.105265
0.116466
0.136469
0.111728
0.137089
0.107694
0.0687809
0.065514
0.0261118
0.138782
0.043628
0.050142
0.139483
0.139639
0.086931
0.0735839
0.10924
0.0666261
0.0511935
0.117763
0.116935
0.0467408
0.10869
0.0711143
0.102433
0.0559201
0.101417
0.109805
0.139626
0.0751321
0.133648
0.121712
0.127061
0.135302
0.132513
0.0416503
0.137787
0.053291
0.0645838
0.128894
0.138264
0.136541
0.140167
0.102714
0.119709
0.0575482
0.110465
0.0960906
0.135321
0.137139
0.0901873
0.0783022
0.0699001
0.0998008
0.139531
0.13541
0.110226
0.139106
0.111176
0.0681168
0.138237
0.0650442
0.138368
0.120594
0.0310962
0.13783
0.138223
0.0881388
0.15156
0.127981
0.0878878
0.127912
0.13944
0.0186327
0.11039
0.0845148
0.104918
0.138495
0.0982522
0.101847
0.11328
0.0452147
0.103365
0.0473959
0.0943949
0.0355464
0.117271
0.0748648
0.085533
0.134016
0.135768
0.0464156
0.0107284
0.0788439
0.115577
0.0929662
0.0993113
0.0619679
0.123754
0.138422
0.139972
0.14269
0.129165
0.140063
0.139447
0.118685
0.0651604
0.0988453
0.10593
0.121232
0.136402
0.117343
0.0643685
0.136818
0.110766
0.132975
0.097685
0.145568
0.0497932
0.131905
0.0730701
0.142154
0.136437
0.135166
0.0515739
0.106013
0.13814
0.0545619
0.130637
0.130595
0.120174
0.122842
0.0635639
0.0911222
0.122485
0.123178
0.107149
0.102533
0.101808
0.12688
0.131689
0.0266743
0.138334
0.126497
0.104706
0.0976184
0.116317
0.0610323
0.139038
0.0617332
0.124013
0.135855
0.0591469
0.133885
0.0944856
0.113198
0.0332536
0.0914456
0.13729
0.0732187
0.069384
0.0770511
0.0875156
0.0853883
0.146276
0.148378
0.136225
0.0967506
0.100998
0.134106
0.15133
0.127467
0.142587
0.143174
0.0794288
0.0998314
0.138075
0.102354
0.0651766
0.138683
0.105681
0.113529
0.135677
0.134374
0.0687106
0.346157
0.0405406
0.109513
0.121895
0.0480414
0.094419
0.138499
0.133967
0.126185
0.0397643
0.117879
0.0850251
0.139649
0.123841
0.138949
0.140486
0.0403026
0.123489
0.137282
0.0915953
0.140045
0.107364
0.141997
0.104823
0.0417626
0.141019
0.107746
0.0836825
0.129587
0.13885
0.118149
0.131389
0.0985475
0.132719
0.101211
0.137925
0.107892
0.116166
0.123555
0.0768594
0.0828703
0.111222
0.0615171
0.122877
0.101758
0.104256
0.137835
0.100631
0.0761327
0.138202
0.068447
0.030958
0.136365
0.074262
0.106392
0.178906
0.0896266
0.0732604
0.139883
0.0979538
0.130281
0.0924143
0.0263504
0.0570194
0.131362
0.139831
0.101341
0.126228
0.138739
0.110017
0.125109
0.0906337
0.0962874
0.0657133
0.131488
0.137297
0.107625
0.111866
0.0973413
0.067102
0.121444
0.0501287
0.0953031
0.136636
0.124718
0.10947
0.10807
0.139242
0.139339
0.130649
0.129678
0.2732
0.111908
0.13823
0.125209
0.152814
0.144894
0.0939629
0.0605939
0.0438371
0.0961095
0.114857
0.129888
0.104276
0.120066
0.069153
0.121077
0.125139
0.0865973
0.080734
0.0745979
0.0901587
0.135153
0.137058
0.134304
0.103567
0.0832239
0.117845
0.128146
0.11632
0.13935
0.0728284
0.140051
0.139125
0.119822
0.111854
0.125007
0.0532469
0.176351
0.0824314
0.100596
0.139665
0.13996
0.133298
0.137357
0.0901764
0.133486
0.0928264
0.100545
0.0918542
0.136373
0.108769
0.0889431
0.0891186
0.0677063
0.137606
0.397116
0.0845721
0.129761
0.0788844
0.131179
0.124468
0.137023
0.13659
0.138036
0.132601
0.113357
0.142318
0.0917249
0.135679
0.0932107
0.132755
0.128358
0.136917
0.139662
0.129064
0.138707
0.139014
0.0676516
0.0797735
0.0588774
0.0711586
0.157742
0.135615
0.138791
0.0520826
0.138235
0.0489802
0.135888
0.141297
0.075317
0.129597
0.091545
0.132733
0.139057
0.132276
0.0532898
0.143055
0.0286078
0.137473
0.0613666
0.0178973
0.0861195
0.127956
0.143867
0.126663
0.0962831
0.0211014
0.0913449
0.0592941
0.138369
0.145957
0.101754
0.13575
0.137058
0.13332
0.138582
0.129202
0.0730576
0.139192
0.137184
0.0852878
0.106693
0.130405
0.113371
0.0651074
0.105255
0.0901747
0.081124
0.105302
0.0722416
0.137088
0.134792
0.136906
0.0779766
0.139417
0.137619
0.136395
0.0772657
0.0995162
0.183159
0.098861
0.0976236
0.0882221
0.130466
0.134801
0.0261985
0.125549
0.0685832
0.0111678
0.108902
0.0642926
0.13953
0.136075
0.0676647
0.127316
0.0274642
0.136607
0.0999214
0.138866
0.0957237
0.100891
0.136096
0.10009
0.137887
0.11234
0.0380981
0.139555
0.137364
0.0961562
0.138752
0.126225
0.0962282
0.0779551
0.0650925
0.100962
0.104349
0.111747
0.138639
0.0960719
0.101407
0.13996
0.0959705
0.13339
0.130474
0.114997
0.0393878
0.1384
0.0615871
0.138796
0.0435509
0.0379337
0.127517
0.13592
0.0967619
0.099836
0.139155
0.0418858
0.0334687
0.138893
0.104896
0.0756105
0.134782
0.114905
0.0505905
0.130608
0.0561759
0.129732
0.130893
0.117438
0.0885246
0.097503
0.101763
0.0991996
0.127472
0.0661258
0.119887
0.132863
0.0676784
0.127824
0.130256
0.0642319
0.136678
0.109057
0.109932
0.0732924
0.128368
0.0917109
0.0751298
0.101017
0.137265
0.0813225
0.0713315
0.139158
0.0969563
0.0428847
0.0583398
0.133394
0.0703971
0.0845593
0.0856195
0.139637
0.105301
0.139148
0.143671
0.084534
0.136861
0.0998181
0.137992
0.139985
0.130795
0.137322
0.129864
0.127871
0.0382371
0.138299
0.0839241
0.087652
0.111416
0.101417
0.131343
0.0702238
0.13024
0.136878
0.141495
0.0762635
0.214664
0.0989112
0.0994994
0.102753
0.121245
0.1387
0.15075
0.154878
0.0736542
0.127826
0.0822093
0.136998
0.123298
0.133856
0.0477963
0.126761
0.088751
0.106274
0.138498
0.12457
0.138582
0.232524
0.11806
0.137563
0.122632
0.127593
0.139416
0.139669
0.137417
0.0394422
0.138029
0.108905
0.0845399
0.0577774
0.126751
0.138329
0.135467
0.105248
0.139228
0.138536
0.131114
0.136548
0.0982162
0.124714
0.135902
0.124314
0.111838
0.0834671
0.128063
0.13675
0.140066
0.0977458
0.122419
0.115674
0.0926413
0.112611
0.102071
0.0744294
0.0503814
0.118241
0.135487
0.125627
0.0835834
0.130926
0.0287914
0.139459
0.0802807
0.137501
0.135535
0.141345
0.0911124
0.139369
0.0219144
0.135718
0.133568
0.137529
0.112923
0.104467
0.133213
0.138337
0.0423056
0.10717
0.102857
0.121417
0.128963
0.0393679
0.0731637
0.13943
0.0863864
0.0953273
0.0880832
0.0971811
0.123017
0.131775
0.0672886
0.0736095
0.138682
0.137481
0.0560949
0.0634651
0.136164
0.110375
0.134564
0.0764838
0.125447
0.101024
0.129222
0.0921972
0.064648
0.109023
0.100828
0.0756663
0.135757
0.134078
0.0692655
0.127677
0.144396
0.128555
0.139113
0.133638
0.0909982
0.0996862
0.102021
0.138977
0.10238
0.138872
0.0325567
0.0978956
0.120496
0.0577032
0.122817
0.100588
0.139442
0.137413
0.137016
0.11024
0.103832
0.0916407
0.0983402
0.128248
0.112828
0.11203
0.139084
0.111048
0.124852
0.088331
0.136006
0.102194
0.139607
0.0986393
0.135919
0.116829
0.0183563
0.0999159
0.114164
0.0743551
0.101071
0.0768053
0.0629232
0.0783108
0.0686458
0.134084
0.0614995
0.112325
0.135107
0.132856
0.127953
0.134532
0.205083
0.107603
0.037433
0.0592184
0.117587
0.0606415
0.0911445
0.136017
0.0211992
0.109153
0.135277
0.130387
0.109529
0.117652
0.0808237
0.138431
0.113318
0.0589025
0.122315
0.0969769
0.107079
0.139338
0.138106
0.039104
0.115134
0.0406441
0.139287
0.112185
0.137635
0.104758
0.0957858
0.0393029
0.0747909
0.0455856
0.116892
0.119013
0.106528
0.0967118
0.139613
0.136714
0.134726
0.0200791
0.0368578
0.107381
0.124784
0.0926847
0.109509
0.145648
0.110549
0.16215
0.139221
0.102033
0.137615
0.133889
0.0561857
0.13384
0.0509672
0.0710012
0.089701
0.0942676
0.138873
0.102517
0.105448
0.135711
0.113925
0.139049
0.0928915
0.13817
0.139153
0.118939
0.116141
0.138009
0.139398
0.137503
0.0266561
0.0963234
0.0958901
0.111487
0.0576606
0.0663665
0.105546
0.140966
0.107703
0.136645
0.139432
0.123543
0.121092
0.0957326
0.137759
0.103905
0.105462
0.125178
0.0849493
0.132156
0.322923
0.122735
0.132321
0.139241
0.13369
0.0896335
0.134334
0.100905
0.0604967
0.0109526
0.0944257
0.0564323
0.129628
0.131483
0.0957886
0.134736
0.148877
0.137568
0.100931
0.100967
0.104057
0.0797947
0.114341
0.11489
0.139015
0.163379
0.131635
0.0620363
0.198916
0.135369
0.139548
0.139162
0.0289306
0.105536
0.0827309
0.124641
0.0677729
0.136923
0.13267
0.0733837
0.0951639
0.139473
0.115247
0.131437
0.133078
0.136527
0.108035
0.134196
0.138846
0.150331
0.136686
0.100253
0.0768239
0.130401
0.136494
0.124385
0.0824604
0.107555
0.0901364
0.0626457
0.10699
0.137511
0.111851
0.135591
0.113694
0.138085
0.130462
0.0954226
0.132348
0.137458
0.0949798
0.142574
0.105342
0.107909
0.0573157
0.133943
0.102198
0.136603
0.139161
0.135981
0.101586
0.162796
0.113406
0.0963137
0.125326
0.14467
0.0350818
0.106158
0.132723
0.125838
0.107111
0.112709
0.130691
0.137249
0.140078
0.0215142
0.0339033
0.179775
0.132404
0.110219
0.140048
0.157812
0.0689213
0.135934
0.135637
0.144357
0.137745
0.139437
0.0566524
0.111388
0.12374
0.13268
0.140014
0.0226974
0.134548
0.13889
0.0893177
0.0806749
0.0548891
0.137942
0.131869
0.139066
0.136308
0.0757916
0.118366
0.121852
0.0566433
0.139234
0.0995875
0.0545835
0.122634
0.13998
0.132446
0.0948137
0.0463393
0.136707
0.0967404
0.126285
0.099751
0.112394
0.0816855
0.0996526
0.116503
0.133731
0.138471
0.136204
0.136936
0.107648
0.107848
0.1282
0.0646528
0.139721
0.0989234
0.13817
0.0627908
0.137942
0.136985
0.139934
0.0199483
0.112559
0.0822941
0.13728
0.0994585
0.108043
0.0173559
0.0785947
0.0662758
0.132997
0.120702
0.10011
0.102832
0.139042
0.138528
0.111962
0.0864887
0.0911759
0.133009
0.136547
0.0544601
0.124681
0.103208
0.140028
0.147819
0.138859
0.125264
0.0629728
0.152569
0.0831665
0.13947
0.120811
0.0276807
0.106874
0.120802
0.132985
0.112944
0.0601784
0.114672
0.0729517
0.0733601
0.0636802
0.0656253
0.0795985
0.0879311
0.118147
0.132974
0.139552
0.108216
0.137741
0.105413
)
;

boundaryField
{
    wings
    {
        type            fixedValue;
        value           uniform 0;
    }
    outlet
    {
        type            freestream;
        freestreamValue uniform 0.14;
        value           nonuniform List<scalar> 
20
(
0.135992
0.137105
0.13459
0.149105
0.207868
0.43124
0.136213
0.125059
0.128401
0.13649
0.145866
0.134054
0.332972
0.132104
0.360787
0.420242
0.132044
0.135679
0.126663
0.205083
)
;
    }
    tunnel
    {
        type            fixedValue;
        value           uniform 0;
    }
    inlet
    {
        type            freestream;
        freestreamValue uniform 0.14;
        value           uniform 0.14;
    }
    defaultFaces
    {
        type            empty;
    }
}


// ************************************************************************* //
