5.0 -33.0516857703
10.0 -14.3973826441
15.0 0.849751508475
20.0 1.84425994619
25.0 0.556841175
30.0 0.822232167373
35.0 1.00632864153
40.0 0.929702397458
45.0 0.955579847881
50.0 1.00852449831
55.0 1.0316237428
60.0 1.08194762288
65.0 1.11826877331
70.0 1.15103294068
75.0 1.18571773686
80.0 1.21240647712
85.0 1.23952046822
90.0 1.25798724195
95.0 1.27323402585
100.0 1.28261189576
105.0 1.29052360678
110.0 1.29434625805
115.0 1.29714302669
120.0 1.29854950975
125.0 1.29780566017
130.0 1.29705111314
135.0 1.29481098347
140.0 1.29295780847
145.0 1.29015621271
150.0 1.28807406398
155.0 1.28632180169
160.0 1.28469318008
165.0 1.28363400636
170.0 1.28307673093
175.0 1.2829947928
180.0 1.28381041441
185.0 1.28572023941
190.0 1.2880089178
195.0 1.29122066186
200.0 1.29555949619
205.0 1.30025650424
210.0 1.30585897839
215.0 1.31239375169
220.0 1.31962123517
225.0 1.32680489504
230.0 1.3368755925
235.0 1.34591292174
240.0 1.35631575873
245.0 1.3679870197
250.0 1.37929385271
255.0 1.39122056979
260.0 1.40460955763
265.0 1.41747402161
270.0 1.4326061964
275.0 1.44536089788
280.0 1.46300211233
285.0 1.47595974449
290.0 1.49110702911
295.0 1.50590909665
300.0 1.52089649479
305.0 1.53523797403
310.0 1.54897721886
315.0 1.5621831128
320.0 1.57442304352
325.0 1.58572529606
330.0 1.59581198335
335.0 1.60352051576
340.0 1.61220306907
345.0 1.61825565907
350.0 1.62210049767
355.0 1.62439150411
360.0 1.62492446513
365.0 1.62317124987
370.0 1.62028390784
375.0 1.61419081419
380.0 1.60649030233
385.0 1.59751176377
390.0 1.58502399572
395.0 1.57156677343
400.0 1.55658361614
405.0 1.53802381814
410.0 1.51923692034
415.0 1.4992944003
420.0 1.47540916076
425.0 1.45211765449
430.0 1.42802573284
435.0 1.39978573347
440.0 1.37288323004
445.0 1.34541794508
450.0 1.31532433665
455.0 1.28382516809
460.0 1.25250560436
465.0 1.22142380089
470.0 1.19001013081
475.0 1.16055522271
480.0 1.12746746525
485.0 1.0966983339
490.0 1.06481338263
495.0 1.03346767966
500.0 1.00575689492
505.0 0.978332023305
510.0 0.948523036441
515.0 0.920152956356
520.0 0.898333715678
525.0 0.872602691525
530.0 0.851283060593
535.0 0.830049732203
540.0 0.810193778814
545.0 0.792245522458
550.0 0.775888627119
555.0 0.760985700424
560.0 0.747442013983
565.0 0.735259135169
570.0 0.724701245763
575.0 0.716527856356
580.0 0.707513423305
585.0 0.699564929237
590.0 0.693439625847
595.0 0.689452411864
600.0 0.684983005932
605.0 0.682721910169
610.0 0.680838810169
615.0 0.680412510593
620.0 0.680527205085
625.0 0.681369980932
630.0 0.683954922881
635.0 0.686538268644
640.0 0.689552548729
645.0 0.694095794068
650.0 0.700151248305
655.0 0.70676556822
660.0 0.712328322034
665.0 0.719781545763
670.0 0.728153538136
675.0 0.736716655508
680.0 0.745933406356
685.0 0.755730209746
690.0 0.765788950424
695.0 0.776148085169
700.0 0.788230213559
705.0 0.799062486864
710.0 0.810759384746
715.0 0.823519535169
720.0 0.837405957203
725.0 0.849849147458
730.0 0.862276747458
735.0 0.876699642373
740.0 0.889632572881
745.0 0.903432657627
750.0 0.917761102119
755.0 0.930826935593
760.0 0.945236245763
765.0 0.959540190254
770.0 0.973451589407
775.0 0.986847272034
780.0 1.00064361525
785.0 1.01430296356
790.0 1.02766717966
795.0 1.04089181525
800.0 1.05459968941
805.0 1.06556787373
810.0 1.07847907712
815.0 1.09210864492
820.0 1.10387347754
825.0 1.11643637458
830.0 1.12861415169
835.0 1.1404717572
840.0 1.15213705085
845.0 1.16366139873
850.0 1.17502476737
855.0 1.18623953051
860.0 1.19725811102
865.0 1.20812253941
870.0 1.21876872373
875.0 1.22928358008
880.0 1.23946368305
885.0 1.24961066949
890.0 1.25927757924
895.0 1.26889054576
900.0 1.27690222797
905.0 1.28670736695
910.0 1.29446883814
915.0 1.30334873517
920.0 1.31065736822
925.0 1.3175449911
930.0 1.32441289873
935.0 1.3298547986
940.0 1.3348858028
945.0 1.33875386864
950.0 1.34176064229
955.0 1.34466777597
960.0 1.34659543703
965.0 1.34699058559
970.0 1.34645739542
975.0 1.34539782669
980.0 1.34278666161
985.0 1.33926104814
990.0 1.33467403021
995.0 1.32937545114
1000.0 1.32230446131
1005.0 1.31481858398
1010.0 1.3064568114
1015.0 1.29628782136
1020.0 1.28593664301
1025.0 1.27508628373
1030.0 1.26210502331
1035.0 1.24952089195
1040.0 1.23651088856
1045.0 1.22138074407
1050.0 1.20701635424
1055.0 1.19147462797
1060.0 1.1774906411
1065.0 1.15973703093
1070.0 1.14479932627
1075.0 1.12872936483
1080.0 1.11158842797
1085.0 1.09481871356
1090.0 1.08000360042
1095.0 1.06439199915
1100.0 1.04833035551
1105.0 1.03234391737
1110.0 1.01683932246
1115.0 1.00081723729
1120.0 0.984663890678
1125.0 0.972714433475
1130.0 0.958926513136
1135.0 0.944545909746
1140.0 0.932322327542
1145.0 0.919902286441
1150.0 0.908323272881
1155.0 0.897663011017
1160.0 0.887681961017
1165.0 0.878377588136
1170.0 0.869760752542
1175.0 0.861873973305
1180.0 0.854743975
1185.0 0.848506746186
1190.0 0.843594977966
1195.0 0.838240899153
1200.0 0.833502531356
1205.0 0.829831101271
1210.0 0.827467861441
1215.0 0.824851691102
1220.0 0.82361652839
1225.0 0.822647116102
1230.0 0.822604560593
1235.0 0.822855236864
1240.0 0.824122136864
1245.0 0.825524665678
1250.0 0.827185877542
1255.0 0.82998952839
1260.0 0.833669062288
1265.0 0.837025287712
1270.0 0.840958412712
1275.0 0.845683060169
1280.0 0.850635725847
1285.0 0.856027817373
1290.0 0.861767283475
1295.0 0.868028474576
1300.0 0.874574884746
1305.0 0.881693586441
1310.0 0.889074973305
1315.0 0.895504596186
1320.0 0.90314097839
1325.0 0.911354800424
1330.0 0.920236647458
1335.0 0.928191233898
1340.0 0.936799040254
1345.0 0.944633780508
1350.0 0.954558567797
1355.0 0.962911488136
1360.0 0.971204003814
1365.0 0.980945011864
1370.0 0.990908194068
1375.0 1.00003844364
1380.0 1.00897643898
1385.0 1.01830858644
1390.0 1.02765015636
1395.0 1.03682139449
1400.0 1.04591480085
1405.0 1.05556487754
1410.0 1.06352145169
1415.0 1.07236224915
1420.0 1.08097813983
1425.0 1.08979554788
1430.0 1.09866985466
1435.0 1.10702061314
1440.0 1.11512570805
1445.0 1.12312248051
1450.0 1.13093837669
1455.0 1.13855778729
1460.0 1.14591789407
1465.0 1.15303403178
1470.0 1.15987091568
1475.0 1.16643837881
1480.0 1.1726918089
1485.0 1.17863511441
1490.0 1.18422918814
1495.0 1.18946904237
1500.0 1.19415921356
1505.0 1.19859555932
1510.0 1.20290544492
1515.0 1.20681536864
1520.0 1.20901497203
1525.0 1.21208518941
1530.0 1.21475142458
1535.0 1.21562151737
1540.0 1.21693997669
1545.0 1.21777869746
1550.0 1.21756178305
1555.0 1.21695912203
1560.0 1.21612141441
1565.0 1.21426709831
1570.0 1.21210321483
1575.0 1.20915912669
1580.0 1.20580250678
1585.0 1.20203768898
1590.0 1.19729086144
1595.0 1.19240706017
1600.0 1.18714418814
1605.0 1.18078208178
1610.0 1.17446214576
1615.0 1.16786922754
1620.0 1.16009520593
1625.0 1.1526258
1630.0 1.14497316059
1635.0 1.13610738093
1640.0 1.12801901695
1645.0 1.11918407627
1650.0 1.10979136398
1655.0 1.10042799534
1660.0 1.09158661356
1665.0 1.08216051441
1670.0 1.07208570339
1675.0 1.06379072203
1680.0 1.05488302669
1685.0 1.04546492712
1690.0 1.03608374831
1695.0 1.02702274322
1700.0 1.01762114873
1705.0 1.00855883941
1710.0 0.999897117797
1715.0 0.992603117797
1720.0 0.983805003814
1725.0 0.976542966949
1730.0 0.969195047034
1735.0 0.962052720339
1740.0 0.955339394492
1745.0 0.949034248729
1750.0 0.943114063559
1755.0 0.937574141949
1760.0 0.932418764831
1765.0 0.927683916102
1770.0 0.923340426695
1775.0 0.919419238559
1780.0 0.915809021186
1785.0 0.912594219915
1790.0 0.910346764407
1795.0 0.908096078814
1800.0 0.906063594492
1805.0 0.904903900424
1810.0 0.903952409746
1815.0 0.903231873305
1820.0 0.903035412712
1825.0 0.903262849576
1830.0 0.903908035169
1835.0 0.90455195
1840.0 0.905897338559
1845.0 0.907885070763
1850.0 0.909819549576
1855.0 0.911953591525
1860.0 0.914856994915
1865.0 0.917951788983
1870.0 0.921065947881
1875.0 0.924301150847
1880.0 0.928386612712
1885.0 0.932095205085
1890.0 0.936489247881
1895.0 0.941381383475
1900.0 0.945981776695
1905.0 0.950203608051
1910.0 0.955645997034
1915.0 0.960892800847
1920.0 0.966047436441
1925.0 0.971664934746
1930.0 0.977450853814
1935.0 0.983294930932
1940.0 0.989131950847
1945.0 0.994692410169
1950.0 1.00059875297
1955.0 1.00691745085
1960.0 1.01300874407
1965.0 1.0191115339
1970.0 1.02533815847
1975.0 1.03140206186
1980.0 1.03738262373
1985.0 1.04341987839
1990.0 1.04832888856
1995.0 1.05451788093
2000.0 1.06137480763
2005.0 1.06654763517
2010.0 1.07231681949
2015.0 1.07765483517
2020.0 1.08288069492
2025.0 1.0881512428
2030.0 1.09326594958
2035.0 1.09819735381
2040.0 1.10292120169
2045.0 1.10746765508
2050.0 1.11180865
2055.0 1.11595358347
2060.0 1.11986295212
2065.0 1.12354996907
2070.0 1.12697597627
2075.0 1.13016435847
2080.0 1.13297433983
2085.0 1.13530346271
2090.0 1.13782744619
2095.0 1.14009939237
2100.0 1.14190688686
2105.0 1.14330849576
2110.0 1.14442359025
2115.0 1.14535395424
2120.0 1.14564703432
2125.0 1.14571299492
2130.0 1.14558945127
2135.0 1.14525743263
2140.0 1.14430796568
2145.0 1.14300897585
2150.0 1.14147049534
2155.0 1.13964514788
2160.0 1.13746169322
2165.0 1.13525153983
2170.0 1.13226969788
2175.0 1.1291082661
2180.0 1.12588784915
2185.0 1.12242633771
2190.0 1.11794191398
2195.0 1.11395798559
2200.0 1.10995787839
2205.0 1.10507310763
2210.0 1.10034382331
2215.0 1.09528749915
2220.0 1.0901642339
2225.0 1.08490972458
2230.0 1.08011580212
2235.0 1.07399490805
2240.0 1.06836007034
2245.0 1.06308979492
2250.0 1.05794625593
2255.0 1.05202581864
2260.0 1.04649526864
2265.0 1.04106834025
2270.0 1.03555039153
2275.0 1.03006364873
2280.0 1.02507827585
2285.0 1.01943981441
2290.0 1.0135290161
2295.0 1.0091046
2300.0 1.00407773983
2305.0 0.999483070763
2310.0 0.995054210593
2315.0 0.990687201271
2320.0 0.98650425678
2325.0 0.982550141102
2330.0 0.97882374661
2335.0 0.975324094915
2340.0 0.972048359746
2345.0 0.969007872881
2350.0 0.966211222034
2355.0 0.963665525
2360.0 0.961432312288
2365.0 0.959502194915
2370.0 0.95771931822
2375.0 0.955971337288
2380.0 0.954861686017
2385.0 0.953902614831
2390.0 0.952926815678
2395.0 0.952543111441
2400.0 0.952218099576
2405.0 0.952289042373
2410.0 0.952549998729
2415.0 0.953039096186
2420.0 0.953522507203
2425.0 0.954581939407
2430.0 0.955935166525
2435.0 0.957202576695
2440.0 0.958792219492
2445.0 0.96059559322
2450.0 0.962449150847
2455.0 0.96460967161
2460.0 0.967041528814
2465.0 0.969555342797
2470.0 0.972330771186
2475.0 0.975258866525
2480.0 0.978040519492
2485.0 0.981042240254
2490.0 0.984292396186
2495.0 0.987863007203
2500.0 0.991176541525
2505.0 0.994773238136
2510.0 0.998025139831
2515.0 1.00215848347
2520.0 1.005658875
2525.0 1.00915508771
2530.0 1.01326328729
2535.0 1.01748548644
2540.0 1.02135230508
2545.0 1.02513731144
2550.0 1.02909196356
2555.0 1.03305924237
2560.0 1.03693642415
2565.0 1.04077620593
2570.0 1.04477079873
2575.0 1.04792371653
2580.0 1.05167339958
2585.0 1.0556415661
2590.0 1.05905603983
2595.0 1.06264577076
2600.0 1.06609111441
2605.0 1.06941381356
2610.0 1.07268193644
2615.0 1.0756570572
2620.0 1.07855429831
2625.0 1.0813860572
2630.0 1.08407890805
2635.0 1.08662363475
2640.0 1.0889963911
2645.0 1.09121761949
2650.0 1.09326347627
2655.0 1.09509211483
2660.0 1.09676910212
2665.0 1.09839578559
2670.0 1.09984456144
2675.0 1.10073797076
2680.0 1.10163223771
2685.0 1.10242027458
2690.0 1.10302019915
2695.0 1.10334905593
2700.0 1.10344190636
2705.0 1.10345816695
2710.0 1.10311638559
2715.0 1.10248958051
2720.0 1.10187760508
2725.0 1.10107800424
2730.0 1.0999682428
2735.0 1.09861412712
2740.0 1.0972002678
2745.0 1.09558566144
2750.0 1.09355964576
2755.0 1.0917396911
2760.0 1.08958413941
2765.0 1.08709779237
2770.0 1.08476445127
2775.0 1.08211726356
2780.0 1.07941756271
2785.0 1.07662903686
2790.0 1.07347021398
2795.0 1.07062046568
2800.0 1.06747966356
2805.0 1.06413945466
2810.0 1.06079126864
2815.0 1.05750514915
2820.0 1.05417713686
2825.0 1.05104596992
2830.0 1.04748183178
2835.0 1.04413149958
2840.0 1.0406265839
2845.0 1.03713465508
2850.0 1.03382079322
2855.0 1.03070340847
2860.0 1.02753951653
2865.0 1.02410685508
2870.0 1.02075442415
2875.0 1.01805824153
2880.0 1.01483252161
2885.0 1.01211309958
2890.0 1.0093192322
2895.0 1.00659522627
2900.0 1.00402688093
2905.0 1.00160680169
2910.0 0.999313579237
2915.0 0.997152113983
2920.0 0.995125139407
2925.0 0.993246463559
2930.0 0.991516267797
2935.0 0.989941588559
2940.0 0.988428533475
2945.0 0.987320994492
2950.0 0.986272976271
2955.0 0.985184311441
2960.0 0.984471673305
2965.0 0.983882374576
2970.0 0.983264473305
2975.0 0.983041492797
2980.0 0.982896684746
2985.0 0.982815950847
2990.0 0.983131087288
2995.0 0.983339106356
3000.0 0.983722780932
3005.0 0.984481022458
3010.0 0.985238174153
3015.0 0.986008116525
3020.0 0.987042644068
3025.0 0.988289065254
3030.0 0.98943822161
3035.0 0.990818349576
3040.0 0.992394838983
3045.0 0.993970924153
3050.0 0.99566925
3055.0 0.997661211017
3060.0 0.999527513136
3065.0 1.00141542839
3070.0 1.00347090169
3075.0 1.00576745127
3080.0 1.00789850508
3085.0 1.01021173008
3090.0 1.01229378008
3095.0 1.01494569619
3100.0 1.01736218644
3105.0 1.01953581695
3110.0 1.02210325424
3115.0 1.02471934788
3120.0 1.02723263517
3125.0 1.02979667712
3130.0 1.03229349746
3135.0 1.03477453644
3140.0 1.03725106017
3145.0 1.03973551356
3150.0 1.04193027203
3155.0 1.04435838729
3160.0 1.04688280212
3165.0 1.04897360169
3170.0 1.05125859492
3175.0 1.05367944661
3180.0 1.05560252034
3185.0 1.05763051568
3190.0 1.05964251186
3195.0 1.06156873263
3200.0 1.06337894831
3205.0 1.0650987161
3210.0 1.06671772627
3215.0 1.06825093898
3220.0 1.06967406398
3225.0 1.07099612881
3230.0 1.07220047288
3235.0 1.07332746949
3240.0 1.07436471822
3245.0 1.07513224958
3250.0 1.07587610636
3255.0 1.07648117458
3260.0 1.07702740593
3265.0 1.07718486229
3270.0 1.07753429025
3275.0 1.07768433051
3280.0 1.07756582203
3285.0 1.07750846186
3290.0 1.07720201483
3295.0 1.07674152797
3300.0 1.07622473178
3305.0 1.07559412797
3310.0 1.07483392415
3315.0 1.07398999788
3320.0 1.0729287572
3325.0 1.07190415
3330.0 1.07070924831
3335.0 1.06930903178
3340.0 1.06785931314
3345.0 1.06647164788
3350.0 1.06494081907
3355.0 1.06325850763
3360.0 1.06140423263
3365.0 1.05968153051
3370.0 1.05778474322
3375.0 1.05606148347
3380.0 1.05386118136
3385.0 1.05200518729
3390.0 1.04999334492
3395.0 1.04784402966
3400.0 1.04570963644
3405.0 1.04380601229
3410.0 1.04177706314
3415.0 1.03954287331
3420.0 1.03743209661
3425.0 1.0354021072
3430.0 1.03348536441
3435.0 1.03129179576
3440.0 1.02901995466
3445.0 1.02737428178
3450.0 1.02546982458
3455.0 1.02345043517
3460.0 1.02168668856
3465.0 1.01986436992
3470.0 1.01813668475
3475.0 1.01651781483
3480.0 1.01496688602
3485.0 1.01348961441
3490.0 1.01208452712
3495.0 1.01076751356
3500.0 1.00953582458
3505.0 1.00839730339
3510.0 1.00734792415
3515.0 1.00639426271
3520.0 1.00546577076
3525.0 1.00472367034
3530.0 1.00412962076
3535.0 1.00357749576
3540.0 1.00308061992
3545.0 1.00275022881
3550.0 1.00245562119
3555.0 1.00226860975
3560.0 1.00229784788
3565.0 1.00223896949
3570.0 1.002434475
3575.0 1.00269900169
3580.0 1.00289806949
3585.0 1.00337167585
3590.0 1.00392975466
3595.0 1.00448993644
3600.0 1.00516978941
3605.0 1.00594154661
3610.0 1.00673255593
3615.0 1.00770530551
3620.0 1.00860407415
3625.0 1.00969306314
3630.0 1.0109072161
3635.0 1.01195351992
3640.0 1.0132033911
3645.0 1.01449049237
3650.0 1.01580106653
3655.0 1.01726962585
3660.0 1.01853792542
3665.0 1.02014005381
3670.0 1.02153471102
3675.0 1.02304072797
3680.0 1.02463673898
3685.0 1.02628646864
3690.0 1.02766558347
3695.0 1.02917765254
3700.0 1.03087842839
3705.0 1.03249646695
3710.0 1.03404473475
3715.0 1.03561873517
3720.0 1.03708990593
3725.0 1.03875671822
3730.0 1.04050544025
3735.0 1.04184215847
3740.0 1.0432701161
3745.0 1.04479368686
3750.0 1.04604873814
3755.0 1.04745406483
3760.0 1.04885103178
3765.0 1.05013470636
3770.0 1.05133289915
3775.0 1.05248982542
3780.0 1.05359135
3785.0 1.05464312669
3790.0 1.05562297076
3795.0 1.05654077373
3800.0 1.05738367373
3805.0 1.05816283136
3810.0 1.05890352161
3815.0 1.05939148814
3820.0 1.05998122839
3825.0 1.06057883263
3830.0 1.06095280127
3835.0 1.06125072119
3840.0 1.06149533602
3845.0 1.06159781441
3850.0 1.06175585975
3855.0 1.06172982712
3860.0 1.06162210975
3865.0 1.06153280593
3870.0 1.06127155932
3875.0 1.06093724407
3880.0 1.06057164407
3885.0 1.06010711398
3890.0 1.05956767458
3895.0 1.05904031822
3900.0 1.05833083941
3905.0 1.05757838093
3910.0 1.05681583178
3915.0 1.0559708822
3920.0 1.05503280254
3925.0 1.05401657331
3930.0 1.0530326339
3935.0 1.05201715424
3940.0 1.05083566398
3945.0 1.04972688093
3950.0 1.04851649364
3955.0 1.04743729153
3960.0 1.04605564322
3965.0 1.04479798729
3970.0 1.04366331229
3975.0 1.04232721271
3980.0 1.04096028136
3985.0 1.039652525
3990.0 1.03837581102
3995.0 1.03705954831
4000.0 1.03574170636
4005.0 1.03445847627
4010.0 1.03318511059
4015.0 1.03186924576
4020.0 1.03083783008
4025.0 1.02961391822
4030.0 1.02832276186
4035.0 1.02722090297
4040.0 1.02607001949
4045.0 1.02497750932
4050.0 1.0239402178
4055.0 1.02295240551
4060.0 1.02200202034
4065.0 1.02110239195
4070.0 1.02024824449
4075.0 1.01945248686
4080.0 1.01870772203
4085.0 1.01802262331
4090.0 1.01739233347
4095.0 1.01689035805
4100.0 1.01632624746
4105.0 1.01584088051
4110.0 1.01549379576
4115.0 1.01516740551
4120.0 1.01488015805
4125.0 1.0146864839
4130.0 1.01459847076
4135.0 1.01446634322
4140.0 1.01449028178
4145.0 1.0145378911
4150.0 1.01460855932
4155.0 1.01484566949
4160.0 1.01506682881
4165.0 1.01531039873
4170.0 1.01567658093
4175.0 1.01609565212
4180.0 1.01651319576
4185.0 1.01704549831
4190.0 1.01755507542
4195.0 1.01817009407
4200.0 1.01886916229
4205.0 1.01951772797
4210.0 1.0201550161
4215.0 1.02101807076
4220.0 1.02179610466
4225.0 1.02256558602
4230.0 1.02347801314
4235.0 1.02429374237
4240.0 1.02529563814
4245.0 1.0261656589
4250.0 1.02710616483
4255.0 1.02811479788
4260.0 1.02915280847
4265.0 1.03002037415
4270.0 1.03103765763
4275.0 1.03209720636
4280.0 1.0331145178
4285.0 1.03410671398
4290.0 1.03508845127
4295.0 1.03609379703
4300.0 1.03702723771
4305.0 1.03796860551
4310.0 1.03904696864
4315.0 1.03996926059
4320.0 1.04084168347
4325.0 1.0417576089
4330.0 1.04260501398
4335.0 1.04350143178
4340.0 1.04427635297
4345.0 1.04502782542
4350.0 1.04577093771
4355.0 1.04649144153
4360.0 1.04716290466
4365.0 1.04779522966
4370.0 1.0483793589
4375.0 1.04892688856
4380.0 1.04942537203
4385.0 1.04986987966
4390.0 1.05027084788
4395.0 1.05066020466
4400.0 1.05098780763
4405.0 1.05121439534
4410.0 1.05144870381
4415.0 1.05157903517
4420.0 1.05171412542
4425.0 1.05180242542
4430.0 1.05177177712
4435.0 1.0517587411
4440.0 1.05169452246
4445.0 1.05152845085
4450.0 1.05134595169
4455.0 1.05114166229
4460.0 1.05084340678
4465.0 1.05053523729
4470.0 1.05018266864
4475.0 1.04975069407
4480.0 1.04928323093
4485.0 1.04886474831
4490.0 1.04831585297
4495.0 1.04770366186
4500.0 1.04717631864
4505.0 1.04654965636
4510.0 1.0458917411
4515.0 1.04522180169
4520.0 1.04447272966
4525.0 1.04380104449
4530.0 1.04305616144
4535.0 1.04226451186
4540.0 1.04146746695
4545.0 1.04071858051
4550.0 1.03991768093
4555.0 1.03907850466
4560.0 1.03833012119
4565.0 1.0375460072
4570.0 1.03673404153
4575.0 1.03586177415
4580.0 1.03512225297
4585.0 1.03428429576
4590.0 1.03339010381
4595.0 1.03272969195
4600.0 1.0319715178
4605.0 1.03111619068
4610.0 1.03044065551
4615.0 1.02975059492
4620.0 1.02900134153
4625.0 1.0284015572
4630.0 1.02776969915
4635.0 1.02715171822
4640.0 1.02656565127
4645.0 1.02602143093
4650.0 1.02550743136
4655.0 1.02503019746
4660.0 1.02458149153
4665.0 1.02417209619
4670.0 1.02384207839
4675.0 1.02347213814
4680.0 1.023132425
4685.0 1.02287609068
4690.0 1.02270295297
4695.0 1.02251235254
4700.0 1.02235409958
4705.0 1.02225846949
4710.0 1.02218629153
4715.0 1.02217165254
4720.0 1.0221791928
4725.0 1.02222859661
4730.0 1.02233492415
4735.0 1.02246065381
4740.0 1.02261153305
4745.0 1.02282885042
4750.0 1.0230632589
4755.0 1.02331495551
4760.0 1.023640525
4765.0 1.02394990085
4770.0 1.02430561186
4775.0 1.02473241695
4780.0 1.02516275169
4785.0 1.02557816441
4790.0 1.02602846907
4795.0 1.02652698008
4800.0 1.02707478475
4805.0 1.02759113347
4810.0 1.02814533771
4815.0 1.02871681017
4820.0 1.02930155805
4825.0 1.02983281144
4830.0 1.03047521864
4835.0 1.03112302585
4840.0 1.03173791864
4845.0 1.03230905339
4850.0 1.03296379703
4855.0 1.03359172881
4860.0 1.03421047246
4865.0 1.03484307839
4870.0 1.03547073008
4875.0 1.03604825805
4880.0 1.03670388093
4885.0 1.03740344407
4890.0 1.03792304619
4895.0 1.03848997881
4900.0 1.03908499915
4905.0 1.0396337
4910.0 1.04019311822
4915.0 1.04068502288
4920.0 1.04115755847
4925.0 1.04163800424
4930.0 1.04209356864
4935.0 1.04252695636
4940.0 1.04292613856
4945.0 1.04330398898
4950.0 1.04365102203
4955.0 1.04397587373
4960.0 1.04426821186
4965.0 1.04454260169
4970.0 1.04479337627
4975.0 1.04498806949
4980.0 1.04512693898
4985.0 1.0452707411
4990.0 1.04541295593
4995.0 1.04546095508
5000.0 1.04552050085
5005.0 1.04555191992
5010.0 1.04550803771
5015.0 1.04548390805
5020.0 1.04541835508
5025.0 1.04528824915
5030.0 1.0451535911
5035.0 1.04501707797
5040.0 1.04481202966
5045.0 1.04458013729
5050.0 1.04434750381
5055.0 1.04409437542
5060.0 1.04377356059
5065.0 1.04343437754
5070.0 1.04311182712
5075.0 1.04276497331
5080.0 1.04235594237
5085.0 1.04197006949
5090.0 1.04157244195
5095.0 1.04113187415
5100.0 1.04066895805
5105.0 1.04020293517
5110.0 1.039728975
5115.0 1.03927944873
5120.0 1.03879232669
5125.0 1.03827413644
5130.0 1.03776623008
5135.0 1.03726073136
5140.0 1.03676085975
5145.0 1.03624771992
5150.0 1.03573342966
5155.0 1.03523426398
5160.0 1.03473352585
5165.0 1.03421698263
5170.0 1.03380988686
5175.0 1.0333268178
5180.0 1.0327714161
5185.0 1.03235615042
5190.0 1.03191982288
5195.0 1.03145329237
5200.0 1.03104663856
5205.0 1.03066402034
5210.0 1.03027771907
5215.0 1.02990825381
5220.0 1.02955459831
5225.0 1.02922795042
5230.0 1.02891880847
5235.0 1.02863455805
5240.0 1.02836781441
5245.0 1.02812723517
5250.0 1.02789187669
5255.0 1.027743275
5260.0 1.02756091483
5265.0 1.02739794068
5270.0 1.02726179703
5275.0 1.02718190593
5280.0 1.02709707203
5285.0 1.02704645466
5290.0 1.02703792119
5295.0 1.02701531186
5300.0 1.02705639364
5305.0 1.02710838644
5310.0 1.02715671441
5315.0 1.02726214025
5320.0 1.02738931144
5325.0 1.02751934831
5330.0 1.0276719839
5335.0 1.02787493729
5340.0 1.02806150339
5345.0 1.02827127203
5350.0 1.02851550212
5355.0 1.0287791161
5360.0 1.02906363008
5365.0 1.02934507161
5370.0 1.02963809153
5375.0 1.02997803644
5380.0 1.03028845636
5385.0 1.03063012161
5390.0 1.03099480551
5395.0 1.03136700212
5400.0 1.03171814661
5405.0 1.03209714576
5410.0 1.03250932712
5415.0 1.03285359492
5420.0 1.03325180847
5425.0 1.03367024364
5430.0 1.03406846992
5435.0 1.03446318559
5440.0 1.03484786144
5445.0 1.0352485161
5450.0 1.0356154
5455.0 1.03599021017
5460.0 1.03641980975
5465.0 1.03674631271
5470.0 1.0371068411
5475.0 1.03748842627
5480.0 1.03784216949
5485.0 1.03815637415
5490.0 1.03849146483
5495.0 1.03881498093
5500.0 1.0391140428
5505.0 1.03939940975
5510.0 1.03966625339
5515.0 1.03992363814
5520.0 1.04016207415
5525.0 1.04038681229
5530.0 1.04059048263
5535.0 1.04077960636
5540.0 1.04094045805
5545.0 1.04107574492
5550.0 1.0412213161
5555.0 1.0413468322
5560.0 1.04143178729
5565.0 1.04149837754
5570.0 1.04157652119
5575.0 1.04158503729
5580.0 1.04161866186
5585.0 1.04161612669
5590.0 1.04157811737
5595.0 1.0415488589
5600.0 1.04148200424
5605.0 1.04140398983
5610.0 1.04131422373
5615.0 1.04120227966
5620.0 1.04105570593
5625.0 1.0409030589
5630.0 1.04075942288
5635.0 1.04057030593
5640.0 1.04037325381
5645.0 1.04016970424
5650.0 1.03993491441
5655.0 1.03971057797
5660.0 1.03945500169
5665.0 1.03922598093
5670.0 1.03892673814
5675.0 1.03866973178
5680.0 1.03838953814
5685.0 1.038086325
5690.0 1.03780230042
5695.0 1.03749314153
5700.0 1.03717435508
5705.0 1.03686179237
5710.0 1.03657307924
5715.0 1.03626686271
5720.0 1.03595102076
5725.0 1.03563166102
5730.0 1.03531750805
5735.0 1.03498882119
5740.0 1.03466449492
5745.0 1.03435699364
5750.0 1.03409114153
5755.0 1.03376372415
5760.0 1.03347626483
5765.0 1.03320986907
5770.0 1.03293681992
5775.0 1.03266449915
5780.0 1.03241603432
5785.0 1.03218016271
5790.0 1.03194696229
5795.0 1.0317255089
5800.0 1.03151393093
5805.0 1.0313200339
5810.0 1.03113643644
5815.0 1.03096882627
5820.0 1.03081236441
5825.0 1.03067189025
5830.0 1.0305396
5835.0 1.03042287373
5840.0 1.03035712627
5845.0 1.03026330381
5850.0 1.03017512203
5855.0 1.03014996059
5860.0 1.03010163305
5865.0 1.03008708814
5870.0 1.03008284703
5875.0 1.03008485508
5880.0 1.03012173856
5885.0 1.03015766441
5890.0 1.03021152161
5895.0 1.03028602924
5900.0 1.03036278983
5905.0 1.03045554195
5910.0 1.03056791907
5915.0 1.03069713263
5920.0 1.03082478517
5925.0 1.03096376653
5930.0 1.03113042246
5935.0 1.03128510169
5940.0 1.03147889661
5945.0 1.03165647542
5950.0 1.03184859322
5955.0 1.03206305508
5960.0 1.03227976568
5965.0 1.03249805551
5970.0 1.03271986737
5975.0 1.03293478093
5980.0 1.03317821525
5985.0 1.03342746314
5990.0 1.03366921398
5995.0 1.03390957331
6000.0 1.03415811314
6005.0 1.03439127669
6010.0 1.0346419411
6015.0 1.03489799237
6020.0 1.03516603432
6025.0 1.03535301949
6030.0 1.03560115
6035.0 1.03589110381
6040.0 1.03609897839
6045.0 1.03632240551
6050.0 1.03655443136
6055.0 1.03677065127
6060.0 1.03699335169
6065.0 1.03718668432
6070.0 1.03737378517
6075.0 1.03756583941
6080.0 1.03774911864
6085.0 1.03792251992
6090.0 1.03808163644
6095.0 1.03823214534
6100.0 1.03837260593
6105.0 1.03850445847
6110.0 1.03862371949
6115.0 1.03871869364
6120.0 1.03882649915
6125.0 1.038924
6130.0 1.03897924958
6135.0 1.03903944534
6140.0 1.03909976059
6145.0 1.03913282331
6150.0 1.03916049364
6155.0 1.03916938517
6160.0 1.03916907373
6165.0 1.03915972542
6170.0 1.03912888814
6175.0 1.03910045508
6180.0 1.03905646144
6185.0 1.03899199407
6190.0 1.03892595
6195.0 1.03884705636
6200.0 1.03875599449
6205.0 1.03865420339
6210.0 1.03855761525
6215.0 1.03842487458
6220.0 1.03830538941
6225.0 1.03817348093
6230.0 1.03802177585
6235.0 1.03786612415
6240.0 1.03771059195
6245.0 1.03754729831
6250.0 1.03738751568
6255.0 1.03720641398
6260.0 1.03701907712
6265.0 1.03683457458
6270.0 1.03666205805
6275.0 1.03647627542
6280.0 1.03628341102
6285.0 1.03607601102
6290.0 1.03589754703
6295.0 1.03569141144
6300.0 1.03547819619
6305.0 1.03528010847
6310.0 1.03511222924
6315.0 1.03490735805
6320.0 1.0346988
6325.0 1.03453630212
6330.0 1.03433621737
6335.0 1.03416863686
6340.0 1.03398974068
6345.0 1.03381623051
6350.0 1.03366149068
6355.0 1.0334943411
6360.0 1.0333357928
6365.0 1.0331911072
6370.0 1.03305459958
6375.0 1.03292475212
6380.0 1.03279884619
6385.0 1.0326821428
6390.0 1.03257404322
6395.0 1.03247641822
6400.0 1.03238612542
6405.0 1.03230969831
6410.0 1.03223721398
6415.0 1.03216164746
6420.0 1.0321162928
6425.0 1.03207929831
6430.0 1.03203607881
6435.0 1.032013925
6440.0 1.03200461653
6445.0 1.03198926102
6450.0 1.0320036928
6455.0 1.03200741737
6460.0 1.03203203602
6465.0 1.03206628263
6470.0 1.03210574492
6475.0 1.03215441356
6480.0 1.03221041525
6485.0 1.03227858941
6490.0 1.03235579153
6495.0 1.0324358428
6500.0 1.03251644915
6505.0 1.03262575085
6510.0 1.03272713178
6515.0 1.03282415763
6520.0 1.03294461822
6525.0 1.03307216398
6530.0 1.03319729703
6535.0 1.03331765
6540.0 1.03345719958
6545.0 1.03360298559
6550.0 1.03374593432
6555.0 1.03389469449
6560.0 1.03404188771
6565.0 1.03418514619
6570.0 1.03434887203
6575.0 1.03450145805
6580.0 1.03464315466
6585.0 1.03480506737
6590.0 1.03494634407
6595.0 1.03510614153
6600.0 1.03526691144
6605.0 1.03539747246
6610.0 1.03556544831
6615.0 1.03570999153
6620.0 1.03585466186
6625.0 1.03598479746
6630.0 1.036118025
6635.0 1.03626807415
6640.0 1.0363809589
6645.0 1.03650346144
6650.0 1.03662693559
6655.0 1.03674307712
6660.0 1.03684917288
6665.0 1.03694835932
6670.0 1.03704427881
6675.0 1.03713498305
6680.0 1.0372186072
6685.0 1.03729320169
6690.0 1.03736156271
6695.0 1.03742597881
6700.0 1.03748458475
6705.0 1.03752229534
6710.0 1.03756224873
6715.0 1.03760460932
6720.0 1.03762082373
6725.0 1.03764241229
6730.0 1.03764547712
6735.0 1.03765010678
6740.0 1.03764892331
6745.0 1.03763065975
6750.0 1.03761039873
6755.0 1.03758830932
6760.0 1.03755066441
6765.0 1.03750822542
6770.0 1.03746124619
6775.0 1.03741032161
6780.0 1.03734765424
6785.0 1.03727934619
6790.0 1.03720649831
6795.0 1.03713436653
6800.0 1.03704837331
6805.0 1.03695758814
6810.0 1.03686395805
6815.0 1.03676426525
6820.0 1.03666808475
6825.0 1.03656075636
6830.0 1.03645905975
6835.0 1.03635341992
6840.0 1.03623900339
6845.0 1.03611344195
6850.0 1.03600791864
6855.0 1.03588192754
6860.0 1.03574292415
6865.0 1.03563260805
6870.0 1.03552834661
6875.0 1.03537988983
6880.0 1.03527520297
6885.0 1.03515894831
6890.0 1.03501697034
6895.0 1.0349117322
6900.0 1.03479390636
6905.0 1.0346721428
6910.0 1.03457719915
6915.0 1.03446391102
6920.0 1.03434481653
6925.0 1.03424085254
6930.0 1.03414803178
6935.0 1.03405381695
6940.0 1.0339580339
6945.0 1.03386763686
6950.0 1.03378668856
6955.0 1.03369714449
6960.0 1.03364586271
6965.0 1.03356691737
6970.0 1.03350589703
6975.0 1.03344941525
6980.0 1.03339051822
6985.0 1.03335311186
6990.0 1.03331329237
6995.0 1.03327843686
7000.0 1.0332407428
7005.0 1.03322750466
7010.0 1.03320592119
7015.0 1.03319353898
7020.0 1.03318976186
7025.0 1.03319137119
7030.0 1.03319777034
7035.0 1.03320913559
7040.0 1.0332274089
7045.0 1.03325488432
7050.0 1.03328164025
7055.0 1.0333176
7060.0 1.03335622839
7065.0 1.0334023661
7070.0 1.03345032542
7075.0 1.03349689449
7080.0 1.03355715212
7085.0 1.03363169449
7090.0 1.03369195847
7095.0 1.03376142458
7100.0 1.03384118729
7105.0 1.03391489703
7110.0 1.03399593814
7115.0 1.03408067076
7120.0 1.03416680297
7125.0 1.03425408347
7130.0 1.03434488178
7135.0 1.0344402178
7140.0 1.03452932542
7145.0 1.03462169958
7150.0 1.03471038729
7155.0 1.03481420593
7160.0 1.03491476017
7165.0 1.03499188602
7170.0 1.03510685042
7175.0 1.03518779025
7180.0 1.03527987415
7185.0 1.03537564576
7190.0 1.03547408559
7195.0 1.03556519619
7200.0 1.03565982119
7205.0 1.03573059237
7210.0 1.03581123263
7215.0 1.03589937458
7220.0 1.03596984364
7225.0 1.03605120339
7230.0 1.03612251822
7235.0 1.03618395805
7240.0 1.03625187669
7245.0 1.03630483983
7250.0 1.03636131483
7255.0 1.03642317076
7260.0 1.03647286017
7265.0 1.03650970975
7270.0 1.03655600636
7275.0 1.03659158093
7280.0 1.03661498898
7285.0 1.03664250212
7290.0 1.03666082203
7295.0 1.03668239619
7300.0 1.03669138941
7305.0 1.03669812458
7310.0 1.03670372034
7315.0 1.03670197585
7320.0 1.03669484958
7325.0 1.0366833572
7330.0 1.03666859492
7335.0 1.0366439589
7340.0 1.03662325847
7345.0 1.03658886864
7350.0 1.03656519619
7355.0 1.03652740975
7360.0 1.03648678008
7365.0 1.03643585212
7370.0 1.03639733602
7375.0 1.03634852034
7380.0 1.03628753941
7385.0 1.03623575212
7390.0 1.0361718
7395.0 1.03610814237
7400.0 1.03603825254
7405.0 1.03598052246
7410.0 1.03591020508
7415.0 1.03583891102
7420.0 1.03576477585
7425.0 1.03569814025
7430.0 1.03561891483
7435.0 1.03555990424
7440.0 1.03547601483
7445.0 1.03539581483
7450.0 1.03532972161
7455.0 1.03523807839
7460.0 1.03517876314
7465.0 1.0350994072
7470.0 1.03501593856
7475.0 1.03495098771
7480.0 1.03488743475
7485.0 1.03481274068
7490.0 1.03474622076
7495.0 1.03466601907
7500.0 1.0346189928
7505.0 1.0345557411
7510.0 1.03449049576
7515.0 1.0344175
7520.0 1.03437090339
7525.0 1.03432799364
7530.0 1.03427461949
7535.0 1.03422069915
7540.0 1.03419063347
7545.0 1.03413374746
7550.0 1.03410834703
7555.0 1.03407307881
7560.0 1.03404513856
7565.0 1.03401707712
7570.0 1.03399719407
7575.0 1.03397803559
7580.0 1.03395264915
7585.0 1.03395680085
7590.0 1.03393777542
7595.0 1.03393600042
7600.0 1.0339377428
7605.0 1.03393809195
7610.0 1.03394958517
7615.0 1.03395248263
7620.0 1.03397415
7625.0 1.03398383347
7630.0 1.034007625
7635.0 1.03403087161
7640.0 1.03405933263
7645.0 1.03408300636
7650.0 1.03411825085
7655.0 1.0341504072
7660.0 1.03418735
7665.0 1.03423561314
7670.0 1.03428357839
7675.0 1.03432040339
7680.0 1.03437684958
7685.0 1.03441579576
7690.0 1.03446758517
7695.0 1.03452687542
7700.0 1.03457104068
7705.0 1.03463414873
7710.0 1.03467831483
7715.0 1.03474693475
7720.0 1.03479745932
7725.0 1.03487116695
7730.0 1.03491364407
7735.0 1.03498142034
7740.0 1.03504296483
7745.0 1.03509930169
7750.0 1.03515110466
7755.0 1.03521845763
7760.0 1.03528000678
7765.0 1.03532363051
7770.0 1.03540170551
7775.0 1.03545083941
7780.0 1.03549374237
7785.0 1.03555007881
7790.0 1.03559043983
7795.0 1.03563829915
7800.0 1.03568416483
7805.0 1.03573626271
7810.0 1.03579187373
7815.0 1.03581176271
7820.0 1.0358851678
7825.0 1.03588090254
7830.0 1.03592888178
7835.0 1.03596868093
7840.0 1.03597936864
7845.0 1.03600857119
7850.0 1.03603578051
7855.0 1.03604803093
7860.0 1.03607015127
7865.0 1.03608282161
7870.0 1.03609434492
7875.0 1.03610023136
7880.0 1.03610920847
7885.0 1.03611000593
7890.0 1.03610965636
7895.0 1.03610663644
7900.0 1.03610204534
7905.0 1.03609181737
7910.0 1.03608425424
7915.0 1.03606427924
7920.0 1.03604781271
7925.0 1.03603715424
7930.0 1.03600076992
7935.0 1.0359918
7940.0 1.03596049831
7945.0 1.03593711737
7950.0 1.03589860763
7955.0 1.03587098559
7960.0 1.03583628771
7965.0 1.03579510042
7970.0 1.03576717966
7975.0 1.03572768517
7980.0 1.03568704661
7985.0 1.03563992415
7990.0 1.03560733432
7995.0 1.0355436839
8000.0 1.03551829322
8005.0 1.03545930297
8010.0 1.03541865678
8015.0 1.03536813771
8020.0 1.03533130508
8025.0 1.03527781695
8030.0 1.03523377881
8035.0 1.03517054703
8040.0 1.03515193136
8045.0 1.03507598517
8050.0 1.0350577928
8055.0 1.0350093911
8060.0 1.03496492585
8065.0 1.03491694746
8070.0 1.0348873161
8075.0 1.03484272712
8080.0 1.03480462034
8085.0 1.03476723686
8090.0 1.03472743644
8095.0 1.03468454619
8100.0 1.03467101822
8105.0 1.03462346907
8110.0 1.03460570593
8115.0 1.03456027712
8120.0 1.03454505975
8125.0 1.03451827669
8130.0 1.03449755339
8135.0 1.03447712881
8140.0 1.03446191695
8145.0 1.03444700339
8150.0 1.03443264153
8155.0 1.03442408771
8160.0 1.03441608475
8165.0 1.03440880551
8170.0 1.03440546653
8175.0 1.03440454661
8180.0 1.03440587161
8185.0 1.03440749746
8190.0 1.03441348729
8195.0 1.03442104831
8200.0 1.03443000805
8205.0 1.03444138559
8210.0 1.03445500975
8215.0 1.03446978051
8220.0 1.03448806907
8225.0 1.03450496144
8230.0 1.03452876144
8235.0 1.03454904746
8240.0 1.03457412119
8245.0 1.03459949449
8250.0 1.03463177712
8255.0 1.03464359195
8260.0 1.03468943517
8265.0 1.03470930466
8270.0 1.03475896271
8275.0 1.03477502203
8280.0 1.03482171568
8285.0 1.03484837034
8290.0 1.03488235381
8295.0 1.03492511229
8300.0 1.03494341992
8305.0 1.035003975
8310.0 1.03502143644
8315.0 1.03505784025
8320.0 1.03510962542
8325.0 1.0351223
8330.0 1.03518044153
8335.0 1.03521430424
8340.0 1.03524236017
8345.0 1.03529910551
8350.0 1.03530470339
8355.0 1.03533856653
8360.0 1.03538272373
8365.0 1.03540641483
8370.0 1.03543997966
8375.0 1.03546790805
8380.0 1.03549808051
8385.0 1.03552219449
8390.0 1.03554897669
8395.0 1.03557393602
8400.0 1.03559563178
8405.0 1.03561677669
8410.0 1.03563719915
8415.0 1.03565410424
8420.0 1.03567113559
8425.0 1.03568507246
8430.0 1.0356995589
8435.0 1.03570968008
8440.0 1.03571992712
8445.0 1.03572707966
8450.0 1.03573393432
8455.0 1.03573769492
8460.0 1.03574073305
8465.0 1.03574110127
8470.0 1.03574074703
8475.0 1.03573729915
8480.0 1.03573355212
8485.0 1.03572713559
8490.0 1.03571957288
8495.0 1.03571018686
8500.0 1.03570007966
8505.0 1.03568603008
8510.0 1.03567464873
8515.0 1.03565763093
8520.0 1.03564158559
8525.0 1.03562414195
8530.0 1.03560470508
8535.0 1.0355842928
8540.0 1.03556315805
8545.0 1.03554104915
8550.0 1.03551779407
8555.0 1.03549314068
8560.0 1.03546861229
8565.0 1.03544268602
8570.0 1.03541646144
8575.0 1.03538926229
8580.0 1.03536303644
8585.0 1.03533329322
8590.0 1.03530749025
8595.0 1.03527774619
8600.0 1.03525067076
8605.0 1.03522134958
8610.0 1.03519300212
8615.0 1.03516495212
8620.0 1.03513702797
8625.0 1.03510897712
8630.0 1.03508232415
8635.0 1.03505427373
8640.0 1.03502889153
8645.0 1.03500211271
8650.0 1.03497800169
8655.0 1.03495249449
8660.0 1.03493007966
8665.0 1.0349062678
8670.0 1.03488554873
8675.0 1.03486385636
8680.0 1.03484483305
8685.0 1.03482568432
8690.0 1.0348083572
8695.0 1.03479132839
8700.0 1.03477696864
8705.0 1.03476206017
8710.0 1.03475024449
8715.0 1.03473830339
8720.0 1.03472903178
8725.0 1.03471963517
8730.0 1.03471290763
8735.0 1.03470605508
8740.0 1.03470229576
8745.0 1.03469841102
8750.0 1.03469719619
8755.0 1.03469585593
8760.0 1.03469718517
8765.0 1.03469923686
8770.0 1.03470311102
8775.0 1.03470685932
8780.0 1.03471412542
8785.0 1.03472041822
8790.0 1.03472980466
8795.0 1.03473864237
8800.0 1.03474972542
8805.0 1.03476237839
8810.0 1.03477473517
8815.0 1.03478781314
8820.0 1.0348044089
8825.0 1.03481833686
8830.0 1.03483662924
8835.0 1.03485225297
8840.0 1.03487224195
8845.0 1.03488998644
8850.0 1.03490997627
8855.0 1.03492941737
8860.0 1.03495025593
8865.0 1.0349713928
8870.0 1.03499265636
8875.0 1.03501337034
8880.0 1.03503675381
8885.0 1.03505704492
8890.0 1.03508085254
8895.0 1.0351015678
8900.0 1.03512452881
8905.0 1.03514609195
8910.0 1.03516820593
8915.0 1.03518892161
8920.0 1.03521188305
8925.0 1.03523132797
8930.0 1.03525259407
8935.0 1.03527246271
8940.0 1.0352924572
8945.0 1.03531020678
8950.0 1.03532977754
8955.0 1.03534667881
8960.0 1.03536413008
8965.0 1.03537975975
8970.0 1.03539593898
8975.0 1.03540987288
8980.0 1.03542393263
8985.0 1.03543617034
8990.0 1.03544853432
8995.0 1.03545865212
9000.0 1.03546931992
9005.0 1.0354773178
9010.0 1.03548586568
9015.0 1.03549216737
9020.0 1.03549817161
9025.0 1.03550235297
9030.0 1.03550666059
9035.0 1.03550829831
9040.0 1.03551048559
9045.0 1.03551042712
9050.0 1.03551007034
9055.0 1.03550789153
9060.0 1.03550583856
9065.0 1.03550153898
9070.0 1.03549736568
9075.0 1.03549094619
9080.0 1.03548465254
9085.0 1.03547696017
9090.0 1.03546939449
9095.0 1.03545915805
9100.0 1.03544989534
9105.0 1.03543881059
9110.0 1.03542700381
9115.0 1.03541464619
9120.0 1.0354019911
9125.0 1.03538793729
9130.0 1.0353748572
9135.0 1.0353591072
9140.0 1.03534517839
9145.0 1.03532815636
9150.0 1.03531380254
9155.0 1.03529635636
9160.0 1.03528030678
9165.0 1.03526328305
9170.0 1.03524723305
9175.0 1.03522851356
9180.0 1.03521331059
9185.0 1.0351945911
9190.0 1.0351781161
9195.0 1.0351610911
9200.0 1.03514419237
9205.0 1.03512674364
9210.0 1.03511111568
9215.0 1.03509409025
9220.0 1.03507803898
9225.0 1.03506270847
9230.0 1.03504792881
9235.0 1.035032175
9240.0 1.03501909025
9245.0 1.03500460847
9250.0 1.03499194788
9255.0 1.03497873771
9260.0 1.03496777246
9265.0 1.03495541017
9270.0 1.03494529364
9275.0 1.03493505085
9280.0 1.03492662966
9285.0 1.03491723559
9290.0 1.03491008644
9295.0 1.03490281186
9300.0 1.0348973589
9305.0 1.03489135636
9310.0 1.03488759915
9315.0 1.0348832928
9320.0 1.03488123178
9325.0 1.03487862161
9330.0 1.03487783305
9335.0 1.03487691864
9340.0 1.03487782627
9345.0 1.0348790322
9350.0 1.03488163602
9355.0 1.03488369025
9360.0 1.03488799025
9365.0 1.03489174068
9370.0 1.03489731314
9375.0 1.03490318347
9380.0 1.03490960466
9385.0 1.03491589958
9390.0 1.03492486398
9395.0 1.03493285551
9400.0 1.03494139746
9405.0 1.03495066059
9410.0 1.03496174619
9415.0 1.03497101059
9420.0 1.03498294449
9425.0 1.03499348136
9430.0 1.03500541568
9435.0 1.03501722415
9440.0 1.0350300072
9445.0 1.03504181653
9450.0 1.03505587119
9455.0 1.0350672572
9460.0 1.03508173644
9465.0 1.03509439407
9470.0 1.03510760254
9475.0 1.03512026059
9480.0 1.03513474025
9485.0 1.035146975
9490.0 1.03516103178
9495.0 1.03517284237
9500.0 1.03518689873
9505.0 1.0351991339
9510.0 1.03521149534
9515.0 1.03522330636
9520.0 1.0352360911
9525.0 1.03524663093
9530.0 1.03525814449
9535.0 1.03526826017
9540.0 1.03527934958
9545.0 1.03528819322
9550.0 1.03529801102
9555.0 1.03530685466
9560.0 1.03531540085
9565.0 1.035322125
9570.0 1.03533024661
9575.0 1.03533654619
9580.0 1.03534297246
9585.0 1.03534757627
9590.0 1.03535273051
9595.0 1.03535691017
9600.0 1.03536079195
9605.0 1.03536285212
9610.0 1.03536546229
9615.0 1.03536709746
9620.0 1.03536843517
9625.0 1.035368375
9630.0 1.03536844068
9635.0 1.03536668432
9640.0 1.03536590169
9645.0 1.03536329661
9650.0 1.03536124195
9655.0 1.03535736525
9660.0 1.03535403814
9665.0 1.03534888898
9670.0 1.03534471356
9675.0 1.03533829237
9680.0 1.03533369237
9685.0 1.03532642331
9690.0 1.03531970381
9695.0 1.03531200932
9700.0 1.03530486525
9705.0 1.03529674703
9710.0 1.03528833093
9715.0 1.03527936441
9720.0 1.03527094788
9725.0 1.03526070932
9730.0 1.03525229195
9735.0 1.03524247669
9740.0 1.03523236398
9745.0 1.03522170085
9750.0 1.0352128589
9755.0 1.03520177161
9760.0 1.03519165805
9765.0 1.03518099407
9770.0 1.03517215169
9775.0 1.03516064025
9780.0 1.03515052627
9785.0 1.03514070932
9790.0 1.0351314428
9795.0 1.03512035508
9800.0 1.03511151229
9805.0 1.03510169534
9810.0 1.03509327627
9815.0 1.03508345975
9820.0 1.0350750411
9825.0 1.03506734364
9830.0 1.03505934873
9835.0 1.03505080424
9840.0 1.03504450466
9845.0 1.03503723136
9850.0 1.0350309322
9855.0 1.03502408347
9860.0 1.03501905593
9865.0 1.03501390212
9870.0 1.03500972288
9875.0 1.03500456992
9880.0 1.03500123898
9885.0 1.03499778136
9890.0 1.03499529788
9895.0 1.03499268898
9900.0 1.03499105381
9905.0 1.0349892928
9910.0 1.03498892966
9915.0 1.03498844025
9920.0 1.03498892542
9925.0 1.03498886059
9930.0 1.03499061737
9935.0 1.03499182458
9940.0 1.03499400593
9945.0 1.03499606144
9950.0 1.03499951483
9955.0 1.03500241822
9960.0 1.03500671992
9965.0 1.03501047161
9970.0 1.03501519746
9975.0 1.03501979746
9980.0 1.03502537161
9985.0 1.03503039576
9990.0 1.0350368178
9995.0 1.03504269025
10000.0 1.03504911271
