5.0 -23.5746567797
10.0 -15.0369576271
15.0 -5.68977542373
20.0 -1.15672754237
25.0 0.188131652542
30.0 0.280923347458
35.0 0.146505677966
40.0 0.0567968220339
45.0 0.032721279661
50.0 0.04332
55.0 0.0498524576271
60.0 0.0492658898305
65.0 0.0509302118644
70.0 0.0545159322034
75.0 0.0570654661017
80.0 0.0593298305085
85.0 0.0617915677966
90.0 0.0642955084746
95.0 0.0665123305085
100.0 0.0686925
105.0 0.0705169491525
110.0 0.0722777118644
115.0 0.073751779661
120.0 0.0749726271186
125.0 0.0759972881356
130.0 0.0767623305085
135.0 0.0773408898305
140.0 0.0776075847458
145.0 0.0776342372881
150.0 0.0775247033898
155.0 0.0772322881356
160.0 0.0767274576271
165.0 0.0761792372881
170.0 0.0755944915254
175.0 0.0748638559322
180.0 0.0741273305085
185.0 0.0734088983051
190.0 0.0726808050847
195.0 0.0720037711864
200.0 0.0713473305085
205.0 0.0707259322034
210.0 0.0701042372881
215.0 0.0695285169492
220.0 0.0689916949153
225.0 0.0683793220339
230.0 0.0678374152542
235.0 0.0673070338983
240.0 0.066838220339
245.0 0.0663038983051
250.0 0.0657929237288
255.0 0.0653325423729
260.0 0.064770720339
265.0 0.0641623728814
270.0 0.0634652542373
275.0 0.0627448305085
280.0 0.0620327118644
285.0 0.0612884322034
290.0 0.0605269491525
295.0 0.0597501271186
300.0 0.0590231779661
305.0 0.0583416101695
310.0 0.0577474152542
315.0 0.0572268644068
320.0 0.0568755508475
325.0 0.056691059322
330.0 0.056663220339
335.0 0.0569269067797
340.0 0.0574318644068
345.0 0.0582533050847
350.0 0.0594319491525
355.0 0.0610223305085
360.0 0.0630487711864
365.0 0.0655268220339
370.0 0.0685255932203
375.0 0.0720866525424
380.0 0.0762530084746
385.0 0.0810549576271
390.0 0.0865215254237
395.0 0.0926979661017
400.0 0.0995930932203
405.0 0.107172881356
410.0 0.11549220339
415.0 0.124566822034
420.0 0.134373559322
425.0 0.144895169492
430.0 0.156113305085
435.0 0.167998262712
440.0 0.180501779661
445.0 0.193562711864
450.0 0.207100847458
455.0 0.221027288136
460.0 0.235192923729
465.0 0.249437245763
470.0 0.263593474576
475.0 0.277452881356
480.0 0.290833347458
485.0 0.30340809322
490.0 0.315131059322
495.0 0.325711779661
500.0 0.334812245763
505.0 0.34220470339
510.0 0.347761016949
515.0 0.351421694915
520.0 0.352819745763
525.0 0.351774661017
530.0 0.348148516949
535.0 0.3420075
540.0 0.333279322034
545.0 0.322135635593
550.0 0.308958389831
555.0 0.293875169492
560.0 0.277699576271
565.0 0.261141398305
570.0 0.244993305085
575.0 0.229760805085
580.0 0.215405466102
585.0 0.203573050847
590.0 0.193955847458
595.0 0.18623809322
600.0 0.180223474576
605.0 0.176624533898
610.0 0.173813940678
615.0 0.171840254237
620.0 0.170490381356
625.0 0.169591991525
630.0 0.168838432203
635.0 0.168154279661
640.0 0.167442076271
645.0 0.167037330508
650.0 0.166529788136
655.0 0.165932288136
660.0 0.165404788136
665.0 0.164909110169
670.0 0.164362330508
675.0 0.163795720339
680.0 0.163233644068
685.0 0.162660084746
690.0 0.162054745763
695.0 0.16142059322
700.0 0.160758940678
705.0 0.160058940678
710.0 0.159313220339
715.0 0.158516101695
720.0 0.157661355932
725.0 0.156751991525
730.0 0.15578220339
735.0 0.15474970339
740.0 0.153650423729
745.0 0.152506822034
750.0 0.151287118644
755.0 0.150019279661
760.0 0.148708813559
765.0 0.147353898305
770.0 0.145959661017
775.0 0.144540254237
780.0 0.143097118644
785.0 0.141634915254
790.0 0.140161313559
795.0 0.138680254237
800.0 0.137194194915
805.0 0.135706016949
810.0 0.134213898305
815.0 0.132725381356
820.0 0.13124440678
825.0 0.129769152542
830.0 0.128299788136
835.0 0.126839237288
840.0 0.125394745763
845.0 0.123977966102
850.0 0.122584025424
855.0 0.121214830508
860.0 0.119851440678
865.0 0.118574618644
870.0 0.117298516949
875.0 0.116097330508
880.0 0.114926652542
885.0 0.113781652542
890.0 0.112718855932
895.0 0.111701186441
900.0 0.110725127119
905.0 0.109821271186
910.0 0.108949533898
915.0 0.10811309322
920.0 0.107348008475
925.0 0.106624830508
930.0 0.105949915254
935.0 0.105343686441
940.0 0.104771483051
945.0 0.104279110169
950.0 0.103841610169
955.0 0.103477457627
960.0 0.103156525424
965.0 0.102935169492
970.0 0.102766059322
975.0 0.102686059322
980.0 0.102683135593
985.0 0.102786440678
990.0 0.102961822034
995.0 0.103252415254
1000.0 0.10362220339
1005.0 0.104084872881
1010.0 0.104720550847
1015.0 0.105501694915
1020.0 0.106440338983
1025.0 0.107489872881
1030.0 0.108705127119
1035.0 0.110105381356
1040.0 0.111668432203
1045.0 0.113498220339
1050.0 0.11553690678
1055.0 0.117791483051
1060.0 0.120252627119
1065.0 0.123034279661
1070.0 0.126092372881
1075.0 0.129436991525
1080.0 0.133067542373
1085.0 0.136993728814
1090.0 0.141184491525
1095.0 0.145721864407
1100.0 0.150632372881
1105.0 0.15573970339
1110.0 0.161059194915
1115.0 0.166865805085
1120.0 0.17246940678
1125.0 0.178736355932
1130.0 0.184896144068
1135.0 0.191548644068
1140.0 0.198242923729
1145.0 0.204530211864
1150.0 0.210569745763
1155.0 0.216661101695
1160.0 0.222487627119
1165.0 0.228042584746
1170.0 0.233096398305
1175.0 0.237678771186
1180.0 0.241580338983
1185.0 0.244787076271
1190.0 0.247304449153
1195.0 0.249003008475
1200.0 0.249876779661
1205.0 0.249924237288
1210.0 0.249138474576
1215.0 0.247523813559
1220.0 0.245115
1225.0 0.241977457627
1230.0 0.238194533898
1235.0 0.233857372881
1240.0 0.229104533898
1245.0 0.224067118644
1250.0 0.218900211864
1255.0 0.213734618644
1260.0 0.208678855932
1265.0 0.203829237288
1270.0 0.199270550847
1275.0 0.195061144068
1280.0 0.19127220339
1285.0 0.187857372881
1290.0 0.184975127119
1295.0 0.182398177966
1300.0 0.180215635593
1305.0 0.178316779661
1310.0 0.176610466102
1315.0 0.17521529661
1320.0 0.174039110169
1325.0 0.172949067797
1330.0 0.171951864407
1335.0 0.170925254237
1340.0 0.170125805085
1345.0 0.169355932203
1350.0 0.168380635593
1355.0 0.167463771186
1360.0 0.166590254237
1365.0 0.165645084746
1370.0 0.164687711864
1375.0 0.163717542373
1380.0 0.162707288136
1385.0 0.161663432203
1390.0 0.160586271186
1395.0 0.159491610169
1400.0 0.158426186441
1405.0 0.157334745763
1410.0 0.1562675
1415.0 0.155219957627
1420.0 0.154179618644
1425.0 0.153147627119
1430.0 0.152134788136
1435.0 0.151147966102
1440.0 0.150188177966
1445.0 0.149258305085
1450.0 0.148360211864
1455.0 0.147495084746
1460.0 0.146667923729
1465.0 0.145882627119
1470.0 0.145138262712
1475.0 0.144435932203
1480.0 0.143782923729
1485.0 0.143178898305
1490.0 0.142628813559
1495.0 0.142130042373
1500.0 0.141681525424
1505.0 0.141286864407
1510.0 0.140950635593
1515.0 0.140672415254
1520.0 0.140444872881
1525.0 0.140265932203
1530.0 0.140138389831
1535.0 0.140064661017
1540.0 0.140031483051
1545.0 0.140050805085
1550.0 0.140134576271
1555.0 0.140257245763
1560.0 0.140424110169
1565.0 0.140663177966
1570.0 0.140975169492
1575.0 0.141336864407
1580.0 0.141763516949
1585.0 0.142238474576
1590.0 0.142804533898
1595.0 0.143444110169
1600.0 0.144196949153
1605.0 0.144963644068
1610.0 0.145834152542
1615.0 0.146790635593
1620.0 0.147833135593
1625.0 0.148941186441
1630.0 0.150183728814
1635.0 0.151541567797
1640.0 0.15296279661
1645.0 0.154515847458
1650.0 0.156122161017
1655.0 0.157757033898
1660.0 0.159538771186
1665.0 0.161398601695
1670.0 0.163368177966
1675.0 0.165413432203
1680.0 0.167524661017
1685.0 0.169644110169
1690.0 0.171901398305
1695.0 0.174161059322
1700.0 0.176409872881
1705.0 0.17875809322
1710.0 0.181005254237
1715.0 0.183320635593
1720.0 0.185488728814
1725.0 0.18758
1730.0 0.189551059322
1735.0 0.19143029661
1740.0 0.193208940678
1745.0 0.194786144068
1750.0 0.196134745763
1755.0 0.197334618644
1760.0 0.198310466102
1765.0 0.19905220339
1770.0 0.199569194915
1775.0 0.199855423729
1780.0 0.199904025424
1785.0 0.199727627119
1790.0 0.199344449153
1795.0 0.198773940678
1800.0 0.198031864407
1805.0 0.197138220339
1810.0 0.196117076271
1815.0 0.194997457627
1820.0 0.193803601695
1825.0 0.192557118644
1830.0 0.191282542373
1835.0 0.189998855932
1840.0 0.188720889831
1845.0 0.187462076271
1850.0 0.186230677966
1855.0 0.185031694915
1860.0 0.183828262712
1865.0 0.182730254237
1870.0 0.181652288136
1875.0 0.180646949153
1880.0 0.17969220339
1885.0 0.178744661017
1890.0 0.177756313559
1895.0 0.176862966102
1900.0 0.176026567797
1905.0 0.175174152542
1910.0 0.174343389831
1915.0 0.173514110169
1920.0 0.172731186441
1925.0 0.171877966102
1930.0 0.171070084746
1935.0 0.170309322034
1940.0 0.169504237288
1945.0 0.168753135593
1950.0 0.167942415254
1955.0 0.167165508475
1960.0 0.166411059322
1965.0 0.165645381356
1970.0 0.164879279661
1975.0 0.16413029661
1980.0 0.163425338983
1985.0 0.162741016949
1990.0 0.162076355932
1995.0 0.1614275
2000.0 0.160827711864
2005.0 0.160248898305
2010.0 0.159711525424
2015.0 0.159195974576
2020.0 0.158727966102
2025.0 0.158287415254
2030.0 0.157895762712
2035.0 0.157530762712
2040.0 0.157214576271
2045.0 0.156925805085
2050.0 0.156683177966
2055.0 0.156463559322
2060.0 0.156291737288
2065.0 0.156143050847
2070.0 0.156039830508
2075.0 0.155956271186
2080.0 0.155917288136
2085.0 0.155896440678
2090.0 0.155920127119
2095.0 0.155959533898
2100.0 0.156037838983
2105.0 0.156131779661
2110.0 0.15627279661
2115.0 0.156434533898
2120.0 0.156632033898
2125.0 0.156844025424
2130.0 0.157091822034
2135.0 0.157354322034
2140.0 0.157661694915
2145.0 0.157982542373
2150.0 0.158357033898
2155.0 0.158746779661
2160.0 0.15917940678
2165.0 0.159627584746
2170.0 0.160109279661
2175.0 0.160613050847
2180.0 0.161164915254
2185.0 0.161733855932
2190.0 0.162353601695
2195.0 0.162965508475
2200.0 0.163635720339
2205.0 0.164297923729
2210.0 0.16500940678
2215.0 0.1657375
2220.0 0.166482627119
2225.0 0.167237372881
2230.0 0.168021228814
2235.0 0.168785677966
2240.0 0.16956529661
2245.0 0.170386610169
2250.0 0.171178728814
2255.0 0.171969661017
2260.0 0.172742033898
2265.0 0.173499110169
2270.0 0.174228220339
2275.0 0.174952754237
2280.0 0.175661737288
2285.0 0.176334576271
2290.0 0.176972457627
2295.0 0.177555338983
2300.0 0.178103855932
2305.0 0.178588686441
2310.0 0.179033347458
2315.0 0.179414533898
2320.0 0.179750254237
2325.0 0.180021101695
2330.0 0.180238474576
2335.0 0.180388516949
2340.0 0.180491398305
2345.0 0.180531016949
2350.0 0.180525084746
2355.0 0.180459279661
2360.0 0.180353644068
2365.0 0.180193771186
2370.0 0.180001144068
2375.0 0.179760974576
2380.0 0.179497245763
2385.0 0.179195084746
2390.0 0.178878940678
2395.0 0.178530550847
2400.0 0.178174533898
2405.0 0.177792330508
2410.0 0.177408347458
2415.0 0.177006186441
2420.0 0.176606737288
2425.0 0.176192923729
2430.0 0.175782754237
2435.0 0.175365127119
2440.0 0.174958940678
2445.0 0.174529745763
2450.0 0.174119872881
2455.0 0.173686949153
2460.0 0.173269915254
2465.0 0.172856355932
2470.0 0.172451525424
2475.0 0.172032542373
2480.0 0.171620847458
2485.0 0.17120190678
2490.0 0.170812415254
2495.0 0.170425805085
2500.0 0.170024194915
2505.0 0.169608347458
2510.0 0.169208432203
2515.0 0.168830254237
2520.0 0.168453601695
2525.0 0.168075466102
2530.0 0.167704957627
2535.0 0.167336440678
2540.0 0.166998220339
2545.0 0.166649830508
2550.0 0.166332754237
2555.0 0.166012669492
2560.0 0.165724830508
2565.0 0.165436525424
2570.0 0.165178728814
2575.0 0.164919491525
2580.0 0.164693644068
2585.0 0.164469194915
2590.0 0.164279449153
2595.0 0.164092288136
2600.0 0.16394
2605.0 0.163790720339
2610.0 0.163675805085
2615.0 0.163564152542
2620.0 0.163486483051
2625.0 0.163412076271
2630.0 0.163371228814
2635.0 0.163333559322
2640.0 0.163328813559
2645.0 0.163326822034
2650.0 0.163357118644
2655.0 0.163389872881
2660.0 0.163455550847
2665.0 0.163521567797
2670.0 0.163618262712
2675.0 0.163716525424
2680.0 0.163843559322
2685.0 0.163972372881
2690.0 0.164129025424
2695.0 0.164285720339
2700.0 0.164473305085
2705.0 0.164652881356
2710.0 0.164861483051
2715.0 0.165062415254
2720.0 0.165295
2725.0 0.165522838983
2730.0 0.165779237288
2735.0 0.16602440678
2740.0 0.166300847458
2745.0 0.166563389831
2750.0 0.166851949153
2755.0 0.167133686441
2760.0 0.167452415254
2765.0 0.167733177966
2770.0 0.168024576271
2775.0 0.168316313559
2780.0 0.168633686441
2785.0 0.168949152542
2790.0 0.169259661017
2795.0 0.1695675
2800.0 0.169880338983
2805.0 0.170168262712
2810.0 0.170464576271
2815.0 0.170758728814
2820.0 0.171047881356
2825.0 0.171311059322
2830.0 0.171576991525
2835.0 0.171828008475
2840.0 0.17207529661
2845.0 0.172294067797
2850.0 0.172517245763
2855.0 0.172707627119
2860.0 0.172895423729
2865.0 0.173052584746
2870.0 0.173207669492
2875.0 0.173329533898
2880.0 0.17344970339
2885.0 0.17353559322
2890.0 0.173619661017
2895.0 0.173669915254
2900.0 0.173718050847
2905.0 0.173734025424
2910.0 0.173747372881
2915.0 0.173730974576
2920.0 0.173712245763
2925.0 0.173665635593
2930.0 0.17361559322
2935.0 0.173543516949
2940.0 0.173472881356
2945.0 0.173374533898
2950.0 0.173278135593
2955.0 0.173158516949
2960.0 0.173038008475
2965.0 0.172897457627
2970.0 0.172765847458
2975.0 0.172604025424
2980.0 0.172456483051
2985.0 0.172294957627
2990.0 0.172140550847
2995.0 0.171960338983
3000.0 0.171792542373
3005.0 0.171606694915
3010.0 0.171436271186
3015.0 0.171251567797
3020.0 0.171071864407
3025.0 0.170879788136
3030.0 0.17070559322
3035.0 0.170511313559
3040.0 0.170327923729
3045.0 0.170136822034
3050.0 0.169968050847
3055.0 0.169777118644
3060.0 0.169600381356
3065.0 0.16942440678
3070.0 0.169246525424
3075.0 0.169071271186
3080.0 0.168896228814
3085.0 0.168725211864
3090.0 0.168572838983
3095.0 0.168422330508
3100.0 0.16829029661
3105.0 0.168123008475
3110.0 0.167973305085
3115.0 0.167842372881
3120.0 0.167731398305
3125.0 0.167598177966
3130.0 0.167490466102
3135.0 0.167380550847
3140.0 0.16729309322
3145.0 0.167190211864
3150.0 0.167114322034
3155.0 0.167033813559
3160.0 0.166976228814
3165.0 0.166911991525
3170.0 0.166870508475
3175.0 0.166821991525
3180.0 0.166798389831
3185.0 0.166768474576
3190.0 0.166761440678
3195.0 0.166747584746
3200.0 0.166758008475
3205.0 0.166762033898
3210.0 0.166787966102
3215.0 0.166806525424
3220.0 0.166848728814
3225.0 0.166886144068
3230.0 0.166941822034
3235.0 0.166989364407
3240.0 0.167065466102
3245.0 0.167129618644
3250.0 0.167212076271
3255.0 0.167285
3260.0 0.167382584746
3265.0 0.167468474576
3270.0 0.167575805085
3275.0 0.167670127119
3280.0 0.167781144068
3285.0 0.167884279661
3290.0 0.168017457627
3295.0 0.168123813559
3300.0 0.168250550847
3305.0 0.16836279661
3310.0 0.168503940678
3315.0 0.168620084746
3320.0 0.168735550847
3325.0 0.168862669492
3330.0 0.168996271186
3335.0 0.169108855932
3340.0 0.169242033898
3345.0 0.169362838983
3350.0 0.169487669492
3355.0 0.169608898305
3360.0 0.169746949153
3365.0 0.16984940678
3370.0 0.169960805085
3375.0 0.170070254237
3380.0 0.170183050847
3385.0 0.170276694915
3390.0 0.170379915254
3395.0 0.170461822034
3400.0 0.170561949153
3405.0 0.170636864407
3410.0 0.170721864407
3415.0 0.170785338983
3420.0 0.170860847458
3425.0 0.170913050847
3430.0 0.170971525424
3435.0 0.171011779661
3440.0 0.171061779661
3445.0 0.171089152542
3450.0 0.171125211864
3455.0 0.171140381356
3460.0 0.171163559322
3465.0 0.171166271186
3470.0 0.171176355932
3475.0 0.17116720339
3480.0 0.171164661017
3485.0 0.171142923729
3490.0 0.17112970339
3495.0 0.17109690678
3500.0 0.171071991525
3505.0 0.171029449153
3510.0 0.170996991525
3515.0 0.170938983051
3520.0 0.170897076271
3525.0 0.170839152542
3530.0 0.17078940678
3535.0 0.170723728814
3540.0 0.170656822034
3545.0 0.170574872881
3550.0 0.170519533898
3555.0 0.170450635593
3560.0 0.170381737288
3565.0 0.170284618644
3570.0 0.170212245763
3575.0 0.170132627119
3580.0 0.17005809322
3585.0 0.169969194915
3590.0 0.169893559322
3595.0 0.169806652542
3600.0 0.169729364407
3605.0 0.169639279661
3610.0 0.169566864407
3615.0 0.169488516949
3620.0 0.169412457627
3625.0 0.169332330508
3630.0 0.169263432203
3635.0 0.169185127119
3640.0 0.169113686441
3645.0 0.169038432203
3650.0 0.16897940678
3655.0 0.168909661017
3660.0 0.168845508475
3665.0 0.16877779661
3670.0 0.16873059322
3675.0 0.168671440678
3680.0 0.168623728814
3685.0 0.168571016949
3690.0 0.168533559322
3695.0 0.16848440678
3700.0 0.168452711864
3705.0 0.168411525424
3710.0 0.168387288136
3715.0 0.168352161017
3720.0 0.168335974576
3725.0 0.168307330508
3730.0 0.168298728814
3735.0 0.168279067797
3740.0 0.168277033898
3745.0 0.168264491525
3750.0 0.16826940678
3755.0 0.168264533898
3760.0 0.168277923729
3765.0 0.168279322034
3770.0 0.168295550847
3775.0 0.168308813559
3780.0 0.168331949153
3785.0 0.168347669492
3790.0 0.168379576271
3795.0 0.168399745763
3800.0 0.168439661017
3805.0 0.168466271186
3810.0 0.168507033898
3815.0 0.168540423729
3820.0 0.168585889831
3825.0 0.168624576271
3830.0 0.168676228814
3835.0 0.168714788136
3840.0 0.16876809322
3845.0 0.168812372881
3850.0 0.168868813559
3855.0 0.168913898305
3860.0 0.16897220339
3865.0 0.169019025424
3870.0 0.169081610169
3875.0 0.16912720339
3880.0 0.169187076271
3885.0 0.169232542373
3890.0 0.169287288136
3895.0 0.169339025424
3900.0 0.169395423729
3905.0 0.169442542373
3910.0 0.169500381356
3915.0 0.169543135593
3920.0 0.16959690678
3925.0 0.169638898305
3930.0 0.169689872881
3935.0 0.16972809322
3940.0 0.169777033898
3945.0 0.169810127119
3950.0 0.169854279661
3955.0 0.169885169492
3960.0 0.169924194915
3965.0 0.169949830508
3970.0 0.16998690678
3975.0 0.170007076271
3980.0 0.170037330508
3985.0 0.170053898305
3990.0 0.170079872881
3995.0 0.170090889831
4000.0 0.170111567797
4005.0 0.170117754237
4010.0 0.170133686441
4015.0 0.170134194915
4020.0 0.170144788136
4025.0 0.170140974576
4030.0 0.170147542373
4035.0 0.170137076271
4040.0 0.170137838983
4045.0 0.170123262712
4050.0 0.170122288136
4055.0 0.170098559322
4060.0 0.170093686441
4065.0 0.170072457627
4070.0 0.170060381356
4075.0 0.170034194915
4080.0 0.17001470339
4085.0 0.169986652542
4090.0 0.169967966102
4095.0 0.169935
4100.0 0.169913050847
4105.0 0.169880889831
4110.0 0.169852627119
4115.0 0.169814152542
4120.0 0.169790127119
4125.0 0.169754745763
4130.0 0.169722161017
4135.0 0.169679788136
4140.0 0.169656144068
4145.0 0.169616228814
4150.0 0.169584491525
4155.0 0.169543983051
4160.0 0.16951720339
4165.0 0.16947779661
4170.0 0.169448050847
4175.0 0.169408686441
4180.0 0.169381525424
4185.0 0.169343008475
4190.0 0.169316779661
4195.0 0.169279576271
4200.0 0.169255635593
4205.0 0.169220932203
4210.0 0.16919779661
4215.0 0.16917029661
4220.0 0.169144449153
4225.0 0.169115635593
4230.0 0.169098177966
4235.0 0.169065084746
4240.0 0.169053474576
4245.0 0.169028686441
4250.0 0.169015889831
4255.0 0.168993474576
4260.0 0.168983855932
4265.0 0.168964618644
4270.0 0.168959279661
4275.0 0.168942627119
4280.0 0.168940084746
4285.0 0.168927161017
4290.0 0.168927372881
4295.0 0.1689175
4300.0 0.168921059322
4305.0 0.168914449153
4310.0 0.168920847458
4315.0 0.168917330508
4320.0 0.168927330508
4325.0 0.168927161017
4330.0 0.168939237288
4335.0 0.168941737288
4340.0 0.168956567797
4345.0 0.16896220339
4350.0 0.16897970339
4355.0 0.168986610169
4360.0 0.169007966102
4365.0 0.16901690678
4370.0 0.169037881356
4375.0 0.169050847458
4380.0 0.169073728814
4385.0 0.169086652542
4390.0 0.169112245763
4395.0 0.169127076271
4400.0 0.169153347458
4405.0 0.169169364407
4410.0 0.16919690678
4415.0 0.169213644068
4420.0 0.169240889831
4425.0 0.169258220339
4430.0 0.169286228814
4435.0 0.169302923729
4440.0 0.169331525424
4445.0 0.169348601695
4450.0 0.169372923729
4455.0 0.169392033898
4460.0 0.169421991525
4465.0 0.169438601695
4470.0 0.169458771186
4475.0 0.169483771186
4480.0 0.169506822034
4485.0 0.169515381356
4490.0 0.169533898305
4495.0 0.169552033898
4500.0 0.169572161017
4505.0 0.169591525424
4510.0 0.169607457627
4515.0 0.169615466102
4520.0 0.169628771186
4525.0 0.169640847458
4530.0 0.169656864407
4535.0 0.169667288136
4540.0 0.169675127119
4545.0 0.169678389831
4550.0 0.169695720339
4555.0 0.169696779661
4560.0 0.16970470339
4565.0 0.169704237288
4570.0 0.169710635593
4575.0 0.169710169492
4580.0 0.169717415254
4585.0 0.169711737288
4590.0 0.169713686441
4595.0 0.16971
4600.0 0.169710720339
4605.0 0.169698686441
4610.0 0.169700211864
4615.0 0.169691567797
4620.0 0.169689194915
4625.0 0.169674364407
4630.0 0.169670762712
4635.0 0.169656737288
4640.0 0.169653686441
4645.0 0.169637330508
4650.0 0.169631949153
4655.0 0.169615338983
4660.0 0.169609067797
4665.0 0.169589025424
4670.0 0.169580508475
4675.0 0.169566313559
4680.0 0.169556355932
4685.0 0.169533686441
4690.0 0.169524915254
4695.0 0.16950940678
4700.0 0.16949779661
4705.0 0.169478559322
4710.0 0.16946690678
4715.0 0.169453559322
4720.0 0.169440338983
4725.0 0.169421652542
4730.0 0.169406186441
4735.0 0.169384872881
4740.0 0.169385
4745.0 0.169363135593
4750.0 0.169355211864
4755.0 0.169337923729
4760.0 0.169328728814
4765.0 0.169313686441
4770.0 0.169304618644
4775.0 0.169290889831
4780.0 0.169282711864
4785.0 0.169270084746
4790.0 0.169262966102
4795.0 0.169251525424
4800.0 0.16924559322
4805.0 0.169235338983
4810.0 0.169230762712
4815.0 0.169221694915
4820.0 0.169218432203
4825.0 0.169210762712
4830.0 0.169208855932
4835.0 0.169202457627
4840.0 0.16920190678
4845.0 0.169196949153
4850.0 0.169197754237
4855.0 0.169194110169
4860.0 0.169196271186
4865.0 0.169193983051
4870.0 0.169197457627
4875.0 0.169196483051
4880.0 0.169201144068
4885.0 0.169201440678
4890.0 0.169207245763
4895.0 0.169208728814
4900.0 0.169215677966
4905.0 0.169218220339
4910.0 0.169226186441
4915.0 0.169229745763
4920.0 0.169238559322
4925.0 0.169243050847
4930.0 0.169252669492
4935.0 0.169257881356
4940.0 0.169268220339
4945.0 0.169274110169
4950.0 0.169285
4955.0 0.169291398305
4960.0 0.169302711864
4965.0 0.169309491525
4970.0 0.169321186441
4975.0 0.169328177966
4980.0 0.169340084746
4985.0 0.169347245763
4990.0 0.169359194915
4995.0 0.169366313559
5000.0 0.169378262712
