/*--------------------------------*- C++ -*----------------------------------*\
| =========                 |                                                 |
| \\      /  F ield         | OpenFOAM: The Open Source CFD Toolbox           |
|  \\    /   O peration     | Version:  2.3.0                                 |
|   \\  /    A nd           | Web:      www.OpenFOAM.org                      |
|    \\/     M anipulation  |                                                 |
\*---------------------------------------------------------------------------*/
FoamFile
{
    version     2.0;
    format      ascii;
    class       volScalarField;
    location    "450";
    object      p;
}
// * * * * * * * * * * * * * * * * * * * * * * * * * * * * * * * * * * * * * //

dimensions      [0 2 -2 0 0 0 0];

internalField   nonuniform List<scalar> 
7994
(
-0.000693987
0.012251
0.0597898
0.153879
0.295879
0.479446
0.694596
0.931663
1.18407
1.44921
1.72673
2.02013
2.35888
2.86414
3.50853
0.235336
0.252991
0.272145
0.295214
0.328368
0.378521
0.451978
0.55301
0.683177
0.841515
1.02509
1.22979
1.45132
1.68666
1.93408
0.469267
0.54631
0.641536
0.752709
0.877799
1.01264
1.15276
1.29421
1.43397
1.56987
1.70043
1.8246
1.94153
2.05057
2.15194
0.616162
0.686096
0.764579
0.847048
0.933586
1.0237
1.11673
1.21187
1.30823
1.40488
1.50092
1.59548
1.68779
1.77722
1.86365
0.733321
0.803221
0.882733
0.965056
1.04937
1.13453
1.21949
1.30336
1.38549
1.46541
1.54277
1.61732
1.68888
1.75731
1.82265
0.812822
0.87389
0.942409
1.0119
1.08174
1.15143
1.22062
1.289
1.35633
1.4224
1.48703
1.55005
1.61131
1.67065
1.72803
0.866947
0.923487
0.985218
1.04733
1.10924
1.17065
1.2314
1.29131
1.35026
1.40812
1.46478
1.52013
1.57405
1.62644
1.6772
0.903051
0.957194
1.01205
1.06675
1.12111
1.17502
1.22844
1.28131
1.33355
1.3851
1.43586
1.48572
1.53458
1.5823
1.62877
0.933551
0.983022
1.03123
1.07973
1.12819
1.17647
1.22451
1.27226
1.31966
1.36664
1.4131
1.45895
1.50405
1.54825
1.59144
0.951645
1.00013
1.04357
1.08724
1.13104
1.17487
1.21867
1.26241
1.30605
1.34949
1.39266
1.43544
1.47769
1.51925
1.55996
0.968292
1.0126
1.05203
1.09172
1.13172
1.17196
1.21236
1.25289
1.29358
1.33421
1.37476
1.41509
1.45508
1.49456
1.53338
0.981191
1.02068
1.05699
1.0935
1.13084
1.16824
1.20556
1.24326
1.28165
1.32001
1.35833
1.39655
1.43474
1.47251
1.50984
0.992127
1.02855
1.06212
1.09571
1.13065
1.16571
1.20084
1.23671
1.27302
1.30916
1.34601
1.38347
1.42087
1.45806
1.49381
1.00957
1.03827
1.0739
1.10404
1.12938
1.16262
1.20111
1.23625
1.26963
1.30269
1.33916
1.37743
1.41233
1.45029
1.48818
4.30204
4.42374
4.31175
4.31867
4.35918
4.38396
4.38553
4.36748
4.33104
4.27386
4.19104
4.07678
3.92729
3.74459
3.54695
2.19924
2.47936
2.74601
2.99466
3.21907
3.41117
3.56321
3.66936
3.72645
3.73453
3.6972
3.62111
3.51497
3.38829
3.25457
2.24787
2.34119
2.4327
2.52274
2.61044
2.69466
2.77397
2.84676
2.911
2.96411
3.00283
3.02336
3.0222
2.99849
2.95973
1.94862
2.03428
2.12109
2.20834
2.29478
2.37888
2.45887
2.53279
2.59854
2.65398
2.69707
2.72596
2.73941
2.73791
2.72562
1.88583
1.94836
2.01087
2.07317
2.13482
2.19528
2.25388
2.30989
2.36237
2.41021
2.45206
2.48629
2.51127
2.52633
2.53247
1.78406
1.83971
1.89526
1.95049
2.00502
2.05842
2.11021
2.15983
2.20665
2.24993
2.28882
2.32231
2.34939
2.37017
2.38898
1.7267
1.77558
1.82406
1.87193
1.91896
1.96485
2.00931
2.052
2.09254
2.13048
2.16529
2.19628
2.22275
2.24434
2.26106
1.6742
1.71899
1.76323
1.80673
1.84929
1.89067
1.93064
1.96896
2.00536
2.03955
2.07119
2.09986
2.12503
2.14628
2.16487
1.63369
1.67525
1.71613
1.75617
1.79517
1.83296
1.86933
1.90411
1.93712
1.96818
1.99707
2.02353
2.04712
2.0674
2.08806
1.59978
1.63886
1.67719
1.71459
1.75093
1.78599
1.81962
1.8517
1.88209
1.91066
1.9373
1.96183
1.98401
2.0035
2.02236
1.57132
1.60842
1.64473
1.67997
1.71425
1.7472
1.77869
1.80867
1.83695
1.86354
1.8883
1.91115
1.93198
1.95038
1.96761
1.54643
1.58202
1.61686
1.65018
1.68301
1.71458
1.74448
1.77289
1.79944
1.82442
1.84759
1.86888
1.88841
1.90557
1.92041
1.52874
1.56168
1.5949
1.62694
1.6588
1.68848
1.7157
1.74239
1.76717
1.79061
1.81262
1.83286
1.8512
1.86794
1.88338
1.51936
1.54805
1.57817
1.60885
1.64252
1.66658
1.69033
1.71553
1.73853
1.76035
1.78197
1.80174
1.81757
1.83275
1.84643
-0.83564
-0.829237
-0.767024
-0.642851
-0.469256
-0.271632
-0.080676
0.076618
0.184231
0.237835
0.242011
0.202722
0.124593
-0.00207215
-0.00464248
-0.795498
-0.832922
-0.877105
-0.939203
-1.02588
-1.13263
-1.24819
-1.35999
-1.4576
-1.53527
-1.59204
-1.63225
-1.65767
-1.69143
-1.69207
-0.797227
-0.874829
-0.969406
-1.07592
-1.1843
-1.28213
-1.36118
-1.41921
-1.45844
-1.48358
-1.5002
-1.51538
-1.52919
-1.54324
-1.54543
-0.74124
-0.787047
-0.827898
-0.860455
-0.883782
-0.898506
-0.906801
-0.911281
-0.914109
-0.917021
-0.921476
-0.930383
-0.943514
-0.954895
-0.957408
-0.657959
-0.676729
-0.689797
-0.69886
-0.705857
-0.711898
-0.717276
-0.721844
-0.725516
-0.728722
-0.732475
-0.738926
-0.749125
-0.757126
-0.75692
-0.59409
-0.609578
-0.624014
-0.638203
-0.651544
-0.663422
-0.673309
-0.681026
-0.686846
-0.691587
-0.6966
-0.703755
-0.714187
-0.722278
-0.72123
-0.550551
-0.560465
-0.572986
-0.585605
-0.597134
-0.60747
-0.616684
-0.624945
-0.632524
-0.639925
-0.64808
-0.658233
-0.670962
-0.680805
-0.679953
-0.503011
-0.507767
-0.515283
-0.523517
-0.531965
-0.541054
-0.550914
-0.561546
-0.572841
-0.584814
-0.59783
-0.612526
-0.62883
-0.641274
-0.641098
-0.460737
-0.456955
-0.460551
-0.465884
-0.473024
-0.482633
-0.494871
-0.509657
-0.526653
-0.545499
-0.566146
-0.588441
-0.611078
-0.628035
-0.629441
-0.411515
-0.409187
-0.410251
-0.412816
-0.417987
-0.427008
-0.440591
-0.459144
-0.482201
-0.509199
-0.53995
-0.574466
-0.610021
-0.638059
-0.6455
-0.377935
-0.367495
-0.364016
-0.362144
-0.363484
-0.370183
-0.384283
-0.407327
-0.438543
-0.47562
-0.520386
-0.573406
-0.628537
-0.671134
-0.686493
-0.337932
-0.326916
-0.319093
-0.311238
-0.304565
-0.302895
-0.308939
-0.331341
-0.367426
-0.408275
-0.454938
-0.528824
-0.633005
-0.719482
-0.761076
-0.310668
-0.291862
-0.283302
-0.269964
-0.257308
-0.251336
-0.253766
-0.283587
-0.347097
-0.397892
-0.462667
-0.552965
-0.714769
-0.813119
-0.850221
-0.272085
-0.244853
-0.239511
-0.220914
-0.178318
-0.139778
-0.0680999
-0.074216
-0.162723
-0.182822
-0.121553
-0.155749
-0.621318
-0.910428
-0.939356
0.00190115
0.0122625
0.146412
0.231781
0.278983
0.283172
0.238117
0.139271
-0.00855511
-0.188278
-0.371601
-0.527722
-0.630655
-0.668665
-0.650178
-1.68878
-1.68354
-1.64494
-1.61475
-1.56842
-1.50383
-1.41647
-1.30733
-1.18237
-1.05241
-0.93051
-0.828626
-0.750433
-0.688566
-0.63141
-1.54191
-1.53333
-1.5132
-1.49374
-1.47214
-1.448
-1.41398
-1.36445
-1.29467
-1.20264
-1.09104
-0.968722
-0.847924
-0.738424
-0.644139
-0.954123
-0.945153
-0.927644
-0.908784
-0.893605
-0.882082
-0.871167
-0.859401
-0.845009
-0.825836
-0.799269
-0.763132
-0.716686
-0.660987
-0.599028
-0.753778
-0.74762
-0.733579
-0.717713
-0.705169
-0.694645
-0.683878
-0.671908
-0.658294
-0.643128
-0.626471
-0.607895
-0.586157
-0.559422
-0.526228
-0.718162
-0.712863
-0.698719
-0.682584
-0.66934
-0.657617
-0.645462
-0.631592
-0.615182
-0.595973
-0.574085
-0.549997
-0.524272
-0.497521
-0.4696
-0.676959
-0.6715
-0.655617
-0.637188
-0.62096
-0.606145
-0.591432
-0.575948
-0.559182
-0.540847
-0.520724
-0.498739
-0.474993
-0.450486
-0.427922
-0.638409
-0.63269
-0.614546
-0.592741
-0.572064
-0.552412
-0.533116
-0.51387
-0.494647
-0.475528
-0.456517
-0.437561
-0.418427
-0.399435
-0.382972
-0.626852
-0.619804
-0.597358
-0.569502
-0.541577
-0.514514
-0.488403
-0.463385
-0.439798
-0.417878
-0.397768
-0.379514
-0.362803
-0.347432
-0.335533
-0.645149
-0.634699
-0.60246
-0.562219
-0.521984
-0.483975
-0.448828
-0.417142
-0.388742
-0.363927
-0.342903
-0.325455
-0.311
-0.298903
-0.290689
-0.685767
-0.665361
-0.613443
-0.555499
-0.500482
-0.448829
-0.403985
-0.365139
-0.332283
-0.305899
-0.285664
-0.271138
-0.26063
-0.253221
-0.250387
-0.791817
-0.752695
-0.646422
-0.5524
-0.473145
-0.403308
-0.348898
-0.30946
-0.272613
-0.244632
-0.22728
-0.216951
-0.211907
-0.210184
-0.211223
-0.90322
-0.800538
-0.574902
-0.499698
-0.434855
-0.334255
-0.287878
-0.240204
-0.191109
-0.171156
-0.159231
-0.16063
-0.161719
-0.168379
-0.175737
-1.39857
-1.20254
-0.587148
-0.534991
-0.388068
-0.229055
-0.189387
-0.210301
-0.143329
-0.113275
-0.115665
-0.116935
-0.124516
-0.138979
-0.157551
-8.82763
-8.17736
-7.58697
-6.9604
-6.27989
-5.53712
-4.7516
-3.95008
-3.16581
-2.43589
-1.79527
-1.26866
-0.863797
-0.570517
-0.372894
-0.260516
-1.17901
-1.32528
-1.36698
-1.44224
-1.52669
-1.58808
-1.61333
-1.5926
-1.51696
-1.38353
-1.20006
-0.98518
-0.763745
-0.567835
-0.815264
-1.18685
-1.02953
-0.99814
-1.02788
-1.05436
-1.06654
-1.06903
-1.06176
-1.04123
-1.00247
-0.939898
-0.849513
-0.732022
-0.604465
-2.17195
-2.17601
-1.92292
-1.85501
-1.79692
-1.71633
-1.61951
-1.51262
-1.39632
-1.27198
-1.14262
-1.01168
-0.881366
-0.75149
-0.628603
-2.07649
-1.78933
-1.63018
-1.60999
-1.56739
-1.50978
-1.44514
-1.37365
-1.29294
-1.20208
-1.10118
-0.991372
-0.875016
-0.754681
-0.638391
-1.16285
-0.867183
-0.877153
-0.899659
-0.899284
-0.900708
-0.904081
-0.904112
-0.897229
-0.881159
-0.853602
-0.812402
-0.75627
-0.684935
-0.603661
-0.60998
-0.519297
-0.571702
-0.576775
-0.582069
-0.597333
-0.616988
-0.636047
-0.652045
-0.662776
-0.665679
-0.658078
-0.637479
-0.601555
-0.550724
-0.559113
-0.554404
-0.571337
-0.559366
-0.558632
-0.563274
-0.570566
-0.578579
-0.585944
-0.590956
-0.591732
-0.586257
-0.572436
-0.547959
-0.51025
-0.582495
-0.58924
-0.584867
-0.574365
-0.570786
-0.567453
-0.565931
-0.565641
-0.565415
-0.563918
-0.559839
-0.551753
-0.538094
-0.517251
-0.486495
-0.583484
-0.584485
-0.575149
-0.567145
-0.561243
-0.554856
-0.550142
-0.546591
-0.543253
-0.539146
-0.53329
-0.524573
-0.51172
-0.493472
-0.466947
-0.579129
-0.575799
-0.566075
-0.557195
-0.549398
-0.542265
-0.536136
-0.530703
-0.525401
-0.519534
-0.512336
-0.502932
-0.490284
-0.473347
-0.449534
-0.570768
-0.565871
-0.556392
-0.546528
-0.538461
-0.531643
-0.524937
-0.518566
-0.512212
-0.505302
-0.497186
-0.487169
-0.474439
-0.45821
-0.436547
-0.556115
-0.551165
-0.542271
-0.532681
-0.525429
-0.519208
-0.5125
-0.506013
-0.49949
-0.492409
-0.484193
-0.474241
-0.461883
-0.446509
-0.426555
-0.539513
-0.535083
-0.526949
-0.518192
-0.511619
-0.505699
-0.499223
-0.492965
-0.486628
-0.47975
-0.471814
-0.462266
-0.450482
-0.435882
-0.41697
-0.525741
-0.521808
-0.51425
-0.505999
-0.499208
-0.493054
-0.486892
-0.480894
-0.47476
-0.468108
-0.460478
-0.451348
-0.440119
-0.426225
-0.408308
-0.514972
-0.511282
-0.503996
-0.495795
-0.488357
-0.48192
-0.476136
-0.470321
-0.464338
-0.45789
-0.45056
-0.441867
-0.431273
-0.418279
-0.401711
-0.504878
-0.501281
-0.494175
-0.486008
-0.47835
-0.472044
-0.466625
-0.460915
-0.455065
-0.448818
-0.441782
-0.433516
-0.423529
-0.411379
-0.395882
-0.494118
-0.490656
-0.483847
-0.475973
-0.468653
-0.462802
-0.457701
-0.452119
-0.446454
-0.440445
-0.433716
-0.425852
-0.416389
-0.404894
-0.390078
-0.48335
-0.480131
-0.473749
-0.466378
-0.459626
-0.45417
-0.44924
-0.443834
-0.438406
-0.432666
-0.426264
-0.418811
-0.409864
-0.399035
-0.384968
-0.473906
-0.470971
-0.46503
-0.458163
-0.451834
-0.446352
-0.441341
-0.436189
-0.431036
-0.42559
-0.41954
-0.412535
-0.404166
-0.394145
-0.381623
-0.466481
-0.46377
-0.458161
-0.451621
-0.445409
-0.439544
-0.434329
-0.429461
-0.42452
-0.419302
-0.413541
-0.406901
-0.398982
-0.38944
-0.377408
-0.460314
-0.457734
-0.452338
-0.445958
-0.439717
-0.433552
-0.428292
-0.423682
-0.418857
-0.41379
-0.408236
-0.401868
-0.394295
-0.38515
-0.373579
-0.454555
-0.452056
-0.446829
-0.440572
-0.43436
-0.428198
-0.423106
-0.4187
-0.413942
-0.408998
-0.40362
-0.397491
-0.39024
-0.381511
-0.370196
-0.448768
-0.446358
-0.441325
-0.435256
-0.42922
-0.423318
-0.41851
-0.41427
-0.409598
-0.404801
-0.399618
-0.39375
-0.386855
-0.378661
-0.36815
-0.443179
-0.440894
-0.436098
-0.430299
-0.424553
-0.419004
-0.414424
-0.41027
-0.405715
-0.401084
-0.396101
-0.390487
-0.383913
-0.376127
-0.366115
-0.438268
-0.436131
-0.43159
-0.426102
-0.420667
-0.415407
-0.410831
-0.40663
-0.40224
-0.397789
-0.393005
-0.38763
-0.381341
-0.373893
-0.364345
-0.434451
-0.432455
-0.428147
-0.422937
-0.417739
-0.412608
-0.407809
-0.403476
-0.399291
-0.395009
-0.390412
-0.38527
-0.379271
-0.372179
-0.363146
-0.431668
-0.42978
-0.425655
-0.420646
-0.415576
-0.410446
-0.405395
-0.400982
-0.396999
-0.392832
-0.388384
-0.383437
-0.377683
-0.370883
-0.362166
-0.429584
-0.427768
-0.42378
-0.418904
-0.413893
-0.408735
-0.403567
-0.399191
-0.395364
-0.391261
-0.386925
-0.382133
-0.376586
-0.370057
-0.36177
-0.427842
-0.426078
-0.422206
-0.417437
-0.412479
-0.407345
-0.402227
-0.397981
-0.394267
-0.390204
-0.385956
-0.381284
-0.375896
-0.369565
-0.361489
-0.426281
-0.424568
-0.420814
-0.416161
-0.411296
-0.406262
-0.40131
-0.397231
-0.393599
-0.389582
-0.385428
-0.380889
-0.375694
-0.369659
-0.36248
-0.424883
-0.423233
-0.41961
-0.415102
-0.410381
-0.405514
-0.40078
-0.396839
-0.393251
-0.389298
-0.38524
-0.380823
-0.375791
-0.369914
-0.363081
-0.423854
-0.422277
-0.418796
-0.414458
-0.409915
-0.405238
-0.400698
-0.396778
-0.393157
-0.389287
-0.385322
-0.381005
-0.376092
-0.370278
-0.36382
-0.423344
-0.421846
-0.418509
-0.41435
-0.409992
-0.405494
-0.40108
-0.397044
-0.393333
-0.389586
-0.385717
-0.3815
-0.376707
-0.370941
-0.36428
-0.423571
-0.422147
-0.418939
-0.414941
-0.410737
-0.406355
-0.401974
-0.397741
-0.393932
-0.390322
-0.386534
-0.38241
-0.377737
-0.372116
-0.365313
-0.424366
-0.423001
-0.419905
-0.416042
-0.411953
-0.407642
-0.403251
-0.398872
-0.395043
-0.391583
-0.387883
-0.383892
-0.379421
-0.374179
-0.368229
-0.42572
-0.424402
-0.421398
-0.41764
-0.413627
-0.409345
-0.404932
-0.400487
-0.396695
-0.39334
-0.38968
-0.385766
-0.381368
-0.376161
-0.369949
-0.427346
-0.426065
-0.423142
-0.419472
-0.415525
-0.411281
-0.406885
-0.402482
-0.398786
-0.395515
-0.39189
-0.388042
-0.383713
-0.378594
-0.373039
-0.429363
-0.428117
-0.42527
-0.421682
-0.417797
-0.413602
-0.409257
-0.404955
-0.401372
-0.398168
-0.394593
-0.390844
-0.386665
-0.38172
-0.37663
-0.431573
-0.430362
-0.427595
-0.424096
-0.420294
-0.416188
-0.411947
-0.407801
-0.404341
-0.401197
-0.397678
-0.394007
-0.389918
-0.384993
-0.379586
-0.434145
-0.432977
-0.430295
-0.426899
-0.423198
-0.419205
-0.415093
-0.411102
-0.407715
-0.40459
-0.401131
-0.39753
-0.39353
-0.388756
-0.383357
-0.437148
-0.436024
-0.43343
-0.430143
-0.42656
-0.422701
-0.418733
-0.414888
-0.411508
-0.408375
-0.405024
-0.40154
-0.397704
-0.393257
-0.388718
-0.440767
-0.43969
-0.437183
-0.43401
-0.430548
-0.426822
-0.422979
-0.419227
-0.41576
-0.412571
-0.40932
-0.405896
-0.402086
-0.397533
-0.392665
-0.445085
-0.444051
-0.441628
-0.438561
-0.435212
-0.4316
-0.427848
-0.424132
-0.420531
-0.417273
-0.414115
-0.410717
-0.406911
-0.402268
-0.3975
-0.450103
-0.44911
-0.446765
-0.443802
-0.440561
-0.437053
-0.433371
-0.429671
-0.425965
-0.422692
-0.419641
-0.416297
-0.412586
-0.408052
-0.403233
-0.456205
-0.455244
-0.452961
-0.450072
-0.446901
-0.443439
-0.43977
-0.436034
-0.432243
-0.428964
-0.425982
-0.422649
-0.418986
-0.414524
-0.409465
-0.462928
-0.461992
-0.459766
-0.456948
-0.453845
-0.45044
-0.446797
-0.443064
-0.439269
-0.43604
-0.433116
-0.429801
-0.426186
-0.421849
-0.417164
-0.470752
-0.469836
-0.467659
-0.46489
-0.461824
-0.458428
-0.454775
-0.451006
-0.447202
-0.443981
-0.441042
-0.437667
-0.433976
-0.429485
-0.424142
-0.479139
-0.478238
-0.476107
-0.473389
-0.470371
-0.467015
-0.46339
-0.459648
-0.455899
-0.452724
-0.44978
-0.446384
-0.442711
-0.438377
-0.433964
-0.488735
-0.487847
-0.485753
-0.483064
-0.480065
-0.476698
-0.473059
-0.469288
-0.46554
-0.462325
-0.459284
-0.455758
-0.451894
-0.447147
-0.441241
-0.49877
-0.497894
-0.495842
-0.493195
-0.490238
-0.486906
-0.483303
-0.479563
-0.475858
-0.472606
-0.469454
-0.465789
-0.461716
-0.456659
-0.44995
-0.509804
-0.508946
-0.506935
-0.50433
-0.50141
-0.498102
-0.494524
-0.490796
-0.487107
-0.483776
-0.480525
-0.47683
-0.472771
-0.467965
-0.461388
-0.521484
-0.520641
-0.518674
-0.516116
-0.513248
-0.509989
-0.506467
-0.502788
-0.499138
-0.495725
-0.492407
-0.488775
-0.484818
-0.480393
-0.474499
-0.533797
-0.532976
-0.531055
-0.528556
-0.525745
-0.522545
-0.519075
-0.515431
-0.511773
-0.508198
-0.504719
-0.500994
-0.496765
-0.491821
-0.484142
-0.54676
-0.545964
-0.544092
-0.541655
-0.538908
-0.535773
-0.532358
-0.528742
-0.525062
-0.521329
-0.517734
-0.514015
-0.509758
-0.505016
-0.499184
-0.56028
-0.559514
-0.557696
-0.555336
-0.552668
-0.549628
-0.546291
-0.542736
-0.539058
-0.535226
-0.531567
-0.527844
-0.52346
-0.518343
-0.510565
-0.574885
-0.574151
-0.572389
-0.570106
-0.567512
-0.564555
-0.561278
-0.557759
-0.554065
-0.550157
-0.546453
-0.542711
-0.538226
-0.533112
-0.52643
-0.590557
-0.589854
-0.588146
-0.585942
-0.583428
-0.580564
-0.577361
-0.573901
-0.57022
-0.566293
-0.562572
-0.558775
-0.554097
-0.548555
-0.540376
-0.607949
-0.607278
-0.605622
-0.603491
-0.601045
-0.598256
-0.595103
-0.591675
-0.587986
-0.584036
-0.580262
-0.576323
-0.571339
-0.56532
-0.556431
-0.627465
-0.626818
-0.62521
-0.623136
-0.620745
-0.618007
-0.614889
-0.611476
-0.607774
-0.603805
-0.599973
-0.595882
-0.590627
-0.584244
-0.574787
-0.649455
-0.648828
-0.647262
-0.64524
-0.642897
-0.640205
-0.637113
-0.633707
-0.629983
-0.625977
-0.62204
-0.617731
-0.61212
-0.605239
-0.594852
-0.674774
-0.674158
-0.672621
-0.670615
-0.66828
-0.665559
-0.662423
-0.658927
-0.655088
-0.650931
-0.646757
-0.642064
-0.635909
-0.628299
-0.616495
-0.703054
-0.702444
-0.700935
-0.698951
-0.696633
-0.693907
-0.690742
-0.687172
-0.683209
-0.678858
-0.674341
-0.669119
-0.662227
-0.653708
-0.640415
-0.735514
-0.734909
-0.733422
-0.731437
-0.7291
-0.726297
-0.723022
-0.71926
-0.715045
-0.710336
-0.705283
-0.699328
-0.691511
-0.681925
-0.667626
-0.771937
-0.771329
-0.76986
-0.767873
-0.765519
-0.762652
-0.759271
-0.755313
-0.750801
-0.745626
-0.739829
-0.732844
-0.723675
-0.712249
-0.695217
-0.813533
-0.81293
-0.811478
-0.809483
-0.807085
-0.804104
-0.800539
-0.796267
-0.791294
-0.785424
-0.77856
-0.770146
-0.759135
-0.745245
-0.725051
-0.861001
-0.860404
-0.858974
-0.856975
-0.854535
-0.851435
-0.847658
-0.843014
-0.837457
-0.830681
-0.822435
-0.812185
-0.798861
-0.781988
-0.758037
-0.915589
-0.915006
-0.913601
-0.911602
-0.909101
-0.905859
-0.901802
-0.896675
-0.890333
-0.882355
-0.872294
-0.85963
-0.84323
-0.822461
-0.793437
-0.981674
-0.981102
-0.979721
-0.977685
-0.975041
-0.971489
-0.966891
-0.960881
-0.95319
-0.943228
-0.930354
-0.914023
-0.893051
-0.866799
-0.831557
-1.05692
-1.05637
-1.05499
-1.05292
-1.05012
-1.04627
-1.04109
-1.03408
-1.02475
-1.01228
-0.995742
-0.974492
-0.94724
-0.913383
-0.869083
-1.16574
-1.16521
-1.16387
-1.16159
-1.15815
-1.15306
-1.14579
-1.13559
-1.12164
-1.10288
-1.07822
-1.04715
-1.00871
-0.962979
-0.906287
-1.26576
-1.2652
-1.26363
-1.26106
-1.25726
-1.25155
-1.24312
-1.23089
-1.21353
-1.18949
-1.15723
-1.1162
-1.06586
-1.00747
-0.938308
-1.54722
-1.54702
-1.54513
-1.5405
-1.53138
-1.51635
-1.49361
-1.46129
-1.41774
-1.36211
-1.29478
-1.21833
-1.13585
-1.05188
-0.967426
-1.52919
-1.52777
-1.52832
-1.52248
-1.5123
-1.49732
-1.47586
-1.4459
-1.40528
-1.35258
-1.28755
-1.21247
-1.13047
-1.04599
-0.961709
-3.01567
-3.09258
-3.0326
-2.95042
-2.84696
-2.71229
-2.53954
-2.32958
-2.08991
-1.83553
-1.58667
-1.36529
-1.1856
-1.04844
-0.945048
15.7041
15.0432
14.2047
13.39
12.5154
11.5508
10.5168
9.44702
8.37916
7.35476
6.41501
5.59226
4.90192
4.33965
3.89935
6.75339
5.91965
5.95836
6.07394
6.12035
6.12106
6.09288
6.02342
5.89581
5.69834
5.42786
5.09275
4.71338
4.31699
3.94361
4.61434
4.30212
4.52056
4.58528
4.59228
4.59896
4.60713
4.60471
4.58499
4.54276
4.47111
4.3617
4.2076
4.00664
3.7764
4.00227
3.99715
4.21664
4.23754
4.24503
4.25989
4.27075
4.26755
4.2463
4.20381
4.13745
4.04551
3.92654
3.77809
3.60635
3.37246
3.65358
3.79095
3.79389
3.81579
3.84408
3.86883
3.88624
3.89338
3.88503
3.85533
3.79936
3.71421
3.59848
3.45737
3.45567
3.75622
3.74413
3.72302
3.72306
3.71847
3.70775
3.69362
3.67611
3.65285
3.62025
3.57376
3.50845
3.41942
3.3062
3.61433
3.70982
3.65568
3.65015
3.64346
3.62466
3.5983
3.56763
3.53286
3.49333
3.44797
3.39495
3.33146
3.25346
3.15653
3.3944
3.40148
3.38349
3.39473
3.39327
3.38432
3.37008
3.35121
3.32726
3.29763
3.26133
3.21695
3.16275
3.09661
3.01446
3.10955
3.10429
3.10878
3.11912
3.12116
3.12156
3.11834
3.11112
3.09967
3.08349
3.06147
3.03204
2.99338
2.94415
2.88408
2.88403
2.88367
2.89291
2.90005
2.9043
2.90848
2.9096
2.90746
2.90202
2.89288
2.87917
2.85956
2.83232
2.79586
2.75047
2.69932
2.70266
2.71187
2.71938
2.72559
2.73092
2.73392
2.73447
2.73239
2.72727
2.7184
2.70466
2.68454
2.65625
2.62062
2.53866
2.54348
2.55264
2.56173
2.56887
2.57428
2.57836
2.58067
2.5809
2.57869
2.57345
2.5642
2.54959
2.52784
2.50035
2.4008
2.40589
2.41483
2.4243
2.43112
2.43624
2.44085
2.44409
2.44567
2.44533
2.44263
2.4368
2.42675
2.41088
2.39132
2.28175
2.28646
2.29478
2.30357
2.30962
2.31443
2.3192
2.32279
2.32503
2.32573
2.32456
2.3209
2.31386
2.30184
2.28616
2.1744
2.17853
2.18613
2.19414
2.19992
2.20481
2.20956
2.21327
2.21585
2.21717
2.21694
2.21463
2.20947
2.2
2.18695
2.07418
2.07791
2.08507
2.09282
2.09918
2.10452
2.10915
2.11294
2.11582
2.11765
2.11818
2.11703
2.11357
2.10676
2.09814
1.98086
1.98444
1.99144
1.99926
2.00629
2.01192
2.01638
2.02032
2.02349
2.02576
2.02694
2.02673
2.02461
2.01962
2.0137
1.89548
1.899
1.90583
1.91362
1.92075
1.92623
1.93049
1.93455
1.93792
1.94048
1.9421
1.9425
1.94123
1.93727
1.93231
1.81766
1.82103
1.82755
1.83502
1.84176
1.84683
1.85093
1.85504
1.85849
1.86121
1.86313
1.864
1.86347
1.86063
1.85735
1.74574
1.74885
1.75495
1.76192
1.76813
1.77291
1.77697
1.78106
1.7845
1.78732
1.78945
1.79071
1.79081
1.78895
1.78711
1.67761
1.68044
1.68613
1.69264
1.69851
1.70345
1.70771
1.71169
1.7151
1.71797
1.72025
1.7218
1.7224
1.7213
1.72046
1.61222
1.61484
1.62024
1.62648
1.63231
1.63771
1.64224
1.64606
1.64945
1.65238
1.65477
1.65654
1.65751
1.65699
1.65671
1.54979
1.5523
1.55752
1.56364
1.56956
1.57529
1.57991
1.58358
1.58702
1.59002
1.59253
1.59447
1.59571
1.59563
1.59562
1.49083
1.49328
1.49835
1.50439
1.5103
1.51605
1.52054
1.52411
1.52761
1.53067
1.53328
1.53536
1.53683
1.53717
1.53787
1.43536
1.43773
1.44263
1.4485
1.45427
1.45979
1.46405
1.46754
1.47108
1.47418
1.47687
1.47911
1.4808
1.4815
1.48374
1.38291
1.38516
1.38983
1.39545
1.40095
1.40614
1.41021
1.41367
1.4172
1.42031
1.42305
1.42541
1.42733
1.42835
1.43118
1.33257
1.33467
1.3391
1.34443
1.34963
1.35454
1.35862
1.36216
1.36562
1.36868
1.37142
1.37381
1.37582
1.3769
1.37983
1.28365
1.28562
1.28982
1.29487
1.29983
1.30463
1.30894
1.31265
1.31599
1.319
1.32173
1.32415
1.32627
1.32756
1.33097
1.23591
1.23776
1.24179
1.24664
1.25149
1.2563
1.26091
1.26476
1.26798
1.27098
1.27372
1.2762
1.27846
1.27996
1.28352
1.18949
1.19127
1.19516
1.19989
1.20469
1.20956
1.21435
1.21822
1.22134
1.22436
1.22712
1.22963
1.23196
1.23358
1.23685
1.14454
1.14627
1.15006
1.1547
1.15947
1.16435
1.16914
1.17292
1.17597
1.17901
1.18177
1.18427
1.18655
1.188
1.19002
1.10118
1.10287
1.10655
1.11109
1.11579
1.12061
1.12527
1.12892
1.13192
1.13499
1.13777
1.1403
1.14268
1.14443
1.14554
1.05931
1.06095
1.06451
1.06892
1.07351
1.07819
1.08266
1.08618
1.08917
1.09228
1.09511
1.09775
1.10032
1.10258
1.10386
1.01864
1.02021
1.02363
1.02788
1.03231
1.0368
1.04107
1.04455
1.04757
1.05066
1.05348
1.05615
1.05876
1.06128
1.06139
0.978717
0.980204
0.983488
0.987567
0.991807
0.996121
1.00024
1.00379
1.0069
1.00991
1.01267
1.01527
1.01775
1.02037
1.0203
0.939339
0.94075
0.943901
0.947811
0.951884
0.956057
0.960118
0.963851
0.967076
0.969976
0.972696
0.975284
0.977743
0.980518
0.981708
0.900402
0.901749
0.904787
0.908557
0.912507
0.916604
0.920682
0.924618
0.927929
0.930731
0.933437
0.93602
0.938461
0.941171
0.94204
0.861969
0.863267
0.866211
0.869873
0.87374
0.877807
0.881923
0.885982
0.889305
0.892023
0.894722
0.897277
0.899657
0.902192
0.903013
0.824048
0.82531
0.828178
0.83176
0.835576
0.839636
0.843784
0.84788
0.851171
0.853854
0.856594
0.859192
0.861674
0.86438
0.865121
0.786747
0.78798
0.790779
0.794291
0.798062
0.802102
0.806242
0.810296
0.813524
0.816202
0.818995
0.821648
0.824232
0.827207
0.827836
0.749983
0.751188
0.753918
0.757361
0.761077
0.765073
0.769161
0.77312
0.776272
0.778949
0.781776
0.784459
0.787069
0.790146
0.791039
0.713707
0.714877
0.717534
0.720895
0.724536
0.728453
0.732448
0.73628
0.739363
0.742047
0.744886
0.747585
0.750199
0.753257
0.754247
0.677743
0.678875
0.681454
0.684723
0.688271
0.692087
0.695971
0.699682
0.702753
0.705481
0.708326
0.711053
0.713733
0.716899
0.717654
0.641963
0.643053
0.645549
0.648717
0.652157
0.655857
0.659625
0.663243
0.666382
0.6692
0.672033
0.674794
0.677565
0.680977
0.682086
0.606161
0.607209
0.609623
0.612688
0.616018
0.619604
0.623274
0.626843
0.63012
0.633039
0.635818
0.638574
0.641332
0.644791
0.646309
0.570249
0.571255
0.573593
0.576558
0.579785
0.583271
0.586871
0.590431
0.593859
0.596852
0.59955
0.602279
0.604962
0.608222
0.609828
0.534146
0.535117
0.537387
0.540266
0.543408
0.546824
0.550393
0.553983
0.557545
0.560592
0.563246
0.566013
0.568751
0.572049
0.573798
0.497857
0.4988
0.501011
0.503818
0.506896
0.510268
0.513834
0.51747
0.521129
0.524212
0.526878
0.529745
0.532639
0.536205
0.538435
0.461309
0.462228
0.464388
0.467136
0.470166
0.473511
0.477085
0.48076
0.484464
0.48756
0.490262
0.493234
0.496273
0.50009
0.502597
0.42443
0.425329
0.427441
0.430139
0.433128
0.436451
0.440025
0.443716
0.447415
0.450501
0.45324
0.456297
0.459454
0.463751
0.468221
0.387147
0.388027
0.390094
0.392742
0.395691
0.398985
0.402543
0.406217
0.40987
0.412916
0.415666
0.418747
0.421828
0.425622
0.432873
0.349415
0.350275
0.352296
0.354895
0.3578
0.361058
0.364582
0.368218
0.371805
0.37482
0.377596
0.380737
0.383937
0.387291
0.395294
0.311179
0.312019
0.313992
0.316537
0.319393
0.322602
0.326079
0.329663
0.333187
0.336202
0.339036
0.34224
0.345638
0.348834
0.356478
0.272321
0.273138
0.275062
0.277549
0.280348
0.2835
0.286919
0.290447
0.293922
0.296992
0.299938
0.303234
0.306903
0.310456
0.318516
0.232661
0.233452
0.235325
0.23775
0.240486
0.243572
0.246926
0.250396
0.25384
0.257012
0.260089
0.263438
0.267241
0.270884
0.278721
0.192013
0.192779
0.1946
0.196961
0.199629
0.202646
0.205932
0.209353
0.212791
0.21611
0.219335
0.222735
0.226687
0.23055
0.237836
0.150186
0.150926
0.152697
0.154996
0.1576
0.160553
0.163787
0.167187
0.170664
0.174176
0.177584
0.1811
0.185298
0.189664
0.197482
0.106994
0.107711
0.109435
0.111676
0.114222
0.117122
0.120324
0.123736
0.127294
0.131023
0.134644
0.138362
0.142927
0.147938
0.156725
0.0621468
0.0628428
0.0645235
0.0667118
0.0692088
0.0720715
0.0752613
0.0787122
0.0823778
0.086314
0.0901438
0.0941014
0.0990576
0.104637
0.114024
0.0153607
0.0160376
0.0176779
0.0198193
0.022275
0.0251109
0.0283038
0.0318087
0.0355907
0.0397121
0.0437469
0.0479802
0.0533707
0.0596172
0.0700871
-0.0337067
-0.033047
-0.0314441
-0.0293436
-0.0269196
-0.024097
-0.0208844
-0.0173088
-0.0133983
-0.009095
-0.0048292
-0.000250383
0.00565131
0.0126053
0.0246521
-0.0853926
-0.0847489
-0.0831818
-0.0811184
-0.0787197
-0.0759015
-0.0726582
-0.0690014
-0.0649519
-0.0604576
-0.0559185
-0.0509159
-0.0444069
-0.0367456
-0.0231083
-0.140177
-0.139549
-0.138017
-0.135987
-0.133606
-0.13078
-0.12749
-0.123732
-0.119516
-0.114789
-0.109891
-0.104332
-0.0970164
-0.0884158
-0.0728703
-0.198619
-0.198007
-0.19651
-0.194511
-0.192142
-0.189299
-0.185947
-0.182063
-0.177639
-0.172607
-0.167228
-0.160935
-0.152565
-0.142733
-0.125742
-0.261561
-0.260965
-0.259503
-0.257531
-0.255163
-0.252283
-0.248835
-0.244776
-0.240064
-0.234598
-0.228529
-0.221209
-0.211354
-0.199458
-0.179608
-0.329949
-0.329371
-0.327945
-0.325998
-0.323623
-0.320688
-0.317112
-0.312817
-0.307718
-0.301655
-0.29464
-0.285953
-0.274216
-0.259804
-0.236759
-0.405482
-0.404923
-0.403534
-0.401605
-0.399202
-0.396172
-0.392396
-0.387752
-0.382088
-0.375161
-0.366815
-0.356267
-0.342067
-0.324449
-0.297445
-0.489561
-0.489022
-0.487667
-0.485744
-0.483288
-0.480112
-0.476051
-0.470913
-0.464451
-0.456298
-0.446077
-0.432941
-0.415345
-0.393325
-0.360845
-0.586838
-0.586315
-0.584994
-0.583045
-0.580449
-0.576965
-0.572347
-0.566297
-0.558426
-0.548194
-0.534963
-0.517837
-0.495215
-0.466952
-0.427201
-0.696148
-0.695639
-0.694315
-0.692295
-0.689506
-0.685633
-0.680318
-0.673105
-0.663391
-0.650369
-0.633052
-0.610442
-0.580846
-0.543911
-0.491858
-0.841224
-0.840726
-0.839435
-0.837191
-0.833727
-0.82855
-0.821056
-0.810497
-0.795941
-0.776286
-0.750318
-0.717228
-0.675793
-0.626808
-0.561479
-0.982032
-0.981522
-0.979989
-0.977405
-0.973481
-0.967508
-0.958602
-0.945622
-0.927128
-0.901472
-0.866968
-0.822833
-0.768288
-0.705801
-0.628245
-1.30754
-1.30729
-1.30536
-1.30058
-1.29114
-1.27553
-1.25187
-1.21816
-1.1726
-1.11417
-1.04312
-0.961869
-0.873181
-0.782663
-0.687773
-1.34294
-1.34165
-1.34228
-1.33623
-1.32553
-1.30951
-1.28636
-1.25377
-1.20946
-1.15177
-1.08033
-0.997368
-0.905706
-0.810572
-0.715383
-2.89015
-2.96663
-2.90606
-2.82291
-2.71744
-2.57927
-2.40143
-2.18459
-1.93656
-1.67268
-1.41375
-1.18241
-0.992153
-0.842303
-0.723838
0.339531
1.28604
-0.376848
0.0161496
0.106436
-0.536885
0.124976
1.92813
0.560523
0.337133
0.0828112
1.26715
0.472406
-0.100344
0.0217884
1.49072
-0.15266
-2.21211
-0.300633
0.268235
1.21454
0.498744
1.55186
2.43301
1.8739
0.041627
1.18017
-0.157334
-6.76926
0.369026
-0.557272
-0.259644
1.7432
0.797482
1.45368
0.462374
-0.890416
0.916641
1.93458
0.887981
-0.341063
0.716874
1.02856
0.759636
0.178774
0.740395
0.61036
1.78459
1.00602
0.165984
0.0182059
2.70756
0.90613
3.4362
0.680388
1.21765
0.696711
0.751123
1.69196
-1.24243
0.271114
1.48
1.39952
0.185033
4.72192
0.422644
2.00138
1.20285
0.531974
0.335006
-0.354186
1.02439
0.38874
0.475558
1.05539
-0.313775
1.76695
1.41961
0.687403
0.705863
-0.193026
3.48499
0.329522
0.862377
0.465191
-0.335521
2.17782
0.464131
0.49369
-0.120562
1.07917
1.00549
0.521594
1.55581
0.0829384
0.692222
1.95731
1.21115
1.15052
-0.305849
-0.143915
0.92011
0.220226
0.571592
0.71268
1.15085
-0.182694
-0.414036
0.545247
1.61225
0.524495
0.374828
0.547471
0.583391
1.60059
-0.0163622
1.04448
1.56073
1.23719
2.71878
0.412039
0.0200593
-0.321523
1.41003
0.702309
1.12177
-0.095735
0.825915
-3.20907
1.67606
0.0600599
1.12154
0.72689
1.92144
0.900844
0.86619
-0.381918
0.625444
0.550218
2.20321
0.510625
1.05054
0.220084
-0.171163
-0.483394
0.222753
-0.582295
-0.0188773
1.77754
-0.0294254
1.53637
0.416752
1.38417
0.296521
0.480118
0.333393
0.847925
0.716082
1.39009
0.697295
0.689792
0.39933
0.533947
3.52563
0.320088
0.0434358
0.427843
1.65081
0.0185148
0.649496
-0.75691
1.44891
0.320401
1.31382
-3.11818
0.539373
0.641834
0.574944
2.78103
2.19547
3.45409
-0.0929043
0.233139
0.334634
0.553221
0.262352
0.593523
-0.295234
0.879278
-0.218286
1.529
0.623618
0.61105
1.98234
0.737892
1.2366
0.569656
0.580458
-0.232027
1.77477
5.82716
-0.295322
0.974603
2.11864
0.766783
0.939037
0.441547
-0.455562
0.390063
0.685416
-0.390597
0.352087
0.139803
0.823919
0.663474
2.29958
0.529552
1.329
-0.323701
1.84467
0.0133571
0.757385
-0.0765275
-0.258634
2.22829
1.55054
0.173292
1.74773
0.388
0.638913
-0.345739
1.14309
0.748818
2.82551
-0.337589
0.90444
1.25059
3.02082
0.243942
1.46064
0.438897
0.477424
1.04727
10.0295
0.481773
-0.515819
-0.392924
0.591924
2.07126
0.331464
-0.359607
0.376029
0.12082
6.03996
1.26347
1.1853
0.724028
0.200898
1.69308
1.93879
0.868307
0.680663
1.57028
0.137321
-0.714742
0.163221
0.932819
1.89601
-0.340722
0.661585
1.32315
0.667707
-0.337173
0.383804
2.24856
0.794684
1.08989
1.45994
0.626166
-4.52051
0.494111
0.219352
-0.274529
0.628678
0.66258
-0.16013
1.65598
0.153421
2.43373
0.764477
-1.18262
-0.383927
0.361126
-0.316618
0.839366
6.10796
0.669954
-0.125477
0.870013
0.195134
1.41896
-3.8186
0.632422
0.674963
0.286011
0.258607
0.966091
1.14433
0.435976
-0.223381
1.16787
-0.736261
0.758647
-0.149895
0.702065
-0.555561
-0.0263555
-0.201494
1.58616
-0.655787
0.347022
-0.115889
0.572948
1.23396
5.98873
0.34578
0.0305878
0.2527
0.241818
1.24898
-0.360919
0.751647
-0.752299
0.646516
1.51972
4.26001
-0.411523
2.44501
2.46908
4.01992
-0.110774
1.7826
0.620081
-0.288691
0.600061
0.571692
-0.247041
0.451672
0.833751
1.1967
-0.341003
0.92921
-0.0438246
0.85747
0.404736
0.402016
0.337186
-0.329053
2.06792
1.07262
2.9816
0.684809
-0.196313
-0.276257
0.345781
-0.265376
-0.273417
0.859206
0.736585
-0.667
-0.334221
1.98839
1.71824
-0.36592
1.83797
0.52352
-0.231198
1.64626
3.38434
0.304425
-0.496351
0.237384
-0.0957828
0.933607
0.0269103
-0.0119041
0.849455
0.73614
0.228316
0.599099
0.499659
1.49642
7.49537
0.339838
0.822441
1.55481
1.25322
-0.63874
0.52684
0.550028
1.73533
1.78099
-0.223276
0.547362
-1.17774
0.720707
0.813705
-0.282985
0.931738
-0.174345
0.592068
0.562415
0.644531
0.353041
1.59648
0.640221
0.361589
0.0503389
0.896575
-0.0451652
1.03936
1.04044
0.878526
0.563684
0.979461
1.48876
1.30623
0.370608
1.28745
-0.430253
0.3993
0.239569
2.28703
-0.562765
0.524206
0.848446
-0.260647
-0.260883
0.692884
0.384626
-0.359206
0.40823
0.89508
0.442833
0.811117
-0.291327
1.7448
-0.0551865
0.970255
8.04612
0.557521
0.433391
-0.304178
0.474439
0.319222
0.131718
1.52627
2.98626
0.939495
0.796201
0.422793
1.58068
-0.44035
-0.362021
0.891298
0.2525
1.2871
1.58647
0.0646368
0.608695
0.484899
0.412302
-0.353545
1.37075
1.06075
0.34572
0.546282
0.757062
-0.444747
0.27971
0.463203
0.536576
2.28656
0.552473
0.458146
2.3344
0.523432
0.387738
0.168508
0.943872
0.443927
0.508308
0.428524
0.299704
0.312859
-0.185099
0.932486
0.464746
0.67899
-0.0809157
0.458579
1.08778
1.10529
0.792344
-0.298975
0.359725
0.704409
2.12621
1.29665
2.32723
0.609039
0.534828
-0.142757
2.61498
0.515027
0.897517
0.808318
0.60634
0.731694
0.757169
-0.0817738
0.489025
0.715254
0.533204
0.699448
-0.083507
1.06123
0.196827
1.09811
-0.398904
0.230438
1.87549
1.35313
1.52494
0.81177
-0.123894
1.61333
0.516917
0.512485
0.0402423
1.2096
0.431073
0.850056
0.339356
1.3541
1.19912
1.37373
0.365829
2.08811
1.52646
0.262501
-0.257158
2.17396
0.836327
0.31712
0.394768
-0.281353
0.71369
0.702898
2.0451
1.17256
0.547101
0.0882484
0.777653
1.45701
0.404411
-0.299791
-0.168422
0.734212
0.147551
-0.235558
0.759124
0.153949
0.0392896
-0.245982
1.42898
0.902798
1.0946
1.50222
-0.0101249
0.922517
1.36509
-0.439759
0.501715
-8.69044
0.547638
0.41849
-0.0207728
14.2545
-0.368156
2.03257
0.423666
1.06669
-0.140676
0.537846
0.582645
-2.97756
0.736504
1.1423
0.665448
0.853756
0.3637
2.14212
-0.615667
0.855978
1.07538
0.111857
0.708472
6.54881
0.152017
0.90462
-0.166126
0.916
0.683745
0.472704
1.86338
-0.171615
0.447883
1.63467
0.794673
3.53321
0.413488
1.09333
1.37194
0.550752
0.309373
0.362545
1.60729
0.405358
-0.0720866
3.19204
0.426688
-0.515811
0.155741
-1.29078
-0.276225
0.786819
0.65807
0.481131
1.58737
0.910265
1.98729
0.509748
0.753826
0.393198
0.764084
0.557542
2.55623
0.430315
0.929761
0.320125
0.50938
-0.0405156
0.73009
0.775436
1.14994
-0.239163
1.54047
-0.295323
0.4218
0.964087
0.612594
0.214013
-0.0224358
-0.332554
2.37771
0.563171
0.218093
0.526108
-0.522626
0.200574
2.09078
7.01226
-0.484048
3.02939
0.534992
0.929901
-0.321394
0.784055
1.11836
1.38982
1.18952
0.904185
1.30238
3.69412
-0.262027
1.47642
-0.266391
2.3681
0.404581
-0.176561
1.64135
-8.44161
0.894534
0.327557
-0.221818
0.719492
-0.292535
7.72935
0.339736
0.721444
1.03973
0.0173948
0.542198
-0.236738
3.80199
-0.343569
0.480566
0.716961
0.136536
0.100217
-0.280303
-2.03298
-0.327701
0.315579
-0.4596
0.478407
7.91339
1.09661
0.425932
2.84089
-3.12498
0.234772
0.836879
0.526934
1.12929
0.573973
0.53756
-0.424891
0.52085
-0.390506
0.628881
-0.281202
1.51043
1.42384
0.562793
0.066515
1.47225
-6.27636
0.319061
-0.491434
-0.691669
-0.498664
0.279194
-0.28775
2.70092
1.39418
0.214347
-0.205002
0.554106
1.41959
1.6348
0.630627
-0.750301
0.466737
0.564024
0.417238
0.816206
0.502376
0.530599
0.474275
0.27748
-2.04679
-0.346455
1.87066
-0.411354
0.776704
-2.25239
0.602689
-0.629326
-0.0671788
0.0427187
1.9385
0.566008
0.17434
2.01742
0.76393
-0.567855
0.50894
0.133768
3.93286
0.818895
-0.351298
0.314912
0.221774
1.69364
1.9663
0.192658
0.319489
-0.286004
0.577676
0.691568
-0.360601
1.64764
0.881665
-0.363235
3.56737
1.0144
-0.277735
1.33118
0.513303
0.670781
1.35969
0.284723
-0.1911
-0.182308
0.118712
0.614791
0.771367
-0.301688
1.05284
0.578763
-0.563688
-0.299505
0.620909
0.418048
0.203417
-0.610487
-0.0757492
2.96879
1.0518
-0.371371
1.91062
0.948606
1.87092
1.61615
0.519192
0.0663529
1.57149
1.87688
-0.189041
0.414344
0.419918
1.85394
3.2986
-0.0359642
-0.439392
0.665256
0.456772
-0.515881
0.0599076
0.315468
-0.357391
0.497082
1.20954
0.45033
1.48065
1.15239
0.222026
-0.208545
0.408952
1.87808
0.988464
0.27569
1.65296
-0.706555
0.68471
0.50049
2.21327
0.477311
0.565857
0.513451
-0.18614
-0.389486
0.143349
0.405426
-0.334719
0.621986
1.28135
1.89046
0.246841
1.56255
-0.099213
1.65766
0.814417
0.488789
0.442991
2.68028
1.21926
0.550314
0.630046
0.825248
1.35394
-0.186561
1.46248
1.00498
0.328006
0.402541
-0.3898
0.691884
0.0569415
-0.392526
0.117607
-4.44249
1.60408
1.20282
1.51054
0.520544
1.55074
0.71412
-0.722251
1.78172
0.66457
0.249767
1.52063
0.957275
0.39131
0.444115
0.599127
0.977776
1.46238
1.02169
0.421737
0.835964
-0.0110712
0.530821
0.00394632
1.44816
0.376235
-0.238237
-0.378217
0.445302
1.65357
0.446984
-0.532385
0.16075
-2.81581
0.699521
2.6566
-0.554821
0.00821901
0.0677706
0.689183
0.719793
0.404061
0.602561
0.477239
-0.131902
0.404696
0.751179
0.192266
-0.380401
0.573185
1.11982
0.0589824
-0.325062
-0.393929
0.942844
1.1726
0.0806154
0.578347
2.66557
0.677227
-0.0414418
1.80553
1.26022
0.633275
0.188484
-0.107116
1.0614
-0.587461
0.424741
1.92427
0.817516
1.24372
0.897629
1.05893
0.639313
-0.175601
0.487809
0.368324
0.108284
0.497017
2.59064
-0.397213
-0.341916
1.21825
0.824009
-0.101982
0.442859
0.186065
0.0123307
-0.305619
1.25308
0.460996
0.510226
2.14779
0.594582
1.09579
-0.296249
0.426354
22.1662
0.134682
0.408827
1.22444
-0.301696
1.83525
0.273817
0.872709
0.43634
0.539233
0.3473
1.08775
0.128738
0.555966
0.870907
1.47162
0.825547
0.174507
-0.433509
3.06372
0.559044
-8.60042
0.372788
0.0222659
0.598167
-0.684921
0.492941
1.232
0.0628414
1.36401
-0.20953
0.408238
2.46933
0.937705
0.283478
0.43006
0.410207
1.97898
0.585489
0.53966
1.97364
0.705172
2.76173
0.785614
0.595626
0.440493
0.8709
-0.134069
-0.405085
0.428588
0.166143
2.37355
1.38004
0.931193
-0.268303
0.580041
0.898996
0.164523
2.03052
1.50283
-0.174232
0.15242
0.583642
1.55725
1.75101
0.38866
0.520437
0.779536
0.384928
2.36434
0.515799
-0.652572
0.75184
0.427049
-0.300708
0.568
0.058769
0.761194
0.287562
-0.0652891
1.56373
-0.472784
-0.285367
1.17937
0.501642
-0.196754
2.76355
1.68026
1.00755
-0.0913614
1.71311
-0.0533749
1.49491
0.0905926
1.40255
0.680751
-0.13149
0.809191
0.15537
0.431634
0.967693
0.885156
-0.253781
1.03658
0.399559
0.931202
0.722121
-0.288369
1.33716
0.850262
35.5856
0.982826
1.53761
-0.6403
-0.105088
-0.161191
-0.34023
1.01576
-0.335393
0.558017
1.2388
0.399339
0.421731
0.28614
4.5735
-0.24363
-0.186461
0.916215
0.904207
0.69399
2.19233
0.850297
1.35851
-0.344207
0.967936
0.47635
0.482451
1.05781
0.950776
0.0211091
0.816465
-0.129194
0.36786
1.99354
-0.51117
-0.354032
1.47365
0.25867
0.519563
0.270589
0.394948
0.790138
0.81076
0.301134
2.11933
0.666694
0.997665
0.292661
1.17584
0.307994
0.123122
0.820447
2.05388
0.430801
0.377111
-5.68894
1.38921
0.348332
0.78468
-0.572668
0.219997
1.77604
-0.369145
0.819983
-0.379441
-0.264121
0.911969
3.98317
-0.0228629
-0.256549
1.02358
1.3692
2.24157
-0.544542
-1.13972
-0.207421
0.80911
-0.337588
0.160485
0.712085
-0.200467
0.40612
0.748383
-0.393937
0.226529
0.0601392
1.98944
0.939865
-0.220953
0.381716
0.241396
-0.323676
0.549876
1.00874
-0.145169
-0.807297
0.0872965
0.533205
-0.332367
1.32936
1.55475
-0.0178634
2.44306
0.542233
-0.453085
0.203052
0.0782763
1.25297
0.524537
-0.258145
1.92408
0.616853
0.471843
0.499433
0.399767
0.372996
0.454299
0.138117
-0.394431
-0.196668
1.34532
0.591864
-0.362994
0.667778
-0.125461
2.7545
0.690859
-0.448969
0.362073
-0.178799
1.52746
0.392606
0.502878
0.747316
1.11833
0.25822
3.0243
0.146036
0.383574
0.480651
0.503836
0.971456
1.07572
0.687176
2.09688
0.990807
-0.241385
2.44831
0.805439
-0.129228
0.459561
0.352357
0.671522
0.294912
0.166264
1.67894
-0.175937
0.814466
-7.20665
0.753841
0.300498
1.68737
0.793665
0.732865
-0.0201209
0.561573
0.727765
-0.222095
0.433131
0.46183
-0.39459
0.456986
0.956035
0.586047
0.76588
-0.31774
0.693756
0.918881
0.696542
0.864899
1.42152
0.993876
1.77469
1.72313
0.655413
-0.201269
1.16337
-0.157748
0.298146
1.25809
0.234424
0.483339
0.907634
-0.0905514
0.378065
0.713525
-0.305915
0.826542
-0.157923
2.15094
0.208031
0.886168
2.04051
0.85934
0.125071
0.0245681
2.29961
-0.262726
0.0191049
-0.408269
2.92176
-0.378088
-0.319841
1.19987
1.29878
-0.240731
1.34541
0.472984
0.797561
-0.0631462
0.491368
0.5527
0.984108
-0.204766
3.25845
0.894408
0.34077
0.73265
-0.344333
1.09631
0.380658
1.58409
0.764277
-0.180396
0.418975
-0.043684
2.71608
0.831511
-0.324653
-0.50071
-0.342524
0.416406
0.524749
3.18903
0.858551
-0.187625
0.490259
0.431205
1.30675
0.410927
1.0684
0.600127
0.512065
-0.411171
0.464678
0.370194
0.230306
1.70594
1.27923
0.113519
1.63656
0.88169
1.05086
0.181572
-0.152556
0.422868
2.25239
1.65985
0.0220512
1.4026
0.832902
0.253902
0.784462
0.578935
-0.262169
0.205221
0.177171
1.3653
0.374882
0.416131
1.3237
0.483893
0.798162
0.448707
-0.5132
0.197174
0.569311
0.419469
1.47646
-0.0321171
0.619066
0.822731
-0.735379
0.52437
1.65572
0.416865
2.12467
1.35068
2.96844
-0.274837
0.281685
-0.242097
-0.469493
0.0920156
0.848292
0.735647
-0.286682
0.00941414
1.76412
0.179478
1.28897
4.34748
0.776682
1.57405
0.73414
0.510594
2.37905
1.01156
0.767063
0.109524
0.170695
-0.281564
0.502115
0.794907
-0.496787
1.71921
1.42275
0.723144
1.17371
0.35429
-0.0151529
0.607717
0.202697
-2.05582
0.443298
0.913849
0.875107
0.358117
0.78654
0.529046
2.06053
-12.7156
11.1755
0.771053
0.152941
0.893382
2.06767
0.393182
0.502157
-0.314777
1.09955
0.489195
-0.423732
-0.146131
-0.316216
1.00069
0.961425
-0.373214
2.42812
-0.261281
0.839687
-0.279706
-0.0132697
0.210864
1.63361
0.367551
1.28009
0.763387
-0.344559
1.17456
-0.223533
1.56661
0.758485
-25.5383
-0.637175
0.605502
0.215776
0.349104
1.63587
-15.4598
0.886367
0.278164
0.000158844
-0.361199
0.627088
1.00337
0.266603
1.36108
0.278949
-0.0157743
-0.327522
0.572076
0.890836
0.702591
0.310367
0.4597
-0.202968
-2.62657
0.467651
0.534193
0.833316
-0.302171
0.549434
2.04455
0.881112
0.777737
0.487356
-0.491732
0.263899
1.16556
0.97436
0.824733
1.28508
-0.40512
0.563289
0.331148
1.09712
0.408601
-0.0709333
0.896379
1.49752
0.900844
0.26298
0.903858
0.146454
0.485372
0.298488
2.79087
1.90181
0.955894
0.366974
3.82506
0.426587
0.136397
2.70403
1.09488
-0.352555
1.28011
1.58206
0.334705
0.443833
-0.231302
2.25598
-0.340978
1.26957
0.457551
5.17052
0.0318814
1.13087
-0.769189
-0.0373386
-0.511444
1.41031
-0.353088
0.545476
-0.25894
0.275057
-0.522709
0.162216
-0.109061
1.52146
-0.642876
0.497285
12.1385
0.633856
-0.123501
-0.190142
0.783239
-0.311792
1.38926
0.849034
0.185619
1.97464
0.416688
-4.0793
0.124549
0.726041
0.26249
1.75022
0.203367
0.2394
0.232146
0.954298
1.11408
0.531735
1.36097
-0.457724
2.88759
0.110443
1.46224
0.681285
0.322594
-0.345156
0.170578
2.25542
0.208267
-0.116841
-0.346537
0.0183073
-0.430218
0.157384
0.548882
-0.368047
0.770583
0.595214
1.81262
-0.315944
0.641278
0.791491
0.750291
1.10962
5.06261
1.41363
1.4518
0.347893
-0.333523
0.987495
0.925883
0.0981486
1.16044
0.478606
-0.177455
-0.19193
1.31398
0.83439
1.22022
-0.0764443
1.45834
1.86164
1.33751
0.0617751
1.29654
1.49201
0.917324
0.803573
0.487918
-0.34394
1.05607
0.563286
1.55321
-0.00892941
0.0517612
2.4264
1.722
-0.366302
0.954855
1.5805
-3.46523
0.104579
-0.378435
0.313419
-0.295884
0.735593
-0.245331
-0.146114
1.70119
1.76332
-0.335535
1.44243
0.301967
0.382134
1.09956
-12.0571
0.399563
1.14358
-0.446156
0.392528
0.142113
0.529425
0.656274
0.387064
0.57952
-7.17012
-0.573352
1.16711
-0.732324
-0.292468
0.804385
-5.16279
-0.149133
-0.438752
0.638677
0.156017
1.52397
-0.462499
0.186203
1.66247
-0.419558
0.283758
-0.189549
0.767942
0.144086
2.57232
-0.75451
-0.205713
1.36327
1.2429
7.82486
1.53925
-0.172162
0.541683
1.6871
0.976057
-0.355365
-0.357094
2.28602
-0.591314
0.270816
0.408326
0.209414
1.05392
-0.232323
2.55588
0.604337
1.05166
-0.337002
0.85076
1.14823
-0.849282
0.56761
-0.421513
0.460817
-0.254417
0.27277
0.429736
0.464928
0.144926
1.91986
-0.302988
1.52285
1.2922
0.2298
1.14888
-0.0575532
1.55412
-0.425409
1.88384
0.267964
0.355289
0.341385
-0.356186
1.52312
0.891401
3.20002
-0.400799
0.617432
-0.331804
0.610563
0.955237
0.499225
0.985082
-0.286579
0.0985031
4.24314
0.579741
0.778638
0.507446
0.775436
0.426695
0.396538
1.62125
-0.308498
0.885826
-0.50888
0.833696
0.615032
0.153392
0.885643
2.91131
0.658783
0.468331
0.394814
-0.0505363
-0.325743
0.645389
-3.92273
0.459848
0.130351
0.612055
0.685755
-0.262663
-0.69543
0.129607
0.173926
1.00734
0.555879
0.509876
0.11348
1.79057
-0.371585
0.836459
5.23552
0.405322
-0.47991
-0.48069
0.166291
1.24145
-5.89092
0.643191
1.66398
0.450998
0.549502
-0.571599
1.83715
1.93811
0.960904
0.544969
0.618512
-0.0856051
1.73099
-0.540723
0.101136
0.832764
1.15935
0.494933
0.600891
0.470953
-0.0986864
2.99782
2.96807
0.602877
-0.18567
0.636044
-0.370701
0.740686
1.01058
0.157716
1.71707
0.724706
1.40036
0.558284
-0.00293302
-0.080734
0.41767
0.668188
0.721816
1.41722
0.83822
0.465495
-0.25439
-0.331017
1.22527
0.36316
2.44369
1.41138
0.367191
-0.0268121
1.3217
0.622326
2.39987
0.583571
0.569079
0.559999
0.247797
0.246756
1.11039
0.516975
-0.338212
0.458034
-0.311486
0.750331
0.59699
0.46495
0.247397
2.20323
0.783718
0.531976
2.00563
0.511388
0.378551
1.02797
1.24505
0.935784
1.6941
-0.351757
-0.42502
0.351898
0.0486175
0.767337
-0.406684
-0.055296
1.95744
-0.114402
0.292643
0.0986109
0.229351
1.30461
0.69748
-1.11233
0.598128
1.27675
0.536285
0.709429
1.10797
0.805581
1.27203
0.548952
1.64426
0.272552
2.9087
-0.0121283
1.29647
0.368312
1.92441
0.60698
0.6765
2.0442
0.606898
0.569496
0.880233
0.367859
-0.496193
0.176579
-0.325567
0.955222
1.40621
-0.374829
0.799501
1.49295
-0.489324
0.229051
0.8727
-0.429052
0.231439
-0.426779
0.429441
1.5388
1.03185
0.588629
0.291989
0.898312
0.845798
1.27833
0.282046
0.409563
1.76162
0.722233
0.503223
1.18911
-0.244239
0.844071
0.875114
1.09936
0.658427
0.65313
1.03145
-0.347771
0.817499
0.686863
0.730951
1.81179
0.412106
1.15115
0.673486
1.78632
0.480826
-0.395453
0.654533
-0.242193
0.868214
-4.10829
-0.353062
1.42136
0.535536
0.32298
0.721276
1.9357
6.86222
0.226781
0.173478
-1.82967
1.31149
0.116988
1.02742
-2.88678
0.56609
0.789011
0.428997
-0.279536
1.41915
-0.102264
0.138382
0.485249
0.435871
-0.599792
-0.712599
-0.349514
2.06895
0.454529
1.83359
0.745079
1.27613
0.313793
0.236994
0.0738549
1.201
14.1089
15.0283
1.10998
1.30427
0.453215
2.15772
0.285198
0.398932
0.810597
-0.99946
0.653852
2.21645
0.0422831
2.26732
0.653441
0.328835
0.759459
0.898551
-0.40949
0.537212
0.965217
0.584079
0.200611
1.49164
-0.368692
0.210975
0.275577
0.302989
2.17719
-0.265147
0.481427
0.254314
0.89043
2.12134
-0.134063
1.59335
-7.05887
0.756742
0.309705
1.76855
1.57218
-2.5981
-0.387801
0.188487
1.34717
0.659114
0.829883
0.0574968
0.825849
-0.284183
23.8881
-0.278194
0.857231
0.677463
8.56112
0.431193
-0.162352
1.14585
0.756946
-0.162429
-0.21846
-0.13841
1.13825
0.266232
1.23172
0.278487
1.6368
0.588737
-0.460041
0.0637104
1.07111
-0.694493
0.974295
-0.263021
1.37725
0.528502
1.60681
0.346662
1.61869
1.32576
0.767812
1.27769
-0.0189663
1.35535
-0.255335
1.91145
0.538605
-1.40162
1.42971
0.0724183
0.44902
0.128552
-0.525147
0.467463
-3.57761
0.0840092
2.77259
-0.24938
1.66825
-0.38388
0.665357
0.516317
1.75373
0.838077
2.06066
-0.909924
0.91984
1.57862
-0.478843
-0.0280259
0.629148
0.667306
-0.233053
0.0784211
0.342391
0.0640368
1.01816
0.381544
1.52634
0.420299
0.638769
1.12785
0.728092
-0.788997
-0.422227
0.733994
-0.205234
1.68243
1.32011
-0.00513227
0.0092037
0.026051
0.867594
0.486703
-0.42072
1.19685
0.251844
2.03774
1.03384
-0.421403
0.496594
-0.3503
3.04197
1.08515
0.499677
0.414298
-0.230043
0.172849
-4.19458
0.780118
1.5202
-0.157051
-0.39326
0.569026
0.776097
-0.241944
2.07572
-0.419889
0.490891
0.371597
0.811241
-0.0919149
-0.179082
2.1233
0.738139
-0.328704
0.557648
3.07678
-0.32021
1.53056
0.658287
1.25311
0.859483
0.157087
1.11252
0.770431
0.571494
0.495331
0.402485
0.921199
0.683297
0.886703
0.128865
-0.508058
0.133498
-0.243175
1.24617
-0.346251
0.974958
1.52644
-0.0860338
-0.525365
1.28612
0.317955
0.577133
0.585556
2.70115
-0.351411
0.668783
0.919641
0.396006
-0.355754
0.415864
0.281648
-0.459157
0.148414
0.00652672
-0.384337
0.450981
1.31248
1.64466
-0.345736
0.857226
-0.350548
0.566978
0.440605
3.29461
-0.275259
0.400854
-0.426492
0.319614
0.702796
0.0698013
1.77054
0.0908133
2.32087
-0.558754
-0.0276406
-1.0447
0.993239
0.978833
1.01974
0.447383
-0.179948
-0.197786
1.48243
1.56079
-0.859024
-0.0751218
2.59427
0.567323
1.15279
0.92311
1.10428
0.899443
0.563526
0.299125
1.65416
-0.242643
1.56859
0.0136878
0.939549
0.818009
-0.200927
-0.28543
1.41205
0.98262
1.92817
-0.338331
1.39349
0.0461104
-0.444079
0.682721
0.342125
0.841723
-0.463821
0.248693
0.260151
-21.2008
5.09677
0.738322
0.518039
0.868299
0.904436
-0.106618
0.824576
1.98708
0.437353
1.70417
0.937014
0.503365
0.512183
0.177088
0.959949
-0.370261
-0.24624
0.892698
0.663172
0.43849
1.95755
0.821066
0.86252
-0.522236
0.158919
0.0202347
1.33999
0.0280265
-20.525
-0.198086
0.405473
-0.116096
-0.378421
2.35529
-0.149099
1.32425
0.0982351
-0.176384
0.493717
1.3853
0.227351
1.56574
-0.530791
0.494159
1.27401
0.972741
0.848579
1.21232
-0.162509
0.317029
1.34331
0.573978
0.460503
0.648798
0.787375
0.556582
0.177403
2.04678
1.70767
0.574454
1.20889
0.503354
-0.0454759
0.758202
-7.46218
0.516336
0.372659
0.474355
0.16125
1.60476
-0.79639
-0.314722
1.12741
0.75844
0.444481
0.593386
2.39377
-0.207229
0.150848
1.44373
0.379011
-0.495901
1.86533
0.982198
1.59271
1.23315
0.412249
-0.328875
1.47676
0.775144
0.31268
1.98528
-0.329926
0.809343
-0.215794
1.38451
-0.471976
0.208164
0.582176
-0.875035
1.02913
-0.0206896
0.0899064
1.98862
-0.130451
1.95337
-0.394045
-0.354691
0.390661
0.636156
0.35972
0.571528
-0.680717
0.782185
0.69129
0.38921
2.15771
0.791647
1.20594
-0.709752
1.88692
-0.198554
-0.131275
0.971657
-0.448588
0.329259
0.270628
-0.180265
-0.397328
0.485381
0.785888
0.806435
0.78244
1.96994
-0.392094
-0.250911
-0.180291
-1.65615
0.4611
0.388993
-0.31147
3.09324
0.187511
-0.645444
0.754136
0.488412
0.347213
0.781683
0.674961
-0.309105
0.616933
0.175248
0.358345
0.629221
1.0011
0.0507964
-0.351302
0.882627
0.116614
0.35327
0.348599
0.536702
0.0072575
-0.394248
1.10016
-0.765401
-0.678444
-0.165806
0.725214
0.409752
-0.340972
0.175136
0.557578
-0.455706
0.367712
-0.332338
0.723757
0.704868
0.111546
1.55
0.236725
-0.326514
1.61233
-0.34465
0.356407
2.268
1.54519
-0.313165
0.749198
-0.63228
0.244332
0.675361
-3.66311
-0.119961
0.620546
0.0996517
-0.632361
-0.0210911
0.585899
0.441078
0.81879
1.19044
-0.507792
0.460215
0.668637
0.359459
-0.220256
2.09802
-0.3883
2.15691
0.762153
-0.383482
-0.317685
1.25757
0.747183
0.870099
-0.518678
0.0890746
0.477899
1.19282
-0.00972852
1.92813
0.272058
0.261974
0.494993
-0.499038
0.00645819
1.21565
-0.00232475
0.612783
-0.0205732
0.930999
-0.210325
1.84032
0.60808
-0.0101455
1.11641
0.315376
-0.342247
1.34885
1.26002
-10.2169
0.346032
0.801812
0.114225
0.769197
0.96708
0.0212892
-0.290922
1.95196
1.69718
1.77449
0.478799
0.613063
-2.07713
0.194516
1.7313
-0.442748
0.425333
1.03214
0.423672
0.576249
-0.371961
0.626302
-0.236786
1.00697
0.553125
0.663779
-0.308678
0.982082
1.69672
0.835598
2.07098
0.358213
2.61207
0.334922
0.811965
0.599292
0.167783
-0.152827
1.56603
-0.206107
0.743789
1.18265
-0.0138444
0.545416
0.386045
-0.0154696
1.41943
0.187129
0.214399
1.03192
-0.126206
-0.360948
0.844112
1.08207
1.48894
-0.282916
1.64803
-0.341183
1.30245
1.03923
1.85252
0.318458
1.80074
0.733313
-0.209382
0.985349
0.189664
0.254521
2.09584
-0.395264
2.25348
-0.0546503
0.671918
-2.55394
1.16976
0.399307
0.74451
2.38707
0.83324
-0.374637
0.669681
0.023969
1.0707
1.44634
0.542643
0.85846
-0.206666
1.66822
0.48144
-0.342907
0.105971
0.641188
0.652006
-0.198048
2.35443
0.286432
2.6316
-0.372668
-12.9303
0.505778
0.179329
-0.266837
0.563625
1.85724
0.75481
-0.85922
-0.514397
3.1787
-0.0130987
0.718952
-2.28415
0.838108
1.31471
-0.302536
1.14128
-0.397677
0.307554
0.422603
0.505967
-0.213397
0.136209
1.15614
-0.695109
-0.627537
-0.359675
0.991583
0.0929408
0.413899
-0.216859
0.590316
0.778654
-0.238692
1.09933
0.0747768
-0.366085
2.60673
0.447172
0.509014
1.27338
0.392353
0.562372
2.65088
-0.145451
1.40862
0.458177
0.63382
-2.05599
1.47424
1.27901
0.5453
1.01758
1.64431
-1.12578
-0.272274
0.435829
-0.547821
0.119329
0.769156
1.10519
1.72045
-0.333553
1.15539
-1.02674
0.476059
0.533143
-0.429918
0.371943
-0.158278
0.19624
2.08382
0.657277
1.64938
0.587365
1.88829
-0.432097
1.0622
1.58383
0.0512179
0.707226
0.54999
1.57682
0.85745
0.865875
0.358175
1.32743
0.0414861
0.935934
0.459031
-0.555557
0.0759323
0.28397
-0.084816
0.125853
-0.316488
-0.0217649
1.29994
0.631661
-0.263181
2.00792
1.85173
0.506146
1.76617
0.816355
1.97125
-0.350701
0.418115
0.421493
6.24889
0.750003
0.93382
3.13085
1.08493
0.303838
0.36738
-0.0372885
2.42818
0.658628
0.518962
1.40887
-0.424231
0.760864
-0.354724
1.19167
0.0672322
-0.0867088
0.994446
0.486327
2.07703
0.0516729
-0.433364
2.66998
0.347913
-0.366483
2.19779
1.46719
-0.237223
-0.111013
1.06154
0.465225
1.82976
0.358917
6.14395
6.35085
0.661376
0.617364
0.759654
-0.356
1.11463
0.078628
-0.326598
1.36812
-0.30722
1.58954
0.163466
1.21617
-0.351017
2.35675
2.05853
-0.401872
0.598502
1.10954
0.21232
1.81499
1.50211
-0.487199
0.2121
2.65376
-1.18554
0.534001
0.482856
-0.324102
0.918247
0.555039
1.25116
1.3641
1.06647
0.442494
-0.191228
2.12569
-0.687586
-0.0434413
-0.470909
-0.609643
0.0165454
-0.129467
0.762182
-0.31782
0.375926
-0.202873
0.682737
-0.409183
2.75188
-0.205765
0.427439
0.14421
1.30429
0.817206
1.48263
-0.474148
0.303535
1.4492
0.491155
0.544161
-0.297552
1.09988
-0.27752
0.418681
1.573
-0.504612
1.51313
-0.00635541
-0.034229
-0.393865
0.377341
1.04537
1.85759
0.603335
0.0610782
1.29187
0.466133
-0.0864314
2.46948
-0.0384747
2.34066
-0.156198
0.504066
0.387206
0.427087
0.322473
1.11067
0.597799
0.684051
-0.384017
2.78171
-2.63075
-0.704688
-0.218778
0.326531
1.58172
0.738362
0.591021
0.639702
2.04095
1.72465
-0.313808
1.32894
1.69187
0.430679
-0.259931
0.530992
0.618526
0.538191
1.90785
0.125985
-0.59426
1.30703
0.379183
0.646685
0.295884
2.27504
0.642187
0.411337
1.81467
0.934084
-0.646243
1.62803
-0.0980359
1.96508
-0.244855
0.822651
0.384182
0.612386
0.487678
1.38496
1.2478
0.451093
0.411015
-0.0010611
1.0072
2.22183
0.334856
0.122632
1.24785
0.372786
-17.8412
0.378957
-0.373054
0.247321
0.346483
-0.249374
0.963427
0.278223
-0.291677
0.779902
0.14728
2.85765
0.546917
0.961723
-2.30592
0.91014
0.891812
-0.471445
0.354273
-0.502129
0.238822
-0.358634
1.5862
-0.252897
1.18906
0.776686
-0.129655
0.706387
-0.357866
0.772378
1.43162
0.61861
-0.311439
0.918086
-0.147155
0.976763
-0.325074
0.509637
0.127706
-0.116188
0.94948
1.94423
1.28755
0.482122
-0.337355
1.9077
0.912797
1.37753
-0.595996
-0.452228
2.79476
0.510682
-0.566637
0.85213
0.324398
0.606592
-0.28023
2.19814
0.333028
-0.565887
0.0744944
-0.434313
0.434623
-0.535564
0.103182
-0.447441
0.243389
0.755469
3.62583
0.595566
0.834599
0.658559
1.06165
1.63121
-0.470055
0.276411
0.440104
-0.647099
0.0412981
0.661299
0.0464655
3.27661
-0.367619
1.77117
1.03819
-0.184564
0.422868
0.657916
-0.048019
0.0599638
-0.0208985
0.352135
-0.252646
5.24451
-0.324131
0.874487
0.433963
2.06523
-0.418629
2.55072
0.121682
2.18121
-0.12626
-0.923286
-0.657789
-0.148709
0.557471
10.5303
0.742455
1.74437
-0.475631
1.04216
1.70611
0.50803
0.00479767
-0.379596
2.29018
0.40307
1.7118
-0.378838
1.99194
0.391856
-0.340295
0.701628
0.797256
1.59941
-0.134028
2.4639
-0.111571
-0.163624
-0.169147
0.00954232
1.83572
0.51509
-0.0702634
-0.484476
-0.509121
0.185071
0.190218
0.518794
-0.367991
0.713056
0.862664
0.413941
-0.566192
35.0593
-0.607094
-0.0198121
-0.328581
0.711576
1.25442
0.105418
1.38489
0.560484
0.675854
0.251173
-0.351494
1.23368
-0.445602
0.307815
0.891698
0.268525
1.23952
2.64716
-0.082334
2.16256
0.316331
1.42499
0.900605
-0.252906
1.83764
0.366698
0.861187
0.697642
-0.357788
0.674725
1.97043
-0.865039
0.900036
0.604198
0.388354
-0.0279296
1.7599
1.47854
2.04816
-0.00282003
2.55153
0.434951
0.308291
0.630825
-0.181525
0.722478
0.984475
-0.800232
1.83347
0.77509
-0.207478
1.02076
1.61619
-0.0569727
1.2148
2.20868
0.710957
0.627811
1.61874
1.54956
-0.0873934
-0.75206
0.389316
1.28398
2.98933
1.77826
1.07647
1.13793
-0.450335
1.57079
1.48058
1.00105
1.92467
1.15268
0.972527
0.246777
-1.06992
1.50026
0.483886
-0.518582
-0.312262
1.58972
-0.00366459
1.86135
-19.3489
0.52498
-1.54945
-0.095328
1.18161
0.47812
0.563453
0.723036
0.439001
0.547742
1.2445
0.389136
-0.311232
2.15236
0.688613
-0.111732
-0.290999
1.87139
-0.00542256
-0.779588
1.33068
0.807883
0.727398
-6.86662
0.5271
-0.316481
3.28987
0.86052
0.753025
-0.481269
0.343033
1.25638
0.349779
1.3006
0.714176
0.607548
2.11667
-0.0513455
0.121922
1.099
0.0568474
-0.356918
1.94688
0.619058
1.71821
0.685079
4.25859
0.182065
0.382752
0.266937
1.79555
0.526017
0.98283
0.443327
-0.0584328
1.13707
-0.500631
3.41925
0.424638
0.800055
0.204117
1.20218
-0.342571
1.52966
0.717961
0.0921288
1.00392
0.112866
0.66892
1.46303
-0.531047
0.0563488
0.519121
-0.329311
1.07026
1.3383
0.183439
-0.47917
1.2772
0.425686
0.511918
0.259796
2.50205
0.575731
0.512027
-2.9622
0.834354
0.659231
2.1009
-2.86416
1.02312
0.618979
0.460205
-0.240836
1.18037
0.578629
0.709648
0.22095
0.514331
0.378467
1.25461
0.875773
0.778892
0.574808
0.290697
1.54861
0.393767
0.819457
1.19581
-0.372353
-1.19736
0.461137
1.32222
-0.042076
-0.526158
0.833046
0.644134
1.69191
0.57494
-0.474314
0.284297
0.66811
0.270796
1.64673
0.749362
-0.36189
2.10471
0.179859
1.31514
-0.379919
0.508324
0.569691
0.803132
0.786611
-1.03855
0.0721718
3.58458
0.651654
-0.48592
0.128933
-0.403255
5.42765
1.13373
3.4915
-0.4752
0.31582
1.12955
0.775385
0.666425
2.48107
0.789787
0.504006
0.493184
-7.13483
1.16293
1.63084
0.345481
0.974287
0.747546
0.582529
-0.314911
1.93356
0.87637
0.397131
0.604132
-0.221922
0.314687
0.455357
1.01014
-0.0836456
0.452079
-0.185424
1.81174
0.798063
0.357156
0.744735
1.08226
-11.5654
5.25359
0.50518
-0.27551
1.84164
-0.251859
0.55738
-0.267818
2.11274
-0.309824
1.08908
1.00021
0.471768
-0.0949876
0.575675
1.20763
-0.364662
1.70849
-0.410669
0.582749
0.570114
-0.540876
0.438825
1.16726
1.72466
0.340881
2.48552
-0.25471
0.718991
0.459143
0.373217
0.556133
-0.287576
1.12108
0.993493
0.247714
1.59424
-0.480264
0.762377
0.766841
0.843282
2.08484
-0.294537
0.178801
0.230699
0.552034
0.150972
-0.433854
0.726836
-0.380454
0.613073
1.29599
1.29643
0.50469
1.89115
0.32105
-0.4346
0.192904
1.34732
-0.247648
2.73673
0.385709
-0.00968387
0.78783
0.621093
-0.231895
0.527853
-0.344407
0.608072
1.66867
0.0760479
0.425097
0.650428
1.01337
0.234377
-0.0808292
0.464633
0.561555
1.8667
-0.21107
0.852475
-0.0806564
1.86493
-0.0599849
1.94001
0.931941
-0.407159
-0.831554
1.06598
0.714865
-0.246389
0.744864
0.428927
0.846532
-0.322299
1.15041
0.524795
0.315356
2.37811
0.779201
0.917919
-0.385043
0.724846
0.592789
-0.462057
-0.294295
0.599319
0.493127
-0.585831
0.0286142
0.390957
0.696036
1.79542
-0.397372
-0.528785
0.686772
0.317162
-4.27118
0.388576
0.416368
-0.176573
1.73987
1.03736
0.209429
-0.346083
2.62822
-0.282784
1.40458
0.151794
-0.208912
-0.321895
1.33416
0.245244
1.03915
-0.00173782
0.253426
0.265755
1.15145
0.566837
-0.302815
1.82124
-0.253921
0.769672
0.469083
0.0481557
0.551351
1.20487
-0.0737368
-0.174707
0.433869
-0.463699
1.04197
-0.00929324
1.19224
-0.191994
2.59719
-0.596167
0.28635
1.52037
-0.460744
1.73954
-0.507551
0.385002
1.71471
-0.228471
1.96095
0.706839
-0.598611
-0.017801
-0.433066
0.419367
2.60945
-0.531472
-0.0186321
-0.303905
2.5069
0.364758
-0.354375
0.998464
0.651886
1.18605
0.313623
-0.251702
2.92933
0.932214
0.19255
-0.327713
2.48107
1.89894
0.238336
1.08315
-0.399894
0.401959
0.15171
1.24237
0.935792
0.133293
0.0840233
1.06903
-0.355888
0.71179
-0.421261
0.318604
0.385983
-0.234856
0.623179
0.771584
0.538408
1.72182
0.958044
0.377147
0.453161
-0.348923
1.80115
0.671294
0.184674
0.57076
0.502439
0.122539
0.534329
1.33675
4.42849
0.534409
0.488877
1.39624
0.916064
0.614928
-0.476287
0.529776
-0.0940093
0.685913
0.650029
1.97256
-0.0197436
-0.295127
1.45922
-0.307183
1.49501
0.39579
-0.021483
1.48864
2.80807
0.524567
0.311136
2.04503
0.426666
-1.71221
1.10651
0.447016
0.503721
0.302639
-0.452278
-0.0710351
1.26474
0.366142
-0.143363
-0.194445
0.254201
1.59857
0.982098
-0.358515
0.821379
0.362885
1.21889
-0.513201
-0.494708
1.12267
1.29973
-0.226853
1.88458
1.62358
-0.494148
-0.297337
1.53458
0.405775
0.896831
0.294738
1.20062
0.0512934
0.810793
-0.488136
0.0922086
-0.00185176
-1.05779
0.619906
2.22873
0.642406
0.983464
1.44743
0.229616
1.2636
-0.367499
0.423953
-0.256091
0.579789
0.408972
1.68872
-0.274796
1.1761
-0.265777
0.982583
0.445228
-0.602024
1.45404
0.465142
0.260544
-0.000521885
2.97815
-0.28795
-0.823782
-0.292606
2.59504
-0.46548
0.26473
-0.322988
0.466377
-0.681756
1.23948
0.835316
-0.264873
1.11171
0.990333
0.180324
0.61229
-0.319326
1.99023
-0.400375
0.291604
1.28858
-0.0360758
0.0644082
-0.477578
0.702538
-0.449636
1.41649
0.457625
-0.676021
0.120462
0.0309112
-0.369702
0.8755
-0.19893
-0.316182
2.24736
0.97163
0.739328
1.23315
-0.283823
0.624531
1.41615
0.418762
0.992619
0.557257
-0.45178
3.51958
1.79608
0.737097
-0.149945
0.648409
-0.594849
-0.552419
-0.34387
2.72599
0.317112
-0.616301
0.392683
0.317604
-0.184464
-0.515551
-0.327567
0.266075
1.87129
1.12453
0.447318
-0.523641
3.3044
-0.298321
2.04561
0.485349
-0.290822
1.44793
0.764653
0.286834
-0.617043
-0.0710663
-0.610477
-0.323659
1.04734
1.67343
0.445243
1.0849
0.371136
-0.118691
-0.138094
1.49867
1.41785
0.883567
-0.211768
1.13029
-0.295307
4.82568
-0.865777
1.00185
0.46912
1.67091
2.20221
-0.338814
1.23944
0.778473
2.11442
1.20458
0.141182
0.64551
1.30025
1.43862
-0.429294
0.514747
0.532686
1.74841
0.815532
-0.497121
1.0084
1.04886
-1.26492
-0.416776
0.492682
0.424643
0.854653
1.25396
1.82852
0.489503
1.55425
0.781765
-0.560925
0.37124
-0.170945
1.30286
-0.226169
1.06584
-0.23138
0.509344
-0.415956
0.132441
0.0876911
0.930482
0.246366
-0.339415
2.81744
1.5461
0.266954
-0.293627
1.22618
0.730776
0.693861
0.252468
1.35142
1.63764
0.710174
-0.132672
0.468184
1.2646
-0.331538
1.20639
-0.307139
1.84142
1.37281
-0.335707
0.55678
0.399094
-0.0710393
0.718163
1.62953
4.09065
0.967872
0.879052
-0.56564
-0.0956469
0.473083
-0.355878
1.07152
-1.27753
-0.157737
0.382303
2.31438
-0.285399
-0.107241
1.43349
-0.382047
0.762834
1.23094
0.457259
0.774429
-0.32408
1.27537
1.9573
1.63983
0.297255
0.365443
-0.0628712
1.65538
0.523728
0.736136
1.024
1.90315
0.420851
0.480231
2.0415
0.704064
0.51194
-0.405769
2.35279
0.786245
0.511809
0.086707
0.400472
0.502177
0.709846
-0.592171
-0.364139
0.910019
0.0546387
-0.352802
1.32388
0.165696
1.86552
0.774594
-0.0201491
0.825407
-0.406303
0.183552
0.226858
0.239887
-0.221698
3.0844
0.593678
1.14828
1.51795
-0.0616556
0.781616
1.45226
-0.0056852
1.07172
0.352776
1.18947
0.429714
0.339476
0.911088
2.04234
-0.610703
0.370463
0.0683509
-0.271285
0.577464
1.14042
-0.157847
1.82839
0.467357
0.466511
1.92717
0.264453
-0.384761
2.07384
0.839831
0.356429
1.12013
0.442316
0.696839
-0.0993441
0.453293
1.14981
1.40174
0.822574
0.423072
0.932826
0.802814
0.946812
0.444592
0.0152113
2.60879
0.457034
0.204138
0.871718
0.665892
0.474125
0.780848
1.41103
1.56525
0.400831
0.0664105
1.66276
0.833418
1.37718
1.11844
0.429918
0.545046
0.558103
0.53379
0.00332242
0.624442
0.613798
-0.364955
-0.314615
0.291567
0.712998
-0.424226
0.29747
0.504811
1.44371
0.375065
0.340862
0.738542
0.718677
0.284847
1.04687
0.804811
0.362381
0.51238
1.36119
-0.327278
1.66729
0.863569
4.0769
-0.350394
0.954387
0.00252814
-0.0650778
0.602254
1.03546
0.196801
2.13045
-0.149823
0.76516
1.93065
-0.556999
0.0312515
1.66402
1.47691
1.16652
1.93615
-0.378565
0.76147
1.44195
0.582227
1.16482
-0.231465
0.766105
0.215068
1.27632
-0.38748
0.458124
0.539266
0.681922
0.887443
-0.769365
2.24935
0.796348
1.08425
1.11364
-0.092617
0.141663
0.949301
0.335232
-0.126587
2.19222
-0.732945
-0.429584
4.12102
0.0554408
2.50855
-0.216775
1.21178
1.44044
-0.0552842
-0.0618467
0.408531
-0.354406
0.596901
1.11948
0.880601
1.81311
1.89839
0.71153
-0.563484
1.275
0.374116
-0.218236
0.968272
1.04218
-0.303292
2.29136
-0.194101
2.04408
4.45745
0.507819
0.511398
1.33007
1.11917
1.57563
0.495157
0.282394
0.795884
0.237859
1.39947
-0.366502
0.301435
-0.407116
2.66084
1.3392
0.0223921
0.947
-0.612412
0.621088
2.30152
0.226917
2.46549
-0.0979985
1.33113
0.777241
1.39626
0.0862077
-0.308293
1.37139
-0.347467
0.619024
1.81336
0.164667
-0.669196
-0.230833
0.420252
2.12609
-0.470496
0.334233
0.817162
1.28966
1.77593
-0.426259
0.473371
-0.131938
2.70613
-0.356945
0.309981
-3.34768
0.627174
0.979701
1.18089
-0.00808842
-0.425251
0.466571
0.183378
1.12371
0.591329
0.23519
0.43801
-0.370989
2.95641
0.296493
-0.0375755
-0.269562
0.281312
1.41123
1.96451
-0.380716
0.730583
-1.08149
0.617507
-0.124346
2.05793
-0.0220676
1.65352
-0.353746
0.923204
1.0572
0.524138
0.967038
0.365983
1.1285
-0.609165
0.0707775
1.52472
0.667345
0.599334
-0.243581
-0.350379
1.45994
1.79278
0.700501
2.31039
0.557301
-3.01517
-0.0181084
0.650637
0.416185
-0.04478
0.217139
0.722524
1.16123
0.315769
1.86728
0.762823
-0.287208
1.28438
-0.465195
0.191378
0.692389
-0.332464
1.02648
-0.365774
0.562768
0.723846
-0.511092
0.0373263
-0.274685
0.805338
-0.653937
0.516797
-0.542545
23.9673
1.46294
0.118724
1.23975
0.00378964
-3.65668
1.13677
0.259083
0.945716
-0.48044
-0.236569
0.945297
-0.330642
1.25584
0.0617223
-0.384807
2.54004
-0.568355
0.0259654
0.579298
0.669937
-0.576312
0.616506
2.19088
0.0281758
1.19066
0.928131
1.39047
1.23171
-0.174211
0.595873
-0.210471
0.943198
0.0578456
0.512961
1.91529
1.24507
-0.252585
0.541431
0.791515
-0.454375
0.344552
1.17553
0.796024
0.364333
0.106305
2.05638
-0.350657
1.68677
0.171278
1.1816
-0.26237
0.612611
0.38611
0.654364
0.323855
-0.122503
-0.367201
0.515353
-0.118271
0.498912
-0.251167
1.33416
0.542973
0.400088
-0.0476443
1.6849
-0.0373588
1.85748
-0.196559
0.510414
0.865812
0.572206
2.08619
-0.585023
-0.0162185
-0.209578
0.867817
-1.14016
0.973885
1.90457
0.430824
-0.192591
0.325771
1.22804
0.0578406
-6.29582
0.692536
0.484506
-0.163972
2.9099
-0.307594
1.69951
-0.005621
-0.0945766
0.204937
0.304464
0.751545
-0.738646
0.324827
0.40338
0.680706
1.10175
-0.152628
-0.807037
-0.203776
0.452255
-0.5786
-0.0388197
0.558708
0.768601
0.12894
0.422296
0.415611
0.525673
1.92994
0.630702
1.61075
1.46421
-0.257573
0.506213
0.659125
1.05594
0.782748
1.60122
-2.30967
0.587076
0.594123
0.6473
-0.40756
-0.359022
0.946162
-0.40827
0.51351
-0.198657
0.361508
-0.458316
0.345469
3.49232
0.666445
0.234642
-0.0649832
0.42975
1.91926
-0.156696
0.636128
0.914585
0.379564
-0.0293937
2.21239
0.732564
0.482907
1.02911
-0.461162
-0.0850749
0.704527
0.628535
1.68564
-0.158222
0.0364534
1.55693
-0.288435
0.763366
0.448024
0.909571
0.258304
-0.305648
2.92611
0.186809
-0.0161887
0.525191
-0.321372
0.135398
0.0936737
0.206726
1.564
0.58831
-0.454634
0.174301
0.523939
0.344843
0.714512
0.582754
-0.547914
-0.287366
2.33676
0.375435
0.560561
-1.94294
0.00676784
0.933076
0.549419
2.48035
0.570328
0.731394
0.672489
0.598168
0.50493
0.0252519
0.78905
-0.0895842
0.726726
-0.120951
1.90124
0.106103
0.004279
1.42201
-0.314073
1.86676
0.836093
0.629687
0.236363
1.10618
0.115116
0.925008
0.967606
0.297826
-0.0488588
1.37152
0.224841
1.77866
-0.847458
0.338509
-0.306882
1.19316
-0.311129
-0.283492
-0.406048
0.250605
0.22271
0.507082
0.451675
-0.408992
0.485987
0.515212
2.48941
1.39866
0.0735052
0.872887
1.18863
-0.65019
-0.333698
-0.092091
0.831635
2.16259
0.949803
-0.159006
-0.234031
2.09623
-0.454081
1.16604
0.33235
0.260158
2.75171
1.50363
1.74307
0.457817
5.59904
0.738587
0.98414
1.37312
0.799314
2.23872
-0.343662
0.0235081
2.06505
-0.200885
-0.579502
-0.584992
0.59939
2.0229
0.529013
1.31508
0.580257
-0.590581
0.444291
0.472969
0.270295
0.391552
0.0273485
0.374185
1.07872
0.949989
0.0463074
-2.97079
0.077235
0.510906
0.438852
0.676869
-0.433371
0.457165
-1.40561
0.995436
0.655695
1.41559
-0.314319
1.3469
-0.392591
3.25646
-0.24642
0.676034
1.34471
0.588918
0.956544
0.440937
0.252228
0.559572
0.0685666
-0.204036
-0.376954
0.223254
-0.354797
1.14751
-0.504834
0.849423
0.977612
-0.446797
0.146918
1.34292
0.320862
0.115426
1.71979
0.53473
-0.267245
1.00861
0.253244
-0.296601
1.41421
0.893308
0.262358
0.529793
-0.138175
0.383466
1.76769
0.66155
0.493793
0.54116
1.86244
0.933902
0.511765
0.30176
0.950466
1.1774
0.896007
-0.0736289
0.668383
1.28151
0.719932
-0.154889
-0.211275
1.29033
0.0249346
1.25205
-0.430042
3.17341
0.912308
0.988196
1.18687
-0.560337
0.0543932
0.478269
-0.473859
0.450737
0.516603
0.365157
0.479687
1.11802
0.0224267
1.54784
-0.351915
0.748076
0.588053
2.01283
0.461163
1.03264
0.252175
0.628929
0.241816
-0.959147
1.0072
1.92105
1.80401
0.416495
2.20183
0.755987
-0.321828
1.4516
-1.86115
0.197066
0.52072
1.48857
0.332982
1.3616
2.49045
0.0057636
0.507347
0.72816
0.219551
2.37466
0.322509
0.49304
0.723997
0.790363
0.291744
1.00999
0.263854
0.998819
0.620676
1.32599
-0.267535
0.703248
0.990392
1.39973
-0.831002
0.996714
1.41686
-0.469662
0.441473
1.02962
1.18153
0.138895
0.343903
0.053643
0.539531
4.02266
-0.0045691
0.707838
2.67569
0.465447
-0.410281
0.439931
0.407245
-0.343481
2.51359
0.0382243
0.87097
1.84972
0.273841
-0.456494
0.332783
-0.62201
0.244667
0.82156
0.758515
-0.397225
0.799121
-0.206162
0.146193
2.18095
-0.263806
2.33369
0.806557
0.418383
6.04484
0.40271
-0.239255
0.546322
0.3672
0.988938
1.29255
-0.17191
2.43402
-0.238608
0.612019
-0.672034
1.12064
1.26849
0.0166992
0.444343
-0.0242838
0.900407
1.59198
0.774467
0.484056
0.924175
-0.205712
0.260211
-0.64132
0.51978
1.47689
0.212505
2.61186
-0.347385
1.17347
0.417815
-0.355527
1.37769
-0.318884
0.473787
1.12933
-0.196928
2.24325
2.12905
1.35586
-0.228281
0.510693
1.83721
-0.537338
1.41238
0.0184173
0.258392
1.31275
0.708317
-0.240646
0.541404
0.292609
0.369992
0.522237
0.200335
0.0182871
0.710412
-0.394314
0.541495
0.505223
-0.163915
2.31676
-0.345587
0.916257
1.11929
-0.38447
0.76091
-0.321699
0.992832
0.771083
0.568778
-0.117394
0.675912
-0.532669
-0.0576312
0.676676
0.0160645
0.650746
-0.319493
-0.671445
1.20228
-0.100462
2.36789
-0.341179
0.22936
-0.332661
1.11095
0.562808
0.375537
20.2305
0.82612
0.545673
-0.1108
0.894167
-0.23474
-0.273281
3.63326
1.72983
1.47936
-3.49077
0.526665
0.40857
0.635646
-0.275962
1.22266
2.30271
1.51716
0.995802
0.779804
0.174652
0.707656
1.43577
0.736192
0.768444
7.30551
-0.346086
1.58053
-0.321965
-0.067528
0.0213407
-0.106933
0.629392
-10.1853
0.66029
0.715277
0.450781
0.475624
-0.251551
0.636712
0.610336
0.160464
0.600252
1.60394
-0.346916
-0.249262
1.79736
0.105644
0.415712
-1.31063
0.0170953
-0.381063
0.555178
-1.36711
0.0644129
0.752908
-0.0581511
0.388711
0.618339
0.62712
-0.396226
0.505231
0.311802
-0.0236599
1.30951
-0.125275
0.710458
1.38107
0.791946
0.368348
0.418777
1.019
1.02349
0.654261
-0.221521
0.880637
0.6329
0.412382
-0.327316
0.496142
-0.235958
0.45653
-0.333084
1.56811
0.406057
-0.344826
0.776764
0.413135
0.49843
0.318041
-0.447792
2.12296
0.154042
0.825499
0.0634548
0.287247
0.732387
2.39216
1.50421
-0.109815
0.287176
0.477387
0.192185
0.552692
0.501313
1.50129
0.482839
0.868624
0.365457
-8.60555
0.886713
0.0589002
1.81693
0.763758
0.862979
0.591937
-0.355501
-0.314816
0.088256
0.838996
-0.0534544
2.83856
0.610294
-0.154135
2.25543
-0.32878
1.08652
-0.0401407
1.23623
0.747424
0.28758
0.405338
0.478042
0.418196
1.84087
0.510612
0.493631
0.468944
1.74424
-0.112208
1.86969
1.08992
1.95443
0.334954
-4.30451
0.145603
1.3657
-0.600836
-0.0980909
3.64047
-0.548231
0.0550248
-0.338711
0.751666
0.647485
1.28909
1.43225
0.608779
0.453865
0.531602
0.0637212
1.75235
-0.628683
0.364229
0.756642
-2.56764
1.76872
-0.0778072
0.922628
0.537253
-0.37919
0.706034
1.36309
0.298155
1.3693
0.740572
0.481429
0.502591
-1.57102
-2.63417
0.735498
0.894109
-1.40327
0.771048
1.65863
0.38836
0.756199
1.38773
-0.382864
-5.34001
0.628919
1.01558
0.98393
0.576472
0.50662
0.683463
0.102314
3.05728
0.591465
2.30509
0.698615
-0.432214
0.743709
-0.139445
0.247796
-0.945455
0.454131
-0.0873927
2.27792
1.27842
0.734301
0.29313
0.93076
0.744713
0.451052
0.295492
0.886081
0.739598
0.767936
-0.169115
-0.238981
0.389811
-0.0475795
-1.22405
0.25931
2.38133
0.946216
0.759789
-0.393973
-0.383691
0.643603
1.33197
0.735366
-0.137737
0.616654
-0.0935717
-1.90034
-0.142038
-0.178359
0.638828
-0.1861
-0.290587
-0.0780897
-0.0963722
0.657206
-7.53806
)
;

boundaryField
{
    wings
    {
        type            zeroGradient;
    }
    outlet
    {
        type            freestreamPressure;
    }
    tunnel
    {
        type            zeroGradient;
    }
    inlet
    {
        type            freestreamPressure;
    }
    defaultFaces
    {
        type            empty;
    }
}


// ************************************************************************* //
