5.0 -39.8736525424
10.0 -25.0681271186
15.0 -9.12450423729
20.0 -1.71086737288
25.0 0.488019915254
30.0 0.606891101695
35.0 0.363381694915
40.0 0.222355805085
45.0 0.192221313559
50.0 0.205045805085
55.0 0.204273813559
60.0 0.204164152542
65.0 0.209189872881
70.0 0.211881567797
75.0 0.214129661017
80.0 0.216828474576
85.0 0.21963059322
90.0 0.222402457627
95.0 0.225000338983
100.0 0.227586483051
105.0 0.229964915254
110.0 0.231789194915
115.0 0.233474788136
120.0 0.234733601695
125.0 0.235538050847
130.0 0.235908432203
135.0 0.235856610169
140.0 0.235398177966
145.0 0.234566779661
150.0 0.233384576271
155.0 0.231907754237
160.0 0.230213771186
165.0 0.228377627119
170.0 0.226461059322
175.0 0.224379957627
180.0 0.222350381356
185.0 0.220376525424
190.0 0.218355084746
195.0 0.216402245763
200.0 0.214525084746
205.0 0.212690889831
210.0 0.210900932203
215.0 0.209179788136
220.0 0.207457838983
225.0 0.205831652542
230.0 0.204121779661
235.0 0.202544788136
240.0 0.201214915254
245.0 0.199713516949
250.0 0.19829529661
255.0 0.196916101695
260.0 0.195488983051
265.0 0.194091271186
270.0 0.192695127119
275.0 0.191340254237
280.0 0.18998279661
285.0 0.18872779661
290.0 0.187561101695
295.0 0.186484194915
300.0 0.185542033898
305.0 0.184794025424
310.0 0.184252542373
315.0 0.183946355932
320.0 0.183907966102
325.0 0.184181779661
330.0 0.18483470339
335.0 0.185939067797
340.0 0.187520466102
345.0 0.189638516949
350.0 0.192336228814
355.0 0.195664194915
360.0 0.199656991525
365.0 0.204550466102
370.0 0.209912584746
375.0 0.216226694915
380.0 0.223505169492
385.0 0.231672076271
390.0 0.240771694915
395.0 0.250919533898
400.0 0.261950932203
405.0 0.273916525424
410.0 0.286984364407
415.0 0.300680211864
420.0 0.315404449153
425.0 0.330253855932
430.0 0.345580423729
435.0 0.360943644068
440.0 0.375966228814
445.0 0.390034533898
450.0 0.402635466102
455.0 0.412746864407
460.0 0.419754279661
465.0 0.422506059322
470.0 0.420236228814
475.0 0.412229788136
480.0 0.398607542373
485.0 0.379938432203
490.0 0.357441991525
495.0 0.333253432203
500.0 0.311916398305
505.0 0.293681525424
510.0 0.280915042373
515.0 0.273865889831
520.0 0.271388559322
525.0 0.270735
530.0 0.269936610169
535.0 0.269848262712
540.0 0.26999970339
545.0 0.271035466102
550.0 0.272995466102
555.0 0.275048940678
560.0 0.277155254237
565.0 0.278639449153
570.0 0.280056694915
575.0 0.280983262712
580.0 0.281552161017
585.0 0.281852754237
590.0 0.281913474576
595.0 0.281721779661
600.0 0.281290211864
605.0 0.280710720339
610.0 0.279978432203
615.0 0.279125508475
620.0 0.278215677966
625.0 0.277219491525
630.0 0.276168813559
635.0 0.274967245763
640.0 0.273781144068
645.0 0.272528389831
650.0 0.271203305085
655.0 0.269826016949
660.0 0.268395042373
665.0 0.266902372881
670.0 0.265315423729
675.0 0.263725169492
680.0 0.262089025424
685.0 0.260460550847
690.0 0.258735762712
695.0 0.256979533898
700.0 0.255177754237
705.0 0.253396652542
710.0 0.251691694915
715.0 0.249950720339
720.0 0.248166949153
725.0 0.246410042373
730.0 0.244674194915
735.0 0.242923474576
740.0 0.241186483051
745.0 0.239474025424
750.0 0.23777779661
755.0 0.236114110169
760.0 0.234491101695
765.0 0.232911610169
770.0 0.231382330508
775.0 0.229894533898
780.0 0.228455974576
785.0 0.227058771186
790.0 0.225708474576
795.0 0.224412669492
800.0 0.223169364407
805.0 0.222003220339
810.0 0.220882457627
815.0 0.21984559322
820.0 0.218862754237
825.0 0.217980042373
830.0 0.217160805085
835.0 0.216440466102
840.0 0.215796355932
845.0 0.215239067797
850.0 0.214746355932
855.0 0.214329533898
860.0 0.213981525424
865.0 0.213690423729
870.0 0.213463474576
875.0 0.213291737288
880.0 0.213174618644
885.0 0.213118601695
890.0 0.213127033898
895.0 0.213196694915
900.0 0.213333644068
905.0 0.213532584746
910.0 0.213795677966
915.0 0.214127457627
920.0 0.214536525424
925.0 0.215028686441
930.0 0.215612966102
935.0 0.216297923729
940.0 0.217095974576
945.0 0.218019110169
950.0 0.219086228814
955.0 0.220316398305
960.0 0.221739110169
965.0 0.223376228814
970.0 0.225204364407
975.0 0.227409745763
980.0 0.229751737288
985.0 0.232366991525
990.0 0.235509322034
995.0 0.238897627119
1000.0 0.242606144068
1005.0 0.246755211864
1010.0 0.251282754237
1015.0 0.25619279661
1020.0 0.261425550847
1025.0 0.267113855932
1030.0 0.273059491525
1035.0 0.27938779661
1040.0 0.285599618644
1045.0 0.291822245763
1050.0 0.297842330508
1055.0 0.303628559322
1060.0 0.308869533898
1065.0 0.313442330508
1070.0 0.316973347458
1075.0 0.319303220339
1080.0 0.320273940678
1085.0 0.319769830508
1090.0 0.317794915254
1095.0 0.31452190678
1100.0 0.310292627119
1105.0 0.305424872881
1110.0 0.299931779661
1115.0 0.294804957627
1120.0 0.290508855932
1125.0 0.286433644068
1130.0 0.283466059322
1135.0 0.280946016949
1140.0 0.279608220339
1145.0 0.278660127119
1150.0 0.278315847458
1155.0 0.278451567797
1160.0 0.278777161017
1165.0 0.279257838983
1170.0 0.279746779661
1175.0 0.280227584746
1180.0 0.280579788136
1185.0 0.280783898305
1190.0 0.280835974576
1195.0 0.280690084746
1200.0 0.280356144068
1205.0 0.279851228814
1210.0 0.279184957627
1215.0 0.278376313559
1220.0 0.277442627119
1225.0 0.276406355932
1230.0 0.275312033898
1235.0 0.274151610169
1240.0 0.272944661017
1245.0 0.271728728814
1250.0 0.270502838983
1255.0 0.269268559322
1260.0 0.268034618644
1265.0 0.266801059322
1270.0 0.265603177966
1275.0 0.264381737288
1280.0 0.263215
1285.0 0.262059576271
1290.0 0.260909745763
1295.0 0.259791610169
1300.0 0.258703220339
1305.0 0.257636398305
1310.0 0.256601144068
1315.0 0.255598644068
1320.0 0.254626864407
1325.0 0.253686737288
1330.0 0.252781355932
1335.0 0.251905635593
1340.0 0.251057330508
1345.0 0.25023970339
1350.0 0.249461228814
1355.0 0.248724661017
1360.0 0.248038516949
1365.0 0.247391864407
1370.0 0.246817118644
1375.0 0.246279745763
1380.0 0.245816186441
1385.0 0.245385720339
1390.0 0.245040042373
1395.0 0.244743474576
1400.0 0.24453690678
1405.0 0.244381525424
1410.0 0.244307372881
1415.0 0.244287330508
1420.0 0.244356822034
1425.0 0.244493771186
1430.0 0.24470809322
1435.0 0.244989661017
1440.0 0.245343008475
1445.0 0.245777415254
1450.0 0.246292372881
1455.0 0.24689
1460.0 0.247575084746
1465.0 0.248374152542
1470.0 0.249207372881
1475.0 0.250163262712
1480.0 0.251245720339
1485.0 0.252440466102
1490.0 0.253702669492
1495.0 0.255105466102
1500.0 0.256832923729
1505.0 0.258491610169
1510.0 0.260363135593
1515.0 0.262411694915
1520.0 0.264516652542
1525.0 0.266723389831
1530.0 0.269090635593
1535.0 0.271575
1540.0 0.274074745763
1545.0 0.276640677966
1550.0 0.279275254237
1555.0 0.281822669492
1560.0 0.284173008475
1565.0 0.286398432203
1570.0 0.288396991525
1575.0 0.290091949153
1580.0 0.291429364407
1585.0 0.292415466102
1590.0 0.292990720339
1595.0 0.293157542373
1600.0 0.292922457627
1605.0 0.292329237288
1610.0 0.291430550847
1615.0 0.290302923729
1620.0 0.288987711864
1625.0 0.287739915254
1630.0 0.286421822034
1635.0 0.285103432203
1640.0 0.28398309322
1645.0 0.282984491525
1650.0 0.282142627119
1655.0 0.281445762712
1660.0 0.280919745763
1665.0 0.280496440678
1670.0 0.280184110169
1675.0 0.279919533898
1680.0 0.279722457627
1685.0 0.279531016949
1690.0 0.279293220339
1695.0 0.27903970339
1700.0 0.27873809322
1705.0 0.278362669492
1710.0 0.277926271186
1715.0 0.277436440678
1720.0 0.276886398305
1725.0 0.276242161017
1730.0 0.275568305085
1735.0 0.274813305085
1740.0 0.274045169492
1745.0 0.273246355932
1750.0 0.272411652542
1755.0 0.271570381356
1760.0 0.270727711864
1765.0 0.269859618644
1770.0 0.269020381356
1775.0 0.268196694915
1780.0 0.267409322034
1785.0 0.26664690678
1790.0 0.265925762712
1795.0 0.265193432203
1800.0 0.264519364407
1805.0 0.263871864407
1810.0 0.263258771186
1815.0 0.262655042373
1820.0 0.262093559322
1825.0 0.261547542373
1830.0 0.261049194915
1835.0 0.260570932203
1840.0 0.260141694915
1845.0 0.259729915254
1850.0 0.259370381356
1855.0 0.259029915254
1860.0 0.258748771186
1865.0 0.258487415254
1870.0 0.258280211864
1875.0 0.258091779661
1880.0 0.257960042373
1885.0 0.257848940678
1890.0 0.257793135593
1895.0 0.257765677966
1900.0 0.257803305085
1905.0 0.257874110169
1910.0 0.258006313559
1915.0 0.25817279661
1920.0 0.258402415254
1925.0 0.258660211864
1930.0 0.258984025424
1935.0 0.259351483051
1940.0 0.259764152542
1945.0 0.260237923729
1950.0 0.260761652542
1955.0 0.261342372881
1960.0 0.261978008475
1965.0 0.262664872881
1970.0 0.263375762712
1975.0 0.264213686441
1980.0 0.265066567797
1985.0 0.265915338983
1990.0 0.266855550847
1995.0 0.267927372881
2000.0 0.268920042373
2005.0 0.269957923729
2010.0 0.271026949153
2015.0 0.272081652542
2020.0 0.273173347458
2025.0 0.274235423729
2030.0 0.275264364407
2035.0 0.276263601695
2040.0 0.27719309322
2045.0 0.278043347458
2050.0 0.278828347458
2055.0 0.279495127119
2060.0 0.280059194915
2065.0 0.280501652542
2070.0 0.280819194915
2075.0 0.281031101695
2080.0 0.281144237288
2085.0 0.281152966102
2090.0 0.281081186441
2095.0 0.28089
2100.0 0.280675
2105.0 0.280421525424
2110.0 0.280122923729
2115.0 0.279781525424
2120.0 0.279464745763
2125.0 0.279125974576
2130.0 0.278782076271
2135.0 0.278468686441
2140.0 0.278158305085
2145.0 0.277876440678
2150.0 0.27755190678
2155.0 0.277278008475
2160.0 0.27699529661
2165.0 0.276710677966
2170.0 0.276433686441
2175.0 0.276131525424
2180.0 0.275817923729
2185.0 0.275490932203
2190.0 0.275156059322
2195.0 0.274791440678
2200.0 0.2744125
2205.0 0.274009618644
2210.0 0.273590466102
2215.0 0.273143389831
2220.0 0.272702118644
2225.0 0.272226864407
2230.0 0.271753177966
2235.0 0.271259872881
2240.0 0.270778983051
2245.0 0.270283347458
2250.0 0.269819788136
2255.0 0.269341101695
2260.0 0.268896822034
2265.0 0.26841970339
2270.0 0.268000169492
2275.0 0.267580508475
2280.0 0.267183347458
2285.0 0.266789067797
2290.0 0.266442627119
2295.0 0.266103516949
2300.0 0.26579779661
2305.0 0.265500847458
2310.0 0.265244322034
2315.0 0.264994957627
2320.0 0.264790169492
2325.0 0.264593813559
2330.0 0.264437372881
2335.0 0.264287627119
2340.0 0.264178813559
2345.0 0.264077161017
2350.0 0.2640175
2355.0 0.263966016949
2360.0 0.26395720339
2365.0 0.263958220339
2370.0 0.264000720339
2375.0 0.264052372881
2380.0 0.264149661017
2385.0 0.264259830508
2390.0 0.264415084746
2395.0 0.264596483051
2400.0 0.264814915254
2405.0 0.265040423729
2410.0 0.265309915254
2415.0 0.265580932203
2420.0 0.265921567797
2425.0 0.266258644068
2430.0 0.266625720339
2435.0 0.267014067797
2440.0 0.26740279661
2445.0 0.267823983051
2450.0 0.268269237288
2455.0 0.268726822034
2460.0 0.269184067797
2465.0 0.269684915254
2470.0 0.270165762712
2475.0 0.270656991525
2480.0 0.271137245763
2485.0 0.271620127119
2490.0 0.272103940678
2495.0 0.272573432203
2500.0 0.273019830508
2505.0 0.273446949153
2510.0 0.273853432203
2515.0 0.274231991525
2520.0 0.274578474576
2525.0 0.274891694915
2530.0 0.275170211864
2535.0 0.275412076271
2540.0 0.275616101695
2545.0 0.275781737288
2550.0 0.275909237288
2555.0 0.276000974576
2560.0 0.276052372881
2565.0 0.27608940678
2570.0 0.276090084746
2575.0 0.276060254237
2580.0 0.276010677966
2585.0 0.275937033898
2590.0 0.27584470339
2595.0 0.275735211864
2600.0 0.275610550847
2605.0 0.275475932203
2610.0 0.27532970339
2615.0 0.275174237288
2620.0 0.275006228814
2625.0 0.274834491525
2630.0 0.274650550847
2635.0 0.274456483051
2640.0 0.274263813559
2645.0 0.274058516949
2650.0 0.273840635593
2655.0 0.273620254237
2660.0 0.273384322034
2665.0 0.273151822034
2670.0 0.272907245763
2675.0 0.27264559322
2680.0 0.272396525424
2685.0 0.272133474576
2690.0 0.271873771186
2695.0 0.271596186441
2700.0 0.27133720339
2705.0 0.271066144068
2710.0 0.270805847458
2715.0 0.270529618644
2720.0 0.270275084746
2725.0 0.270002033898
2730.0 0.269759491525
2735.0 0.269511483051
2740.0 0.269270635593
2745.0 0.269035338983
2750.0 0.268836652542
2755.0 0.26862059322
2760.0 0.268427966102
2765.0 0.268239788136
2770.0 0.268084830508
2775.0 0.267921610169
2780.0 0.267783389831
2785.0 0.26764809322
2790.0 0.267544491525
2795.0 0.267437245763
2800.0 0.267361101695
2805.0 0.267284279661
2810.0 0.26723690678
2815.0 0.267189788136
2820.0 0.267173177966
2825.0 0.267156525424
2830.0 0.267168177966
2835.0 0.267183728814
2840.0 0.267229237288
2845.0 0.267275084746
2850.0 0.26735059322
2855.0 0.267426779661
2860.0 0.267533050847
2865.0 0.267639152542
2870.0 0.267768050847
2875.0 0.267912288136
2880.0 0.268081822034
2885.0 0.268234322034
2890.0 0.268426779661
2895.0 0.268625974576
2900.0 0.268813305085
2905.0 0.269062711864
2910.0 0.269274915254
2915.0 0.269486440678
2920.0 0.269735466102
2925.0 0.269969745763
2930.0 0.270230211864
2935.0 0.27046279661
2940.0 0.270703008475
2945.0 0.270945423729
2950.0 0.271185423729
2955.0 0.271416271186
2960.0 0.271644872881
2965.0 0.271863686441
2970.0 0.272075805085
2975.0 0.272274533898
2980.0 0.272463940678
2985.0 0.272638474576
2990.0 0.272801398305
2995.0 0.272948305085
3000.0 0.273083601695
3005.0 0.273203559322
3010.0 0.273311525424
3015.0 0.273402542373
3020.0 0.27348
3025.0 0.273538432203
3030.0 0.2735875
3035.0 0.273613559322
3040.0 0.273630127119
3045.0 0.273632033898
3050.0 0.273624025424
3055.0 0.27360059322
3060.0 0.273571737288
3065.0 0.273525974576
3070.0 0.273478644068
3075.0 0.273412838983
3080.0 0.273347754237
3085.0 0.273264194915
3090.0 0.273184830508
3095.0 0.273085847458
3100.0 0.272992245763
3105.0 0.272877669492
3110.0 0.272774788136
3115.0 0.272645932203
3120.0 0.272531610169
3125.0 0.272389237288
3130.0 0.272267330508
3135.0 0.272110677966
3140.0 0.271986271186
3145.0 0.271837881356
3150.0 0.271692415254
3155.0 0.271542881356
3160.0 0.271390974576
3165.0 0.271237288136
3170.0 0.271094152542
3175.0 0.270935762712
3180.0 0.270794533898
3185.0 0.270641186441
3190.0 0.270502966102
3195.0 0.270355550847
3200.0 0.270224576271
3205.0 0.270084788136
3210.0 0.269963389831
3215.0 0.269833771186
3220.0 0.269723983051
3225.0 0.269606567797
3230.0 0.269510211864
3235.0 0.269404745763
3240.0 0.269324915254
3245.0 0.269236652542
3250.0 0.269171779661
3255.0 0.269100338983
3260.0 0.269049279661
3265.0 0.268992330508
3270.0 0.268962457627
3275.0 0.268924788136
3280.0 0.268906101695
3285.0 0.268886016949
3290.0 0.268890762712
3295.0 0.268888855932
3300.0 0.268904237288
3305.0 0.268919364407
3310.0 0.268955847458
3315.0 0.268986271186
3320.0 0.269038135593
3325.0 0.269089110169
3330.0 0.269153813559
3335.0 0.269215762712
3340.0 0.269298305085
3345.0 0.269380805085
3350.0 0.269475084746
3355.0 0.269560805085
3360.0 0.269667584746
3365.0 0.269776355932
3370.0 0.269886313559
3375.0 0.270000508475
3380.0 0.270119576271
3385.0 0.270240466102
3390.0 0.270369618644
3395.0 0.270486228814
3400.0 0.270613135593
3405.0 0.270742076271
3410.0 0.270864915254
3415.0 0.270978601695
3420.0 0.271104449153
3425.0 0.27121559322
3430.0 0.271333516949
3435.0 0.271439237288
3440.0 0.271549110169
3445.0 0.271641991525
3450.0 0.271741398305
3455.0 0.271827372881
3460.0 0.271913347458
3465.0 0.271983220339
3470.0 0.272055550847
3475.0 0.272111949153
3480.0 0.272169618644
3485.0 0.272211101695
3490.0 0.27225470339
3495.0 0.272281313559
3500.0 0.272310720339
3505.0 0.272322838983
3510.0 0.272338389831
3515.0 0.272336567797
3520.0 0.272341610169
3525.0 0.272326186441
3530.0 0.272316737288
3535.0 0.2722925
3540.0 0.272267584746
3545.0 0.272230805085
3550.0 0.272203601695
3555.0 0.272152966102
3560.0 0.272112033898
3565.0 0.272053559322
3570.0 0.272004915254
3575.0 0.271938432203
3580.0 0.271880169492
3585.0 0.271803983051
3590.0 0.271742457627
3595.0 0.271667457627
3600.0 0.27159559322
3605.0 0.271515550847
3610.0 0.271444872881
3615.0 0.271356652542
3620.0 0.271292669492
3625.0 0.271187118644
3630.0 0.271116016949
3635.0 0.271032966102
3640.0 0.270953771186
3645.0 0.270863389831
3650.0 0.270789067797
3655.0 0.270704194915
3660.0 0.270634110169
3665.0 0.270551101695
3670.0 0.270485847458
3675.0 0.270403474576
3680.0 0.27034970339
3685.0 0.270273983051
3690.0 0.270219110169
3695.0 0.270157881356
3700.0 0.27011029661
3705.0 0.270052627119
3710.0 0.270015932203
3715.0 0.269967584746
3720.0 0.269938559322
3725.0 0.269899957627
3730.0 0.269879745763
3735.0 0.269850847458
3740.0 0.269840254237
3745.0 0.269820932203
3750.0 0.269819915254
3755.0 0.269810338983
3760.0 0.269818728814
3765.0 0.269818898305
3770.0 0.269836483051
3775.0 0.269846059322
3780.0 0.269872542373
3785.0 0.269889745763
3790.0 0.269924279661
3795.0 0.269953855932
3800.0 0.269996228814
3805.0 0.270028516949
3810.0 0.270080677966
3815.0 0.270120635593
3820.0 0.270180720339
3825.0 0.270224279661
3830.0 0.270276779661
3835.0 0.270334533898
3840.0 0.270421144068
3845.0 0.270451101695
3850.0 0.27051720339
3855.0 0.270580550847
3860.0 0.270647669492
3865.0 0.270715338983
3870.0 0.270789279661
3875.0 0.270839661017
3880.0 0.270900762712
3885.0 0.270964237288
3890.0 0.271032881356
3895.0 0.271085423729
3900.0 0.271144830508
3905.0 0.271196398305
3910.0 0.271259279661
3915.0 0.271300466102
3920.0 0.271352118644
3925.0 0.271393050847
3930.0 0.271440084746
3935.0 0.271470889831
3940.0 0.271512033898
3945.0 0.271537372881
3950.0 0.271570423729
3955.0 0.271588644068
3960.0 0.271614364407
3965.0 0.271625169492
3970.0 0.271643686441
3975.0 0.27164690678
3980.0 0.271658008475
3985.0 0.271653983051
3990.0 0.271657881356
3995.0 0.271646822034
4000.0 0.271643855932
4005.0 0.271626016949
4010.0 0.271618220339
4015.0 0.271591483051
4020.0 0.271577330508
4025.0 0.271547457627
4030.0 0.271527161017
4035.0 0.271489872881
4040.0 0.271467415254
4045.0 0.27142779661
4050.0 0.271400974576
4055.0 0.271356567797
4060.0 0.271312245763
4065.0 0.271281271186
4070.0 0.271237457627
4075.0 0.271187288136
4080.0 0.271161991525
4085.0 0.271098135593
4090.0 0.271068347458
4095.0 0.271013389831
4100.0 0.270977076271
4105.0 0.270925211864
4110.0 0.270887118644
4115.0 0.270836567797
4120.0 0.270801355932
4125.0 0.270751101695
4130.0 0.270719237288
4135.0 0.270674872881
4140.0 0.270639661017
4145.0 0.270596779661
4150.0 0.27056779661
4155.0 0.270529788136
4160.0 0.270503601695
4165.0 0.270468262712
4170.0 0.27044720339
4175.0 0.270417330508
4180.0 0.270400677966
4185.0 0.270375381356
4190.0 0.270363601695
4195.0 0.270342415254
4200.0 0.270336610169
4205.0 0.270320974576
4210.0 0.270320042373
4215.0 0.270309152542
4220.0 0.270313898305
4225.0 0.270307966102
4230.0 0.270318220339
4235.0 0.270317076271
4240.0 0.270331101695
4245.0 0.270336991525
4250.0 0.27035559322
4255.0 0.270365254237
4260.0 0.270388177966
4265.0 0.270402245763
4270.0 0.270428728814
4275.0 0.270446949153
4280.0 0.270476694915
4285.0 0.270495550847
4290.0 0.270535720339
4295.0 0.270552415254
4300.0 0.270586779661
4305.0 0.270623644068
4310.0 0.270654449153
4315.0 0.270680423729
4320.0 0.270721144068
4325.0 0.270746991525
4330.0 0.270787627119
4335.0 0.270814872881
4340.0 0.270854661017
4345.0 0.2708825
4350.0 0.270919067797
4355.0 0.270946313559
4360.0 0.270986228814
4365.0 0.271007838983
4370.0 0.271040847458
4375.0 0.271065677966
4380.0 0.271099067797
4385.0 0.271120169492
4390.0 0.271149067797
4395.0 0.271163728814
4400.0 0.271189957627
4405.0 0.27120470339
4410.0 0.27122809322
4415.0 0.271236822034
4420.0 0.271257372881
4425.0 0.271262161017
4430.0 0.271277584746
4435.0 0.271281186441
4440.0 0.271290381356
4445.0 0.271288983051
4450.0 0.271296737288
4455.0 0.271290169492
4460.0 0.271294661017
4465.0 0.271284279661
4470.0 0.271284830508
4475.0 0.271271355932
4480.0 0.271268050847
4485.0 0.271251567797
4490.0 0.271244957627
4495.0 0.271225466102
4500.0 0.271216016949
4505.0 0.271193898305
4510.0 0.271181949153
4515.0 0.2711575
4520.0 0.271143432203
4525.0 0.271117076271
4530.0 0.271101313559
4535.0 0.271071610169
4540.0 0.271056483051
4545.0 0.271026822034
4550.0 0.271008940678
4555.0 0.270982330508
4560.0 0.270961186441
4565.0 0.270933262712
4570.0 0.27091559322
4575.0 0.270884788136
4580.0 0.270862966102
4585.0 0.270840550847
4590.0 0.270822754237
4595.0 0.270790889831
4600.0 0.270778686441
4605.0 0.270750550847
4610.0 0.270736610169
4615.0 0.270712923729
4620.0 0.270699957627
4625.0 0.270676949153
4630.0 0.270667330508
4635.0 0.270645635593
4640.0 0.270639533898
4645.0 0.27062220339
4650.0 0.270616059322
4655.0 0.270600762712
4660.0 0.270598855932
4665.0 0.270586101695
4670.0 0.270586694915
4675.0 0.270576737288
4680.0 0.270580254237
4685.0 0.270573135593
4690.0 0.270579237288
4695.0 0.270575127119
4700.0 0.270583771186
4705.0 0.270582415254
4710.0 0.270593601695
4715.0 0.270594872881
4720.0 0.270608432203
4725.0 0.270612076271
4730.0 0.270629194915
4735.0 0.270635169492
4740.0 0.270652881356
4745.0 0.270660423729
4750.0 0.270678262712
4755.0 0.270685635593
4760.0 0.270708347458
4765.0 0.270718898305
4770.0 0.270739449153
4775.0 0.27075029661
4780.0 0.270777881356
4785.0 0.270785720339
4790.0 0.270809957627
4795.0 0.270823940678
4800.0 0.270845127119
4805.0 0.270858728814
4810.0 0.270881016949
4815.0 0.270893474576
4820.0 0.270915084746
4825.0 0.270927372881
4830.0 0.270951567797
4835.0 0.27095940678
4840.0 0.270978432203
4845.0 0.270989576271
4850.0 0.271009661017
4855.0 0.271015
4860.0 0.27103059322
4865.0 0.271038177966
4870.0 0.271055211864
4875.0 0.271058983051
4880.0 0.271071271186
4885.0 0.271074237288
4890.0 0.271086737288
4895.0 0.271084745763
4900.0 0.271095762712
4905.0 0.271094957627
4910.0 0.271102669492
4915.0 0.271096101695
4920.0 0.27110029661
4925.0 0.271094872881
4930.0 0.2711
4935.0 0.271092330508
4940.0 0.271093305085
4945.0 0.271084110169
4950.0 0.271081694915
4955.0 0.271072754237
4960.0 0.271068516949
4965.0 0.271052669492
4970.0 0.271055042373
4975.0 0.271041991525
4980.0 0.2710325
4985.0 0.271019872881
4990.0 0.271011822034
4995.0 0.270997161017
5000.0 0.270989237288
