/*--------------------------------*- C++ -*----------------------------------*\
| =========                 |                                                 |
| \\      /  F ield         | OpenFOAM: The Open Source CFD Toolbox           |
|  \\    /   O peration     | Version:  2.3.0                                 |
|   \\  /    A nd           | Web:      www.OpenFOAM.org                      |
|    \\/     M anipulation  |                                                 |
\*---------------------------------------------------------------------------*/
FoamFile
{
    version     2.0;
    format      ascii;
    class       volScalarField;
    location    "450";
    object      p;
}
// * * * * * * * * * * * * * * * * * * * * * * * * * * * * * * * * * * * * * //

dimensions      [0 2 -2 0 0 0 0];

internalField   nonuniform List<scalar> 
7991
(
-0.000345196
0.0130549
0.0607906
0.154951
0.296939
0.480422
0.695432
0.932319
1.18451
1.4494
1.72664
2.01971
2.35812
2.86299
3.5066
0.235274
0.25313
0.272447
0.295636
0.328863
0.379026
0.452417
0.553301
0.683233
0.841258
1.02445
1.22871
1.44975
1.68458
1.93146
0.468631
0.545681
0.640878
0.751975
0.876947
1.01164
1.15158
1.29284
1.4324
1.5681
1.69846
1.82243
1.93916
2.04801
2.14919
0.615075
0.685017
0.763473
0.845882
0.932334
1.02234
1.11524
1.21023
1.30643
1.40292
1.49879
1.59318
1.68532
1.77458
1.86084
0.731824
0.801734
0.881239
0.963498
1.04773
1.13278
1.21762
1.30138
1.38339
1.46318
1.54041
1.61484
1.68628
1.75459
1.81982
0.81129
0.872183
0.940704
1.01014
1.07989
1.14949
1.21858
1.28686
1.35409
1.42005
1.48458
1.54749
1.60864
1.66788
1.72516
0.866395
0.922006
0.9835
1.04548
1.10728
1.16859
1.22923
1.28905
1.34791
1.40567
1.46224
1.5175
1.57133
1.62363
1.67431
0.901818
0.955734
1.01024
1.06477
1.11902
1.17284
1.22617
1.27895
1.33111
1.38257
1.43325
1.48303
1.53181
1.57945
1.62584
0.932083
0.981171
1.02918
1.07757
1.12596
1.17416
1.22213
1.2698
1.31713
1.36404
1.41043
1.4562
1.50122
1.54536
1.58848
0.949312
0.997704
1.04121
1.08488
1.12865
1.17244
1.21619
1.25987
1.30345
1.34682
1.38992
1.43264
1.47482
1.51632
1.55695
0.966114
1.01016
1.04958
1.08926
1.12923
1.16944
1.2098
1.25028
1.29092
1.33149
1.37197
1.41224
1.45217
1.49159
1.53034
0.978783
1.01817
1.05446
1.09097
1.12828
1.16565
1.20293
1.24059
1.27893
1.31724
1.3555
1.39366
1.43179
1.4695
1.50677
0.989568
1.02599
1.05955
1.09312
1.12804
1.16307
1.19817
1.234
1.27026
1.30635
1.34315
1.38056
1.4179
1.45504
1.49072
1.00701
1.03571
1.07132
1.10143
1.12673
1.15995
1.19841
1.23352
1.26685
1.29986
1.33628
1.37451
1.40935
1.44726
1.48509
4.29848
4.41941
4.30703
4.3136
4.35378
4.37825
4.37955
4.36126
4.32462
4.26728
4.18437
4.07009
3.92067
3.73814
3.54073
2.19608
2.47567
2.74181
2.98998
3.21396
3.4057
3.55744
3.66336
3.7203
3.72833
3.691
3.61498
3.50893
3.38239
3.24881
2.24494
2.33807
2.42938
2.51921
2.60672
2.69072
2.76982
2.84241
2.90644
2.95936
2.99792
3.0183
3.01704
2.99325
2.95446
1.94565
2.03115
2.11779
2.20487
2.29113
2.37506
2.45489
2.52865
2.59425
2.64955
2.69251
2.7213
2.73466
2.73308
2.72075
1.88288
1.94529
2.00768
2.06985
2.13138
2.19171
2.25019
2.30607
2.35842
2.40614
2.44788
2.48201
2.50688
2.52181
2.52789
1.78109
1.83664
1.89209
1.94722
2.00164
2.05494
2.10663
2.15615
2.20288
2.24607
2.28487
2.31829
2.34529
2.366
2.38502
1.72372
1.77252
1.8209
1.86869
1.91563
1.96144
2.00582
2.04843
2.08891
2.12679
2.16156
2.19253
2.21902
2.24081
2.25829
1.67119
1.7159
1.76007
1.8035
1.84598
1.88729
1.9272
1.96545
2.0018
2.03595
2.06756
2.09623
2.1215
2.14306
2.16186
1.63066
1.67214
1.71295
1.75292
1.79186
1.82958
1.86589
1.90062
1.93358
1.96458
1.99343
2.01985
2.04344
2.06389
2.08437
1.59671
1.63572
1.67399
1.71133
1.7476
1.78261
1.81617
1.8482
1.87853
1.90704
1.9336
1.95805
1.98013
1.99949
2.01813
1.56822
1.60526
1.64151
1.67668
1.7109
1.74379
1.77522
1.80514
1.83336
1.85987
1.88455
1.9073
1.92799
1.94624
1.96316
1.54331
1.57883
1.61361
1.64687
1.67964
1.71115
1.74099
1.76935
1.79587
1.82087
1.84413
1.8656
1.88481
1.90173
1.91641
1.5256
1.55847
1.59162
1.6236
1.65541
1.68503
1.71223
1.73892
1.76372
1.78723
1.80929
1.82971
1.84769
1.86397
1.87842
1.51621
1.54483
1.57487
1.60549
1.6391
1.66312
1.68685
1.71207
1.73499
1.75641
1.77615
1.79155
1.80982
1.82839
1.84205
-0.829054
-0.822043
-0.760097
-0.635904
-0.462425
-0.264866
-0.0739745
0.0832527
0.190812
0.244375
0.248528
0.209238
0.131131
0.00451475
0.00195361
-0.788489
-0.825326
-0.869768
-0.931917
-1.01868
-1.12548
-1.24106
-1.35289
-1.45049
-1.52815
-1.5849
-1.62509
-1.65048
-1.68421
-1.68483
-0.789697
-0.86694
-0.961711
-1.06827
-1.17669
-1.27456
-1.35361
-1.41165
-1.45087
-1.47601
-1.49262
-1.50779
-1.52159
-1.53561
-1.5378
-0.733361
-0.778904
-0.819824
-0.85237
-0.875675
-0.890391
-0.898661
-0.903129
-0.905943
-0.908852
-0.913301
-0.922202
-0.935317
-0.946684
-0.949192
-0.649781
-0.668285
-0.681303
-0.69028
-0.697189
-0.70317
-0.708494
-0.713033
-0.716684
-0.71989
-0.723641
-0.730093
-0.740284
-0.748279
-0.748077
-0.585618
-0.60084
-0.615133
-0.629157
-0.642343
-0.654102
-0.663889
-0.671545
-0.677318
-0.682038
-0.687029
-0.694174
-0.704591
-0.712675
-0.711633
-0.5419
-0.551527
-0.563834
-0.57622
-0.587529
-0.597676
-0.606729
-0.614865
-0.622336
-0.629657
-0.637739
-0.647837
-0.660515
-0.670334
-0.669481
-0.494221
-0.498752
-0.506032
-0.513998
-0.522186
-0.531032
-0.540673
-0.551106
-0.562217
-0.574025
-0.586886
-0.601454
-0.61765
-0.630033
-0.62984
-0.452021
-0.448039
-0.451419
-0.456501
-0.463387
-0.472737
-0.484718
-0.499245
-0.515982
-0.53457
-0.554964
-0.577033
-0.599476
-0.616308
-0.617659
-0.40293
-0.400494
-0.401416
-0.403804
-0.408776
-0.417564
-0.430895
-0.449159
-0.471899
-0.498554
-0.528939
-0.563098
-0.598352
-0.626188
-0.63353
-0.369528
-0.359065
-0.355546
-0.353599
-0.354831
-0.361366
-0.375256
-0.398037
-0.428953
-0.46568
-0.510043
-0.562604
-0.617265
-0.659512
-0.674677
-0.329627
-0.318691
-0.310929
-0.303109
-0.296428
-0.294678
-0.300577
-0.322761
-0.358582
-0.399083
-0.445162
-0.518244
-0.621867
-0.708023
-0.749456
-0.302425
-0.28376
-0.275313
-0.26209
-0.249498
-0.243507
-0.245867
-0.275551
-0.339017
-0.389865
-0.454944
-0.544398
-0.704686
-0.802164
-0.838907
-0.263829
-0.236799
-0.231582
-0.213169
-0.170767
-0.132235
-0.0605518
-0.0663697
-0.154794
-0.174633
-0.112551
-0.143363
-0.608597
-0.898387
-0.927838
0.0085286
0.0189301
0.15312
0.238547
0.285826
0.290101
0.245144
0.146402
-0.00131609
-0.18093
-0.364147
-0.520161
-0.62299
-0.660882
-0.642336
-1.68153
-1.67625
-1.6376
-1.60735
-1.56095
-1.49629
-1.40886
-1.29965
-1.17463
-1.04458
-0.922606
-0.820633
-0.742343
-0.680375
-0.623184
-1.53426
-1.52564
-1.50546
-1.48593
-1.46426
-1.44004
-1.40594
-1.35633
-1.28648
-1.19437
-1.0827
-0.9603
-0.839414
-0.729828
-0.635553
-0.945911
-0.936926
-0.91938
-0.900473
-0.885243
-0.87366
-0.862683
-0.85085
-0.83639
-0.817144
-0.790506
-0.754298
-0.707779
-0.651993
-0.590033
-0.744951
-0.738786
-0.724721
-0.708819
-0.696235
-0.685661
-0.674847
-0.662825
-0.649162
-0.633946
-0.617243
-0.598625
-0.576849
-0.550061
-0.516784
-0.708589
-0.703291
-0.689133
-0.672973
-0.659705
-0.647953
-0.635776
-0.621882
-0.605461
-0.586243
-0.564358
-0.54028
-0.514577
-0.487861
-0.459958
-0.666521
-0.661075
-0.645202
-0.626775
-0.610559
-0.595751
-0.581061
-0.5656
-0.548875
-0.530585
-0.510521
-0.488595
-0.464902
-0.440439
-0.417867
-0.627189
-0.621493
-0.603381
-0.581607
-0.560981
-0.54138
-0.522157
-0.502986
-0.48386
-0.46484
-0.445937
-0.427081
-0.408019
-0.389038
-0.372547
-0.615099
-0.60808
-0.585687
-0.557897
-0.530064
-0.503095
-0.477099
-0.452193
-0.428734
-0.406948
-0.386978
-0.368851
-0.352239
-0.336901
-0.324946
-0.633189
-0.622765
-0.590587
-0.550428
-0.510296
-0.472386
-0.437345
-0.405774
-0.377533
-0.352889
-0.33203
-0.314722
-0.300369
-0.288311
-0.280014
-0.673908
-0.653509
-0.601658
-0.543822
-0.488949
-0.437448
-0.392743
-0.353984
-0.321175
-0.294911
-0.274806
-0.260391
-0.249954
-0.242547
-0.239617
-0.780149
-0.74101
-0.63479
-0.540855
-0.461678
-0.391832
-0.337216
-0.297501
-0.26099
-0.233498
-0.216348
-0.206151
-0.201161
-0.199412
-0.200337
-0.891712
-0.788963
-0.56342
-0.48838
-0.42382
-0.323696
-0.277819
-0.230488
-0.180613
-0.160626
-0.148417
-0.149866
-0.150937
-0.157524
-0.164731
-1.38696
-1.1908
-0.575539
-0.523518
-0.376695
-0.217427
-0.17518
-0.190052
-0.126178
-0.101983
-0.104213
-0.106064
-0.113709
-0.128021
-0.146405
-8.80414
-8.15529
-7.56646
-6.94145
-6.26264
-5.52173
-4.7382
-3.93872
-3.15646
-2.42844
-1.78953
-1.26438
-0.860677
-0.568274
-0.371332
-0.256114
-1.17446
-1.32053
-1.36208
-1.43721
-1.52159
-1.58294
-1.60825
-1.5877
-1.51236
-1.37938
-1.19646
-0.982208
-0.761406
-0.566091
-0.812608
-1.18411
-1.02675
-0.995325
-1.02503
-1.05148
-1.06364
-1.06614
-1.05891
-1.03846
-0.999832
-0.937459
-0.847343
-0.730196
-0.603025
-2.16855
-2.17262
-1.91957
-1.85171
-1.79368
-1.71316
-1.61644
-1.50967
-1.39353
-1.26937
-1.14025
-1.00957
-0.879536
-0.749976
-0.627417
-2.07391
-1.78677
-1.62764
-1.60747
-1.56489
-1.50731
-1.44272
-1.37129
-1.29066
-1.19991
-1.09917
-0.989562
-0.873446
-0.753388
-0.63739
-1.16119
-0.865532
-0.875499
-0.898001
-0.897624
-0.899049
-0.902429
-0.902474
-0.895618
-0.879596
-0.852113
-0.811023
-0.755043
-0.683904
-0.602854
-0.608747
-0.518064
-0.570466
-0.575538
-0.580832
-0.596098
-0.615759
-0.634829
-0.650848
-0.661611
-0.664566
-0.65704
-0.636547
-0.600766
-0.55011
-0.558174
-0.553462
-0.570394
-0.558423
-0.55769
-0.562334
-0.569632
-0.577654
-0.585035
-0.590073
-0.590888
-0.585474
-0.571737
-0.547376
-0.509814
-0.581802
-0.588546
-0.584173
-0.573672
-0.570096
-0.566768
-0.565252
-0.564973
-0.564763
-0.563287
-0.55924
-0.551201
-0.537608
-0.516856
-0.486219
-0.583011
-0.584013
-0.574679
-0.566679
-0.560781
-0.554401
-0.549696
-0.546156
-0.542834
-0.538747
-0.532921
-0.524243
-0.511444
-0.493272
-0.466847
-0.578825
-0.575498
-0.565777
-0.556904
-0.549114
-0.541994
-0.535877
-0.530462
-0.525181
-0.519339
-0.512171
-0.502806
-0.490209
-0.47334
-0.449617
-0.570664
-0.56577
-0.556294
-0.546438
-0.538377
-0.53157
-0.524875
-0.518521
-0.512186
-0.505299
-0.497215
-0.487235
-0.474553
-0.458386
-0.436805
-0.556165
-0.551218
-0.542327
-0.532745
-0.525501
-0.519294
-0.512601
-0.506135
-0.499635
-0.492581
-0.484399
-0.474487
-0.462177
-0.446862
-0.426984
-0.539755
-0.535328
-0.527197
-0.518447
-0.511882
-0.505973
-0.49951
-0.493268
-0.486952
-0.480099
-0.472194
-0.462685
-0.450948
-0.436407
-0.417564
-0.526147
-0.522216
-0.514661
-0.506416
-0.499634
-0.493492
-0.487343
-0.481362
-0.475249
-0.468622
-0.461023
-0.451932
-0.440752
-0.42692
-0.409088
-0.515597
-0.511908
-0.504624
-0.496426
-0.488992
-0.48256
-0.476783
-0.470975
-0.465004
-0.458572
-0.451266
-0.442606
-0.432059
-0.419133
-0.402669
-0.505657
-0.50206
-0.494955
-0.486788
-0.479133
-0.472831
-0.467419
-0.461716
-0.455876
-0.449641
-0.442625
-0.434385
-0.424439
-0.412359
-0.397027
-0.495073
-0.49161
-0.4848
-0.476924
-0.469605
-0.463751
-0.45865
-0.453064
-0.4474
-0.441391
-0.434668
-0.426817
-0.417376
-0.405931
-0.391408
-0.484426
-0.481205
-0.474821
-0.467446
-0.460692
-0.45523
-0.450297
-0.444884
-0.43945
-0.433701
-0.427292
-0.419835
-0.410886
-0.400042
-0.386302
-0.475108
-0.47217
-0.466225
-0.459351
-0.453016
-0.447524
-0.442501
-0.43733
-0.432157
-0.426682
-0.420599
-0.413545
-0.405101
-0.394887
-0.382015
-0.467761
-0.465046
-0.459434
-0.452887
-0.446669
-0.440794
-0.435567
-0.43068
-0.425719
-0.420471
-0.414674
-0.407986
-0.40001
-0.390385
-0.378346
-0.461692
-0.459108
-0.45371
-0.447325
-0.441078
-0.434903
-0.429632
-0.425006
-0.420165
-0.415076
-0.4095
-0.403106
-0.395512
-0.386359
-0.374982
-0.456021
-0.453518
-0.448289
-0.442027
-0.435809
-0.429638
-0.424536
-0.420115
-0.415343
-0.410381
-0.404988
-0.398841
-0.391574
-0.382814
-0.371906
-0.45029
-0.447877
-0.442842
-0.436768
-0.430726
-0.424815
-0.419997
-0.41574
-0.411053
-0.406233
-0.401023
-0.395116
-0.388165
-0.379803
-0.369133
-0.444746
-0.442458
-0.437659
-0.431856
-0.426105
-0.420547
-0.415959
-0.41179
-0.407221
-0.402569
-0.397564
-0.391919
-0.385314
-0.377455
-0.367493
-0.439873
-0.437734
-0.433191
-0.4277
-0.422261
-0.416996
-0.412415
-0.408204
-0.403807
-0.399344
-0.394549
-0.389159
-0.382863
-0.375393
-0.365831
-0.436109
-0.43411
-0.429801
-0.424586
-0.419385
-0.414246
-0.409442
-0.4051
-0.400908
-0.396614
-0.392005
-0.386845
-0.380825
-0.373702
-0.364662
-0.433345
-0.431454
-0.427327
-0.422313
-0.417241
-0.412103
-0.407047
-0.402625
-0.398634
-0.394453
-0.389987
-0.385013
-0.379224
-0.37237
-0.363611
-0.431292
-0.429472
-0.425482
-0.420599
-0.415583
-0.410413
-0.405238
-0.400847
-0.397009
-0.392886
-0.388526
-0.3837
-0.378109
-0.37152
-0.363177
-0.429541
-0.427773
-0.423899
-0.419122
-0.414159
-0.409014
-0.403888
-0.399629
-0.395903
-0.391818
-0.387543
-0.382833
-0.377396
-0.370999
-0.362855
-0.428007
-0.426289
-0.422531
-0.417867
-0.412993
-0.407942
-0.402977
-0.398876
-0.395225
-0.391178
-0.38699
-0.382404
-0.377153
-0.371047
-0.363787
-0.426556
-0.4249
-0.421272
-0.416755
-0.412026
-0.407144
-0.402398
-0.398439
-0.394832
-0.390848
-0.386754
-0.382287
-0.377197
-0.371251
-0.364348
-0.425542
-0.42396
-0.420473
-0.41612
-0.411565
-0.406864
-0.402303
-0.39835
-0.3947
-0.390789
-0.386777
-0.382406
-0.377433
-0.371554
-0.365034
-0.424916
-0.423412
-0.420068
-0.415897
-0.411527
-0.407009
-0.402577
-0.398513
-0.394773
-0.390989
-0.387076
-0.382805
-0.377954
-0.372123
-0.365397
-0.425063
-0.423634
-0.420419
-0.416407
-0.412186
-0.407778
-0.40337
-0.399097
-0.395251
-0.391597
-0.387762
-0.383585
-0.37886
-0.373183
-0.366314
-0.425531
-0.424163
-0.421061
-0.417191
-0.413093
-0.40877
-0.404366
-0.39997
-0.396121
-0.392639
-0.38891
-0.384889
-0.380391
-0.375132
-0.369189
-0.426606
-0.425289
-0.42228
-0.418517
-0.414494
-0.410201
-0.405771
-0.40131
-0.3975
-0.394131
-0.390458
-0.386536
-0.382143
-0.376957
-0.37083
-0.427665
-0.426387
-0.423463
-0.419799
-0.415852
-0.411621
-0.407232
-0.402851
-0.399172
-0.395929
-0.392329
-0.388515
-0.38423
-0.379158
-0.373703
-0.429128
-0.427892
-0.42505
-0.421481
-0.417607
-0.413446
-0.409126
-0.404873
-0.401334
-0.398193
-0.394682
-0.391015
-0.386934
-0.382091
-0.377192
-0.430705
-0.42951
-0.426753
-0.423288
-0.419514
-0.41547
-0.411286
-0.407235
-0.403864
-0.40084
-0.397443
-0.393916
-0.389988
-0.385227
-0.380052
-0.432727
-0.431582
-0.42892
-0.425576
-0.421923
-0.418028
-0.414007
-0.41016
-0.406907
-0.403954
-0.40067
-0.397265
-0.393472
-0.388893
-0.383677
-0.435557
-0.43446
-0.43189
-0.428661
-0.425134
-0.421381
-0.417517
-0.413829
-0.410604
-0.407669
-0.404527
-0.401275
-0.397684
-0.393478
-0.389159
-0.43903
-0.437983
-0.435508
-0.43241
-0.429029
-0.425447
-0.42175
-0.418206
-0.414939
-0.411991
-0.408984
-0.405817
-0.402259
-0.397971
-0.393343
-0.444113
-0.443105
-0.44071
-0.437699
-0.434415
-0.430904
-0.427263
-0.423696
-0.420252
-0.417186
-0.414231
-0.411047
-0.40745
-0.403042
-0.398758
-0.449822
-0.448844
-0.446521
-0.443604
-0.440425
-0.437015
-0.433446
-0.429892
-0.426335
-0.423221
-0.420318
-0.417091
-0.413435
-0.408844
-0.403912
-0.457533
-0.456572
-0.454299
-0.451416
-0.448266
-0.444818
-0.44118
-0.437461
-0.433705
-0.430445
-0.427474
-0.424108
-0.420344
-0.415633
-0.410257
-0.465649
-0.464693
-0.462459
-0.459613
-0.456505
-0.453065
-0.449412
-0.445634
-0.441808
-0.438501
-0.435476
-0.431986
-0.428104
-0.423301
-0.417299
-0.475319
-0.474365
-0.472159
-0.469315
-0.466191
-0.462667
-0.458907
-0.454959
-0.450999
-0.447569
-0.444427
-0.440826
-0.436927
-0.432356
-0.426964
-0.484984
-0.484027
-0.481846
-0.479013
-0.475896
-0.472345
-0.46855
-0.464541
-0.46055
-0.457062
-0.453811
-0.450069
-0.445999
-0.441236
-0.434872
-0.495048
-0.4941
-0.491951
-0.489143
-0.486033
-0.482461
-0.478628
-0.47456
-0.470531
-0.466965
-0.463593
-0.459748
-0.455635
-0.451071
-0.446575
-0.505094
-0.504159
-0.502047
-0.49927
-0.496185
-0.492616
-0.488785
-0.484703
-0.480674
-0.477027
-0.473516
-0.469519
-0.465184
-0.460088
-0.453791
-0.51468
-0.513777
-0.511721
-0.509029
-0.506018
-0.502553
-0.498808
-0.49483
-0.490875
-0.487193
-0.483568
-0.479453
-0.474907
-0.469469
-0.462935
-0.52497
-0.524104
-0.522107
-0.519489
-0.516545
-0.513149
-0.509472
-0.505559
-0.501653
-0.497902
-0.494215
-0.490151
-0.485689
-0.48049
-0.474626
-0.534986
-0.534162
-0.532233
-0.529731
-0.526905
-0.523692
-0.520188
-0.516488
-0.512744
-0.509036
-0.505399
-0.501509
-0.497187
-0.492141
-0.48658
-0.546325
-0.545546
-0.543682
-0.541264
-0.538517
-0.535391
-0.531966
-0.52834
-0.524629
-0.520841
-0.517169
-0.513321
-0.508895
-0.503503
-0.497258
-0.557645
-0.556908
-0.555116
-0.55282
-0.550204
-0.547273
-0.54403
-0.540615
-0.537053
-0.533343
-0.529779
-0.526128
-0.521853
-0.516693
-0.512621
-0.571163
-0.570462
-0.568724
-0.566496
-0.563942
-0.561073
-0.557874
-0.55449
-0.550923
-0.547179
-0.543635
-0.540039
-0.535725
-0.53011
-0.524286
-0.585764
-0.585086
-0.583397
-0.581239
-0.578762
-0.575992
-0.572878
-0.569578
-0.566053
-0.562339
-0.558826
-0.555236
-0.550842
-0.545116
-0.539634
-0.602659
-0.602007
-0.600362
-0.598257
-0.595826
-0.593093
-0.58999
-0.586677
-0.583107
-0.579349
-0.575785
-0.572084
-0.56747
-0.561325
-0.554463
-0.621724
-0.621086
-0.619478
-0.61741
-0.615019
-0.612308
-0.609213
-0.605876
-0.602257
-0.598435
-0.594768
-0.590857
-0.585885
-0.579249
-0.571729
-0.643338
-0.642715
-0.641143
-0.639117
-0.63676
-0.63407
-0.630973
-0.627602
-0.623915
-0.620008
-0.616192
-0.612031
-0.606702
-0.599646
-0.591981
-0.668129
-0.667516
-0.665977
-0.66397
-0.661628
-0.658911
-0.655772
-0.6523
-0.648489
-0.644409
-0.640336
-0.635775
-0.629898
-0.622031
-0.613115
-0.695689
-0.695091
-0.69359
-0.69163
-0.689329
-0.686644
-0.68351
-0.679998
-0.676086
-0.671825
-0.667415
-0.662328
-0.655748
-0.646946
-0.636941
-0.727742
-0.72715
-0.725674
-0.723712
-0.721395
-0.718627
-0.715386
-0.711677
-0.707516
-0.70289
-0.697935
-0.692086
-0.684545
-0.674483
-0.662573
-0.763369
-0.762785
-0.761342
-0.759409
-0.757113
-0.754343
-0.751058
-0.747233
-0.742848
-0.737828
-0.732185
-0.725351
-0.716526
-0.704782
-0.690713
-0.804756
-0.804182
-0.802764
-0.800829
-0.798502
-0.795624
-0.792172
-0.788045
-0.783226
-0.77754
-0.770877
-0.762663
-0.752077
-0.738005
-0.721118
-0.852078
-0.851504
-0.850108
-0.84817
-0.845809
-0.842829
-0.839188
-0.834721
-0.829352
-0.82279
-0.814764
-0.80471
-0.79176
-0.774536
-0.754247
-0.907225
-0.906657
-0.905275
-0.90331
-0.900861
-0.897684
-0.893713
-0.888692
-0.882478
-0.874644
-0.864745
-0.85221
-0.836112
-0.814754
-0.790126
-0.973679
-0.973112
-0.971746
-0.96973
-0.967125
-0.963621
-0.959091
-0.953162
-0.945569
-0.935713
-0.922957
-0.906706
-0.886005
-0.858913
-0.828136
-1.04969
-1.04914
-1.04776
-1.04567
-1.04288
-1.03902
-1.03384
-1.02683
-1.01751
-1.00506
-0.988563
-0.967314
-0.940299
-0.905432
-0.865758
-1.15899
-1.15844
-1.15709
-1.15479
-1.15133
-1.14621
-1.13891
-1.12867
-1.11469
-1.09591
-1.07124
-1.04012
-1.00191
-0.95505
-0.903294
-1.25927
-1.25871
-1.25712
-1.25454
-1.25071
-1.24497
-1.2365
-1.22422
-1.2068
-1.1827
-1.15039
-1.10926
-1.0591
-0.999302
-0.933215
-1.54086
-1.54065
-1.53875
-1.53411
-1.52497
-1.50991
-1.48713
-1.45477
-1.41116
-1.35545
-1.28806
-1.21148
-1.12924
-1.04415
-0.961099
-1.52292
-1.52149
-1.52204
-1.51618
-1.506
-1.49099
-1.46952
-1.4395
-1.39884
-1.34607
-1.28099
-1.20579
-1.12405
-1.03907
-0.955501
-3.00928
-3.08615
-3.02618
-2.94401
-2.84055
-2.70586
-2.53311
-2.32311
-2.08341
-1.82896
-1.58006
-1.35854
-1.179
-1.04155
-0.938447
15.6755
15.016
14.1791
13.3659
12.4929
11.5302
10.4981
9.43032
8.36443
7.3419
6.40383
5.58252
4.89337
4.33202
3.89244
6.74355
5.90978
5.94829
6.0637
6.10998
6.1106
6.08239
6.01298
5.88553
5.68835
5.4183
5.08376
4.70502
4.30931
3.93653
4.60638
4.29412
4.51247
4.57715
4.58411
4.59075
4.59889
4.59647
4.57677
4.53461
4.46308
4.35385
4.20001
3.9994
3.76953
3.99363
3.9885
4.20802
4.22897
4.23651
4.25143
4.26238
4.25929
4.23819
4.19588
4.12973
4.03803
3.91933
3.7712
3.59993
3.36465
3.64576
3.78315
3.78612
3.80803
3.83636
3.86115
3.87862
3.88584
3.8776
3.84804
3.79225
3.70732
3.59184
3.45108
3.44883
3.74935
3.73727
3.71616
3.7162
3.71162
3.7009
3.68679
3.66932
3.6461
3.61356
3.56718
3.502
3.41313
3.30014
3.60799
3.70346
3.64934
3.6438
3.63712
3.61832
3.59197
3.56132
3.52657
3.48707
3.44176
3.38881
3.32542
3.24754
3.15079
3.38844
3.39552
3.37754
3.38878
3.38732
3.37837
3.36415
3.34529
3.32136
3.29175
3.25549
3.21117
3.15705
3.09102
3.00902
3.10396
3.0987
3.10319
3.11353
3.11558
3.11598
3.11277
3.10555
3.09412
3.07795
3.05596
3.02658
2.98798
2.93883
2.87887
2.87877
2.8784
2.88765
2.89479
2.89904
2.90322
2.90434
2.90221
2.89677
2.88765
2.87395
2.85437
2.82719
2.79079
2.7455
2.69434
2.69767
2.70688
2.7144
2.72061
2.72594
2.72894
2.72949
2.72741
2.7223
2.71344
2.69973
2.67964
2.6514
2.61585
2.53392
2.53874
2.5479
2.55698
2.56412
2.56954
2.57362
2.57593
2.57616
2.57396
2.56872
2.55948
2.54489
2.52316
2.49571
2.3963
2.40139
2.41032
2.41979
2.42661
2.43173
2.43634
2.43957
2.44115
2.44081
2.43811
2.43229
2.42224
2.40638
2.38681
2.27746
2.28217
2.29048
2.29927
2.30532
2.31012
2.31489
2.31849
2.32072
2.32142
2.32025
2.31659
2.30954
2.29751
2.2818
2.17032
2.17446
2.18205
2.19006
2.19584
2.20072
2.20547
2.20917
2.21175
2.21307
2.21283
2.21051
2.20535
2.19588
2.18281
2.07027
2.07401
2.08117
2.08891
2.09527
2.10061
2.10524
2.10903
2.11191
2.11374
2.11427
2.11311
2.10966
2.10286
2.09425
1.97715
1.98073
1.98772
1.99555
2.00257
2.0082
2.01266
2.01659
2.01977
2.02203
2.02322
2.023
2.02089
2.01591
2.00999
1.89192
1.89544
1.90227
1.91006
1.91719
1.92267
1.92693
1.93099
1.93436
1.93692
1.93854
1.93895
1.93769
1.93375
1.92882
1.81427
1.81764
1.82416
1.83163
1.83836
1.84344
1.84753
1.85164
1.85509
1.85781
1.85973
1.8606
1.86008
1.85725
1.85397
1.74247
1.74558
1.75168
1.75865
1.76486
1.76964
1.7737
1.77779
1.78124
1.78406
1.7862
1.78746
1.78757
1.78572
1.78387
1.67449
1.67732
1.68301
1.68952
1.69538
1.70033
1.70459
1.70857
1.71198
1.71485
1.71714
1.7187
1.71932
1.71826
1.71746
1.6092
1.61183
1.61722
1.62346
1.62929
1.6347
1.63923
1.64305
1.64645
1.64939
1.6518
1.65358
1.65458
1.65411
1.65389
1.54689
1.54941
1.55463
1.56075
1.56666
1.5724
1.57702
1.5807
1.58414
1.58715
1.58967
1.59163
1.5929
1.59285
1.59288
1.48804
1.49049
1.49556
1.5016
1.50751
1.51326
1.51776
1.52133
1.52483
1.5279
1.53052
1.53262
1.53411
1.53448
1.53519
1.43268
1.43505
1.43995
1.44582
1.45159
1.45711
1.46137
1.46487
1.46841
1.47152
1.47422
1.47647
1.47818
1.47891
1.48116
1.38033
1.38258
1.38725
1.39287
1.39837
1.40357
1.40764
1.4111
1.41464
1.41776
1.42051
1.42288
1.42483
1.42587
1.42871
1.33009
1.33219
1.33662
1.34195
1.34715
1.35207
1.35615
1.3597
1.36317
1.36625
1.369
1.3714
1.37344
1.37455
1.37749
1.2813
1.28326
1.28746
1.29252
1.29749
1.30229
1.3066
1.31033
1.31368
1.31671
1.31945
1.32189
1.32403
1.32535
1.32878
1.23367
1.23553
1.23956
1.24442
1.24927
1.2541
1.25872
1.26259
1.26582
1.26884
1.27161
1.27411
1.27639
1.27792
1.28151
1.18752
1.1893
1.1932
1.19793
1.20273
1.20761
1.2124
1.21628
1.2194
1.22244
1.22522
1.22774
1.23009
1.23174
1.23504
1.14275
1.14449
1.14828
1.15292
1.1577
1.1626
1.16739
1.17119
1.17425
1.17731
1.18008
1.18259
1.1849
1.18636
1.1884
1.09971
1.1014
1.10508
1.10962
1.11433
1.11915
1.12381
1.12747
1.13047
1.13354
1.13632
1.13886
1.14125
1.143
1.14414
1.05809
1.05973
1.06329
1.0677
1.0723
1.07698
1.08145
1.08498
1.08798
1.09108
1.0939
1.09653
1.09908
1.10132
1.10257
1.01777
1.01934
1.02276
1.02701
1.03144
1.03593
1.04019
1.04365
1.04666
1.04972
1.05252
1.05515
1.05771
1.06017
1.06024
0.978091
0.979577
0.982862
0.986937
0.991176
0.995481
0.999596
1.00313
1.00622
1.00919
1.01192
1.01447
1.01689
1.01943
1.01932
0.938939
0.940348
0.943498
0.947404
0.951472
0.955632
0.959681
0.963391
0.966591
0.969451
0.972123
0.974649
0.97703
0.979701
0.980881
0.900212
0.901555
0.904589
0.908347
0.912285
0.916357
0.920411
0.924309
0.927583
0.930332
0.932984
0.935502
0.93787
0.940474
0.941342
0.861731
0.863026
0.865967
0.869622
0.873483
0.877536
0.881638
0.885672
0.888968
0.891645
0.894298
0.896797
0.899123
0.901589
0.902286
0.823896
0.825153
0.828015
0.83158
0.835379
0.839406
0.843523
0.847574
0.85082
0.853448
0.856132
0.858663
0.861078
0.863713
0.864251
0.786368
0.787596
0.790389
0.79389
0.797649
0.801672
0.805792
0.80982
0.813019
0.815658
0.818408
0.82101
0.82354
0.826473
0.82701
0.749538
0.750735
0.753456
0.756878
0.760572
0.764533
0.768587
0.772504
0.775617
0.778254
0.781046
0.783697
0.786275
0.789342
0.790243
0.712754
0.713923
0.716577
0.719937
0.723576
0.727495
0.731492
0.73533
0.738417
0.741108
0.743954
0.746661
0.74928
0.752351
0.753383
0.676669
0.677799
0.680372
0.683635
0.687174
0.690983
0.694859
0.698571
0.701642
0.704385
0.707249
0.710006
0.712721
0.715922
0.716743
0.640617
0.641707
0.644201
0.647372
0.650813
0.654524
0.658302
0.661948
0.665115
0.667978
0.67086
0.673684
0.676527
0.680014
0.681227
0.604727
0.605777
0.608193
0.611266
0.614602
0.618211
0.621899
0.625509
0.628825
0.631807
0.634653
0.637496
0.640349
0.643911
0.645566
0.5689
0.56991
0.57225
0.575224
0.578458
0.581966
0.585586
0.589188
0.59266
0.595722
0.598496
0.601322
0.604117
0.607497
0.609256
0.532897
0.533875
0.53615
0.539045
0.542202
0.545653
0.549254
0.552902
0.556522
0.55965
0.56239
0.565263
0.568121
0.571554
0.573469
0.496998
0.497946
0.500162
0.50298
0.506068
0.509462
0.51305
0.516726
0.520428
0.523577
0.526317
0.529278
0.53228
0.535968
0.538357
0.460677
0.461604
0.463773
0.466544
0.469595
0.472981
0.476592
0.480326
0.484085
0.487254
0.490028
0.493084
0.496209
0.500096
0.50272
0.42439
0.425295
0.427414
0.430122
0.43312
0.43646
0.44005
0.443767
0.447494
0.45062
0.453403
0.456515
0.45973
0.464031
0.468207
0.387422
0.38831
0.390387
0.393055
0.396023
0.399349
0.402937
0.406651
0.41034
0.41343
0.416219
0.419341
0.422468
0.426319
0.432669
0.350247
0.351115
0.353145
0.355758
0.358677
0.361952
0.365493
0.369148
0.372756
0.375796
0.378599
0.381768
0.385004
0.388564
0.396011
0.312405
0.313253
0.315238
0.317802
0.320678
0.323915
0.327418
0.33103
0.334578
0.337616
0.340469
0.343686
0.347062
0.350377
0.357441
0.274168
0.27499
0.276921
0.279418
0.282226
0.285386
0.288811
0.29234
0.295817
0.298883
0.301827
0.305122
0.308765
0.31247
0.320374
0.234895
0.235693
0.237575
0.240014
0.242765
0.245866
0.249233
0.25271
0.256159
0.259325
0.262394
0.265734
0.269493
0.273208
0.280975
0.194738
0.19551
0.197338
0.199706
0.202383
0.205402
0.208691
0.212101
0.215527
0.218818
0.222009
0.225368
0.229237
0.233052
0.240207
0.153318
0.154061
0.155837
0.158137
0.160745
0.163691
0.16692
0.170298
0.173751
0.17722
0.180575
0.184026
0.188125
0.192391
0.199889
0.110476
0.111193
0.112919
0.115157
0.117702
0.12059
0.123779
0.12716
0.130685
0.134359
0.137916
0.141557
0.146025
0.150971
0.15926
0.0659659
0.0666584
0.0683371
0.070513
0.073
0.0758342
0.0789984
0.0824005
0.0860185
0.0898839
0.093638
0.0975058
0.102355
0.107915
0.116884
0.0193079
0.019979
0.0216144
0.0237414
0.0261845
0.0289934
0.0321603
0.0356193
0.0393532
0.0434046
0.0473612
0.0515022
0.0567714
0.062982
0.0731065
-0.0295591
-0.0289105
-0.0273197
-0.0252494
-0.022855
-0.0200852
-0.0169223
-0.0134187
-0.00957664
-0.0053598
-0.00118115
0.00329978
0.00907222
0.0159561
0.0275455
-0.0815732
-0.0809368
-0.0793768
-0.077326
-0.0749395
-0.072139
-0.0689142
-0.0652844
-0.0612659
-0.0568149
-0.052328
-0.0473857
-0.040967
-0.0333088
-0.0199517
-0.136321
-0.135702
-0.134182
-0.132174
-0.129816
-0.127025
-0.12377
-0.120053
-0.115878
-0.111194
-0.10634
-0.100825
-0.0935813
-0.0849989
-0.0697032
-0.195026
-0.194422
-0.192934
-0.190947
-0.18859
-0.185758
-0.182416
-0.17854
-0.174125
-0.169098
-0.163725
-0.157431
-0.149074
-0.139186
-0.122089
-0.25797
-0.257381
-0.255929
-0.253972
-0.251622
-0.248759
-0.24533
-0.24128
-0.236576
-0.231103
-0.225018
-0.217662
-0.207766
-0.195788
-0.175663
-0.326588
-0.326014
-0.324592
-0.322647
-0.320273
-0.317329
-0.313744
-0.309423
-0.304296
-0.298186
-0.291121
-0.282363
-0.270552
-0.256085
-0.232855
-0.402091
-0.401533
-0.400148
-0.398217
-0.395814
-0.392768
-0.388979
-0.384299
-0.378598
-0.371608
-0.363194
-0.352554
-0.338248
-0.320545
-0.293349
-0.48605
-0.485509
-0.484154
-0.482223
-0.47976
-0.476562
-0.472479
-0.467293
-0.460781
-0.452549
-0.442241
-0.428992
-0.411261
-0.389117
-0.356435
-0.583109
-0.582581
-0.581255
-0.579288
-0.576675
-0.573151
-0.568497
-0.562382
-0.554448
-0.544123
-0.530794
-0.513548
-0.49078
-0.462383
-0.422457
-0.691794
-0.691282
-0.689957
-0.687931
-0.685137
-0.681249
-0.675918
-0.668671
-0.658917
-0.645829
-0.628433
-0.605718
-0.575992
-0.538927
-0.486726
-0.836514
-0.836009
-0.834711
-0.832447
-0.828965
-0.823751
-0.816223
-0.805608
-0.790997
-0.771267
-0.745218
-0.712028
-0.670472
-0.621357
-0.5559
-0.976679
-0.976162
-0.97462
-0.972021
-0.968082
-0.962086
-0.953157
-0.940142
-0.921612
-0.895901
-0.861332
-0.817116
-0.762469
-0.699869
-0.622227
-1.30176
-1.3015
-1.29955
-1.29475
-1.28529
-1.26964
-1.24594
-1.21218
-1.16657
-1.10809
-1.03697
-0.955641
-0.866862
-0.77624
-0.681271
-1.33659
-1.33529
-1.3359
-1.32983
-1.31912
-1.30306
-1.27988
-1.24725
-1.20291
-1.14518
-1.07368
-0.990645
-0.898902
-0.803667
-0.708412
-2.88328
-2.95972
-2.89916
-2.81599
-2.71051
-2.57232
-2.39446
-2.1776
-1.92954
-1.66562
-1.40665
-1.17524
-0.9849
-0.834945
-0.716414
0.331701
1.22805
-0.369771
-0.0642351
0.103067
-0.536756
0.128677
1.93362
0.552104
0.331169
0.122152
1.24682
0.48186
-0.0976244
0.0192531
1.47576
-0.153989
-2.17373
-0.29903
0.270413
1.18437
0.504802
1.54851
0.826808
0.760559
2.35959
1.85941
0.0055526
1.17667
-0.159384
-6.70518
0.363246
-0.548752
-0.25875
1.72481
1.43
0.463156
-0.875693
0.914097
1.93136
0.884274
-0.341347
0.716354
1.02551
0.751742
0.220016
0.737074
0.608053
-0.385619
1.78034
1.0014
0.156311
0.0177362
2.70106
0.878953
3.49641
0.677729
-0.766782
0.693239
0.744415
1.68792
-1.15789
0.282172
-0.234504
1.47978
1.38039
0.142622
4.75509
0.416485
1.99662
1.19899
0.532702
0.330473
-0.354948
1.02285
0.363875
0.471768
1.05208
-0.322414
1.76299
1.41572
0.683288
0.700076
-0.192209
3.47876
0.10017
0.858749
0.461201
-0.336371
2.17289
0.46457
0.488195
-0.121813
1.07717
0.072115
1.00156
0.519628
1.52742
0.0785787
0.688702
1.90741
1.2081
1.14608
0.418538
-0.303916
-0.145366
0.918335
0.223079
0.548022
0.677942
1.14715
-0.184245
0.163327
0.545338
0.912106
1.63424
0.501261
0.351819
0.205429
0.590196
1.59602
-0.0175819
-0.331722
1.04171
1.55707
1.23337
2.71719
0.0252555
-0.324133
1.40753
-0.379066
0.660252
1.11741
-0.0976547
0.824029
-3.14476
1.67205
0.0572307
1.11875
0.719993
1.92106
0.898256
0.864624
0.626117
0.548279
2.19861
0.516386
0.210918
-0.481219
0.22511
-0.577422
-0.0131314
1.77343
-0.0175186
1.53262
0.407415
1.38017
0.389714
0.277066
0.801955
0.685887
1.37083
0.692239
0.687412
0.398171
0.495811
3.46964
0.309562
0.416113
1.64666
0.00195746
1.7215
0.646625
-0.747171
1.57158
0.302122
1.31001
-3.53273
0.497791
0.641898
0.571434
2.72095
2.21736
3.48029
-0.0901922
0.214538
0.32848
0.588317
0.251872
0.583762
0.878218
0.617275
0.583882
0.750045
0.735646
1.97839
1.23375
0.572777
-0.234052
1.77063
5.68658
-0.295084
0.973267
0.765183
2.11532
0.87378
0.391861
0.680486
-0.391122
0.34875
0.135382
0.820518
0.66139
2.29468
0.534907
1.32514
-0.326927
1.84073
0.0104172
-0.383585
0.750219
-0.0760841
1.49202
-0.258629
2.21916
1.54653
0.180454
1.74547
0.378877
0.635421
-0.346828
1.14075
0.746324
2.81367
-0.340569
0.903073
1.24675
3.0367
0.241352
1.4567
0.424653
0.466549
10.114
0.455281
-0.400969
-0.394911
0.593329
0.310772
-0.358828
0.377419
0.114472
6.0347
1.25945
1.1818
0.715444
1.4477
0.86705
-0.837396
0.681524
-0.28091
1.57178
0.118229
-0.708003
0.155638
0.897314
1.87975
-0.342452
0.661309
1.30789
0.664439
-0.336437
0.385173
2.98982
0.790929
1.08722
1.45618
0.590552
-4.47877
0.485234
0.227383
-0.265136
0.625909
0.661033
0.0126662
1.62271
0.152204
2.42871
0.763631
-1.12871
-0.383087
0.362516
-0.315603
0.838522
6.12486
0.657464
-0.127122
0.868153
0.192724
1.41589
-3.74874
0.631771
0.676549
0.29349
0.271058
0.963499
1.14082
0.430919
-0.22349
1.16613
-0.728819
0.757522
-0.151239
0.700824
-0.551176
-0.0228171
-0.194782
1.60058
0.334967
-0.1128
0.57201
1.23016
0.735084
6.21507
0.340405
0.0439691
0.19147
0.237055
1.05726
1.2459
-0.360052
0.751108
-0.741784
0.604015
1.51574
4.3379
-0.41189
2.44042
2.39657
4.05186
-0.0945124
1.7783
0.616252
1.7805
0.597235
0.567914
-0.24693
0.449312
0.83133
1.19276
-0.342985
0.927756
-0.0461994
0.855204
0.400759
0.387444
0.285031
-0.330359
2.06387
1.06845
2.96749
0.680774
-0.184728
-0.275331
0.347092
-0.259215
0.845716
0.729891
-0.655736
-0.335543
1.98505
1.71405
-0.369487
1.83462
-0.529304
0.500571
3.30765
0.315745
-0.49467
0.23984
-0.097625
0.931394
0.0313077
0.248513
0.845738
0.732278
0.223195
0.544059
0.503388
1.49257
7.48891
0.319377
0.806279
1.55094
1.24965
-0.260144
-0.635848
0.52054
0.525035
1.73113
1.77697
0.543267
-1.01988
0.676621
0.800531
-0.282063
0.930464
-0.170179
0.586063
0.55921
0.628487
0.348328
2.04199
0.59875
0.351466
0.0472237
0.891871
-0.0472073
1.03643
1.01354
0.66435
0.865457
0.562603
0.92095
1.4742
1.23039
0.272523
1.26381
-0.64326
-0.430661
0.400522
0.237569
2.28196
-0.628572
0.525894
0.846007
-0.241349
-0.261031
0.692351
0.369028
-0.358669
0.409318
0.8315
0.427732
0.807115
-0.293102
1.72635
-0.0572542
0.967653
8.11255
0.522512
0.425323
-0.303983
0.475022
0.304355
0.0401422
1.47392
2.97686
0.965876
0.793928
0.414883
1.57658
-0.431879
-0.363006
0.890752
0.248052
1.28308
1.51873
0.0602933
0.604903
0.488748
0.391482
-0.354961
1.36842
1.05736
0.53457
0.750651
-0.443322
0.28166
0.455536
0.534813
2.28182
0.545927
0.456501
2.32956
0.497231
0.367934
0.164455
0.940527
0.442076
0.513074
-0.16885
1.48946
-0.452262
0.428465
0.285797
0.309158
-0.1874
0.930717
0.636809
0.677287
-0.105809
0.455631
1.08509
1.10236
0.785673
-0.307961
0.334618
0.702953
2.12166
1.29368
2.31336
0.547934
0.529105
0.797557
-0.143562
2.61007
0.514277
0.893762
0.796606
-0.294761
0.628479
0.728276
-0.0792854
2.07388
0.491297
0.711564
0.529218
0.696882
-0.0849956
1.05895
0.188822
1.09513
-0.396732
0.232925
1.87086
1.29015
1.52097
0.804564
-0.120466
1.57227
0.552672
0.463385
0.0376131
1.2069
0.418756
0.339046
1.35026
0.761323
1.19702
-0.290818
1.37186
0.361391
2.08372
1.52308
0.280504
-0.256079
2.16596
0.824608
0.318818
0.391531
-0.283028
0.713047
0.701278
2.04159
1.16892
0.527899
-0.62813
0.151309
0.77087
1.45305
0.395866
-0.297067
-0.169603
0.732984
-0.235859
0.758227
0.127872
0.0397555
-0.248229
1.423
0.897443
1.0909
1.48404
0.0010998
-0.23702
1.62804
0.903057
1.37297
-0.433149
0.476426
-0.667128
-8.6321
0.508497
0.420218
0.0845684
14.0868
-0.369322
2.02893
1.06252
-0.121821
0.533977
0.547612
-2.2818
0.741111
0.755776
1.12664
0.700088
0.850176
0.360467
2.13731
-0.608103
0.853527
1.0719
0.105646
0.720498
6.63585
0.102977
0.902004
-0.153188
0.912877
0.460191
1.85948
-0.164372
0.442687
1.63055
0.79231
3.54
0.427851
1.08978
1.3683
0.544989
0.293309
0.727317
0.353995
1.59122
0.399951
0.76127
-0.0718581
3.18582
0.423529
-0.513705
0.158221
-1.4041
-0.275549
0.786017
0.653757
0.499057
1.5955
0.907696
1.98437
0.508045
0.751677
0.390183
0.761784
0.556211
2.55121
0.414673
0.916531
0.320649
0.504593
0.7278
0.480682
1.14678
-0.260905
1.53957
-0.294885
0.422969
0.959521
0.629176
0.135623
0.0313511
-0.333123
2.37306
0.558884
0.213956
0.500876
0.204393
0.569576
2.07595
7.03007
-0.48364
3.02384
0.543121
0.9262
-0.321882
0.783382
1.11487
1.38631
1.17522
0.90059
1.27471
3.68358
-0.267174
1.46788
-0.266948
2.37192
0.434165
-0.173063
1.63084
-8.43881
0.29035
0.337806
-0.222477
0.718596
-0.290377
7.73282
0.317771
0.694767
1.03561
0.0451306
0.546346
-0.229282
-0.576675
3.79777
-0.343742
0.481233
0.714812
0.141074
-0.369979
-2.05043
-0.326424
0.317318
-0.540277
0.473508
7.84814
1.09352
0.425159
2.83557
-3.21502
0.172796
0.825162
0.519876
1.13285
0.504004
0.533468
-0.416577
0.521484
-0.389902
0.62915
-0.28409
1.50494
-0.208653
1.41287
0.523637
0.0636718
1.46383
-6.41815
0.315897
-0.485379
-0.711387
0.281323
0.779535
-0.287891
2.69555
1.39099
0.198982
-0.205552
0.552879
1.31662
1.63083
0.628212
0.455144
0.560126
0.405629
0.809477
0.498381
0.526362
0.471996
0.288735
-0.465122
-2.03291
-0.350183
1.86752
-0.402952
0.77309
-2.31491
-0.0647197
0.0492238
1.92298
0.540026
0.178992
-0.214832
1.68378
2.01599
0.761778
-0.559999
0.505459
0.126111
3.86123
0.812056
-0.350082
0.31685
0.223632
1.69021
1.9625
0.177045
0.279475
-0.255563
0.575112
0.687993
-0.361911
1.645
0.878925
-0.362201
3.56151
1.01079
-0.278213
1.32966
0.514116
0.680802
1.356
0.269531
-0.186341
0.613851
-0.184747
0.113131
0.610744
0.766441
1.05134
0.585249
-0.555351
-0.299654
0.62065
0.410486
-0.606463
-0.0712486
2.42767
1.04909
-0.373936
1.90726
0.895146
1.86715
1.612
0.391518
0.0637554
1.55396
1.87302
0.632927
-0.176867
0.410631
0.405886
1.84971
3.28677
0.00677556
-0.431114
0.447453
-0.512008
0.0655453
0.353027
-0.357631
0.497641
1.20573
0.446934
1.47738
1.12973
0.254052
-0.184751
0.39032
1.8697
0.984995
0.314905
1.64892
-0.702607
0.677688
0.49854
2.20861
0.473784
0.535952
0.501265
-0.28489
-0.386714
0.146712
0.387042
-0.335656
0.621831
1.27806
1.88646
0.240521
-0.10058
1.64595
0.484782
0.4419
2.67497
1.19953
0.537224
0.624609
0.821337
1.34994
-0.206129
1.51296
1.00178
0.0882491
0.908964
0.317685
0.399002
0.533442
-0.392037
0.691147
0.0559013
-0.337364
0.286585
-4.55217
1.74256
1.17114
1.5066
0.519527
1.54738
0.81157
-0.726554
1.77709
0.628946
0.247548
1.51678
0.954337
0.411326
0.440457
0.540726
0.928385
1.44702
1.01823
0.403253
0.833556
0.00835465
0.528345
0.0447269
1.27553
0.372742
-0.219206
-0.378193
0.446176
1.66691
0.443357
0.164676
-2.90922
0.658954
2.64562
-0.549994
0.0127999
0.00730916
0.688156
0.399926
0.598588
0.449935
-0.132617
0.40469
0.743638
0.188617
0.572565
1.11794
-0.00462677
-0.319478
-0.38551
0.940257
1.13567
0.0903431
0.573843
2.69651
0.673375
-0.030454
2.07561
0.396221
1.80127
1.25713
0.629058
0.200876
-0.0926687
1.01496
0.411931
1.9201
0.8114
1.23959
0.894429
1.05512
0.630778
-0.176206
0.484025
0.347425
0.0788438
0.491131
2.59236
-0.376426
-0.343039
1.21597
-0.0942882
0.425297
0.171977
0.019769
-0.304907
1.25091
0.45082
0.508096
2.14319
0.622431
1.09287
-0.286235
0.398348
22.1718
0.129473
0.402425
1.22126
-0.293319
1.83099
0.273521
0.817896
0.430088
0.535792
0.343382
1.08445
0.125437
0.528738
0.867404
1.46841
0.823266
0.167519
-0.433143
3.05765
0.551497
-8.31783
0.348657
0.0186329
0.595214
-0.67013
0.488043
1.22854
0.0602485
1.35866
-0.268254
0.40684
2.46432
0.933436
0.278324
0.377759
0.44648
1.97463
0.582622
0.550785
1.96966
0.702989
2.78258
0.787895
0.433724
0.864393
-0.128177
-0.405468
0.429512
0.164704
2.36861
1.37692
0.360495
0.927346
-0.258971
0.57673
0.894474
-0.3614
2.02668
1.49875
-0.172759
0.141562
0.578883
1.55329
0.370287
0.365512
0.516742
0.706548
0.383342
2.3594
0.512872
-0.642613
0.748116
0.415837
0.537316
0.0542646
0.280031
-0.0530099
1.56001
-0.465152
-0.283473
1.17749
0.49822
-0.197144
2.75869
1.67304
1.00391
-0.0787026
1.70884
-0.0553761
1.49127
0.112172
-0.161035
1.37937
0.675621
-0.129018
0.807598
0.189408
0.395547
0.964147
0.925882
-0.254577
1.03496
0.379716
0.928601
0.718059
-0.301695
1.33483
0.846092
35.5925
0.980038
1.53383
-0.637386
-0.097956
-0.157949
-0.341019
1.014
-0.336012
0.558216
1.22145
0.395107
0.507778
0.28708
4.28664
-0.182567
0.91308
0.900304
0.683873
2.20936
0.841861
1.35452
-0.335804
0.965484
0.82746
0.538561
1.05436
0.948099
0.0146379
1.65259
0.814174
-0.109507
0.352516
1.98925
-0.502706
-0.354984
1.47115
0.244921
0.520607
0.285394
0.375107
0.787458
0.481439
0.807799
0.295581
2.1148
0.672038
-0.282206
0.996258
0.290341
1.17165
0.30246
0.11548
0.819095
2.04612
0.424912
0.327161
-5.45196
1.36932
0.334674
0.778311
-0.565085
0.224049
1.76678
-0.369598
0.818952
-0.371035
-0.268736
0.910682
4.0214
0.000680127
-0.250843
1.02075
1.36611
2.22773
-0.536185
-1.1238
-0.20847
0.807957
0.189259
0.705821
-0.189712
0.379544
0.730293
-0.385556
0.150453
0.0820676
1.98355
0.935017
-0.212533
0.37396
0.247977
-0.324195
0.550062
1.08356
-0.135125
0.0264257
0.534352
-0.333429
1.32705
1.46641
-0.0195025
2.43953
0.515523
-0.45059
0.205764
0.0755617
1.24977
0.522216
-0.261197
1.92645
0.757948
0.363113
0.456453
0.494873
0.378436
0.383455
0.450439
0.0820617
-0.38911
-0.206877
1.34399
0.588654
-0.363655
0.667431
-0.125948
2.74734
0.685741
-0.450471
0.363795
0.39065
0.45353
1.09823
0.257865
3.01877
0.147792
0.379457
0.488072
0.553354
0.95435
1.0726
0.685261
2.09272
0.988316
-0.241791
2.44098
0.794848
-0.130199
0.457375
0.357582
0.666627
-0.308702
0.283999
0.175991
1.67508
-0.177058
0.812937
-7.18729
0.749762
0.300261
1.6833
0.792947
0.729406
-0.00768474
0.57029
0.728973
-0.20629
0.423648
0.405713
-0.384704
0.425426
0.95304
0.563012
0.756806
-0.317814
0.693347
0.916899
0.682739
0.861969
1.36105
0.991118
1.76999
1.7174
0.651599
-0.189577
1.14991
-0.14656
1.25453
0.248918
0.46515
0.904197
-0.0897603
0.383198
0.709032
-0.307017
0.825695
-0.157409
2.14502
0.195809
0.876416
2.03583
0.856354
0.119043
0.020303
2.30011
0.0287304
-0.408073
2.91633
0.668253
-0.369276
-0.320515
1.1966
1.29576
-0.221068
1.34211
0.519056
0.98643
-0.0652871
0.496736
0.552476
0.864842
-0.204334
3.25251
0.890734
0.31735
0.73288
-0.345266
1.09415
0.375561
1.58012
0.760263
0.215869
0.41332
-0.044045
2.70742
0.837103
-0.316055
-0.386064
-0.341942
0.417379
0.0439313
3.18383
0.851433
-0.179949
0.486307
0.406003
1.30276
0.406081
1.06682
0.596112
0.511245
-0.412428
0.465231
0.358537
0.226375
-0.115581
1.72568
1.27635
0.109282
1.62846
0.876197
1.04738
0.168153
-0.144565
0.420945
2.24761
1.65344
0.0198352
1.39428
0.830017
0.25587
0.874672
0.588166
-0.421305
-0.259613
0.249812
0.180881
1.36182
-0.189307
0.410278
1.38796
0.480675
0.767498
0.415611
-0.512747
0.201177
0.565155
0.416626
1.47251
-0.0165282
0.615263
0.817351
0.508021
1.65143
0.407972
2.11023
1.3476
0.497301
2.85821
-0.270773
0.279473
-0.238757
-0.46575
0.0956832
0.831906
0.730749
0.0341109
1.74838
0.176571
1.2858
4.27978
0.778936
1.57061
0.733012
0.508978
2.37418
1.00891
0.761934
0.115716
0.112058
0.178692
-0.281653
0.502393
0.784092
-0.488304
1.71502
-0.719731
0.718658
0.23688
1.17087
0.302817
-0.00808373
0.575678
0.221299
0.455646
0.912081
0.872278
0.357732
-0.675798
0.775736
0.526638
2.05568
-12.7067
11.2163
0.757241
0.165594
0.878931
0.381425
0.573755
0.499766
1.07357
0.457165
-0.414138
-0.144246
0.999447
0.974742
-0.373662
2.42371
-0.266968
0.838594
-0.277488
-0.0162788
0.211653
1.62977
0.364169
1.27685
0.757075
-0.354554
1.17144
-0.212924
1.56259
0.756137
-25.5687
-0.65402
0.210298
0.359461
1.63055
-15.3906
0.883929
0.350126
-0.0598989
-0.368546
0.626793
0.988546
0.781384
1.35733
0.265802
0.380411
-0.00868218
0.577895
0.888338
0.700367
0.355238
-0.189186
-2.92888
0.46869
0.530548
0.832115
-0.302262
0.549686
2.04548
0.881138
0.781204
0.486519
-0.492043
0.266191
1.13323
0.931531
0.821362
1.08612
0.563345
0.328934
1.09332
0.403975
-0.0730273
0.894134
1.49355
0.898324
0.283759
0.89632
0.139821
0.482182
0.297704
2.78549
1.89564
0.953068
0.355619
3.81895
0.415923
0.263756
2.7119
1.09119
-0.353877
1.27808
1.5782
-0.317957
0.33363
0.375894
-0.231504
2.23396
-0.342219
1.26742
0.405657
5.0944
0.0278088
1.12683
-0.762791
-0.0934166
-0.463599
1.40683
-0.350587
0.54192
-0.249589
0.276832
-0.548224
0.165584
-0.106665
1.51331
0.486115
12.1459
0.275302
0.677651
-0.102068
-0.191331
0.798831
-0.307093
1.38611
0.847411
0.195238
1.97008
0.413273
-3.93632
0.137642
0.724296
0.265026
1.74618
0.190301
0.225933
0.261801
0.941385
1.10015
0.509815
1.3571
-0.457489
2.88238
0.107902
1.45648
0.677567
0.337426
-0.336343
0.169672
2.25078
0.212564
-0.11682
-0.411575
0.0165704
-0.427162
0.1607
0.532967
-0.368672
0.769627
0.591662
-0.317315
0.640964
0.77676
0.751609
1.1067
4.98263
1.40993
1.44849
0.363139
-0.333101
0.986991
0.0952254
1.15734
0.441356
0.441689
-0.160237
-0.18345
-0.286641
1.30999
0.824485
1.22524
0.160517
-0.0794673
1.40872
1.84924
1.33408
0.0955734
1.29358
1.48802
0.914623
0.800645
0.488182
-0.344494
1.05414
0.558636
1.54893
0.505742
-0.0119592
0.0505407
2.42167
1.70653
-0.363398
0.951667
1.5764
-3.53151
0.108788
-0.377196
0.315229
-0.29812
0.734986
-0.234547
-0.145611
1.68054
1.75121
-0.338705
1.44003
0.298868
0.602045
0.379272
1.09555
-12.1558
0.446103
-0.840851
1.14076
-0.446829
0.393987
0.136715
0.525316
0.652902
0.27734
0.581826
-7.32064
-0.576831
1.16348
-0.731128
0.803563
-5.23924
-0.13402
-0.423407
0.635317
0.152648
1.51879
-0.454562
0.177366
-0.31147
1.66527
-0.418075
0.285616
-0.190394
0.76676
0.142884
2.56702
-0.747136
-0.186418
1.34236
1.15196
-0.197201
7.54566
1.47055
-0.172988
0.540504
1.66901
0.973462
-0.34764
-0.357764
2.28125
-0.583438
0.264115
0.202146
1.05014
-0.23262
2.55094
0.600346
1.04575
-0.338759
0.849891
1.10392
0.563524
-0.425146
0.461109
-0.252807
0.275127
0.427064
0.14068
1.91477
-0.298329
1.51916
1.28878
0.484738
0.213545
1.31493
-0.0607036
1.5855
-0.417573
1.86887
0.251677
0.340966
0.273051
-0.356679
1.52049
0.888859
3.09298
-0.402765
0.617146
-0.323469
0.592937
0.914806
0.493366
0.983204
-0.278356
0.113213
4.18171
0.72762
0.553074
0.757535
0.776462
0.512776
0.770554
0.396672
0.392139
-0.540634
1.615
-0.2982
0.884756
-0.503124
0.831324
0.610918
0.149152
0.882181
3.02902
0.621251
-0.402293
0.458842
0.401435
-0.0361612
-0.323921
0.642241
-3.79588
0.438038
0.134582
0.608146
0.681483
-0.251701
-0.687633
0.148476
0.161911
1.00466
0.553702
0.505964
1.792
-0.372357
0.835514
5.22986
0.376982
-0.47059
0.930179
-0.477458
0.169433
1.2386
-6.07479
0.635905
1.65984
0.446949
0.522252
-0.563959
1.83138
1.93356
0.957793
0.540988
0.614971
-0.0808216
-0.532939
0.0971602
0.829498
0.442192
1.15527
0.490354
0.56904
0.454208
-0.098704
2.99244
2.87235
0.598823
-0.186624
0.635126
-0.372261
0.740081
0.452824
1.00741
0.152626
1.71228
0.680936
1.39646
0.534501
0.0154082
0.78237
0.424188
0.634635
0.718838
1.41395
0.834078
0.461057
-0.247631
-0.324128
1.21523
0.356459
0.411804
2.43555
1.40837
0.310435
0.00165408
1.31801
0.620638
2.39487
0.581557
0.226663
0.565136
0.559576
0.262322
0.240843
1.10764
0.461774
-0.39621
0.409737
-0.29773
0.749725
0.593164
0.451366
0.24556
2.19847
0.772843
0.529282
2.00089
0.49935
0.374738
1.02514
1.21834
0.934271
1.69026
-0.337323
-0.424592
0.353283
0.0450981
0.764198
-0.399939
-0.0490094
1.96814
-0.116175
1.42435
0.280372
0.0948799
0.226569
1.30114
0.695209
-1.12323
0.541509
1.27385
0.496078
-0.648845
0.707508
1.10403
0.792387
1.25139
0.51386
1.63896
0.272031
2.90325
0.489419
-0.0144875
1.29778
0.357474
1.92006
0.613447
0.674339
2.04025
0.60331
0.534932
0.874691
-0.493498
0.178946
-0.326888
0.95371
1.40232
-0.375272
0.798616
1.48893
-0.488277
0.23168
0.868133
-0.426969
0.233828
-0.427487
0.429704
1.53522
1.01669
0.591662
0.272041
0.88925
0.863347
1.27459
0.226678
0.386666
1.75722
0.719788
0.487346
1.1851
-0.233729
0.8427
0.871551
1.09559
0.65609
0.631377
1.03546
-0.349641
0.816757
0.685617
0.726797
1.84644
0.397563
1.14833
0.67002
1.78577
0.475757
-0.396314
0.653946
-0.232627
0.905583
-4.25987
-0.354298
1.41892
0.53264
0.31968
0.509602
1.93774
6.89672
0.229809
0.168559
-1.71433
1.30855
0.113106
1.02336
-3.02972
0.541994
0.783763
0.408307
-0.278549
1.41579
-0.103177
0.132468
0.431286
0.421987
-0.590532
-0.719775
-0.350678
2.06502
0.420937
1.82936
0.738323
1.23445
0.338628
0.239611
0.0686306
1.19758
14.1087
-0.15906
1.56882
14.9079
1.09235
1.30062
0.450782
2.15297
0.267782
0.403009
0.806987
-1.00731
0.651881
2.21196
0.0406675
-0.273272
1.69035
2.22794
0.667608
0.411418
0.754592
0.884887
0.537699
0.962595
0.580152
0.82764
0.197981
1.48756
-0.366467
0.213591
0.272302
0.279078
2.16239
-0.265078
0.481516
0.266999
0.88139
2.10917
-0.135214
1.58974
-7.47737
0.75353
0.313472
1.7643
1.56842
-2.36987
-0.38333
0.185775
1.34374
0.654025
0.053965
0.822886
-0.274298
23.9702
-0.279375
0.856175
0.675246
8.63534
0.395872
0.394975
-0.163777
1.1428
0.751547
-0.157439
2.02925
-0.207375
-0.140468
1.13346
0.260737
1.22898
0.809868
0.277682
1.63299
0.584933
-0.456013
0.0676087
-0.268892
1.06947
-0.691805
-0.262786
1.37573
0.542415
1.60334
0.344827
1.61466
1.32252
0.759799
1.27434
-0.0237905
1.57858
1.35211
-0.24195
1.89582
0.538737
-1.47808
1.42653
0.0951449
0.441897
0.121534
-0.517871
0.464465
-3.75237
0.0835229
2.76694
-0.253894
1.60685
-0.385589
0.665012
0.512178
1.74965
0.835967
2.05803
-0.837444
0.916437
1.57457
-0.47202
-0.0308779
0.627325
-0.78218
0.662924
-0.237279
0.0727843
0.339507
0.0609448
1.01507
0.306164
1.50621
0.334088
1.12402
0.723842
-0.779698
-0.41328
0.712551
1.30648
-0.00807694
-0.072858
0.0228502
0.864887
0.436235
-0.412327
1.14652
0.282393
2.0331
1.02956
-0.415412
0.488751
-0.350071
3.03546
1.08044
0.498494
0.418189
-0.229251
0.161873
-4.50424
0.774078
1.51653
-0.141036
-0.400351
0.56841
0.772619
-0.241454
2.05849
-0.422538
0.491514
0.369168
0.806331
-0.0673544
2.11407
0.735962
-0.319326
0.55589
0.759101
4.14138
-0.32237
1.52777
0.654531
1.0764
0.868562
0.153844
1.10924
0.767102
0.56662
0.450251
0.343779
0.916138
0.63326
0.883131
0.124369
-0.504265
0.137071
-0.244087
1.24379
-0.346922
0.973728
1.49895
-0.0831856
1.26159
0.290427
0.573766
0.572416
2.68784
-0.353475
0.668376
0.908202
0.413287
-0.344885
0.402447
0.277954
-0.450603
0.143375
0.0289497
-0.378896
0.416718
1.30931
1.64059
-0.347578
0.85621
-0.350828
0.567146
0.430702
3.28269
-0.27475
0.402535
-0.423398
0.288293
0.731244
0.0738857
1.75405
0.0902055
2.31994
-0.554955
-0.0879468
-0.848413
0.990608
1.24837
1.0159
0.442776
-0.173412
-0.191768
1.47898
1.55719
-0.847722
-0.0760243
2.5895
0.537974
1.14896
0.920482
1.10094
0.891031
0.544297
0.292662
1.65002
-0.222809
1.55439
0.0109227
0.936718
0.804519
-0.1913
-0.280259
1.40809
0.979959
1.92503
-0.340429
1.39113
-0.423348
-0.437366
0.646793
0.603762
0.366276
0.833966
-0.461948
0.250795
0.256673
-21.2324
5.35057
0.690675
0.502095
0.860195
-0.193217
1.73049
0.89241
0.822509
1.9872
0.432907
1.69603
0.934348
0.489043
0.532373
0.240901
0.956798
-0.361565
0.808395
-0.251093
0.891389
0.659915
0.447793
0.818933
1.95207
0.860137
-0.524134
0.164379
0.0177988
1.33829
0.0241687
-20.4541
-0.192657
0.401176
-0.110096
-0.378958
2.35075
-0.152393
1.29812
0.185811
-0.16521
0.446395
1.38203
0.240095
1.57127
-0.52244
0.471585
1.25807
0.968888
0.839185
1.20924
-0.161882
0.317971
1.33963
0.569935
0.469399
0.645292
0.783776
0.52189
0.171734
2.03212
1.70341
0.551472
1.2052
0.499251
-0.0479677
0.756004
-7.81765
0.512978
0.358227
0.476381
0.153576
1.59972
-0.315106
1.12568
0.756443
0.440656
0.591701
2.38866
-0.200497
0.149135
1.43974
0.452618
-0.487993
1.85624
0.979504
1.58894
1.22992
0.420969
-0.320469
1.47357
0.739751
1.98079
-0.333448
0.808648
-0.224363
1.37997
-0.46948
0.210448
0.575357
-0.866597
1.02568
-0.277524
0.0921459
1.98385
-0.127983
1.93278
-0.335673
-0.564144
0.391644
0.633564
0.355826
0.543094
-0.681138
0.779845
0.685961
0.386365
2.15283
1.20294
-0.706659
1.88363
-0.194339
-0.119969
0.967837
-0.193118
-0.448326
0.330869
0.272961
-0.176958
-0.398548
0.485892
0.785737
0.799158
0.78015
1.96584
-0.387247
-0.246269
-0.18166
-1.64117
0.450303
0.397479
-0.311219
3.08596
0.177488
0.751783
0.492176
0.343605
0.769613
0.670279
-0.309924
0.616878
0.190776
0.40605
0.598039
0.983867
-0.353221
0.882094
0.160411
0.339906
0.23801
0.534543
0.0147856
-0.385688
1.06618
-0.750046
-0.162241
0.707663
0.35691
-0.308126
0.201609
0.550995
-0.460644
0.371167
-0.327859
0.71425
0.701431
0.10957
1.54101
0.239332
-0.3294
1.60987
-0.336131
0.354528
2.26313
1.54171
-0.304621
-0.627562
0.111504
0.677023
-3.50965
-0.116943
0.606471
0.107406
-0.624302
-0.0240204
0.584344
0.436825
0.810301
1.18712
-0.493171
0.454459
0.638824
0.352139
-0.511933
-0.221206
2.0964
-0.389147
2.1528
0.758758
-0.355568
-0.316423
1.25505
0.74204
-0.51446
0.0934771
0.471768
1.19
0.00320314
0.274247
0.304739
0.464485
-0.494079
0.0108309
1.14112
-0.00507942
0.578032
-0.0230242
0.928486
-0.212964
1.82963
0.594152
-0.0125245
1.11303
0.306871
-0.343508
1.34656
1.22114
1.90343
-10.1517
0.438487
0.798441
0.144446
0.761961
0.946093
0.0298519
-0.292994
1.94929
1.69294
0.473591
0.608822
-2.38442
0.203632
1.71616
0.427644
1.03032
0.417955
0.544378
-0.368485
0.625835
-0.237957
1.0052
0.524423
0.658619
0.980586
1.69237
0.832716
0.357097
2.60693
0.264731
-0.195504
0.80827
0.582277
0.161832
-0.196346
0.739783
0.704645
1.17762
-0.0168487
0.543438
0.378941
-0.0174853
1.40929
0.174026
0.204144
1.01812
-0.121186
-0.362108
0.844222
1.07009
1.42035
-0.294897
1.64027
-0.342352
1.30032
1.03559
1.8473
0.321454
1.79646
0.735839
-0.206261
0.983302
0.175141
0.245897
2.09129
-0.395931
2.24907
-0.0539171
0.669921
-2.46119
1.16679
0.374033
0.743125
2.38239
0.822169
0.66955
0.021208
1.06777
1.44239
0.434741
0.856147
-0.19679
1.66438
0.438981
-0.333887
0.101008
0.637426
0.648885
-0.198406
2.34242
0.285452
2.6264
-0.364205
-13.0226
0.504458
0.204824
-0.25294
0.560144
1.85116
0.745423
-0.848747
-0.513827
3.17269
-0.0159409
0.716489
-2.34618
0.843396
1.31311
-0.302656
1.1396
-0.396451
0.309345
0.417712
0.461619
-0.185963
0.133218
1.15299
-0.686662
-0.618591
-0.360526
0.990081
0.0868022
0.422795
-0.217448
0.589664
-0.240654
1.09695
0.0705076
-0.366278
2.60237
0.512901
1.27048
0.389743
0.561179
2.64592
0.455439
0.630337
-1.86383
1.47019
1.2551
0.517422
1.0143
1.6402
-1.1152
-0.261653
0.430217
0.122664
0.761943
1.1017
1.71709
-0.334167
1.15222
-1.03815
0.457906
0.521809
-0.430102
0.373325
-0.146365
0.224713
2.08015
0.617646
1.64574
0.580306
1.88278
-0.424044
1.05948
1.57964
0.0591686
0.547124
1.57317
0.847007
0.862929
0.396817
1.32361
0.0436175
0.932109
0.452709
-0.554563
0.0799423
0.28001
-0.0744737
0.118257
-0.306209
-0.00921575
1.29607
0.594205
-0.268427
2.00773
1.8555
0.49741
1.76189
0.814579
1.97234
-0.324079
0.419125
0.406976
6.19903
0.727879
0.931008
3.11879
1.08218
0.324112
0.374991
-0.039508
2.42358
0.657132
0.472718
1.36548
-0.416872
-0.355935
1.19006
0.0646342
-0.0883998
0.991981
0.4836
2.07176
0.290239
-0.433405
2.6652
0.334217
-0.367263
2.19324
1.46327
-0.228285
-0.112424
1.05975
0.462016
1.82569
0.441522
6.22898
6.21333
0.639802
0.613349
0.759142
-0.357164
1.11319
-0.443609
0.0875132
-0.32825
1.36577
-0.305274
1.58855
0.160428
1.21292
-0.351622
2.35225
2.2556
-0.400287
0.599318
1.1065
0.216944
1.81114
1.49836
-0.47079
0.211286
2.64847
-1.25249
0.532747
0.439786
-0.32838
0.916738
0.556676
1.23984
1.36068
1.06382
0.439959
-0.190787
2.1259
-0.687315
-0.0318183
-0.468169
-0.591061
0.0208851
-0.113329
0.758146
-0.317015
0.377405
-0.203788
0.681819
-0.409139
2.74698
-0.194763
0.405501
0.141403
1.30125
0.346101
0.813461
1.46627
-0.474818
0.305746
1.44562
0.489581
0.547477
-0.297244
1.09832
-0.189632
1.86853
-0.269321
0.405061
1.56917
-0.499031
1.50986
0.00463826
-0.0295536
-0.393297
0.378622
1.04201
1.85361
0.585427
0.0585295
1.28886
0.416363
-0.0871714
2.46997
-0.0415984
2.34195
-0.151374
0.500889
0.485834
0.478919
1.10786
0.595113
0.678
-0.383976
2.77666
-2.69739
-0.691888
-0.215122
0.324247
1.57781
0.732436
0.587033
0.637621
2.03681
1.72043
-0.317883
1.32658
1.68453
0.41066
-0.255054
0.533482
0.625623
0.534163
1.90557
0.112729
0.517635
-0.587656
1.29359
0.642767
0.294218
2.2701
0.6365
0.378219
1.81283
0.929884
-0.638125
1.62392
-0.0911808
1.94675
-0.247021
0.821398
0.345974
0.627753
0.475374
1.38114
1.2448
0.4576
0.402354
0.032899
1.00379
2.20696
0.343162
0.119818
1.24473
0.254525
-17.7682
0.387138
-0.371127
0.249568
0.329188
-0.252414
0.961952
0.296974
-0.284084
0.146795
2.85217
0.5493
0.958463
-2.37926
0.906664
-0.478237
0.355757
2.00072
-0.505061
0.241393
-0.360338
1.58355
-0.260741
1.18686
0.772965
-0.126966
0.701126
-0.358649
0.77172
1.42832
0.588912
-0.317922
0.916824
-0.148519
0.974959
-0.32699
0.501619
0.12015
-0.115531
0.944165
1.87159
1.29657
0.477464
-0.493577
-0.338855
1.90458
0.91024
1.37414
-0.588674
-0.452091
2.78972
0.55708
-0.558415
0.848232
0.319442
0.556162
-0.281275
2.18958
0.345922
-0.555981
0.0784142
-0.441148
0.436218
-0.531638
0.105618
-0.445484
0.24546
3.61597
0.601791
0.830885
0.6707
1.0581
-0.3462
1.62866
-0.468971
0.278493
0.427304
-0.640245
0.0373704
0.658035
0.0466655
3.27062
-0.366252
1.76802
1.03545
-0.137378
0.410105
-0.0395343
0.0292678
-0.0203747
0.297121
-0.244456
5.24897
-0.32447
0.873474
0.430694
2.05966
-0.418849
2.54609
0.130293
2.17897
-0.120619
-0.873938
-0.658997
-0.145345
0.553447
10.5277
0.738573
1.73986
0.764251
-0.466962
1.03947
1.7076
0.515987
0.0176793
-0.38023
2.28564
0.426052
1.70213
-0.380142
1.98824
0.387079
0.734813
1.59529
-0.134681
2.46527
-0.10536
-0.163723
-0.156815
0.490748
-0.0824202
1.75196
-0.472211
-0.508373
0.188321
0.185557
0.520152
-0.374766
0.712618
0.859888
0.407186
-0.549696
35.1097
-0.62067
-0.0166864
-0.327729
0.711119
1.25067
0.102653
1.38055
0.554198
0.709569
0.244857
-0.352766
1.23188
-0.444731
0.30951
0.889516
0.265421
1.23606
2.63329
-0.0827891
2.18292
0.309271
1.42132
0.895872
-0.25367
1.83231
0.367152
0.857187
0.687941
-0.347764
0.672574
1.96637
-0.849207
0.980787
0.574542
0.264835
-0.0434639
1.74417
-0.332164
1.47593
-0.00342762
2.54599
0.415453
0.257927
0.628299
0.717519
0.943379
-0.792442
1.82946
0.774428
-0.208621
1.01877
1.61247
-0.0439366
1.21194
2.20461
0.709126
0.595284
1.61463
1.54593
-0.0890873
-0.747491
0.38312
1.28086
2.99837
1.073
1.13489
-0.45328
1.5673
1.47696
0.989101
0.285529
1.92019
1.15
0.968584
0.234994
-1.06211
1.49636
0.474498
-0.510477
-0.317328
1.58824
0.00113058
1.85849
-19.3966
0.520893
-1.53118
-0.097283
1.17572
0.473901
0.533587
0.712659
0.427512
0.54479
1.24166
0.380043
-0.311971
2.14658
0.683206
-0.104775
-0.291543
1.86503
-0.00704368
-0.769666
1.32732
0.775697
0.723836
-6.85824
0.520018
-0.315947
3.28425
0.857361
0.752492
-0.474768
0.283705
-0.281574
1.25418
0.334072
1.29754
0.672717
0.605517
2.11229
-0.0478039
0.118775
1.09583
0.0618974
-0.359001
1.94319
-0.169084
0.615072
1.71399
0.692588
4.15438
0.187136
0.377554
0.240857
1.78731
0.533521
0.979199
0.435458
-0.0604738
1.13383
-0.499791
3.41305
0.431081
0.415491
1.1987
-0.337592
1.52606
0.693228
0.0859925
0.992159
0.108121
1.45948
-0.526665
0.0618188
0.493866
-0.321747
1.06619
1.33532
0.17959
-0.470968
1.27397
0.401322
0.521129
0.258399
2.49694
0.571884
0.510793
-3.01897
0.657165
2.09671
-3.10847
1.01869
0.582821
0.433503
-0.227401
1.17765
0.575246
0.705979
0.51549
0.51211
0.368039
1.22257
0.866819
0.549334
0.289112
1.54466
0.392674
0.818291
1.19235
-1.10626
0.403094
1.30703
-0.0445664
-0.519024
0.818971
0.637663
1.68688
0.568369
-0.47302
0.286085
0.664908
0.269719
1.64231
0.744641
-0.362965
2.10072
0.189027
1.31136
-0.380275
0.508776
0.539762
0.818371
0.769332
-0.854611
0.0883649
3.64953
0.651115
-0.48241
0.132628
-0.437038
5.48299
0.607731
1.12995
3.51584
-0.483423
0.317836
1.12669
0.77458
0.664963
2.4762
0.788422
0.500308
-0.0195692
1.85728
0.502334
-7.12461
1.1597
1.61435
0.34205
0.970559
0.751837
0.580558
-0.315933
1.92931
0.865546
0.355613
0.60305
-0.0950315
-0.214236
0.337485
0.432568
1.00745
-0.0845919
0.447298
0.345919
0.829031
1.08006
-11.5026
1.72585
5.26575
0.48043
-0.276401
1.83085
-0.26365
0.541211
-0.268679
2.10041
-0.31059
1.08771
0.997389
0.460356
-0.0967184
0.576483
1.20468
-0.363914
1.70569
-0.408001
0.582716
0.56618
-0.539134
0.435512
1.16431
1.72099
0.339526
2.48047
-0.247034
0.795338
0.715324
0.455242
0.381296
0.552875
-0.284417
1.11939
0.990119
0.222724
0.246305
1.59034
0.762717
0.845763
2.09454
-0.293174
0.182234
0.208948
0.572877
0.159133
0.591068
-0.427603
0.723397
-0.373242
-0.102997
1.84012
0.614431
1.29253
1.27603
0.490404
1.88302
0.317608
-0.432051
0.195666
1.33926
-0.247858
2.73188
0.385216
-0.0322483
0.785708
0.617373
-0.224104
0.518134
-0.335739
0.607791
1.66463
0.0713062
0.41386
0.658385
1.00996
0.231125
-0.0824966
0.471549
0.568015
1.87319
-0.205951
0.794055
-0.0540638
-0.161244
1.91112
0.929612
-0.399174
-0.815977
1.06245
0.723575
-0.308976
0.743263
0.425943
0.833046
-0.323331
1.14726
0.520576
0.313716
2.37309
1.73384
0.784507
0.90124
-0.385288
0.724011
0.56091
-0.456061
-0.28849
0.565752
-0.595993
0.0322845
0.386187
0.268903
0.0846502
0.671506
1.78557
-0.388856
-0.520192
0.688547
0.314217
-4.34478
0.408742
0.42899
-0.166123
1.77534
1.03456
0.203471
-0.34625
2.62358
-0.274346
1.40079
0.143545
-0.207722
0.161391
1.33042
0.215541
1.01732
0.256058
0.244062
0.26158
1.14871
0.567033
-0.304046
1.80549
-0.253896
0.768881
0.42157
0.0444966
0.548105
1.20201
-0.0744529
-0.175082
0.430459
-0.534714
1.03865
-0.0116957
1.18869
-0.192405
2.59278
-0.575048
-0.312537
0.276645
1.5169
-0.446123
-0.345942
1.73617
-0.49897
0.207325
1.79422
-0.245148
1.96703
0.70345
-0.598695
-0.0142209
-0.448
0.418191
2.6042
0.989242
-0.525578
-0.014209
-0.304221
2.50272
0.302972
-0.35582
0.996124
0.645603
1.1821
0.309505
-0.251743
2.92323
0.930911
0.188882
-0.328105
2.47625
1.89481
0.228155
1.07933
-0.399752
0.403059
0.190875
1.23849
0.93237
0.15519
0.080947
1.06602
0.711331
-0.420234
0.320276
-0.235443
0.622625
0.764895
0.49875
1.71738
0.952874
0.406598
0.0579797
-0.345814
1.79752
0.670167
0.173256
0.572897
0.510569
0.140522
0.533016
1.33287
4.50699
0.510625
0.484497
1.3748
0.881843
0.633435
-0.47393
0.559907
-0.0827977
0.685293
0.64786
1.96855
-0.00952428
-0.294355
1.45532
-0.309152
1.49152
0.383112
-0.0238021
1.49295
2.83415
0.520991
0.294248
2.04052
0.378349
-1.69404
1.1038
0.459442
0.482938
0.299067
-0.444257
-0.0734871
1.25534
0.347051
-0.129803
0.85683
0.259733
1.5947
0.979028
-0.359231
0.820652
1.80462
0.375284
1.21533
-0.504194
-0.494173
1.11905
1.26515
-0.232972
1.88901
1.61969
-0.486628
-0.300482
1.53015
0.395121
0.894298
0.29146
1.1971
0.155659
0.825503
-0.48451
0.0964114
0.00214443
-1.04548
0.617926
2.2241
0.642138
0.98082
1.44357
0.226568
1.2603
-0.367262
0.424988
-0.256455
0.579472
0.397758
1.68335
-0.274392
1.17396
-0.268045
0.981168
0.418974
-0.589838
1.45012
0.441209
0.292513
-0.000678266
2.9724
-0.286926
-0.809054
-0.292824
2.58832
-0.464004
0.266766
-0.311443
0.478065
-0.706887
1.23657
0.848138
-0.254125
1.10972
-0.149918
1.46678
0.986423
0.188669
0.608434
-0.320895
1.98667
-0.398829
0.288593
1.28499
-0.0154506
0.0688525
-0.447586
0.697759
-0.444331
1.41292
0.471209
-0.668598
0.145048
-0.102903
-0.370362
0.874598
-0.28388
-0.317017
2.24319
0.968313
0.701056
1.22941
-0.283966
0.624059
1.3702
0.450718
0.9897
0.51335
-0.450809
3.51347
0.028267
1.79603
0.64813
-0.586758
-0.545002
-0.343935
2.72061
-0.0339143
0.304474
-0.680052
0.381197
0.319372
-0.294145
-0.407568
-0.319136
0.267989
1.86672
1.11644
0.438194
-0.522929
3.29814
-0.29997
2.04291
0.462255
-0.280741
1.44478
0.284238
-0.616236
-0.0642197
-0.606317
-0.324499
1.04589
1.66975
0.434569
1.08149
-0.115366
-0.145907
1.5471
1.29806
0.879495
-0.212214
1.12813
-0.290373
4.81716
1.00626
0.463052
1.66748
2.20562
1.24486
0.77596
2.11114
1.20177
0.132232
0.643141
1.29645
1.43476
-0.425005
0.515386
0.507946
1.74411
0.804447
-0.408612
1.00572
1.04592
-1.23368
-0.405573
0.496573
0.437325
0.845958
1.25092
1.81191
0.496061
1.55019
0.778064
-0.554759
0.388405
-0.173497
1.3038
-0.227316
1.06344
-0.229698
0.506619
-0.412818
0.135861
0.0842667
0.927345
0.248827
-0.33941
2.81213
1.52723
0.285961
-0.291819
1.22426
0.69066
0.638186
0.249688
1.34793
1.6341
0.710198
-0.152199
0.465089
1.26079
-0.332316
1.2031
-0.299609
1.83725
1.36903
-0.327129
0.55173
0.390743
0.761274
-0.073207
0.716531
1.62595
4.08226
0.964658
0.867832
-0.559182
-0.0839373
0.482181
-0.356956
1.07003
-1.29449
0.120569
0.282782
2.32983
-0.277049
-0.0948436
1.42967
-0.382725
0.761972
1.22752
0.434459
0.770725
-0.323561
1.27305
1.96722
1.63578
0.362262
-0.0670114
1.6601
0.527238
0.738728
1.02133
1.88862
0.43112
0.477278
2.03638
0.691335
0.50547
-0.406283
2.34828
0.770886
0.507138
0.074409
0.405937
0.492798
0.705337
-0.675507
-0.364625
0.909693
0.0649967
-0.354143
1.3217
0.167591
1.86233
-0.0229547
0.822944
-0.403646
0.186475
0.202023
0.277138
-0.22153
3.07794
0.592861
1.14544
1.51434
-0.0639295
0.779676
1.44824
-0.42096
-0.227224
1.06897
0.348466
1.18671
0.382195
0.346332
0.206791
0.904764
2.03688
-0.617668
0.364486
0.0341369
0.0516526
-0.271645
0.577557
1.13684
-0.137195
1.81508
0.483283
0.461071
1.92387
0.206534
-0.385734
2.07001
0.836654
0.353725
1.05824
0.435164
0.694065
-0.0701788
0.44695
1.14678
1.39799
0.800277
0.414919
0.929613
0.80052
0.950694
0.48085
0.0149041
2.6025
0.451683
0.199746
0.868152
0.30479
0.484169
0.468277
0.773521
1.40743
1.56184
0.388322
0.062527
1.64546
0.82963
1.36066
1.09846
0.423167
0.537187
0.5489
0.506507
0.00071486
0.632007
0.618514
-0.355867
-0.313186
0.293617
0.711529
-0.415696
0.296992
0.500343
1.44031
0.360422
0.3192
0.734975
0.718496
0.29251
1.04377
0.803358
0.357236
0.509628
1.35807
-0.331214
1.66579
0.85871
3.99435
-0.351634
0.954193
0.0140628
-0.0672745
0.602346
1.02946
0.191672
2.12642
-0.151147
0.763641
1.92668
-0.551868
0.035453
1.6595
1.47334
1.16309
-0.212983
1.98342
-0.379434
0.760519
1.43847
0.63247
1.16188
-0.229014
0.767047
0.21804
1.27244
-0.387763
0.458889
0.535829
0.679555
0.884995
-0.773176
2.24459
0.795404
1.07212
1.11092
0.126724
0.149408
0.880715
0.321508
-0.12675
2.19427
-0.647962
-0.422119
4.05072
0.0542525
2.50346
-0.279264
1.20846
1.43695
-0.0559386
-0.0524414
0.403961
-0.337173
0.593944
1.11608
0.87805
1.82082
1.89192
0.705426
-0.555743
1.13577
0.369632
-0.219656
0.966533
1.03904
-0.304152
2.28703
-0.189478
2.00986
4.46357
0.487849
0.507691
1.32701
1.11636
1.57738
0.478665
0.240182
0.788389
0.235193
1.39611
-0.348153
0.29704
-0.407179
2.65607
1.33533
0.0282837
0.942685
-0.606338
0.618996
2.29634
0.225268
2.46036
-0.102208
1.33011
0.773678
0.779899
1.39314
0.0822
-0.311762
1.36887
-0.349607
0.618923
1.80932
0.161215
-0.65685
-0.230614
0.414973
0.10946
2.12172
-0.592521
-0.472528
0.337689
0.808789
1.2887
1.7735
-0.354857
0.453758
-0.118108
2.6931
-0.354569
0.310545
-3.26722
0.633339
0.967973
-0.537435
1.17807
0.0406715
-0.438713
0.468981
0.180092
1.12037
0.587394
0.196841
-0.370793
2.95056
0.287425
-0.0394453
-0.262246
0.275484
1.4074
1.93404
-0.382701
0.729907
-1.0873
0.612793
-0.122087
2.04575
-0.0293128
1.66391
-0.354643
0.922198
1.0545
0.498427
0.95079
0.363341
1.1252
-0.602791
0.0654223
-0.342014
1.52195
0.672651
0.593275
-0.235913
-0.353662
1.45646
1.78844
0.6982
2.3033
0.55474
-3.08927
-0.0186413
0.646335
0.411109
-0.0467652
0.213583
0.718684
1.15813
0.351768
1.86294
-0.293963
1.28216
-0.457379
0.185585
0.686635
-0.325491
1.0095
-0.365072
0.562931
0.723919
-0.506508
0.0414592
-0.26844
0.821268
-0.621743
0.498228
-0.533784
24.0877
1.45511
0.123999
1.23607
0.0239827
-3.65343
1.12028
0.255357
0.942683
-0.469405
-0.239221
0.943718
-0.330846
1.25351
0.0718417
-0.385067
2.53563
-0.561202
0.0277195
0.549942
0.636192
-0.570572
0.614528
2.18638
0.0310505
1.16812
0.925546
1.40143
0.644628
1.22826
-0.175147
0.594893
-0.211707
0.941779
0.064512
0.511834
1.91438
1.24184
-0.254441
0.520326
0.786386
-0.445972
0.342146
1.16933
0.791129
0.062377
2.04211
-0.34637
1.68414
0.105858
1.17785
0.609437
0.254363
0.649205
0.321066
-0.124151
-0.367351
0.515793
-0.136696
0.49551
-0.252442
1.33553
0.540106
0.379326
-0.0373398
1.6813
-0.0643446
1.84592
-0.197079
0.50806
0.877519
0.570141
2.08175
-0.582034
-0.0115814
-0.21183
0.866488
-1.13204
0.96972
1.90052
0.407693
-0.191993
0.327651
1.2016
-0.0959845
-6.28414
0.695844
0.479935
-0.164127
2.90428
-0.325309
1.69809
-0.0672731
-0.0857642
0.315017
0.319515
0.749324
0.234683
0.400813
0.670469
1.09873
-0.122292
-0.691892
-0.20402
0.450048
-0.573583
-0.0359237
0.553281
0.756168
0.125208
0.423015
0.398649
0.522022
1.93299
0.633196
1.46091
-0.32331
0.501745
0.653348
1.05324
0.779456
1.58632
-2.24654
0.550425
0.632729
0.644397
-0.386397
-0.35997
0.946297
-0.406938
0.513812
-0.19844
0.363212
-0.459934
0.347761
4.95759
0.662464
0.226125
-0.0598503
0.426559
1.91521
-0.144102
0.629451
0.909334
0.37739
-0.0299625
0.728784
0.479719
1.02545
-0.453114
-0.0743536
0.699334
0.624841
1.68174
-0.15286
0.0322121
1.53926
0.757157
0.448347
0.901721
0.262498
-0.305599
2.92027
-0.010406
-0.319456
0.147152
0.204417
1.55995
0.577645
-0.451728
0.177458
0.521244
0.335563
0.713137
0.579921
-0.54106
-0.287908
2.33275
0.35878
0.556678
-1.93065
0.0082525
0.930451
0.547937
2.47533
0.551228
0.739655
0.669521
0.599662
0.500589
0.0388438
2.04553
0.796731
-0.0915667
0.725229
-0.123939
1.89732
0.0991976
0.0442667
1.40935
-0.257008
1.86649
0.836924
0.615998
0.229063
1.10339
0.111257
0.92186
0.964345
0.257819
-0.0510485
1.38187
0.212879
1.77392
-0.905005
0.351082
-0.307255
1.19137
-0.304732
-0.275597
-0.404272
0.252854
0.216052
0.5027
0.441215
-0.411221
0.486419
0.513792
2.48443
1.3955
0.0700492
0.869657
1.18472
-0.644692
-0.323362
-0.080317
0.822084
2.15832
0.946616
-0.15422
-0.236838
1.92801
-0.5221
1.16277
0.349122
0.259372
2.74645
1.50009
1.72807
0.0679268
0.441084
5.54312
0.700077
0.980741
1.36963
0.797099
2.234
0.0186134
2.12477
-0.189295
-0.579066
-0.587738
0.597415
2.01872
1.279
0.555896
0.200503
0.426123
0.465821
0.258747
0.276617
0.0234979
0.360568
1.07478
0.94557
0.0417592
-3.69684
0.0722022
0.506772
0.424357
0.677276
-0.445265
0.460765
-1.38648
0.990611
0.652988
1.41221
-0.311782
1.34356
-0.39206
3.25217
-0.246823
0.675294
1.34247
0.584893
0.953055
0.4282
0.253864
0.555581
0.0744841
-0.200102
-0.368371
0.226329
-0.355988
1.14614
-0.497035
0.847878
0.975087
-0.44373
0.150072
1.33936
0.311149
0.125179
1.71489
0.533193
-0.268574
1.00264
0.235337
-0.303819
1.41167
0.884262
0.241891
0.52486
-0.138242
0.379987
1.76107
0.853765
0.65875
0.485327
0.537463
1.85853
0.931327
0.505633
0.291828
0.946715
1.17419
1.00498
-0.0758267
0.667357
1.27778
0.715695
-0.142256
-0.213964
1.29203
0.0224656
1.25001
-0.42957
3.16725
0.909883
0.985132
1.18406
-0.548491
0.473188
-0.465041
0.439674
0.504956
0.39203
0.467245
1.05124
0.0182856
1.56459
-0.345497
0.74757
0.585948
2.00851
1.03064
0.228694
0.624776
0.238026
-1.00833
1.02029
1.91446
1.78802
0.404399
-1.49612
2.19866
0.754852
-0.317653
1.44889
-2.36703
0.219097
0.516431
1.48523
0.330386
1.35843
2.79212
0.0156224
0.754734
0.503662
0.717601
0.217573
2.36955
0.32285
0.721648
0.766063
0.104118
1.00623
0.255474
0.996081
0.628114
1.30805
-0.896297
0.70124
0.979474
1.3964
0.776645
-0.82524
0.978195
1.41305
-0.532974
0.432793
1.02492
1.17817
0.760409
0.179273
0.337322
0.0803994
0.535571
4.00179
-0.0076559
0.705278
2.66225
0.444628
-0.410729
0.440748
0.400863
-0.343861
2.50975
0.0350907
0.868074
1.7848
0.242638
-0.456368
0.334347
-0.614734
0.229106
0.813474
0.753331
-0.389401
0.789562
-0.218883
0.142598
2.17916
-0.255765
2.32641
0.803213
0.416467
5.98788
0.392965
-0.231342
0.985857
1.28943
-0.172254
2.43035
-0.228085
0.587038
-0.668095
1.10799
1.26145
-0.0138498
0.44925
-0.0188543
0.896072
1.58823
0.475017
0.919543
-0.200707
0.213506
-0.622326
1.04734
1.4732
0.211514
2.60664
-0.348421
1.17178
0.415441
-0.349013
1.37373
-0.31871
0.474591
1.12517
-0.19728
2.22079
2.12748
1.33852
-0.22852
0.507829
-0.346656
1.83232
-0.53324
1.27558
0.0227152
0.25072
1.3098
0.628123
-0.240931
0.540847
0.264476
0.29928
0.518176
0.227967
0.0149585
0.707501
-0.391545
0.541274
0.500798
-0.164376
2.30822
-0.34751
0.915007
1.11512
-0.378254
0.748012
-0.313207
0.990136
0.761668
0.535044
-0.119034
0.67473
-0.523804
-0.0527814
0.673952
0.0126322
0.647999
-0.309836
-0.66314
1.19859
-0.101309
2.38181
-0.339161
0.23178
-0.333501
1.10905
0.593846
0.370758
20.0177
0.822426
0.541649
-0.112356
0.891613
-0.230812
-0.265161
3.62074
1.72222
1.46263
-3.48742
0.52185
0.377719
0.616807
-0.270135
1.22029
2.28816
1.50206
0.987023
0.777501
0.178793
0.704249
1.43207
0.725316
0.764996
6.86348
-0.346551
1.57787
-0.31312
-0.0407363
0.0963795
-0.108648
0.629018
-10.4235
0.655697
0.691457
0.442017
0.4672
-0.243285
0.632176
0.610747
0.154328
0.599145
1.60004
-0.540565
-0.256222
1.78855
-0.425994
0.116395
0.423644
-1.30237
0.025448
-0.378941
0.555184
-2.539
0.0604878
0.749766
-0.0515562
0.402225
0.614946
0.626504
-0.397491
0.505636
0.309302
-0.0256664
1.30597
-0.130907
1.34812
0.706948
1.35789
0.787909
0.331254
0.438009
1.01221
1.01858
0.90441
0.650352
-0.223597
0.879471
0.628581
0.382236
-0.317053
0.134182
-0.23026
0.448757
-0.334557
1.56527
0.406123
0.776172
0.412222
0.491472
0.263963
2.11452
0.144335
0.0697607
0.363393
0.728214
2.39632
1.50024
-0.0975361
0.295747
0.480066
0.185757
0.532289
0.504859
1.49764
0.458227
-0.599366
0.358876
-8.72467
0.868597
0.0690642
1.81463
0.75803
0.859594
0.587997
0.747679
-0.349482
-0.318587
0.0932551
0.843048
-0.0537271
2.83162
0.607554
-0.154385
2.25223
-0.329519
1.08447
-0.0424315
1.23098
0.28275
0.405747
0.471205
0.366523
1.83646
0.484752
0.468471
0.00186464
1.72765
1.08076
1.93966
0.331887
-4.27445
0.143126
1.36233
-0.596019
-0.0958105
3.63327
-0.543321
0.0571461
0.751109
0.636438
1.28547
1.4292
0.605939
0.448657
0.518088
0.095513
1.7418
-0.620989
0.361215
0.754756
-2.54846
1.76434
-0.0634735
0.918289
0.466928
0.705531
1.36009
0.295366
1.36565
0.734906
0.473826
0.481154
-1.35033
-2.86398
0.730086
0.887106
-1.46816
1.64498
0.752358
0.753945
1.37164
-0.370409
-5.56689
0.485162
1.01198
0.981089
0.545741
0.501349
0.102168
3.05153
0.819505
0.589654
2.30025
0.694755
0.740346
-0.140812
0.240887
-0.925923
0.399673
-0.0887724
2.27969
1.2747
0.736281
0.304283
0.920138
0.738378
0.448674
0.292021
0.881132
0.729485
0.764332
-0.162342
-0.237909
0.364877
-0.0327169
-1.21789
0.257878
2.37633
0.945135
0.749267
-0.387941
-0.375936
0.656813
1.32898
0.732173
-0.139012
0.615773
-0.0853031
-1.88499
-0.128621
-0.169746
0.647397
-0.180841
-0.279134
-0.0678015
-0.0852869
0.619501
-7.38035
)
;

boundaryField
{
    wings
    {
        type            zeroGradient;
    }
    outlet
    {
        type            freestreamPressure;
    }
    tunnel
    {
        type            zeroGradient;
    }
    inlet
    {
        type            freestreamPressure;
    }
    defaultFaces
    {
        type            empty;
    }
}


// ************************************************************************* //
