/*--------------------------------*- C++ -*----------------------------------*\
| =========                 |                                                 |
| \\      /  F ield         | OpenFOAM: The Open Source CFD Toolbox           |
|  \\    /   O peration     | Version:  2.3.0                                 |
|   \\  /    A nd           | Web:      www.OpenFOAM.org                      |
|    \\/     M anipulation  |                                                 |
\*---------------------------------------------------------------------------*/
FoamFile
{
    version     2.0;
    format      ascii;
    class       volScalarField;
    location    "9000";
    object      p;
}
// * * * * * * * * * * * * * * * * * * * * * * * * * * * * * * * * * * * * * //

dimensions      [0 2 -2 0 0 0 0];

internalField   nonuniform List<scalar> 
6617
(
-0.00165243
0.0262258
0.87163
2.55338
5.34062
9.27714
14.5612
22.3132
33.1016
42.7852
46.7754
59.5255
21.1811
25.2446
31.2348
38.8941
48.5054
60.0286
73.3477
88.3147
104.567
121.414
138.413
155.4
37.8142
43.0452
49.7123
57.0207
65.0336
73.6703
82.86
92.4759
102.339
112.267
122.134
131.825
49.6307
55.8711
63.1429
70.8895
79.1315
87.7539
96.6327
105.621
114.56
123.292
131.668
139.559
58.8086
64.6226
71.1459
77.9125
84.9233
92.1194
99.4396
106.808
114.142
121.348
128.335
135.025
65.5813
71.1308
77.1089
83.2686
89.5998
96.061
102.603
109.168
115.699
122.125
128.373
134.377
70.8955
75.8572
81.1571
86.6413
92.2776
98.0382
103.884
109.774
115.662
121.497
127.215
132.754
74.2319
79.1283
84.0105
89.0144
94.1423
99.395
104.753
110.171
115.626
121.069
126.427
131.637
77.5985
81.8857
86.3022
90.8363
95.509
100.357
105.287
110.267
115.312
120.382
125.414
130.412
80.9376
84.7178
88.6058
92.5344
96.7397
101.274
105.73
110.212
114.761
119.351
124.091
128.966
115.271
149.933
173.441
191.462
205.658
216.697
224.754
229.765
231.894
231.49
228.556
223.18
170.652
182.705
192.697
200.918
207.447
212.325
215.629
217.52
218.241
217.954
216.204
212.772
141.39
150.986
160.422
169.399
177.685
185.079
191.402
196.52
200.379
202.935
203.782
202.892
146.994
154.137
160.996
167.456
173.409
178.767
183.462
187.452
190.72
193.222
194.676
195.059
141.464
147.762
153.893
159.758
165.262
170.326
174.884
178.885
182.301
185.078
187.021
188.454
140.144
145.733
151.127
156.262
161.074
165.515
169.542
173.131
176.273
178.947
180.966
182.455
138.091
143.256
148.223
152.94
157.356
161.433
165.137
168.46
171.394
173.95
175.938
177.454
136.63
141.455
146.074
150.454
154.546
158.315
161.724
164.804
167.51
169.892
171.744
173.226
135.221
139.822
144.185
148.341
152.258
155.818
158.982
161.885
164.389
166.633
168.417
169.899
133.785
138.225
142.414
146.441
150.212
153.659
156.629
159.353
161.389
163.681
165.328
167.057
-71.5603
-71.7953
-71.8533
-71.647
-71.1856
-70.4434
-69.3652
-67.9327
-66.1522
-63.9489
-60.8068
-54.3835
-72.3491
-72.6002
-72.6333
-72.3096
-71.5699
-70.3525
-68.54
-65.9392
-62.2821
-57.2366
-50.6209
-42.8012
-72.0138
-72.0991
-71.9529
-71.3486
-70.1811
-68.3828
-65.8501
-62.4306
-57.9627
-52.3629
-45.7395
-38.6193
-70.7294
-70.5535
-70.1617
-69.2915
-67.8416
-65.7531
-62.9494
-59.3446
-54.89
-49.6287
-43.7475
-37.6471
-68.9986
-68.6073
-68.0314
-66.9855
-65.3807
-63.1772
-60.317
-56.7586
-52.4911
-47.5677
-42.166
-36.6071
-66.7972
-66.5112
-65.8287
-64.6751
-63.0036
-60.7918
-57.9771
-54.5287
-50.4442
-45.7822
-40.685
-35.4255
-64.417
-64.3922
-63.6878
-62.4953
-60.7973
-58.6356
-55.9153
-52.6065
-48.683
-44.2381
-39.3831
-34.3469
-62.2223
-62.3949
-61.6718
-60.5017
-58.7616
-56.6555
-53.9991
-50.7924
-46.9243
-42.6212
-37.9024
-32.9922
-60.1618
-60.5757
-59.9281
-58.8975
-56.9606
-54.9979
-52.558
-49.626
-45.7815
-41.6797
-37.1618
-32.4355
-55.6965
-57.6735
-57.88
-56.7789
-53.4777
-51.0797
-48.6688
-45.7653
-41.9017
-38.0836
-33.3451
-28.6106
-41.1776
-34.1246
-28.5807
-23.0384
-17.5005
-12.0704
-6.7141
-1.37835
3.99852
9.46144
14.9713
20.5746
-34.6181
-29.8547
-26.526
-22.788
-18.605
-14.0609
-9.25077
-4.2598
0.878388
6.16906
11.4729
16.6948
-31.8236
-26.1891
-22.5615
-19.2486
-15.785
-12.1042
-8.20612
-4.099
0.222789
4.79946
9.49545
13.8314
-31.7239
-26.2326
-22.3323
-18.9689
-15.5092
-11.9379
-8.2467
-4.42782
-0.474286
3.65897
8.04275
12.3957
-31.1862
-26.1178
-22.1906
-18.8738
-15.4634
-11.9799
-8.41074
-4.75372
-1.01256
2.81339
6.82885
11.1255
-30.2834
-25.4657
-21.505
-18.1938
-14.8434
-11.4748
-8.06497
-4.6081
-1.09982
2.44368
6.10447
10.0998
-29.3896
-24.7138
-20.7322
-17.4026
-14.0934
-10.8094
-7.52788
-4.24285
-0.945244
2.35013
5.70998
9.34345
-28.1556
-23.6209
-19.779
-16.5777
-13.3665
-10.1649
-6.98235
-3.83499
-0.711806
2.37332
5.49792
8.84028
-27.6346
-22.9772
-19.0721
-15.9038
-12.7327
-9.56912
-6.45459
-3.42867
-0.452643
2.43897
5.37876
8.52643
-23.7209
-19.4335
-16.9973
-15.0727
-12.1447
-8.97745
-5.8271
-2.9425
-0.0971669
2.59205
5.39163
8.44184
-134.893
-127.538
-119.629
-112.524
-103.685
-93.0883
-81.5731
-69.8649
-58.2209
-47.0852
-36.9864
-29.0637
-83.9022
-84.1149
-83.7658
-83.0209
-82.1974
-81.5348
-80.5843
-78.198
-73.7061
-67.135
-58.6909
-50.7098
-90.0064
-89.8876
-89.8583
-89.7759
-89.4441
-88.4876
-86.7506
-84.3497
-81.1684
-76.6881
-70.2821
-64.2266
-85.3422
-85.3315
-85.2808
-85.2019
-85.0826
-84.8741
-84.4537
-83.6034
-82.1025
-79.7792
-75.9128
-72.4007
-85.3031
-85.2913
-85.276
-85.2327
-85.139
-84.9637
-84.658
-84.1189
-83.1627
-81.6018
-79.0346
-77.1116
-84.4606
-84.4525
-84.4316
-84.3921
-84.3254
-84.2171
-84.0415
-83.7508
-83.2433
-82.3522
-80.834
-80.0878
-84.2821
-84.2761
-84.2619
-84.2328
-84.1818
-84.0978
-83.963
-83.7522
-83.4108
-82.8385
-81.8956
-81.2306
-84.1301
-84.1259
-84.1143
-84.0918
-84.055
-83.997
-83.9069
-83.7672
-83.5456
-83.1847
-82.5914
-82.0739
-84.1025
-84.0997
-84.0916
-84.0756
-84.0497
-84.0096
-83.9479
-83.8519
-83.7031
-83.4706
-83.0962
-82.6971
-84.0922
-84.0905
-84.0842
-84.0718
-84.0523
-84.0229
-83.9785
-83.9097
-83.8036
-83.6378
-83.3689
-83.0383
-84.0989
-84.0975
-84.0919
-84.0809
-84.0636
-84.0379
-84
-83.9427
-83.855
-83.7171
-83.4931
-83.2409
-84.115
-84.1136
-84.108
-84.0969
-84.0795
-84.0537
-84.0156
-83.9586
-83.8706
-83.7328
-83.5187
-83.1829
-84.1489
-84.1473
-84.1417
-84.1306
-84.1134
-84.0879
-84.0511
-83.9975
-83.9172
-83.794
-83.6063
-83.4478
-84.2011
-84.1994
-84.1936
-84.1823
-84.1648
-84.1388
-84.1013
-84.0467
-83.9651
-83.8431
-83.6638
-83.3944
-84.2749
-84.2732
-84.2676
-84.2568
-84.2401
-84.2156
-84.1806
-84.1308
-84.0588
-83.9563
-83.8119
-83.6269
-84.367
-84.3652
-84.3596
-84.349
-84.3327
-84.3091
-84.2754
-84.2278
-84.1593
-84.0612
-83.9195
-83.7382
-84.4757
-84.4739
-84.4686
-84.4586
-84.4433
-84.4211
-84.3898
-84.3459
-84.2835
-84.1949
-84.0693
-83.907
-84.5972
-84.5955
-84.5904
-84.5811
-84.5668
-84.5464
-84.5178
-84.478
-84.4219
-84.3428
-84.2307
-84.0845
-84.7271
-84.7255
-84.7207
-84.7119
-84.6987
-84.68
-84.654
-84.6183
-84.5687
-84.4997
-84.4058
-84.3149
-84.8618
-84.8602
-84.8556
-84.8474
-84.835
-84.8175
-84.7933
-84.7598
-84.713
-84.6473
-84.5593
-84.4426
-84.9986
-84.9972
-84.9928
-84.9852
-84.9737
-84.9576
-84.9356
-84.9058
-84.8649
-84.8089
-84.7347
-84.6533
-85.1348
-85.1334
-85.1293
-85.122
-85.1111
-85.0959
-85.0751
-85.0468
-85.0077
-84.9528
-84.8752
-84.7796
-85.2693
-85.268
-85.264
-85.2571
-85.2468
-85.2327
-85.2135
-85.1877
-85.1526
-85.1044
-85.0387
-84.9665
-85.3995
-85.3982
-85.3944
-85.3876
-85.3777
-85.364
-85.3455
-85.3207
-85.2875
-85.2424
-85.1824
-85.1348
-85.526
-85.5248
-85.521
-85.5143
-85.5045
-85.4908
-85.4722
-85.4471
-85.4127
-85.3653
-85.3021
-85.2271
-85.6497
-85.6484
-85.6445
-85.6378
-85.6279
-85.6143
-85.5958
-85.5708
-85.5374
-85.4928
-85.4359
-85.3812
-85.7703
-85.769
-85.765
-85.7581
-85.7479
-85.7337
-85.7141
-85.6872
-85.6503
-85.5993
-85.5305
-85.453
-85.8915
-85.8902
-85.8863
-85.8794
-85.8691
-85.8545
-85.8342
-85.8061
-85.7669
-85.7123
-85.6379
-85.5387
-86.0171
-86.0155
-86.0112
-86.004
-85.9934
-85.9786
-85.9581
-85.9298
-85.8905
-85.836
-85.7615
-85.6563
-86.1426
-86.1411
-86.137
-86.1299
-86.1195
-86.1051
-86.0851
-86.0575
-86.0194
-85.9665
-85.8935
-85.8091
-86.2688
-86.2673
-86.2633
-86.2565
-86.2465
-86.2326
-86.2134
-86.1869
-86.1503
-86.0999
-86.0317
-85.9406
-86.3945
-86.3931
-86.3893
-86.3826
-86.3726
-86.3588
-86.3396
-86.3132
-86.2774
-86.2293
-86.1672
-86.1238
-86.524
-86.5221
-86.5177
-86.5105
-86.4999
-86.4851
-86.4642
-86.4347
-86.3926
-86.3319
-86.2456
-86.1235
-86.6541
-86.6524
-86.6482
-86.6413
-86.6313
-86.6173
-86.5976
-86.5698
-86.5302
-86.4736
-86.3942
-86.2732
-86.7832
-86.7817
-86.7778
-86.7715
-86.7624
-86.7499
-86.7324
-86.7081
-86.674
-86.6265
-86.5609
-86.4937
-86.9089
-86.9074
-86.9037
-86.8979
-86.8896
-86.8783
-86.8626
-86.8405
-86.8093
-86.7651
-86.7051
-86.6411
-87.0283
-87.0265
-87.0229
-87.0175
-87.01
-87.0001
-86.9865
-86.9673
-86.9401
-86.9013
-86.848
-86.7813
-87.1339
-87.1324
-87.1292
-87.1246
-87.1184
-87.1105
-87.0996
-87.0844
-87.0625
-87.0308
-86.9856
-86.9273
-87.2223
-87.2209
-87.2182
-87.2144
-87.2098
-87.2041
-87.1966
-87.1862
-87.1709
-87.1484
-87.1147
-87.073
-87.2874
-87.2862
-87.2841
-87.2815
-87.2786
-87.2754
-87.2714
-87.2657
-87.2569
-87.2427
-87.2197
-87.2095
-87.3271
-87.3258
-87.324
-87.3224
-87.321
-87.3202
-87.3196
-87.3188
-87.3165
-87.3105
-87.2989
-87.2806
-87.3327
-87.3313
-87.3296
-87.3288
-87.3292
-87.3313
-87.3352
-87.341
-87.3484
-87.3573
-87.3677
-87.3919
-87.29
-87.2896
-87.2897
-87.291
-87.2943
-87.3003
-87.3092
-87.3217
-87.3378
-87.357
-87.3739
-87.3619
-87.2058
-87.2053
-87.2059
-87.2088
-87.2145
-87.2241
-87.2383
-87.2583
-87.2853
-87.3203
-87.3672
-87.4621
-87.0683
-87.0681
-87.0695
-87.0739
-87.0819
-87.0946
-87.1133
-87.1392
-87.1735
-87.2179
-87.2742
-87.3134
-86.8743
-86.8739
-86.8754
-86.881
-86.8914
-86.9081
-86.9327
-86.9672
-87.0136
-87.074
-87.1458
-87.1949
-86.6033
-86.6048
-86.6085
-86.6172
-86.6316
-86.6535
-86.6852
-86.7293
-86.7888
-86.8667
-86.9703
-87.1712
-86.2674
-86.2697
-86.2746
-86.2854
-86.303
-86.3294
-86.3672
-86.4191
-86.488
-86.577
-86.6868
-86.7594
-85.8552
-85.8589
-85.8655
-85.8788
-85.9003
-85.9326
-85.9788
-86.0428
-86.1288
-86.2413
-86.3835
-86.5638
-85.3604
-85.3643
-85.3721
-85.3877
-85.4132
-85.4514
-85.5062
-85.5821
-85.6843
-85.8184
-85.9921
-86.2447
-84.7678
-84.7734
-84.7842
-84.8041
-84.8352
-84.881
-84.9459
-85.0349
-85.154
-85.3101
-85.505
-85.681
-84.0866
-84.0923
-84.1051
-84.1286
-84.1653
-84.2192
-84.2955
-84.4008
-84.5428
-84.7301
-84.973
-85.3043
-83.3019
-83.3083
-83.3233
-83.3506
-83.3928
-83.4547
-83.5422
-83.6627
-83.8247
-84.0377
-84.3112
-84.6476
-82.4101
-82.417
-82.4341
-82.4656
-82.5142
-82.5854
-82.6859
-82.824
-83.0094
-83.253
-83.5628
-83.8901
-81.3964
-81.406
-81.4272
-81.465
-81.5221
-81.6049
-81.7213
-81.8811
-82.0958
-82.3785
-82.7461
-83.2421
-80.273
-80.2835
-80.3079
-80.351
-80.416
-80.5101
-80.6422
-80.8231
-81.066
-81.3854
-81.7981
-82.2985
-79.0276
-79.0396
-79.0674
-79.1166
-79.1905
-79.2975
-79.4475
-79.6527
-79.9277
-80.2896
-80.7568
-81.3183
-77.6545
-77.669
-77.7018
-77.7587
-77.8434
-77.9652
-78.1353
-78.3673
-78.6777
-79.0851
-79.6088
-80.2355
-76.1628
-76.1797
-76.2173
-76.2821
-76.3783
-76.5162
-76.7085
-76.9704
-77.3203
-77.7791
-78.3678
-79.0661
-74.5506
-74.5699
-74.613
-74.6866
-74.7955
-74.9515
-75.1685
-75.4639
-75.858
-76.3744
-77.0359
-77.819
-72.8195
-72.8417
-72.891
-72.9747
-73.0982
-73.2744
-73.5193
-73.852
-74.2956
-74.8762
-75.6184
-76.4891
-70.9739
-71.0006
-71.0576
-71.1532
-71.2932
-71.4924
-71.7684
-72.1425
-72.6399
-73.2894
-74.1166
-75.0829
-69.0332
-69.0639
-69.1293
-69.2373
-69.3956
-69.6201
-69.9303
-70.3501
-70.9067
-71.6313
-72.5493
-73.6131
-67.0092
-67.0448
-67.1196
-67.2422
-67.4211
-67.6741
-68.023
-68.4939
-69.1167
-69.9245
-70.9407
-72.11
-64.9237
-64.9648
-65.0508
-65.1901
-65.3926
-65.6782
-66.0711
-66.6
-67.2975
-68.1984
-69.3228
-70.6118
-62.8049
-62.8533
-62.9525
-63.1114
-63.3413
-63.6645
-64.1078
-64.7026
-65.4842
-66.4882
-67.7274
-69.1333
-60.6971
-60.7532
-60.8679
-61.0488
-61.3104
-61.677
-62.1783
-62.8488
-63.7264
-64.8473
-66.2136
-67.758
-58.6427
-58.7084
-58.8416
-59.0494
-59.3486
-59.7665
-60.3356
-61.0933
-62.0798
-63.3309
-64.8323
-66.4979
-56.7122
-56.79
-56.9461
-57.1862
-57.5305
-58.0096
-58.6588
-59.5173
-60.6259
-62.015
-63.6346
-65.3019
-55.0156
-55.11
-55.2932
-55.5718
-55.9704
-56.5236
-57.2698
-58.2498
-59.504
-61.0561
-62.8195
-64.6071
-53.6077
-53.7255
-53.9493
-54.2836
-54.7563
-55.4066
-56.2754
-57.4017
-58.8181
-60.5316
-62.41
-64.1239
-52.6101
-52.7484
-53.0233
-53.437
-54.0224
-54.8224
-55.873
-57.1992
-58.8132
-60.6973
-62.6926
-64.4594
-52.8067
-52.9872
-53.3586
-53.8961
-54.6168
-55.5529
-56.7303
-58.1677
-59.8693
-61.7863
-63.752
-65.5343
-53.4297
-53.6032
-54.0369
-54.7433
-55.7231
-56.9821
-58.5001
-60.2204
-62.0613
-63.9229
-65.6563
-67.1454
-56.1928
-58.7842
-60.5151
-61.5715
-62.3286
-63.0825
-63.9441
-64.9402
-66.0411
-67.1801
-68.2486
-69.0353
346.18
345.385
340.628
333.273
323.422
310.968
296.693
282.014
268.193
255.959
244.998
234.278
293.226
292.202
289.592
286.838
284.062
280.979
277.156
272.183
265.843
258.258
249.641
239.841
291.616
291.003
289.65
287.611
284.771
281.101
276.614
271.341
265.298
258.493
250.874
242.424
283.329
282.744
281.793
280.403
278.491
275.931
272.598
268.396
263.283
257.283
250.401
242.43
270.2
269.962
269.591
268.938
267.943
266.496
264.471
261.723
258.111
253.539
247.924
241.11
261.038
260.92
260.704
260.277
259.606
258.602
257.16
255.157
252.456
248.933
244.445
238.825
253.911
253.815
253.62
253.263
252.721
251.924
250.785
249.197
247.038
244.177
240.463
235.645
247.166
247.093
246.94
246.664
246.244
245.624
244.733
243.48
241.75
239.421
236.354
232.333
240.946
240.891
240.775
240.56
240.231
239.743
239.035
238.03
236.629
234.713
232.153
228.744
235.332
235.29
235.194
235.017
234.747
234.344
233.76
232.93
231.766
230.163
228.006
225.133
230.173
230.139
230.058
229.908
229.678
229.338
228.844
228.141
227.152
225.783
223.925
221.406
225.361
225.333
225.263
225.135
224.939
224.647
224.224
223.62
222.768
221.583
219.968
217.758
220.851
220.828
220.769
220.658
220.488
220.235
219.869
219.344
218.604
217.569
216.154
214.206
216.614
216.595
216.543
216.446
216.297
216.077
215.757
215.3
214.654
213.754
212.531
210.875
212.608
212.592
212.547
212.461
212.33
212.136
211.854
211.451
210.883
210.088
208.997
207.544
208.799
208.787
208.747
208.671
208.555
208.381
208.13
207.772
207.267
206.558
205.584
204.287
205.167
205.157
205.122
205.054
204.949
204.794
204.57
204.251
203.8
203.172
202.314
201.216
201.684
201.678
201.647
201.586
201.492
201.353
201.15
200.862
200.456
199.887
199.102
198.082
198.337
198.335
198.306
198.251
198.166
198.039
197.855
197.594
197.226
196.711
196.003
195.116
195.112
195.111
195.085
195.034
194.956
194.84
194.672
194.434
194.097
193.626
192.976
192.153
191.993
191.992
191.968
191.923
191.851
191.744
191.589
191.37
191.061
190.627
190.027
189.28
188.97
188.969
188.947
188.905
188.839
188.74
188.598
188.395
188.109
187.708
187.153
186.473
186.034
186.033
186.013
185.974
185.913
185.821
185.689
185.502
185.238
184.869
184.359
183.759
183.176
183.175
183.157
183.121
183.063
182.978
182.855
182.681
182.436
182.092
181.617
181.061
180.387
180.386
180.369
180.336
180.282
180.203
180.089
179.926
179.698
179.378
178.934
178.457
177.659
177.658
177.643
177.613
177.563
177.49
177.384
177.234
177.026
176.734
176.33
175.931
174.989
174.988
174.974
174.946
174.899
174.83
174.731
174.591
174.395
174.122
173.729
173.284
172.364
172.363
172.352
172.326
172.282
172.218
172.124
171.992
171.807
171.551
171.189
170.737
169.782
169.783
169.773
169.749
169.709
169.647
169.559
169.433
169.257
169.01
168.657
168.201
167.253
167.253
167.242
167.219
167.18
167.121
167.038
166.919
166.754
166.525
166.209
165.797
164.751
164.751
164.742
164.721
164.685
164.631
164.553
164.443
164.289
164.075
163.782
163.454
162.279
162.28
162.272
162.253
162.22
162.169
162.097
161.996
161.857
161.667
161.413
161.195
159.832
159.833
159.826
159.809
159.777
159.73
159.662
159.566
159.433
159.251
158.997
158.755
157.416
157.416
157.407
157.388
157.357
157.31
157.243
157.148
157.017
156.835
156.574
156.336
155.005
155.005
154.997
154.981
154.951
154.906
154.841
154.751
154.625
154.451
154.201
153.996
152.611
152.611
152.604
152.589
152.561
152.519
152.458
152.373
152.254
152.09
151.85
151.655
150.236
150.236
150.229
150.214
150.188
150.148
150.09
150.01
149.899
149.747
149.526
149.373
147.877
147.876
147.868
147.853
147.828
147.789
147.734
147.657
147.553
147.413
147.208
147.065
145.513
145.512
145.506
145.492
145.469
145.432
145.38
145.307
145.208
145.075
144.881
144.739
143.153
143.153
143.146
143.134
143.111
143.076
143.026
142.957
142.861
142.733
142.544
142.408
140.792
140.792
140.786
140.775
140.754
140.721
140.673
140.606
140.515
140.392
140.211
140.089
138.438
138.437
138.431
138.419
138.398
138.365
138.319
138.255
138.168
138.05
137.876
137.764
136.082
136.079
136.071
136.059
136.038
136.006
135.962
135.902
135.821
135.713
135.555
135.502
133.682
133.684
133.681
133.674
133.658
133.631
133.592
133.538
133.464
133.367
133.221
133.194
131.297
131.297
131.293
131.286
131.271
131.245
131.209
131.16
131.094
131.008
130.882
130.905
128.899
128.899
128.894
128.886
128.871
128.845
128.81
128.762
128.7
128.619
128.494
128.54
126.486
126.482
126.475
126.465
126.449
126.423
126.388
126.342
126.283
126.209
126.093
126.177
124.002
124.004
124.002
123.996
123.984
123.963
123.931
123.889
123.834
123.764
123.645
123.723
121.517
121.517
121.514
121.508
121.496
121.476
121.446
121.407
121.355
121.291
121.179
121.305
119.009
119.009
119.004
118.997
118.984
118.963
118.933
118.895
118.846
118.787
118.672
118.769
116.469
116.466
116.458
116.449
116.436
116.414
116.385
116.348
116.301
116.247
116.141
116.209
113.846
113.848
113.846
113.842
113.833
113.817
113.792
113.759
113.718
113.672
113.582
113.655
111.214
111.214
111.209
111.204
111.195
111.179
111.157
111.129
111.093
111.055
110.98
111.072
108.531
108.531
108.526
108.52
108.512
108.497
108.477
108.453
108.425
108.4
108.349
108.509
105.799
105.795
105.788
105.78
105.771
105.757
105.739
105.72
105.7
105.686
105.648
105.81
102.954
102.955
102.954
102.952
102.949
102.94
102.928
102.915
102.905
102.905
102.891
103.092
100.068
100.068
100.063
100.06
100.057
100.05
100.041
100.035
100.033
100.045
100.045
100.251
97.1039
97.1009
97.0948
97.09
97.0864
97.0801
97.0736
97.0722
97.0793
97.1064
97.1348
97.4179
94.0104
94.0115
94.0089
94.008
94.0087
94.0072
94.0066
94.0127
94.0303
94.0712
94.1102
94.3983
90.8241
90.8244
90.8212
90.8209
90.8237
90.8258
90.8309
90.8453
90.8755
90.9361
91.0049
91.3269
87.5267
87.5256
87.5212
87.5203
87.5235
87.5278
87.5377
87.5614
87.6065
87.6907
87.8042
88.2001
84.0813
84.0793
84.0744
84.0743
84.0804
84.0888
84.1055
84.1399
84.2008
84.3056
84.4461
84.94
80.45
80.4513
80.4507
80.4553
80.4675
80.4841
80.5116
80.5614
80.6457
80.7848
80.9757
81.6256
76.6586
76.6588
76.6569
76.6618
76.6769
76.6997
76.7379
76.8042
76.9138
77.0882
77.3009
77.9948
72.6521
72.6518
72.6501
72.6569
72.676
72.7064
72.7569
72.8431
72.9833
73.2067
73.4759
74.1598
68.3879
68.3868
68.3856
68.3954
68.422
68.4638
68.5328
68.6476
68.8305
69.122
69.4934
70.2091
63.7977
63.8006
63.8051
63.8231
63.862
63.9224
64.0184
64.1728
64.413
64.7891
65.2963
66.07
58.8671
58.8692
58.8738
58.8967
58.9472
59.0283
59.1579
59.3636
59.6773
60.1546
60.8123
61.6815
53.4878
53.4874
53.4944
53.5245
53.5923
53.7029
53.8791
54.1565
54.5743
55.1954
56.0624
57.1502
47.4759
47.4846
47.5045
47.5565
47.6589
47.8211
48.0734
48.461
49.0329
49.8618
51.0112
52.3831
40.7402
40.7526
40.7829
40.8603
41.0098
41.2479
41.6152
42.1666
42.9624
44.0829
45.6135
47.3506
32.9672
32.9775
33.0262
33.146
33.3767
33.7455
34.3043
35.1198
36.2557
37.7866
39.8348
42.1789
23.6277
23.6862
23.7781
24.0037
24.4124
25.039
25.9458
27.2042
28.8687
30.9787
33.6364
36.8688
11.6349
11.5324
11.8192
12.379
13.2586
14.4943
16.1296
18.2063
20.7421
23.7226
27.1857
31.3112
-5.63693
-4.79314
-3.55525
-2.00399
0.0249507
2.49285
5.39295
8.72026
12.4544
16.5495
20.9487
25.9986
126.351
14.0565
84.6058
57.907
-67.1728
37.6795
91.4148
-86.8212
70.5319
-87.8148
60.279
108.885
90.8615
52.8772
-73.2155
-22.5394
-69.3542
-86.6749
90.2926
71.7079
-48.6957
87.3842
64.3249
-60.0078
59.329
92.2215
-55.6774
128.456
-81.4735
90.2126
105.313
58.3549
49.4378
-12.3713
68.5978
69.3831
54.6677
49.8345
102.266
97.719
-46.0935
-83.384
-83.0636
86.7554
-84.2014
59.2771
69.6802
30.8386
138.63
-69.8115
57.3377
38.6929
-61.1874
-84.1201
211.669
-78.3409
90.3342
83.1815
89.4185
72.4014
32.1285
179.438
165.903
-48.4667
55.5909
-87.2532
75.026
82.1158
20.804
164.602
85.7046
23.5915
-81.6114
-26.1328
130.093
62.491
-81.4725
69.0717
-87.2033
46.7411
33.4861
86.8012
69.4878
74.4831
87.215
91.1986
84.6915
29.2953
83.6643
-26.6248
-64.6759
-85.2771
-85.3567
81.8916
97.1751
-25.4098
91.5806
88.9733
72.9282
66.98
72.0944
-72.6378
-87.1966
-57.7292
83.8595
70.572
93.8309
-42.5953
14.7912
92.9518
84.9125
85.2493
78.5121
52.2178
-64.3471
-76.2016
-57.2592
191.713
76.0064
63.0835
154.848
-86.7598
72.0098
167.296
86.1275
-2.07058
232.309
-28.8967
90.5579
91.5223
81.4925
-81.9592
-72.659
95.1755
111.624
127.738
174.06
85.8137
137.06
60.0587
19.0898
-82.4598
3.86094
85.0657
89.4208
80.4971
92.3653
97.4652
83.6636
-84.0443
-85.1405
137.325
75.2264
72.0245
-78.4337
-61.934
44.7255
83.595
77.0071
87.505
65.4642
-82.0786
90.9942
184.351
197.077
96.3623
78.9796
150.843
138.8
-17.3336
87.1893
-5.86254
-86.2222
-48.9099
70.972
105.417
89.943
-81.1467
70.4832
143.862
53.9573
-87.0611
85.7911
82.5018
132.507
-53.1911
70.2943
-81.4357
78.7325
90.375
77.3589
88.979
40.588
53.9957
84.4028
-31.5677
62.5787
-63.0359
-84.6385
-18.7748
71.0413
110.519
154.086
67.053
92.6811
52.6715
79.6391
-13.8852
68.9215
67.327
47.8041
-81.3517
-86.1544
145.362
-32.2801
84.6564
91.2306
87.9422
73.9717
-79.7663
-25.8277
98.6677
73.156
123.668
90.2427
85.5326
-87.4398
-85.6772
-17.2821
141.065
221.22
5.91603
65.668
-85.9247
20.9734
66.7935
143.896
182.443
204.877
96.6673
88.8687
90.2223
86.0914
81.7559
25.1262
101.642
60.9763
94.7002
-83.8705
128.864
81.8674
19.6436
-70.4994
118.251
-55.6611
63.0296
-86.5179
141.974
87.3107
115.381
-79.9296
74.3856
130.872
-11.6419
-66.5433
89.0385
70.4575
-61.9416
70.1127
-83.7414
97.034
99.7907
87.9762
58.5961
19.2281
86.6304
61.3655
60.9853
-27.0851
-81.8509
88.7076
83.8288
111.839
31.3768
121.792
-86.3461
131.475
109.957
65.1788
89.9015
-80.608
85.0005
63.6068
31.7596
122.156
-6.02412
76.6485
-82.0395
84.7539
91.075
-29.1254
107.632
-69.1035
198.307
96.1845
-86.3774
101.042
87.1407
87.2673
19.543
95.1623
-40.8686
48.9322
83.4799
98.483
191.967
91.0063
208.928
172.945
7.70406
-87.1201
-68.1231
68.9594
100.979
78.0286
-87.8945
19.3061
81.056
86.8261
96.6183
92.2017
89.2322
85.8393
63.4508
83.7026
66.2478
46.5102
89.2379
115.449
166.855
-43.491
124.275
147.36
53.8206
-78.4059
134.606
73.5452
75.4789
52.3846
57.2645
93.2393
-19.7253
191.781
85.3322
74.5237
-69.008
61.6164
84.3389
173.377
128.32
149.075
84.2798
59.0788
-50.0932
119.519
71.8018
96.6999
-39.4513
-33.9335
90.8991
113.89
54.7584
85.1065
34.3832
-84.0214
-86.2561
94.7441
-42.1178
72.4923
77.9711
85.8683
184.437
83.2678
-58.0042
142.977
-67.4339
14.707
63.8952
145.476
63.8363
92.7531
81.652
174.669
75.8845
-65.2298
-87.1311
89.9756
16.0593
24.5716
53.6144
113.497
76.6978
-79.8222
-68.9667
62.7758
224.811
-88.1458
7.89921
67.0625
-28.6186
77.3303
133.285
122.816
82.6168
-64.4188
171.803
86.145
138.632
50.0735
-86.5002
77.6497
76.3965
71.1554
-85.0825
-51.6455
134.676
-34.3113
67.4553
-38.3111
-51.9393
-81.9158
75.2738
-12.2911
96.5062
90.8538
-8.88426
97.3525
-5.94713
150.37
-70.8953
72.4723
-74.2538
-86.777
-15.2787
-67.2334
101.992
13.3883
87.0329
70.8816
-54.2801
119.893
68.3409
-74.8909
4.54119
-73.7631
154.554
112.235
62.9483
67.9566
91.1802
40.966
88.2514
-86.25
110.262
91.1852
-36.4135
59.2529
92.2468
95.7173
83.5091
-66.8782
118.579
228.583
181.983
66.8998
44.49
21.2789
156.759
72.3552
135.62
205.3
89.3081
78.6815
108.951
-85.9876
221.437
24.7873
95.4358
87.2591
86.1608
72.7562
233.683
125.226
88.7416
162.626
-56.9052
159.818
174.645
41.7738
-85.4321
112.255
32.5947
-74.1014
81.8044
176.264
67.5976
-49.1643
61.5873
-11.9024
80.8136
-12.7688
62.4374
81.2499
-86.6747
81.0962
126.947
148.068
38.5577
78.0748
107.831
82.8925
-15.6873
130.046
65.7882
138.917
98.5048
67.8687
79.0597
-74.8475
-80.6266
99.0977
48.5768
120.041
142.754
102.106
136.099
-63.486
49.0183
156.86
71.861
91.0631
57.679
76.8443
90.9076
73.4838
152.899
89.5395
87.9967
-41.5559
-83.4043
-87.6546
95.5746
41.8255
71.1845
137.289
18.2176
-86.7612
91.4671
-85.6422
61.8777
128.099
80.3579
114.821
96.8944
86.6687
-85.6955
48.9408
96.3179
38.7139
-29.6101
50.3362
27.2976
82.967
-81.5969
191.15
-45.0743
169.084
77.668
87.2751
-63.4551
-85.9041
44.7216
86.092
88.717
62.5569
78.076
75.7335
134.889
65.1534
162.949
69.2165
83.2574
95.4941
129.852
-2.06496
110.043
-7.35873
80.9268
88.9522
143.463
36.6386
87.8277
73.7131
51.6056
68.2183
86.4952
74.7319
84.404
41.4702
147.765
94.1882
89.6737
-18.1149
204.807
92.0901
-4.96096
-84.2521
82.1084
109.628
-84.5988
80.1148
-0.640669
14.3869
48.9739
83.3709
-84.9041
187.419
205.414
-71.1535
71.6859
149.764
-88.3436
-6.37648
84.8232
115.629
-85.6356
-36.1684
99.6722
79.0718
-84.1825
-3.44078
-42.9884
-74.5971
19.6696
94.122
-7.55827
-82.9154
156.607
50.0335
99.1946
-85.043
66.8494
-52.1551
28.5213
-66.949
125.327
20.2895
102.063
78.1753
168.397
95.8406
10.5709
84.8047
22.9125
-84.092
-71.2801
96.8498
120.778
116.215
95.9111
87.9691
73.9231
65.2641
131.099
97.8086
81.2114
48.8755
-87.2428
93.3608
-85.652
105.246
65.9989
-35.2011
-2.70772
13.3163
93.0405
90.2242
72.3364
-60.8187
67.1879
187.619
98.6748
-85.5341
31.8973
82.9872
-74.8155
-86.9717
69.9791
88.975
-7.50175
-86.0639
85.6088
-42.8686
91.8033
150.005
159.987
99.911
62.3534
67.5467
73.8854
77.0207
115.288
-85.4843
30.8947
104.812
-70.9785
83.2019
76.4222
63.8987
84.4263
-87.6903
88.0522
99.3027
158.451
6.09563
77.4557
71.2201
91.293
83.5927
78.0997
-75.4602
88.7839
94.5553
69.2857
11.1986
82.5365
69.8047
-79.3454
95.8553
115.746
26.2787
172
-76.6342
-88.5138
84.0365
-86.7292
78.21
42.5079
63.7007
158.935
71.0198
-66.6585
70.6987
86.184
65.1504
124.723
-86.5428
-76.8072
54.4962
-8.27304
22.7336
108.839
97.0291
98.3447
-57.5458
29.9631
75.6096
68.2753
160.136
-77.5402
59.0671
-72.1319
173.443
90.1696
-44.6127
-76.3617
79.3453
-54.8581
-64.3054
-67.4142
119.189
39.425
73.1479
75.1219
211.442
45.9123
69.241
35.6716
-77.4616
86.9773
89.3255
-68.5651
89.7176
157.248
-24.4924
221.543
90.349
-24.4325
68.018
91.4543
108.53
-87.3165
103.151
67.0062
71.3994
-16.3117
71.5516
-87.1984
16.3313
65.7397
-78.9125
107.738
-84.7976
-66.1718
75.7784
-73.8719
102.143
-69.5109
-85.3301
10.284
72.6246
-85.9341
-79.7022
91.047
-85.1008
90.4543
86.16
97.3797
30.1471
122.011
-74.7949
101.771
18.6312
196.436
76.6824
-19.8249
-84.743
110.21
72.3017
105.886
49.8174
-75.8442
89.3774
74.6841
-80.0547
-69.4639
42.4102
51.0906
43.8845
-14.1583
-84.8034
79.8134
-48.276
-21.4987
76.1203
119.598
-68.22
72.5144
72.2616
118.552
-65.6759
81.613
-87.5315
155.867
-87.2929
-33.004
83.6775
54.8417
-44.6648
72.2942
69.2056
100.447
106.968
-55.8314
-20.4594
-87.307
88.7658
38.9831
196.764
73.1172
-16.311
68.4785
138.208
-84.9155
-34.4906
66.6133
5.17438
-4.06158
-83.5365
145.713
90.9751
76.0132
90.0602
100.673
107.199
121.948
101.686
-66.7243
-70.0234
91.1019
8.1547
121.207
70.1202
112.872
91.4744
12.303
205.416
73.5597
209.161
89.8223
-82.3346
-9.44201
-75.0455
25.653
81.4699
89.7344
89.9086
109.371
-73.1656
91.2825
80.3598
19.5326
105.606
63.7557
100.3
-83.3426
98.4027
84.8408
105.918
-83.342
68.7296
-78.2038
-55.2185
175.658
106.971
145.166
-88.0824
126.19
111.063
-70.324
-84.6646
-55.0404
81.0499
86.4612
96.4697
9.62113
140.71
82.4767
-84.6093
134.235
169.864
50.8798
116.798
55.8617
68.4242
91.6509
167.46
-84.1313
136.108
62.672
-85.0178
22.7641
108.186
87.5843
14.1997
89.5278
96.069
-72.9284
-71.3638
-73.4722
68.9726
9.89449
-22.6113
-87.5749
-86.5452
41.067
-71.765
108.828
89.7009
112.71
72.9621
90.5381
85.1307
-11.2551
-49.7302
84.3289
206.227
-85.2617
98.3295
1.85954
113.535
102.59
91.082
83.4558
-79.2034
63.9797
74.4279
-24.6965
164.218
60.8074
43.0322
62.7916
101.962
70.0949
30.2484
82.0323
51.4549
95.2725
-86.9845
90.4713
-85.7321
-12.9629
88.6857
-74.3034
69.7152
82.3304
82.3914
76.2798
-50.3544
20.4149
153.38
-83.6708
76.9317
74.3367
170.225
75.2139
73.0252
-82.0415
-61.9474
2.09713
177.711
29.7814
75.8923
93.2693
80.8263
85.1547
-86.0682
-81.8613
-83.951
77.8914
89.6318
79.429
145.616
187.057
-82.2382
-11.8174
122.941
-0.0786271
91.8522
77.0499
-34.3137
-58.7876
43.3629
-86.6248
-52.8404
-58.6921
16.955
72.2156
151.701
78.6607
-54.82
83.3442
67.5578
-87.2765
-65.3225
71.2049
25.1849
45.1105
-77.5841
61.7746
65.6261
100.526
-8.92347
169.875
-14.1392
112.085
90.5718
58.5044
78.2594
-72.3855
86.6069
123.776
18.642
105.054
78.7838
77.6289
45.2734
163.431
-81.1896
-82.9295
106.84
153.164
48.2208
91.6309
-87.1231
-56.4589
-35.8021
-14.8049
-4.45736
-41.0184
66.007
93.0312
113.872
70.0119
-4.25406
101.583
24.6219
62.0975
53.1577
90.1184
-46.2586
-83.8363
59.6898
146.345
122.482
-77.0798
91.5133
-29.4372
92.2667
86.0975
-87.3615
-8.8667
-82.3105
82.6183
91.153
-69.0365
-70.0393
52.1945
96.1806
-84.417
76.005
-41.1658
-80.9867
83.6064
34.6887
39.2359
-83.4074
-61.5583
-13.0862
-86.2145
-81.9705
170.243
-71.9126
90.6765
38.3199
-83.6379
-64.8684
94.0156
224.535
-54.6021
108.351
-53.8617
-19.964
-70.3568
27.0069
108.494
-80.8579
-80.1704
197.626
-69.5982
107.347
20.1607
91.423
19.053
78.092
-18.8194
-3.16906
-78.8116
63.2618
79.0881
85.315
144.754
-69.0904
-83.6839
58.5153
49.4985
-71.4429
53.6703
126.294
111.923
43.6589
86.932
-86.659
-56.3395
101.064
115.709
61.3114
141.785
69.9476
86.4611
51.0222
19.359
-15.2923
88.4562
62.4536
76.0904
145.72
33.5328
-68.2968
12.0236
51.735
-16.212
-83.0197
-85.4092
75.1252
37.8031
71.2221
60.0779
-57.3443
82.9449
-82.8308
43.3398
86.7624
70.0065
89.5823
30.2215
79.4415
110.988
12.5245
97.3072
113.526
33.3446
74.9109
86.0007
92.1518
88.6795
3.17746
58.9426
105.125
65.7089
87.1779
90.4744
89.738
200.83
213.86
80.4774
72.0615
-77.6957
82.9185
105.285
-50.8603
115.1
84.3699
61.6357
64.8035
-84.7222
85.9541
123.627
169.07
104.676
87.2206
-83.5999
84.6077
94.6187
-4.31521
-85.5268
39.6314
-78.6756
148.252
55.2188
-82.4014
-78.9013
26.3227
-57.8091
9.3624
-4.39593
220.97
122.468
83.7511
29.7688
133.692
-52.2688
93.5917
-81.6845
81.7998
91.2267
32.7444
-79.0244
-87.5339
96.4396
-11.3225
-83.3482
-83.147
85.1499
-32.8351
-78.4909
177.234
-20.1275
-11.796
82.2469
24.7585
15.8774
42.4014
72.0347
77.7162
39.022
-68.8265
83.9457
95.5863
-87.3088
-50.5313
155.442
71.5847
86.4217
93.1848
112.285
-87.1009
-86.5734
70.0721
83.7162
58.7182
66.5339
-71.2462
55.4513
68.6481
-87.4993
90.1689
26.3338
160.599
115.467
73.2225
81.9232
141.768
114.693
-87.4256
74.7033
69.395
89.889
101.383
66.0934
91.0438
83.0487
92.5787
-82.2351
89.7446
87.7865
189.336
-33.7346
74.475
55.3686
88.8656
58.3718
65.9654
68.07
93.9772
91.3176
70.112
0.192339
187.809
15.4667
52.0001
83.3389
80.0485
-66.6712
89.4618
21.4349
101.259
-42.8848
172.213
-50.1799
-46.3038
108.078
-42.2945
55.5639
131.732
77.517
-12.9708
93.1483
4.77587
67.8633
79.926
58.2672
113.669
198.743
132.561
54.9711
123.65
34.1688
100.089
122.266
69.5177
45.1302
75.6011
109.57
33.0012
90.2229
9.4313
107.303
-67.0498
84.5787
13.2835
-83.637
2.49338
-65.9345
118.511
-68.4641
-71.8269
38.1294
-37.5629
161.436
93.3449
180.368
-55.3014
-86.03
91.8805
76.7391
38.3309
129.95
116.344
69.5967
-75.6369
92.3899
66.3166
-88.3199
42.4065
155.255
95.5613
48.7325
-64.923
68.4222
126.969
-68.478
20.0228
97.6245
76.4569
91.3206
73.4741
87.738
107.925
78.9553
81.7441
-47.2438
-72.7025
58.7495
71.7211
64.9663
75.8242
126.417
72.7271
89.6616
68.552
-70.3682
152.083
-86.8543
206.297
75.7964
86.137
63.0871
102.876
177.71
100.031
108.173
56.6438
90.0337
136.594
127.297
80.6926
-74.681
90.2971
-48.6541
-52.3814
62.3888
92.9689
90.9152
77.8626
-54.1629
73.1067
113.471
215.196
30.8649
64.7533
89.758
133.188
94.1217
-43.2229
64.0649
6.42514
78.8963
15.3556
108.82
135.9
51.6881
176.648
90.3429
80.1283
199.375
84.0178
124.512
-63.1398
90.0859
69.0555
53.2291
-85.3829
-86.0833
10.5694
-66.2438
66.3009
86.0633
-41.154
-87.1483
89.0426
82.8281
179.859
27.1623
85.4166
104.412
62.9821
77.6793
-76.8475
69.6246
-82.5599
-68.3244
-86.6439
60.9851
83.2143
13.9233
-86.8304
-68.499
80.1037
-37.4751
185.609
95.9426
-73.2672
-82.0284
77.9721
95.9646
78.0401
87.5595
-84.8511
-84.079
69.4798
29.1243
-81.3598
90.5034
91.4211
229.281
182.783
179.509
48.9755
15.3006
92.6622
84.0071
92.6752
69.6432
94.2277
79.2715
83.1192
36.4047
87.2306
51.4104
89.4975
87.7562
79.6549
-29.043
-73.6396
72.7628
73.4809
94.5646
88.5533
83.8397
23.8078
18.6579
-50.7484
117.382
-52.2625
101.138
108.68
88.6226
100.208
113.255
57.5681
156.843
71.8877
52.772
-83.9667
8.10689
-12.383
68.0555
-69.3199
174.957
-58.042
89.8668
88.1104
-26.5066
78.4061
149.465
137.418
194.26
-55.7747
-51.825
106.75
-71.6167
86.0598
104.367
67.3253
-86.1021
42.7728
78.6841
69.2531
72.4023
104.565
74.3577
77.1172
118.255
89.2785
88.6199
213.988
-75.3798
110.877
108.406
106.833
119.552
-53.6611
22.8828
103.491
-84.3199
67.3156
-74.8721
87.0227
87.5145
-74.2589
77.0634
102.638
92.9343
57.0818
-56.1791
90.3209
77.803
-69.2239
59.7533
125.01
-48.1733
76.3994
92.2393
85.4495
52.2667
-36.9628
60.6268
30.3316
66.3713
95.7311
-20.1998
34.6794
-73.0579
67.653
-83.9787
70.1082
69.8946
-45.7703
-87.0639
144.556
-67.2852
60.5725
80.8934
67.6519
-74.8536
-72.3866
-83.3287
83.6912
154.454
90.5334
-64.9469
103.64
44.3322
64.4501
-6.36562
176.44
-72.1882
-51.5602
146.486
-46.0649
91.0494
-53.4485
-49.847
-77.1265
80.6534
-84.055
-56.4953
69.2201
94.0175
138.242
106.435
190.597
68.668
70.635
123.268
122.565
-84.438
100.969
83.7173
-40.1691
69.9664
14.8204
90.8005
93.7612
-63.0813
131.298
42.0626
101.957
-84.9004
-33.8748
43.7941
-83.1427
30.878
86.2053
-87.4775
40.5808
-55.0409
138.278
-87.64
11.475
31.0104
85.066
96.5057
70.0529
126.201
183.9
121.815
-82.8126
90.3682
78.902
-87.5924
-84.7749
192.545
230.204
234.114
80.8974
72.1768
-80.5213
-83.6282
92.6082
40.1052
84.1976
96.6882
44.4243
1.94253
-31.0319
2.26894
-69.0685
63.4147
87.4535
152.316
-83.3371
-69.5121
-87.7903
181.031
91.8511
39.9481
87.7806
-86.5049
84.9885
-67.6695
123.7
136.705
-51.3824
-86.8091
113.002
-67.3872
41.8913
116.803
88.8185
83.6501
-76.1909
89.2301
21.9287
-69.8608
8.30767
18.0622
125.443
169.393
-79.2531
56.9296
87.6771
68.8606
-56.1681
82.5198
95.9899
0.124657
76.6534
119.39
195.349
78.7318
-82.5312
-19.8925
47.6865
88.1317
83.7378
173.176
81.6673
78.6669
84.5097
-82.6275
63.1666
72.705
144.422
131.064
68.6213
76.9362
15.7376
-87.033
144.12
-27.363
54.5044
93.4527
-50.4777
84.8318
54.1883
-47.741
177.033
4.69398
-49.6559
-3.38578
-75.665
85.9016
164.893
151.371
88.0798
139.456
113.15
-70.7641
-64.8268
-83.599
106.243
88.9672
96.3891
77.7649
-40.1204
108.247
-83.1892
88.4304
33.5257
-87.4049
105.094
-83.5937
-80.867
93.0026
-83.2526
194.268
57.6868
-52.1784
125.278
-38.2092
-70.2391
31.0368
-78.4302
151.692
90.7711
-70.7648
29.2403
137.621
72.9657
-84.1453
59.1052
77.1132
218.943
140.372
-61.0306
186.613
-72.1628
-86.3268
126.804
-71.3805
14.9345
144.079
40.867
-75.9689
12.4754
88.0972
89.7961
81.5434
-49.1978
-46.967
67.0718
-87.6574
-68.6913
126.407
-83.6094
-35.1248
79.2679
68.406
-84.2444
-85.7135
-9.90192
74.7412
-60.4958
-34.2837
49.6528
-2.67018
43.4889
90.864
-48.6798
-15.4799
9.13544
19.6317
12.5955
151.148
54.6934
145.081
46.4904
23.4469
115.512
83.4751
147.731
218.301
0.228328
185.071
-67.4086
64.5908
-83.1149
15.0648
-0.913826
69.5696
-23.8667
55.9191
5.53127
88.1648
90.9852
162.874
-51.0205
9.92907
103.996
112.114
89.6919
167.915
-83.7824
-80.3708
81.4879
-17.193
-83.8788
59.5148
-77.9889
-86.6072
80.1274
78.9581
145.578
88.4959
-80.9001
51.0133
-45.5211
147.93
71.7209
119.93
-86.7807
-0.919966
72.511
94.7398
130.951
177.779
130.254
104.366
-80.0817
49.9408
65.0224
-26.444
102.805
70.8161
117.163
86.855
-67.9535
23.5033
17.1991
127.944
120.499
70.113
69.4681
47.783
-83.2215
142.431
134.421
-50.4909
82.1898
-84.681
136.598
71.3369
75.2823
36.7057
37.4242
80.5614
55.1153
-16.5068
131.929
81.3322
102.35
80.4452
92.4981
98.2551
16.438
99.5663
129.336
-46.4466
104.606
-79.9557
-52.4079
-65.2734
94.567
64.9483
-63.3102
90.5268
-57.2134
18.6728
68.1723
-32.1804
21.3166
64.6977
72.7521
188.526
-87.0271
-22.0604
82.0953
90.8936
-22.2297
190.02
91.0591
93.0778
84.1617
90.4034
100.363
119.768
159.045
-54.3635
70.4241
-2.67424
50.4657
86.1127
80.3273
94.2675
37.5498
-72.1583
35.9788
96.4116
-73.1076
-84.5437
39.541
64.1773
47.9018
68.7156
63.6073
-81.8589
88.1542
119.92
89.4842
56.1765
45.0342
76.4536
14.7836
153.08
115.214
153.566
134.359
-43.3003
22.1783
67.9745
89.5608
67.131
91.6833
-44.5366
157.847
-85.0566
52.121
216.351
-83.9957
101.313
-69.7091
93.5123
54.7519
8.99138
71.2518
156.622
88.4367
-81.1197
78.4935
87.7515
94.8471
221.757
70.4285
6.36141
80.6402
93.3499
99.2655
56.6026
71.2609
88.624
101.815
-28.0333
55.6245
-36.4847
106.123
23.5703
94.2298
83.7932
142.325
146.639
37.7775
82.5424
92.8914
73.7037
103.409
-30.1453
58.8352
32.9179
89.6297
-67.223
168.274
203.061
77.7462
70.228
-62.8638
62.3644
73.7413
198.629
-71.6893
-10.147
-34.5161
-57.0254
20.2019
94.0431
89.8765
122.534
-80.3799
84.5204
87.7939
-84.9266
189.731
-83.5072
92.2138
88.0756
190.092
76.8499
-58.0511
66.7647
86.8315
71.2197
75.4191
191.082
37.9345
-77.4509
72.2715
73.0788
67.8202
2.03194
-58.5868
118.262
-80.7829
89.0293
-84.4281
-82.316
85.4443
130.882
66.7373
-44.1238
111.692
-49.3773
28.1737
3.49682
92.0982
-86.0086
129.887
147.534
90.7052
-34.8422
18.6152
104.742
87.3697
-12.389
161.484
-62.4541
63.6435
173.119
-82.9079
21.0837
93.7068
17.8026
94.0158
85.3026
92.6039
57.4472
-86.5275
120.374
90.6759
-66.8922
-36.5487
-75.6318
88.2383
-20.6094
32.7469
98.3816
105.305
183.085
-51.9066
-59.279
70.0568
59.3763
80.6828
41.7054
139.218
90.6665
78.4106
80.2958
-60.1459
4.69889
110.483
151.389
131.845
161.335
70.2563
179.25
12.974
88.6475
103.216
-85.655
99.7091
14.4869
-84.0853
17.5692
59.8558
46.4828
205.65
48.1075
-75.1758
-40.9334
60.2112
30.59
23.6551
13.1597
92.1286
116.944
78.3865
-76.0416
90.6672
58.7936
150.478
69.3639
142.371
-20.837
161.651
-86.8057
83.3942
-59.8027
40.7345
-17.382
198.833
82.6571
105.795
24.4289
149.943
26.4094
-62.0871
-36.8546
89.7454
-56.7945
74.9422
83.3888
-85.1011
51.0441
92.6434
119.236
-86.5424
143.094
-41.8294
-59.2155
108.733
77.6527
-19.1827
77.1332
-87.4001
-86.4264
-35.5795
55.8392
-83.3163
116.561
71.017
113.84
170.031
42.9131
-84.5388
9.89567
181.959
160.344
214.701
199.979
120.227
174.614
122.729
89.6906
-28.8724
83.4773
-85.3283
88.5298
81.8673
-71.7407
59.2225
93.0255
205.224
-87.4811
76.1552
51.6814
-84.3655
-28.2569
73.8618
-84.6151
65.274
137.097
-70.872
180.847
-58.882
90.7305
41.2103
-87.0785
13.9928
90.004
-3.23872
73.0098
-86.5669
90.6953
67.6735
-79.4373
112.058
86.1634
89.9625
90.3414
88.6689
-47.0537
55.0687
95.8289
86.7877
-86.0589
-57.0502
-58.677
90.9978
-13.93
-65.1596
70.8047
29.1877
72.4068
84.3951
94.5085
39.1872
-3.92069
54.677
92.3585
-87.0918
107.953
-83.9601
83.1773
66.998
-10.8425
84.7423
68.1221
69.1094
50.1114
-87.3219
55.6839
-39.1964
-37.2111
-46.6727
71.5471
90.4331
68.0881
-35.4682
-67.6109
-68.6766
-1.73682
87.1817
75.4597
-66.1735
77.4572
88.7569
149.797
-24.0665
53.6949
-84.7944
137.658
89.0055
89.7034
-83.622
71.9038
92.8019
93.519
130.536
59.8718
110.746
191.473
160.182
-76.708
50.7065
205.993
-64.242
172.557
91.3896
85.1482
81.7238
23.4936
89.1745
50.22
-66.6708
22.1869
-45.4358
138.045
-78.1881
114.329
30.1099
13.921
99.3475
87.1459
-85.9855
126.003
63.8166
-75.9837
84.1794
2.99901
-31.5586
107.296
-77.5253
-37.9331
92.0453
69.5974
-46.8614
95.3114
88.5869
-86.5026
71.8766
92.476
76.6954
206.374
9.89851
135.473
68.326
91.1953
70.0705
35.5695
123.833
61.6923
45.3182
71.0854
193.295
181.191
47.1966
66.7054
71.319
-82.856
-85.8162
-25.1245
-87.023
37.9046
9.22556
-68.536
31.4925
66.7622
92.1659
47.2723
88.0737
91.9552
91.8766
-29.5232
208.5
85.3936
70.4283
-6.37305
69.3354
44.6454
76.8705
95.6746
58.5118
-82.203
62.0879
-83.3402
-78.7381
-42.7697
181.501
-51.6779
128.146
-78.1824
76.2336
123.834
93.8758
67.6751
111.851
142.734
65.4382
-57.1124
218.81
71.5031
-78.1791
81.943
98.1293
114.56
120.848
83.4278
-85.8986
6.63044
190.686
76.6239
-85.8004
53.0013
-85.0195
191.334
59.684
-76.1611
91.9399
-8.06067
77.1095
90.6432
7.88335
-51.2364
-86.3258
70.7329
-55.6633
-86.7459
-84.1564
55.1802
72.5536
90.1908
-79.1132
37.9779
162.468
156.523
69.6763
-36.1491
-23.7073
78.3173
-5.51687
97.1922
58.6809
-86.9784
80.5776
73.9541
69.9594
22.8141
-67.2922
78.5042
-52.9322
-38.9997
72.0395
-60.5931
87.502
25.2989
-81.2803
-9.44436
34.9956
-81.789
233.527
81.0009
110.459
96.6891
83.4166
-70.8298
69.8137
-71.2051
61.5498
-85.6533
-79.8219
199.116
89.9652
75.2044
212.487
-46.3047
-85.3174
-82.9393
68.3166
-70.7581
74.3256
202.278
-83.6428
65.8943
34.2566
61.0183
97.0352
101.02
14.9832
56.9183
130.136
43.9812
78.3637
63.3719
115.461
102.749
-66.7217
94.2077
122.735
-86.0054
57.2005
30.2617
35.1299
66.3606
83.638
-82.3014
91.0622
113.575
-36.7968
-75.1048
-86.0475
5.72886
-88.5026
41.6772
90.0001
153.185
-85.1228
91.5604
94.7156
160.054
64.0144
-7.04888
-14.1306
140.024
48.4089
116.417
105.442
39.1439
66.7331
28.1596
85.1502
87.767
26.6465
-81.3473
92.4895
35.3903
47.1668
61.1462
91.6733
79.823
136.232
-63.2991
-4.96999
-31.6825
157.019
83.4286
68.0764
33.6247
88.6447
40.5029
81.9193
47.5612
104.637
73.896
85.4805
74.3795
102.332
76.86
-48.0133
172.925
115.016
-78.677
51.3444
43.682
97.3401
-23.6239
83.5163
192.72
147.535
-19.0792
24.9347
-31.3825
0.924223
54.2362
86.902
93.2501
69.7234
54.8104
52.0733
80.5063
24.0582
-87.8761
70.0126
156.801
97.0064
151.135
63.2219
77.4933
87.4386
76.3733
72.9494
-86.4304
-10.1935
-57.2454
49.2196
85.5244
151.922
71.4964
99.5242
-28.9025
55.9821
-15.6417
-65.4273
-78.9444
63.454
-85.1682
-14.6143
132.302
54.449
90.7521
-45.1338
163.904
193.695
82.0729
74.5505
89.5483
-83.8519
90.5817
6.28938
129.191
88.2604
-62.622
-66.0856
167.008
74.2544
72.0032
50.0929
-62.1752
92.554
176.439
93.6483
26.3861
92.2242
70.9082
61.4069
58.3888
-75.8981
-50.6106
78.4756
63.5698
94.0846
191.443
88.4294
116.565
-30.1628
89.4328
139.359
82.0318
17.7865
87.6012
92.5191
61.8212
78.0939
-83.7344
75.6512
24.0502
163.334
83.7303
18.7567
225.837
106.94
65.1566
186.373
94.8989
66.0604
67.6824
-32.2366
91.9804
72.0052
-41.9842
184.395
94.3312
106.352
225.028
26.3386
141.973
71.9358
227.977
70.0449
-84.7263
-68.0477
3.04279
61.6583
82.956
63.4173
-67.0511
78.3986
-55.0789
80.9837
-85.0338
78.2288
-74.3839
90.5511
141.442
86.1966
95.3181
235.77
133.868
89.8271
108.818
-31.9664
111.062
-40.3679
3.87782
157.681
83.4989
0.343555
89.7812
-13.3781
-85.3773
5.88472
-39.4139
-87.2981
-64.6574
89.8176
-51.9759
89.4548
-36.4226
-86.2348
146.496
17.3249
72.5883
107.965
-61.0211
-3.92553
-85.1164
80.1305
-34.6998
-51.3901
46.5375
78.1998
42.1895
75.2292
58.9455
87.147
120.641
103.792
67.5976
-67.9801
-19.3542
77.0506
-45.1327
-60.9695
165.99
208.317
156.29
-86.2698
97.0975
-82.5874
91.477
14.4523
59.7902
74.4872
-85.3716
182.91
98.917
90.9644
158.873
-40.7849
0.354073
-55.5845
-38.9496
108.113
-74.1314
-34.1849
-87.2648
33.0275
98.7857
133.65
75.0816
-63.7191
-56.7304
97.4866
-23.2422
-79.7042
-62.6134
4.36646
71.2591
91.0474
18.7566
40.1631
81.7383
-62.7792
22.8141
-32.2378
134.875
81.4196
-69.0864
21.9999
89.9332
-0.118842
72.5006
-69.1144
92.0101
-42.0657
140.432
-13.8854
-73.5904
84.0896
76.5068
-68.3291
93.6015
96.3248
174.949
92.1981
-39.2327
-51.7093
88.0576
88.7565
90.434
94.097
51.001
-26.6527
93.9033
-31.5372
84.4553
162.204
-66.5459
-82.4431
96.498
-26.9433
-1.8059
71.1651
36.1359
134.255
-31.8938
56.0264
114.294
138.738
6.05588
83.0041
92.4274
82.414
5.97716
218.064
194.376
166.556
137.608
73.9741
-84.9468
69.7468
-14.9445
162.461
57.9917
117.079
-5.19782
74.7835
197.198
167.093
134.437
-40.7279
7.79569
-56.465
96.1351
102.504
33.0754
91.336
35.6367
112.879
199.587
50.7062
95.0042
-83.6948
91.1832
93.1081
100.634
92.1893
-47.1993
-43.4634
56.8115
174.721
44.5723
-20.8823
-67.36
19.5598
109.832
161.923
-8.57647
70.8762
47.5579
77.9367
-69.8425
22.7086
-81.2062
222.883
-75.8718
-84.0684
185.328
88.6691
-86.1756
90.8557
82.2217
162.141
70.0379
80.8785
99.8138
12.7989
17.8573
-81.9424
87.2043
-71.2562
-33.4297
-28.2652
60.2029
45.5765
103.603
89.1263
89.9532
65.1471
134.799
-83.2404
30.3284
27.1753
162.704
109.987
91.1096
94.062
134.413
-82.3618
50.6043
53.8175
67.2261
32.1185
124.169
129.094
148.737
180.517
-84.6849
-87.3536
-37.8442
-1.1479
5.20507
-86.827
-61.8038
154.822
-60.1626
50.4107
84.7587
78.6408
74.1318
88.5669
194.013
141.422
-85.6841
-60.3144
89.004
83.6156
95.3904
193.016
21.1297
-76.9504
50.8915
89.2172
101.634
90.3396
102.629
91.0824
-79.3307
96.4726
108.984
126.518
33.7191
91.2421
93.3397
73.2693
-71.3361
-78.8566
101.07
90.1316
95.3443
113.289
-27.1814
21.0182
67.3527
11.9329
-81.2452
83.2871
89.8168
90.2279
-39.2295
113.202
67.674
70.1917
58.2974
9.00893
-46.5247
92.678
-7.47494
30.3505
77.6077
69.7535
-52.3768
83.6456
89.5292
202.091
54.482
-60.9713
-1.88093
83.9126
41.4755
-38.4551
85.0195
-72.5378
115.869
88.5305
104.654
95.4601
94.8508
83.7041
87.0262
89.5721
36.5342
-84.4878
137.567
141.504
-9.00668
86.2746
-26.3856
43.6615
-33.4447
180.194
88.1848
132.979
-84
-86.3627
105.167
161.065
-82.2726
-78.8073
94.4927
125.72
25.4896
-85.3333
78.4611
92.0452
178.462
92.3791
43.8583
32.3928
214.753
-63.6555
32.6457
136.349
87.5781
91.1703
78.5603
96.3978
62.4735
128.495
106.319
169.681
87.2308
-88.791
-85.3084
66.5091
27.4931
7.74047
-43.0257
81.0416
-12.1934
28.234
-84.6798
130.706
-54.0248
-87.3778
-9.10109
15.9531
94.0676
66.3178
58.4714
-19.6117
95.7791
130.522
99.4076
-35.4733
2.58156
-40.5763
77.705
91.0046
-83.5831
97.2371
-44.741
116.685
-69.8508
51.8615
-80.5292
-80.2253
-67.7676
77.102
-76.4405
35.6852
80.6202
-57.9344
92.4784
147.677
53.7399
74.9356
-10.1602
26.9051
-63.9942
89.215
149.93
56.6514
23.9016
-6.92235
50.0329
-73.2541
92.199
-15.4556
100.79
-42.8276
179.761
82.4776
4.89716
-87.6948
200.239
-51.5142
66.9309
85.1309
-76.0027
184.715
92.7187
27.515
-40.3805
-39.8768
-84.8237
-25.3495
-56.6834
72.3401
-23.2997
-86.1228
78.8377
93.2056
70.2939
-56.826
75.9783
135.468
54.9193
165.149
70.2736
81.3025
87.0438
-86.7688
154.6
188.642
-41.6235
-74.4659
-60.6552
76.6469
18.8196
-56.2611
-55.0897
132.872
165.982
133.109
-71.6485
89.3391
202.354
62.1206
-87.2122
-84.564
43.7453
1.31891
87.9635
153.469
180.735
-87.602
91.1779
70.318
108.092
199.275
69.7649
41.9765
-67.0376
120.611
-54.0377
90.0272
148.542
82.3294
122.187
81.9731
88.9126
-49.8639
216.476
-84.1853
150.242
93.0677
74.5546
198.746
72.6975
119.967
90.5171
-68.4851
65.765
90.1086
88.5601
-59.306
194.715
-55.6431
208.014
119.744
-62.381
-25.011
-8.42785
-19.773
7.72532
72.9975
16.2858
15.3447
27.0928
-67.5643
179.828
-67.7501
-64.4733
30.96
108.967
-67.8365
94.7389
91.4927
204.372
91.4561
118.275
-85.7176
-58.2603
-12.1198
-50.0343
-11.8889
87.2433
33.8977
-77.9527
81.4688
39.4107
96.3726
81.6663
76.7965
103.644
140.187
89.5665
93.584
102.506
61.2729
91.2059
102.348
-41.9857
141.416
62.1731
12.001
78.5072
32.5381
-82.701
142.705
145.088
79.5944
65.2637
-33.9086
140.036
154.419
106.137
-71.7619
-85.095
121.13
-58.9742
160.879
81.9033
80.7431
90.3132
98.5175
91.9748
99.9647
16.0158
63.7659
67.9659
75.0151
58.9535
82.2934
-86.7118
85.6985
83.2843
-80.9228
-23.2447
150.908
-57.5476
49.4249
93.8507
-85.2074
137.232
101.202
58.8889
0.0864789
80.5235
71.4682
93.2314
-49.0546
214.803
-81.3757
79.847
159.712
-35.9008
-38.4435
90.5128
75.5581
98.8905
84.3002
-73.8015
-33.1066
71.6486
79.7696
-79.3006
56.6361
126.328
-85.2162
71.8616
-43.8617
-72.8799
122.644
69.3026
23.1621
141.271
83.7286
28.7718
19.9437
-62.6776
97.1586
68.3816
88.7632
-85.6409
6.37666
174.089
101.512
92.473
39.9424
74.4481
69.8337
-87.3833
92.4326
-12.1852
84.5334
7.47405
165.26
-87.5762
71.1512
120.945
-86.6466
75.3066
176.116
82.3333
-67.0117
66.7337
78.5866
211.192
-76.3911
91.7811
127.047
85.3974
120.181
73.3992
-67.7012
85.3431
83.3541
88.1509
66.8649
91.9625
229.017
-86.3904
-25.1963
32.3033
92.0145
155.038
59.8009
86.2777
-79.3379
81.9115
211.917
-74.6553
91.9574
84.0751
74.6788
-86.3868
221.978
60.5826
53.429
-66.4098
-18.4573
97.8771
-74.4486
-44.1353
124.379
90.1486
56.003
4.37423
90.5149
88.1432
69.0678
114.819
81.4813
162.733
44.7573
88.1318
50.1671
78.8761
99.5177
91.4969
-44.8035
147.982
74.0479
72.2816
139.9
75.254
173.346
104.866
35.999
66.1938
55.1632
90.8017
74.6593
134.619
212.942
109.046
-64.0133
184.461
93.4873
64.3755
78.0524
93.7426
70.2189
-40.82
83.7971
-66.7414
78.0116
94.3591
45.0385
100.205
-55.6736
79.1918
14.0349
-84.7212
186.283
73.7522
179.957
80.9514
91.561
194.594
-25.9635
95.2759
-68.1935
67.91
97.263
50.5793
-44.1313
-4.10143
73.1962
-57.1883
54.9184
69.0427
150.186
-25.1984
87.1788
75.3394
59.2753
73.2189
87.8703
94.7746
-74.0507
189.184
144.929
80.3421
169.314
90.4747
37.9857
89.9854
115.69
-40.572
64.4093
91.4991
92.455
68.0208
-35.4451
125.594
123.768
63.9167
37.1022
76.6065
150.537
157.022
-12.4385
-42.2343
77.9327
79.5713
-28.9644
-50.8219
68.7078
156.592
-79.1095
44.8263
67.443
31.5806
14.4969
92.3245
68.6342
71.0665
-77.2932
91.94
105.658
173.638
68.5974
65.5527
-62.8326
97.4889
95.9396
157.376
-41.6979
64.3258
-59.6978
76.1857
92.8079
84.0316
24.3903
26.2394
215.969
14.2436
146.771
91.5776
188.928
117.768
16.8076
91.3585
152.071
209.877
85.5471
156.245
-52.9832
154.531
-48.7222
-53.8412
169.586
-73.0484
-49.3633
82.5272
7.98811
81.8846
5.88122
93.5409
-80.8517
-19.1835
133.262
62.38
82.9163
76.5058
125.524
20.5509
91.655
53.9396
147.865
53.4833
92.6819
101.597
209.385
64.7181
75.5214
-35.0717
93.0271
84.1559
91.6376
1.99658
83.3825
98.1213
78.882
29.1912
163.26
117.705
-48.7695
-70.6925
186.692
113.76
90.9826
38.0401
-83.2764
73.2919
82.2682
18.2015
69.619
64.8243
83.895
79.9097
90.1262
91.8812
-23.38
117.241
96.6661
30.5055
69.5434
40.163
15.7798
-82.2515
83.5173
-82.2006
159.109
76.3331
-42.3617
56.4975
94.8939
115.366
-32.1081
75.0443
-68.6831
79.4766
93.8341
71.1413
93.7004
83.545
29.0023
90.9626
171.545
62.5221
90.8397
87.6055
-58.008
-81.7339
58.156
91.5276
167.702
-51.376
83.8608
89.7461
75.5173
84.581
-59.3359
69.8983
-60.791
55.8749
-16.8569
48.3003
85.8916
71.2246
40.4616
111.192
135.04
108.979
104.626
-40.3671
-80.2099
-60.4525
-69.811
90.4625
74.1372
64.7736
59.0282
68.8524
73.7873
-75.1263
-79.6565
85.2336
60.2456
93.1424
-85.0778
-67.6873
-76.6948
-35.9806
92.9809
22.5147
13.6894
-84.2139
104.785
40.7231
82.3785
24.48
-58.3919
93.4616
-62.921
89.8549
85.3675
-85.0904
97.9316
-68.987
145.597
84.3312
-57.4516
86.4518
75.4124
97.0879
-24.9187
-85.0643
-15.8539
-81.1619
92.4686
112.778
35.1359
161.287
-71.4796
79.9962
89.5077
161.592
128.658
-83.3377
35.8848
73.9674
134.391
73.8344
-46.6209
50.2474
93.9694
91.229
96.9334
76.4175
-85.7527
-49.8222
75.0905
171.257
70.1169
126.161
53.8538
73.1152
-57.9302
-62.9397
127.852
165.038
6.82248
89.7055
62.8696
58.5918
152.85
-26.9632
91.724
74.689
22.5516
-59.9123
-86.5677
-72.8982
130.285
92.3047
-62.8443
34.7772
-16.5151
85.5832
171.13
63.3593
89.999
36.0143
73.5144
-18.7888
100.169
91.0391
45.1367
84.4655
-80.156
-53.1715
144.236
107.722
-79.8643
-87.211
146.19
-84.334
-63.9445
-62.7555
177.391
80.8965
87.7349
-84.9917
45.0902
89.8548
-69.3713
27.4305
56.5852
-67.9208
85.7
91.5063
41.4517
97.9826
-13.8548
46.9227
79.0876
-36.8909
-59.954
7.79932
71.1515
87.6061
91.3938
87.1298
86.2496
84.3562
41.7066
174.295
33.6164
-79.3914
74.8179
63.4423
93.4443
50.1367
-34.7135
86.5847
-33.1408
88.1651
90.7962
54.7706
-71.518
31.6074
-84.4344
58.012
87.6224
106.053
60.6322
177.81
86.9022
106.63
69.5864
79.0788
167.11
92.5801
48.6269
86.9644
-3.06288
85.5416
-47.5931
-48.5275
84.8253
76.1472
86.0505
82.6494
-68.4168
96.2618
132.329
30.5716
114.16
-24.7708
102.94
-17.6269
85.6986
-68.8172
-67.095
11.8395
90.9278
95.2646
83.3915
52.9274
68.7782
90.6056
83.3467
41.0791
29.1206
165.604
54.6777
69.5027
196.874
73.0118
118.532
-3.52914
87.0669
174.559
198.428
-2.21095
138.427
82.149
37.9345
93.0756
58.4909
64.3659
69.0673
-59.1058
87.4077
90.8854
90.974
93.7209
-85.7216
84.4267
196.904
61.5333
68.9472
77.5732
59.4404
-61.2669
36.5613
103.583
89.7565
158.128
90.6875
89.5643
89.9835
-30.3653
133.576
41.9412
20.0315
91.6383
43.7179
91.3853
64.5817
-53.3119
91.4888
86.3868
-81.0128
38.5902
-26.4943
181.824
211.329
75.2401
45.2965
-77.4685
93.2909
71.2516
163.149
86.8084
-11.5529
-70.0519
113.335
89.6514
-79.0007
-84.7423
-85.9518
83.5174
124.209
90.9937
77.0683
170.922
42.6362
-86.4918
61.4511
90.4954
173.415
78.264
-67.535
193.89
-81.3564
93.8739
158.945
87.4765
27.6881
-73.3987
40.1621
184.105
89.0884
199.309
91.1035
24.5089
91.4028
79.3971
98.2646
188.367
18.519
160.866
90.2041
58.5969
60.2296
-31.6872
89.3929
83.9106
29.6186
146.534
85.1979
157.017
71.0438
-86.1274
38.2453
-4.0436
104.481
-43.8128
139.782
119.053
56.4086
64.3836
91.4577
-53.3469
-68.5514
91.2107
-85.8205
89.2039
86.2183
69.8633
-1.88603
-79.8083
-37.7784
119.438
-69.1645
54.223
-67.87
66.6501
218.905
140.045
-36.9801
95.8868
-51.042
99.3128
91.7515
88.3552
168.372
69.9462
90.4399
-71.7154
34.0891
82.3795
-16.2589
92.0986
69.4799
90.2406
-19.9555
-63.2802
-53.444
86.3804
96.6994
78.4239
54.6417
130.015
68.1973
-51.1891
129.102
24.136
132.074
90.3395
-30.2005
41.4845
80.9349
-75.7301
-80.7482
-85.5173
68.9719
1.40644
90.8353
186.794
32.3937
-82.2388
93.071
23.2007
89.9451
12.0907
0.884335
75.8147
5.17738
91.1543
133.906
78.5754
90.2655
26.4816
-87.8077
51.9764
64.1345
-70.7124
93.1738
-42.8019
-61.5642
91.6299
83.1838
160.829
-64.3752
46.2539
82.3084
77.802
69.63
44.7859
10.3295
92.2991
93.036
127.646
89.8682
67.3027
164.817
33.9049
-61.3954
76.944
88.4727
90.9782
10.0886
88.7477
-86.5308
141.826
169.417
26.2109
-58.1423
49.9586
-31.1415
77.8726
19.9278
126.623
-28.334
90.6615
37.3747
88.0681
4.18581
-8.9006
99.5711
108.917
44.8167
95.0747
39.7952
71.0579
45.2326
106.485
86.4691
176.894
-43.2934
-67.8652
88.6353
92.2252
-59.196
156.02
88.2669
-53.7263
113.899
-75.2069
6.20556
96.7688
79.8063
95.6678
89.8644
69.8285
90.9775
99.6215
-31.0245
-69.0992
-64.8344
84.4006
-68.3209
-48.5843
-84.7802
96.742
-85.685
-84.416
28.3854
-50.5514
94.6232
119.093
-84.7054
111.393
104.289
-22.9532
91.838
85.0432
57.1832
62.4964
181.964
127.214
113.683
72.9135
-60.4386
72.3392
85.0552
47.403
10.3748
109.936
73.2338
76.1791
72.4431
32.4039
99.4482
65.9119
89.3078
-57.7915
153.117
15.6237
71.1049
-78.8069
35.4377
-66.6772
47.9762
3.57938
92.0192
149.517
2.64405
4.09307
91.6675
47.5425
167.085
-84.2585
-71.8012
86.8054
92.8737
85.4784
185.162
68.0049
62.4329
93.3919
67.932
-67.9774
-76.8523
90.273
50.7254
84.7544
77.4552
95.4402
37.5496
73.7845
55.6545
124.271
126.612
-86.2967
100.626
-65.345
90.1615
11.0591
-63.8755
-23.1268
-76.2115
178.754
-66.0592
90.5854
-64.7839
185.712
80.45
73.8957
64.59
86.1556
96.949
121.775
89.4712
89.2908
127.612
69.6698
78.6126
83.5417
0.510247
-41.5599
94.0526
-2.56509
73.5675
146.257
3.88995
95.9866
37.851
72.6041
94.9504
52.9909
65.9334
70.2376
99.0478
134.806
-84.5838
-73.1266
177.822
40.9666
-2.69387
91.3697
62.6924
-40.4143
39.1694
96.8458
102.461
-3.60619
-87.0795
-66.3036
76.4076
4.68134
149.933
90.3221
-29.5045
70.9614
46.2001
102.409
40.1982
56.6797
176.547
62.4322
-86.4612
-9.74715
186.139
91.0138
99.8851
91.0003
117.474
65.6308
91.6447
)
;

boundaryField
{
    wings
    {
        type            zeroGradient;
    }
    outlet
    {
        type            freestreamPressure;
    }
    tunnel
    {
        type            zeroGradient;
    }
    inlet
    {
        type            freestreamPressure;
    }
    defaultFaces
    {
        type            empty;
    }
}


// ************************************************************************* //
