5.0 -118.102205606
10.0 -74.4832086102
15.0 -26.7772690975
20.0 -4.40662213983
25.0 2.5361454322
30.0 2.97520168644
35.0 2.30004338983
40.0 1.87359597034
45.0 1.80355622458
50.0 1.88222732627
55.0 1.91834772034
60.0 1.94376716949
65.0 1.98515432627
70.0 2.02503540254
75.0 2.06333098305
80.0 2.1026816822
85.0 2.14193653814
90.0 2.18049957627
95.0 2.21966204661
100.0 2.25658623771
105.0 2.29188376441
110.0 2.32458788305
115.0 2.35604947924
120.0 2.38433986356
125.0 2.40908972076
130.0 2.4326493339
135.0 2.45317869958
140.0 2.47001020424
145.0 2.48466458686
150.0 2.49653785466
155.0 2.50551326949
160.0 2.51313770466
165.0 2.51824296483
170.0 2.52174125847
175.0 2.52372279364
180.0 2.52398685424
185.0 2.52326204661
190.0 2.52157159237
195.0 2.51928420805
200.0 2.51626987034
205.0 2.51293040466
210.0 2.50910397246
215.0 2.5051620322
220.0 2.50111986017
225.0 2.49724748856
230.0 2.49357257754
235.0 2.49012136271
240.0 2.48639860805
245.0 2.48325673898
250.0 2.48076038051
255.0 2.4786667161
260.0 2.47783344873
265.0 2.4785382072
270.0 2.480446625
275.0 2.48390800636
280.0 2.48911888941
285.0 2.49626056864
290.0 2.50590613136
295.0 2.51823338983
300.0 2.53287356314
305.0 2.54971297924
310.0 2.56978501059
315.0 2.59146520763
320.0 2.61571595551
325.0 2.64079407161
330.0 2.66572225678
335.0 2.69065287331
340.0 2.7135857339
345.0 2.73083157542
350.0 2.74155295593
355.0 2.74081144025
360.0 2.72264464873
365.0 2.68130467458
370.0 2.60835747797
375.0 2.49637602966
380.0 2.33565520593
385.0 2.12560768898
390.0 1.87522907203
395.0 1.59900459576
400.0 1.33527389746
405.0 1.11446527288
410.0 0.972707502119
415.0 0.94395696822
420.0 0.997513309746
425.0 1.08759013051
430.0 1.14242542331
435.0 1.12229714153
440.0 1.0641705339
445.0 1.02779997415
450.0 1.02141159407
455.0 1.03461155551
460.0 1.05882294068
465.0 1.080951925
470.0 1.10016576059
475.0 1.12021607203
480.0 1.136760875
485.0 1.14711670847
490.0 1.15550506229
495.0 1.15859925551
500.0 1.16014794619
505.0 1.15979768093
510.0 1.15830484364
515.0 1.15650817331
520.0 1.1539960322
525.0 1.15128081398
530.0 1.1484579411
535.0 1.14552692034
540.0 1.14312850932
545.0 1.14118473093
550.0 1.13997237288
555.0 1.13959824449
560.0 1.14006158644
565.0 1.14141154831
570.0 1.14360751992
575.0 1.14662317712
580.0 1.15047505297
585.0 1.15513508644
590.0 1.16053041186
595.0 1.16665462246
600.0 1.17345014746
605.0 1.18092415593
610.0 1.18909487797
615.0 1.19794955466
620.0 1.20742684195
625.0 1.21749623051
630.0 1.22817818814
635.0 1.23921207627
640.0 1.25102544195
645.0 1.26327763305
650.0 1.27595938559
655.0 1.28881301992
660.0 1.30192343178
665.0 1.3155057411
670.0 1.32930625593
675.0 1.34380206314
680.0 1.35802503093
685.0 1.37288489364
690.0 1.38787155085
695.0 1.40260225636
700.0 1.41801407034
705.0 1.43323052331
710.0 1.44892634661
715.0 1.46471968432
720.0 1.48231381059
725.0 1.49825974492
730.0 1.514413825
735.0 1.53143266102
740.0 1.54858259407
745.0 1.56600695593
750.0 1.58345931229
755.0 1.60013553432
760.0 1.61784472161
765.0 1.63435510085
770.0 1.65065967797
775.0 1.66616753347
780.0 1.68047277415
785.0 1.69286689195
790.0 1.70261871568
795.0 1.70878961441
800.0 1.71040348178
805.0 1.7063851928
810.0 1.69535828644
815.0 1.67590345551
820.0 1.64763414915
825.0 1.61066134703
830.0 1.56601376737
835.0 1.51633595466
840.0 1.46569396398
845.0 1.4154318928
850.0 1.37153789153
855.0 1.33435435212
860.0 1.30684497542
865.0 1.28853185763
870.0 1.27484930763
875.0 1.26678350169
880.0 1.26489037288
885.0 1.26508997966
890.0 1.26780585763
895.0 1.27123929364
900.0 1.27452218178
905.0 1.27743446271
910.0 1.2795866428
915.0 1.28045080297
920.0 1.28043799915
925.0 1.27948614958
930.0 1.277764
935.0 1.27548373347
940.0 1.27298746059
945.0 1.27035647712
950.0 1.26812699703
955.0 1.26640955678
960.0 1.26524677034
965.0 1.26501858559
970.0 1.26570788178
975.0 1.26731364407
980.0 1.26996825636
985.0 1.27353590508
990.0 1.27801687924
995.0 1.28350405169
1000.0 1.28988827119
1005.0 1.29687808559
1010.0 1.30408706737
1015.0 1.31231411271
1020.0 1.32104749831
1025.0 1.32980480424
1030.0 1.3385298428
1035.0 1.34732831229
1040.0 1.35675006356
1045.0 1.36603279195
1050.0 1.37495226144
1055.0 1.38384133686
1060.0 1.39249648347
1065.0 1.40082038136
1070.0 1.40872589703
1075.0 1.41615225127
1080.0 1.42338942542
1085.0 1.42938077797
1090.0 1.43485696737
1095.0 1.44000454703
1100.0 1.44456009746
1105.0 1.44801994958
1110.0 1.45125272712
1115.0 1.45351160085
1120.0 1.45492297585
1125.0 1.45580067839
1130.0 1.45592241186
1135.0 1.45529994449
1140.0 1.45401545297
1145.0 1.45196082669
1150.0 1.4491997072
1155.0 1.44576514195
1160.0 1.44163394958
1165.0 1.43683448559
1170.0 1.43141387712
1175.0 1.42542213686
1180.0 1.41882594068
1185.0 1.41158432034
1190.0 1.40446899831
1195.0 1.39731513178
1200.0 1.39025263898
1205.0 1.38314172246
1210.0 1.37598856398
1215.0 1.36974650932
1220.0 1.36318744958
1225.0 1.35785923856
1230.0 1.35279714915
1235.0 1.34828722076
1240.0 1.34436720932
1245.0 1.3413816072
1250.0 1.33883385297
1255.0 1.33651798475
1260.0 1.33466582754
1265.0 1.33357601907
1270.0 1.33253211695
1275.0 1.33191411398
1280.0 1.33164110593
1285.0 1.33162235297
1290.0 1.33183798814
1295.0 1.3323053
1300.0 1.33298876017
1305.0 1.3339238339
1310.0 1.33503265932
1315.0 1.33634605593
1320.0 1.33792214788
1325.0 1.33960064195
1330.0 1.34150791398
1335.0 1.34369932712
1340.0 1.34605587246
1345.0 1.34843425339
1350.0 1.35103625085
1355.0 1.35378625932
1360.0 1.35674670678
1365.0 1.35991780254
1370.0 1.3627441822
1375.0 1.3656138572
1380.0 1.36885907754
1385.0 1.37178897627
1390.0 1.37452365297
1395.0 1.37737303051
1400.0 1.38004402627
1405.0 1.38254110339
1410.0 1.38486524025
1415.0 1.38693023559
1420.0 1.38886288644
1425.0 1.39049481102
1430.0 1.39195536568
1435.0 1.39315074746
1440.0 1.39408404322
1445.0 1.39478222754
1450.0 1.39522846737
1455.0 1.39543620593
1460.0 1.39540809576
1465.0 1.39516056398
1470.0 1.39471657797
1475.0 1.39405574322
1480.0 1.39321924449
1485.0 1.39222608178
1490.0 1.39108270593
1495.0 1.38982550847
1500.0 1.38847702331
1505.0 1.38693763559
1510.0 1.38534684364
1515.0 1.38370545381
1520.0 1.38199237203
1525.0 1.38038678602
1530.0 1.37868793644
1535.0 1.37699874619
1540.0 1.37524432669
1545.0 1.37361315847
1550.0 1.37203333008
1555.0 1.37046450212
1560.0 1.36900342415
1565.0 1.36763472797
1570.0 1.36634924661
1575.0 1.3651324411
1580.0 1.36414422331
1585.0 1.36323275551
1590.0 1.36236557966
1595.0 1.36175948771
1600.0 1.3611438911
1605.0 1.36072963602
1610.0 1.3604520678
1615.0 1.36026864322
1620.0 1.3602113161
1625.0 1.36027143008
1630.0 1.36043518008
1635.0 1.3607006839
1640.0 1.36105625508
1645.0 1.36150297627
1650.0 1.36203000508
1655.0 1.36262316441
1660.0 1.36329916568
1665.0 1.36400143559
1670.0 1.36473696059
1675.0 1.36552077797
1680.0 1.36634502458
1685.0 1.36715355593
1690.0 1.3680359822
1695.0 1.36897299576
1700.0 1.36979531822
1705.0 1.37060443178
1710.0 1.37151535763
1715.0 1.37236938856
1720.0 1.3731353928
1725.0 1.37389364068
1730.0 1.37462231144
1735.0 1.37531015551
1740.0 1.37595018686
1745.0 1.37652056314
1750.0 1.37705624322
1755.0 1.37751250593
1760.0 1.37792474237
1765.0 1.37826729619
1770.0 1.37852810508
1775.0 1.37876667924
1780.0 1.37888367797
1785.0 1.3789513161
1790.0 1.37897957669
1795.0 1.37891823008
1800.0 1.37880818644
1805.0 1.37864455127
1810.0 1.37842417288
1815.0 1.37815106102
1820.0 1.37784409619
1825.0 1.37749372669
1830.0 1.37710866864
1835.0 1.37669589322
1840.0 1.37626030763
1845.0 1.37583642119
1850.0 1.37536939873
1855.0 1.37488655
1860.0 1.37436524322
1865.0 1.37389633941
1870.0 1.37342924195
1875.0 1.3729734589
1880.0 1.37254534407
1885.0 1.37210906271
1890.0 1.37170850593
1895.0 1.37127183432
1900.0 1.37088954831
1905.0 1.37059402754
1910.0 1.3703334072
1915.0 1.37005617034
1920.0 1.36981553856
1925.0 1.36961973475
1930.0 1.36944189703
1935.0 1.36930804195
1940.0 1.36921207288
1945.0 1.36914313686
1950.0 1.36911209237
1955.0 1.36911019153
1960.0 1.36914067966
1965.0 1.36920200466
1970.0 1.36928978093
1975.0 1.36940500339
1980.0 1.3695526072
1985.0 1.36969798941
1990.0 1.3698960928
1995.0 1.37010297712
2000.0 1.37030113644
2005.0 1.37049282542
2010.0 1.37074316314
2015.0 1.37103150042
2020.0 1.37128186525
2025.0 1.37146387458
2030.0 1.37175622373
2035.0 1.37199333136
2040.0 1.3722500928
2045.0 1.37248847669
2050.0 1.37272065975
2055.0 1.37292216864
2060.0 1.37313315169
2065.0 1.37332870763
2070.0 1.37351297288
2075.0 1.37365765085
2080.0 1.37382959449
2085.0 1.37395304958
2090.0 1.37406181949
2095.0 1.37415514576
2100.0 1.37422743136
2105.0 1.37428511737
2110.0 1.37432642331
2115.0 1.37434465508
2120.0 1.37434947246
2125.0 1.37433545127
2130.0 1.37430462754
2135.0 1.3742579339
2140.0 1.37420757542
2145.0 1.37413965
2150.0 1.37404009407
2155.0 1.37394586314
2160.0 1.37384373178
2165.0 1.37372870127
2170.0 1.37360874449
2175.0 1.37348309407
2180.0 1.37336014873
2185.0 1.37322897034
2190.0 1.37309626356
2195.0 1.37296295424
2200.0 1.37283066398
2205.0 1.37272023008
2210.0 1.37259217161
2215.0 1.37244106186
2220.0 1.37230538644
2225.0 1.37221572542
2230.0 1.37214192331
2235.0 1.37203701864
2240.0 1.37193653898
2245.0 1.37185072034
2250.0 1.37178627881
2255.0 1.37173692034
2260.0 1.37168563856
2265.0 1.37164308305
2270.0 1.37161301229
2275.0 1.37159505763
2280.0 1.37158280932
2285.0 1.37158140593
2290.0 1.37158909873
2295.0 1.37160424534
2300.0 1.37162806525
2305.0 1.37166145508
2310.0 1.3716958911
2315.0 1.37174201483
2320.0 1.37179087839
2325.0 1.37184846144
2330.0 1.37191259703
2335.0 1.37197782203
2340.0 1.37203773475
2345.0 1.37210678602
2350.0 1.37216755593
2355.0 1.37222983644
2360.0 1.37230841229
2365.0 1.37239188305
2370.0 1.37246494958
2375.0 1.37250986271
2380.0 1.37257954195
2385.0 1.37265707966
2390.0 1.37269878729
2395.0 1.37275428644
2400.0 1.37281759788
2405.0 1.3728548678
2410.0 1.37290333983
2415.0 1.37293212415
2420.0 1.37297422881
2425.0 1.37299113559
2430.0 1.37301924534
2435.0 1.37303656059
2440.0 1.37304686356
2445.0 1.3730552678
2450.0 1.37305411737
2455.0 1.37305530424
2460.0 1.37304269958
2465.0 1.37303751864
2470.0 1.37301473093
2475.0 1.37300106441
2480.0 1.37298123263
2485.0 1.37294891059
2490.0 1.37292101907
2495.0 1.37289504322
2500.0 1.3728582428
2505.0 1.37282336102
2510.0 1.37279376017
2515.0 1.37274700551
2520.0 1.37272333432
2525.0 1.37267445508
2530.0 1.37264400297
2535.0 1.37261164746
2540.0 1.37255492161
2545.0 1.3725484161
2550.0 1.37249973983
2555.0 1.37247501737
2560.0 1.3724466822
2565.0 1.37240840339
2570.0 1.37239320593
2575.0 1.37236891441
2580.0 1.3723372
2585.0 1.37233494619
2590.0 1.37230917119
2595.0 1.37230438051
2600.0 1.37228878178
2605.0 1.3722810322
2610.0 1.37227730424
2615.0 1.37227422373
2620.0 1.37227558602
2625.0 1.37227759831
2630.0 1.37228320424
2635.0 1.37228988432
2640.0 1.37230100508
2645.0 1.37230896229
2650.0 1.37232856441
2655.0 1.3723344072
2660.0 1.37235782966
2665.0 1.37236706525
2670.0 1.37238879746
2675.0 1.37240863051
2680.0 1.37242443305
2685.0 1.37245104873
2690.0 1.37246261653
2695.0 1.37249092924
2700.0 1.37250334449
2705.0 1.37252403136
2710.0 1.37255000593
2715.0 1.37255628559
2720.0 1.3725826839
2725.0 1.37259319873
2730.0 1.37260900254
2735.0 1.37262841398
2740.0 1.37263235042
2745.0 1.37264794619
2750.0 1.37266120169
2755.0 1.37266408263
2760.0 1.37267691102
2765.0 1.37267639915
2770.0 1.37268540932
2775.0 1.37268658941
2780.0 1.37268881483
2785.0 1.37268913559
2790.0 1.37268839449
2795.0 1.37268532754
2800.0 1.37268331186
2805.0 1.37267812288
2810.0 1.37267187458
2815.0 1.37266710932
2820.0 1.37265788178
2825.0 1.37265184195
2830.0 1.37264176398
2835.0 1.37263360339
2840.0 1.37262437119
2845.0 1.37261197119
2850.0 1.37260528051
2855.0 1.3725911839
2860.0 1.37258406949
2865.0 1.37257081907
2870.0 1.37256370424
2875.0 1.37255384407
2880.0 1.37254122034
2885.0 1.3725372928
2890.0 1.37252424534
2895.0 1.37251947119
2900.0 1.37251108602
2905.0 1.37250122797
2910.0 1.3724992
2915.0 1.37249061441
2920.0 1.37248646356
2925.0 1.37248253686
2930.0 1.37247712331
2935.0 1.37247574364
2940.0 1.37247160254
2945.0 1.37247191864
2950.0 1.37247032373
2955.0 1.37246979364
2960.0 1.37247074025
2965.0 1.37247106102
2970.0 1.37247285763
2975.0 1.37247445212
2980.0 1.37247879153
2985.0 1.37247911525
2990.0 1.37248557627
2995.0 1.37248590127
3000.0 1.37249278771
3005.0 1.37249692754
3010.0 1.37250084619
3015.0 1.37250795466
3020.0 1.37251018008
3025.0 1.37251771271
3030.0 1.37252417585
3035.0 1.37252662458
3040.0 1.37253647754
3045.0 1.37253723136
3050.0 1.37254369576
3055.0 1.37254995678
3060.0 1.37255303008
3065.0 1.37255886864
3070.0 1.37256278771
3075.0 1.37256777797
3080.0 1.37257042797
3085.0 1.37257287542
3090.0 1.37257891314
3095.0 1.37257669915
3100.0 1.37258104068
3105.0 1.37258348475
3110.0 1.37258486017
3115.0 1.37258476398
3120.0 1.37258528898
3125.0 1.37258646314
3130.0 1.37258698559
3135.0 1.37258476864
3140.0 1.37258571737
3145.0 1.37258561653
3150.0 1.372583175
3155.0 1.37258095636
3160.0 1.37258105381
3165.0 1.37257841144
3170.0 1.37257596441
3175.0 1.37257289661
3180.0 1.37257299407
3185.0 1.37256526441
3190.0 1.37256536271
3195.0 1.37256652966
3200.0 1.37255857669
3205.0 1.37255889492
3210.0 1.37255306059
3215.0 1.37255295636
3220.0 1.3725475428
3225.0 1.37254701907
3230.0 1.37254457246
3235.0 1.37254235085
3240.0 1.37253736229
3245.0 1.37253641059
3250.0 1.37253693347
3255.0 1.37253471144
3260.0 1.37253099788
3265.0 1.37253089364
3270.0 1.37252929619
3275.0 1.37252876949
3280.0 1.37252843814
3285.0 1.37252661737
3290.0 1.37252458602
3295.0 1.37252449788
3300.0 1.37252542966
3305.0 1.37252534576
3310.0 1.3725241572
3315.0 1.37252365042
3320.0 1.37252373008
3325.0 1.37252492119
3330.0 1.37252458093
3335.0 1.37252449534
3340.0 1.37252627415
3345.0 1.37252619322
3350.0 1.37252669873
3355.0 1.37252746737
3360.0 1.37253009025
3365.0 1.37253043517
3370.0 1.37253094068
3375.0 1.3725325572
3380.0 1.37253352203
3385.0 1.37253555466
3390.0 1.37253691441
3395.0 1.37253682712
3400.0 1.37253819195
3405.0 1.37254149025
3410.0 1.37254243178
3415.0 1.37254233898
3420.0 1.37254412966
3425.0 1.37254530932
3430.0 1.3725470928
3435.0 1.37254867288
3440.0 1.37254875805
3445.0 1.37254994661
3450.0 1.37255172754
3455.0 1.37255206737
3460.0 1.37255300127
3465.0 1.37255419153
3470.0 1.37255512119
3475.0 1.37255546483
3480.0 1.37255597203
3485.0 1.37255631314
3490.0 1.37255681949
3495.0 1.37255716356
3500.0 1.37255766822
3505.0 1.37255758771
3510.0 1.37255767161
3515.0 1.37255801398
3520.0 1.37255809661
3525.0 1.37255801483
3530.0 1.37255767076
3535.0 1.37255674407
3540.0 1.37255682331
3545.0 1.37255674237
3550.0 1.37255639788
3555.0 1.37255589534
3560.0 1.37255555127
3565.0 1.37255547076
3570.0 1.37255427924
3575.0 1.37255377415
3580.0 1.37255343263
3585.0 1.37255207924
3590.0 1.37255173475
3595.0 1.37255080636
3600.0 1.37255046102
3605.0 1.37254995593
3610.0 1.37254961398
3615.0 1.37254741356
3620.0 1.37254706992
3625.0 1.37254614153
3630.0 1.37254579534
3635.0 1.3725452911
3640.0 1.37254494534
3645.0 1.3725444428
3650.0 1.37254325042
3655.0 1.37254274746
3660.0 1.37254240381
3665.0 1.37254231864
3670.0 1.37254197924
3675.0 1.37254147119
3680.0 1.37254112966
3685.0 1.37254062839
3690.0 1.37254069915
3695.0 1.37254020381
3700.0 1.37253985085
3705.0 1.37253977966
3710.0 1.37253985169
3715.0 1.37253978008
3720.0 1.37253984788
3725.0 1.37253978136
3730.0 1.37253985169
3735.0 1.37253977669
3740.0 1.37254027076
3745.0 1.37254020169
3750.0 1.37254027288
3755.0 1.37254062585
3760.0 1.37254069534
3765.0 1.37254062542
3770.0 1.37254112246
3775.0 1.37254147373
3780.0 1.37254196695
3785.0 1.37254189873
3790.0 1.37254239407
3795.0 1.37254274492
3800.0 1.37254324025
3805.0 1.37254317246
3810.0 1.37254366653
3815.0 1.37254401695
3820.0 1.37254451102
3825.0 1.37254486907
3830.0 1.37254536525
3835.0 1.37254571441
3840.0 1.37254579195
3845.0 1.37254570847
3850.0 1.3725457928
3855.0 1.37254613432
3860.0 1.3725462178
3865.0 1.3725465589
3870.0 1.37254706568
3875.0 1.37254698263
3880.0 1.37254748941
3885.0 1.37254740678
3890.0 1.37254748983
3895.0 1.37254783093
3900.0 1.37254791398
3905.0 1.37254783136
3910.0 1.37254791441
3915.0 1.37254783178
3920.0 1.37254791483
3925.0 1.37254825551
3930.0 1.37254804407
3935.0 1.37254787839
3940.0 1.37254871653
3945.0 1.37254860551
3950.0 1.37254841525
3955.0 1.37254885169
3960.0 1.37254902458
3965.0 1.37254945381
3970.0 1.37254916356
3975.0 1.37254944958
3980.0 1.37254928941
3985.0 1.37254936059
3990.0 1.37254989364
3995.0 1.37255116017
4000.0 1.37255041186
4005.0 1.37254972034
4010.0 1.37254972754
4015.0 1.37255056949
4020.0 1.37255076822
4025.0 1.3725508928
4030.0 1.37254998008
4035.0 1.3725500589
4040.0 1.37254997669
4045.0 1.37254961822
4050.0 1.37254954619
4055.0 1.37255004364
4060.0 1.3725495411
4065.0 1.37255003729
4070.0 1.37254953856
4075.0 1.37254834407
4080.0 1.37254741949
4085.0 1.37254750042
4090.0 1.37254742288
4095.0 1.37254792288
4100.0 1.37254783898
4105.0 1.37254749619
4110.0 1.37254656483
4115.0 1.3725457911
4120.0 1.37254486992
4125.0 1.37254410508
4130.0 1.37254445127
4135.0 1.37254452458
4140.0 1.37254444407
4145.0 1.37254282797
4150.0 1.37254232246
4155.0 1.37254113178
4160.0 1.37254147627
4165.0 1.37254282669
4170.0 1.37254232331
4175.0 1.37254154831
4180.0 1.37254147966
4185.0 1.37254197331
4190.0 1.37254189619
4195.0 1.37254324873
4200.0 1.37254359661
4205.0 1.37254239661
4210.0 1.37254190254
4215.0 1.3725436678
4220.0 1.37254486822
4225.0 1.37254366737
4230.0 1.37254359661
4235.0 1.37254536017
4240.0 1.3725444428
4245.0 1.37254239449
4250.0 1.37254317288
4255.0 1.37254706102
4260.0 1.37254401907
4265.0 1.37254324153
4270.0 1.37254613856
4275.0 1.37254451907
4280.0 1.37254487203
4285.0 1.37254663771
4290.0 1.37254359407
4295.0 1.37254579153
4300.0 1.37254571144
4305.0 1.37254409703
4310.0 1.37254740763
4315.0 1.37254536059
4320.0 1.37254571314
4325.0 1.37254663941
4330.0 1.37254571653
4335.0 1.37254748347
4340.0 1.37254613559
4345.0 1.37254663347
4350.0 1.37254783136
4355.0 1.37254664534
4360.0 1.37254783898
4365.0 1.37254664237
4370.0 1.37254825381
4375.0 1.37254790975
4380.0 1.37254741568
4385.0 1.37254833771
4390.0 1.37254749746
4395.0 1.37254779958
4400.0 1.37254844195
4405.0 1.3725484572
4410.0 1.37254820636
4415.0 1.3725476178
4420.0 1.3725470322
4425.0 1.37254749873
4430.0 1.37254745593
4435.0 1.37254843559
4440.0 1.37254660381
4445.0 1.37254585085
4450.0 1.37254761314
4455.0 1.37254785847
4460.0 1.37254818475
4465.0 1.37254835339
4470.0 1.37254702119
4475.0 1.37254666864
4480.0 1.37254659407
4485.0 1.37254751059
4490.0 1.3725469839
4495.0 1.37254761483
4500.0 1.37254649364
4505.0 1.37254684449
4510.0 1.37254781102
4515.0 1.37254699746
4520.0 1.37254750847
4525.0 1.37254743051
4530.0 1.37254581525
4535.0 1.37254573856
4540.0 1.3725466589
4545.0 1.37254657458
4550.0 1.37254623093
4555.0 1.37254699661
4560.0 1.37254453347
4565.0 1.37254572288
4570.0 1.37254537839
4575.0 1.372544875
4580.0 1.37254537797
4585.0 1.37254275424
4590.0 1.37254452585
4595.0 1.37254359788
4600.0 1.37254240975
4605.0 1.37254360466
4610.0 1.37254198263
4615.0 1.37254189873
4620.0 1.37254324449
4625.0 1.37254275085
4630.0 1.37254197585
4635.0 1.37254232924
4640.0 1.37254452373
4645.0 1.37254317754
4650.0 1.37254155551
4655.0 1.37254359237
4660.0 1.37254663941
4665.0 1.37254232415
4670.0 1.37254155551
4675.0 1.37254740551
4680.0 1.37254155508
4685.0 1.37254613602
4690.0 1.3725453678
4695.0 1.37254274788
4700.0 1.37254748729
4705.0 1.37254359492
4710.0 1.3725457911
4715.0 1.3725469822
4720.0 1.37254325127
4725.0 1.37254740805
4730.0 1.37254621695
4735.0 1.37254402076
4740.0 1.37254790975
4745.0 1.37254444322
4750.0 1.37254452288
4755.0 1.37254741144
4760.0 1.37254549534
4765.0 1.37254532966
4770.0 1.37254833475
4775.0 1.37254447288
4780.0 1.37254787203
4785.0 1.37254457712
4790.0 1.37254726695
4795.0 1.37254878008
4800.0 1.37254652458
4805.0 1.37254793093
4810.0 1.37254912797
4815.0 1.3725487839
4820.0 1.37254531314
4825.0 1.37254623771
4830.0 1.37255081229
4835.0 1.37254877754
4840.0 1.37254615212
4845.0 1.37254665254
4850.0 1.37255123475
4855.0 1.37255046864
4860.0 1.37254360678
4865.0 1.37254622542
4870.0 1.37255165297
4875.0 1.37254749915
4880.0 1.37254444958
4885.0 1.37255088178
4890.0 1.37254571907
4895.0 1.37254495297
4900.0 1.37254953178
4905.0 1.37254453008
4910.0 1.37254741144
4915.0 1.37254621949
4920.0 1.37254402203
4925.0 1.37254748983
4930.0 1.37254402246
4935.0 1.37254367712
4940.0 1.37254571398
4945.0 1.37254282712
4950.0 1.37254359449
4955.0 1.37254494534
4960.0 1.37254190085
4965.0 1.37254325127
4970.0 1.3725444411
4975.0 1.37254282966
4980.0 1.37254274322
4985.0 1.37254494364
4990.0 1.37254486483
4995.0 1.372542825
5000.0 1.37254317076
