5.0 -71.0786249089
10.0 -43.8691232712
15.0 -15.7437763051
20.0 -2.67124656356
25.0 1.20299406356
30.0 1.46267825424
35.0 1.14182641525
40.0 0.922964323305
45.0 0.893551700847
50.0 0.935136905932
55.0 0.961268012712
60.0 0.983104073729
65.0 1.01162089492
70.0 1.03838189492
75.0 1.06564237881
80.0 1.09406708347
85.0 1.12229206568
90.0 1.15198641059
95.0 1.18087150551
100.0 1.20936961314
105.0 1.23724110847
110.0 1.26441955636
115.0 1.2907926911
120.0 1.31592831059
125.0 1.3396354839
130.0 1.36206800042
135.0 1.38267821992
140.0 1.40129401398
145.0 1.41867126992
150.0 1.43430006992
155.0 1.44831615254
160.0 1.46041033559
165.0 1.47137932034
170.0 1.48149606653
175.0 1.4893248572
180.0 1.49660687881
185.0 1.50283282924
190.0 1.50782813771
195.0 1.51223140593
200.0 1.51593363347
205.0 1.51897491568
210.0 1.52149521949
215.0 1.52361456949
220.0 1.52527998729
225.0 1.52653251229
230.0 1.52746037161
235.0 1.52821626907
240.0 1.52846587797
245.0 1.52855163136
250.0 1.52843989449
255.0 1.52801606992
260.0 1.52729656907
265.0 1.52657001907
270.0 1.52537278432
275.0 1.52411563644
280.0 1.5225980911
285.0 1.52095521992
290.0 1.51923463051
295.0 1.51731470297
300.0 1.51554881398
305.0 1.51355480297
310.0 1.5114005572
315.0 1.50934964576
320.0 1.50718713432
325.0 1.50500086568
330.0 1.50299464068
335.0 1.50117054322
340.0 1.49942440042
345.0 1.49761894407
350.0 1.49586431314
355.0 1.49427924661
360.0 1.49294207331
365.0 1.49175276398
370.0 1.49077957924
375.0 1.4901797161
380.0 1.48980402119
385.0 1.48958849746
390.0 1.48976581695
395.0 1.49020627161
400.0 1.49090181314
405.0 1.49204864619
410.0 1.49347472839
415.0 1.49533601314
420.0 1.49742149449
425.0 1.49988752881
430.0 1.50259514237
435.0 1.50577401144
440.0 1.50937457907
445.0 1.51335958038
450.0 1.51763324008
455.0 1.52229768636
460.0 1.5273694578
465.0 1.5328235739
470.0 1.53864860559
475.0 1.54485091703
480.0 1.55143475564
485.0 1.55839801521
490.0 1.56573775161
495.0 1.57345015254
500.0 1.58152421758
505.0 1.58995401246
510.0 1.59872556864
515.0 1.60782787051
520.0 1.61723889678
525.0 1.62694084572
530.0 1.63690660979
535.0 1.64708999924
540.0 1.65734228826
545.0 1.66802958004
550.0 1.67881077025
555.0 1.68959729127
560.0 1.70017176068
565.0 1.71116045559
570.0 1.72187395555
575.0 1.73218470025
580.0 1.74259947267
585.0 1.7527263072
590.0 1.76229315216
595.0 1.77168771669
600.0 1.78040404508
605.0 1.78867517381
610.0 1.79615192508
615.0 1.8028999561
620.0 1.80884551051
625.0 1.81386824042
630.0 1.81786600144
635.0 1.8208298497
640.0 1.82266144356
645.0 1.82318577042
650.0 1.82230274347
655.0 1.82009497623
660.0 1.81651074174
665.0 1.81151438864
670.0 1.80506262758
675.0 1.79724694979
680.0 1.78734277928
685.0 1.77643348407
690.0 1.76349915042
695.0 1.74907746492
700.0 1.73319889271
705.0 1.7159045172
710.0 1.69715873555
715.0 1.67698739114
720.0 1.65549133432
725.0 1.63286041352
730.0 1.6088505747
735.0 1.58397582335
740.0 1.55816625835
745.0 1.53144523894
750.0 1.50414628653
755.0 1.47631312
760.0 1.44794580297
765.0 1.41921306301
770.0 1.39022680521
775.0 1.36131127818
780.0 1.33244706403
785.0 1.30371771907
790.0 1.27522839903
795.0 1.24709826453
800.0 1.21947018178
805.0 1.19241456271
810.0 1.1660085839
815.0 1.14059001356
820.0 1.1152369
825.0 1.09151712669
830.0 1.06800139788
835.0 1.04565546907
840.0 1.0239369839
845.0 1.00312691229
850.0 0.983266753814
855.0 0.964123177966
860.0 0.946166077542
865.0 0.928594623729
870.0 0.911642697881
875.0 0.896170021186
880.0 0.881418530508
885.0 0.867047552542
890.0 0.853439275
895.0 0.839562775847
900.0 0.82803625
905.0 0.81628341822
910.0 0.805625450847
915.0 0.795411934322
920.0 0.785153878814
925.0 0.776354654237
930.0 0.767640516525
935.0 0.759184773305
940.0 0.752058591525
945.0 0.745006039407
950.0 0.738454210169
955.0 0.73236327161
960.0 0.726710321186
965.0 0.721482643644
970.0 0.716664117797
975.0 0.712238642797
980.0 0.708192643644
985.0 0.704511717373
990.0 0.701185681356
995.0 0.6982031
1000.0 0.695508874153
1005.0 0.693295821186
1010.0 0.691216469068
1015.0 0.689396241525
1020.0 0.687966494915
1025.0 0.686931051271
1030.0 0.686223373729
1035.0 0.685663829237
1040.0 0.685340114407
1045.0 0.685350545763
1050.0 0.685605691949
1055.0 0.686111536017
1060.0 0.686732888559
1065.0 0.687676934746
1070.0 0.689031807203
1075.0 0.690481878814
1080.0 0.692026714407
1085.0 0.693884506356
1090.0 0.696087020339
1095.0 0.698435170339
1100.0 0.700960244915
1105.0 0.703700019492
1110.0 0.706745123305
1115.0 0.709957872458
1120.0 0.71336199322
1125.0 0.716979514407
1130.0 0.720801530085
1135.0 0.724803045339
1140.0 0.728983217797
1145.0 0.733350093644
1150.0 0.737893080085
1155.0 0.742614291525
1160.0 0.747502282203
1165.0 0.752557477542
1170.0 0.757766314407
1175.0 0.763139805932
1180.0 0.768652941525
1185.0 0.774321400847
1190.0 0.780123992373
1195.0 0.786077237712
1200.0 0.792097245339
1205.0 0.798434436441
1210.0 0.804846380085
1215.0 0.811308182203
1220.0 0.817810836017
1225.0 0.824155684322
1230.0 0.830918147881
1235.0 0.838019377966
1240.0 0.845042849576
1245.0 0.852236052542
1250.0 0.859327332203
1255.0 0.866541724153
1260.0 0.873944882627
1265.0 0.881370276271
1270.0 0.888837813136
1275.0 0.896368657627
1280.0 0.904088243644
1285.0 0.911764356356
1290.0 0.919504179661
1295.0 0.927322127966
1300.0 0.935202925847
1305.0 0.943133881356
1310.0 0.95111495339
1315.0 0.959097433475
1320.0 0.967252923305
1325.0 0.97531319322
1330.0 0.983454917797
1335.0 0.991608196186
1340.0 0.999884019915
1345.0 1.00811164492
1350.0 1.01644188898
1355.0 1.02470572034
1360.0 1.03307726229
1365.0 1.04137941695
1370.0 1.04980155805
1375.0 1.05812547415
1380.0 1.06646129958
1385.0 1.07494169322
1390.0 1.08340556102
1395.0 1.09164328983
1400.0 1.1001839678
1405.0 1.10892351568
1410.0 1.11706856441
1415.0 1.12585145212
1420.0 1.13437453898
1425.0 1.14282059619
1430.0 1.15130890551
1435.0 1.15925110169
1440.0 1.16804401441
1445.0 1.17630436102
1450.0 1.18459885636
1455.0 1.1927565411
1460.0 1.20103140339
1465.0 1.20910885381
1470.0 1.21758947415
1475.0 1.22535614492
1480.0 1.23346410551
1485.0 1.24107080847
1490.0 1.24891117415
1495.0 1.25639941017
1500.0 1.26397893305
1505.0 1.27115926695
1510.0 1.27845164576
1515.0 1.28531981102
1520.0 1.2922436572
1525.0 1.2986665661
1530.0 1.30507268856
1535.0 1.31108378559
1540.0 1.31695858983
1545.0 1.32238114449
1550.0 1.32769831822
1555.0 1.33251406653
1560.0 1.33713077034
1565.0 1.34122695085
1570.0 1.34498041653
1575.0 1.34846078898
1580.0 1.35152808941
1585.0 1.35394048644
1590.0 1.35608385381
1595.0 1.35769263856
1600.0 1.358906525
1605.0 1.35954216907
1610.0 1.35977230678
1615.0 1.35937884068
1620.0 1.35858027754
1625.0 1.35712845254
1630.0 1.35530243814
1635.0 1.35285068263
1640.0 1.34984764068
1645.0 1.34620867542
1650.0 1.34222095254
1655.0 1.337698575
1660.0 1.33277912881
1665.0 1.32721486186
1670.0 1.32124802627
1675.0 1.31463299576
1680.0 1.30773320297
1685.0 1.30033776864
1690.0 1.29261097373
1695.0 1.28430932203
1700.0 1.27587084025
1705.0 1.26688844703
1710.0 1.257768825
1715.0 1.24815659407
1720.0 1.23848300763
1725.0 1.22837192119
1730.0 1.21825459449
1735.0 1.20777819025
1740.0 1.19723074958
1745.0 1.18648697839
1750.0 1.17580906737
1755.0 1.16498781356
1760.0 1.15417059492
1765.0 1.14324651144
1770.0 1.13242904873
1775.0 1.12158229237
1780.0 1.11085745636
1785.0 1.10015039364
1790.0 1.0895949589
1795.0 1.07913570636
1800.0 1.06884252542
1805.0 1.05881291653
1810.0 1.04880704237
1815.0 1.03894230042
1820.0 1.0293242072
1825.0 1.01992738051
1830.0 1.01054586907
1835.0 1.00151657076
1840.0 0.992942865254
1845.0 0.984564175847
1850.0 0.97639320678
1855.0 0.968379130508
1860.0 0.960768550424
1865.0 0.953192842797
1870.0 0.945910474153
1875.0 0.939181208898
1880.0 0.932782572881
1885.0 0.926079854661
1890.0 0.919967945763
1895.0 0.914174830932
1900.0 0.90830643178
1905.0 0.903389882627
1910.0 0.898308641949
1915.0 0.893472478814
1920.0 0.888692390254
1925.0 0.884604838136
1930.0 0.88056234322
1935.0 0.876716200424
1940.0 0.873314688559
1945.0 0.870032415678
1950.0 0.866995617797
1955.0 0.864241615678
1960.0 0.861719531356
1965.0 0.859424734746
1970.0 0.857361008898
1975.0 0.855525418644
1980.0 0.853912847458
1985.0 0.852518244068
1990.0 0.851337762288
1995.0 0.850367622881
2000.0 0.849632365678
2005.0 0.849071433051
2010.0 0.848709799153
2015.0 0.848521645763
2020.0 0.848554394492
2025.0 0.848773337288
2030.0 0.849180981356
2035.0 0.849764229661
2040.0 0.850525590254
2045.0 0.851458314831
2050.0 0.852556022034
2055.0 0.853820851695
2060.0 0.855240500847
2065.0 0.856825569915
2070.0 0.858556989831
2075.0 0.860450430508
2080.0 0.862480908475
2085.0 0.864669160169
2090.0 0.866985983051
2095.0 0.869455911441
2100.0 0.872045514831
2105.0 0.874781432203
2110.0 0.877629395763
2115.0 0.880619422881
2120.0 0.883707525847
2125.0 0.886829213559
2130.0 0.890144736441
2135.0 0.893594696186
2140.0 0.897199074576
2145.0 0.900895508051
2150.0 0.904650169068
2155.0 0.90845705678
2160.0 0.912428945763
2165.0 0.916349237712
2170.0 0.920523510169
2175.0 0.924721610169
2180.0 0.929116898305
2185.0 0.933405504661
2190.0 0.937786623305
2195.0 0.942265730085
2200.0 0.946800886864
2205.0 0.95138997161
2210.0 0.956033816949
2215.0 0.960727780085
2220.0 0.965467585593
2225.0 0.970247765678
2230.0 0.975066141102
2235.0 0.979918958475
2240.0 0.98480360339
2245.0 0.989754882203
2250.0 0.994637139407
2255.0 0.999600849576
2260.0 1.00459214195
2265.0 1.00958436907
2270.0 1.01458977881
2275.0 1.01960076483
2280.0 1.02461179407
2285.0 1.02961651398
2290.0 1.03460984407
2295.0 1.03959347373
2300.0 1.04456823686
2305.0 1.04948964195
2310.0 1.05438267839
2315.0 1.05918463856
2320.0 1.06406118559
2325.0 1.06898308178
2330.0 1.07378124661
2335.0 1.07843322288
2340.0 1.08291188136
2345.0 1.08769857373
2350.0 1.09239837754
2355.0 1.09688374958
2360.0 1.1012326411
2365.0 1.1055098839
2370.0 1.10975360254
2375.0 1.11393413475
2380.0 1.11793282712
2385.0 1.12184756017
2390.0 1.12565417373
2395.0 1.12931621992
2400.0 1.13309938136
2405.0 1.13642777415
2410.0 1.13980993008
2415.0 1.14296694492
2420.0 1.14580611102
2425.0 1.14880105424
2430.0 1.15150398898
2435.0 1.15411693008
2440.0 1.15642514153
2445.0 1.15869249915
2450.0 1.16067927246
2455.0 1.16263704746
2460.0 1.16424728305
2465.0 1.16570986864
2470.0 1.16694948093
2475.0 1.16808338771
2480.0 1.16895363983
2485.0 1.16970886229
2490.0 1.17012754407
2495.0 1.17044941017
2500.0 1.17047541271
2505.0 1.17038807331
2510.0 1.17000147754
2515.0 1.16949984195
2520.0 1.16870148686
2525.0 1.16779275805
2530.0 1.16661696314
2535.0 1.16533544619
2540.0 1.16372500593
2545.0 1.16197919025
2550.0 1.16002563432
2555.0 1.15799517246
2560.0 1.15567349449
2565.0 1.15321178686
2570.0 1.15053132246
2575.0 1.14783201568
2580.0 1.1448724322
2585.0 1.14183130466
2590.0 1.13856973347
2595.0 1.13526560847
2600.0 1.131731725
2605.0 1.12816758771
2610.0 1.12444657924
2615.0 1.12063176907
2620.0 1.1166715322
2625.0 1.11274377754
2630.0 1.10867610975
2635.0 1.10456721102
2640.0 1.1003264589
2645.0 1.09608813686
2650.0 1.09177093093
2655.0 1.08745066314
2660.0 1.08307567161
2665.0 1.07869763686
2670.0 1.07429539407
2675.0 1.06989224322
2680.0 1.06548862119
2685.0 1.06109300381
2690.0 1.05670836864
2695.0 1.05234403814
2700.0 1.04797798136
2705.0 1.04359326737
2710.0 1.03929202119
2715.0 1.03505983008
2720.0 1.03086916441
2725.0 1.02672891737
2730.0 1.02264630551
2735.0 1.01862641441
2740.0 1.01472348898
2745.0 1.01080489788
2750.0 1.00702022966
2755.0 1.00335210551
2760.0 0.999682742373
2765.0 0.996133321186
2770.0 0.992726737288
2775.0 0.989456626271
2780.0 0.986179361017
2785.0 0.982895776695
2790.0 0.979918179661
2795.0 0.977011386864
2800.0 0.974181773729
2805.0 0.971445427966
2810.0 0.968907029661
2815.0 0.966389445339
2820.0 0.963901167797
2825.0 0.96168836822
2830.0 0.959615897881
2835.0 0.957550263983
2840.0 0.955641913136
2845.0 0.953823028814
2850.0 0.952134736017
2855.0 0.950522776271
2860.0 0.949096496186
2865.0 0.947769008051
2870.0 0.946553474576
2875.0 0.945451140678
2880.0 0.944463306356
2885.0 0.943589944492
2890.0 0.942829813983
2895.0 0.942181613559
2900.0 0.941644951271
2905.0 0.941233355508
2910.0 0.940913807203
2915.0 0.940698990254
2920.0 0.940580883051
2925.0 0.940574708475
2930.0 0.940680921186
2935.0 0.940897794492
2940.0 0.941208413983
2945.0 0.941585211017
2950.0 0.942077360593
2955.0 0.942697115254
2960.0 0.943376288983
2965.0 0.944097917373
2970.0 0.944952690678
2975.0 0.945895672034
2980.0 0.946950185593
2985.0 0.948075533898
2990.0 0.949263682627
2995.0 0.950523517797
3000.0 0.951862674576
3005.0 0.953271399153
3010.0 0.954767490678
3015.0 0.956322557203
3020.0 0.957976431356
3025.0 0.959697748305
3030.0 0.961441172458
3035.0 0.963237637288
3040.0 0.965107479237
3045.0 0.967046882203
3050.0 0.969040167373
3055.0 0.971078436017
3060.0 0.973159991525
3065.0 0.975317883898
3070.0 0.977456768644
3075.0 0.979649528814
3080.0 0.981891500847
3085.0 0.984178869068
3090.0 0.986492987712
3095.0 0.988833430932
3100.0 0.991200197034
3105.0 0.993592436017
3110.0 0.996007602966
3115.0 0.998441459322
3120.0 1.00089230805
3125.0 1.00335675636
3130.0 1.00583226059
3135.0 1.00831669873
3140.0 1.01076811907
3145.0 1.01328609703
3150.0 1.01580367924
3155.0 1.01829713602
3160.0 1.02078637966
3165.0 1.0232722589
3170.0 1.02575053263
3175.0 1.02821653686
3180.0 1.03066899746
3185.0 1.03310494534
3190.0 1.03553497161
3195.0 1.03793619068
3200.0 1.04028826271
3205.0 1.042602625
3210.0 1.04491147415
3215.0 1.04722668008
3220.0 1.04948001822
3225.0 1.05172063814
3230.0 1.05384302712
3235.0 1.05599167331
3240.0 1.05803013559
3245.0 1.06000459746
3250.0 1.06203963178
3255.0 1.06405218432
3260.0 1.06585454237
3265.0 1.06762339831
3270.0 1.06941807203
3275.0 1.07114237373
3280.0 1.07274037034
3285.0 1.07433324449
3290.0 1.07577523178
3295.0 1.07725743093
3300.0 1.07859170466
3305.0 1.07989966102
3310.0 1.08108638263
3315.0 1.08222263008
3320.0 1.08326857161
3325.0 1.08422039153
3330.0 1.08511156186
3335.0 1.08597174364
3340.0 1.08666449449
3345.0 1.08729659195
3350.0 1.08784939025
3355.0 1.08833178644
3360.0 1.08873785
3365.0 1.08901164576
3370.0 1.08922139025
3375.0 1.08935691907
3380.0 1.08941864831
3385.0 1.08937057076
3390.0 1.08922623644
3395.0 1.08902505042
3400.0 1.08874159322
3405.0 1.08835425763
3410.0 1.08789015466
3415.0 1.08735056059
3420.0 1.08673377924
3425.0 1.08604319915
3430.0 1.08527585551
3435.0 1.0844398
3440.0 1.08351977881
3445.0 1.08254036864
3450.0 1.08148419831
3455.0 1.08037414873
3460.0 1.0791903072
3465.0 1.07795809703
3470.0 1.07665506186
3475.0 1.07529815424
3480.0 1.07390305127
3485.0 1.07244390763
3490.0 1.0709436072
3495.0 1.06939155847
3500.0 1.06779327076
3505.0 1.06615298432
3510.0 1.06448510763
3515.0 1.06278752246
3520.0 1.06105811314
3525.0 1.05929942331
3530.0 1.05751654025
3535.0 1.05571200847
3540.0 1.05388837203
3545.0 1.05204775085
3550.0 1.05019268898
3555.0 1.04832573644
3560.0 1.04645113008
3565.0 1.04457099025
3570.0 1.04268786102
3575.0 1.04080428686
3580.0 1.03892323644
3585.0 1.03707606737
3590.0 1.03522549237
3595.0 1.03336304025
3600.0 1.03151413644
3605.0 1.02968344407
3610.0 1.0278701178
3615.0 1.02607585466
3620.0 1.02430362542
3625.0 1.02254283729
3630.0 1.0208180678
3635.0 1.01913991144
3640.0 1.01746726949
3645.0 1.01584336356
3650.0 1.01422582246
3655.0 1.01266125763
3660.0 1.01110729788
3665.0 1.00964530169
3670.0 1.00822315169
3675.0 1.00680440763
3680.0 1.00542212288
3685.0 1.00407036653
3690.0 1.00280846186
3695.0 1.00160378305
3700.0 1.00042031483
3705.0 0.999280091525
3710.0 0.998114894915
3715.0 0.997093793644
3720.0 0.996069753814
3725.0 0.995158879237
3730.0 0.994284052119
3735.0 0.99345205339
3740.0 0.992668815678
3745.0 0.991935611017
3750.0 0.991276169915
3755.0 0.990634560169
3760.0 0.990056544915
3765.0 0.989542548305
3770.0 0.989080707203
3775.0 0.988670175
3780.0 0.98831264661
3785.0 0.988008122458
3790.0 0.987757027119
3795.0 0.987558089407
3800.0 0.987411310169
3805.0 0.987315841949
3810.0 0.987271261017
3815.0 0.987277144068
3820.0 0.987332644068
3825.0 0.987437336864
3830.0 0.987590375847
3835.0 0.987789641949
3840.0 0.988036830085
3845.0 0.988329397458
3850.0 0.988666497034
3855.0 0.989054908475
3860.0 0.989470477542
3865.0 0.989924647034
3870.0 0.990444112712
3875.0 0.991005561864
3880.0 0.991556459322
3885.0 0.992187905085
3890.0 0.992859641102
3895.0 0.993557262712
3900.0 0.994281616102
3905.0 0.995054313136
3910.0 0.995827891102
3915.0 0.99663921822
3920.0 0.997501426695
3925.0 0.998393328814
3930.0 0.999303484322
3935.0 1.00023316356
3940.0 1.00118745042
3945.0 1.00216761483
3950.0 1.00315204364
3955.0 1.00417717966
3960.0 1.00522818814
3965.0 1.00631947797
3970.0 1.00739977669
3975.0 1.00847840678
3980.0 1.0095824839
3985.0 1.01070056695
3990.0 1.01183096059
3995.0 1.01297154449
4000.0 1.01412062373
4005.0 1.01527607754
4010.0 1.01643705805
4015.0 1.01760186864
4020.0 1.01876966144
4025.0 1.01993789195
4030.0 1.02110740763
4035.0 1.02226888475
4040.0 1.02346257542
4045.0 1.02459568347
4050.0 1.02574490424
4055.0 1.02692125042
4060.0 1.02803446822
4065.0 1.02916252203
4070.0 1.03028422331
4075.0 1.03138940169
4080.0 1.03248271653
4085.0 1.03356247246
4090.0 1.03462654915
4095.0 1.03567367415
4100.0 1.03670215212
4105.0 1.0377115572
4110.0 1.03870273644
4115.0 1.0397104339
4120.0 1.04060795424
4125.0 1.04152919407
4130.0 1.042416525
4135.0 1.04324198051
4140.0 1.04407886398
4145.0 1.04491107331
4150.0 1.04574665763
4155.0 1.046516125
4160.0 1.0472389661
4165.0 1.04792534958
4170.0 1.04858374831
4175.0 1.0492154322
4180.0 1.04973862288
4185.0 1.05029950466
4190.0 1.05088705975
4195.0 1.0514080678
4200.0 1.05187651059
4205.0 1.05229789576
4210.0 1.05269510381
4215.0 1.05302491398
4220.0 1.05330893517
4225.0 1.05357131949
4230.0 1.05387096483
4235.0 1.0540803322
4240.0 1.05418458602
4245.0 1.05432948644
4250.0 1.05444088475
4255.0 1.0545014072
4260.0 1.05451063178
4265.0 1.05448973983
4270.0 1.05444466653
4275.0 1.05435168263
4280.0 1.05422392373
4285.0 1.05406477924
4290.0 1.05387128263
4295.0 1.05364640085
4300.0 1.053384625
4305.0 1.05308680297
4310.0 1.05276310339
4315.0 1.05240759534
4320.0 1.05201858432
4325.0 1.05160242585
4330.0 1.05116081525
4335.0 1.05068654873
4340.0 1.05018598475
4345.0 1.04966039449
4350.0 1.04911062542
4355.0 1.04853710127
4360.0 1.04793473856
4365.0 1.04732048686
4370.0 1.04668544788
4375.0 1.04602580975
4380.0 1.04535089407
4385.0 1.044653075
4390.0 1.0439387089
4395.0 1.04321118729
4400.0 1.04247093347
4405.0 1.04171710127
4410.0 1.04095053898
4415.0 1.04017251822
4420.0 1.03938473517
4425.0 1.03858846186
4430.0 1.03778496992
4435.0 1.03697510805
4440.0 1.03615972415
4445.0 1.03534051441
4450.0 1.03451832712
4455.0 1.0336944339
4460.0 1.0328701072
4465.0 1.03204619576
4470.0 1.03122142881
4475.0 1.03040555254
4480.0 1.02958839873
4485.0 1.02877547754
4490.0 1.02797653432
4495.0 1.02717631653
4500.0 1.02638711271
4505.0 1.02560087415
4510.0 1.02482310975
4515.0 1.02406102288
4520.0 1.02331503898
4525.0 1.02258473432
4530.0 1.02185782161
4535.0 1.02114616653
4540.0 1.02045061695
4545.0 1.01977032585
4550.0 1.01910826102
4555.0 1.01846315127
4560.0 1.01783542161
4565.0 1.01722591992
4570.0 1.01664905297
4575.0 1.01603109492
4580.0 1.01553814534
4585.0 1.01501215551
4590.0 1.01446075339
4595.0 1.01397927797
4600.0 1.01351645847
4605.0 1.01307949873
4610.0 1.01268789153
4615.0 1.0122933322
4620.0 1.01187548178
4625.0 1.0115449339
4630.0 1.01120719746
4635.0 1.01090845975
4640.0 1.01062795847
4645.0 1.01035721822
4650.0 1.01013564746
4655.0 1.00992722924
4660.0 1.00974213305
4665.0 1.00958163008
4670.0 1.00944445
4675.0 1.00933482924
4680.0 1.00922268686
4685.0 1.0091656428
4690.0 1.00914929788
4695.0 1.00911347924
4700.0 1.00911412246
4705.0 1.00913511992
4710.0 1.00919215381
4715.0 1.00925428983
4720.0 1.00934314195
4725.0 1.00946718008
4730.0 1.00959886314
4735.0 1.00974751398
4740.0 1.00991440636
4745.0 1.01012411059
4750.0 1.01033086737
4755.0 1.01056349237
4760.0 1.01082155551
4765.0 1.01108853602
4770.0 1.01137375466
4775.0 1.0116806
4780.0 1.01200356441
4785.0 1.0123392572
4790.0 1.01269827331
4795.0 1.01308230297
4800.0 1.01345617966
4805.0 1.01384405636
4810.0 1.01424550678
4815.0 1.01466349788
4820.0 1.01510565593
4825.0 1.01554867542
4830.0 1.01599721737
4835.0 1.01647034873
4840.0 1.0169434928
4845.0 1.01742003983
4850.0 1.01791948008
4855.0 1.01841638941
4860.0 1.01891415763
4865.0 1.01943354703
4870.0 1.0199491322
4875.0 1.02046176186
4880.0 1.02099558644
4885.0 1.02152264025
4890.0 1.02204461737
4895.0 1.0225865178
4900.0 1.02311910254
4905.0 1.02364830466
4910.0 1.02416776695
4915.0 1.02472198008
4920.0 1.02525713051
4925.0 1.02577745551
4930.0 1.02634227585
4935.0 1.02680540424
4940.0 1.02733845169
4945.0 1.0278579428
4950.0 1.0283744678
4955.0 1.02886980805
4960.0 1.02936599661
4965.0 1.02985625254
4970.0 1.03033803305
4975.0 1.03081049068
4980.0 1.03127489534
4985.0 1.03170667034
4990.0 1.03218420551
4995.0 1.03262572076
5000.0 1.03302952034
