5.0 -216.04763747
10.0 -135.230426737
15.0 -51.4371016441
20.0 -11.6323479831
25.0 0.729922987288
30.0 2.48269322881
35.0 1.7567029322
40.0 1.09203344915
45.0 0.849331004237
50.0 0.827007766949
55.0 0.818368601695
60.0 0.812394605932
65.0 0.815350148305
70.0 0.809972635593
75.0 0.807964211864
80.0 0.806151699153
85.0 0.804509067797
90.0 0.803370754237
95.0 0.802749610169
100.0 0.802577512712
105.0 0.802639207627
110.0 0.802984766949
115.0 0.80377979661
120.0 0.804883491525
125.0 0.806005766949
130.0 0.807488927966
135.0 0.809028940678
140.0 0.810725927966
145.0 0.812848915254
150.0 0.814848720339
155.0 0.817042720339
160.0 0.819395529661
165.0 0.821880254237
170.0 0.824283254237
175.0 0.826751775424
180.0 0.829276745763
185.0 0.831806648305
190.0 0.83429579661
195.0 0.836684177966
200.0 0.839177122881
205.0 0.84161754661
210.0 0.843915377119
215.0 0.846025940678
220.0 0.848201915254
225.0 0.850135775424
230.0 0.851991940678
235.0 0.853736940678
240.0 0.855358762712
245.0 0.856765555085
250.0 0.858046694915
255.0 0.859187021186
260.0 0.860147512712
265.0 0.860947508475
270.0 0.861573864407
275.0 0.862036004237
280.0 0.862325648305
285.0 0.862444114407
290.0 0.86242940678
295.0 0.862222644068
300.0 0.861891572034
305.0 0.861424055085
310.0 0.860782872881
315.0 0.860020271186
320.0 0.85918454661
325.0 0.85821829661
330.0 0.857173233051
335.0 0.856054745763
340.0 0.854884855932
345.0 0.853698970339
350.0 0.85246375
355.0 0.851216864407
360.0 0.84995629661
365.0 0.848751809322
370.0 0.847558283898
375.0 0.846425919492
380.0 0.845294211864
385.0 0.844272915254
390.0 0.843276673729
395.0 0.842378720339
400.0 0.84158345339
405.0 0.84089359322
410.0 0.840311614407
415.0 0.839803334746
420.0 0.839494788136
425.0 0.839328542373
430.0 0.839293266949
435.0 0.839465360169
440.0 0.839823576271
445.0 0.840391508475
450.0 0.841198661017
455.0 0.842261008475
460.0 0.843575033898
465.0 0.845170936441
470.0 0.847058055085
475.0 0.849257330508
480.0 0.851772292373
485.0 0.85461479661
490.0 0.857792826271
495.0 0.861304588983
500.0 0.865145
505.0 0.86931254661
510.0 0.873793474576
515.0 0.878583614407
520.0 0.883662838983
525.0 0.889011529661
530.0 0.894596207627
535.0 0.900365207627
540.0 0.906267461864
545.0 0.912153161017
550.0 0.918025207627
555.0 0.923978377119
560.0 0.92946509322
565.0 0.934346233051
570.0 0.938780288136
575.0 0.94211434322
580.0 0.943946940678
585.0 0.94394629661
590.0 0.941602152542
595.0 0.935963059322
600.0 0.926058411017
605.0 0.911975588983
610.0 0.892845292373
615.0 0.869880758475
620.0 0.84533145339
625.0 0.82051354661
630.0 0.798673389831
635.0 0.782839639831
640.0 0.772319385593
645.0 0.766766995763
650.0 0.766678983051
655.0 0.769728076271
660.0 0.775107644068
665.0 0.781882555085
670.0 0.789125114407
675.0 0.796863038136
680.0 0.804211186441
685.0 0.810862360169
690.0 0.817614872881
695.0 0.823638974576
700.0 0.829185385593
705.0 0.83387284322
710.0 0.838485677966
715.0 0.842146677966
720.0 0.845304101695
725.0 0.847631627119
730.0 0.849598169492
735.0 0.85097495339
740.0 0.851538364407
745.0 0.851663661017
750.0 0.851262237288
755.0 0.850398135593
760.0 0.849209381356
765.0 0.847685334746
770.0 0.845941
775.0 0.844148542373
780.0 0.842175940678
785.0 0.840506966102
790.0 0.839025923729
795.0 0.837679966102
800.0 0.836513983051
805.0 0.835687097458
810.0 0.835071940678
815.0 0.834707266949
820.0 0.834536766949
825.0 0.834549021186
830.0 0.834693783898
835.0 0.834947258475
840.0 0.835298364407
845.0 0.835691055085
850.0 0.836108004237
855.0 0.836648733051
860.0 0.837196927966
865.0 0.83768975
870.0 0.838277415254
875.0 0.838766322034
880.0 0.839286173729
885.0 0.839826224576
890.0 0.840381754237
895.0 0.84094790339
900.0 0.841486710593
905.0 0.842062258475
910.0 0.842636744915
915.0 0.843208382203
920.0 0.843724085593
925.0 0.844283910169
930.0 0.844841136441
935.0 0.845384795339
940.0 0.845899513983
945.0 0.846397211864
950.0 0.846860277966
955.0 0.847300740254
960.0 0.847692846186
965.0 0.848030094068
970.0 0.848301133898
975.0 0.848545872034
980.0 0.848701332627
985.0 0.848762011441
990.0 0.848796718644
995.0 0.848729608898
1000.0 0.848578952542
1005.0 0.84837480339
1010.0 0.848102220339
1015.0 0.847764091525
1020.0 0.847370766525
1025.0 0.846927086017
1030.0 0.846437830085
1035.0 0.845907465678
1040.0 0.845342195339
1045.0 0.844746681356
1050.0 0.844106117797
1055.0 0.843455454237
1060.0 0.842798042797
1065.0 0.842046600847
1070.0 0.841315102119
1075.0 0.840539494915
1080.0 0.839727122458
1085.0 0.838886264407
1090.0 0.838015039831
1095.0 0.837132734322
1100.0 0.836226014831
1105.0 0.835331015254
1110.0 0.834433015678
1115.0 0.833544175424
1120.0 0.832690674576
1125.0 0.831861039831
1130.0 0.831080809322
1135.0 0.830327153814
1140.0 0.829635777119
1145.0 0.82899320339
1150.0 0.828435945763
1155.0 0.827857760593
1160.0 0.827384975424
1165.0 0.826949625
1170.0 0.826604596186
1175.0 0.826309594068
1180.0 0.826001629661
1185.0 0.825769066102
1190.0 0.825571616525
1195.0 0.825402442373
1200.0 0.825262165254
1205.0 0.825136999576
1210.0 0.825031530508
1215.0 0.82493564661
1220.0 0.824851927542
1225.0 0.824771867373
1230.0 0.824698961441
1235.0 0.8246259
1240.0 0.824558800847
1245.0 0.824490269915
1250.0 0.82443159661
1255.0 0.824367600847
1260.0 0.82431447161
1265.0 0.824264063559
1270.0 0.824221109322
1275.0 0.824181708475
1280.0 0.82415110339
1285.0 0.824125725847
1290.0 0.824113047458
1295.0 0.824108527966
1300.0 0.82411932839
1305.0 0.82413868178
1310.0 0.824172578814
1315.0 0.824212877119
1320.0 0.824265248729
1325.0 0.824320608051
1330.0 0.824383869492
1335.0 0.82444714322
1340.0 0.824513287712
1345.0 0.82457775339
1350.0 0.824642613136
1355.0 0.824697711441
1360.0 0.824749437288
1365.0 0.824791404237
1370.0 0.824825386864
1375.0 0.824842812712
1380.0 0.824852291949
1385.0 0.82484434661
1390.0 0.824819198729
1395.0 0.824783779237
1400.0 0.824731164831
1405.0 0.824650941949
1410.0 0.824578893644
1415.0 0.824469070339
1420.0 0.824353049576
1425.0 0.82421060339
1430.0 0.824072132203
1435.0 0.823933505508
1440.0 0.823769233898
1445.0 0.823583963136
1450.0 0.823411111864
1455.0 0.823218600847
1460.0 0.823029130085
1465.0 0.822864847458
1470.0 0.822663366102
1475.0 0.822482362712
1480.0 0.822299329661
1485.0 0.822117673729
1490.0 0.821941975847
1495.0 0.821765154237
1500.0 0.821600995339
1505.0 0.821433587288
1510.0 0.821277984746
1515.0 0.821122913559
1520.0 0.820976670763
1525.0 0.820831350847
1530.0 0.820694011441
1535.0 0.820560102542
1540.0 0.820436295763
1545.0 0.820304445763
1550.0 0.820188639831
1555.0 0.820082557627
1560.0 0.819971747881
1565.0 0.81987319322
1570.0 0.819770345339
1575.0 0.819666994492
1580.0 0.819580997458
1585.0 0.819496573729
1590.0 0.819417663136
1595.0 0.819339034322
1600.0 0.819274413136
1605.0 0.819215549153
1610.0 0.81916055678
1615.0 0.819105347881
1620.0 0.819062967797
1625.0 0.81902540678
1630.0 0.818991387712
1635.0 0.818963029661
1640.0 0.818941197034
1645.0 0.818922898305
1650.0 0.818911986441
1655.0 0.818898681356
1660.0 0.818897872881
1665.0 0.818891260169
1670.0 0.818894216102
1675.0 0.818895589831
1680.0 0.818898913983
1685.0 0.818905360593
1690.0 0.818911592373
1695.0 0.818920158051
1700.0 0.818925537288
1705.0 0.818931558051
1710.0 0.818941163136
1715.0 0.818942158475
1720.0 0.818948345763
1725.0 0.818950248729
1730.0 0.818954765678
1735.0 0.818950372881
1740.0 0.818952364407
1745.0 0.818947214407
1750.0 0.818945011864
1755.0 0.818937394068
1760.0 0.818930574576
1765.0 0.818920104661
1770.0 0.81890993178
1775.0 0.818894065254
1780.0 0.81888521822
1785.0 0.818867344492
1790.0 0.8188522
1795.0 0.818830633475
1800.0 0.818812151271
1805.0 0.81878900678
1810.0 0.818767198305
1815.0 0.818741203814
1820.0 0.818716064407
1825.0 0.818686797458
1830.0 0.818659174576
1835.0 0.818627476695
1840.0 0.818596947881
1845.0 0.818561114407
1850.0 0.818528949153
1855.0 0.818491091525
1860.0 0.818456018644
1865.0 0.818416544068
1870.0 0.818378150424
1875.0 0.818338305932
1880.0 0.81829829322
1885.0 0.818255938136
1890.0 0.818215583051
1895.0 0.818169847881
1900.0 0.818129581356
1905.0 0.818085525424
1910.0 0.81804704661
1915.0 0.81800211822
1920.0 0.817963297458
1925.0 0.817921295339
1930.0 0.817884674153
1935.0 0.81784347161
1940.0 0.817808195763
1945.0 0.817769902542
1950.0 0.817737658051
1955.0 0.817701419068
1960.0 0.817672627119
1965.0 0.817640132203
1970.0 0.817612244068
1975.0 0.817583064407
1980.0 0.817557342373
1985.0 0.817534877542
1990.0 0.817512151271
1995.0 0.817491317373
2000.0 0.817472435169
2005.0 0.81745069322
2010.0 0.817438610593
2015.0 0.817417661017
2020.0 0.817407286017
2025.0 0.817391370763
2030.0 0.81738142839
2035.0 0.817368853814
2040.0 0.817361041525
2045.0 0.817350953814
2050.0 0.817344855932
2055.0 0.817336408051
2060.0 0.817333288136
2065.0 0.81732225
2070.0 0.817325084322
2075.0 0.817317376695
2080.0 0.817317279661
2085.0 0.817312913559
2090.0 0.81731325678
2095.0 0.817310544492
2100.0 0.817311340254
2105.0 0.81730942839
2110.0 0.817312378814
2115.0 0.817310844068
2120.0 0.817313405508
2125.0 0.817312683475
2130.0 0.817316546186
2135.0 0.817315375424
2140.0 0.817319684322
2145.0 0.817317655932
2150.0 0.817322832203
2155.0 0.817320376271
2160.0 0.817324299576
2165.0 0.817322684746
2170.0 0.817325365254
2175.0 0.817323319068
2180.0 0.817325180085
2185.0 0.817321864407
2190.0 0.81732374661
2195.0 0.817319587288
2200.0 0.817320230932
2205.0 0.817316065678
2210.0 0.817314625424
2215.0 0.81731045339
2220.0 0.817307779237
2225.0 0.817302332203
2230.0 0.817299265254
2235.0 0.817292549153
2240.0 0.817289510593
2245.0 0.817281102966
2250.0 0.817278515678
2255.0 0.817268837288
2260.0 0.817265430508
2265.0 0.817255750847
2270.0 0.817251101695
2275.0 0.817241841949
2280.0 0.817235951271
2285.0 0.817226684322
2290.0 0.817221245763
2295.0 0.817210277119
2300.0 0.817205711441
2305.0 0.817194311441
2310.0 0.817188922034
2315.0 0.817178786017
2320.0 0.817172147458
2325.0 0.817162422034
2330.0 0.817156654661
2335.0 0.817145220763
2340.0 0.817140744915
2345.0 0.817129720339
2350.0 0.817124416949
2355.0 0.817114644915
2360.0 0.817108937288
2365.0 0.817099569068
2370.0 0.817094728814
2375.0 0.817084491102
2380.0 0.817081364407
2385.0 0.817071104237
2390.0 0.81706841822
2395.0 0.817059408898
2400.0 0.817056313983
2405.0 0.817048127119
2410.0 0.817045474153
2415.0 0.817038955508
2420.0 0.817036319068
2425.0 0.81702935
2430.0 0.817028002966
2435.0 0.817021852966
2440.0 0.817020948305
2445.0 0.817014769068
2450.0 0.817014730508
2455.0 0.817009369492
2460.0 0.817009773305
2465.0 0.817004384322
2470.0 0.817005230508
2475.0 0.817000658898
2480.0 0.81700195
2485.0 0.816997771186
2490.0 0.816999508475
2495.0 0.816995298305
2500.0 0.816997483051
2505.0 0.816993664407
2510.0 0.816996297881
2515.0 0.816992447458
2520.0 0.816995107203
2525.0 0.816991647881
2530.0 0.816994759322
2535.0 0.816991266949
2540.0 0.816994407627
2545.0 0.816991305932
2550.0 0.816994476695
2555.0 0.816991342373
2560.0 0.816994543644
2565.0 0.816991801271
2570.0 0.816995035169
2575.0 0.816991833898
2580.0 0.816995526695
2585.0 0.816992290254
2590.0 0.816995595763
2595.0 0.816992323305
2600.0 0.816995666525
2605.0 0.816992357627
2610.0 0.816995762712
2615.0 0.816992394068
2620.0 0.816995832627
2625.0 0.816992433475
2630.0 0.816995904237
2635.0 0.816992059322
2640.0 0.816995125
2645.0 0.816991270763
2650.0 0.816994769492
2655.0 0.816990489407
2660.0 0.816993567797
2665.0 0.816989712712
2670.0 0.81699279322
2675.0 0.816988516102
2680.0 0.816991597034
2685.0 0.816987322881
2690.0 0.816989980932
2695.0 0.816985708475
2700.0 0.816988791102
2705.0 0.81698409661
2710.0 0.816987180085
2715.0 0.816982486864
2720.0 0.81698514661
2725.0 0.816980878814
2730.0 0.816983538983
2735.0 0.816979272034
2740.0 0.816981932203
2745.0 0.816977241949
2750.0 0.816980325847
2755.0 0.816975210169
2760.0 0.816977873305
2765.0 0.816973601695
2770.0 0.816976264407
2775.0 0.81697199322
2780.0 0.81697507839
2785.0 0.81697080678
2790.0 0.816973464407
2795.0 0.816970044068
2800.0 0.816973124153
2805.0 0.816968433051
2810.0 0.81697193178
2815.0 0.816968508475
2820.0 0.816970739407
2825.0 0.816967734746
2830.0 0.816969969492
2835.0 0.816967347034
2840.0 0.816969666949
2845.0 0.816966958051
2850.0 0.816969754237
2855.0 0.816966163983
2860.0 0.816969830932
2865.0 0.816967069068
2870.0 0.816969897458
2875.0 0.816966283051
2880.0 0.816969958475
2885.0 0.816967611017
2890.0 0.816971292797
2895.0 0.816967665254
2900.0 0.816971351695
2905.0 0.816968141949
2910.0 0.816972280508
2915.0 0.816969109746
2920.0 0.816972255932
2925.0 0.816969605932
2930.0 0.816973549153
2935.0 0.816970511441
2940.0 0.816974011017
2945.0 0.816971411017
2950.0 0.816975316102
2955.0 0.816972729237
2960.0 0.816976624153
2965.0 0.816973630932
2970.0 0.816977929237
2975.0 0.816974520763
2980.0 0.816979238559
2985.0 0.81697540678
2990.0 0.816981388559
2995.0 0.816975454661
3000.0 0.816980144915
3005.0 0.816978420763
3010.0 0.816979789407
3015.0 0.816982249153
3020.0 0.816982380508
3025.0 0.816980584322
3030.0 0.816984535169
3035.0 0.816980619915
3040.0 0.816984997458
3045.0 0.816981498305
3050.0 0.816986290678
3055.0 0.816982376271
3060.0 0.816987169068
3065.0 0.81698157839
3070.0 0.816989747458
3075.0 0.816982037712
3080.0 0.81699230678
3085.0 0.816980806356
3090.0 0.816990640254
3095.0 0.816982118644
3100.0 0.816994900847
3105.0 0.816980455932
3110.0 0.816992391525
3115.0 0.816986011017
3120.0 0.816990713136
3125.0 0.816987320339
3130.0 0.816990756356
3135.0 0.816985658898
3140.0 0.816991619915
3145.0 0.816988677542
3150.0 0.816992063983
3155.0 0.816988708475
3160.0 0.816991242373
3165.0 0.816989180085
3170.0 0.816992958051
3175.0 0.816990060593
3180.0 0.816991717373
3185.0 0.816988836017
3190.0 0.81699300678
3195.0 0.816990985169
3200.0 0.816994302542
3205.0 0.816990606356
3210.0 0.816992202966
3215.0 0.816990220763
3220.0 0.816994764407
3225.0 0.816991951271
3230.0 0.816994364407
3235.0 0.816990289831
3240.0 0.816993519492
3245.0 0.816991166949
3250.0 0.816994809746
3255.0 0.816991605508
3260.0 0.81699442839
3265.0 0.816991657203
3270.0 0.81699445339
3275.0 0.816991699576
3280.0 0.816994885593
3285.0 0.816992982203
3290.0 0.816996155932
3295.0 0.816993863983
3300.0 0.816996609746
3305.0 0.816993486017
3310.0 0.816996194068
3315.0 0.816993920339
3320.0 0.816997035593
3325.0 0.816995223729
3330.0 0.816998352119
3335.0 0.816995697881
3340.0 0.816998339407
3345.0 0.816996120339
3350.0 0.816999194915
3355.0 0.816996593644
3360.0 0.816999624576
3365.0 0.816997035169
3370.0 0.817000462712
3375.0 0.816997911017
3380.0 0.817000908898
3385.0 0.816998361864
3390.0 0.817000481356
3395.0 0.816997957627
3400.0 0.817001769068
3405.0 0.817000102119
3410.0 0.817002624153
3415.0 0.81699970678
3420.0 0.817001766102
3425.0 0.816999713136
3430.0 0.817003025
3435.0 0.817001425
3440.0 0.817004308051
3445.0 0.817001465254
3450.0 0.817003902542
3455.0 0.817001504237
3460.0 0.817004730932
3465.0 0.817002349576
3470.0 0.817005588983
3475.0 0.817002810169
3480.0 0.817005590254
3485.0 0.817002819492
3490.0 0.817006427542
3495.0 0.817004541525
3500.0 0.817006839407
3505.0 0.817004983051
3510.0 0.817006850847
3515.0 0.817005008475
3520.0 0.817006861017
3525.0 0.817005461864
3530.0 0.817008542373
3535.0 0.817005895763
3540.0 0.817008964407
3545.0 0.817005918644
3550.0 0.817008944492
3555.0 0.817006362712
3560.0 0.817009385169
3565.0 0.817007235169
3570.0 0.817008951695
3575.0 0.817008094068
3580.0 0.817008942797
3585.0 0.817008534322
3590.0 0.817010198305
3595.0 0.817007719492
3600.0 0.817011466102
3605.0 0.817007325424
3610.0 0.817011887712
3615.0 0.817008615254
3620.0 0.817011035593
3625.0 0.817009486864
3630.0 0.817009756356
3635.0 0.81701078178
3640.0 0.817010595763
3645.0 0.817010806356
3650.0 0.817011858475
3655.0 0.817009123729
3660.0 0.817013135593
3665.0 0.817009151271
3670.0 0.817013547458
3675.0 0.817009608475
3680.0 0.817012258898
3685.0 0.817010883898
3690.0 0.817011834746
3695.0 0.817012613136
3700.0 0.81701225339
3705.0 0.817012617373
3710.0 0.817013080932
3715.0 0.81701095678
3720.0 0.817014775424
3725.0 0.817010988559
3730.0 0.817015184322
3735.0 0.817011439831
3740.0 0.817013885593
3745.0 0.817013166102
3750.0 0.817013466949
3755.0 0.817013592797
3760.0 0.817013454237
3765.0 0.817012780085
3770.0 0.817015563136
3775.0 0.817011957627
3780.0 0.817015961017
3785.0 0.817012841949
3790.0 0.817015092373
3795.0 0.817013686441
3800.0 0.817014239407
3805.0 0.817014551695
3810.0 0.817015932627
3815.0 0.817013725424
3820.0 0.817015505085
3825.0 0.817015420339
3830.0 0.817015936441
3835.0 0.817013308475
3840.0 0.817017204237
3845.0 0.817016281356
3850.0 0.817015519492
3855.0 0.817013722458
3860.0 0.817016375424
3865.0 0.817016286864
3870.0 0.817016794068
3875.0 0.817014588559
3880.0 0.817015530508
3885.0 0.817016722034
3890.0 0.81701891822
3895.0 0.817015441525
3900.0 0.817016383898
3905.0 0.817015879661
3910.0 0.81701765678
3915.0 0.817015874576
3920.0 0.817018082203
3925.0 0.817017152966
3930.0 0.817016811864
3935.0 0.817015033898
3940.0 0.817018938136
3945.0 0.817017160169
3950.0 0.817017661017
3955.0 0.81701630678
3960.0 0.817018944492
3965.0 0.817016742373
3970.0 0.817018091949
3975.0 0.817018007203
3980.0 0.817019371186
3985.0 0.817016741525
3990.0 0.817018940678
3995.0 0.81701801822
4000.0 0.817018527119
4005.0 0.817017589831
4010.0 0.817019797034
4015.0 0.81701802161
4020.0 0.817018524576
4025.0 0.817017594068
4030.0 0.81701938178
4035.0 0.817017599576
4040.0 0.817019797881
4045.0 0.817018447458
4050.0 0.817018957627
4055.0 0.817017598729
4060.0 0.817019805508
4065.0 0.81701845339
4070.0 0.817020229237
4075.0 0.817018872034
4080.0 0.817019385169
4085.0 0.817018029661
4090.0 0.817019808475
4095.0 0.817018455508
4100.0 0.817020235593
4105.0 0.817019725
4110.0 0.817020233898
4115.0 0.817018454237
4120.0 0.817020660169
4125.0 0.817018882627
4130.0 0.817021086441
4135.0 0.817018882627
4140.0 0.817020661017
4145.0 0.817019308898
4150.0 0.817020241102
4155.0 0.817019733898
4160.0 0.817021514407
4165.0 0.817018884322
4170.0 0.817020663136
4175.0 0.817019733898
4180.0 0.817021090254
4185.0 0.817020585593
4190.0 0.817020245763
4195.0 0.817018886017
4200.0 0.817020670763
4205.0 0.817019315254
4210.0 0.817021514831
4215.0 0.817021432203
4220.0 0.817020675
4225.0 0.817018466949
4230.0 0.81702151822
4235.0 0.81701974322
4240.0 0.817020669068
4245.0 0.817020590254
4250.0 0.817020672881
4255.0 0.817021010169
4260.0 0.817021097881
4265.0 0.817020162712
4270.0 0.817021949153
4275.0 0.817019740678
4280.0 0.817022371186
4285.0 0.817019743644
4290.0 0.817022369492
4295.0 0.817020169068
4300.0 0.817021521186
4305.0 0.81702101822
4310.0 0.817021524576
4315.0 0.817021017373
4320.0 0.817020679237
4325.0 0.817021014407
4330.0 0.81702195
4335.0 0.817020592373
4340.0 0.817023224153
4345.0 0.817019744068
4350.0 0.817022798729
4355.0 0.81701974661
4360.0 0.817022795763
4365.0 0.817021447458
4370.0 0.817021524153
4375.0 0.817021869068
4380.0 0.817020680085
4385.0 0.817021863559
4390.0 0.817021956356
4395.0 0.817021015678
4400.0 0.817022804237
4405.0 0.817019323729
4410.0 0.817023647881
4415.0 0.817019748729
4420.0 0.817023215678
4425.0 0.817021870763
4430.0 0.817021948729
4435.0 0.817022295763
4440.0 0.817019836864
4445.0 0.817022285169
4450.0 0.817021957627
4455.0 0.817021863559
4460.0 0.81702365339
4465.0 0.817019749576
4470.0 0.817023651271
4475.0 0.81701890339
4480.0 0.817024076695
4485.0 0.817021447881
4490.0 0.817022357203
4495.0 0.817022717373
4500.0 0.817021102119
4505.0 0.81702314322
4510.0 0.817021109746
4515.0 0.817021441102
4520.0 0.817022386441
4525.0 0.817019318644
4530.0 0.81702450678
4535.0 0.817019752119
4540.0 0.817023647458
4545.0 0.817020191102
4550.0 0.817022799153
4555.0 0.817022312288
4560.0 0.817021105085
4565.0 0.81702273178
4570.0 0.817021109746
4575.0 0.817021864831
4580.0 0.817024075847
4585.0 0.817020599153
4590.0 0.817023641525
4595.0 0.817022717373
4600.0 0.817021959322
4605.0 0.817021018644
4610.0 0.817024492373
4615.0 0.817021445339
4620.0 0.817021530932
4625.0 0.817021865678
4630.0 0.817023652542
4635.0 0.817020175847
4640.0 0.817022794915
4645.0 0.817022714407
4650.0 0.817021957203
4655.0 0.817021017373
4660.0 0.817023647458
4665.0 0.817020602119
4670.0 0.817022374576
4675.0 0.817022710169
4680.0 0.817022380508
4685.0 0.817021021186
4690.0 0.817023645763
4695.0 0.817021022458
4700.0 0.817022377542
4705.0 0.817022286864
4710.0 0.817022800424
4715.0 0.817021022881
4720.0 0.817023647881
4725.0 0.817021442373
4730.0 0.817022376695
4735.0 0.817022288983
4740.0 0.817023222458
4745.0 0.817021020339
4750.0 0.817023225424
4755.0 0.817021867797
4760.0 0.817022798729
4765.0 0.817021864407
4770.0 0.817023647034
4775.0 0.817021444068
4780.0 0.817022800424
4785.0 0.817022713559
4790.0 0.817023224576
4795.0 0.817021016525
4800.0 0.817024491525
4805.0 0.817022716949
4810.0 0.81702195339
4815.0 0.817022286864
4820.0 0.817024495339
4825.0 0.817021019068
4830.0 0.817023218644
4835.0 0.817022713136
4840.0 0.817023227966
4845.0 0.817020594068
4850.0 0.817023641525
4855.0 0.817022713559
4860.0 0.817021953814
4865.0 0.817022711864
4870.0 0.817022378814
4875.0 0.817020588136
4880.0 0.817024072458
4885.0 0.817020591525
4890.0 0.817024069068
4895.0 0.817021019068
4900.0 0.817023644915
4905.0 0.817022290678
4910.0 0.817022373729
4915.0 0.817022290678
4920.0 0.817022801695
4925.0 0.817021860593
4930.0 0.817023647881
4935.0 0.817021439407
4940.0 0.817023641102
4945.0 0.817022289407
4950.0 0.817022798305
4955.0 0.817021861864
4960.0 0.817024068644
4965.0 0.817021444068
4970.0 0.817022370763
4975.0 0.817022283898
4980.0 0.81702364661
4985.0 0.817021441949
4990.0 0.817023639831
4995.0 0.817021866525
5000.0 0.817023218644
5005.0 0.817022288136
5010.0 0.817021951271
5015.0 0.817022709322
5020.0 0.817023646186
5025.0 0.817021860593
5030.0 0.817023645339
5035.0 0.817021013559
5040.0 0.81702406822
5045.0 0.817021861864
5050.0 0.817023641949
5055.0 0.817021864407
5060.0 0.817023639831
5065.0 0.817021864831
5070.0 0.817022370763
5075.0 0.817022711017
5080.0 0.817022372458
5085.0 0.817022707627
5090.0 0.817023644068
5095.0 0.817021859322
5100.0 0.817023646186
5105.0 0.817021011441
5110.0 0.817024065254
5115.0 0.817021012712
5120.0 0.817024488136
5125.0 0.817021016102
5130.0 0.817024065254
5135.0 0.817022288559
5140.0 0.817021944915
5145.0 0.817022709746
5150.0 0.817021521186
5155.0 0.817023130932
5160.0 0.81702279661
5165.0 0.817022281356
5170.0 0.817023647458
5175.0 0.817020585169
5180.0 0.817024490254
5185.0 0.817020587712
5190.0 0.817025333051
5195.0 0.817020591525
5200.0 0.817023639407
5205.0 0.817021866949
5210.0 0.817021520339
5215.0 0.817023133898
5220.0 0.81702194322
5225.0 0.817023975847
5230.0 0.817021948729
5235.0 0.817022280085
5240.0 0.817023634746
5245.0 0.817020585169
5250.0 0.817024489831
5255.0 0.817019738983
5260.0 0.817025336864
5265.0 0.817020590678
5270.0 0.817024486441
5275.0 0.817021863559
5280.0 0.817021942373
5285.0 0.817023149153
5290.0 0.81702152161
5295.0 0.817023552542
5300.0 0.817022369915
5305.0 0.817022277966
5310.0 0.817024485593
5315.0 0.817021430508
5320.0 0.817024915254
5325.0 0.817020157627
5330.0 0.817024911017
5335.0 0.817020166949
5340.0 0.817024065254
5345.0 0.817022284746
5350.0 0.817022772458
5355.0 0.817023553814
5360.0 0.817021930085
5365.0 0.817023125
5370.0 0.817022793644
5375.0 0.817021859746
5380.0 0.817023218644
5385.0 0.817021011864
5390.0 0.817023635593
5395.0 0.817021863136
5400.0 0.817022791525
5405.0 0.817022277119
5410.0 0.817023637712
5415.0 0.817021014407
5420.0 0.817022791525
5425.0 0.817023126271
5430.0 0.817023216949
5435.0 0.817021008051
5440.0 0.817024483475
5445.0 0.817022285593
5450.0 0.817022367797
5455.0 0.817022277966
5460.0 0.817023640254
5465.0 0.817021434322
5470.0 0.817024057203
5475.0 0.817022706356
5480.0 0.817022372034
5485.0 0.81702227839
5490.0 0.817024060169
5495.0 0.817021435169
5500.0 0.817023211864
5505.0 0.817022278814
5510.0 0.817022794492
5515.0 0.817021858051
5520.0 0.817024058051
5525.0 0.81702185678
5530.0 0.817023214831
5535.0 0.817021855085
5540.0 0.817023216102
5545.0 0.817021434746
5550.0 0.817023211441
5555.0 0.817021855508
5560.0 0.817023637712
5565.0 0.817021855932
5570.0 0.817023215254
5575.0 0.81702228178
5580.0 0.817023211441
5585.0 0.817021429661
5590.0 0.817023638136
5595.0 0.817022281356
5600.0 0.817022790254
5605.0 0.817022280932
5610.0 0.817023637712
5615.0 0.817021429237
5620.0 0.817023634322
5625.0 0.817021859322
5630.0 0.817022791949
5635.0 0.817022277966
5640.0 0.817023216949
5645.0 0.817021853814
5650.0 0.817023638136
5655.0 0.817021430932
5660.0 0.817024061017
5665.0 0.817021008051
5670.0 0.817024058898
5675.0 0.817022281356
5680.0 0.817022366949
5685.0 0.817022279237
5690.0 0.817024061441
5695.0 0.817021007627
5700.0 0.817023632627
5705.0 0.817022704237
5710.0 0.81702236822
5715.0 0.817021430508
5720.0 0.817025335169
5725.0 0.817020159746
5730.0 0.817024058051
5735.0 0.817021857203
5740.0 0.817023633898
5745.0 0.817022283475
5750.0 0.817022788559
5755.0 0.817022280085
5760.0 0.817022366949
5765.0 0.817022276695
5770.0 0.817023639831
5775.0 0.817021431356
5780.0 0.817024061864
5785.0 0.817020588559
5790.0 0.817023211017
5795.0 0.817021858898
5800.0 0.817022786441
5805.0 0.817022279661
5810.0 0.817022788559
5815.0 0.8170227
5820.0 0.817022791102
5825.0 0.817021851695
5830.0 0.817024061017
5835.0 0.817021856356
5840.0 0.817022789407
5845.0 0.81702227839
5850.0 0.817023636864
5855.0 0.817021429237
5860.0 0.817023633475
5865.0 0.817022281356
5870.0 0.817022791102
5875.0 0.817022700847
5880.0 0.817024059322
5885.0 0.817020583051
5890.0 0.817024058051
5895.0 0.817021430508
5900.0 0.817024058475
5905.0 0.817022282627
5910.0 0.817023209322
5915.0 0.817022279661
5920.0 0.817021939831
5925.0 0.817022701271
5930.0 0.817022367373
5935.0 0.8170227
5940.0 0.817024063136
5945.0 0.817021427542
5950.0 0.817024062288
5955.0 0.817020581356
5960.0 0.817024907627
5965.0 0.817021431356
5970.0 0.81702405678
5975.0 0.817022280932
5980.0 0.817022784322
5985.0 0.817022705932
5990.0 0.81702194322
5995.0 0.817023125847
6000.0 0.817022366102
6005.0 0.817022274153
6010.0 0.817023215678
6015.0 0.81702142839
6020.0 0.817024909322
6025.0 0.817020583051
6030.0 0.817024059746
6035.0 0.817020586864
6040.0 0.817024055508
6045.0 0.817021007627
6050.0 0.817023208051
6055.0 0.817023126695
6060.0 0.817021923305
6065.0 0.817023551271
6070.0 0.817021941949
6075.0 0.817021429661
6080.0 0.817024484322
6085.0 0.817021009746
6090.0 0.817022783051
6095.0 0.817023123729
6100.0 0.817021944492
6105.0 0.81702058178
6110.0 0.81702448178
6115.0 0.817021010169
6120.0 0.817021514831
6125.0 0.81702312161
6130.0 0.817023213983
6135.0 0.817020583898
6140.0 0.817023632627
6145.0 0.817021857203
6150.0 0.817022366102
6155.0 0.817022272881
6160.0 0.817023633898
6165.0 0.817021011017
6170.0 0.817022787288
6175.0 0.817023123305
6180.0 0.817023214831
6185.0 0.81702142839
6190.0 0.817024478814
6195.0 0.817021858475
6200.0 0.817021941525
6205.0 0.817022697034
6210.0 0.817024061017
6215.0 0.81702100678
6220.0 0.817024054237
6225.0 0.817022280932
6230.0 0.817022367797
6235.0 0.81702269661
6240.0 0.817021935593
6245.0 0.817021853814
6250.0 0.817023638983
6255.0 0.817021430085
6260.0 0.817024060593
6265.0 0.817020583051
6270.0 0.817023211441
6275.0 0.817021432203
6280.0 0.817023209746
6285.0 0.817022279237
6290.0 0.817022787712
6295.0 0.817021852966
6300.0 0.817023213136
6305.0 0.817021007627
6310.0 0.817022785169
6315.0 0.817022700847
6320.0 0.817022789831
6325.0 0.817021004661
6330.0 0.817024058898
6335.0 0.817021005085
6340.0 0.817024059322
6345.0 0.817021008051
6350.0 0.817023209746
6355.0 0.817021432627
6360.0 0.817023208051
6365.0 0.817022702542
6370.0 0.817022361017
6375.0 0.817023549153
6380.0 0.817021941525
6385.0 0.817022701271
6390.0 0.817022366102
6395.0 0.817021425847
6400.0 0.817024061864
6405.0 0.817020580508
6410.0 0.817024484746
6415.0 0.817020587712
6420.0 0.817023632627
6425.0 0.817021010169
6430.0 0.817021935593
6435.0 0.817022704661
6440.0 0.817022361441
6445.0 0.817023544915
6450.0 0.817021941102
6455.0 0.817022273305
6460.0 0.817023215254
6465.0 0.817020578814
6470.0 0.817024484322
6475.0 0.817020581356
6480.0 0.817024481356
6485.0 0.817021856356
6490.0 0.817023637712
6495.0 0.817022280932
6500.0 0.817022364407
6505.0 0.817022702542
6510.0 0.817021941949
6515.0 0.817022274576
6520.0 0.817023638136
6525.0 0.817021429237
6530.0 0.817024484746
6535.0 0.817020582627
6540.0 0.817023633898
6545.0 0.81702143178
6550.0 0.817022360593
6555.0 0.817022280508
6560.0 0.817022361864
6565.0 0.817023123305
6570.0 0.817022789831
6575.0 0.817021850424
6580.0 0.817023636864
6585.0 0.817021008475
6590.0 0.817022786017
6595.0 0.817022701271
6600.0 0.817023213983
6605.0 0.81702100339
6610.0 0.817024478814
6615.0 0.817022705085
6620.0 0.817021941949
6625.0 0.817022273729
6630.0 0.817024483475
6635.0 0.81702100678
6640.0 0.817023630508
6645.0 0.817023126695
6650.0 0.817022365254
6655.0 0.817022698729
6660.0 0.817022365678
6665.0 0.817021848729
6670.0 0.817023214831
6675.0 0.817022275
6680.0 0.817024484746
6685.0 0.817021005508
6690.0 0.817024058475
6695.0 0.817020158475
6700.0 0.81702405678
6705.0 0.817021855508
6710.0 0.817023629661
6715.0 0.817022278814
6720.0 0.817023208898
6725.0 0.817023126271
6730.0 0.817022363983
6735.0 0.817022701271
6740.0 0.817021942797
6745.0 0.817022697881
6750.0 0.817022789407
6755.0 0.817021849576
6760.0 0.817024062288
6765.0 0.817021005508
6770.0 0.817024483898
6775.0 0.817020583051
6780.0 0.817023634322
6785.0 0.817021854661
6790.0 0.817022786864
6795.0 0.817022275
6800.0 0.817023638136
6805.0 0.817020585593
6810.0 0.81702320678
6815.0 0.817022699576
6820.0 0.817022366525
6825.0 0.817021003814
6830.0 0.817024060169
6835.0 0.817021011017
6840.0 0.817022360169
6845.0 0.817023120339
6850.0 0.817022790678
6855.0 0.817020583051
6860.0 0.817023633475
6865.0 0.817022280508
6870.0 0.817022363983
6875.0 0.817021847881
6880.0 0.817023217373
6885.0 0.817021435169
6890.0 0.817024064831
6895.0 0.817020581356
6900.0 0.817024055085
6905.0 0.817021430932
6910.0 0.817024055932
6915.0 0.817022703814
6920.0 0.817022360593
6925.0 0.817022279661
6930.0 0.817022366102
6935.0 0.817022701271
6940.0 0.817022790254
6945.0 0.81702185
6950.0 0.817023637712
6955.0 0.817021429661
6960.0 0.817024061017
6965.0 0.81702100678
6970.0 0.81702363178
6975.0 0.817022277966
6980.0 0.817022787288
6985.0 0.817021852119
6990.0 0.817023636864
6995.0 0.817021009322
7000.0 0.817023208475
7005.0 0.817022699576
7010.0 0.817022365254
7015.0 0.817021005508
7020.0 0.817024059746
7025.0 0.817021008475
7030.0 0.817022361864
7035.0 0.817023122034
7040.0 0.817022789407
7045.0 0.817020582627
7050.0 0.817024059322
7055.0 0.817021008898
7060.0 0.817023209322
7065.0 0.81702143178
7070.0 0.817021936017
7075.0 0.817023126695
7080.0 0.817022361864
7085.0 0.817023124576
7090.0 0.817022366102
7095.0 0.817022272881
7100.0 0.817022790678
7105.0 0.817021003814
7110.0 0.817024061017
7115.0 0.817020580508
7120.0 0.817024902966
7125.0 0.817020583898
7130.0 0.817024057627
7135.0 0.817022281356
7140.0 0.817021938136
7145.0 0.817022704661
7150.0 0.817021942373
7155.0 0.817022698729
7160.0 0.817022789407
7165.0 0.817021850424
7170.0 0.817024908051
7175.0 0.81702058178
7180.0 0.817023635169
7185.0 0.817020586017
7190.0 0.817023207627
7195.0 0.817022277966
7200.0 0.817022785593
7205.0 0.817023120763
7210.0 0.817022788559
7215.0 0.817021849153
7220.0 0.817023638983
7225.0 0.817020580508
7230.0 0.817024058475
7235.0 0.817021430932
7240.0 0.817023630508
7245.0 0.817022279237
7250.0 0.817022358898
7255.0 0.817023123305
7260.0 0.817022364831
7265.0 0.817022276271
7270.0 0.817022790254
7275.0 0.817020156356
7280.0 0.817024483475
7285.0 0.817021429661
7290.0 0.817024478814
7295.0 0.817021433898
7300.0 0.817022363559
7305.0 0.81702270339
7310.0 0.817021516525
7315.0 0.817023124153
7320.0 0.817023214831
7325.0 0.817021426695
7330.0 0.817024910169
7335.0 0.817020157203
7340.0 0.817024059322
7345.0 0.817020586864
7350.0 0.817024055085
7355.0 0.81702227839
7360.0 0.817021936017
7365.0 0.817023548729
7370.0 0.817021515678
7375.0 0.817022698729
7380.0 0.817023216525
7385.0 0.817020583475
7390.0 0.817024485169
7395.0 0.817020579661
7400.0 0.817024902966
7405.0 0.817021857627
7410.0 0.817023638136
7415.0 0.817022283898
7420.0 0.817021514407
7425.0 0.817023122458
7430.0 0.817024062712
7435.0 0.817020581356
7440.0 0.817024476271
7445.0 0.817023552119
7450.0 0.817021945339
7455.0 0.817021425424
7460.0 0.817024480932
7465.0 0.817021432627
7470.0 0.817022361441
7475.0 0.817022697881
7480.0 0.817024064831
7485.0 0.817020162288
7490.0 0.817023204237
7495.0 0.817023123305
7500.0 0.81702152161
7505.0 0.817020578814
7510.0 0.817024480932
7515.0 0.817021013559
7520.0 0.817021938136
7525.0 0.817023118644
7530.0 0.817023215678
7535.0 0.817020585593
7540.0 0.817023630932
7545.0 0.817022277966
7550.0 0.817022367797
7555.0 0.81702185
7560.0 0.817024479237
7565.0 0.817021858898
7570.0 0.817021941102
7575.0 0.817023121186
7580.0 0.817024061441
7585.0 0.817020582203
7590.0 0.817024061441
7595.0 0.817020155508
7600.0 0.817024480932
7605.0 0.817021430932
7610.0 0.817023630932
7615.0 0.817022278814
7620.0 0.817022358475
7625.0 0.817023123729
7630.0 0.817022363983
7635.0 0.817022701271
7640.0 0.817022366525
7645.0 0.817020577542
7650.0 0.817023638983
7655.0 0.817021002119
7660.0 0.817024484746
7665.0 0.817020585593
7670.0 0.817021936441
7675.0 0.81702312161
7680.0 0.817022791525
7685.0 0.817020158051
7690.0 0.817024057627
7695.0 0.817022704661
7700.0 0.817021941102
7705.0 0.817021000847
7710.0 0.817024905085
7715.0 0.817020581356
7720.0 0.817024891102
7725.0 0.817021434746
7730.0 0.817023631356
7735.0 0.817022280508
7740.0 0.817021940678
7745.0 0.81702270339
7750.0 0.817021522881
7755.0 0.817022698729
7760.0 0.817023215678
7765.0 0.817021436441
7770.0 0.817024488559
7775.0 0.817020160169
7780.0 0.817024475847
7785.0 0.817020586441
7790.0 0.817022783051
7795.0 0.817021850847
7800.0 0.817021511441
7805.0 0.817023126271
7810.0 0.817021939407
7815.0 0.817023543644
7820.0 0.817022796186
7825.0 0.817021425
7830.0 0.817024052542
7835.0 0.817020152966
7840.0 0.817024480085
7845.0 0.817021013559
7850.0 0.817024049576
7855.0 0.817022286441
7860.0 0.817022783475
7865.0 0.817023548729
7870.0 0.817021935593
7875.0 0.817021852542
7880.0 0.817022377119
7885.0 0.817020999576
7890.0 0.817024061864
7895.0 0.817020580932
7900.0 0.817024484322
7905.0 0.817021856356
7910.0 0.817023214831
7915.0 0.817022704237
7920.0 0.817021939407
7925.0 0.8170227
7930.0 0.817022789831
7935.0 0.817021002966
7940.0 0.817024061441
7945.0 0.817021006356
7950.0 0.817023633051
7955.0 0.817022279661
7960.0 0.817022361017
7965.0 0.81702270339
7970.0 0.817022788983
7975.0 0.817021427542
7980.0 0.817023637712
7985.0 0.817021003814
7990.0 0.817024057203
7995.0 0.817021431356
8000.0 0.817022788559
8005.0 0.817023127119
8010.0 0.817021940678
8015.0 0.817022275424
8020.0 0.817023637712
8025.0 0.817021002119
8030.0 0.817024061864
8035.0 0.817020583051
8040.0 0.817023633051
8045.0 0.817021433475
8050.0 0.817021936441
8055.0 0.817022702966
8060.0 0.817021515254
8065.0 0.817023122034
8070.0 0.817024064831
8075.0 0.817021425
8080.0 0.817024063559
8085.0 0.817019734322
8090.0 0.817024911441
8095.0 0.817021432627
8100.0 0.817023192797
8105.0 0.817023126695
8110.0 0.817022361441
8115.0 0.81702355
8120.0 0.817021941525
8125.0 0.817022275424
8130.0 0.817022792373
8135.0 0.817020152119
8140.0 0.817024916525
8145.0 0.817020155932
8150.0 0.817024904237
8155.0 0.81702100339
8160.0 0.817022783898
8165.0 0.817022721186
8170.0 0.817021516102
8175.0 0.817023140678
8180.0 0.817021940678
8185.0 0.817022273729
8190.0 0.817023633475
8195.0 0.81702100339
8200.0 0.817024483475
8205.0 0.817020587288
8210.0 0.817023626695
8215.0 0.817021434322
8220.0 0.817022361441
8225.0 0.81702228178
8230.0 0.817022367797
8235.0 0.817022275847
8240.0 0.817023215678
8245.0 0.817021002542
8250.0 0.817024059322
8255.0 0.817021007203
8260.0 0.817023209322
8265.0 0.817022281356
8270.0 0.817022364831
8275.0 0.817022275847
8280.0 0.817023214407
8285.0 0.817021427542
8290.0 0.817024061441
8295.0 0.817021431356
8300.0 0.817023209746
8305.0 0.817021856356
8310.0 0.817022362712
8315.0 0.817022701695
8320.0 0.817022789831
8325.0 0.817021428814
8330.0 0.817024486441
8335.0 0.817020580932
8340.0 0.817024483475
8345.0 0.817021007627
8350.0 0.817023208051
8355.0 0.817022277542
8360.0 0.817021936864
8365.0 0.817023125
8370.0 0.817022363983
8375.0 0.817022274576
8380.0 0.817022791102
8385.0 0.817020579661
8390.0 0.817024060169
8395.0 0.817020581356
8400.0 0.817024905508
8405.0 0.817021009322
8410.0 0.817022785169
8415.0 0.817022297458
8420.0 0.817021511441
8425.0 0.817023125847
8430.0 0.817021515254
8435.0 0.817023122881
8440.0 0.817024063983
8445.0 0.817021838983
8450.0 0.817024063559
8455.0 0.817020155932
8460.0 0.817024908898
8465.0 0.817020582203
8470.0 0.817024051271
8475.0 0.817021861864
8480.0 0.817023630085
8485.0 0.817023130085
8490.0 0.817021938136
8495.0 0.817023126271
8500.0 0.817021521186
8505.0 0.817022692797
8510.0 0.817022791949
8515.0 0.817021849153
8520.0 0.817024486017
8525.0 0.817020581356
8530.0 0.817024909322
8535.0 0.817020162288
8540.0 0.81702405678
8545.0 0.817021855932
8550.0 0.817022361017
8555.0 0.817022277119
8560.0 0.817023215254
8565.0 0.81702100678
8570.0 0.817023631356
8575.0 0.817022276695
8580.0 0.817021942373
8585.0 0.817021429237
8590.0 0.817024060169
8595.0 0.817021008475
8600.0 0.817022785169
8605.0 0.817022699153
8610.0 0.817022366525
8615.0 0.817021006356
8620.0 0.817024058475
8625.0 0.817020161864
8630.0 0.817021938559
8635.0 0.817023127119
8640.0 0.817021939407
8645.0 0.817023549153
8650.0 0.817021516949
8655.0 0.817022700424
8660.0 0.817021944915
8665.0 0.81702185
8670.0 0.817024063136
8675.0 0.817021004237
8680.0 0.817025332203
8685.0 0.817019735593
8690.0 0.817023633898
8695.0 0.81702015678
8700.0 0.817023630508
8705.0 0.817022704661
8710.0 0.817021920763
8715.0 0.817023972034
8720.0 0.817021517797
8725.0 0.817022276271
8730.0 0.817021530932
8735.0 0.817021848729
8740.0 0.817024063136
8745.0 0.817020588559
8750.0 0.817025335169
8755.0 0.817020159322
8760.0 0.817024480932
8765.0 0.817020586017
8770.0 0.817021936864
8775.0 0.817022284746
8780.0 0.817021936441
8785.0 0.817023968644
8790.0 0.817021523729
8795.0 0.817023540678
8800.0 0.817023208051
8805.0 0.81702057839
8810.0 0.817024062288
8815.0 0.817020161864
8820.0 0.817024904237
8825.0 0.817021430508
8830.0 0.817024058475
8835.0 0.817022702119
8840.0 0.817022358051
8845.0 0.817023126271
8850.0 0.817021952119
8855.0 0.817021425
8860.0 0.817023225847
8865.0 0.81702015339
8870.0 0.817024483475
8875.0 0.817021005932
8880.0 0.817024062288
8885.0 0.817021433475
8890.0 0.817022786441
8895.0 0.817023126695
8900.0 0.817021518644
8905.0 0.817022699576
8910.0 0.817022792373
8915.0 0.817021427966
8920.0 0.817024485593
8925.0 0.817020582203
8930.0 0.817024057203
8935.0 0.817021857627
8940.0 0.817022787712
8945.0 0.817022279237
8950.0 0.817021941525
8955.0 0.817022699576
8960.0 0.817022792373
8965.0 0.817021427966
8970.0 0.817024484746
8975.0 0.817021008051
8980.0 0.817022783898
8985.0 0.817023122881
8990.0 0.817022789407
8995.0 0.817020582627
9000.0 0.817023634322
9005.0 0.81702185678
9010.0 0.817022788983
9015.0 0.817021848729
9020.0 0.817024480932
9025.0 0.817021858898
9030.0 0.817021941102
9035.0 0.817022697458
9040.0 0.817024061017
9045.0 0.817021007203
9050.0 0.817023629661
9055.0 0.817023125424
9060.0 0.817022793644
9065.0 0.81702058178
9070.0 0.817023630508
9075.0 0.817022702542
9080.0 0.817021938983
9085.0 0.817023541102
9090.0 0.817022373305
9095.0 0.817021847881
9100.0 0.817023214407
9105.0 0.817020579661
9110.0 0.817024480932
9115.0 0.81702100678
9120.0 0.817024479661
9125.0 0.817021855932
9130.0 0.817023208051
9135.0 0.81702355
9140.0 0.81702194322
9145.0 0.817023123729
9150.0 0.817021522458
9155.0 0.817021849576
9160.0 0.817023639407
9165.0 0.817020580508
9170.0 0.817024908475
9175.0 0.817020586864
9180.0 0.817023633051
9185.0 0.817021438136
9190.0 0.817021938136
9195.0 0.817022704661
9200.0 0.817021515678
9205.0 0.817023552119
9210.0 0.817022365254
9215.0 0.817022695339
9220.0 0.817023213983
9225.0 0.817021425847
9230.0 0.81702448178
9235.0 0.81702058178
9240.0 0.817024480932
9245.0 0.817021431356
9250.0 0.817023205932
9255.0 0.817022704237
9260.0 0.817022782627
9265.0 0.817022699153
9270.0 0.817022364407
9275.0 0.817021851695
9280.0 0.817024061017
9285.0 0.817021009322
9290.0 0.817022784746
9295.0 0.817022699153
9300.0 0.817022790254
9305.0 0.817021006356
9310.0 0.817023633475
9315.0 0.817021855508
9320.0 0.817022788559
9325.0 0.817021850424
9330.0 0.817023634746
9335.0 0.817021857203
9340.0 0.817023212288
9345.0 0.817021851695
9350.0 0.817023211864
9355.0 0.817021854237
9360.0 0.817022786017
9365.0 0.817021429237
9370.0 0.817023637288
9375.0 0.817021427542
9380.0 0.817024061441
9385.0 0.817020582203
9390.0 0.817024057203
9395.0 0.81702100678
9400.0 0.817023207627
9405.0 0.817023127542
9410.0 0.817022362288
9415.0 0.817023551271
9420.0 0.817021517797
9425.0 0.817022697458
9430.0 0.817022791525
9435.0 0.817021001695
9440.0 0.817025334322
9445.0 0.817020158051
9450.0 0.817024058051
9455.0 0.817020163136
9460.0 0.817023630932
9465.0 0.817022704237
9470.0 0.817022344492
9475.0 0.817023976271
9480.0 0.817021516525
9485.0 0.817023125424
9490.0 0.817021943644
9495.0 0.817021847881
9500.0 0.817023639407
9505.0 0.817020578814
9510.0 0.817025332627
9515.0 0.817019748305
9520.0 0.817024054661
9525.0 0.817020586864
9530.0 0.817022360593
9535.0 0.817022285593
9540.0 0.817021512288
9545.0 0.817023539407
9550.0 0.817021942373
9555.0 0.817023542373
9560.0 0.817022797458
9565.0 0.817021000847
9570.0 0.817024475847
9575.0 0.817019730508
9580.0 0.81702447839
9585.0 0.817021014407
9590.0 0.81702405339
9595.0 0.817022280085
9600.0 0.817022780508
9605.0 0.817023128814
9610.0 0.817021949153
9615.0 0.817022274576
9620.0 0.81702237839
9625.0 0.817021849576
9630.0 0.817023638559
9635.0 0.817020583898
9640.0 0.81702490339
9645.0 0.817021002966
9650.0 0.817023207627
9655.0 0.817021872458
9660.0 0.817022359746
9665.0 0.81702270339
9670.0 0.817023637712
9675.0 0.81702100678
9680.0 0.817024052542
9685.0 0.817023127966
9690.0 0.817021944915
9695.0 0.817021849153
9700.0 0.817024481356
9705.0 0.817021432627
9710.0 0.817022362288
9715.0 0.817022275
9720.0 0.817024063136
9725.0 0.817020586017
9730.0 0.817022781356
9735.0 0.817023122458
9740.0 0.817022368644
9745.0 0.817020581356
9750.0 0.817024056356
9755.0 0.817021858475
9760.0 0.817022364831
9765.0 0.817021847881
9770.0 0.817024482627
9775.0 0.817021859322
9780.0 0.817022363559
9785.0 0.817022697034
9790.0 0.817024062288
9795.0 0.817020583898
9800.0 0.817024052966
9805.0 0.817023126695
9810.0 0.817022369492
9815.0 0.817021420763
9820.0 0.817023641102
9825.0 0.817020575424
9830.0 0.817024907203
9835.0 0.817021013136
9840.0 0.817023208475
9845.0 0.817021871186
9850.0 0.817021513136
9855.0 0.817023126271
9860.0 0.817023212712
9865.0 0.817021425847
9870.0 0.817024480932
9875.0 0.817021858898
9880.0 0.817021939831
9885.0 0.817023121186
9890.0 0.817024910169
9895.0 0.817020158898
9900.0 0.817023629661
9905.0 0.817023127542
9910.0 0.817022369915
9915.0 0.817021426271
9920.0 0.817024055085
9925.0 0.817021857203
9930.0 0.817022363983
9935.0 0.817022272881
9940.0 0.81702237839
9945.0 0.817021437712
9950.0 0.817024488136
9955.0 0.817020583898
9960.0 0.817024902542
9965.0 0.817021009322
9970.0 0.817023206356
9975.0 0.817021433475
9980.0 0.817021938559
9985.0 0.817022277966
9990.0 0.817022365254
9995.0 0.817022698729
10000.0 0.817023213559
