5.0 0.0202207415254
10.0 0.0179737881356
15.0 0.0152934364407
20.0 0.0132966694915
25.0 0.0122911949153
30.0 0.0116980847458
35.0 0.0113085677966
40.0 0.0110603262712
45.0 0.0108917542373
50.0 0.0107548135593
55.0 0.0106526525424
60.0 0.0105886822034
65.0 0.010544279661
70.0 0.0105130127119
75.0 0.0104915466102
80.0 0.0104753389831
85.0 0.0104631822034
90.0 0.0104538983051
95.0 0.0104471186441
100.0 0.0104422245763
105.0 0.0104388559322
110.0 0.0104366525424
115.0 0.0104354322034
120.0 0.0104350127119
125.0 0.0104350381356
130.0 0.0104354830508
135.0 0.0104360720339
140.0 0.0104367627119
145.0 0.0104374194915
150.0 0.0104380042373
155.0 0.0104384830508
160.0 0.0104388432203
165.0 0.0104390805085
170.0 0.0104392076271
175.0 0.0104392330508
180.0 0.0104391652542
185.0 0.0104390466102
190.0 0.0104388686441
195.0 0.0104386694915
200.0 0.0104384533898
205.0 0.0104382245763
210.0 0.0104380042373
215.0 0.0104377881356
220.0 0.0104376610169
225.0 0.0104377245763
230.0 0.0104375847458
235.0 0.0104374322034
240.0 0.0104373008475
245.0 0.010437190678
250.0 0.0104371016949
255.0 0.0104370254237
260.0 0.0104369618644
265.0 0.0104369110169
270.0 0.0104368686441
275.0 0.0104368347458
280.0 0.010436809322
285.0 0.0104367838983
290.0 0.0104367669492
295.0 0.0104367457627
300.0 0.0104367330508
305.0 0.0104367161017
310.0 0.0104367033898
315.0 0.0104366864407
320.0 0.0104366737288
325.0 0.0104366610169
330.0 0.0104366525424
335.0 0.0104366355932
340.0 0.0104366271186
345.0 0.0104366228814
350.0 0.0104366101695
355.0 0.0104366016949
360.0 0.0104365974576
365.0 0.0104365932203
370.0 0.0104365847458
375.0 0.0104365805085
380.0 0.0104365805085
385.0 0.0104365762712
390.0 0.0104365762712
395.0 0.0104365720339
400.0 0.0104365720339
405.0 0.0104365720339
410.0 0.0104365720339
415.0 0.0104365677966
420.0 0.0104365677966
425.0 0.0104365677966
430.0 0.0104365677966
435.0 0.0104365677966
440.0 0.0104365635593
445.0 0.0104365677966
450.0 0.0104365635593
455.0 0.0104365635593
460.0 0.0104365677966
465.0 0.010436559322
470.0 0.0104365677966
475.0 0.010436559322
480.0 0.0104365635593
485.0 0.0104365635593
490.0 0.010436559322
495.0 0.0104365635593
500.0 0.010436559322
