1	0.0194903
2	0.00831309
3	0.00611224
4	0.00448724
5	0.00308704
6	0.00239014
7	0.00199612
8	0.001604
9	0.00126691
10	0.00113022
11	0.00101047
12	0.000851548
13	0.000636786
14	0.000544099
15	0.000630932
16	0.000610292
17	0.000439356
18	0.000334878
19	0.000355798
20	0.00036954
21	0.000312931
22	0.000245645
23	0.00020377
24	0.000189119
25	0.000167318
26	0.000135739
27	0.000128163
28	0.000144589
29	0.000139424
30	0.000114885
31	8.80951e-05
32	8.16805e-05
33	8.50086e-05
34	8.39467e-05
35	7.82689e-05
36	6.81679e-05
37	5.77611e-05
38	5.08912e-05
39	5.03468e-05
40	5.14856e-05
41	5.22662e-05
42	4.96111e-05
43	4.54451e-05
44	4.00729e-05
45	3.60027e-05
46	3.30036e-05
47	3.14966e-05
48	2.9964e-05
49	2.84362e-05
50	2.7542e-05
51	2.68499e-05
52	2.62363e-05
53	2.5415e-05
54	2.44002e-05
55	2.35977e-05
56	2.30993e-05
57	2.25992e-05
58	2.23147e-05
59	2.19264e-05
60	2.12432e-05
61	2.0379e-05
62	1.96748e-05
63	1.90649e-05
64	1.86129e-05
65	1.83764e-05
66	1.80222e-05
67	1.76146e-05
68	1.71672e-05
69	1.66896e-05
70	1.61854e-05
71	1.56359e-05
72	1.50615e-05
73	1.45007e-05
74	1.3986e-05
75	1.34803e-05
76	1.29771e-05
77	1.24964e-05
78	1.20917e-05
79	1.17093e-05
80	1.12991e-05
81	1.0836e-05
82	1.03493e-05
83	9.84507e-06
84	9.37017e-06
85	8.97074e-06
86	8.65985e-06
87	8.4148e-06
88	7.95165e-06
89	7.85704e-06
90	7.70412e-06
91	7.24756e-06
92	6.95173e-06
93	6.52991e-06
94	6.26268e-06
95	5.87992e-06
96	5.70652e-06
97	5.37512e-06
98	5.30286e-06
99	5.00271e-06
100	4.86158e-06
101	4.58058e-06
102	4.45055e-06
103	4.29188e-06
104	4.09962e-06
105	3.91649e-06
106	3.77397e-06
107	3.6386e-06
108	3.48726e-06
109	3.33676e-06
110	3.19234e-06
111	3.07463e-06
112	3.0151e-06
113	2.97508e-06
114	2.92626e-06
115	2.85203e-06
116	2.74469e-06
117	2.63164e-06
118	2.5309e-06
119	2.46915e-06
120	2.44101e-06
121	2.42222e-06
122	2.39234e-06
123	2.34236e-06
124	2.26575e-06
125	2.19276e-06
126	2.1276e-06
127	2.07638e-06
128	2.04385e-06
129	2.01883e-06
130	1.9933e-06
131	1.95826e-06
132	1.91329e-06
133	1.85958e-06
134	1.81477e-06
135	1.77808e-06
136	1.74356e-06
137	1.71776e-06
138	1.69439e-06
139	1.66809e-06
140	1.63558e-06
141	1.60356e-06
142	1.57288e-06
143	1.54364e-06
144	1.51931e-06
145	1.49505e-06
146	1.4719e-06
147	1.44784e-06
148	1.42289e-06
149	1.39679e-06
150	1.37262e-06
151	1.34929e-06
152	1.32653e-06
153	1.30545e-06
154	1.28414e-06
155	1.26202e-06
156	1.23989e-06
157	1.21756e-06
158	1.19586e-06
159	1.17419e-06
160	1.15295e-06
161	1.13218e-06
162	1.11173e-06
163	1.09098e-06
164	1.07051e-06
165	1.05006e-06
166	1.03014e-06
167	1.0101e-06
168	9.90386e-07
169	9.707e-07
170	9.51467e-07
171	9.32204e-07
172	9.12402e-07
173	8.92885e-07
174	8.74425e-07
175	8.56319e-07
176	8.38237e-07
177	8.20029e-07
178	8.01398e-07
179	7.82841e-07
180	7.65348e-07
181	7.4798e-07
182	7.31465e-07
183	7.14473e-07
184	6.97994e-07
185	6.81452e-07
186	6.64936e-07
187	6.48739e-07
188	6.32789e-07
189	6.14704e-07
190	6.02993e-07
191	5.90109e-07
192	5.75058e-07
193	5.57421e-07
194	5.43768e-07
195	5.30319e-07
196	5.15071e-07
197	5.04273e-07
198	4.92671e-07
199	4.79467e-07
200	4.64482e-07
201	4.52697e-07
202	4.41984e-07
203	4.28761e-07
204	4.20236e-07
205	4.10084e-07
206	3.97171e-07
207	3.86356e-07
208	3.76112e-07
209	3.64427e-07
210	3.569e-07
211	3.48904e-07
212	3.38391e-07
213	3.30552e-07
214	3.22362e-07
215	3.11872e-07
216	3.04488e-07
217	2.97272e-07
218	2.8871e-07
219	2.82503e-07
220	2.76173e-07
221	2.67551e-07
222	2.6182e-07
223	2.54514e-07
224	2.5039e-07
225	2.43657e-07
226	2.38647e-07
227	2.31575e-07
228	2.2539e-07
229	2.20892e-07
230	2.15196e-07
231	2.09873e-07
232	2.0743e-07
233	2.02194e-07
234	1.97498e-07
235	1.93078e-07
236	1.8921e-07
237	1.85747e-07
238	1.8074e-07
239	1.75821e-07
240	1.71823e-07
241	1.6825e-07
242	1.65576e-07
243	1.62968e-07
244	1.60868e-07
245	1.57717e-07
246	1.5411e-07
247	1.50107e-07
248	1.46429e-07
249	1.43177e-07
250	1.40285e-07
251	1.37551e-07
252	1.35246e-07
253	1.32915e-07
254	1.31247e-07
255	1.28952e-07
256	1.26733e-07
257	1.24073e-07
258	1.21524e-07
259	1.18934e-07
260	1.16557e-07
261	1.14328e-07
262	1.12308e-07
263	1.10234e-07
264	1.0841e-07
265	1.06359e-07
266	1.04728e-07
267	1.02807e-07
268	1.01108e-07
269	9.91915e-08
270	9.73161e-08
271	9.52732e-08
272	9.33027e-08
273	9.13586e-08
274	8.96684e-08
275	8.79454e-08
276	8.63393e-08
277	8.45374e-08
278	8.30598e-08
279	8.1415e-08
280	7.99384e-08
281	7.82905e-08
282	7.66528e-08
283	7.48689e-08
284	7.32519e-08
285	7.1448e-08
286	6.985e-08
287	6.82423e-08
288	6.69378e-08
289	6.55476e-08
290	6.43485e-08
291	6.29401e-08
292	6.15763e-08
293	6.00148e-08
294	5.85506e-08
295	5.69327e-08
296	5.54863e-08
297	5.40131e-08
298	5.27491e-08
299	5.15012e-08
300	5.04801e-08
301	4.93577e-08
302	4.83434e-08
303	4.71225e-08
304	4.59611e-08
305	4.46522e-08
306	4.34321e-08
307	4.21358e-08
308	4.09869e-08
309	3.98189e-08
310	3.88308e-08
311	3.78333e-08
312	3.70359e-08
313	3.61456e-08
314	3.53673e-08
315	3.4428e-08
316	3.35529e-08
317	3.25481e-08
318	3.16509e-08
319	3.0687e-08
320	2.98057e-08
321	2.88742e-08
322	2.81099e-08
323	2.73167e-08
324	2.67249e-08
325	2.60671e-08
326	2.5519e-08
327	2.48537e-08
328	2.42589e-08
329	2.35432e-08
330	2.2925e-08
331	2.22222e-08
332	2.16583e-08
333	2.09453e-08
334	2.04121e-08
335	1.9764e-08
336	1.92493e-08
337	1.87145e-08
338	1.83228e-08
339	1.78709e-08
340	1.75165e-08
341	1.70807e-08
342	1.67214e-08
343	1.62585e-08
344	1.58934e-08
345	1.5423e-08
346	1.50846e-08
347	1.46421e-08
348	1.42605e-08
349	1.38442e-08
350	1.3492e-08
351	1.31138e-08
352	1.28341e-08
353	1.25156e-08
354	1.22974e-08
355	1.20292e-08
356	1.18542e-08
357	1.15824e-08
358	1.13995e-08
359	1.10876e-08
360	1.0874e-08
361	1.05623e-08
362	1.02964e-08
363	1.00036e-08
364	9.77261e-09
365	9.51318e-09
366	9.32388e-09
367	9.11669e-09
368	8.99927e-09
369	8.83655e-09
370	8.75593e-09
371	8.55941e-09
372	8.44401e-09
373	8.21854e-09
374	8.04439e-09
375	7.8341e-09
376	7.64656e-09
377	7.4406e-09
378	7.27712e-09
379	7.09781e-09
380	6.9803e-09
381	6.85582e-09
382	6.80961e-09
383	6.69299e-09
384	6.63936e-09
385	6.4696e-09
386	6.38396e-09
387	6.2313e-09
388	6.10863e-09
389	5.948e-09
390	5.79824e-09
391	5.63422e-09
392	5.48919e-09
393	5.34605e-09
394	5.27335e-09
395	5.19644e-09
396	5.19151e-09
397	5.08905e-09
398	5.03393e-09
399	4.89507e-09
400	4.81547e-09
401	4.68932e-09
402	4.57971e-09
403	4.44812e-09
404	4.32018e-09
405	4.18435e-09
406	4.06048e-09
407	3.95668e-09
408	3.94343e-09
409	3.9076e-09
410	3.91533e-09
411	3.81003e-09
412	1.75453e-08
413	1.70811e-08
414	1.67821e-08
415	1.63607e-08
416	1.60304e-08
417	1.56345e-08
418	1.53118e-08
419	1.48815e-08
420	1.46167e-08
421	1.43149e-08
422	1.44953e-08
423	1.43489e-08
424	1.44148e-08
425	1.40202e-08
426	1.38359e-08
427	1.3373e-08
428	1.31001e-08
429	1.2712e-08
430	1.2406e-08
431	1.20565e-08
432	1.17736e-08
433	1.14291e-08
434	1.12159e-08
435	1.10325e-08
436	1.12968e-08
437	1.12054e-08
438	1.12917e-08
439	1.09543e-08
440	1.08046e-08
441	1.03469e-08
442	1.01008e-08
443	9.75625e-09
444	9.50836e-09
445	9.24602e-09
446	9.02744e-09
447	8.79902e-09
448	8.66202e-09
449	8.59348e-09
450	8.78976e-09
451	8.69091e-09
452	8.78117e-09
453	8.4458e-09
454	8.40643e-09
455	7.9951e-09
456	7.8715e-09
457	7.57951e-09
458	7.41539e-09
459	7.22753e-09
460	7.08122e-09
461	6.90462e-09
462	6.85034e-09
463	6.72018e-09
464	6.9226e-09
465	6.83601e-09
466	6.98853e-09
467	6.69559e-09
468	6.71893e-09
469	6.3379e-09
470	6.30519e-09
471	6.04653e-09
472	5.9954e-09
473	5.80604e-09
474	5.74905e-09
475	5.59821e-09
476	5.57059e-09
477	5.44824e-09
478	5.58518e-09
479	5.44356e-09
480	5.61007e-09
481	5.353e-09
482	5.43557e-09
483	5.14559e-09
484	5.17494e-09
485	4.96834e-09
486	4.97153e-09
487	4.81224e-09
488	4.80457e-09
489	4.67744e-09
490	4.69257e-09
491	4.57969e-09
492	4.69692e-09
493	4.53381e-09
494	4.68211e-09
495	4.45133e-09
496	4.5463e-09
497	4.33163e-09
498	4.38508e-09
499	4.22902e-09
500	4.2574e-09
