5.0 -1.76610363136
10.0 -0.40787784322
15.0 0.170494961864
20.0 0.0387478601695
25.0 0.0185775978814
30.0 0.074731940678
35.0 0.0628158559322
40.0 0.0521558135593
45.0 0.0595480169492
50.0 0.0601605550847
55.0 0.0607813983051
60.0 0.0631245932203
65.0 0.0645342330508
70.0 0.0660966101695
75.0 0.0676207542373
80.0 0.0686888262712
85.0 0.0694793220339
90.0 0.070190720339
95.0 0.0703970932203
100.0 0.0704958813559
105.0 0.0703928898305
110.0 0.07020375
115.0 0.0699262754237
120.0 0.0695768855932
125.0 0.0691897966102
130.0 0.0687973177966
135.0 0.0684361101695
140.0 0.0680714067797
145.0 0.0676851186441
150.0 0.0673959745763
155.0 0.0670857711864
160.0 0.0668453855932
165.0 0.0666288983051
170.0 0.0664596398305
175.0 0.0663351525424
180.0 0.0662741737288
185.0 0.0662410720339
190.0 0.0662585974576
195.0 0.0662863516949
200.0 0.06637625
205.0 0.0664491271186
210.0 0.0665419364407
215.0 0.0666537076271
220.0 0.066772690678
225.0 0.0668990254237
230.0 0.0670178898305
235.0 0.0671359194915
240.0 0.0672520974576
245.0 0.0673666864407
250.0 0.0674721398305
255.0 0.0675724067797
260.0 0.0676623771186
265.0 0.0677467584746
270.0 0.0678113728814
275.0 0.0678861694915
280.0 0.0679351059322
285.0 0.0679863432203
290.0 0.0680183601695
295.0 0.0680459745763
300.0 0.068058279661
305.0 0.0680667033898
310.0 0.0680614788136
315.0 0.0680527966102
320.0 0.0680317754237
325.0 0.0680076567797
330.0 0.067968720339
335.0 0.0679334237288
340.0 0.0678879618644
345.0 0.0678374194915
350.0 0.0677819788136
355.0 0.0677221864407
360.0 0.0676630974576
365.0 0.0675958940678
370.0 0.0675328983051
375.0 0.0674621144068
380.0 0.0673969957627
385.0 0.0673247330508
390.0 0.0672594618644
395.0 0.0671876016949
400.0 0.0671237372881
405.0 0.0670540381356
410.0 0.0669891144068
415.0 0.0669288855932
420.0 0.0668670508475
425.0 0.0668079067797
430.0 0.0667552711864
435.0 0.066698559322
440.0 0.0666456864407
445.0 0.0665943347458
450.0 0.0665500932203
455.0 0.0665053855932
460.0 0.066457309322
465.0 0.0664195
470.0 0.0663801864407
475.0 0.0663386271186
480.0 0.0663080466102
485.0 0.0662693644068
490.0 0.0662371737288
495.0 0.0662066949153
500.0 0.0661717669492
505.0 0.0661433898305
510.0 0.0661102754237
515.0 0.0660834237288
520.0 0.0660535805085
525.0 0.0660259152542
530.0 0.0659978644068
535.0 0.0659711059322
540.0 0.0659437245763
545.0 0.0659178940678
550.0 0.0658912881356
555.0 0.0658663262712
560.0 0.0658404745763
565.0 0.0658164872881
570.0 0.0657913644068
575.0 0.0657685042373
580.0 0.0657442288136
585.0 0.065722690678
590.0 0.0656993601695
595.0 0.0656804067797
600.0 0.0656540635593
605.0 0.0656411016949
610.0 0.0656201694915
615.0 0.065598059322
620.0 0.0655786694915
625.0 0.0655678601695
630.0 0.0655500381356
635.0 0.0655306059322
640.0 0.0655173474576
645.0 0.0655068644068
650.0 0.0654942627119
655.0 0.0654780169492
660.0 0.0654691483051
665.0 0.0654601016949
670.0 0.0654519957627
675.0 0.0654445
680.0 0.06543325
685.0 0.0654277711864
690.0 0.0654176483051
695.0 0.0654190084746
700.0 0.0654091610169
705.0 0.0654098177966
710.0 0.0654002415254
715.0 0.065402309322
720.0 0.0653970338983
725.0 0.0653962245763
730.0 0.0653948220339
735.0 0.0653941059322
740.0 0.0653925932203
745.0 0.0653940889831
750.0 0.0653925932203
755.0 0.0653947330508
760.0 0.0653941822034
765.0 0.0653966355932
770.0 0.0653966059322
775.0 0.0653995805085
780.0 0.0653998686441
785.0 0.0654032838983
790.0 0.065403970339
795.0 0.0654075720339
800.0 0.0654085762712
805.0 0.0654124576271
810.0 0.0654135677966
815.0 0.0654176822034
820.0 0.0654189449153
825.0 0.0654232584746
830.0 0.0654246737288
835.0 0.0654289788136
840.0 0.0654306355932
845.0 0.0654349322034
850.0 0.0654366610169
855.0 0.0654411610169
860.0 0.0654427627119
865.0 0.0654473855932
870.0 0.0654491059322
875.0 0.0654536483051
880.0 0.0654554533898
885.0 0.0654599957627
890.0 0.0654617584746
895.0 0.0654663516949
900.0 0.0654680762712
905.0 0.0654726355932
910.0 0.0654744110169
915.0 0.0654788940678
920.0 0.0654805974576
925.0 0.0654850550847
930.0 0.0654866398305
935.0 0.0654910720339
940.0 0.0654926313559
945.0 0.0654969152542
950.0 0.0654984067797
955.0 0.0655025847458
960.0 0.0655039322034
965.0 0.0655080889831
970.0 0.0655092881356
975.0 0.0655133050847
980.0 0.0655144025424
985.0 0.0655182754237
990.0 0.0655192330508
995.0 0.0655230127119
1000.0 0.0655238262712
1005.0 0.0655274279661
1010.0 0.0655281059322
1015.0 0.0655315720339
1020.0 0.0655320677966
1025.0 0.0655354025424
1030.0 0.065535809322
1035.0 0.0655390084746
1040.0 0.0655391991525
1045.0 0.0655422669492
1050.0 0.0655423262712
1055.0 0.0655452669492
1060.0 0.0655451949153
1065.0 0.0655480084746
1070.0 0.0655477627119
1075.0 0.0655504491525
1080.0 0.0655500762712
1085.0 0.0655526398305
1090.0 0.0655521822034
1095.0 0.0655546144068
1100.0 0.0655540338983
1105.0 0.0655563432203
1110.0 0.0655556355932
1115.0 0.0655578601695
1120.0 0.0655570720339
1125.0 0.0655591737288
1130.0 0.0655583008475
1135.0 0.0655603262712
1140.0 0.0655593262712
1145.0 0.0655613135593
1150.0 0.0655602330508
1155.0 0.0655620974576
1160.0 0.0655609788136
1165.0 0.0655627627119
1170.0 0.0655615635593
1175.0 0.065563309322
1180.0 0.0655620338983
1185.0 0.0655636949153
1190.0 0.0655623389831
1195.0 0.0655639661017
1200.0 0.0655626144068
1205.0 0.0655641610169
1210.0 0.0655626440678
1215.0 0.0655642288136
1220.0 0.0655628516949
1225.0 0.0655642288136
1230.0 0.0655627754237
1235.0 0.0655641949153
1240.0 0.0655626610169
1245.0 0.0655640466102
1250.0 0.0655625169492
1255.0 0.0655638644068
1260.0 0.0655624152542
1265.0 0.0655636779661
1270.0 0.0655619491525
1275.0 0.0655632584746
1280.0 0.0655617457627
1285.0 0.0655628898305
1290.0 0.0655613347458
1295.0 0.0655626144068
1300.0 0.0655609788136
1305.0 0.0655621737288
1310.0 0.0655606271186
1315.0 0.0655617838983
1320.0 0.0655601567797
1325.0 0.0655613601695
1330.0 0.065559779661
1335.0 0.065560940678
1340.0 0.0655593220339
1345.0 0.065560529661
1350.0 0.0655589110169
1355.0 0.0655600805085
1360.0 0.0655584661017
1365.0 0.0655596355932
1370.0 0.0655580211864
1375.0 0.0655591949153
1380.0 0.0655575847458
1385.0 0.0655588050847
1390.0 0.0655571949153
1395.0 0.0655583728814
1400.0 0.0655567669492
1405.0 0.0655579449153
1410.0 0.0655563813559
1415.0 0.0655575635593
1420.0 0.0655559576271
1425.0 0.0655571822034
1430.0 0.0655556228814
1435.0 0.0655568050847
1440.0 0.0655552457627
1445.0 0.0655564745763
1450.0 0.0655549152542
1455.0 0.0655561440678
1460.0 0.0655546271186
1465.0 0.0655560720339
1470.0 0.0655543855932
1475.0 0.0655556059322
1480.0 0.0655538940678
1485.0 0.0655554830508
1490.0 0.0655538601695
1495.0 0.0655551949153
1500.0 0.0655533644068
1505.0 0.0655549110169
1510.0 0.0655533771186
1515.0 0.0655548432203
1520.0 0.0655531059322
1525.0 0.065554559322
1530.0 0.0655530338983
1535.0 0.065554529661
1540.0 0.0655528771186
1545.0 0.0655542881356
1550.0 0.0655526779661
1555.0 0.0655542161017
1560.0 0.0655526059322
1565.0 0.065554059322
1570.0 0.0655524533898
1575.0 0.0655539449153
1580.0 0.0655523813559
1585.0 0.0655538728814
1590.0 0.0655522669492
1595.0 0.0655537584746
1600.0 0.065552190678
1605.0 0.0655537288136
1610.0 0.0655521186441
1615.0 0.0655536567797
1620.0 0.0655520889831
1625.0 0.0655535805085
1630.0 0.0655520169492
1635.0 0.0655535508475
1640.0 0.0655519830508
1645.0 0.0655534788136
1650.0 0.0655519533898
1655.0 0.0655534449153
1660.0 0.0655519194915
1665.0 0.0655534110169
1670.0 0.0655518855932
1675.0 0.0655534194915
1680.0 0.0655518516949
1685.0 0.0655533855932
1690.0 0.0655518601695
1695.0 0.0655533940678
1700.0 0.0655518686441
1705.0 0.0655534025424
1710.0 0.0655518347458
1715.0 0.0655533686441
1720.0 0.0655518432203
1725.0 0.0655533771186
1730.0 0.0655518474576
1735.0 0.0655533813559
1740.0 0.0655518559322
1745.0 0.0655534279661
1750.0 0.0655518601695
1755.0 0.0655534364407
1760.0 0.0655519067797
1765.0 0.065553440678
1770.0 0.0655519110169
1775.0 0.0655534449153
1780.0 0.0655519152542
1785.0 0.0655534491525
1790.0 0.0655519194915
1795.0 0.0655534957627
1800.0 0.0655519661017
1805.0 0.0655535
1810.0 0.065551970339
1815.0 0.0655535423729
1820.0 0.0655520169492
1825.0 0.0655535466102
1830.0 0.0655520169492
1835.0 0.0655535932203
1840.0 0.0655520635593
1845.0 0.0655535932203
1850.0 0.0655520635593
1855.0 0.0655536355932
1860.0 0.0655521059322
1865.0 0.0655536398305
1870.0 0.0655521101695
1875.0 0.0655536822034
1880.0 0.0655521525424
1885.0 0.0655536822034
1890.0 0.0655521525424
1895.0 0.0655537288136
1900.0 0.0655521949153
1905.0 0.0655537288136
1910.0 0.0655522415254
1915.0 0.0655537711864
1920.0 0.0655522415254
1925.0 0.0655538135593
1930.0 0.0655522838983
1935.0 0.0655538135593
1940.0 0.0655522838983
1945.0 0.0655538559322
1950.0 0.0655523262712
1955.0 0.0655538559322
1960.0 0.0655523262712
1965.0 0.0655538983051
1970.0 0.0655523262712
1975.0 0.0655538983051
1980.0 0.0655523644068
1985.0 0.0655538983051
1990.0 0.0655523644068
1995.0 0.0655539364407
2000.0 0.0655524067797
2005.0 0.0655539364407
2010.0 0.0655524067797
2015.0 0.0655539364407
2020.0 0.0655524067797
2025.0 0.0655539788136
2030.0 0.0655524491525
2035.0 0.0655539788136
2040.0 0.0655524491525
2045.0 0.0655539788136
2050.0 0.0655524449153
2055.0 0.0655540169492
2060.0 0.0655524872881
2065.0 0.0655540169492
2070.0 0.0655524872881
2075.0 0.0655540169492
2080.0 0.0655524872881
2085.0 0.0655540169492
2090.0 0.0655524872881
2095.0 0.065554059322
2100.0 0.0655524830508
2105.0 0.0655540550847
2110.0 0.0655525254237
2115.0 0.0655540550847
2120.0 0.0655525254237
2125.0 0.0655540550847
2130.0 0.0655525254237
2135.0 0.0655540550847
2140.0 0.0655525254237
2145.0 0.0655540550847
2150.0 0.0655525211864
2155.0 0.0655540550847
2160.0 0.0655525211864
2165.0 0.0655540932203
2170.0 0.0655525211864
2175.0 0.0655540932203
2180.0 0.0655525211864
2185.0 0.0655540932203
2190.0 0.0655525635593
2195.0 0.0655540932203
2200.0 0.0655525635593
2205.0 0.0655540932203
2210.0 0.0655525635593
2215.0 0.0655540932203
2220.0 0.065552559322
2225.0 0.0655540932203
2230.0 0.065552559322
2235.0 0.0655540889831
2240.0 0.065552559322
2245.0 0.0655540889831
2250.0 0.065552559322
2255.0 0.0655540889831
2260.0 0.065552559322
2265.0 0.0655540889831
2270.0 0.065552559322
2275.0 0.0655540889831
2280.0 0.065552559322
2285.0 0.0655540889831
2290.0 0.065552559322
2295.0 0.0655540889831
2300.0 0.065552559322
2305.0 0.0655540889831
2310.0 0.065552559322
2315.0 0.0655540889831
2320.0 0.065552559322
2325.0 0.0655540889831
2330.0 0.065552559322
2335.0 0.0655540889831
2340.0 0.0655525550847
2345.0 0.0655540889831
2350.0 0.0655525550847
2355.0 0.0655540889831
2360.0 0.0655525550847
2365.0 0.0655540889831
2370.0 0.0655525127119
2375.0 0.0655540847458
2380.0 0.0655525127119
2385.0 0.0655540847458
2390.0 0.0655525127119
2395.0 0.0655540847458
2400.0 0.0655525127119
2405.0 0.0655540847458
2410.0 0.0655525127119
2415.0 0.0655540847458
2420.0 0.0655525127119
2425.0 0.0655540847458
2430.0 0.0655525127119
2435.0 0.0655540847458
2440.0 0.0655525127119
2445.0 0.0655540423729
2450.0 0.0655525127119
2455.0 0.0655540423729
2460.0 0.0655525127119
2465.0 0.0655540423729
2470.0 0.0655525127119
2475.0 0.0655540423729
2480.0 0.0655525127119
2485.0 0.0655540423729
2490.0 0.0655525127119
2495.0 0.0655540423729
2500.0 0.0655525127119
2505.0 0.0655540423729
2510.0 0.0655525127119
2515.0 0.0655540423729
2520.0 0.0655525127119
2525.0 0.0655540423729
2530.0 0.0655525127119
2535.0 0.0655540423729
2540.0 0.0655525127119
2545.0 0.0655540423729
2550.0 0.0655525127119
2555.0 0.0655540423729
2560.0 0.0655525127119
2565.0 0.0655540423729
2570.0 0.0655525127119
2575.0 0.0655540423729
2580.0 0.0655525127119
2585.0 0.0655540423729
2590.0 0.0655525127119
2595.0 0.0655540423729
2600.0 0.0655525127119
2605.0 0.0655540423729
2610.0 0.0655525127119
2615.0 0.0655540423729
2620.0 0.0655525127119
2625.0 0.0655540423729
2630.0 0.0655525127119
2635.0 0.0655540466102
2640.0 0.0655525127119
2645.0 0.0655540466102
2650.0 0.0655525127119
2655.0 0.0655540466102
2660.0 0.0655525127119
2665.0 0.0655540466102
2670.0 0.0655525127119
2675.0 0.0655540466102
2680.0 0.0655525127119
2685.0 0.0655540466102
2690.0 0.0655525127119
2695.0 0.0655540466102
2700.0 0.0655525127119
2705.0 0.0655540466102
2710.0 0.0655525127119
2715.0 0.0655540466102
2720.0 0.0655525127119
2725.0 0.0655540466102
2730.0 0.0655525127119
2735.0 0.0655540466102
2740.0 0.0655525127119
2745.0 0.0655540466102
2750.0 0.0655525127119
2755.0 0.0655540466102
2760.0 0.0655525127119
2765.0 0.0655540466102
2770.0 0.0655525127119
2775.0 0.0655540466102
2780.0 0.0655525127119
2785.0 0.0655540466102
2790.0 0.0655525127119
2795.0 0.0655540466102
2800.0 0.0655525127119
2805.0 0.0655540466102
2810.0 0.0655525127119
2815.0 0.0655540466102
2820.0 0.0655525127119
2825.0 0.0655540466102
2830.0 0.0655525169492
2835.0 0.0655540466102
2840.0 0.0655525169492
2845.0 0.0655540466102
2850.0 0.0655525169492
2855.0 0.0655540466102
2860.0 0.0655525169492
2865.0 0.0655540466102
2870.0 0.0655525169492
2875.0 0.0655540466102
2880.0 0.0655525169492
2885.0 0.0655540466102
2890.0 0.0655525169492
2895.0 0.0655540466102
2900.0 0.0655525169492
2905.0 0.0655540466102
2910.0 0.0655525169492
2915.0 0.0655540466102
2920.0 0.0655525169492
2925.0 0.0655540466102
2930.0 0.0655525169492
2935.0 0.0655540466102
2940.0 0.0655525169492
2945.0 0.0655540466102
2950.0 0.0655525169492
2955.0 0.0655540466102
2960.0 0.0655525169492
2965.0 0.0655540466102
2970.0 0.0655525169492
2975.0 0.0655540466102
2980.0 0.0655525169492
2985.0 0.0655540466102
2990.0 0.0655525169492
2995.0 0.0655540466102
3000.0 0.0655525169492
3005.0 0.0655540466102
3010.0 0.0655525169492
3015.0 0.0655540466102
3020.0 0.0655525169492
3025.0 0.0655540466102
3030.0 0.0655525169492
3035.0 0.0655540466102
3040.0 0.0655525169492
3045.0 0.0655540466102
3050.0 0.0655525169492
3055.0 0.0655540466102
3060.0 0.0655525169492
3065.0 0.0655540466102
3070.0 0.0655525169492
3075.0 0.0655540466102
3080.0 0.0655525169492
3085.0 0.0655540466102
3090.0 0.0655525169492
3095.0 0.0655540466102
3100.0 0.0655525169492
3105.0 0.0655540466102
3110.0 0.0655525169492
3115.0 0.0655540466102
3120.0 0.0655525169492
3125.0 0.0655540466102
3130.0 0.0655525169492
3135.0 0.0655540466102
3140.0 0.0655525169492
3145.0 0.0655540466102
3150.0 0.0655525169492
3155.0 0.0655540466102
3160.0 0.0655525169492
3165.0 0.0655540466102
3170.0 0.0655525169492
3175.0 0.0655540466102
3180.0 0.0655525169492
3185.0 0.0655540466102
3190.0 0.0655525169492
3195.0 0.0655540466102
3200.0 0.0655525169492
3205.0 0.0655540466102
3210.0 0.0655525169492
3215.0 0.0655540466102
3220.0 0.0655525169492
3225.0 0.0655540466102
3230.0 0.0655525169492
3235.0 0.0655540466102
3240.0 0.0655525169492
3245.0 0.0655540466102
3250.0 0.0655525169492
3255.0 0.0655540466102
3260.0 0.0655525169492
3265.0 0.0655540466102
3270.0 0.0655525169492
3275.0 0.0655540466102
3280.0 0.0655525169492
3285.0 0.0655540466102
3290.0 0.0655525169492
3295.0 0.0655540466102
3300.0 0.0655525169492
3305.0 0.0655540466102
3310.0 0.0655525169492
3315.0 0.0655540466102
3320.0 0.0655525169492
3325.0 0.0655540466102
3330.0 0.0655525169492
3335.0 0.0655540466102
3340.0 0.0655525169492
3345.0 0.0655540466102
3350.0 0.0655525169492
3355.0 0.0655540466102
3360.0 0.0655525169492
3365.0 0.0655540466102
3370.0 0.0655525169492
3375.0 0.0655540466102
3380.0 0.0655525169492
3385.0 0.0655540466102
3390.0 0.0655525169492
3395.0 0.0655540466102
3400.0 0.0655525169492
3405.0 0.0655540466102
3410.0 0.0655525169492
3415.0 0.0655540466102
3420.0 0.0655525169492
3425.0 0.0655540466102
3430.0 0.0655525169492
3435.0 0.0655540466102
3440.0 0.0655525169492
3445.0 0.0655540466102
3450.0 0.0655525169492
3455.0 0.0655540466102
3460.0 0.0655525169492
3465.0 0.0655540466102
3470.0 0.0655525169492
3475.0 0.0655540466102
3480.0 0.0655525169492
3485.0 0.0655540466102
3490.0 0.0655525169492
3495.0 0.0655540466102
3500.0 0.0655525169492
3505.0 0.0655540466102
3510.0 0.0655525169492
3515.0 0.0655540466102
3520.0 0.0655525169492
3525.0 0.0655540466102
3530.0 0.0655525169492
3535.0 0.0655540466102
3540.0 0.0655525169492
3545.0 0.0655540466102
3550.0 0.0655525169492
3555.0 0.0655540466102
3560.0 0.0655525169492
3565.0 0.0655540466102
3570.0 0.0655525169492
3575.0 0.0655540466102
3580.0 0.0655525169492
3585.0 0.0655540466102
3590.0 0.0655525169492
3595.0 0.0655540466102
3600.0 0.0655525169492
3605.0 0.0655540466102
3610.0 0.0655525169492
3615.0 0.0655540466102
3620.0 0.0655525169492
3625.0 0.0655540466102
3630.0 0.0655525169492
3635.0 0.0655540466102
3640.0 0.0655525169492
3645.0 0.0655540466102
3650.0 0.0655525169492
3655.0 0.0655540466102
3660.0 0.0655525169492
3665.0 0.0655540466102
3670.0 0.0655525169492
3675.0 0.0655540466102
3680.0 0.0655525169492
3685.0 0.0655540466102
3690.0 0.0655525169492
3695.0 0.0655540466102
3700.0 0.0655525169492
3705.0 0.0655540466102
3710.0 0.0655525169492
3715.0 0.0655540466102
3720.0 0.0655525169492
3725.0 0.0655540466102
3730.0 0.0655525169492
3735.0 0.0655540466102
3740.0 0.0655525169492
3745.0 0.0655540466102
3750.0 0.0655525169492
3755.0 0.0655540466102
3760.0 0.0655525169492
3765.0 0.0655540466102
3770.0 0.0655525169492
3775.0 0.0655540466102
3780.0 0.0655525169492
3785.0 0.0655540466102
3790.0 0.0655525169492
3795.0 0.0655540466102
3800.0 0.0655525169492
3805.0 0.0655540466102
3810.0 0.0655525169492
3815.0 0.0655540466102
3820.0 0.0655525169492
3825.0 0.0655540466102
3830.0 0.0655525169492
3835.0 0.0655540466102
3840.0 0.0655525169492
3845.0 0.0655540466102
3850.0 0.0655525169492
3855.0 0.0655540466102
3860.0 0.0655525169492
3865.0 0.0655540466102
3870.0 0.0655525169492
3875.0 0.0655540466102
3880.0 0.0655525169492
3885.0 0.0655540466102
3890.0 0.0655525169492
3895.0 0.0655540466102
3900.0 0.0655525169492
3905.0 0.0655540466102
3910.0 0.0655525169492
3915.0 0.0655540466102
3920.0 0.0655525169492
3925.0 0.0655540466102
3930.0 0.0655525169492
3935.0 0.0655540466102
3940.0 0.0655525169492
3945.0 0.0655540466102
3950.0 0.0655525169492
3955.0 0.0655540466102
3960.0 0.0655525169492
3965.0 0.0655540466102
3970.0 0.0655525169492
3975.0 0.0655540466102
3980.0 0.0655525169492
3985.0 0.0655540466102
3990.0 0.0655525169492
3995.0 0.0655540466102
4000.0 0.0655525169492
4005.0 0.0655540466102
4010.0 0.0655525169492
4015.0 0.0655540466102
4020.0 0.0655525169492
4025.0 0.0655540466102
4030.0 0.0655525169492
4035.0 0.0655540466102
4040.0 0.0655525169492
4045.0 0.0655540466102
4050.0 0.0655525169492
4055.0 0.0655540466102
4060.0 0.0655525169492
4065.0 0.0655540466102
4070.0 0.0655525169492
4075.0 0.0655540466102
4080.0 0.0655525169492
4085.0 0.0655540466102
4090.0 0.0655525169492
4095.0 0.0655540466102
4100.0 0.0655525169492
4105.0 0.0655540466102
4110.0 0.0655525169492
4115.0 0.0655540466102
4120.0 0.0655525169492
4125.0 0.0655540466102
4130.0 0.0655525169492
4135.0 0.0655540466102
4140.0 0.0655525169492
4145.0 0.0655540466102
4150.0 0.0655525169492
4155.0 0.0655540466102
4160.0 0.0655525169492
4165.0 0.0655540466102
4170.0 0.0655525169492
4175.0 0.0655540466102
4180.0 0.0655525169492
4185.0 0.0655540466102
4190.0 0.0655525169492
4195.0 0.0655540466102
4200.0 0.0655525169492
4205.0 0.0655540466102
4210.0 0.0655525169492
4215.0 0.0655540466102
4220.0 0.0655525169492
4225.0 0.0655540466102
4230.0 0.0655525169492
4235.0 0.0655540466102
4240.0 0.0655525169492
4245.0 0.0655540466102
4250.0 0.0655525169492
4255.0 0.0655540466102
4260.0 0.0655525169492
4265.0 0.0655540466102
4270.0 0.0655525169492
4275.0 0.0655540466102
4280.0 0.0655525169492
4285.0 0.0655540466102
4290.0 0.0655525169492
4295.0 0.0655540466102
4300.0 0.0655525169492
4305.0 0.0655540466102
4310.0 0.0655525169492
4315.0 0.0655540466102
4320.0 0.0655525169492
4325.0 0.0655540466102
4330.0 0.0655525169492
4335.0 0.0655540466102
4340.0 0.0655525169492
4345.0 0.0655540466102
4350.0 0.0655525169492
4355.0 0.0655540466102
4360.0 0.0655525169492
4365.0 0.0655540466102
4370.0 0.0655525169492
4375.0 0.0655540466102
4380.0 0.0655525169492
4385.0 0.0655540466102
4390.0 0.0655525169492
4395.0 0.0655540466102
4400.0 0.0655525169492
4405.0 0.0655540466102
4410.0 0.0655525169492
4415.0 0.0655540466102
4420.0 0.0655525169492
4425.0 0.0655540466102
4430.0 0.0655525169492
4435.0 0.0655540466102
4440.0 0.0655525169492
4445.0 0.0655540466102
4450.0 0.0655525169492
4455.0 0.0655540466102
4460.0 0.0655525169492
4465.0 0.0655540466102
4470.0 0.0655525169492
4475.0 0.0655540466102
4480.0 0.0655525169492
4485.0 0.0655540466102
4490.0 0.0655525169492
4495.0 0.0655540466102
4500.0 0.0655525169492
4505.0 0.0655540466102
4510.0 0.0655525169492
4515.0 0.0655540466102
4520.0 0.0655525169492
4525.0 0.0655540466102
4530.0 0.0655525169492
4535.0 0.0655540466102
4540.0 0.0655525169492
4545.0 0.0655540466102
4550.0 0.0655525169492
4555.0 0.0655540466102
4560.0 0.0655525169492
4565.0 0.0655540466102
4570.0 0.0655525169492
4575.0 0.0655540466102
4580.0 0.0655525169492
4585.0 0.0655540466102
4590.0 0.0655525169492
4595.0 0.0655540466102
4600.0 0.0655525169492
4605.0 0.0655540466102
4610.0 0.0655525169492
4615.0 0.0655540466102
4620.0 0.0655525169492
4625.0 0.0655540466102
4630.0 0.0655525169492
4635.0 0.0655540466102
4640.0 0.0655525169492
4645.0 0.0655540466102
4650.0 0.0655525169492
4655.0 0.0655540466102
4660.0 0.0655525169492
4665.0 0.0655540466102
4670.0 0.0655525169492
4675.0 0.0655540466102
4680.0 0.0655525169492
4685.0 0.0655540466102
4690.0 0.0655525169492
4695.0 0.0655540466102
4700.0 0.0655525169492
4705.0 0.0655540466102
4710.0 0.0655525169492
4715.0 0.0655540466102
4720.0 0.0655525169492
4725.0 0.0655540466102
4730.0 0.0655525169492
4735.0 0.0655540466102
4740.0 0.0655525169492
4745.0 0.0655540466102
4750.0 0.0655525169492
4755.0 0.0655540466102
4760.0 0.0655525169492
4765.0 0.0655540466102
4770.0 0.0655525169492
4775.0 0.0655540466102
4780.0 0.0655525169492
4785.0 0.0655540466102
4790.0 0.0655525169492
4795.0 0.0655540466102
4800.0 0.0655525169492
4805.0 0.0655540466102
4810.0 0.0655525169492
4815.0 0.0655540466102
4820.0 0.0655525169492
4825.0 0.0655540466102
4830.0 0.0655525169492
4835.0 0.0655540466102
4840.0 0.0655525169492
4845.0 0.0655540466102
4850.0 0.0655525169492
4855.0 0.0655540466102
4860.0 0.0655525169492
4865.0 0.0655540466102
4870.0 0.0655525169492
4875.0 0.0655540466102
4880.0 0.0655525169492
4885.0 0.0655540466102
4890.0 0.0655525169492
4895.0 0.0655540466102
4900.0 0.0655525169492
4905.0 0.0655540466102
4910.0 0.0655525169492
4915.0 0.0655540466102
4920.0 0.0655525169492
4925.0 0.0655540466102
4930.0 0.0655525169492
4935.0 0.0655540466102
4940.0 0.0655525169492
4945.0 0.0655540466102
4950.0 0.0655525169492
4955.0 0.0655540466102
4960.0 0.0655525169492
4965.0 0.0655540466102
4970.0 0.0655525169492
4975.0 0.0655540466102
4980.0 0.0655525169492
4985.0 0.0655540466102
4990.0 0.0655525169492
4995.0 0.0655540466102
5000.0 0.0655525169492
5005.0 0.0655540466102
5010.0 0.0655525169492
5015.0 0.0655540466102
5020.0 0.0655525169492
5025.0 0.0655540466102
5030.0 0.0655525169492
5035.0 0.0655540466102
5040.0 0.0655525169492
5045.0 0.0655540466102
5050.0 0.0655525169492
5055.0 0.0655540466102
5060.0 0.0655525169492
5065.0 0.0655540466102
5070.0 0.0655525169492
5075.0 0.0655540466102
5080.0 0.0655525169492
5085.0 0.0655540466102
5090.0 0.0655525169492
5095.0 0.0655540466102
5100.0 0.0655525169492
5105.0 0.0655540466102
5110.0 0.0655525169492
5115.0 0.0655540466102
5120.0 0.0655525169492
5125.0 0.0655540466102
5130.0 0.0655525169492
5135.0 0.0655540466102
5140.0 0.0655525169492
5145.0 0.0655540466102
5150.0 0.0655525169492
5155.0 0.0655540466102
5160.0 0.0655525169492
5165.0 0.0655540466102
5170.0 0.0655525169492
5175.0 0.0655540466102
5180.0 0.0655525169492
5185.0 0.0655540466102
5190.0 0.0655525169492
5195.0 0.0655540466102
5200.0 0.0655525169492
5205.0 0.0655540466102
5210.0 0.0655525169492
5215.0 0.0655540466102
5220.0 0.0655525169492
5225.0 0.0655540466102
5230.0 0.0655525169492
5235.0 0.0655540466102
5240.0 0.0655525169492
5245.0 0.0655540466102
5250.0 0.0655525169492
5255.0 0.0655540466102
5260.0 0.0655525169492
5265.0 0.0655540466102
5270.0 0.0655525169492
5275.0 0.0655540466102
5280.0 0.0655525169492
5285.0 0.0655540466102
5290.0 0.0655525169492
5295.0 0.0655540466102
5300.0 0.0655525169492
5305.0 0.0655540466102
5310.0 0.0655525169492
5315.0 0.0655540466102
5320.0 0.0655525169492
5325.0 0.0655540466102
5330.0 0.0655525169492
5335.0 0.0655540466102
5340.0 0.0655525169492
5345.0 0.0655540466102
5350.0 0.0655525169492
5355.0 0.0655540466102
5360.0 0.0655525169492
5365.0 0.0655540466102
5370.0 0.0655525169492
5375.0 0.0655540466102
5380.0 0.0655525169492
5385.0 0.0655540466102
5390.0 0.0655525169492
5395.0 0.0655540466102
5400.0 0.0655525169492
5405.0 0.0655540466102
5410.0 0.0655525169492
5415.0 0.0655540466102
5420.0 0.0655525169492
5425.0 0.0655540466102
5430.0 0.0655525169492
5435.0 0.0655540466102
5440.0 0.0655525169492
5445.0 0.0655540466102
5450.0 0.0655525169492
5455.0 0.0655540466102
5460.0 0.0655525169492
5465.0 0.0655540466102
5470.0 0.0655525169492
5475.0 0.0655540466102
5480.0 0.0655525169492
5485.0 0.0655540466102
5490.0 0.0655525169492
5495.0 0.0655540466102
5500.0 0.0655525169492
5505.0 0.0655540466102
5510.0 0.0655525169492
5515.0 0.0655540466102
5520.0 0.0655525169492
5525.0 0.0655540466102
5530.0 0.0655525169492
5535.0 0.0655540466102
5540.0 0.0655525169492
5545.0 0.0655540466102
5550.0 0.0655525169492
5555.0 0.0655540466102
5560.0 0.0655525169492
5565.0 0.0655540466102
5570.0 0.0655525169492
5575.0 0.0655540466102
5580.0 0.0655525169492
5585.0 0.0655540466102
5590.0 0.0655525169492
5595.0 0.0655540466102
5600.0 0.0655525169492
5605.0 0.0655540466102
5610.0 0.0655525169492
5615.0 0.0655540466102
5620.0 0.0655525169492
5625.0 0.0655540466102
5630.0 0.0655525169492
5635.0 0.0655540466102
5640.0 0.0655525169492
5645.0 0.0655540466102
5650.0 0.0655525169492
5655.0 0.0655540466102
5660.0 0.0655525169492
5665.0 0.0655540466102
5670.0 0.0655525169492
5675.0 0.0655540466102
5680.0 0.0655525169492
5685.0 0.0655540466102
5690.0 0.0655525169492
5695.0 0.0655540466102
5700.0 0.0655525169492
5705.0 0.0655540466102
5710.0 0.0655525169492
5715.0 0.0655540466102
5720.0 0.0655525169492
5725.0 0.0655540466102
5730.0 0.0655525169492
5735.0 0.0655540466102
5740.0 0.0655525169492
5745.0 0.0655540466102
5750.0 0.0655525169492
5755.0 0.0655540466102
5760.0 0.0655525169492
5765.0 0.0655540466102
5770.0 0.0655525169492
5775.0 0.0655540466102
5780.0 0.0655525169492
5785.0 0.0655540466102
5790.0 0.0655525169492
5795.0 0.0655540466102
5800.0 0.0655525169492
5805.0 0.0655540466102
5810.0 0.0655525169492
5815.0 0.0655540466102
5820.0 0.0655525169492
5825.0 0.0655540466102
5830.0 0.0655525169492
5835.0 0.0655540466102
5840.0 0.0655525169492
5845.0 0.0655540466102
5850.0 0.0655525169492
5855.0 0.0655540466102
5860.0 0.0655525169492
5865.0 0.0655540466102
5870.0 0.0655525169492
5875.0 0.0655540466102
5880.0 0.0655525169492
5885.0 0.0655540466102
5890.0 0.0655525169492
5895.0 0.0655540466102
5900.0 0.0655525169492
5905.0 0.0655540466102
5910.0 0.0655525169492
5915.0 0.0655540466102
5920.0 0.0655525169492
5925.0 0.0655540466102
5930.0 0.0655525169492
5935.0 0.0655540466102
5940.0 0.0655525169492
5945.0 0.0655540466102
5950.0 0.0655525169492
5955.0 0.0655540466102
5960.0 0.0655525169492
5965.0 0.0655540466102
5970.0 0.0655525169492
5975.0 0.0655540466102
5980.0 0.0655525169492
5985.0 0.0655540466102
5990.0 0.0655525169492
5995.0 0.0655540466102
6000.0 0.0655525169492
6005.0 0.0655540466102
6010.0 0.0655525169492
6015.0 0.0655540466102
6020.0 0.0655525169492
6025.0 0.0655540466102
6030.0 0.0655525169492
6035.0 0.0655540466102
6040.0 0.0655525169492
6045.0 0.0655540466102
6050.0 0.0655525169492
6055.0 0.0655540466102
6060.0 0.0655525169492
6065.0 0.0655540466102
6070.0 0.0655525169492
6075.0 0.0655540466102
6080.0 0.0655525169492
6085.0 0.0655540466102
6090.0 0.0655525169492
6095.0 0.0655540466102
6100.0 0.0655525169492
6105.0 0.0655540466102
6110.0 0.0655525169492
6115.0 0.0655540466102
6120.0 0.0655525169492
6125.0 0.0655540466102
6130.0 0.0655525169492
6135.0 0.0655540466102
6140.0 0.0655525169492
6145.0 0.0655540466102
6150.0 0.0655525169492
6155.0 0.0655540466102
6160.0 0.0655525169492
6165.0 0.0655540466102
6170.0 0.0655525169492
6175.0 0.0655540466102
6180.0 0.0655525169492
6185.0 0.0655540466102
6190.0 0.0655525169492
6195.0 0.0655540466102
6200.0 0.0655525169492
6205.0 0.0655540466102
6210.0 0.0655525169492
6215.0 0.0655540466102
6220.0 0.0655525169492
6225.0 0.0655540466102
6230.0 0.0655525169492
6235.0 0.0655540466102
6240.0 0.0655525169492
6245.0 0.0655540466102
6250.0 0.0655525169492
6255.0 0.0655540466102
6260.0 0.0655525169492
6265.0 0.0655540466102
6270.0 0.0655525169492
6275.0 0.0655540466102
6280.0 0.0655525169492
6285.0 0.0655540466102
6290.0 0.0655525169492
6295.0 0.0655540466102
6300.0 0.0655525169492
6305.0 0.0655540466102
6310.0 0.0655525169492
6315.0 0.0655540466102
6320.0 0.0655525169492
6325.0 0.0655540466102
6330.0 0.0655525169492
6335.0 0.0655540466102
6340.0 0.0655525169492
6345.0 0.0655540466102
6350.0 0.0655525169492
6355.0 0.0655540466102
6360.0 0.0655525169492
6365.0 0.0655540466102
6370.0 0.0655525169492
6375.0 0.0655540466102
6380.0 0.0655525169492
6385.0 0.0655540466102
6390.0 0.0655525169492
6395.0 0.0655540466102
6400.0 0.0655525169492
6405.0 0.0655540466102
6410.0 0.0655525169492
6415.0 0.0655540466102
6420.0 0.0655525169492
6425.0 0.0655540466102
6430.0 0.0655525169492
6435.0 0.0655540466102
6440.0 0.0655525169492
6445.0 0.0655540466102
6450.0 0.0655525169492
6455.0 0.0655540466102
6460.0 0.0655525169492
6465.0 0.0655540466102
6470.0 0.0655525169492
6475.0 0.0655540466102
6480.0 0.0655525169492
6485.0 0.0655540466102
6490.0 0.0655525169492
6495.0 0.0655540466102
6500.0 0.0655525169492
6505.0 0.0655540466102
6510.0 0.0655525169492
6515.0 0.0655540466102
6520.0 0.0655525169492
6525.0 0.0655540466102
6530.0 0.0655525169492
6535.0 0.0655540466102
6540.0 0.0655525169492
6545.0 0.0655540466102
6550.0 0.0655525169492
6555.0 0.0655540466102
6560.0 0.0655525169492
6565.0 0.0655540466102
6570.0 0.0655525169492
6575.0 0.0655540466102
6580.0 0.0655525169492
6585.0 0.0655540466102
6590.0 0.0655525169492
6595.0 0.0655540466102
6600.0 0.0655525169492
6605.0 0.0655540466102
6610.0 0.0655525169492
6615.0 0.0655540466102
6620.0 0.0655525169492
6625.0 0.0655540466102
6630.0 0.0655525169492
6635.0 0.0655540466102
6640.0 0.0655525169492
6645.0 0.0655540466102
6650.0 0.0655525169492
6655.0 0.0655540466102
6660.0 0.0655525169492
6665.0 0.0655540466102
6670.0 0.0655525169492
6675.0 0.0655540466102
6680.0 0.0655525169492
6685.0 0.0655540466102
6690.0 0.0655525169492
6695.0 0.0655540466102
6700.0 0.0655525169492
6705.0 0.0655540466102
6710.0 0.0655525169492
6715.0 0.0655540466102
6720.0 0.0655525169492
6725.0 0.0655540466102
6730.0 0.0655525169492
6735.0 0.0655540466102
6740.0 0.0655525169492
6745.0 0.0655540466102
6750.0 0.0655525169492
6755.0 0.0655540466102
6760.0 0.0655525169492
6765.0 0.0655540466102
6770.0 0.0655525169492
6775.0 0.0655540466102
6780.0 0.0655525169492
6785.0 0.0655540466102
6790.0 0.0655525169492
6795.0 0.0655540466102
6800.0 0.0655525169492
6805.0 0.0655540466102
6810.0 0.0655525169492
6815.0 0.0655540466102
6820.0 0.0655525169492
6825.0 0.0655540466102
6830.0 0.0655525169492
6835.0 0.0655540466102
6840.0 0.0655525169492
6845.0 0.0655540466102
6850.0 0.0655525169492
6855.0 0.0655540466102
6860.0 0.0655525169492
6865.0 0.0655540466102
6870.0 0.0655525169492
6875.0 0.0655540466102
6880.0 0.0655525169492
6885.0 0.0655540466102
6890.0 0.0655525169492
6895.0 0.0655540466102
6900.0 0.0655525169492
6905.0 0.0655540466102
6910.0 0.0655525169492
6915.0 0.0655540466102
6920.0 0.0655525169492
6925.0 0.0655540466102
6930.0 0.0655525169492
6935.0 0.0655540466102
6940.0 0.0655525169492
6945.0 0.0655540466102
6950.0 0.0655525169492
6955.0 0.0655540466102
6960.0 0.0655525169492
6965.0 0.0655540466102
6970.0 0.0655525169492
6975.0 0.0655540466102
6980.0 0.0655525169492
6985.0 0.0655540466102
6990.0 0.0655525169492
6995.0 0.0655540466102
7000.0 0.0655525169492
7005.0 0.0655540466102
7010.0 0.0655525169492
7015.0 0.0655540466102
7020.0 0.0655525169492
7025.0 0.0655540466102
7030.0 0.0655525169492
7035.0 0.0655540466102
7040.0 0.0655525169492
7045.0 0.0655540466102
7050.0 0.0655525169492
7055.0 0.0655540466102
7060.0 0.0655525169492
7065.0 0.0655540466102
7070.0 0.0655525169492
7075.0 0.0655540466102
7080.0 0.0655525169492
7085.0 0.0655540466102
7090.0 0.0655525169492
7095.0 0.0655540466102
7100.0 0.0655525169492
7105.0 0.0655540466102
7110.0 0.0655525169492
7115.0 0.0655540466102
7120.0 0.0655525169492
7125.0 0.0655540466102
7130.0 0.0655525169492
7135.0 0.0655540466102
7140.0 0.0655525169492
7145.0 0.0655540466102
7150.0 0.0655525169492
7155.0 0.0655540466102
7160.0 0.0655525169492
7165.0 0.0655540466102
7170.0 0.0655525169492
7175.0 0.0655540466102
7180.0 0.0655525169492
7185.0 0.0655540466102
7190.0 0.0655525169492
7195.0 0.0655540466102
7200.0 0.0655525169492
7205.0 0.0655540466102
7210.0 0.0655525169492
7215.0 0.0655540466102
7220.0 0.0655525169492
7225.0 0.0655540466102
7230.0 0.0655525169492
7235.0 0.0655540466102
7240.0 0.0655525169492
7245.0 0.0655540466102
7250.0 0.0655525169492
7255.0 0.0655540466102
7260.0 0.0655525169492
7265.0 0.0655540466102
7270.0 0.0655525169492
7275.0 0.0655540466102
7280.0 0.0655525169492
7285.0 0.0655540466102
7290.0 0.0655525169492
7295.0 0.0655540466102
7300.0 0.0655525169492
7305.0 0.0655540466102
7310.0 0.0655525169492
7315.0 0.0655540466102
7320.0 0.0655525169492
7325.0 0.0655540466102
7330.0 0.0655525169492
7335.0 0.0655540466102
7340.0 0.0655525169492
7345.0 0.0655540466102
7350.0 0.0655525169492
7355.0 0.0655540466102
7360.0 0.0655525169492
7365.0 0.0655540466102
7370.0 0.0655525169492
7375.0 0.0655540466102
7380.0 0.0655525169492
7385.0 0.0655540466102
7390.0 0.0655525169492
7395.0 0.0655540466102
7400.0 0.0655525169492
7405.0 0.0655540466102
7410.0 0.0655525169492
7415.0 0.0655540466102
7420.0 0.0655525169492
7425.0 0.0655540466102
7430.0 0.0655525169492
7435.0 0.0655540466102
7440.0 0.0655525169492
7445.0 0.0655540466102
7450.0 0.0655525169492
7455.0 0.0655540466102
7460.0 0.0655525169492
7465.0 0.0655540466102
7470.0 0.0655525169492
7475.0 0.0655540466102
7480.0 0.0655525169492
7485.0 0.0655540466102
7490.0 0.0655525169492
7495.0 0.0655540466102
7500.0 0.0655525169492
7505.0 0.0655540466102
7510.0 0.0655525169492
7515.0 0.0655540466102
7520.0 0.0655525169492
7525.0 0.0655540466102
7530.0 0.0655525169492
7535.0 0.0655540466102
7540.0 0.0655525169492
7545.0 0.0655540466102
7550.0 0.0655525169492
7555.0 0.0655540466102
7560.0 0.0655525169492
7565.0 0.0655540466102
7570.0 0.0655525169492
7575.0 0.0655540466102
7580.0 0.0655525169492
7585.0 0.0655540466102
7590.0 0.0655525169492
7595.0 0.0655540466102
7600.0 0.0655525169492
7605.0 0.0655540466102
7610.0 0.0655525169492
7615.0 0.0655540466102
7620.0 0.0655525169492
7625.0 0.0655540466102
7630.0 0.0655525169492
7635.0 0.0655540466102
7640.0 0.0655525169492
7645.0 0.0655540466102
7650.0 0.0655525169492
7655.0 0.0655540466102
7660.0 0.0655525169492
7665.0 0.0655540466102
7670.0 0.0655525169492
7675.0 0.0655540466102
7680.0 0.0655525169492
7685.0 0.0655540466102
7690.0 0.0655525169492
7695.0 0.0655540466102
7700.0 0.0655525169492
7705.0 0.0655540466102
7710.0 0.0655525169492
7715.0 0.0655540466102
7720.0 0.0655525169492
7725.0 0.0655540466102
7730.0 0.0655525169492
7735.0 0.0655540466102
7740.0 0.0655525169492
7745.0 0.0655540466102
7750.0 0.0655525169492
7755.0 0.0655540466102
7760.0 0.0655525169492
7765.0 0.0655540466102
7770.0 0.0655525169492
7775.0 0.0655540466102
7780.0 0.0655525169492
7785.0 0.0655540466102
7790.0 0.0655525169492
7795.0 0.0655540466102
7800.0 0.0655525169492
7805.0 0.0655540466102
7810.0 0.0655525169492
7815.0 0.0655540466102
7820.0 0.0655525169492
7825.0 0.0655540466102
7830.0 0.0655525169492
7835.0 0.0655540466102
7840.0 0.0655525169492
7845.0 0.0655540466102
7850.0 0.0655525169492
7855.0 0.0655540466102
7860.0 0.0655525169492
7865.0 0.0655540466102
7870.0 0.0655525169492
7875.0 0.0655540466102
7880.0 0.0655525169492
7885.0 0.0655540466102
7890.0 0.0655525169492
7895.0 0.0655540466102
7900.0 0.0655525169492
7905.0 0.0655540466102
7910.0 0.0655525169492
7915.0 0.0655540466102
7920.0 0.0655525169492
7925.0 0.0655540466102
7930.0 0.0655525169492
7935.0 0.0655540466102
7940.0 0.0655525169492
7945.0 0.0655540466102
7950.0 0.0655525169492
7955.0 0.0655540466102
7960.0 0.0655525169492
7965.0 0.0655540466102
7970.0 0.0655525169492
7975.0 0.0655540466102
7980.0 0.0655525169492
7985.0 0.0655540466102
7990.0 0.0655525169492
7995.0 0.0655540466102
8000.0 0.0655525169492
8005.0 0.0655540466102
8010.0 0.0655525169492
8015.0 0.0655540466102
8020.0 0.0655525169492
8025.0 0.0655540466102
8030.0 0.0655525169492
8035.0 0.0655540466102
8040.0 0.0655525169492
8045.0 0.0655540466102
8050.0 0.0655525169492
8055.0 0.0655540466102
8060.0 0.0655525169492
8065.0 0.0655540466102
8070.0 0.0655525169492
8075.0 0.0655540466102
8080.0 0.0655525169492
8085.0 0.0655540466102
8090.0 0.0655525169492
8095.0 0.0655540466102
8100.0 0.0655525169492
8105.0 0.0655540466102
8110.0 0.0655525169492
8115.0 0.0655540466102
8120.0 0.0655525169492
8125.0 0.0655540466102
8130.0 0.0655525169492
8135.0 0.0655540466102
8140.0 0.0655525169492
8145.0 0.0655540466102
8150.0 0.0655525169492
8155.0 0.0655540466102
8160.0 0.0655525169492
8165.0 0.0655540466102
8170.0 0.0655525169492
8175.0 0.0655540466102
8180.0 0.0655525169492
8185.0 0.0655540466102
8190.0 0.0655525169492
8195.0 0.0655540466102
8200.0 0.0655525169492
8205.0 0.0655540466102
8210.0 0.0655525169492
8215.0 0.0655540466102
8220.0 0.0655525169492
8225.0 0.0655540466102
8230.0 0.0655525169492
8235.0 0.0655540466102
8240.0 0.0655525169492
8245.0 0.0655540466102
8250.0 0.0655525169492
8255.0 0.0655540466102
8260.0 0.0655525169492
8265.0 0.0655540466102
8270.0 0.0655525169492
8275.0 0.0655540466102
8280.0 0.0655525169492
8285.0 0.0655540466102
8290.0 0.0655525169492
8295.0 0.0655540466102
8300.0 0.0655525169492
8305.0 0.0655540466102
8310.0 0.0655525169492
8315.0 0.0655540466102
8320.0 0.0655525169492
8325.0 0.0655540466102
8330.0 0.0655525169492
8335.0 0.0655540466102
8340.0 0.0655525169492
8345.0 0.0655540466102
8350.0 0.0655525169492
8355.0 0.0655540466102
8360.0 0.0655525169492
8365.0 0.0655540466102
8370.0 0.0655525169492
8375.0 0.0655540466102
8380.0 0.0655525169492
8385.0 0.0655540466102
8390.0 0.0655525169492
8395.0 0.0655540466102
8400.0 0.0655525169492
8405.0 0.0655540466102
8410.0 0.0655525169492
8415.0 0.0655540466102
8420.0 0.0655525169492
8425.0 0.0655540466102
8430.0 0.0655525169492
8435.0 0.0655540466102
8440.0 0.0655525169492
8445.0 0.0655540466102
8450.0 0.0655525169492
8455.0 0.0655540466102
8460.0 0.0655525169492
8465.0 0.0655540466102
8470.0 0.0655525169492
8475.0 0.0655540466102
8480.0 0.0655525169492
8485.0 0.0655540466102
8490.0 0.0655525169492
8495.0 0.0655540466102
8500.0 0.0655525169492
8505.0 0.0655540466102
8510.0 0.0655525169492
8515.0 0.0655540466102
8520.0 0.0655525169492
8525.0 0.0655540466102
8530.0 0.0655525169492
8535.0 0.0655540466102
8540.0 0.0655525169492
8545.0 0.0655540466102
8550.0 0.0655525169492
8555.0 0.0655540466102
8560.0 0.0655525169492
8565.0 0.0655540466102
8570.0 0.0655525169492
8575.0 0.0655540466102
8580.0 0.0655525169492
8585.0 0.0655540466102
8590.0 0.0655525169492
8595.0 0.0655540466102
8600.0 0.0655525169492
8605.0 0.0655540466102
8610.0 0.0655525169492
8615.0 0.0655540466102
8620.0 0.0655525169492
8625.0 0.0655540466102
8630.0 0.0655525169492
8635.0 0.0655540466102
8640.0 0.0655525169492
8645.0 0.0655540466102
8650.0 0.0655525169492
8655.0 0.0655540466102
8660.0 0.0655525169492
8665.0 0.0655540466102
8670.0 0.0655525169492
8675.0 0.0655540466102
8680.0 0.0655525169492
8685.0 0.0655540466102
8690.0 0.0655525169492
8695.0 0.0655540466102
8700.0 0.0655525169492
8705.0 0.0655540466102
8710.0 0.0655525169492
8715.0 0.0655540466102
8720.0 0.0655525169492
8725.0 0.0655540466102
8730.0 0.0655525169492
8735.0 0.0655540466102
8740.0 0.0655525169492
8745.0 0.0655540466102
8750.0 0.0655525169492
8755.0 0.0655540466102
8760.0 0.0655525169492
8765.0 0.0655540466102
8770.0 0.0655525169492
8775.0 0.0655540466102
8780.0 0.0655525169492
8785.0 0.0655540466102
8790.0 0.0655525169492
8795.0 0.0655540466102
8800.0 0.0655525169492
8805.0 0.0655540466102
8810.0 0.0655525169492
8815.0 0.0655540466102
8820.0 0.0655525169492
8825.0 0.0655540466102
8830.0 0.0655525169492
8835.0 0.0655540466102
8840.0 0.0655525169492
8845.0 0.0655540466102
8850.0 0.0655525169492
8855.0 0.0655540466102
8860.0 0.0655525169492
8865.0 0.0655540466102
8870.0 0.0655525169492
8875.0 0.0655540466102
8880.0 0.0655525169492
8885.0 0.0655540466102
8890.0 0.0655525169492
8895.0 0.0655540466102
8900.0 0.0655525169492
8905.0 0.0655540466102
8910.0 0.0655525169492
8915.0 0.0655540466102
8920.0 0.0655525169492
8925.0 0.0655540466102
8930.0 0.0655525169492
8935.0 0.0655540466102
8940.0 0.0655525169492
8945.0 0.0655540466102
8950.0 0.0655525169492
8955.0 0.0655540466102
8960.0 0.0655525169492
8965.0 0.0655540466102
8970.0 0.0655525169492
8975.0 0.0655540466102
8980.0 0.0655525169492
8985.0 0.0655540466102
8990.0 0.0655525169492
8995.0 0.0655540466102
9000.0 0.0655525169492
9005.0 0.0655540466102
9010.0 0.0655525169492
9015.0 0.0655540466102
9020.0 0.0655525169492
9025.0 0.0655540466102
9030.0 0.0655525169492
9035.0 0.0655540466102
9040.0 0.0655525169492
9045.0 0.0655540466102
9050.0 0.0655525169492
9055.0 0.0655540466102
9060.0 0.0655525169492
9065.0 0.0655540466102
9070.0 0.0655525169492
9075.0 0.0655540466102
9080.0 0.0655525169492
9085.0 0.0655540466102
9090.0 0.0655525169492
9095.0 0.0655540466102
9100.0 0.0655525169492
9105.0 0.0655540466102
9110.0 0.0655525169492
9115.0 0.0655540466102
9120.0 0.0655525169492
9125.0 0.0655540466102
9130.0 0.0655525169492
9135.0 0.0655540466102
9140.0 0.0655525169492
9145.0 0.0655540466102
9150.0 0.0655525169492
9155.0 0.0655540466102
9160.0 0.0655525169492
9165.0 0.0655540466102
9170.0 0.0655525169492
9175.0 0.0655540466102
9180.0 0.0655525169492
9185.0 0.0655540466102
9190.0 0.0655525169492
9195.0 0.0655540466102
9200.0 0.0655525169492
9205.0 0.0655540466102
9210.0 0.0655525169492
9215.0 0.0655540466102
9220.0 0.0655525169492
9225.0 0.0655540466102
9230.0 0.0655525169492
9235.0 0.0655540466102
9240.0 0.0655525169492
9245.0 0.0655540466102
9250.0 0.0655525169492
9255.0 0.0655540466102
9260.0 0.0655525169492
9265.0 0.0655540466102
9270.0 0.0655525169492
9275.0 0.0655540466102
9280.0 0.0655525169492
9285.0 0.0655540466102
9290.0 0.0655525169492
9295.0 0.0655540466102
9300.0 0.0655525169492
9305.0 0.0655540466102
9310.0 0.0655525169492
9315.0 0.0655540466102
9320.0 0.0655525169492
9325.0 0.0655540466102
9330.0 0.0655525169492
9335.0 0.0655540466102
9340.0 0.0655525169492
9345.0 0.0655540466102
9350.0 0.0655525169492
9355.0 0.0655540466102
9360.0 0.0655525169492
9365.0 0.0655540466102
9370.0 0.0655525169492
9375.0 0.0655540466102
9380.0 0.0655525169492
9385.0 0.0655540466102
9390.0 0.0655525169492
9395.0 0.0655540466102
9400.0 0.0655525169492
9405.0 0.0655540466102
9410.0 0.0655525169492
9415.0 0.0655540466102
9420.0 0.0655525169492
9425.0 0.0655540466102
9430.0 0.0655525169492
9435.0 0.0655540466102
9440.0 0.0655525169492
9445.0 0.0655540466102
9450.0 0.0655525169492
9455.0 0.0655540466102
9460.0 0.0655525169492
9465.0 0.0655540466102
9470.0 0.0655525169492
9475.0 0.0655540466102
9480.0 0.0655525169492
9485.0 0.0655540466102
9490.0 0.0655525169492
9495.0 0.0655540466102
9500.0 0.0655525169492
9505.0 0.0655540466102
9510.0 0.0655525169492
9515.0 0.0655540466102
9520.0 0.0655525169492
9525.0 0.0655540466102
9530.0 0.0655525169492
9535.0 0.0655540466102
9540.0 0.0655525169492
9545.0 0.0655540466102
9550.0 0.0655525169492
9555.0 0.0655540466102
9560.0 0.0655525169492
9565.0 0.0655540466102
9570.0 0.0655525169492
9575.0 0.0655540466102
9580.0 0.0655525169492
9585.0 0.0655540466102
9590.0 0.0655525169492
9595.0 0.0655540466102
9600.0 0.0655525169492
9605.0 0.0655540466102
9610.0 0.0655525169492
9615.0 0.0655540466102
9620.0 0.0655525169492
9625.0 0.0655540466102
9630.0 0.0655525169492
9635.0 0.0655540466102
9640.0 0.0655525169492
9645.0 0.0655540466102
9650.0 0.0655525169492
9655.0 0.0655540466102
9660.0 0.0655525169492
9665.0 0.0655540466102
9670.0 0.0655525169492
9675.0 0.0655540466102
9680.0 0.0655525169492
9685.0 0.0655540466102
9690.0 0.0655525169492
9695.0 0.0655540466102
9700.0 0.0655525169492
9705.0 0.0655540466102
9710.0 0.0655525169492
9715.0 0.0655540466102
9720.0 0.0655525169492
9725.0 0.0655540466102
9730.0 0.0655525169492
9735.0 0.0655540466102
9740.0 0.0655525169492
9745.0 0.0655540466102
9750.0 0.0655525169492
9755.0 0.0655540466102
9760.0 0.0655525169492
9765.0 0.0655540466102
9770.0 0.0655525169492
9775.0 0.0655540466102
9780.0 0.0655525169492
9785.0 0.0655540466102
9790.0 0.0655525169492
9795.0 0.0655540466102
9800.0 0.0655525169492
9805.0 0.0655540466102
9810.0 0.0655525169492
9815.0 0.0655540466102
9820.0 0.0655525169492
9825.0 0.0655540466102
9830.0 0.0655525169492
9835.0 0.0655540466102
9840.0 0.0655525169492
9845.0 0.0655540466102
9850.0 0.0655525169492
9855.0 0.0655540466102
9860.0 0.0655525169492
9865.0 0.0655540466102
9870.0 0.0655525169492
9875.0 0.0655540466102
9880.0 0.0655525169492
9885.0 0.0655540466102
9890.0 0.0655525169492
9895.0 0.0655540466102
9900.0 0.0655525169492
9905.0 0.0655540466102
9910.0 0.0655525169492
9915.0 0.0655540466102
9920.0 0.0655525169492
9925.0 0.0655540466102
9930.0 0.0655525169492
9935.0 0.0655540466102
9940.0 0.0655525169492
9945.0 0.0655540466102
9950.0 0.0655525169492
9955.0 0.0655540466102
9960.0 0.0655525169492
9965.0 0.0655540466102
9970.0 0.0655525169492
9975.0 0.0655540466102
9980.0 0.0655525169492
9985.0 0.0655540466102
9990.0 0.0655525169492
9995.0 0.0655540466102
10000.0 0.0655525169492
