5.0 -31.2020252801
10.0 -18.1451859441
15.0 -5.47698097924
20.0 -0.00888305720339
25.0 1.23055308517
30.0 1.16126394492
35.0 0.967550041949
40.0 0.909235619492
45.0 0.927822449153
50.0 0.953037794068
55.0 0.969907163983
60.0 0.986996868644
65.0 1.00565310763
70.0 1.02539764576
75.0 1.04574349534
80.0 1.06668290254
85.0 1.08844036144
90.0 1.11098787034
95.0 1.13389737246
100.0 1.15687596271
105.0 1.17948397458
110.0 1.20137124153
115.0 1.22220168729
120.0 1.24167525763
125.0 1.25954831144
130.0 1.27571766949
135.0 1.29017514492
140.0 1.30257605
145.0 1.31274267542
150.0 1.3218142089
155.0 1.32872486229
160.0 1.33387983093
165.0 1.33743958814
170.0 1.33962100466
175.0 1.34082451483
180.0 1.34098478305
185.0 1.34023009237
190.0 1.33896173983
195.0 1.33693535678
200.0 1.33474755339
205.0 1.33176803432
210.0 1.32895142076
215.0 1.32584850466
220.0 1.3221914589
225.0 1.31922878771
230.0 1.31559700042
235.0 1.31173681525
240.0 1.30824983475
245.0 1.30462975
250.0 1.30103629407
255.0 1.29736946314
260.0 1.29371272881
265.0 1.29004067119
270.0 1.28631472712
275.0 1.28271074449
280.0 1.27912279322
285.0 1.27565807627
290.0 1.27215388093
295.0 1.26877122542
300.0 1.26554443178
305.0 1.26250697458
310.0 1.25931436525
315.0 1.2566322839
320.0 1.25375691525
325.0 1.25099546483
330.0 1.24859157924
335.0 1.2462846661
340.0 1.24386964237
345.0 1.24175032627
350.0 1.23971231398
355.0 1.23784501568
360.0 1.23609462288
365.0 1.23447808941
370.0 1.23299287712
375.0 1.23168560042
380.0 1.23049609661
385.0 1.22947733517
390.0 1.22860135297
395.0 1.22787832161
400.0 1.22732434576
405.0 1.22691951102
410.0 1.22668415593
415.0 1.22661446483
420.0 1.22671043559
425.0 1.22694918178
430.0 1.22735485254
435.0 1.22790625381
440.0 1.22864236271
445.0 1.22949537627
450.0 1.23049155932
455.0 1.23161225975
460.0 1.23286467458
465.0 1.23426574619
470.0 1.23569724449
475.0 1.23722441907
480.0 1.23881039788
485.0 1.24047085254
490.0 1.24213458983
495.0 1.24383338305
500.0 1.24554603983
505.0 1.24721408051
510.0 1.24887478898
515.0 1.25052858347
520.0 1.25212080042
525.0 1.25367813051
530.0 1.25519760508
535.0 1.25664490042
540.0 1.25804077754
545.0 1.25939371144
550.0 1.26069311186
555.0 1.26187033475
560.0 1.26302496314
565.0 1.26411886822
570.0 1.26514993686
575.0 1.26611309364
580.0 1.26702360127
585.0 1.26787893051
590.0 1.26867230636
595.0 1.26941433814
600.0 1.2701109661
605.0 1.27071685763
610.0 1.27135914195
615.0 1.27184163644
620.0 1.27231222881
625.0 1.27277855466
630.0 1.27311010551
635.0 1.27345010678
640.0 1.27375237669
645.0 1.27401776441
650.0 1.27424034025
655.0 1.27442137754
660.0 1.27457867585
665.0 1.27470630508
670.0 1.27480638602
675.0 1.27488103856
680.0 1.27493153644
685.0 1.27495957585
690.0 1.27496600551
695.0 1.27495209831
700.0 1.27492166907
705.0 1.27487217627
710.0 1.27480828178
715.0 1.27473041017
720.0 1.27463898644
725.0 1.274537825
730.0 1.2744218411
735.0 1.27430078136
740.0 1.27417379915
745.0 1.27403708051
750.0 1.27389783008
755.0 1.27376070805
760.0 1.27361215636
765.0 1.27346403814
770.0 1.27331169364
775.0 1.27316571525
780.0 1.27301974703
785.0 1.27286870424
790.0 1.27272572203
795.0 1.27258613898
800.0 1.27244317542
805.0 1.27230911907
810.0 1.27218015593
815.0 1.27204950551
820.0 1.27192776102
825.0 1.27181026102
830.0 1.27168725847
835.0 1.27158883941
840.0 1.27148279788
845.0 1.27138396525
850.0 1.27128428941
855.0 1.27120071949
860.0 1.27111757669
865.0 1.27103274237
870.0 1.27095807966
875.0 1.27088596059
880.0 1.27082019958
885.0 1.27075528729
890.0 1.27069291568
895.0 1.27063901949
900.0 1.27058512246
905.0 1.27053249576
910.0 1.27048495212
915.0 1.27043952542
920.0 1.27039451992
925.0 1.27035163008
930.0 1.27031170381
935.0 1.27027050254
940.0 1.27023014492
945.0 1.27019274958
950.0 1.27015450212
955.0 1.27011413136
960.0 1.27007502669
965.0 1.27003676441
970.0 1.26999425975
975.0 1.26995217288
980.0 1.26990965636
985.0 1.26986459153
990.0 1.26981697881
995.0 1.26976851186
1000.0 1.26971537881
1005.0 1.26966351059
1010.0 1.26960655127
1015.0 1.26954916186
1020.0 1.26948795254
1025.0 1.26942461822
1030.0 1.26935788729
1035.0 1.26928860805
1040.0 1.26921720339
1045.0 1.26914240254
1050.0 1.26906420593
1055.0 1.26898515551
1060.0 1.26890186144
1065.0 1.26881601949
1070.0 1.26872805297
1075.0 1.26863753814
1080.0 1.2685559161
1085.0 1.26844420339
1090.0 1.26835748559
1095.0 1.26825381356
1100.0 1.26815310254
1105.0 1.26804433559
1110.0 1.26795208941
1115.0 1.26783738051
1120.0 1.26772944703
1125.0 1.26762913644
1130.0 1.26751992331
1135.0 1.26739968898
1140.0 1.26729428136
1145.0 1.26719310678
1150.0 1.26708091229
1155.0 1.26697506992
1160.0 1.26685396992
1165.0 1.26674515508
1170.0 1.26664354025
1175.0 1.26653005805
1180.0 1.26641191186
1185.0 1.2663208822
1190.0 1.26620612034
1195.0 1.26610237331
1200.0 1.26600243729
1205.0 1.26589063475
1210.0 1.26578857542
1215.0 1.26568185339
1220.0 1.26559292585
1225.0 1.26550526737
1230.0 1.26540997966
1235.0 1.26530918093
1240.0 1.26521897458
1245.0 1.26512537712
1250.0 1.26504999831
1255.0 1.26495427754
1260.0 1.26487296314
1265.0 1.26479588432
1270.0 1.26471202415
1275.0 1.26463663771
1280.0 1.26456294407
1285.0 1.26448840212
1290.0 1.26441851949
1295.0 1.26435117797
1300.0 1.26428341186
1305.0 1.26421988136
1310.0 1.26415804449
1315.0 1.26409747754
1320.0 1.26403987585
1325.0 1.2639839678
1330.0 1.26392975339
1335.0 1.26387808008
1340.0 1.26382810042
1345.0 1.2637793911
1350.0 1.26373322288
1355.0 1.26368874831
1360.0 1.2636459678
1365.0 1.26360488093
1370.0 1.26356548771
1375.0 1.26352736483
1380.0 1.26349135932
1385.0 1.26345662415
1390.0 1.2634231589
1395.0 1.26339138729
1400.0 1.26336088644
1405.0 1.26333165508
1410.0 1.26330369407
1415.0 1.26327700339
1420.0 1.26325158263
1425.0 1.2632274322
1430.0 1.26320412839
1435.0 1.26318167076
1440.0 1.2631604839
1445.0 1.26314014322
1450.0 1.26312064873
1455.0 1.26310200127
1460.0 1.26308462415
1465.0 1.26306766949
1470.0 1.26305156186
1475.0 1.26303630085
1480.0 1.26302146271
1485.0 1.26300959025
1490.0 1.26299305508
1495.0 1.26297906186
1500.0 1.26297100127
1505.0 1.26295700678
1510.0 1.26294513051
1515.0 1.26293664364
1520.0 1.26292434195
1525.0 1.26291924407
1530.0 1.26290439915
1535.0 1.26290014746
1540.0 1.26288996271
1545.0 1.26288443856
1550.0 1.26287510085
1555.0 1.26286872881
1560.0 1.26286235593
1565.0 1.26285725424
1570.0 1.26285003347
1575.0 1.26284662585
1580.0 1.26283982839
1585.0 1.26283642034
1590.0 1.26283216525
1595.0 1.2628279089
1600.0 1.26282365339
1605.0 1.26281939746
1610.0 1.26281683602
1615.0 1.26281596992
1620.0 1.26281256059
1625.0 1.26281127119
1630.0 1.26280828517
1635.0 1.2628078428
1640.0 1.26280782373
1645.0 1.26280526186
1650.0 1.26280609153
1655.0 1.26280607119
1660.0 1.26280520551
1665.0 1.26280688178
1670.0 1.26280686271
1675.0 1.26280811568
1680.0 1.26280979195
1685.0 1.26281062161
1690.0 1.26281356907
1695.0 1.26281609364
1700.0 1.26281734746
1705.0 1.26282071949
1710.0 1.26282493983
1715.0 1.26282661695
1720.0 1.26283041356
1725.0 1.26283548136
1730.0 1.26283800763
1735.0 1.26284392331
1740.0 1.26284856864
1745.0 1.26285024746
1750.0 1.26285658771
1755.0 1.26286080975
1760.0 1.26286545551
1765.0 1.26287222034
1770.0 1.26287856144
1775.0 1.26288532669
1780.0 1.26288955
1785.0 1.26289504449
1790.0 1.26290265763
1795.0 1.26290688178
1800.0 1.26291661398
1805.0 1.26292168602
1810.0 1.26292802924
1815.0 1.26293394915
1820.0 1.2629402928
1825.0 1.26294960254
1830.0 1.26295509958
1835.0 1.26296186737
1840.0 1.26296778856
1845.0 1.26297794661
1850.0 1.26298429195
1855.0 1.26299106102
1860.0 1.26299655932
1865.0 1.26300417627
1870.0 1.26301306441
1875.0 1.26301941059
1880.0 1.26302660424
1885.0 1.26303167966
1890.0 1.26303887373
1895.0 1.2630498822
1900.0 1.26305538136
1905.0 1.26306215297
1910.0 1.26306977119
1915.0 1.26307484788
1920.0 1.26308204322
1925.0 1.26308923898
1930.0 1.26309685847
1935.0 1.26310532542
1940.0 1.26310997924
1945.0 1.26311590424
1950.0 1.26312352458
1955.0 1.26312817881
1960.0 1.26313368093
1965.0 1.26314342034
1970.0 1.26314892288
1975.0 1.26315484873
1980.0 1.263160775
1985.0 1.26316458305
1990.0 1.26317008602
1995.0 1.26317982669
2000.0 1.26318363517
2005.0 1.26318786737
2010.0 1.26319506568
2015.0 1.26320014619
2020.0 1.26320437881
2025.0 1.26321030636
2030.0 1.26321665847
2035.0 1.26321962076
2040.0 1.26322554873
2045.0 1.26323062966
2050.0 1.2632340161
2055.0 1.26324079237
2060.0 1.26324417839
2065.0 1.26324756525
2070.0 1.26325349449
2075.0 1.26325688136
2080.0 1.26325984492
2085.0 1.26326577415
2090.0 1.26326958517
2095.0 1.26327254915
2100.0 1.26327636017
2105.0 1.26328101907
2110.0 1.26328355932
2115.0 1.2632861
2120.0 1.26328948814
2125.0 1.26329457119
2130.0 1.26329753559
2135.0 1.26329922924
2140.0 1.26330219364
2145.0 1.26330600593
2150.0 1.26330897119
2155.0 1.26331151229
2160.0 1.26331447754
2165.0 1.26331617161
2170.0 1.26332040805
2175.0 1.26332167839
2180.0 1.26332422034
2185.0 1.26332718559
2190.0 1.26332803305
2195.0 1.26333226949
2200.0 1.26333354068
2205.0 1.26333481144
2210.0 1.26333862458
2215.0 1.26333904873
2220.0 1.26334201441
2225.0 1.26334328559
2230.0 1.2633445572
2235.0 1.26334752288
2240.0 1.26334794746
2245.0 1.2633500661
2250.0 1.26335176102
2255.0 1.26335218559
2260.0 1.26335515127
2265.0 1.26335557585
2270.0 1.26335727119
2275.0 1.2633585428
2280.0 1.26335896737
2285.0 1.26336150975
2290.0 1.26336193475
2295.0 1.26336320636
2300.0 1.26336405424
2305.0 1.26336490297
2310.0 1.26336659831
2315.0 1.26336702288
2320.0 1.26336787119
2325.0 1.26336871907
2330.0 1.26336914407
2335.0 1.26337083941
2340.0 1.26337084068
2345.0 1.26337168898
2350.0 1.26337211356
2355.0 1.26337253814
2360.0 1.26337381017
2365.0 1.26337338771
2370.0 1.26337508347
2375.0 1.26337466102
2380.0 1.26337593305
2385.0 1.26337635763
2390.0 1.26337508771
2395.0 1.2633772072
2400.0 1.26337678475
2405.0 1.26337720975
2410.0 1.26337763432
2415.0 1.26337636441
2420.0 1.26337890763
2425.0 1.26337763771
2430.0 1.26337806271
2435.0 1.26337891102
2440.0 1.2633772178
2445.0 1.26337933686
2450.0 1.26337764364
2455.0 1.26337806822
2460.0 1.26337891653
2465.0 1.26337679958
2470.0 1.26337891864
2475.0 1.26337764915
2480.0 1.26337765042
2485.0 1.26337892203
2490.0 1.26337595805
2495.0 1.26337807712
2500.0 1.26337680763
2505.0 1.26337680847
2510.0 1.26337765678
2515.0 1.2633751161
2520.0 1.26337723475
2525.0 1.26337554153
2530.0 1.26337596653
2535.0 1.26337596695
2540.0 1.26337469746
2545.0 1.26337554534
2550.0 1.26337427585
2555.0 1.2633747
2560.0 1.26337343008
2565.0 1.26337300763
2570.0 1.26337385551
2575.0 1.26337173856
2580.0 1.26337300975
2585.0 1.26337131653
2590.0 1.2633717411
2595.0 1.26337174195
2600.0 1.26337047203
2605.0 1.26337089576
2610.0 1.26336920254
2615.0 1.26337005042
2620.0 1.26336793305
2625.0 1.26336878093
2630.0 1.26336793432
2635.0 1.26336708814
2640.0 1.26336835932
2645.0 1.26336539449
2650.0 1.26336708983
2655.0 1.26336539619
2660.0 1.26336497288
2665.0 1.26336624449
2670.0 1.26336328008
2675.0 1.26336497458
2680.0 1.2633628572
2685.0 1.26336328136
2690.0 1.26336243475
2695.0 1.26336158814
2700.0 1.26336285932
2705.0 1.26336116568
2710.0 1.26336116568
2715.0 1.2633607428
2720.0 1.26335989619
2725.0 1.26336074364
2730.0 1.26335777881
2735.0 1.26335947331
2740.0 1.26335777966
2745.0 1.26335735636
2750.0 1.26335862754
2755.0 1.26335566271
2760.0 1.2633573572
2765.0 1.26335651059
2770.0 1.26335566356
2775.0 1.26335651102
2780.0 1.26335396992
2785.0 1.26335566441
2790.0 1.26335354703
2795.0 1.26335397034
2800.0 1.26335312373
2805.0 1.26335270042
2810.0 1.26335397119
2815.0 1.26335185381
2820.0 1.26335270085
2825.0 1.26335185381
2830.0 1.26335143051
2835.0 1.26335227797
2840.0 1.26334931271
2845.0 1.26335143093
2850.0 1.26334973686
2855.0 1.26334931271
2860.0 1.26335016017
2865.0 1.2633480428
2870.0 1.26335016102
2875.0 1.26334846695
2880.0 1.26334846653
2885.0 1.26334846653
2890.0 1.26334677246
2895.0 1.26334846653
2900.0 1.26334677288
2905.0 1.26334677203
2910.0 1.26334634873
2915.0 1.26334550169
2920.0 1.26334719619
2925.0 1.26334507881
2930.0 1.26334677288
2935.0 1.26334550212
2940.0 1.26334507881
2945.0 1.26334634958
2950.0 1.26334380805
2955.0 1.26334550169
2960.0 1.26334380763
2965.0 1.26334338432
2970.0 1.26334465466
2975.0 1.26334296059
2980.0 1.26334465466
2985.0 1.26334338432
2990.0 1.26334338432
2995.0 1.26334423136
3000.0 1.26334253729
3005.0 1.2633438072
3010.0 1.26334211356
3015.0 1.2633433839
3020.0 1.2633433839
3025.0 1.2633412661
3030.0 1.26334295975
3035.0 1.2633412661
3040.0 1.26334253686
3045.0 1.26334168898
3050.0 1.26334041864
3055.0 1.26334253602
3060.0 1.26334084237
3065.0 1.26334168898
3070.0 1.26334126483
3075.0 1.26334084195
3080.0 1.26334168856
3085.0 1.26333999449
3090.0 1.26334168856
3095.0 1.2633404178
3100.0 1.26334126525
3105.0 1.2633408411
3110.0 1.26333957034
3115.0 1.26334168814
3120.0 1.26333914661
3125.0 1.26334041695
3130.0 1.26333956949
3135.0 1.26333999364
3140.0 1.26334126398
3145.0 1.26333872246
3150.0 1.26334084025
3155.0 1.26333956949
3160.0 1.26333999322
3165.0 1.26334041653
3170.0 1.26333829831
3175.0 1.26334083983
3180.0 1.26333872203
3185.0 1.26333956864
3190.0 1.26333872119
3195.0 1.26333914534
3200.0 1.26334083941
3205.0 1.26333872119
3210.0 1.26334041568
3215.0 1.26333914449
3220.0 1.26333956822
3225.0 1.26334041525
3230.0 1.26333787373
3235.0 1.2633399911
3240.0 1.26333872076
3245.0 1.2633395678
3250.0 1.26333956737
3255.0 1.26333787331
3260.0 1.26333999068
3265.0 1.26333872034
3270.0 1.26333999068
3275.0 1.26333871949
3280.0 1.26333871949
3285.0 1.26333956653
3290.0 1.26333871949
3295.0 1.26333999025
3300.0 1.2633391428
3305.0 1.26333956653
3310.0 1.2633395661
3315.0 1.26333871907
3320.0 1.26333998941
3325.0 1.26333829492
3330.0 1.26333956568
3335.0 1.26333914195
3340.0 1.26333914237
3345.0 1.26334041271
3350.0 1.26333871864
3355.0 1.26333998898
3360.0 1.26333914195
3365.0 1.26333914195
3370.0 1.26333956483
3375.0 1.26333871822
3380.0 1.26333998856
3385.0 1.26333914153
3390.0 1.26333998898
3395.0 1.26333956483
3400.0 1.26333956483
3405.0 1.26333998814
3410.0 1.2633391411
3415.0 1.26333998814
3420.0 1.26333914068
3425.0 1.26333998814
3430.0 1.26333998771
3435.0 1.26333914068
3440.0 1.26334083475
3445.0 1.26333956441
3450.0 1.26334041144
3455.0 1.26333998729
3460.0 1.26333914025
3465.0 1.26334083475
3470.0 1.26333956398
3475.0 1.26334083475
3480.0 1.26333998729
3485.0 1.26333998729
3490.0 1.26333998686
3495.0 1.26333998729
3500.0 1.26334083432
3505.0 1.26333998729
3510.0 1.26334125805
3515.0 1.26334041059
3520.0 1.26334041059
3525.0 1.26334125763
3530.0 1.26333956314
3535.0 1.26334125763
3540.0 1.26333998644
3545.0 1.2633408339
3550.0 1.2633408339
3555.0 1.26333998686
3560.0 1.26334168093
3565.0 1.26334041017
3570.0 1.2633412572
3575.0 1.26334083347
3580.0 1.2633412572
3585.0 1.26334125678
3590.0 1.26334040975
3595.0 1.26334125678
3600.0 1.26334040975
3605.0 1.26334125678
3610.0 1.26334168051
3615.0 1.26334040975
3620.0 1.26334210424
3625.0 1.26334083347
3630.0 1.26334210424
3635.0 1.26334125678
3640.0 1.26334083305
3645.0 1.26334252754
3650.0 1.26334040932
3655.0 1.26334210381
3660.0 1.26334125678
3665.0 1.26334083263
3670.0 1.26334252754
3675.0 1.26334083305
3680.0 1.26334252754
3685.0 1.26334125678
3690.0 1.26334168008
3695.0 1.26334252712
3700.0 1.26334125678
3705.0 1.26334295085
3710.0 1.26334125636
3715.0 1.26334252712
3720.0 1.26334210381
3725.0 1.26334168008
3730.0 1.26334295085
3735.0 1.26334125636
3740.0 1.26334295085
3745.0 1.26334125636
3750.0 1.26334252754
3755.0 1.26334295085
3760.0 1.26334125636
3765.0 1.26334337415
3770.0 1.26334168008
3775.0 1.26334210339
3780.0 1.26334252712
3785.0 1.26334168008
3790.0 1.26334337415
3795.0 1.26334168008
3800.0 1.26334295042
3805.0 1.26334295085
3810.0 1.26334252754
3815.0 1.26334337415
3820.0 1.26334210381
3825.0 1.26334295042
3830.0 1.26334210339
3835.0 1.26334252712
3840.0 1.26334252669
3845.0 1.26334210381
3850.0 1.26334337415
3855.0 1.26334210339
3860.0 1.26334337458
3865.0 1.26334295085
3870.0 1.26334295085
3875.0 1.26334379788
3880.0 1.26334168008
3885.0 1.26334337415
3890.0 1.26334252712
3895.0 1.26334252712
3900.0 1.26334379788
3905.0 1.26334168008
3910.0 1.26334422161
3915.0 1.26334252712
3920.0 1.26334337458
3925.0 1.26334337415
3930.0 1.26334210381
3935.0 1.26334422161
3940.0 1.26334252754
3945.0 1.26334337458
3950.0 1.26334252712
3955.0 1.26334295085
3960.0 1.26334379788
3965.0 1.26334210381
3970.0 1.26334422161
3975.0 1.26334295085
3980.0 1.26334379831
3985.0 1.26334337415
3990.0 1.26334210381
3995.0 1.26334422161
4000.0 1.26334210339
4005.0 1.26334379831
4010.0 1.26334379831
4015.0 1.26334210381
4020.0 1.26334464534
4025.0 1.26334210381
4030.0 1.26334422161
4035.0 1.26334337458
4040.0 1.26334252754
4045.0 1.26334464534
4050.0 1.26334252754
4055.0 1.26334422161
4060.0 1.26334252712
4065.0 1.26334337458
4070.0 1.26334379788
4075.0 1.26334210381
4080.0 1.26334422161
4085.0 1.26334295127
4090.0 1.26334422203
4095.0 1.26334295085
4100.0 1.26334295127
4105.0 1.26334422161
4110.0 1.26334210381
4115.0 1.26334422161
4120.0 1.26334252754
4125.0 1.26334295127
4130.0 1.26334422161
4135.0 1.26334210424
4140.0 1.26334464534
4145.0 1.26334252754
4150.0 1.26334337458
4155.0 1.26334464534
4160.0 1.26334295169
4165.0 1.26334464534
4170.0 1.26334252797
4175.0 1.26334422203
4180.0 1.26334337458
4185.0 1.26334252797
4190.0 1.26334422203
4195.0 1.26334252797
4200.0 1.26334379831
4205.0 1.263343375
4210.0 1.263343375
4215.0 1.26334422203
4220.0 1.26334252797
4225.0 1.26334422203
4230.0 1.26334252797
4235.0 1.263343375
4240.0 1.26334337458
4245.0 1.26334252797
4250.0 1.26334422203
4255.0 1.26334210424
4260.0 1.26334422246
4265.0 1.26334379873
4270.0 1.26334295169
4275.0 1.26334422203
4280.0 1.26334252797
4285.0 1.26334422203
4290.0 1.26334295127
4295.0 1.26334252797
4300.0 1.26334379831
4305.0 1.26334252797
4310.0 1.26334422203
4315.0 1.26334295169
4320.0 1.26334379873
4325.0 1.26334422246
4330.0 1.26334295169
4335.0 1.26334422203
4340.0 1.26334252797
4345.0 1.263343375
4350.0 1.26334295127
4355.0 1.26334295169
4360.0 1.26334379873
4365.0 1.26334252839
4370.0 1.26334464619
4375.0 1.26334295169
4380.0 1.26334337542
4385.0 1.26334422203
4390.0 1.26334252839
4395.0 1.26334422203
4400.0 1.26334252797
4405.0 1.26334337542
4410.0 1.263343375
4415.0 1.26334210466
4420.0 1.26334464576
4425.0 1.26334252839
4430.0 1.26334379873
4435.0 1.26334379873
4440.0 1.26334337585
4445.0 1.26334422246
4450.0 1.26334252839
4455.0 1.26334379873
4460.0 1.26334252797
4465.0 1.26334295169
4470.0 1.263343375
4475.0 1.26334210466
4480.0 1.26334422246
4485.0 1.26334295169
4490.0 1.26334379915
4495.0 1.26334379873
4500.0 1.26334210466
4505.0 1.26334422246
4510.0 1.26334210466
4515.0 1.26334379915
4520.0 1.26334295169
4525.0 1.26334252839
4530.0 1.26334464619
4535.0 1.26334210466
4540.0 1.26334422246
4545.0 1.26334295169
4550.0 1.26334337585
4555.0 1.26334379873
4560.0 1.26334210508
4565.0 1.26334422246
4570.0 1.26334210424
4575.0 1.26334295169
4580.0 1.26334295169
4585.0 1.26334210466
4590.0 1.26334422246
4595.0 1.26334252839
4600.0 1.26334422288
4605.0 1.26334337542
4610.0 1.26334210466
4615.0 1.26334422246
4620.0 1.26334168093
4625.0 1.26334379915
4630.0 1.26334210466
4635.0 1.26334295212
4640.0 1.26334379873
4645.0 1.26334210466
4650.0 1.26334422246
4655.0 1.26334252839
4660.0 1.26334337542
4665.0 1.26334422288
4670.0 1.26334210508
4675.0 1.26334422246
4680.0 1.26334210466
4685.0 1.26334337542
4690.0 1.26334379915
4695.0 1.26334210508
4700.0 1.26334422246
4705.0 1.26334210466
4710.0 1.26334379915
4715.0 1.26334295169
4720.0 1.26334252839
4725.0 1.26334422246
4730.0 1.26334210508
4735.0 1.26334379873
4740.0 1.26334210466
4745.0 1.26334379915
4750.0 1.263343375
4755.0 1.26334210466
4760.0 1.26334422246
4765.0 1.26334210466
4770.0 1.26334379915
4775.0 1.26334379915
4780.0 1.26334210466
4785.0 1.26334422246
4790.0 1.26334210466
4795.0 1.26334379915
4800.0 1.26334295169
4805.0 1.26334168136
4810.0 1.26334379873
4815.0 1.26334210508
4820.0 1.26334379873
4825.0 1.26334210466
4830.0 1.26334295212
4835.0 1.26334422246
4840.0 1.26334210508
4845.0 1.26334379873
4850.0 1.26334210466
4855.0 1.26334252797
4860.0 1.26334295127
4865.0 1.26334210508
4870.0 1.26334379873
4875.0 1.26334210466
4880.0 1.26334295169
4885.0 1.26334295169
4890.0 1.26334252839
4895.0 1.26334422246
4900.0 1.26334210508
4905.0 1.26334379873
4910.0 1.26334252839
4915.0 1.26334252839
4920.0 1.263343375
4925.0 1.26334168136
4930.0 1.26334422246
4935.0 1.26334210466
4940.0 1.26334337585
4945.0 1.26334379915
4950.0 1.26334252839
4955.0 1.26334422246
4960.0 1.26334252839
4965.0 1.26334295169
4970.0 1.26334295169
4975.0 1.26334210466
4980.0 1.263343375
4985.0 1.26334210466
4990.0 1.26334379873
4995.0 1.26334295169
5000.0 1.26334337585
