5.0 -14.9647516186
10.0 -9.09891978814
15.0 -3.14256272881
20.0 -0.493913669492
25.0 0.244860762712
30.0 0.305854868644
35.0 0.22866470339
40.0 0.182247911017
45.0 0.174070427966
50.0 0.178827779661
55.0 0.179391872881
60.0 0.1810975
65.0 0.184034724576
70.0 0.186470283898
75.0 0.188791538136
80.0 0.191325487288
85.0 0.193837830508
90.0 0.196234525424
95.0 0.198683220339
100.0 0.200986550847
105.0 0.203001745763
110.0 0.204868233051
115.0 0.206493864407
120.0 0.207761436441
125.0 0.208722576271
130.0 0.209406673729
135.0 0.209808792373
140.0 0.209895262712
145.0 0.209746309322
150.0 0.209346860169
155.0 0.208732165254
160.0 0.207931898305
165.0 0.206980949153
170.0 0.205896161017
175.0 0.204724830508
180.0 0.203480216102
185.0 0.202229139831
190.0 0.200968504237
195.0 0.199655877119
200.0 0.198396665254
205.0 0.197146826271
210.0 0.195972877119
215.0 0.194833694915
220.0 0.193720788136
225.0 0.192634618644
230.0 0.191605686441
235.0 0.190609779661
240.0 0.189610021186
245.0 0.188632737288
250.0 0.187686262712
255.0 0.186746211864
260.0 0.185813889831
265.0 0.184823360169
270.0 0.183860245763
275.0 0.182950648305
280.0 0.182022004237
285.0 0.181032898305
290.0 0.180100508475
295.0 0.17917375
300.0 0.178219661017
305.0 0.17727820339
310.0 0.176344347458
315.0 0.17540845339
320.0 0.17448179661
325.0 0.173561266949
330.0 0.172648415254
335.0 0.17174345339
340.0 0.170848809322
345.0 0.169964262712
350.0 0.169091127119
355.0 0.168231220339
360.0 0.167385139831
365.0 0.166554055085
370.0 0.165735449153
375.0 0.164933088983
380.0 0.164145127119
385.0 0.163375355932
390.0 0.162621072034
395.0 0.161886805085
400.0 0.16115809322
405.0 0.160466105932
410.0 0.1597985
415.0 0.159145588983
420.0 0.158521584746
425.0 0.157908110169
430.0 0.157323686441
435.0 0.156756813559
440.0 0.156199855932
445.0 0.155690868644
450.0 0.155196580932
455.0 0.154733536017
460.0 0.154288290254
465.0 0.153885877966
470.0 0.153499531356
475.0 0.153134634746
480.0 0.152792460593
485.0 0.152518507627
490.0 0.152232933051
495.0 0.151984752966
500.0 0.151758951695
505.0 0.151569292797
510.0 0.151396091102
515.0 0.151259227542
520.0 0.151136926695
525.0 0.151048660593
530.0 0.150975700847
535.0 0.150933533898
540.0 0.150905748305
545.0 0.150907714407
550.0 0.150917681356
555.0 0.150958184746
560.0 0.151003948305
565.0 0.151076549576
570.0 0.15115132839
575.0 0.151250065678
580.0 0.151350225847
585.0 0.151467949153
590.0 0.151586451695
595.0 0.151730936441
600.0 0.151868554661
605.0 0.152019130932
610.0 0.152166760593
615.0 0.15232766822
620.0 0.152482818644
625.0 0.152646620763
630.0 0.152806191525
635.0 0.15297221822
640.0 0.153128691102
645.0 0.153289904661
650.0 0.153443077542
655.0 0.153597379237
660.0 0.153743679661
665.0 0.153898393644
670.0 0.154036544492
675.0 0.154177388983
680.0 0.15431167161
685.0 0.154449451695
690.0 0.154577788983
695.0 0.154707971186
700.0 0.15483832839
705.0 0.15495769661
710.0 0.155080454237
715.0 0.155189847034
720.0 0.155282769915
725.0 0.155387922881
730.0 0.155501563136
735.0 0.155601192797
740.0 0.155685120763
745.0 0.155778739407
750.0 0.155858391525
755.0 0.155943040254
760.0 0.156009253814
765.0 0.156077547458
770.0 0.156144500847
775.0 0.156205135169
780.0 0.156253537288
785.0 0.156305578814
790.0 0.156347299576
795.0 0.156389448305
800.0 0.156419997881
805.0 0.156451777119
810.0 0.156471200424
815.0 0.156494572458
820.0 0.15650528178
825.0 0.156519222458
830.0 0.156520751695
835.0 0.15652564322
840.0 0.15651837839
845.0 0.156515023729
850.0 0.156498788559
855.0 0.156487527966
860.0 0.156463721186
865.0 0.156444294915
870.0 0.156413204237
875.0 0.156387005085
880.0 0.156349135169
885.0 0.156315907203
890.0 0.156273331356
895.0 0.156234633475
900.0 0.156186710593
905.0 0.156142580508
910.0 0.156089424153
915.0 0.156040398729
920.0 0.155982973305
925.0 0.155929636864
930.0 0.155868314407
935.0 0.155811251271
940.0 0.155746570339
945.0 0.155686357627
950.0 0.155618980932
955.0 0.155556161017
960.0 0.155486594068
965.0 0.155421755932
970.0 0.155350582203
975.0 0.155284222881
980.0 0.155211897458
985.0 0.155144472458
990.0 0.155071407203
995.0 0.155003415254
1000.0 0.154930152966
1005.0 0.154862218644
1010.0 0.154789338983
1015.0 0.154721872881
1020.0 0.154649702542
1025.0 0.154583033051
1030.0 0.154511986864
1035.0 0.154446571186
1040.0 0.154376765678
1045.0 0.154314117373
1050.0 0.154244779661
1055.0 0.15418349322
1060.0 0.154116603814
1065.0 0.154056963136
1070.0 0.153994034746
1075.0 0.153939165254
1080.0 0.153877022034
1085.0 0.153821457627
1090.0 0.153761773305
1095.0 0.153711547034
1100.0 0.153658283051
1105.0 0.15361167161
1110.0 0.153559009746
1115.0 0.153512886017
1120.0 0.153463575424
1125.0 0.153422594068
1130.0 0.153378500847
1135.0 0.153338508475
1140.0 0.153297380508
1145.0 0.153259304237
1150.0 0.153220755508
1155.0 0.153186699576
1160.0 0.153152241949
1165.0 0.153119741525
1170.0 0.153087498729
1175.0 0.153060873305
1180.0 0.153030607203
1185.0 0.153001986017
1190.0 0.152973593644
1195.0 0.152950420763
1200.0 0.152924541102
1205.0 0.152901900847
1210.0 0.152876926695
1215.0 0.152857189407
1220.0 0.152834677966
1225.0 0.152814580508
1230.0 0.152793594915
1235.0 0.152777109746
1240.0 0.152757611864
1245.0 0.152740044915
1250.0 0.152721605085
1255.0 0.152705199576
1260.0 0.152687691102
1265.0 0.152671551271
1270.0 0.152654125
1275.0 0.152638252966
1280.0 0.152621625
1285.0 0.152605424576
1290.0 0.152588369492
1295.0 0.152572097034
1300.0 0.152555500424
1305.0 0.152538431356
1310.0 0.152520772881
1315.0 0.152503330085
1320.0 0.152485581356
1325.0 0.152466828814
1330.0 0.15244759661
1335.0 0.152428255085
1340.0 0.152408638559
1345.0 0.152387644915
1350.0 0.152366166525
1355.0 0.152344454661
1360.0 0.152322380932
1365.0 0.152298761441
1370.0 0.152274572034
1375.0 0.152250106356
1380.0 0.152225278814
1385.0 0.15219869322
1390.0 0.152171580085
1395.0 0.152144190678
1400.0 0.152116438983
1405.0 0.152086845339
1410.0 0.152056765678
1415.0 0.152026494492
1420.0 0.151995060169
1425.0 0.151962797881
1430.0 0.151930173729
1435.0 0.151896848729
1440.0 0.151862695339
1445.0 0.151827839831
1450.0 0.151792282203
1455.0 0.151755979237
1460.0 0.151719016525
1465.0 0.151681265254
1470.0 0.151642938983
1475.0 0.151603908898
1480.0 0.151564260169
1485.0 0.151524033475
1490.0 0.151483229237
1495.0 0.151441804237
1500.0 0.151399842797
1505.0 0.151357386864
1510.0 0.151314350847
1515.0 0.151270861864
1520.0 0.151226876695
1525.0 0.151182479661
1530.0 0.151137627542
1535.0 0.151092405085
1540.0 0.151046811441
1545.0 0.151000888559
1550.0 0.150953322881
1555.0 0.150907161017
1560.0 0.150861007203
1565.0 0.150814691102
1570.0 0.150767960593
1575.0 0.150720304661
1580.0 0.150671175847
1585.0 0.150625603814
1590.0 0.150578599153
1595.0 0.150530369068
1600.0 0.150482608051
1605.0 0.150435146186
1610.0 0.150387602119
1615.0 0.150340144492
1620.0 0.150292857203
1625.0 0.150245697458
1630.0 0.150201033898
1635.0 0.150153448729
1640.0 0.150105314831
1645.0 0.150060058051
1650.0 0.150012510593
1655.0 0.149967585593
1660.0 0.149923208475
1665.0 0.149876919915
1670.0 0.149832956356
1675.0 0.149789497881
1680.0 0.149744930932
1685.0 0.149702094068
1690.0 0.149658275424
1695.0 0.149616567373
1700.0 0.149576459746
1705.0 0.149534520763
1710.0 0.149493462712
1715.0 0.149452605508
1720.0 0.149413473729
1725.0 0.149374754661
1730.0 0.1493367
1735.0 0.149298975
1740.0 0.149261996186
1745.0 0.14922576822
1750.0 0.149189863559
1755.0 0.149154580508
1760.0 0.149118435169
1765.0 0.149084900424
1770.0 0.149050799153
1775.0 0.149019477119
1780.0 0.148986741525
1785.0 0.148954792373
1790.0 0.148921554661
1795.0 0.1488944
1800.0 0.148863160169
1805.0 0.148833849576
1810.0 0.148805241949
1815.0 0.148776655085
1820.0 0.148751227119
1825.0 0.148723957203
1830.0 0.148697133051
1835.0 0.148671305508
1840.0 0.148646091949
1845.0 0.148621874153
1850.0 0.148598355932
1855.0 0.14857464661
1860.0 0.148551974153
1865.0 0.148530084746
1870.0 0.148508004237
1875.0 0.148486960593
1880.0 0.148466487288
1885.0 0.148446245339
1890.0 0.148426488559
1895.0 0.148407259746
1900.0 0.148388262288
1905.0 0.14837034322
1910.0 0.148352273305
1915.0 0.148335154661
1920.0 0.148318012288
1925.0 0.14830177839
1930.0 0.148285520339
1935.0 0.14826983178
1940.0 0.148254627966
1945.0 0.148239612288
1950.0 0.148225292373
1955.0 0.148211329237
1960.0 0.1481973
1965.0 0.148184009746
1970.0 0.148171075847
1975.0 0.148158160593
1980.0 0.148145897881
1985.0 0.148133824153
1990.0 0.148122149576
1995.0 0.148110788983
2000.0 0.148099701271
2005.0 0.148088927966
2010.0 0.148078469068
2015.0 0.148068239831
2020.0 0.148058367797
2025.0 0.148048725847
2030.0 0.148039398305
2035.0 0.148030300424
2040.0 0.148021475
2045.0 0.14801292161
2050.0 0.148004640678
2055.0 0.147996589831
2060.0 0.147988811017
2065.0 0.147981261864
2070.0 0.147973985593
2075.0 0.147966938983
2080.0 0.147960122881
2085.0 0.147953578814
2090.0 0.147947222881
2095.0 0.147941138983
2100.0 0.147935285593
2105.0 0.147929662712
2110.0 0.147924312288
2115.0 0.147919149576
2120.0 0.147914260169
2125.0 0.147909475
2130.0 0.14790504661
2135.0 0.147900932627
2140.0 0.147897050424
2145.0 0.147893397458
2150.0 0.147889849153
2155.0 0.147886615678
2160.0 0.147883613136
2165.0 0.147880841949
2170.0 0.147878301271
2175.0 0.147875991525
2180.0 0.147873955085
2185.0 0.147872107627
2190.0 0.147870533475
2195.0 0.147869148305
2200.0 0.147868036864
2205.0 0.14786715678
2210.0 0.147866508475
2215.0 0.147866133898
2220.0 0.147865948305
2225.0 0.147865994915
2230.0 0.147866315678
2235.0 0.14786686822
2240.0 0.147867610593
2245.0 0.147868627119
2250.0 0.147869876271
2255.0 0.147871526271
2260.0 0.147873027966
2265.0 0.147875016525
2270.0 0.147877364407
2275.0 0.147879440254
2280.0 0.147881960169
2285.0 0.14788521822
2290.0 0.147888497881
2295.0 0.147891591102
2300.0 0.147895042797
2305.0 0.147899108475
2310.0 0.147903198305
2315.0 0.147907225
2320.0 0.147911866525
2325.0 0.147916701271
2330.0 0.147921346186
2335.0 0.147926691102
2340.0 0.147932186864
2345.0 0.147937409322
2350.0 0.147943037288
2355.0 0.147948897034
2360.0 0.147956093644
2365.0 0.147962047458
2370.0 0.147967730085
2375.0 0.147974491525
2380.0 0.14798212161
2385.0 0.147989397458
2390.0 0.147996280085
2395.0 0.148003268644
2400.0 0.148010789407
2405.0 0.148019475424
2410.0 0.148027980085
2415.0 0.148034564831
2420.0 0.148042994492
2425.0 0.148051277119
2430.0 0.148060434322
2435.0 0.14806949661
2440.0 0.148077694492
2445.0 0.148085748729
2450.0 0.148094802966
2455.0 0.148104732203
2460.0 0.148113588983
2465.0 0.148123069915
2470.0 0.14813151822
2475.0 0.148141558475
2480.0 0.148150740678
2485.0 0.148161008051
2490.0 0.148170797458
2495.0 0.14818074322
2500.0 0.148189998729
2505.0 0.148200977542
2510.0 0.148211096186
2515.0 0.148220990678
2520.0 0.148230663559
2525.0 0.148241679661
2530.0 0.148251962288
2535.0 0.148262064831
2540.0 0.148271946186
2545.0 0.148283171186
2550.0 0.148293579661
2555.0 0.148303850847
2560.0 0.148313816949
2565.0 0.148324620339
2570.0 0.148335412288
2575.0 0.148346025847
2580.0 0.14835650339
2585.0 0.148367183475
2590.0 0.148377727542
2595.0 0.148388390254
2600.0 0.148398960169
2605.0 0.148409606356
2610.0 0.148420202119
2615.0 0.148430790254
2620.0 0.148441370763
2625.0 0.148451944492
2630.0 0.148462511864
2635.0 0.148473072034
2640.0 0.148483583898
2645.0 0.148494088983
2650.0 0.148504588136
2655.0 0.148515039407
2660.0 0.148525484322
2665.0 0.14853588178
2670.0 0.148546273729
2675.0 0.14855661822
2680.0 0.148566915254
2685.0 0.148577207627
2690.0 0.148587495763
2695.0 0.148597694492
2700.0 0.148607889407
2705.0 0.148618037712
2710.0 0.148628182627
2715.0 0.148638280932
2720.0 0.148648333898
2725.0 0.148658341525
2730.0 0.148668302542
2735.0 0.148678558051
2740.0 0.148688260593
2745.0 0.148697960169
2750.0 0.148708080508
2755.0 0.148717733475
2760.0 0.148727299153
2765.0 0.148737286864
2770.0 0.14874685
2775.0 0.148756325847
2780.0 0.148766139407
2785.0 0.148775570763
2790.0 0.148784916102
2795.0 0.14879455678
2800.0 0.148803858475
2805.0 0.148813073729
2810.0 0.148822585593
2815.0 0.148831758051
2820.0 0.148840845339
2825.0 0.148850144492
2830.0 0.148859189407
2835.0 0.148868107627
2840.0 0.148877237288
2845.0 0.148886113559
2850.0 0.148894905508
2855.0 0.148903825424
2860.0 0.148912534322
2865.0 0.148921158898
2870.0 0.148929869492
2875.0 0.148938623305
2880.0 0.148946701271
2885.0 0.148955288136
2890.0 0.148963876695
2895.0 0.148972085593
2900.0 0.148979322458
2905.0 0.14898804322
2910.0 0.148997697034
2915.0 0.149003966102
2920.0 0.14901332839
2925.0 0.149020279237
2930.0 0.149028925424
2935.0 0.149035498305
2940.0 0.149044066102
2945.0 0.149051195339
2950.0 0.149059216949
2955.0 0.149066520763
2960.0 0.149073319915
2965.0 0.149081561864
2970.0 0.149089003814
2975.0 0.14909555678
2980.0 0.14910355339
2985.0 0.149111174576
2990.0 0.149117188136
2995.0 0.149125788136
3000.0 0.149130622458
3005.0 0.149139060593
3010.0 0.149143607627
3015.0 0.149151969068
3020.0 0.149157072458
3025.0 0.149164255508
3030.0 0.149170595763
3035.0 0.149176940254
3040.0 0.149183034322
3045.0 0.149189302542
3050.0 0.149195447458
3055.0 0.149201385169
3060.0 0.149207455085
3065.0 0.149213062288
3070.0 0.149219013559
3075.0 0.149224758051
3080.0 0.149230209746
3085.0 0.149235878814
3090.0 0.149241383051
3095.0 0.149246722458
3100.0 0.149251939407
3105.0 0.149257416525
3110.0 0.149262261864
3115.0 0.149267664407
3120.0 0.149272435169
3125.0 0.149277296186
3130.0 0.149282205085
3135.0 0.149287077119
3140.0 0.149291657203
3145.0 0.149296200424
3150.0 0.149300748729
3155.0 0.149305175424
3160.0 0.149309480508
3165.0 0.149313663559
3170.0 0.149317937288
3175.0 0.149322004237
3180.0 0.149326076695
3185.0 0.149329942797
3190.0 0.149333814831
3195.0 0.149337607627
3200.0 0.149341278814
3205.0 0.149344913136
3210.0 0.149348468644
3215.0 0.149351902542
3220.0 0.149355257627
3225.0 0.149358576271
3230.0 0.149361815254
3235.0 0.149364975424
3240.0 0.149367972458
3245.0 0.149370975
3250.0 0.149373940678
3255.0 0.149376742797
3260.0 0.149379466102
3265.0 0.149382152966
3270.0 0.14938480339
3275.0 0.149387289831
3280.0 0.149389739407
3285.0 0.149392110593
3290.0 0.149394402966
3295.0 0.149396658475
3300.0 0.149398792797
3305.0 0.149400848305
3310.0 0.149402909746
3315.0 0.149404807203
3320.0 0.14940666822
3325.0 0.149408492797
3330.0 0.149410196186
3335.0 0.149411862712
3340.0 0.149413450424
3345.0 0.149414958898
3350.0 0.149416388983
3355.0 0.14941778178
3360.0 0.149419095763
3365.0 0.149420330932
3370.0 0.149421529237
3375.0 0.149422648729
3380.0 0.149423731356
3385.0 0.149424692797
3390.0 0.149425616949
3395.0 0.149426504661
3400.0 0.149427313559
3405.0 0.149428042797
3410.0 0.149428735169
3415.0 0.149429348729
3420.0 0.149429925424
3425.0 0.149430422458
3430.0 0.149430882627
3435.0 0.149431263983
3440.0 0.149431608051
3445.0 0.149431872458
3450.0 0.149432142797
3455.0 0.149432290678
3460.0 0.149432402119
3465.0 0.149432476271
3470.0 0.149432513136
3475.0 0.149432470339
3480.0 0.149432390678
3485.0 0.149432273729
3490.0 0.149432076695
3495.0 0.149431842797
3500.0 0.14943157161
3505.0 0.149431220339
3510.0 0.149430874576
3515.0 0.149430448305
3520.0 0.149429985169
3525.0 0.149429441949
3530.0 0.14942890339
3535.0 0.149428327542
3540.0 0.14942767161
3545.0 0.149426977966
3550.0 0.149426288983
3555.0 0.149425519915
3560.0 0.149424712712
3565.0 0.14942386822
3570.0 0.149422985593
3575.0 0.149422065254
3580.0 0.149421149576
3585.0 0.149420152966
3590.0 0.149419119068
3595.0 0.14941804661
3600.0 0.14941697839
3605.0 0.149415830085
3610.0 0.149414685593
3615.0 0.149413502966
3620.0 0.149412239831
3625.0 0.149411023305
3630.0 0.149409725424
3635.0 0.149408389407
3640.0 0.149407015254
3645.0 0.149405644915
3650.0 0.14940427839
3655.0 0.149402830932
3660.0 0.149401344915
3665.0 0.149399862288
3670.0 0.149398341525
3675.0 0.149396824153
3680.0 0.149395267797
3685.0 0.149393672881
3690.0 0.149392038983
3695.0 0.149390408475
3700.0 0.149388738983
3705.0 0.149387073305
3710.0 0.14938536822
3715.0 0.149383666525
3720.0 0.149381883051
3725.0 0.149380144915
3730.0 0.14937836822
3735.0 0.149376552119
3740.0 0.149374738983
3745.0 0.149372886441
3750.0 0.149371036864
3755.0 0.149369147458
3760.0 0.149367303814
3765.0 0.14936537839
3770.0 0.149363455508
3775.0 0.149361535169
3780.0 0.149359575
3785.0 0.149357617797
3790.0 0.149355620763
3795.0 0.149353668644
3800.0 0.149351634322
3805.0 0.149349644915
3810.0 0.149347615678
3815.0 0.149345588559
3820.0 0.14934352161
3825.0 0.14934145678
3830.0 0.149339394068
3835.0 0.149337333898
3840.0 0.149335233051
3845.0 0.149333134322
3850.0 0.149331038136
3855.0 0.149328943644
3860.0 0.149326808898
3865.0 0.149324676271
3870.0 0.149322545339
3875.0 0.149320416102
3880.0 0.149318288559
3885.0 0.149316120763
3890.0 0.149313954661
3895.0 0.149311832627
3900.0 0.149309669492
3905.0 0.149307466102
3910.0 0.149305306356
3915.0 0.149303147881
3920.0 0.149300948729
3925.0 0.149298793644
3930.0 0.149296597458
3935.0 0.149294444492
3940.0 0.149292250847
3945.0 0.149290058475
3950.0 0.149287867373
3955.0 0.149285719915
3960.0 0.149283530932
3965.0 0.14928134322
3970.0 0.14927915678
3975.0 0.149277013559
3980.0 0.149274828814
3985.0 0.149272645339
3990.0 0.149270462712
3995.0 0.149268322881
4000.0 0.149266141949
4005.0 0.149264004237
4010.0 0.149261824576
4015.0 0.149259688559
4020.0 0.149257510169
4025.0 0.149255375424
4030.0 0.149253241102
4035.0 0.149251107203
4040.0 0.149249016525
4045.0 0.149246883898
4050.0 0.149244751695
4055.0 0.149242662288
4060.0 0.149240573305
4065.0 0.149238484746
4070.0 0.14923639661
4075.0 0.149234308475
4080.0 0.149232263136
4085.0 0.14923021822
4090.0 0.149228173729
4095.0 0.149226128814
4100.0 0.149224126695
4105.0 0.149222082627
4110.0 0.149220038559
4115.0 0.149218079237
4120.0 0.149216077119
4125.0 0.149214117797
4130.0 0.149212158475
4135.0 0.149210199153
4140.0 0.149208239831
4145.0 0.149206322458
4150.0 0.149204405085
4155.0 0.149202529661
4160.0 0.149200569915
4165.0 0.149198694492
4170.0 0.149196902966
4175.0 0.149195027119
4180.0 0.149193108475
4185.0 0.149191358475
4190.0 0.149189524153
4195.0 0.149187731356
4200.0 0.149185938559
4205.0 0.149184187288
4210.0 0.14918239322
4215.0 0.149180683475
4220.0 0.149178930932
4225.0 0.149177262712
4230.0 0.149175509322
4235.0 0.149173839831
4240.0 0.149172169915
4245.0 0.149170541525
4250.0 0.149168870339
4255.0 0.149167198729
4260.0 0.14916565339
4265.0 0.149164107203
4270.0 0.149162475847
4275.0 0.14916092839
4280.0 0.149159380085
4285.0 0.149157830932
4290.0 0.149156366102
4295.0 0.149154858051
4300.0 0.149153391525
4305.0 0.149151923729
4310.0 0.149150752119
4315.0 0.149148944492
4320.0 0.149147346186
4325.0 0.14914659661
4330.0 0.149145040254
4335.0 0.149143397881
4340.0 0.149141881356
4345.0 0.149140745763
4350.0 0.149139609746
4355.0 0.149138386864
4360.0 0.149136867373
4365.0 0.149136025
4370.0 0.149133993644
4375.0 0.149133826271
4380.0 0.14913204661
4385.0 0.149130520339
4390.0 0.149130095763
4395.0 0.14912848178
4400.0 0.149127589407
4405.0 0.149126609746
4410.0 0.149124697034
4415.0 0.149124393644
4420.0 0.149123029237
4425.0 0.149122257203
4430.0 0.149120806356
4435.0 0.149120667373
4440.0 0.149119087712
4445.0 0.149118141525
4450.0 0.149117237288
4455.0 0.149116458051
4460.0 0.149115213559
4465.0 0.149114516525
4470.0 0.149113437712
4475.0 0.149112612712
4480.0 0.149111446186
4485.0 0.14911138178
4490.0 0.14911029661
4495.0 0.149109255932
4500.0 0.149108635593
4505.0 0.149108013983
4510.0 0.149106969492
4515.0 0.149106302119
4520.0 0.149105805508
4525.0 0.149104840254
4530.0 0.149104255508
4535.0 0.149103627542
4540.0 0.149103082627
4545.0 0.149102409322
4550.0 0.149101480508
4555.0 0.149101102119
4560.0 0.149100424576
4565.0 0.149100000847
4570.0 0.149099363983
4575.0 0.149098725424
4580.0 0.149098340678
4585.0 0.149097614831
4590.0 0.149097227542
4595.0 0.149096795763
4600.0 0.149096193644
4605.0 0.149095802119
4610.0 0.149095451695
4615.0 0.149095014831
4620.0 0.149094450424
4625.0 0.149094224153
4630.0 0.149093783051
4635.0 0.149093426695
4640.0 0.149093154237
4645.0 0.149092667797
4650.0 0.149092476695
4655.0 0.149092115678
4660.0 0.149091794068
4665.0 0.149091600847
4670.0 0.149091277542
4675.0 0.149091207627
4680.0 0.149090840254
4685.0 0.149090683475
4690.0 0.149090439831
4695.0 0.149090238559
4700.0 0.149090077966
4705.0 0.149089916102
4710.0 0.149089710593
4715.0 0.149089547034
4720.0 0.149089466102
4725.0 0.149089299576
4730.0 0.149089259746
4735.0 0.149089175
4740.0 0.149089089831
4745.0 0.149089045339
4750.0 0.149088958475
4755.0 0.149088912712
4760.0 0.149088865254
4765.0 0.149088900424
4770.0 0.149088851271
4775.0 0.149088844068
4780.0 0.149088875847
4785.0 0.149088865254
4790.0 0.149088939831
4795.0 0.149089009746
4800.0 0.149088997034
4805.0 0.149089109746
4810.0 0.149089219492
4815.0 0.14908920339
4820.0 0.149089440254
4825.0 0.149089505085
4830.0 0.149089526695
4835.0 0.149089761441
4840.0 0.149089822881
4845.0 0.149090011441
4850.0 0.149090115678
4855.0 0.149090301695
4860.0 0.14909057161
4865.0 0.149090545763
4870.0 0.149090856356
4875.0 0.149091123305
4880.0 0.149091136864
4885.0 0.149091529661
4890.0 0.149091751271
4895.0 0.149091803814
4900.0 0.149092279661
4905.0 0.149092413983
4910.0 0.149092589831
4915.0 0.149093021186
4920.0 0.149093110169
4925.0 0.149093452966
4930.0 0.149093712712
4935.0 0.149094052542
4940.0 0.149094266525
4945.0 0.149094650424
4950.0 0.149094903814
4955.0 0.149095199576
4960.0 0.149095538136
4965.0 0.149095789831
4970.0 0.149096252119
4975.0 0.149096504661
4980.0 0.149096837712
4985.0 0.149097256356
4990.0 0.149097463559
4995.0 0.149097879661
5000.0 0.149098337712
