5.0 -24.2912118644
10.0 -14.798279661
15.0 -5.15480508475
20.0 -0.866226694915
25.0 0.326994237288
30.0 0.421785889831
35.0 0.294285635593
40.0 0.217854194915
45.0 0.204150932203
50.0 0.21157190678
55.0 0.212054279661
60.0 0.214245677966
65.0 0.218519957627
70.0 0.221840254237
75.0 0.224890169492
80.0 0.228214661017
85.0 0.231422288136
90.0 0.234364745763
95.0 0.237266101695
100.0 0.23988059322
105.0 0.242020508475
110.0 0.243872627119
115.0 0.245381483051
120.0 0.246341694915
125.0 0.246847754237
130.0 0.246988644068
135.0 0.246761694915
140.0 0.246106355932
145.0 0.245162542373
150.0 0.243915508475
155.0 0.242419788136
160.0 0.240717754237
165.0 0.238866144068
170.0 0.236872923729
175.0 0.234817033898
180.0 0.232717457627
185.0 0.230668559322
190.0 0.228654025424
195.0 0.226612881356
200.0 0.224689237288
205.0 0.222829067797
210.0 0.221107118644
215.0 0.219475677966
220.0 0.217890254237
225.0 0.216389830508
230.0 0.214962711864
235.0 0.213622118644
240.0 0.212264491525
245.0 0.210973771186
250.0 0.209707161017
255.0 0.208476525424
260.0 0.207232711864
265.0 0.20593190678
270.0 0.204641398305
275.0 0.203451271186
280.0 0.202208644068
285.0 0.200893474576
290.0 0.199632711864
295.0 0.198398559322
300.0 0.197095042373
305.0 0.19582529661
310.0 0.194538050847
315.0 0.19326279661
320.0 0.191972711864
325.0 0.190706398305
330.0 0.189423220339
335.0 0.188166313559
340.0 0.18689690678
345.0 0.185657372881
350.0 0.184407584746
355.0 0.183192542373
360.0 0.181971652542
365.0 0.180788432203
370.0 0.179597542373
375.0 0.178446313559
380.0 0.177291016949
385.0 0.176178813559
390.0 0.175064830508
395.0 0.173996737288
400.0 0.172910847458
405.0 0.171898686441
410.0 0.170900635593
415.0 0.169941228814
420.0 0.169003432203
425.0 0.168095381356
430.0 0.167211440678
435.0 0.166368135593
440.0 0.165515847458
445.0 0.164756483051
450.0 0.163998432203
455.0 0.163304237288
460.0 0.162615381356
465.0 0.162014364407
470.0 0.161415720339
475.0 0.160862584746
480.0 0.160321271186
485.0 0.159921271186
490.0 0.159472584746
495.0 0.159093898305
500.0 0.158733855932
505.0 0.158450720339
510.0 0.158171186441
515.0 0.157966016949
520.0 0.157763389831
525.0 0.15763279661
530.0 0.157505720339
535.0 0.157445381356
540.0 0.157387245763
545.0 0.157393220339
550.0 0.157394364407
555.0 0.157458177966
560.0 0.15751470339
565.0 0.15762779661
570.0 0.157727966102
575.0 0.157881440678
580.0 0.158019788136
585.0 0.158204279661
590.0 0.158371059322
595.0 0.158593855932
600.0 0.158789745763
605.0 0.15902529661
610.0 0.159238220339
615.0 0.159490889831
620.0 0.159717118644
625.0 0.159976525424
630.0 0.160211271186
635.0 0.160476483051
640.0 0.160709067797
645.0 0.160969830508
650.0 0.161200338983
655.0 0.161453855932
660.0 0.161677033898
665.0 0.161934364407
670.0 0.162149745763
675.0 0.162389533898
680.0 0.162602457627
685.0 0.162841355932
690.0 0.163049449153
695.0 0.16328059322
700.0 0.163496016949
705.0 0.163713940678
710.0 0.163921864407
715.0 0.164129491525
720.0 0.164294025424
725.0 0.164495508475
730.0 0.164698898305
735.0 0.164897542373
740.0 0.165056525424
745.0 0.165248474576
750.0 0.165405932203
755.0 0.165587415254
760.0 0.165725677966
765.0 0.16588529661
770.0 0.166030466102
775.0 0.166181228814
780.0 0.166298983051
785.0 0.166439025424
790.0 0.166550677966
795.0 0.166678644068
800.0 0.166775508475
805.0 0.166889194915
810.0 0.166969491525
815.0 0.167074449153
820.0 0.167144067797
825.0 0.167236271186
830.0 0.167295042373
835.0 0.167377245763
840.0 0.167422966102
845.0 0.167492627119
850.0 0.16752690678
855.0 0.167586398305
860.0 0.16761059322
865.0 0.167659067797
870.0 0.167673855932
875.0 0.167713305085
880.0 0.167718983051
885.0 0.167749533898
890.0 0.167748305085
895.0 0.167771525424
900.0 0.167763177966
905.0 0.167778898305
910.0 0.167763559322
915.0 0.167772457627
920.0 0.167751186441
925.0 0.167754025424
930.0 0.167727372881
935.0 0.167724788136
940.0 0.167693474576
945.0 0.167686355932
950.0 0.167651228814
955.0 0.167640084746
960.0 0.167601779661
965.0 0.167587584746
970.0 0.16754690678
975.0 0.167530211864
980.0 0.167487754237
985.0 0.167469152542
990.0 0.167425508475
995.0 0.167405635593
1000.0 0.167361525424
1005.0 0.167341271186
1010.0 0.1672975
1015.0 0.167277415254
1020.0 0.16723440678
1025.0 0.167214957627
1030.0 0.167173262712
1035.0 0.167155
1040.0 0.167115
1045.0 0.167099279661
1050.0 0.16706029661
1055.0 0.167046228814
1060.0 0.167010381356
1065.0 0.166998686441
1070.0 0.166967584746
1075.0 0.16696029661
1080.0 0.16693029661
1085.0 0.166922838983
1090.0 0.166897372881
1095.0 0.166897161017
1100.0 0.166878644068
1105.0 0.166881059322
1110.0 0.166863940678
1115.0 0.166867838983
1120.0 0.166856271186
1125.0 0.166866101695
1130.0 0.166859788136
1135.0 0.166871059322
1140.0 0.166868686441
1145.0 0.166882754237
1150.0 0.166884322034
1155.0 0.166902288136
1160.0 0.166908432203
1165.0 0.166927881356
1170.0 0.166937457627
1175.0 0.166962711864
1180.0 0.166972881356
1185.0 0.166996652542
1190.0 0.167011737288
1195.0 0.167040338983
1200.0 0.167057584746
1205.0 0.167088050847
1210.0 0.167107161017
1215.0 0.167138050847
1220.0 0.167159661017
1225.0 0.167191694915
1230.0 0.167215127119
1235.0 0.167249025424
1240.0 0.16727309322
1245.0 0.167305720339
1250.0 0.167331779661
1255.0 0.167364491525
1260.0 0.16739059322
1265.0 0.167423135593
1270.0 0.167449618644
1275.0 0.167480805085
1280.0 0.167506991525
1285.0 0.16753720339
1290.0 0.167563262712
1295.0 0.167591483051
1300.0 0.167616567797
1305.0 0.167643262712
1310.0 0.167667330508
1315.0 0.167691398305
1320.0 0.167713686441
1325.0 0.167735762712
1330.0 0.167756101695
1335.0 0.167775338983
1340.0 0.167793262712
1345.0 0.167810169492
1350.0 0.167825508475
1355.0 0.167839449153
1360.0 0.167852076271
1365.0 0.167863305085
1370.0 0.167872881356
1375.0 0.167881016949
1380.0 0.167887754237
1385.0 0.167892838983
1390.0 0.167896271186
1395.0 0.167898262712
1400.0 0.167898940678
1405.0 0.167897754237
1410.0 0.167895
1415.0 0.167890889831
1420.0 0.167885
1425.0 0.167877542373
1430.0 0.167868983051
1435.0 0.167858771186
1440.0 0.167846864407
1445.0 0.167833516949
1450.0 0.167818601695
1455.0 0.167802076271
1460.0 0.167784025424
1465.0 0.167764364407
1470.0 0.167743305085
1475.0 0.167720762712
1480.0 0.167696779661
1485.0 0.167671440678
1490.0 0.16764470339
1495.0 0.167616610169
1500.0 0.167587161017
1505.0 0.167556398305
1510.0 0.167524364407
1515.0 0.167491059322
1520.0 0.167456525424
1525.0 0.167420847458
1530.0 0.167383983051
1535.0 0.167346016949
1540.0 0.167306991525
1545.0 0.16726690678
1550.0 0.167224618644
1555.0 0.167183135593
1560.0 0.167140974576
1565.0 0.167097923729
1570.0 0.167053728814
1575.0 0.167007966102
1580.0 0.166959957627
1585.0 0.166915466102
1590.0 0.166868813559
1595.0 0.166820084746
1600.0 0.166771440678
1605.0 0.166722711864
1610.0 0.166673347458
1615.0 0.166623559322
1620.0 0.166573432203
1625.0 0.166523050847
1630.0 0.166475169492
1635.0 0.166423644068
1640.0 0.16637059322
1645.0 0.166320127119
1650.0 0.166267330508
1655.0 0.166216822034
1660.0 0.166166440678
1665.0 0.166113813559
1670.0 0.166063177966
1675.0 0.16601279661
1680.0 0.165960932203
1685.0 0.165910550847
1690.0 0.165858855932
1695.0 0.165809025424
1700.0 0.165760635593
1705.0 0.165710084746
1710.0 0.165660211864
1715.0 0.165610211864
1720.0 0.165561864407
1725.0 0.165513644068
1730.0 0.165465932203
1735.0 0.165418177966
1740.0 0.165371101695
1745.0 0.16532470339
1750.0 0.165278220339
1755.0 0.165232330508
1760.0 0.165185169492
1765.0 0.165140805085
1770.0 0.165095550847
1775.0 0.165053177966
1780.0 0.165008940678
1785.0 0.164965338983
1790.0 0.164920127119
1795.0 0.164881694915
1800.0 0.164838220339
1805.0 0.164796779661
1810.0 0.164755847458
1815.0 0.164714788136
1820.0 0.164677542373
1825.0 0.1646375
1830.0 0.164597669492
1835.0 0.164558898305
1840.0 0.164520762712
1845.0 0.164483516949
1850.0 0.164447076271
1855.0 0.164409915254
1860.0 0.164373983051
1865.0 0.164338813559
1870.0 0.164302923729
1875.0 0.164268262712
1880.0 0.164234152542
1885.0 0.164199957627
1890.0 0.164166228814
1895.0 0.164132923729
1900.0 0.164099576271
1905.0 0.164067542373
1910.0 0.164035
1915.0 0.164003516949
1920.0 0.163971652542
1925.0 0.163940889831
1930.0 0.163909788136
1935.0 0.163879237288
1940.0 0.163849110169
1945.0 0.163818898305
1950.0 0.163789576271
1955.0 0.163760466102
1960.0 0.163730889831
1965.0 0.16370220339
1970.0 0.163673855932
1975.0 0.163645169492
1980.0 0.163617372881
1985.0 0.163589449153
1990.0 0.163561949153
1995.0 0.163534618644
2000.0 0.163507542373
2005.0 0.163480677966
2010.0 0.163454025424
2015.0 0.163427584746
2020.0 0.163401313559
2025.0 0.16337529661
2030.0 0.163349491525
2035.0 0.163323898305
2040.0 0.163298474576
2045.0 0.163273262712
2050.0 0.163248262712
2055.0 0.163223432203
2060.0 0.163198813559
2065.0 0.163174364407
2070.0 0.163150169492
2075.0 0.163126144068
2080.0 0.163102288136
2085.0 0.163078686441
2090.0 0.163055254237
2095.0 0.163032033898
2100.0 0.163009067797
2105.0 0.162986271186
2110.0 0.162963728814
2115.0 0.162941398305
2120.0 0.162919279661
2125.0 0.162896864407
2130.0 0.162875338983
2135.0 0.162854067797
2140.0 0.162833305085
2145.0 0.1628125
2150.0 0.162791737288
2155.0 0.162771398305
2160.0 0.162751228814
2165.0 0.162731313559
2170.0 0.162711652542
2175.0 0.162692330508
2180.0 0.162673220339
2185.0 0.16265440678
2190.0 0.162635847458
2195.0 0.162617627119
2200.0 0.162599618644
2205.0 0.162581949153
2210.0 0.162564576271
2215.0 0.162547457627
2220.0 0.162530677966
2225.0 0.162514194915
2230.0 0.162498008475
2235.0 0.162482161017
2240.0 0.162466610169
2245.0 0.162451355932
2250.0 0.162436440678
2255.0 0.162421610169
2260.0 0.1624075
2265.0 0.162393898305
2270.0 0.162380211864
2275.0 0.162366652542
2280.0 0.162353898305
2285.0 0.162341186441
2290.0 0.162329067797
2295.0 0.162316652542
2300.0 0.162305720339
2305.0 0.16229440678
2310.0 0.162283347458
2315.0 0.16227309322
2320.0 0.16226279661
2325.0 0.162252966102
2330.0 0.162243728814
2335.0 0.162234491525
2340.0 0.162225635593
2345.0 0.162217372881
2350.0 0.162208771186
2355.0 0.16220190678
2360.0 0.162194745763
2365.0 0.162186016949
2370.0 0.162179661017
2375.0 0.162173177966
2380.0 0.162167923729
2385.0 0.162161864407
2390.0 0.16215529661
2395.0 0.162149872881
2400.0 0.162145932203
2405.0 0.162141567797
2410.0 0.162137033898
2415.0 0.162132033898
2420.0 0.162128389831
2425.0 0.162125635593
2430.0 0.162122923729
2435.0 0.162119661017
2440.0 0.162116186441
2445.0 0.162113813559
2450.0 0.1621125
2455.0 0.162110932203
2460.0 0.162108601695
2465.0 0.162106991525
2470.0 0.16210529661
2475.0 0.162105254237
2480.0 0.162104322034
2485.0 0.162103983051
2490.0 0.162103855932
2495.0 0.162103898305
2500.0 0.162103940678
2505.0 0.162104830508
2510.0 0.162105381356
2515.0 0.162106186441
2520.0 0.162106991525
2525.0 0.162108474576
2530.0 0.162109872881
2535.0 0.162111440678
2540.0 0.162112966102
2545.0 0.162115169492
2550.0 0.162117245763
2555.0 0.162119491525
2560.0 0.162121652542
2565.0 0.162124194915
2570.0 0.162127288136
2575.0 0.162130127119
2580.0 0.162133008475
2585.0 0.162136313559
2590.0 0.162139533898
2595.0 0.162142966102
2600.0 0.162146525424
2605.0 0.162150211864
2610.0 0.162154025424
2615.0 0.162157923729
2620.0 0.162161949153
2625.0 0.162166101695
2630.0 0.162170338983
2635.0 0.16217470339
2640.0 0.162179194915
2645.0 0.162183771186
2650.0 0.162188432203
2655.0 0.162193220339
2660.0 0.16219809322
2665.0 0.162203050847
2670.0 0.162208135593
2675.0 0.162213262712
2680.0 0.162218516949
2685.0 0.162223855932
2690.0 0.162229279661
2695.0 0.162234788136
2700.0 0.162240423729
2705.0 0.162246101695
2710.0 0.162251864407
2715.0 0.162257711864
2720.0 0.162263686441
2725.0 0.16226970339
2730.0 0.162275889831
2735.0 0.16228220339
2740.0 0.162288347458
2745.0 0.162294618644
2750.0 0.162301228814
2755.0 0.162307627119
2760.0 0.162314067797
2765.0 0.162320932203
2770.0 0.162327542373
2775.0 0.162334279661
2780.0 0.162341313559
2785.0 0.162348177966
2790.0 0.162355084746
2795.0 0.162362288136
2800.0 0.162369364407
2805.0 0.162376440678
2810.0 0.162383855932
2815.0 0.162391101695
2820.0 0.162398347458
2825.0 0.162405932203
2830.0 0.162413305085
2835.0 0.162420720339
2840.0 0.162428432203
2845.0 0.162435932203
2850.0 0.162443516949
2855.0 0.162451313559
2860.0 0.162458983051
2865.0 0.162466652542
2870.0 0.162474576271
2875.0 0.162482542373
2880.0 0.162489957627
2885.0 0.162498008475
2890.0 0.162506101695
2895.0 0.162513898305
2900.0 0.162520889831
2905.0 0.162529533898
2910.0 0.162539110169
2915.0 0.162544957627
2920.0 0.162554618644
2925.0 0.162561694915
2930.0 0.162570677966
2935.0 0.162577330508
2940.0 0.162586483051
2945.0 0.162594025424
2950.0 0.162602542373
2955.0 0.162610550847
2960.0 0.162617923729
2965.0 0.162627033898
2970.0 0.162635423729
2975.0 0.162642881356
2980.0 0.162651822034
2985.0 0.162660466102
2990.0 0.162667542373
2995.0 0.162677881356
3000.0 0.162683305085
3005.0 0.162693813559
3010.0 0.162698898305
3015.0 0.162709533898
3020.0 0.162715635593
3025.0 0.162724872881
3030.0 0.162732627119
3035.0 0.162740805085
3040.0 0.162748686441
3045.0 0.162756822034
3050.0 0.162764872881
3055.0 0.16277279661
3060.0 0.162780932203
3065.0 0.162788601695
3070.0 0.162796694915
3075.0 0.16280470339
3080.0 0.162812288136
3085.0 0.162820338983
3090.0 0.162828135593
3095.0 0.162835974576
3100.0 0.162843559322
3105.0 0.162851610169
3110.0 0.162858898305
3115.0 0.162866949153
3120.0 0.162874364407
3125.0 0.162881864407
3130.0 0.16288940678
3135.0 0.162897118644
3140.0 0.162904533898
3145.0 0.162911822034
3150.0 0.162919279661
3155.0 0.162926610169
3160.0 0.162933855932
3165.0 0.162940974576
3170.0 0.162948305085
3175.0 0.162955423729
3180.0 0.162962584746
3185.0 0.162969533898
3190.0 0.162976567797
3195.0 0.162983474576
3200.0 0.162990381356
3205.0 0.16299720339
3210.0 0.163004025424
3215.0 0.163010720339
3220.0 0.163017288136
3225.0 0.163023983051
3230.0 0.16303059322
3235.0 0.163037076271
3240.0 0.163043432203
3245.0 0.163049788136
3250.0 0.163056228814
3255.0 0.1630625
3260.0 0.163068644068
3265.0 0.163074745763
3270.0 0.163080889831
3275.0 0.163086864407
3280.0 0.163092838983
3285.0 0.163098728814
3290.0 0.163104576271
3295.0 0.163110338983
3300.0 0.163116059322
3305.0 0.163121652542
3310.0 0.163127288136
3315.0 0.163132754237
3320.0 0.163138262712
3325.0 0.163143601695
3330.0 0.163148983051
3335.0 0.163154194915
3340.0 0.16315940678
3345.0 0.163164533898
3350.0 0.163169618644
3355.0 0.163174618644
3360.0 0.163179576271
3365.0 0.16318440678
3370.0 0.163189237288
3375.0 0.163193983051
3380.0 0.163198686441
3385.0 0.163203305085
3390.0 0.163207838983
3395.0 0.163212330508
3400.0 0.163216779661
3405.0 0.163221101695
3410.0 0.163225423729
3415.0 0.163229661017
3420.0 0.163233813559
3425.0 0.163237923729
3430.0 0.163241991525
3435.0 0.163245932203
3440.0 0.163249872881
3445.0 0.163253728814
3450.0 0.1632575
3455.0 0.163261228814
3460.0 0.163264915254
3465.0 0.163268516949
3470.0 0.163272033898
3475.0 0.163275508475
3480.0 0.163278940678
3485.0 0.163282288136
3490.0 0.163285635593
3495.0 0.163288813559
3500.0 0.163291991525
3505.0 0.163295127119
3510.0 0.163298177966
3515.0 0.163301144068
3520.0 0.163304110169
3525.0 0.163306949153
3530.0 0.163309788136
3535.0 0.163312542373
3540.0 0.163315254237
3545.0 0.163317881356
3550.0 0.163320466102
3555.0 0.163322966102
3560.0 0.163325423729
3565.0 0.163327838983
3570.0 0.163330211864
3575.0 0.1633325
3580.0 0.16333470339
3585.0 0.16333690678
3590.0 0.163339025424
3595.0 0.163341101695
3600.0 0.16334309322
3605.0 0.163345084746
3610.0 0.163346949153
3615.0 0.163348813559
3620.0 0.163350550847
3625.0 0.163352372881
3630.0 0.163354067797
3635.0 0.163355677966
3640.0 0.163357245763
3645.0 0.163358771186
3650.0 0.163360254237
3655.0 0.163361737288
3660.0 0.16336309322
3665.0 0.16336440678
3670.0 0.163365635593
3675.0 0.163366864407
3680.0 0.163368050847
3685.0 0.163369237288
3690.0 0.16337029661
3695.0 0.163371313559
3700.0 0.163372245763
3705.0 0.163373177966
3710.0 0.163374110169
3715.0 0.163374957627
3720.0 0.163375762712
3725.0 0.163376483051
3730.0 0.163377161017
3735.0 0.16337779661
3740.0 0.163378432203
3745.0 0.163379025424
3750.0 0.163379533898
3755.0 0.16338
3760.0 0.163380381356
3765.0 0.163380762712
3770.0 0.163381144068
3775.0 0.163381483051
3780.0 0.163381694915
3785.0 0.16338190678
3790.0 0.163382118644
3795.0 0.163382245763
3800.0 0.163382288136
3805.0 0.163382372881
3810.0 0.163382372881
3815.0 0.163382330508
3820.0 0.163382245763
3825.0 0.163382161017
3830.0 0.163381991525
3835.0 0.163381822034
3840.0 0.163381610169
3845.0 0.163381313559
3850.0 0.163381016949
3855.0 0.163380677966
3860.0 0.163380338983
3865.0 0.163379915254
3870.0 0.163379449153
3875.0 0.163378983051
3880.0 0.163378474576
3885.0 0.163377923729
3890.0 0.163377330508
3895.0 0.163376737288
3900.0 0.163376059322
3905.0 0.163375381356
3910.0 0.163374661017
3915.0 0.163373940678
3920.0 0.163373135593
3925.0 0.163372330508
3930.0 0.163371525424
3935.0 0.163370635593
3940.0 0.163369745763
3945.0 0.163368813559
3950.0 0.163367838983
3955.0 0.163366864407
3960.0 0.163365847458
3965.0 0.163364830508
3970.0 0.163363771186
3975.0 0.163362669492
3980.0 0.163361567797
3985.0 0.163360423729
3990.0 0.163359237288
3995.0 0.163358050847
4000.0 0.163356822034
4005.0 0.16335559322
4010.0 0.163354322034
4015.0 0.163353050847
4020.0 0.163351737288
4025.0 0.163350423729
4030.0 0.163349067797
4035.0 0.163347711864
4040.0 0.163346313559
4045.0 0.163344915254
4050.0 0.163343474576
4055.0 0.163342033898
4060.0 0.163340550847
4065.0 0.163339067797
4070.0 0.163337584746
4075.0 0.163336059322
4080.0 0.163334533898
4085.0 0.163332966102
4090.0 0.163331398305
4095.0 0.163329872881
4100.0 0.163328262712
4105.0 0.163326610169
4110.0 0.163325
4115.0 0.163323389831
4120.0 0.163321779661
4125.0 0.163320127119
4130.0 0.163318432203
4135.0 0.163316737288
4140.0 0.163315042373
4145.0 0.163313347458
4150.0 0.163311694915
4155.0 0.163309915254
4160.0 0.163308135593
4165.0 0.163306483051
4170.0 0.163304788136
4175.0 0.163302923729
4180.0 0.163301186441
4185.0 0.163299491525
4190.0 0.163297627119
4195.0 0.163295932203
4200.0 0.163294110169
4205.0 0.163292372881
4210.0 0.163290508475
4215.0 0.163288771186
4220.0 0.16328690678
4225.0 0.163285169492
4230.0 0.163283262712
4235.0 0.163281525424
4240.0 0.16327970339
4245.0 0.163277923729
4250.0 0.163276059322
4255.0 0.163274194915
4260.0 0.163272457627
4265.0 0.163270635593
4270.0 0.163268813559
4275.0 0.163266991525
4280.0 0.163265169492
4285.0 0.163263347458
4290.0 0.163261525424
4295.0 0.16325970339
4300.0 0.163257881356
4305.0 0.163256101695
4310.0 0.163254576271
4315.0 0.163252330508
4320.0 0.163250466102
4325.0 0.163249152542
4330.0 0.163247245763
4335.0 0.163245169492
4340.0 0.163243262712
4345.0 0.163241483051
4350.0 0.163240042373
4355.0 0.163238347458
4360.0 0.163236228814
4365.0 0.163234915254
4370.0 0.163232330508
4375.0 0.163231694915
4380.0 0.163229364407
4385.0 0.163227245763
4390.0 0.163226398305
4395.0 0.163224152542
4400.0 0.163222627119
4405.0 0.163221186441
4410.0 0.163218474576
4415.0 0.163217542373
4420.0 0.163215805085
4425.0 0.163214194915
4430.0 0.163212118644
4435.0 0.163211652542
4440.0 0.163209152542
4445.0 0.163207584746
4450.0 0.163206016949
4455.0 0.163204661017
4460.0 0.163202542373
4465.0 0.163201271186
4470.0 0.163199533898
4475.0 0.16319779661
4480.0 0.163195932203
4485.0 0.163195550847
4490.0 0.163193559322
4495.0 0.163191737288
4500.0 0.163190338983
4505.0 0.163189152542
4510.0 0.163187161017
4515.0 0.163185889831
4520.0 0.16318470339
4525.0 0.163182838983
4530.0 0.163181567797
4535.0 0.163180084746
4540.0 0.163178940678
4545.0 0.163177457627
4550.0 0.163175550847
4555.0 0.163174449153
4560.0 0.163173008475
4565.0 0.16317190678
4570.0 0.163170381356
4575.0 0.163168940678
4580.0 0.163167881356
4585.0 0.163166101695
4590.0 0.163165
4595.0 0.163163898305
4600.0 0.163162288136
4605.0 0.163161186441
4610.0 0.163160127119
4615.0 0.163158813559
4620.0 0.163157161017
4625.0 0.163156440678
4630.0 0.163155127119
4635.0 0.163153898305
4640.0 0.163152881356
4645.0 0.163151525424
4650.0 0.163150423729
4655.0 0.163149237288
4660.0 0.16314809322
4665.0 0.163147076271
4670.0 0.163146059322
4675.0 0.163145254237
4680.0 0.163143983051
4685.0 0.163143050847
4690.0 0.163142033898
4695.0 0.163140932203
4700.0 0.16314
4705.0 0.163138983051
4710.0 0.163137881356
4715.0 0.163136864407
4720.0 0.163136059322
4725.0 0.163134957627
4730.0 0.163134279661
4735.0 0.163133474576
4740.0 0.163132542373
4745.0 0.163131737288
4750.0 0.163130635593
4755.0 0.163129830508
4760.0 0.163129194915
4765.0 0.163128389831
4770.0 0.163127372881
4775.0 0.163126737288
4780.0 0.163126101695
4785.0 0.163125042373
4790.0 0.163124576271
4795.0 0.163123855932
4800.0 0.163122881356
4805.0 0.163122415254
4810.0 0.163121822034
4815.0 0.163120805085
4820.0 0.163120423729
4825.0 0.163119957627
4830.0 0.163118813559
4835.0 0.163118601695
4840.0 0.163118008475
4845.0 0.163117161017
4850.0 0.163116694915
4855.0 0.163116271186
4860.0 0.16311559322
4865.0 0.163114957627
4870.0 0.16311470339
4875.0 0.163114110169
4880.0 0.163113262712
4885.0 0.163113262712
4890.0 0.163112754237
4895.0 0.16311190678
4900.0 0.16311190678
4905.0 0.163111525424
4910.0 0.16311059322
4915.0 0.163110677966
4920.0 0.163110127119
4925.0 0.163109618644
4930.0 0.163109237288
4935.0 0.163109152542
4940.0 0.163108474576
4945.0 0.163108347458
4950.0 0.163108135593
4955.0 0.1631075
4960.0 0.163107415254
4965.0 0.163107118644
4970.0 0.163106864407
4975.0 0.163106355932
4980.0 0.163106483051
4985.0 0.163105974576
4990.0 0.163105720339
4995.0 0.163105720339
5000.0 0.163105466102
