5.0 -0.00155869491525
10.0 0.0219453050847
15.0 0.0143065758475
20.0 0.0154474008475
25.0 0.0131051745763
30.0 0.0124031690678
35.0 0.0125323338983
40.0 0.0119945508475
45.0 0.0119952894068
50.0 0.0119064872881
55.0 0.0118310470339
60.0 0.0118166822034
65.0 0.0117884012712
70.0 0.0117787483051
75.0 0.0117752118644
80.0 0.0117670788136
85.0 0.0117699351695
90.0 0.0117605716102
95.0 0.0117699868644
100.0 0.0117635241525
105.0 0.0117689432203
110.0 0.0117660368644
115.0 0.0117725834746
120.0 0.011773115678
125.0 0.0117757555085
130.0 0.0117787402542
135.0 0.0117793783898
140.0 0.0117793322034
145.0 0.0117795987288
150.0 0.0117816991525
155.0 0.0117823313559
160.0 0.0117839957627
165.0 0.0117843902542
170.0 0.0117858588983
175.0 0.0117860639831
180.0 0.0117871987288
185.0 0.0117873805085
190.0 0.0117884881356
195.0 0.0117881080508
200.0 0.0117890682203
205.0 0.0117888766949
210.0 0.0117895487288
215.0 0.0117893444915
220.0 0.0117900423729
225.0 0.0117896716102
230.0 0.0117900610169
235.0 0.0117895262712
240.0 0.0117899915254
245.0 0.0117895525424
250.0 0.0117899470339
255.0 0.0117894711864
260.0 0.0117899004237
265.0 0.0117894283898
270.0 0.0117899322034
275.0 0.0117894055085
280.0 0.0117899542373
285.0 0.0117894173729
290.0 0.0117899741525
295.0 0.0117894661017
300.0 0.0117899775424
305.0 0.0117894983051
310.0 0.0117899944915
315.0 0.0117895004237
320.0 0.0117900173729
325.0 0.0117894915254
330.0 0.0117900122881
335.0 0.0117894957627
340.0 0.0117899949153
345.0 0.0117894800847
350.0 0.0117899915254
355.0 0.011789454661
360.0 0.0117899792373
365.0 0.0117894474576
370.0 0.0117899563559
375.0 0.0117894483051
380.0 0.0117899423729
385.0 0.0117894402542
390.0 0.0117899487288
395.0 0.011789420339
400.0 0.01178995
405.0 0.0117894220339
410.0 0.0117899372881
415.0 0.0117894292373
420.0 0.0117899360169
425.0 0.0117894207627
430.0 0.0117899449153
435.0 0.0117894110169
440.0 0.011789945339
445.0 0.0117894173729
450.0 0.0117899351695
455.0 0.011789415678
460.0 0.0117899372881
465.0 0.011789409322
470.0 0.0117899394068
475.0 0.0117894122881
480.0 0.0117899338983
485.0 0.0117894135593
490.0 0.0117899334746
495.0 0.0117894097458
500.0 0.0117899338983
