5.0 -134.995338983
10.0 -84.5730932203
15.0 -32.7590635593
20.0 -7.88122881356
25.0 0.0937433050847
30.0 1.35934957627
35.0 0.992200847458
40.0 0.58120720339
45.0 0.374536355932
50.0 0.328714830508
55.0 0.336221144068
60.0 0.333762754237
65.0 0.32793059322
70.0 0.326476864407
75.0 0.324821779661
80.0 0.322331652542
85.0 0.321349322034
90.0 0.320227118644
95.0 0.319544110169
100.0 0.318987542373
105.0 0.318633559322
110.0 0.318432245763
115.0 0.318352033898
120.0 0.318370677966
125.0 0.318517372881
130.0 0.318561144068
135.0 0.318730254237
140.0 0.318911864407
145.0 0.319119915254
150.0 0.319367161017
155.0 0.319717711864
160.0 0.320031864407
165.0 0.320416483051
170.0 0.320837881356
175.0 0.321255423729
180.0 0.321678686441
185.0 0.32206059322
190.0 0.322410805085
195.0 0.32272529661
200.0 0.322963855932
205.0 0.323112669492
210.0 0.323194618644
215.0 0.323215127119
220.0 0.32314190678
225.0 0.322978516949
230.0 0.322735762712
235.0 0.322388728814
240.0 0.321952033898
245.0 0.321405720339
250.0 0.320748813559
255.0 0.319999110169
260.0 0.319123559322
265.0 0.318178262712
270.0 0.317109915254
275.0 0.315976864407
280.0 0.314792584746
285.0 0.313481483051
290.0 0.312146822034
295.0 0.310711313559
300.0 0.309251525424
305.0 0.30781440678
310.0 0.306320169492
315.0 0.304813940678
320.0 0.303293347458
325.0 0.301772923729
330.0 0.300280169492
335.0 0.298817372881
340.0 0.297384533898
345.0 0.295966822034
350.0 0.294544449153
355.0 0.29321059322
360.0 0.291939576271
365.0 0.290726483051
370.0 0.289557923729
375.0 0.28841220339
380.0 0.287294279661
385.0 0.286225635593
390.0 0.285182415254
395.0 0.284098728814
400.0 0.283101059322
405.0 0.282121398305
410.0 0.281169576271
415.0 0.280246652542
420.0 0.279331313559
425.0 0.278487118644
430.0 0.2776325
435.0 0.27683029661
440.0 0.276073474576
445.0 0.27529809322
450.0 0.274578305085
455.0 0.273961567797
460.0 0.273283644068
465.0 0.272684830508
470.0 0.272098813559
475.0 0.271659110169
480.0 0.271247584746
485.0 0.27083279661
490.0 0.270454533898
495.0 0.270168389831
500.0 0.269890127119
505.0 0.269650084746
510.0 0.269452881356
515.0 0.269261694915
520.0 0.269120338983
525.0 0.269041398305
530.0 0.268983898305
535.0 0.268940889831
540.0 0.268945847458
545.0 0.268985127119
550.0 0.269053855932
555.0 0.269169745763
560.0 0.269336059322
565.0 0.269553262712
570.0 0.269841440678
575.0 0.270212033898
580.0 0.270619661017
585.0 0.271128898305
590.0 0.271732161017
595.0 0.272393474576
600.0 0.273093855932
605.0 0.273855338983
610.0 0.274640338983
615.0 0.275571483051
620.0 0.276538813559
625.0 0.277543516949
630.0 0.278603559322
635.0 0.279706398305
640.0 0.280863050847
645.0 0.282080042373
650.0 0.28340309322
655.0 0.284751271186
660.0 0.28621440678
665.0 0.287698559322
670.0 0.289309957627
675.0 0.291025127119
680.0 0.292844576271
685.0 0.294841949153
690.0 0.296881991525
695.0 0.299123983051
700.0 0.301525466102
705.0 0.304062457627
710.0 0.306802118644
715.0 0.309743559322
720.0 0.312785042373
725.0 0.316063389831
730.0 0.319642838983
735.0 0.323295338983
740.0 0.327151991525
745.0 0.331318516949
750.0 0.335530254237
755.0 0.339899661017
760.0 0.344544025424
765.0 0.349151313559
770.0 0.353869237288
775.0 0.358762542373
780.0 0.363520974576
785.0 0.368344872881
790.0 0.373016822034
795.0 0.377442415254
800.0 0.381727838983
805.0 0.385895805085
810.0 0.389774194915
815.0 0.393281228814
820.0 0.396423347458
825.0 0.399069491525
830.0 0.401318813559
835.0 0.403279661017
840.0 0.404725550847
845.0 0.405744618644
850.0 0.406495550847
855.0 0.406970084746
860.0 0.407238728814
865.0 0.407391398305
870.0 0.407454322034
875.0 0.407455254237
880.0 0.407425042373
885.0 0.407354745763
890.0 0.407277669492
895.0 0.407182754237
900.0 0.407095677966
905.0 0.406986864407
910.0 0.406897923729
915.0 0.406804152542
920.0 0.406726059322
925.0 0.406634872881
930.0 0.406568347458
935.0 0.406501398305
940.0 0.406435381356
945.0 0.406392288136
950.0 0.406329788136
955.0 0.406276779661
960.0 0.406219533898
965.0 0.406148559322
970.0 0.406074067797
975.0 0.405977076271
980.0 0.405854533898
985.0 0.405710127119
990.0 0.405515084746
995.0 0.405284449153
1000.0 0.405010677966
1005.0 0.404686949153
1010.0 0.404313686441
1015.0 0.403900720339
1020.0 0.403438855932
1025.0 0.402927923729
1030.0 0.40237720339
1035.0 0.401784872881
1040.0 0.401158940678
1045.0 0.400496610169
1050.0 0.399806228814
1055.0 0.399085720339
1060.0 0.398350635593
1065.0 0.397573135593
1070.0 0.396798389831
1075.0 0.395991949153
1080.0 0.395175847458
1085.0 0.394343855932
1090.0 0.39349779661
1095.0 0.392646440678
1100.0 0.391830635593
1105.0 0.390965042373
1110.0 0.390121567797
1115.0 0.389272966102
1120.0 0.388421779661
1125.0 0.387493177966
1130.0 0.386671016949
1135.0 0.385847881356
1140.0 0.385001525424
1145.0 0.384103135593
1150.0 0.38330809322
1155.0 0.382519957627
1160.0 0.381719872881
1165.0 0.380885254237
1170.0 0.380153686441
1175.0 0.379436398305
1180.0 0.378716186441
1185.0 0.377968601695
1190.0 0.3773175
1195.0 0.376684364407
1200.0 0.376053177966
1205.0 0.375425508475
1210.0 0.374839449153
1215.0 0.374281271186
1220.0 0.373741567797
1225.0 0.373244830508
1230.0 0.372752542373
1235.0 0.372249788136
1240.0 0.371788644068
1245.0 0.371363728814
1250.0 0.370949915254
1255.0 0.370554533898
1260.0 0.37017529661
1265.0 0.369812288136
1270.0 0.3694675
1275.0 0.369136440678
1280.0 0.368823305085
1285.0 0.368517457627
1290.0 0.368241355932
1295.0 0.367978771186
1300.0 0.367729618644
1305.0 0.367494364407
1310.0 0.367283262712
1315.0 0.367083983051
1320.0 0.366909322034
1325.0 0.366747627119
1330.0 0.366611313559
1335.0 0.366492838983
1340.0 0.366397033898
1345.0 0.366322033898
1350.0 0.366269449153
1355.0 0.366234661017
1360.0 0.366228728814
1365.0 0.366244533898
1370.0 0.366284110169
1375.0 0.366347372881
1380.0 0.366435381356
1385.0 0.366546144068
1390.0 0.366681525424
1395.0 0.366838771186
1400.0 0.367019618644
1405.0 0.367220805085
1410.0 0.367444364407
1415.0 0.367682881356
1420.0 0.367950720339
1425.0 0.368219957627
1430.0 0.368513389831
1435.0 0.368808305085
1440.0 0.369119194915
1445.0 0.369442542373
1450.0 0.36977559322
1455.0 0.370119194915
1460.0 0.370474322034
1465.0 0.370799533898
1470.0 0.371145932203
1475.0 0.371493940678
1480.0 0.371813389831
1485.0 0.372146567797
1490.0 0.37247720339
1495.0 0.37277279661
1500.0 0.373078305085
1505.0 0.373374661017
1510.0 0.373639322034
1515.0 0.373906313559
1520.0 0.374155847458
1525.0 0.3744
1530.0 0.374613008475
1535.0 0.374814322034
1540.0 0.375008898305
1545.0 0.375185127119
1550.0 0.375347923729
1555.0 0.375493050847
1560.0 0.375633008475
1565.0 0.375762923729
1570.0 0.37587279661
1575.0 0.375968262712
1580.0 0.376053940678
1585.0 0.376127415254
1590.0 0.376190974576
1595.0 0.376242245763
1600.0 0.376283813559
1605.0 0.376313559322
1610.0 0.376333686441
1615.0 0.376343898305
1620.0 0.376342118644
1625.0 0.376332288136
1630.0 0.376313516949
1635.0 0.376284067797
1640.0 0.376248474576
1645.0 0.376198474576
1650.0 0.376146355932
1655.0 0.376083771186
1660.0 0.376013728814
1665.0 0.375935805085
1670.0 0.375851355932
1675.0 0.375759152542
1680.0 0.375660974576
1685.0 0.375555847458
1690.0 0.375445508475
1695.0 0.375328601695
1700.0 0.375207288136
1705.0 0.37508
1710.0 0.374948855932
1715.0 0.374811398305
1720.0 0.374673220339
1725.0 0.374520254237
1730.0 0.374378050847
1735.0 0.374222457627
1740.0 0.374077245763
1745.0 0.373924745763
1750.0 0.373761059322
1755.0 0.373610084746
1760.0 0.373445635593
1765.0 0.37327720339
1770.0 0.373126398305
1775.0 0.372960466102
1780.0 0.372793008475
1785.0 0.372639872881
1790.0 0.372474745763
1795.0 0.372307584746
1800.0 0.372159067797
1805.0 0.371997966102
1810.0 0.371837457627
1815.0 0.371691779661
1820.0 0.37153720339
1825.0 0.371382330508
1830.0 0.371246313559
1835.0 0.371100381356
1840.0 0.370965127119
1845.0 0.370826949153
1850.0 0.370687415254
1855.0 0.370563771186
1860.0 0.370444322034
1865.0 0.370324067797
1870.0 0.370202415254
1875.0 0.370095847458
1880.0 0.369994872881
1885.0 0.369895889831
1890.0 0.369801101695
1895.0 0.369710381356
1900.0 0.369624533898
1905.0 0.369537923729
1910.0 0.369465847458
1915.0 0.369401313559
1920.0 0.369338983051
1925.0 0.369280169492
1930.0 0.369228516949
1935.0 0.369180974576
1940.0 0.369140720339
1945.0 0.369104279661
1950.0 0.369074872881
1955.0 0.369049745763
1960.0 0.369031313559
1965.0 0.369017330508
1970.0 0.369009067797
1975.0 0.369006483051
1980.0 0.369010423729
1985.0 0.369017754237
1990.0 0.369031779661
1995.0 0.369049957627
2000.0 0.369074449153
2005.0 0.369102118644
2010.0 0.369135932203
2015.0 0.369174152542
2020.0 0.369218177966
2025.0 0.369264872881
2030.0 0.369316313559
2035.0 0.369371016949
2040.0 0.369430169492
2045.0 0.369492118644
2050.0 0.369558262712
2055.0 0.36962690678
2060.0 0.369698559322
2065.0 0.369772288136
2070.0 0.369849279661
2075.0 0.369927669492
2080.0 0.370008262712
2085.0 0.370090127119
2090.0 0.370173813559
2095.0 0.370258008475
2100.0 0.370343559322
2105.0 0.370429279661
2110.0 0.370515720339
2115.0 0.370601949153
2120.0 0.370688262712
2125.0 0.370774194915
2130.0 0.370859491525
2135.0 0.370947838983
2140.0 0.371030466102
2145.0 0.371108813559
2150.0 0.371189237288
2155.0 0.371277415254
2160.0 0.371352288136
2165.0 0.371420974576
2170.0 0.371500932203
2175.0 0.371582033898
2180.0 0.371648177966
2185.0 0.371707923729
2190.0 0.371774576271
2195.0 0.371846737288
2200.0 0.371910932203
2205.0 0.371965338983
2210.0 0.372014067797
2215.0 0.372069067797
2220.0 0.372125720339
2225.0 0.372178389831
2230.0 0.372222076271
2235.0 0.372260677966
2240.0 0.372297245763
2245.0 0.372333771186
2250.0 0.372367627119
2255.0 0.372401101695
2260.0 0.37243
2265.0 0.372455932203
2270.0 0.3724775
2275.0 0.372496398305
2280.0 0.372511779661
2285.0 0.372525338983
2290.0 0.372536144068
2295.0 0.372545169492
2300.0 0.372550762712
2305.0 0.372554152542
2310.0 0.372553601695
2315.0 0.372552330508
2320.0 0.372547627119
2325.0 0.37253970339
2330.0 0.372531398305
2335.0 0.372518008475
2340.0 0.372505
2345.0 0.37248970339
2350.0 0.372473050847
2355.0 0.372452754237
2360.0 0.372430677966
2365.0 0.372407330508
2370.0 0.372382669492
2375.0 0.372356652542
2380.0 0.37232809322
2385.0 0.372299449153
2390.0 0.372268644068
2395.0 0.372238644068
2400.0 0.372206271186
2405.0 0.372170466102
2410.0 0.372137033898
2415.0 0.372102711864
2420.0 0.372067881356
2425.0 0.372028220339
2430.0 0.371992372881
2435.0 0.371957923729
2440.0 0.371920254237
2445.0 0.371877415254
2450.0 0.371841483051
2455.0 0.371806525424
2460.0 0.371767754237
2465.0 0.371731101695
2470.0 0.371692372881
2475.0 0.371655974576
2480.0 0.371619957627
2485.0 0.371586822034
2490.0 0.371551864407
2495.0 0.371515381356
2500.0 0.371477838983
2505.0 0.371445677966
2510.0 0.371413855932
2515.0 0.371384661017
2520.0 0.371354152542
2525.0 0.371323220339
2530.0 0.371292838983
2535.0 0.371265127119
2540.0 0.371238559322
2545.0 0.371213262712
2550.0 0.371187330508
2555.0 0.37116440678
2560.0 0.37114190678
2565.0 0.371121949153
2570.0 0.371100889831
2575.0 0.371083771186
2580.0 0.371065762712
2585.0 0.371048305085
2590.0 0.371034237288
2595.0 0.37102279661
2600.0 0.371009449153
2605.0 0.370998474576
2610.0 0.370988474576
2615.0 0.370981059322
2620.0 0.370973516949
2625.0 0.370968728814
2630.0 0.370964110169
2635.0 0.370961398305
2640.0 0.370958220339
2645.0 0.370958559322
2650.0 0.370957923729
2655.0 0.37096029661
2660.0 0.370962415254
2665.0 0.370966737288
2670.0 0.370971016949
2675.0 0.370977415254
2680.0 0.370983940678
2685.0 0.370991101695
2690.0 0.371001228814
2695.0 0.371011016949
2700.0 0.371019661017
2705.0 0.371032457627
2710.0 0.371043813559
2715.0 0.371055974576
2720.0 0.371071101695
2725.0 0.371083686441
2730.0 0.371098008475
2735.0 0.371114237288
2740.0 0.371129194915
2745.0 0.371146694915
2750.0 0.371160805085
2755.0 0.371176610169
2760.0 0.371195381356
2765.0 0.371212076271
2770.0 0.371229915254
2775.0 0.37124690678
2780.0 0.37126529661
2785.0 0.371282457627
2790.0 0.371300889831
2795.0 0.37131809322
2800.0 0.371336525424
2805.0 0.371353559322
2810.0 0.371371737288
2815.0 0.371388516949
2820.0 0.371406483051
2825.0 0.371422966102
2830.0 0.371438474576
2835.0 0.371456313559
2840.0 0.37147309322
2845.0 0.371487923729
2850.0 0.371502076271
2855.0 0.371518728814
2860.0 0.371534110169
2865.0 0.371547923729
2870.0 0.371559830508
2875.0 0.371572966102
2880.0 0.371585847458
2885.0 0.371598898305
2890.0 0.371608855932
2895.0 0.371620932203
2900.0 0.37163029661
2905.0 0.371640847458
2910.0 0.371650042373
2915.0 0.371659110169
2920.0 0.371666864407
2925.0 0.371674449153
2930.0 0.371680550847
2935.0 0.371687457627
2940.0 0.371693347458
2945.0 0.371698135593
2950.0 0.371702118644
2955.0 0.371707245763
2960.0 0.371709449153
2965.0 0.371711864407
2970.0 0.371715
2975.0 0.371715254237
2980.0 0.371717584746
2985.0 0.371716991525
2990.0 0.371717457627
2995.0 0.371716864407
3000.0 0.371715889831
3005.0 0.371714067797
3010.0 0.3717125
3015.0 0.371710127119
3020.0 0.371706525424
3025.0 0.371704364407
3030.0 0.371699957627
3035.0 0.371696144068
3040.0 0.371692118644
3045.0 0.371686440678
3050.0 0.371682457627
3055.0 0.371676567797
3060.0 0.371671059322
3065.0 0.371665211864
3070.0 0.371658855932
3075.0 0.3716525
3080.0 0.371645974576
3085.0 0.371638898305
3090.0 0.371632245763
3095.0 0.37162529661
3100.0 0.371618262712
3105.0 0.371611101695
3110.0 0.371603389831
3115.0 0.371595677966
3120.0 0.371588432203
3125.0 0.371581059322
3130.0 0.371573813559
3135.0 0.371566398305
3140.0 0.371558474576
3145.0 0.371550847458
3150.0 0.371543686441
3155.0 0.371536567797
3160.0 0.371529576271
3165.0 0.371522245763
3170.0 0.371514788136
3175.0 0.371508432203
3180.0 0.371501779661
3185.0 0.371495550847
3190.0 0.371488771186
3195.0 0.371482881356
3200.0 0.371476355932
3205.0 0.371470762712
3210.0 0.371466016949
3215.0 0.371459449153
3220.0 0.371455677966
3225.0 0.371450381356
3230.0 0.371444322034
3235.0 0.371442033898
3240.0 0.371436186441
3245.0 0.371433135593
3250.0 0.37142940678
3255.0 0.371425720339
3260.0 0.371423305085
3265.0 0.371419788136
3270.0 0.371417669492
3275.0 0.371415084746
3280.0 0.371413262712
3285.0 0.371411271186
3290.0 0.371410042373
3295.0 0.371408601695
3300.0 0.37140779661
3305.0 0.371406949153
3310.0 0.371406694915
3315.0 0.371406271186
3320.0 0.371406440678
3325.0 0.371406694915
3330.0 0.371407161017
3335.0 0.371407966102
3340.0 0.371408898305
3345.0 0.371410084746
3350.0 0.371411483051
3355.0 0.37141309322
3360.0 0.371414830508
3365.0 0.371416864407
3370.0 0.371418940678
3375.0 0.371421313559
3380.0 0.371423855932
3385.0 0.371426313559
3390.0 0.371429322034
3395.0 0.371431991525
3400.0 0.371435127119
3405.0 0.371438262712
3410.0 0.371441483051
3415.0 0.371445042373
3420.0 0.371448305085
3425.0 0.371451949153
3430.0 0.371455338983
3435.0 0.371459025424
3440.0 0.371462711864
3445.0 0.371466483051
3450.0 0.371470508475
3455.0 0.371473983051
3460.0 0.371478177966
3465.0 0.371481440678
3470.0 0.371485805085
3475.0 0.371489449153
3480.0 0.371493262712
3485.0 0.371497033898
3490.0 0.371500508475
3495.0 0.371504745763
3500.0 0.3715075
3505.0 0.371511694915
3510.0 0.371515381356
3515.0 0.371518177966
3520.0 0.371522457627
3525.0 0.371524661017
3530.0 0.371528601695
3535.0 0.371531737288
3540.0 0.371534279661
3545.0 0.371537711864
3550.0 0.371540338983
3555.0 0.371543008475
3560.0 0.371546059322
3565.0 0.371547881356
3570.0 0.371550889831
3575.0 0.371553050847
3580.0 0.371555
3585.0 0.371557542373
3590.0 0.371558940678
3595.0 0.371561059322
3600.0 0.37156279661
3605.0 0.371564110169
3610.0 0.371565889831
3615.0 0.371567033898
3620.0 0.371568220339
3625.0 0.371569364407
3630.0 0.37157029661
3635.0 0.371571186441
3640.0 0.37157190678
3645.0 0.371572457627
3650.0 0.371573008475
3655.0 0.371573347458
3660.0 0.371573601695
3665.0 0.371573813559
3670.0 0.371573813559
3675.0 0.371573813559
3680.0 0.371573644068
3685.0 0.371573432203
3690.0 0.371573050847
3695.0 0.371572669492
3700.0 0.371572118644
3705.0 0.371571525424
3710.0 0.371570847458
3715.0 0.371570084746
3720.0 0.371569194915
3725.0 0.371568389831
3730.0 0.371567372881
3735.0 0.371566398305
3740.0 0.37156529661
3745.0 0.371564110169
3750.0 0.371562881356
3755.0 0.371561694915
3760.0 0.371560423729
3765.0 0.371559110169
3770.0 0.371557754237
3775.0 0.371556355932
3780.0 0.371554915254
3785.0 0.371553516949
3790.0 0.371552076271
3795.0 0.371550677966
3800.0 0.371549194915
3805.0 0.371547669492
3810.0 0.371546144068
3815.0 0.371544745763
3820.0 0.371543262712
3825.0 0.371541822034
3830.0 0.371540381356
3835.0 0.371538855932
3840.0 0.371537457627
3845.0 0.371536101695
3850.0 0.371534576271
3855.0 0.371533389831
3860.0 0.371531991525
3865.0 0.371530720339
3870.0 0.371529491525
3875.0 0.371528220339
3880.0 0.371527033898
3885.0 0.371525932203
3890.0 0.371524661017
3895.0 0.371523771186
3900.0 0.371522669492
3905.0 0.371521652542
3910.0 0.371520805085
3915.0 0.371519830508
3920.0 0.371519067797
3925.0 0.371518220339
3930.0 0.371517542373
3935.0 0.371516822034
3940.0 0.371516186441
3945.0 0.371515635593
3950.0 0.371515042373
3955.0 0.371514618644
3960.0 0.371514110169
3965.0 0.371513855932
3970.0 0.371513389831
3975.0 0.371513305085
3980.0 0.371512966102
3985.0 0.371512838983
3990.0 0.371512711864
3995.0 0.371512669492
4000.0 0.371512584746
4005.0 0.371512669492
4010.0 0.371512669492
4015.0 0.371512881356
4020.0 0.371513008475
4025.0 0.371513262712
4030.0 0.371513432203
4035.0 0.371513728814
4040.0 0.371514237288
4045.0 0.371514279661
4050.0 0.371515042373
4055.0 0.371515254237
4060.0 0.371515889831
4065.0 0.371516186441
4070.0 0.371517033898
4075.0 0.371516864407
4080.0 0.371518983051
4085.0 0.371517838983
4090.0 0.371519067797
4095.0 0.37152
4100.0 0.371520169492
4105.0 0.371521313559
4110.0 0.371521694915
4115.0 0.371522372881
4120.0 0.371523177966
4125.0 0.371523813559
4130.0 0.371524491525
4135.0 0.371525381356
4140.0 0.371525889831
4145.0 0.371526694915
4150.0 0.371527457627
4155.0 0.37152809322
4160.0 0.371528940678
4165.0 0.37152970339
4170.0 0.371530254237
4175.0 0.371531101695
4180.0 0.371531652542
4185.0 0.371532415254
4190.0 0.371533177966
4195.0 0.371533898305
4200.0 0.37153440678
4205.0 0.371535169492
4210.0 0.371535762712
4215.0 0.371536355932
4220.0 0.371537033898
4225.0 0.371537669492
4230.0 0.371538050847
4235.0 0.371538813559
4240.0 0.371539194915
4245.0 0.37153970339
4250.0 0.371540338983
4255.0 0.371540805085
4260.0 0.371541059322
4265.0 0.371541737288
4270.0 0.371541949153
4275.0 0.371542372881
4280.0 0.371542881356
4285.0 0.371543177966
4290.0 0.371543389831
4295.0 0.371543855932
4300.0 0.371543983051
4305.0 0.371544279661
4310.0 0.371544449153
4315.0 0.371544661017
4320.0 0.371544745763
4325.0 0.371545211864
4330.0 0.371545042373
4335.0 0.371545423729
4340.0 0.37154529661
4345.0 0.371545423729
4350.0 0.371545932203
4355.0 0.371545254237
4360.0 0.371545550847
4365.0 0.371545932203
4370.0 0.371545550847
4375.0 0.371545762712
4380.0 0.371545466102
4385.0 0.371545805085
4390.0 0.371545042373
4395.0 0.371545720339
4400.0 0.371545042373
4405.0 0.371545
4410.0 0.371545084746
4415.0 0.371544745763
4420.0 0.371544533898
4425.0 0.37154440678
4430.0 0.371544364407
4435.0 0.371543516949
4440.0 0.371543601695
4445.0 0.371543855932
4450.0 0.371543601695
4455.0 0.371542838983
4460.0 0.371542584746
4465.0 0.371542627119
4470.0 0.37154220339
4475.0 0.371542033898
4480.0 0.371541737288
4485.0 0.371541398305
4490.0 0.371540847458
4495.0 0.371541059322
4500.0 0.371540762712
4505.0 0.371540127119
4510.0 0.371539745763
4515.0 0.37153970339
4520.0 0.37153940678
4525.0 0.371539279661
4530.0 0.371538601695
4535.0 0.371538601695
4540.0 0.371538220339
4545.0 0.371537923729
4550.0 0.371537669492
4555.0 0.37153720339
4560.0 0.371537330508
4565.0 0.371537076271
4570.0 0.371536398305
4575.0 0.371536652542
4580.0 0.371535974576
4585.0 0.371536016949
4590.0 0.371535508475
4595.0 0.371535381356
4600.0 0.371534957627
4605.0 0.371535
4610.0 0.371534661017
4615.0 0.371534449153
4620.0 0.371534491525
4625.0 0.371534322034
4630.0 0.371533686441
4635.0 0.371533983051
4640.0 0.371533347458
4645.0 0.371533262712
4650.0 0.371533347458
4655.0 0.371532372881
4660.0 0.371533813559
4665.0 0.371531694915
4670.0 0.371533940678
4675.0 0.371533686441
4680.0 0.371531483051
4685.0 0.371533347458
4690.0 0.371533177966
4695.0 0.371532245763
4700.0 0.371532161017
4705.0 0.371532966102
4710.0 0.37153309322
4715.0 0.371532372881
4720.0 0.37153190678
4725.0 0.371532584746
4730.0 0.371533050847
4735.0 0.371532754237
4740.0 0.371532372881
4745.0 0.371532584746
4750.0 0.371532881356
4755.0 0.371533008475
4760.0 0.371532838983
4765.0 0.371532627119
4770.0 0.37153279661
4775.0 0.371533347458
4780.0 0.371533347458
4785.0 0.37153309322
4790.0 0.371533135593
4795.0 0.371533347458
4800.0 0.371533559322
4805.0 0.371533898305
4810.0 0.371533771186
4815.0 0.371533813559
4820.0 0.371533855932
4825.0 0.371534110169
4830.0 0.371534110169
4835.0 0.371534533898
4840.0 0.371534661017
4845.0 0.37153470339
4850.0 0.371534788136
4855.0 0.371534745763
4860.0 0.371535084746
4865.0 0.371535169492
4870.0 0.37153559322
4875.0 0.371535550847
4880.0 0.371535635593
4885.0 0.371535550847
4890.0 0.371535847458
4895.0 0.371536101695
4900.0 0.371536144068
4905.0 0.371536483051
4910.0 0.371536355932
4915.0 0.371536694915
4920.0 0.371536694915
4925.0 0.371536949153
4930.0 0.371536779661
4935.0 0.371537076271
4940.0 0.371537118644
4945.0 0.371537372881
4950.0 0.371537457627
4955.0 0.371537542373
4960.0 0.371537415254
4965.0 0.371537627119
4970.0 0.37153779661
4975.0 0.371537881356
4980.0 0.371538050847
4985.0 0.371537923729
4990.0 0.371537966102
4995.0 0.371538177966
5000.0 0.371538305085
5005.0 0.371538262712
5010.0 0.371538347458
5015.0 0.371538305085
5020.0 0.371538389831
5025.0 0.371538601695
5030.0 0.371538559322
5035.0 0.371538559322
5040.0 0.371538516949
5045.0 0.371538686441
5050.0 0.371538771186
5055.0 0.371538728814
5060.0 0.371538686441
5065.0 0.371538728814
5070.0 0.371538686441
5075.0 0.371538855932
5080.0 0.371538771186
5085.0 0.371538813559
5090.0 0.371538771186
5095.0 0.371538771186
5100.0 0.371538644068
5105.0 0.371538771186
5110.0 0.371538771186
5115.0 0.371538771186
5120.0 0.371538813559
5125.0 0.371538686441
5130.0 0.371538686441
5135.0 0.371538771186
5140.0 0.371538813559
5145.0 0.371538728814
5150.0 0.371538559322
5155.0 0.371538516949
5160.0 0.371538644068
5165.0 0.371538686441
5170.0 0.371538474576
5175.0 0.371538474576
5180.0 0.371538474576
5185.0 0.371538389831
5190.0 0.371538262712
5195.0 0.371538305085
5200.0 0.371538474576
5205.0 0.371538177966
5210.0 0.371537923729
5215.0 0.371538135593
5220.0 0.371538389831
5225.0 0.371538177966
5230.0 0.371538008475
5235.0 0.371537881356
5240.0 0.371537711864
5245.0 0.371537881356
5250.0 0.371538050847
5255.0 0.371537584746
5260.0 0.371537330508
5265.0 0.37153779661
5270.0 0.371537923729
5275.0 0.371537627119
5280.0 0.371537542373
5285.0 0.371537076271
5290.0 0.37153690678
5295.0 0.371537542373
5300.0 0.3715375
5305.0 0.371537288136
5310.0 0.371536991525
5315.0 0.371536949153
5320.0 0.37153690678
5325.0 0.371537033898
5330.0 0.371537118644
5335.0 0.37153720339
5340.0 0.371536991525
5345.0 0.371536694915
5350.0 0.371536610169
5355.0 0.371536567797
5360.0 0.371536652542
5365.0 0.371536864407
5370.0 0.37153690678
5375.0 0.371536610169
5380.0 0.371536398305
5385.0 0.371536186441
5390.0 0.371536440678
5395.0 0.371536610169
5400.0 0.371536652542
5405.0 0.371536355932
5410.0 0.371536228814
5415.0 0.371536186441
5420.0 0.371536228814
5425.0 0.371536228814
5430.0 0.371536483051
5435.0 0.371536313559
5440.0 0.371536144068
5445.0 0.371536101695
5450.0 0.371536101695
5455.0 0.371536101695
5460.0 0.371536355932
5465.0 0.371536144068
5470.0 0.371535974576
5475.0 0.371536016949
5480.0 0.371536228814
5485.0 0.371536101695
5490.0 0.371535974576
5495.0 0.371536186441
5500.0 0.371536144068
5505.0 0.371535847458
5510.0 0.371536271186
5515.0 0.371536313559
5520.0 0.371535720339
5525.0 0.371536016949
5530.0 0.371536313559
5535.0 0.371535889831
5540.0 0.371535974576
5545.0 0.371536186441
5550.0 0.371535550847
5555.0 0.371536483051
5560.0 0.371535720339
5565.0 0.371536144068
5570.0 0.371535762712
5575.0 0.371536144068
5580.0 0.371536271186
5585.0 0.371535805085
5590.0 0.371536567797
5595.0 0.371535762712
5600.0 0.371536355932
5605.0 0.371535889831
5610.0 0.371535720339
5615.0 0.371536610169
5620.0 0.371535677966
5625.0 0.371536652542
5630.0 0.371535847458
5635.0 0.371536355932
5640.0 0.371536398305
5645.0 0.371536016949
5650.0 0.371536864407
5655.0 0.371535720339
5660.0 0.371536355932
5665.0 0.371536271186
5670.0 0.371536144068
5675.0 0.371536864407
5680.0 0.371535889831
5685.0 0.371536694915
5690.0 0.371535974576
5695.0 0.371536694915
5700.0 0.371536779661
5705.0 0.371536186441
5710.0 0.37153690678
5715.0 0.371535974576
5720.0 0.371536864407
5725.0 0.371536483051
5730.0 0.371536737288
5735.0 0.371537033898
5740.0 0.371536059322
5745.0 0.371537372881
5750.0 0.371536313559
5755.0 0.37153720339
5760.0 0.371536483051
5765.0 0.371536440678
5770.0 0.371537245763
5775.0 0.371535847458
5780.0 0.371537542373
5785.0 0.371536525424
5790.0 0.371536991525
5795.0 0.371536652542
5800.0 0.371536144068
5805.0 0.3715375
5810.0 0.371536228814
5815.0 0.3715375
5820.0 0.371536313559
5825.0 0.371537330508
5830.0 0.371536949153
5835.0 0.371536525424
5840.0 0.371537881356
5845.0 0.371536355932
5850.0 0.371537627119
5855.0 0.371536652542
5860.0 0.371537161017
5865.0 0.371537542373
5870.0 0.371536694915
5875.0 0.37153779661
5880.0 0.371536271186
5885.0 0.371537881356
5890.0 0.371536822034
5895.0 0.371537372881
5900.0 0.371537245763
5905.0 0.371536610169
5910.0 0.371537627119
5915.0 0.371536398305
5920.0 0.371538050847
5925.0 0.371536737288
5930.0 0.371537245763
5935.0 0.371536949153
5940.0 0.371536737288
5945.0 0.371537923729
5950.0 0.371536313559
5955.0 0.371537838983
5960.0 0.371536398305
5965.0 0.371537542373
5970.0 0.371537076271
5975.0 0.371536737288
5980.0 0.371537966102
5985.0 0.371536398305
5990.0 0.371537711864
5995.0 0.371536652542
6000.0 0.371537076271
6005.0 0.3715375
6010.0 0.37153690678
6015.0 0.371537711864
6020.0 0.371536483051
6025.0 0.371537542373
6030.0 0.37153779661
6035.0 0.371536652542
6040.0 0.371536822034
6045.0 0.371537669492
6050.0 0.371537033898
6055.0 0.371536271186
6060.0 0.371537330508
6065.0 0.371536737288
6070.0 0.371536483051
6075.0 0.371537118644
6080.0 0.371536101695
6085.0 0.371537966102
6090.0 0.371536228814
6095.0 0.371537881356
6100.0 0.371536440678
6105.0 0.371537542373
6110.0 0.371537415254
6115.0 0.371536694915
6120.0 0.371537457627
6125.0 0.371536144068
6130.0 0.37153779661
6135.0 0.371536228814
6140.0 0.371537372881
6145.0 0.37153690678
6150.0 0.371536822034
6155.0 0.371536949153
6160.0 0.371536144068
6165.0 0.37153779661
6170.0 0.371536144068
6175.0 0.371537542373
6180.0 0.371536144068
6185.0 0.371536991525
6190.0 0.371536991525
6195.0 0.371536567797
6200.0 0.371537881356
6205.0 0.371535974576
6210.0 0.371537161017
6215.0 0.371536228814
6220.0 0.371537372881
6225.0 0.371537076271
6230.0 0.371536779661
6235.0 0.371537245763
6240.0 0.371535974576
6245.0 0.371537415254
6250.0 0.371536398305
6255.0 0.371537330508
6260.0 0.371536398305
6265.0 0.371536483051
6270.0 0.37153690678
6275.0 0.371536355932
6280.0 0.37153720339
6285.0 0.371536652542
6290.0 0.371536144068
6295.0 0.371536822034
6300.0 0.371536949153
6305.0 0.371536271186
6310.0 0.371536525424
6315.0 0.371537627119
6320.0 0.371535805085
6325.0 0.371537711864
6330.0 0.371536355932
6335.0 0.371536864407
6340.0 0.371536228814
6345.0 0.371536355932
6350.0 0.371537033898
6355.0 0.371536271186
6360.0 0.371537245763
6365.0 0.371535889831
6370.0 0.371537330508
6375.0 0.371536059322
6380.0 0.371536822034
6385.0 0.371536737288
6390.0 0.371536610169
6395.0 0.3715375
6400.0 0.371536228814
6405.0 0.371537372881
6410.0 0.371535889831
6415.0 0.371537330508
6420.0 0.371536144068
6425.0 0.371537033898
6430.0 0.371536652542
6435.0 0.371536144068
6440.0 0.371537033898
6445.0 0.371536186441
6450.0 0.371537372881
6455.0 0.371536186441
6460.0 0.371536991525
6465.0 0.371536186441
6470.0 0.371536440678
6475.0 0.371537076271
6480.0 0.371536483051
6485.0 0.371537161017
6490.0 0.371536822034
6495.0 0.371536186441
6500.0 0.371536652542
6505.0 0.371536991525
6510.0 0.371535889831
6515.0 0.371536567797
6520.0 0.371537457627
6525.0 0.371535889831
6530.0 0.37153779661
6535.0 0.371536101695
6540.0 0.371537245763
6545.0 0.371535889831
6550.0 0.371536991525
6555.0 0.371536822034
6560.0 0.371536991525
6565.0 0.371536949153
6570.0 0.371536144068
6575.0 0.371537457627
6580.0 0.371535932203
6585.0 0.371537457627
6590.0 0.371536186441
6595.0 0.371537118644
6600.0 0.371536440678
6605.0 0.371536313559
6610.0 0.371537118644
6615.0 0.371536822034
6620.0 0.371536186441
6625.0 0.371537627119
6630.0 0.371536313559
6635.0 0.371536610169
6640.0 0.371536737288
6645.0 0.371536652542
6650.0 0.371537457627
6655.0 0.371536398305
6660.0 0.371537161017
6665.0 0.371536101695
6670.0 0.37153720339
6675.0 0.371536483051
6680.0 0.371537330508
6685.0 0.371536779661
6690.0 0.371536652542
6695.0 0.371536822034
6700.0 0.371536186441
6705.0 0.371537033898
6710.0 0.37153690678
6715.0 0.371536440678
6720.0 0.371537161017
6725.0 0.371537118644
6730.0 0.371536271186
6735.0 0.371537372881
6740.0 0.371536694915
6745.0 0.371536398305
6750.0 0.371537033898
6755.0 0.371536610169
6760.0 0.3715375
6765.0 0.371536271186
6770.0 0.371537118644
6775.0 0.371536483051
6780.0 0.371537372881
6785.0 0.371537288136
6790.0 0.371536355932
6795.0 0.371537118644
6800.0 0.371537372881
6805.0 0.371536313559
6810.0 0.371536991525
6815.0 0.371537457627
6820.0 0.371536440678
6825.0 0.371537161017
6830.0 0.371536144068
6835.0 0.371537627119
6840.0 0.371536483051
6845.0 0.371537542373
6850.0 0.371536101695
6855.0 0.371537033898
6860.0 0.371536525424
6865.0 0.371536525424
6870.0 0.371537542373
6875.0 0.371536610169
6880.0 0.371536271186
6885.0 0.37153720339
6890.0 0.371536483051
6895.0 0.371536101695
6900.0 0.371537669492
6905.0 0.37153690678
6910.0 0.371537457627
6915.0 0.371535889831
6920.0 0.371536991525
6925.0 0.371536610169
6930.0 0.371537457627
6935.0 0.371536864407
6940.0 0.371536737288
6945.0 0.371537076271
6950.0 0.371536440678
6955.0 0.371536652542
6960.0 0.371537288136
6965.0 0.371536822034
6970.0 0.371536567797
6975.0 0.371537584746
6980.0 0.371536313559
6985.0 0.37153720339
6990.0 0.371536398305
6995.0 0.371537584746
7000.0 0.371536567797
7005.0 0.371536652542
7010.0 0.371536567797
7015.0 0.371536949153
7020.0 0.371537288136
7025.0 0.371536694915
7030.0 0.371536652542
7035.0 0.371536398305
7040.0 0.371536991525
7045.0 0.371537330508
7050.0 0.371536567797
7055.0 0.371537076271
7060.0 0.371536991525
7065.0 0.371536398305
7070.0 0.371536694915
7075.0 0.371537330508
7080.0 0.371536525424
7085.0 0.371536694915
7090.0 0.371537288136
7095.0 0.371536525424
7100.0 0.371537330508
7105.0 0.371536271186
7110.0 0.371536822034
7115.0 0.37153690678
7120.0 0.371536949153
7125.0 0.371536864407
7130.0 0.371536694915
7135.0 0.371536694915
7140.0 0.371536694915
7145.0 0.371536567797
7150.0 0.371537076271
7155.0 0.371536822034
7160.0 0.371536822034
7165.0 0.371537033898
7170.0 0.371536737288
7175.0 0.371536101695
7180.0 0.371537033898
7185.0 0.371537372881
7190.0 0.371536567797
7195.0 0.371536694915
7200.0 0.371536991525
7205.0 0.371536779661
7210.0 0.371536525424
7215.0 0.371536398305
7220.0 0.371536864407
7225.0 0.371537330508
7230.0 0.371536271186
7235.0 0.371536949153
7240.0 0.371536313559
7245.0 0.371536610169
7250.0 0.37153720339
7255.0 0.371536567797
7260.0 0.371536991525
7265.0 0.371536483051
7270.0 0.371536737288
7275.0 0.371536610169
7280.0 0.371537033898
7285.0 0.371536779661
7290.0 0.371536991525
7295.0 0.371536694915
7300.0 0.371537118644
7305.0 0.371536610169
7310.0 0.371536694915
7315.0 0.37153690678
7320.0 0.371536694915
7325.0 0.371536525424
7330.0 0.371537033898
7335.0 0.37153690678
7340.0 0.371536822034
7345.0 0.371536864407
7350.0 0.371536652542
7355.0 0.371536398305
7360.0 0.371536949153
7365.0 0.371537076271
7370.0 0.37153690678
7375.0 0.371536694915
7380.0 0.371536694915
7385.0 0.371536567797
7390.0 0.371536822034
7395.0 0.371536779661
7400.0 0.371536822034
7405.0 0.371536822034
7410.0 0.37153690678
7415.0 0.371536652542
7420.0 0.371536779661
7425.0 0.371536737288
7430.0 0.371536822034
7435.0 0.371536822034
7440.0 0.371536737288
7445.0 0.371537161017
7450.0 0.371536652542
7455.0 0.371536610169
7460.0 0.371536822034
7465.0 0.371536779661
7470.0 0.37153720339
7475.0 0.371536567797
7480.0 0.371536567797
7485.0 0.371536991525
7490.0 0.371536525424
7495.0 0.371536186441
7500.0 0.371537415254
7505.0 0.371536567797
7510.0 0.371537076271
7515.0 0.371536228814
7520.0 0.371536822034
7525.0 0.371536864407
7530.0 0.371537076271
7535.0 0.371536991525
7540.0 0.371536144068
7545.0 0.371537330508
7550.0 0.371537033898
7555.0 0.371536313559
7560.0 0.371537288136
7565.0 0.371537372881
7570.0 0.371536440678
7575.0 0.371537288136
7580.0 0.371536228814
7585.0 0.371537415254
7590.0 0.371536101695
7595.0 0.371537245763
7600.0 0.371536271186
7605.0 0.371537245763
7610.0 0.371536779661
7615.0 0.371536567797
7620.0 0.371537415254
7625.0 0.371536483051
7630.0 0.371537245763
7635.0 0.371536398305
7640.0 0.37153720339
7645.0 0.371537288136
7650.0 0.371536228814
7655.0 0.371537033898
7660.0 0.371537457627
7665.0 0.371536525424
7670.0 0.371536779661
7675.0 0.37153690678
7680.0 0.371536652542
7685.0 0.371537584746
7690.0 0.371536101695
7695.0 0.371537372881
7700.0 0.371536059322
7705.0 0.371537118644
7710.0 0.371536483051
7715.0 0.371536610169
7720.0 0.371536525424
7725.0 0.371536694915
7730.0 0.37153720339
7735.0 0.371536228814
7740.0 0.3715375
7745.0 0.371536144068
7750.0 0.371536864407
7755.0 0.371536864407
7760.0 0.371536610169
7765.0 0.371537415254
7770.0 0.371536398305
7775.0 0.371536822034
7780.0 0.371537076271
7785.0 0.371536779661
7790.0 0.371536313559
7795.0 0.371537161017
7800.0 0.371537118644
7805.0 0.371535974576
7810.0 0.371536483051
7815.0 0.371537627119
7820.0 0.371535932203
7825.0 0.3715375
7830.0 0.371536101695
7835.0 0.371537330508
7840.0 0.371536864407
7845.0 0.371537033898
7850.0 0.371536694915
7855.0 0.371536398305
7860.0 0.371537288136
7865.0 0.371537288136
7870.0 0.371536101695
7875.0 0.371537542373
7880.0 0.371537288136
7885.0 0.371535932203
7890.0 0.371537076271
7895.0 0.371537288136
7900.0 0.371537033898
7905.0 0.371536822034
7910.0 0.371536016949
7915.0 0.371537372881
7920.0 0.371536313559
7925.0 0.37153779661
7930.0 0.371536016949
7935.0 0.371536949153
7940.0 0.371536525424
7945.0 0.371537076271
7950.0 0.37153690678
7955.0 0.371536398305
7960.0 0.371536779661
7965.0 0.371537330508
7970.0 0.371535974576
7975.0 0.371536440678
7980.0 0.371537542373
7985.0 0.371536059322
7990.0 0.371536949153
7995.0 0.371536652542
8000.0 0.371536398305
8005.0 0.371536949153
8010.0 0.371536271186
8015.0 0.3715375
8020.0 0.371535932203
8025.0 0.3715375
8030.0 0.371536228814
8035.0 0.371537288136
8040.0 0.371537076271
8045.0 0.371536186441
8050.0 0.371537415254
8055.0 0.371537033898
8060.0 0.371536059322
8065.0 0.371537415254
8070.0 0.371537711864
8075.0 0.371536101695
8080.0 0.371537838983
8085.0 0.371536101695
8090.0 0.371537415254
8095.0 0.371536440678
8100.0 0.371537415254
8105.0 0.371536610169
8110.0 0.371536652542
8115.0 0.371536822034
8120.0 0.371536440678
8125.0 0.371537711864
8130.0 0.371536059322
8135.0 0.371537118644
8140.0 0.371536271186
8145.0 0.371537372881
8150.0 0.371536779661
8155.0 0.371536779661
8160.0 0.371537033898
8165.0 0.371536737288
8170.0 0.371536228814
8175.0 0.37153720339
8180.0 0.371537118644
8185.0 0.371536059322
8190.0 0.371536652542
8195.0 0.371536652542
8200.0 0.371536016949
8205.0 0.371536991525
8210.0 0.371536101695
8215.0 0.371537457627
8220.0 0.371535974576
8225.0 0.371537542373
8230.0 0.371536228814
8235.0 0.371537288136
8240.0 0.371536483051
8245.0 0.371536271186
8250.0 0.3715375
8255.0 0.371537033898
8260.0 0.371536271186
8265.0 0.371537584746
8270.0 0.371537542373
8275.0 0.371535423729
8280.0 0.371537245763
8285.0 0.371536398305
8290.0 0.3715375
8295.0 0.371537161017
8300.0 0.371536016949
8305.0 0.371536864407
8310.0 0.371536186441
8315.0 0.371537542373
8320.0 0.371536144068
8325.0 0.371537033898
8330.0 0.371536864407
8335.0 0.371536313559
8340.0 0.371536779661
8345.0 0.371537415254
8350.0 0.371535889831
8355.0 0.371536440678
8360.0 0.371537669492
8365.0 0.371536016949
8370.0 0.371536864407
8375.0 0.371536186441
8380.0 0.371537161017
8385.0 0.371537033898
8390.0 0.371536694915
8395.0 0.371537033898
8400.0 0.371536101695
8405.0 0.3715375
8410.0 0.371537118644
8415.0 0.371536313559
8420.0 0.371537245763
8425.0 0.371537457627
8430.0 0.371535805085
8435.0 0.371537288136
8440.0 0.371537669492
8445.0 0.371535974576
8450.0 0.371537838983
8455.0 0.371536101695
8460.0 0.371537118644
8465.0 0.371536144068
8470.0 0.371537457627
8475.0 0.371536822034
8480.0 0.371536779661
8485.0 0.371537033898
8490.0 0.371536355932
8495.0 0.371536398305
8500.0 0.371537627119
8505.0 0.371537076271
8510.0 0.371536355932
8515.0 0.3715375
8520.0 0.371536991525
8525.0 0.371535762712
8530.0 0.371537627119
8535.0 0.371535889831
8540.0 0.371537372881
8545.0 0.371536144068
8550.0 0.371537584746
8555.0 0.371536652542
8560.0 0.371536822034
8565.0 0.371536525424
8570.0 0.371536398305
8575.0 0.371537711864
8580.0 0.371536271186
8585.0 0.371537245763
8590.0 0.371536398305
8595.0 0.371536567797
8600.0 0.371537033898
8605.0 0.371536991525
8610.0 0.371536483051
8615.0 0.371537076271
8620.0 0.371536779661
8625.0 0.371536186441
8630.0 0.371536525424
8635.0 0.371537711864
8640.0 0.371537076271
8645.0 0.371536016949
8650.0 0.371537330508
8655.0 0.371537372881
8660.0 0.371536228814
8665.0 0.371537161017
8670.0 0.371537161017
8675.0 0.371536101695
8680.0 0.37153720339
8685.0 0.37153779661
8690.0 0.371536186441
8695.0 0.371536483051
8700.0 0.371538008475
8705.0 0.371536016949
8710.0 0.371537372881
8715.0 0.371535932203
8720.0 0.371537711864
8725.0 0.371536355932
8730.0 0.371537076271
8735.0 0.371536313559
8740.0 0.371536737288
8745.0 0.371536991525
8750.0 0.371536313559
8755.0 0.371537161017
8760.0 0.371536313559
8765.0 0.371536737288
8770.0 0.371536610169
8775.0 0.371536440678
8780.0 0.371536822034
8785.0 0.371536737288
8790.0 0.371536864407
8795.0 0.371536991525
8800.0 0.371536271186
8805.0 0.371537245763
8810.0 0.371536525424
8815.0 0.371536610169
8820.0 0.371537288136
8825.0 0.371536567797
8830.0 0.371536779661
8835.0 0.371537161017
8840.0 0.371536652542
8845.0 0.371536355932
8850.0 0.371537161017
8855.0 0.371537330508
8860.0 0.371536271186
8865.0 0.371537033898
8870.0 0.371537330508
8875.0 0.371536483051
8880.0 0.371536398305
8885.0 0.371537288136
8890.0 0.371536949153
8895.0 0.371536101695
8900.0 0.371536694915
8905.0 0.3715375
8910.0 0.371535932203
8915.0 0.371536355932
8920.0 0.371537669492
8925.0 0.371536271186
8930.0 0.371536398305
8935.0 0.371536737288
8940.0 0.371536398305
8945.0 0.371537711864
8950.0 0.371536059322
8955.0 0.371537415254
8960.0 0.371535932203
8965.0 0.371537669492
8970.0 0.371537288136
8975.0 0.371535932203
8980.0 0.371537161017
8985.0 0.371537584746
8990.0 0.371535932203
8995.0 0.371537033898
9000.0 0.371537838983
9005.0 0.371536144068
9010.0 0.371537245763
9015.0 0.371535677966
9020.0 0.371537711864
9025.0 0.371536398305
9030.0 0.37153720339
9035.0 0.371536059322
9040.0 0.371536779661
9045.0 0.37153720339
9050.0 0.371535889831
9055.0 0.371536271186
9060.0 0.37153779661
9065.0 0.371536101695
9070.0 0.371535974576
9075.0 0.371537330508
9080.0 0.37153559322
9085.0 0.371537711864
9090.0 0.371535974576
9095.0 0.371537415254
9100.0 0.371536228814
9105.0 0.371537033898
9110.0 0.371536949153
9115.0 0.371536949153
9120.0 0.371536991525
9125.0 0.371535974576
9130.0 0.371537415254
9135.0 0.371536228814
9140.0 0.371537457627
9145.0 0.371536483051
9150.0 0.371536483051
9155.0 0.371536991525
9160.0 0.371536271186
9165.0 0.371537076271
9170.0 0.371536186441
9175.0 0.371537118644
9180.0 0.371536228814
9185.0 0.371536610169
9190.0 0.371537415254
9195.0 0.371536567797
9200.0 0.371536271186
9205.0 0.371537118644
9210.0 0.371536652542
9215.0 0.371536016949
9220.0 0.37153720339
9225.0 0.371537330508
9230.0 0.371536483051
9235.0 0.37153690678
9240.0 0.371536694915
9245.0 0.371536398305
9250.0 0.371537161017
9255.0 0.371536355932
9260.0 0.371537627119
9265.0 0.371536144068
9270.0 0.371537076271
9275.0 0.371536567797
9280.0 0.371536567797
9285.0 0.371537415254
9290.0 0.371536610169
9295.0 0.371536610169
9300.0 0.371537076271
9305.0 0.371536949153
9310.0 0.371535889831
9315.0 0.371536864407
9320.0 0.371536949153
9325.0 0.371536440678
9330.0 0.371537754237
9335.0 0.371535805085
9340.0 0.371537288136
9345.0 0.371536271186
9350.0 0.371537161017
9355.0 0.371536991525
9360.0 0.371536483051
9365.0 0.371536694915
9370.0 0.371536228814
9375.0 0.371536991525
9380.0 0.371536949153
9385.0 0.371536271186
9390.0 0.371537161017
9395.0 0.371536949153
9400.0 0.371536186441
9405.0 0.371536694915
9410.0 0.371537245763
9415.0 0.371536186441
9420.0 0.371537033898
9425.0 0.371535974576
9430.0 0.371537627119
9435.0 0.371536271186
9440.0 0.371537245763
9445.0 0.371536271186
9450.0 0.371536864407
9455.0 0.371536991525
9460.0 0.371536355932
9465.0 0.371537118644
9470.0 0.371536864407
9475.0 0.371536525424
9480.0 0.371537033898
9485.0 0.371537372881
9490.0 0.371535550847
9495.0 0.371536228814
9500.0 0.371537542373
9505.0 0.371536228814
9510.0 0.371537288136
9515.0 0.371535720339
9520.0 0.371537372881
9525.0 0.371536652542
9530.0 0.371537033898
9535.0 0.37153690678
9540.0 0.371536355932
9545.0 0.371536737288
9550.0 0.371536271186
9555.0 0.371536779661
9560.0 0.371537457627
9565.0 0.371536652542
9570.0 0.371536610169
9575.0 0.371537584746
9580.0 0.371536652542
9585.0 0.371536016949
9590.0 0.371537245763
9595.0 0.371535974576
9600.0 0.371537415254
9605.0 0.371536059322
9610.0 0.371537372881
9615.0 0.371536101695
9620.0 0.371537288136
9625.0 0.371536440678
9630.0 0.371536355932
9635.0 0.371537245763
9640.0 0.371536440678
9645.0 0.371537372881
9650.0 0.371536949153
9655.0 0.371536355932
9660.0 0.371536610169
9665.0 0.371537288136
9670.0 0.371535677966
9675.0 0.371536355932
9680.0 0.371537923729
9685.0 0.371536271186
9690.0 0.371536525424
9695.0 0.371536694915
9700.0 0.371536483051
9705.0 0.371537330508
9710.0 0.371536016949
9715.0 0.371537542373
9720.0 0.371535889831
9725.0 0.3715375
9730.0 0.371536610169
9735.0 0.37153690678
9740.0 0.371537372881
9745.0 0.371536483051
9750.0 0.371536567797
9755.0 0.371537288136
9760.0 0.371536737288
9765.0 0.371535932203
9770.0 0.371537033898
9775.0 0.371537076271
9780.0 0.37153559322
9785.0 0.371537669492
9790.0 0.371535932203
9795.0 0.371537669492
9800.0 0.371535889831
9805.0 0.371537711864
9810.0 0.371536313559
9815.0 0.371537076271
9820.0 0.3715375
9825.0 0.371536355932
9830.0 0.371536822034
9835.0 0.371537457627
9840.0 0.371536483051
9845.0 0.371536186441
9850.0 0.371537415254
9855.0 0.371536101695
9860.0 0.371537118644
9865.0 0.371536271186
9870.0 0.371536313559
9875.0 0.371537542373
9880.0 0.371536610169
9885.0 0.371537669492
9890.0 0.371535720339
9895.0 0.371537627119
9900.0 0.371536144068
9905.0 0.371536991525
9910.0 0.371537372881
9915.0 0.371536694915
9920.0 0.371536228814
9925.0 0.371537669492
9930.0 0.371536779661
9935.0 0.371536567797
9940.0 0.371537923729
9945.0 0.371535254237
9950.0 0.3715375
9955.0 0.371536059322
9960.0 0.371537838983
9965.0 0.371536313559
9970.0 0.371536652542
9975.0 0.371536313559
9980.0 0.371536694915
9985.0 0.371537330508
9990.0 0.371536313559
9995.0 0.37153720339
10000.0 0.371536864407
