/*--------------------------------*- C++ -*----------------------------------*\
| =========                 |                                                 |
| \\      /  F ield         | OpenFOAM: The Open Source CFD Toolbox           |
|  \\    /   O peration     | Version:  2.3.0                                 |
|   \\  /    A nd           | Web:      www.OpenFOAM.org                      |
|    \\/     M anipulation  |                                                 |
\*---------------------------------------------------------------------------*/
FoamFile
{
    version     2.0;
    format      ascii;
    class       volScalarField;
    location    "300";
    object      nuTilda;
}
// * * * * * * * * * * * * * * * * * * * * * * * * * * * * * * * * * * * * * //

dimensions      [0 2 -1 0 0 0 0];

internalField   nonuniform List<scalar> 
7826
(
0.0668654
0.0618179
0.0570905
0.0527491
0.0488505
0.0454372
0.0425317
0.0401273
0.0381811
0.0366134
0.0353155
0.0341692
0.0330586
0.0318826
0.0305857
0.0728501
0.0692859
0.0661045
0.0633365
0.0609913
0.0590571
0.0575054
0.0562958
0.0553812
0.0547129
0.0542438
0.0539336
0.0537469
0.0536561
0.0536396
0.078194
0.0756523
0.0734575
0.0715984
0.0700543
0.0687964
0.0677911
0.0670026
0.0663969
0.065943
0.0656131
0.0653844
0.0652378
0.0651575
0.0651318
0.0827426
0.0809068
0.0793426
0.0780302
0.0769445
0.0760582
0.075344
0.0747761
0.0743311
0.0739894
0.073734
0.0735509
0.0734286
0.0733576
0.0733306
0.0865663
0.0851989
0.08404
0.0830674
0.0822586
0.0815919
0.0810472
0.0806069
0.0802551
0.0799787
0.0797674
0.0796119
0.079505
0.0794408
0.0794144
0.089755
0.0887089
0.0878201
0.0870692
0.0864386
0.0859121
0.0854753
0.0851161
0.084824
0.0845903
0.0844078
0.084271
0.0841749
0.0841157
0.0840901
0.0924207
0.0915998
0.0908972
0.0902977
0.0897878
0.089356
0.0889922
0.0886884
0.0884373
0.0882333
0.0880714
0.087948
0.08786
0.0878047
0.08778
0.0946601
0.0940015
0.0934318
0.0929394
0.0925149
0.0921502
0.0918386
0.0915744
0.0913531
0.0911707
0.0910242
0.0909111
0.0908293
0.0907771
0.0907531
0.0965528
0.0960151
0.0955427
0.0951286
0.0947664
0.0944511
0.094178
0.0939435
0.0937447
0.093579
0.0934444
0.0933393
0.0932624
0.0932126
0.0931891
0.0981675
0.0977184
0.0973183
0.0969628
0.0966477
0.0963695
0.0961257
0.0959142
0.0957329
0.0955805
0.0954555
0.0953568
0.0952839
0.0952361
0.095213
0.0995544
0.0991696
0.0988245
0.0985141
0.0982354
0.0979861
0.0977649
0.0975714
0.0974043
0.0972627
0.0971456
0.0970525
0.096983
0.0969368
0.0969139
0.100743
0.100412
0.100111
0.0998374
0.0995872
0.0993608
0.0991571
0.0989778
0.0988225
0.0986904
0.09858
0.0984916
0.098425
0.0983801
0.0983571
0.101768
0.101483
0.101218
0.100975
0.100747
0.10054
0.100349
0.10018
0.100035
0.0999124
0.0998072
0.099723
0.0996592
0.099615
0.0995914
0.102661
0.102412
0.102174
0.101962
0.101745
0.101561
0.101374
0.101216
0.101077
0.100967
0.100864
0.100784
0.100722
0.100678
0.100652
0.0306812
0.0321136
0.033291
0.0343559
0.0354494
0.0367131
0.0382796
0.0402563
0.0427129
0.0456795
0.0491508
0.0530981
0.0574779
0.0622364
0.0673139
0.0536328
0.0536372
0.0537188
0.0539011
0.054214
0.0546931
0.0553809
0.0563242
0.0575708
0.0591665
0.0611492
0.063545
0.0663612
0.0695862
0.0731891
0.0651348
0.0651669
0.0652542
0.0654096
0.0656492
0.0659918
0.0664609
0.0670846
0.0678939
0.0689231
0.0702073
0.0717801
0.0736698
0.0758958
0.0784679
0.0733344
0.0733693
0.0734489
0.0735806
0.0737743
0.0740412
0.0743956
0.0748549
0.0754388
0.0761708
0.0770767
0.0781837
0.0795191
0.0811081
0.0829729
0.0794181
0.0794524
0.0795251
0.0796408
0.0798058
0.0800274
0.0803146
0.0806786
0.0811321
0.0816912
0.0823737
0.0831994
0.0841898
0.0853669
0.0867504
0.0840935
0.0841262
0.0841929
0.0842967
0.0844418
0.0846331
0.0848764
0.0851789
0.0855494
0.0859987
0.0865387
0.0871839
0.0879501
0.088855
0.0899176
0.0877829
0.0878135
0.087875
0.0879697
0.0881002
0.0882698
0.0884824
0.0887426
0.0890566
0.0894313
0.0898752
0.0903982
0.0910117
0.0917283
0.0925626
0.0907554
0.090784
0.0908411
0.0909284
0.0910476
0.0912009
0.0913908
0.0916206
0.091894
0.0922158
0.0925917
0.0930284
0.093534
0.0941173
0.0947858
0.0931907
0.0932174
0.0932706
0.0933518
0.093462
0.0936027
0.0937753
0.0939821
0.0942253
0.0945081
0.094834
0.0952078
0.0956349
0.0961228
0.0966806
0.0952137
0.0952383
0.0952882
0.0953642
0.0954671
0.0955976
0.0957568
0.0959459
0.0961661
0.0964191
0.0967072
0.0970332
0.0974007
0.0978146
0.0982812
0.0969136
0.0969364
0.0969831
0.0970544
0.097151
0.0972734
0.0974221
0.0975973
0.0977995
0.0980294
0.098288
0.0985769
0.098898
0.0992545
0.0996512
0.0983561
0.0983768
0.0984205
0.0984872
0.0985785
0.0986947
0.0988352
0.0989994
0.099187
0.0993985
0.0996339
0.0998934
0.100178
0.100488
0.100826
0.0995908
0.0996081
0.0996498
0.0997113
0.0997985
0.09991
0.100044
0.100199
0.100375
0.100572
0.100789
0.101025
0.10128
0.101554
0.101847
0.100656
0.100665
0.10071
0.100763
0.100848
0.100957
0.101088
0.101233
0.101399
0.101585
0.101789
0.102005
0.102237
0.102482
0.102743
0.013663
0.0108334
0.00861802
0.00709727
0.0060031
0.00513911
0.00440974
0.00376764
0.00318765
0.00265607
0.00216601
0.0017155
0.0013054
0.000933765
0.000658568
0.0137197
0.0110918
0.00903407
0.00754886
0.00644503
0.00557939
0.00485914
0.00423072
0.00366385
0.00314121
0.00265331
0.00219576
0.00176579
0.00135932
0.00102581
0.0137864
0.0113751
0.00947973
0.00802493
0.006907
0.00602423
0.0052948
0.00466334
0.0040953
0.00356977
0.0030747
0.00260324
0.00214899
0.00170498
0.00133028
0.0138798
0.0116682
0.00990561
0.00848887
0.0073614
0.00645526
0.00570466
0.00505767
0.00447787
0.00394151
0.00343391
0.00294567
0.00246697
0.00198854
0.00157879
0.0140054
0.0119655
0.0103022
0.00892622
0.00779648
0.00686757
0.00609022
0.00541965
0.00482056
0.00426763
0.00374391
0.00323746
0.0027353
0.00222588
0.00178437
0.014116
0.0122468
0.0106693
0.00933319
0.00820681
0.00725877
0.00645352
0.00575511
0.00513169
0.00455798
0.0040155
0.00348995
0.00296548
0.00242796
0.00195728
0.0142371
0.0125046
0.0110064
0.0097093
0.00859014
0.00762707
0.00679536
0.00606768
0.00541701
0.00481966
0.00425646
0.0037113
0.00316551
0.00260228
0.0021048
0.0143813
0.0127447
0.0113154
0.0100554
0.00894584
0.00797157
0.00711591
0.00635933
0.00568027
0.00505755
0.00447239
0.00390726
0.0033411
0.00275422
0.0022321
0.0144917
0.012965
0.0115987
0.0103733
0.00927448
0.00829195
0.00741527
0.0066313
0.00592387
0.00527514
0.00466729
0.00408212
0.00349643
0.00288765
0.00234292
0.0146066
0.0131663
0.0118578
0.0106648
0.00957717
0.00858867
0.00769369
0.00688436
0.00614951
0.00547483
0.00484419
0.00423916
0.00363479
0.00300573
0.00244016
0.0147059
0.0133501
0.0120948
0.0109318
0.00985531
0.00886261
0.00795167
0.00711916
0.0063583
0.00565833
0.00500513
0.00438061
0.00375826
0.00311037
0.00252573
0.014792
0.0135164
0.0123109
0.0111761
0.0101107
0.00911507
0.00819056
0.00733731
0.00655231
0.00582825
0.00515339
0.00451004
0.00387105
0.00320518
0.00260234
0.0148765
0.013667
0.0125067
0.0113975
0.0103419
0.00934324
0.00840558
0.00753231
0.0067242
0.00597718
0.00528068
0.00461978
0.00396304
0.00328434
0.0026674
0.0149949
0.0138477
0.0127296
0.0116432
0.0106016
0.00960631
0.00866161
0.00777362
0.00694192
0.00616828
0.00545466
0.00476784
0.00410534
0.00338259
0.00274019
0.000668448
0.00091157
0.00124976
0.00161518
0.002003
0.00241086
0.00284241
0.00330986
0.0038397
0.00448886
0.00538449
0.00678178
0.00866667
0.0110625
0.0140455
0.00102827
0.00130484
0.00165036
0.0020163
0.00239862
0.00279822
0.00322315
0.00369302
0.00424664
0.00495488
0.00592893
0.007291
0.00909707
0.0113477
0.0141136
0.00132665
0.00162093
0.00198016
0.0023535
0.00274006
0.003145
0.00358219
0.00407933
0.0046831
0.00546047
0.00648635
0.00781934
0.0095464
0.0116583
0.0142186
0.00157029
0.00187829
0.00225179
0.00263612
0.00303401
0.00345568
0.00392078
0.00446229
0.00512604
0.00596393
0.00702049
0.00833126
0.00998437
0.0119695
0.0143366
0.00177198
0.00209268
0.00248028
0.00287828
0.00329352
0.00374115
0.00424509
0.00483893
0.00556123
0.00644709
0.00752233
0.00881399
0.010399
0.012269
0.0144617
0.00194179
0.00227479
0.00267655
0.00309066
0.00352825
0.00400865
0.00455746
0.0052049
0.00597957
0.00690291
0.00799017
0.00926332
0.0107859
0.0125515
0.0145877
0.00208689
0.00243191
0.00284808
0.00328042
0.00374422
0.0042616
0.00485736
0.00555587
0.00637589
0.0073289
0.00842392
0.00967834
0.0111437
0.0128132
0.0147028
0.00221232
0.00256912
0.00300005
0.00345228
0.00394493
0.00450126
0.00514334
0.00588872
0.00674765
0.00772467
0.00882437
0.0100597
0.0114726
0.0130564
0.0148316
0.0023218
0.0026901
0.00313603
0.00360939
0.00413225
0.00472779
0.005414
0.00620163
0.00709404
0.00809072
0.00919274
0.0104092
0.0117746
0.0132827
0.014951
0.00241801
0.00279753
0.00325863
0.00375379
0.00430733
0.00494112
0.00566847
0.00649387
0.00741518
0.00842809
0.00953076
0.0107291
0.0120518
0.0134912
0.015056
0.00250315
0.00289371
0.00337005
0.00388721
0.00447105
0.00514126
0.00590637
0.00676544
0.00771185
0.00873823
0.00984045
0.0110216
0.0123051
0.0136802
0.0151454
0.00257874
0.00297951
0.00347053
0.00400929
0.0046226
0.0053275
0.00612767
0.00701676
0.00798496
0.00902258
0.0101236
0.0112886
0.0125365
0.013855
0.0152485
0.00264633
0.00305927
0.00356713
0.00412906
0.00477078
0.0055068
0.00633393
0.00724877
0.00823626
0.00928466
0.0103841
0.0115334
0.0127478
0.0140122
0.0153132
0.00270729
0.00312158
0.00363208
0.00420138
0.00486533
0.00562434
0.00651316
0.0074605
0.00846813
0.00950812
0.010595
0.0117289
0.0129242
0.0141303
0.0153656
0.00129581
0.00391116
0.00679523
0.00990285
0.0132263
0.0167631
0.0205244
0.0245338
0.0288242
0.0334301
0.0383772
0.043673
0.0493018
0.0552239
0.0613785
1.90476e-05
0.000438977
0.00175372
0.00389389
0.00640183
0.00938671
0.0128536
0.0168005
0.0212233
0.0261158
0.0314664
0.0372532
0.0434383
0.0499621
0.0567421
0
0.000233592
0.0010856
0.00254442
0.0043694
0.00669102
0.00955194
0.0129835
0.0170069
0.0216309
0.026849
0.0326369
0.0389491
0.0457195
0.0528781
4.99189e-05
0.000233355
0.00109185
0.00215981
0.00360995
0.00551004
0.00791978
0.0108961
0.0144884
0.0187335
0.0236504
0.0292344
0.0354527
0.0422386
0.0494753
0.00012731
0.000571383
0.00105892
0.00195357
0.00319385
0.00483517
0.00694225
0.00958316
0.0128239
0.0167225
0.0213222
0.026643
0.0326742
0.0393676
0.0466395
0.000346196
0.000669882
0.00106703
0.00179306
0.0028916
0.00435794
0.00625275
0.00864678
0.0116136
0.015224
0.019538
0.0245965
0.0304111
0.0369534
0.0441437
0.000394112
0.000637558
0.00106482
0.00165902
0.00264949
0.00398486
0.00571954
0.00792362
0.0106733
0.0140457
0.0181122
0.022929
0.0285272
0.0349013
0.042005
0.000383609
0.000592379
0.00103267
0.00155281
0.00245189
0.00368269
0.00528949
0.00734059
0.00991255
0.0130856
0.0169379
0.0215372
0.0269301
0.0331315
0.040116
0.000375897
0.000568657
0.00100063
0.0014959
0.00229216
0.00343374
0.00493434
0.00685793
0.00928029
0.0122832
0.015949
0.0203534
0.0255559
0.0315888
0.0384513
0.00037093
0.00055825
0.000978269
0.00145882
0.00216153
0.00322561
0.00463581
0.00645054
0.00874448
0.0115997
0.0151013
0.0193308
0.0243575
0.0302277
0.0369533
0.000367148
0.000552532
0.000962134
0.00142559
0.00205386
0.00304909
0.00438108
0.00610151
0.00828345
0.0110089
0.0143646
0.0184362
0.0233001
0.0290127
0.0355932
0.000363761
0.000548066
0.000949905
0.00139801
0.00197724
0.00289906
0.00416116
0.00579868
0.00788177
0.0104919
0.0137168
0.0176448
0.0223581
0.0279204
0.0343614
0.000360687
0.000544472
0.000941637
0.00137966
0.00193093
0.00277202
0.0039695
0.00553309
0.00752809
0.0100349
0.0131415
0.0169384
0.0215113
0.0269298
0.0332288
0.000357936
0.000541731
0.000936515
0.0013679
0.001899
0.00266359
0.00380104
0.00529802
0.00721378
0.00962721
0.0126262
0.0163025
0.0207448
0.0260281
0.0321997
0.000355443
0.000539485
0.000932833
0.00135862
0.00187165
0.00257147
0.00365188
0.00508828
0.00693223
0.00926073
0.0121612
0.0157264
0.0200473
0.0252049
0.0312594
0.000353128
0.000537389
0.000929488
0.00135023
0.00184809
0.00250072
0.00351995
0.00489993
0.00667829
0.00892908
0.0117391
0.0152013
0.0194091
0.0244473
0.0303781
0.000350954
0.000535399
0.000926483
0.00134343
0.00183063
0.00245324
0.00340408
0.00473004
0.00644792
0.00862722
0.0113536
0.0147203
0.018822
0.0237454
0.0295525
0.000348928
0.000533617
0.000924158
0.00133873
0.00181876
0.00242038
0.00330227
0.00457619
0.00623785
0.00835102
0.0109998
0.0142773
0.0182784
0.023091
0.0287773
0.000347046
0.000532068
0.000922492
0.00133557
0.00180996
0.00239366
0.00321241
0.00443627
0.00604543
0.00809714
0.0106737
0.0138677
0.0177752
0.0224888
0.0280951
0.000345283
0.000530664
0.000921138
0.00133298
0.00180212
0.00236941
0.00313478
0.00430872
0.00586845
0.00786279
0.0103718
0.0134874
0.0173059
0.0219195
0.0273961
0.000343613
0.000529301
0.000919778
0.00133042
0.00179473
0.00234813
0.00307322
0.00419285
0.00570516
0.00764569
0.0100914
0.0131335
0.0168692
0.0213959
0.0268149
0.000342018
0.000527946
0.000918359
0.00132797
0.0017884
0.00233139
0.00302858
0.00408829
0.00555418
0.00744392
0.00983015
0.012803
0.0164598
0.0208968
0.0261877
0.000340495
0.000526637
0.000917022
0.00132597
0.00178369
0.0023192
0.0029959
0.00399409
0.00541434
0.00725588
0.00958599
0.0124934
0.0160752
0.0204287
0.025643
0.000339046
0.000525418
0.0009159
0.00132457
0.00178047
0.0023101
0.00296944
0.00390895
0.00528456
0.00708019
0.00935721
0.0122027
0.0157133
0.0199873
0.0251136
0.000337672
0.00052429
0.000914989
0.00132364
0.00177814
0.00230245
0.0029457
0.00383219
0.00516387
0.00691566
0.0091423
0.0119288
0.0153711
0.0195657
0.0245902
0.00033636
0.000523225
0.000914178
0.00132288
0.00177607
0.00229525
0.00292361
0.00376495
0.00505163
0.00676122
0.00893987
0.0116701
0.0150466
0.0191654
0.0241134
0.000335102
0.00052219
0.000913353
0.00132206
0.00177396
0.00228837
0.00290388
0.00370979
0.00494765
0.00661603
0.00874884
0.0114255
0.0147406
0.018795
0.0237056
0.000333891
0.000521144
0.000912448
0.00132114
0.0017719
0.00228228
0.0028876
0.00366729
0.00485186
0.00647941
0.00856829
0.011194
0.0144504
0.0184375
0.0232457
0.000332712
0.000520108
0.000911503
0.00132021
0.00177012
0.00227743
0.00287499
0.00363467
0.00476383
0.00635077
0.00839741
0.0109745
0.0141749
0.0181
0.0228567
0.000331578
0.00051912
0.000910587
0.00131941
0.00176883
0.0022739
0.00286532
0.00360816
0.00468285
0.00622955
0.0082355
0.0107661
0.0139133
0.0177797
0.0224738
0.000330494
0.000518174
0.000909761
0.00131882
0.00176805
0.00227143
0.00285749
0.00358486
0.00460819
0.00611521
0.00808186
0.0105681
0.0136645
0.0174743
0.0221053
0.000329446
0.000517252
0.00090901
0.00131841
0.00176762
0.00226955
0.00285054
0.00356318
0.0045397
0.00600728
0.00793599
0.0103797
0.0134275
0.0171817
0.0217451
0.000328426
0.000516383
0.000908318
0.00131809
0.00176734
0.00226788
0.00284388
0.00354269
0.00447835
0.00590547
0.00779729
0.0102
0.0132003
0.0168981
0.0213874
0.000327453
0.000515545
0.000907645
0.00131776
0.00176704
0.0022662
0.00283744
0.00352386
0.00442581
0.00580971
0.00766529
0.0100284
0.0129832
0.0166302
0.0210811
0.000326505
0.000514696
0.000906932
0.00131736
0.00176663
0.00226449
0.00283148
0.00350747
0.00438297
0.00572004
0.00753958
0.00986441
0.0127752
0.016371
0.0207513
0.000325573
0.000513867
0.000906179
0.00131688
0.00176615
0.00226291
0.00282637
0.00349397
0.00434885
0.00563637
0.00741982
0.00970744
0.0125755
0.0161214
0.0204442
0.000324678
0.000513052
0.000905407
0.00131635
0.00176569
0.00226164
0.00282233
0.00348324
0.00432117
0.00555836
0.00730568
0.00955694
0.0123833
0.0158801
0.0201453
0.000323803
0.000512232
0.000904628
0.00131584
0.00176537
0.0022608
0.00281937
0.00347468
0.00429758
0.00548549
0.00719682
0.00941262
0.0121991
0.0156523
0.0198886
0.000322943
0.000511436
0.000903866
0.00131539
0.00176522
0.00226041
0.00281728
0.00346757
0.00427633
0.00541732
0.00709293
0.00927419
0.0120222
0.0154321
0.0196113
0.000322112
0.000510689
0.000903162
0.00131503
0.00176525
0.00226036
0.00281576
0.00346126
0.00425641
0.00535365
0.00699372
0.0091413
0.0118522
0.0152209
0.0193609
0.000321313
0.000509948
0.000902495
0.00131474
0.00176541
0.00226051
0.00281453
0.0034553
0.00423734
0.00529489
0.00689904
0.00901382
0.0116894
0.0150214
0.0191361
0.000320523
0.000509233
0.000901854
0.00131448
0.00176562
0.00226074
0.00281338
0.0034495
0.00421921
0.00524195
0.00680882
0.00889152
0.0115331
0.014827
0.018884
0.000319756
0.000508546
0.000901231
0.00131422
0.00176581
0.00226093
0.0028122
0.00344388
0.00420246
0.00519598
0.00672313
0.00877415
0.0113825
0.014638
0.0186431
0.000319016
0.000507866
0.000900604
0.00131394
0.00176594
0.00226105
0.00281101
0.00343865
0.00418764
0.00515745
0.00664204
0.00866129
0.0112363
0.0144502
0.018389
0.000318288
0.00050717
0.000899944
0.00131359
0.00176598
0.0022611
0.00280992
0.00343408
0.00417506
0.00512571
0.00656548
0.00855267
0.0110948
0.0142708
0.0181814
0.000317565
0.000506494
0.000899266
0.0013132
0.00176597
0.00226113
0.00280905
0.00343032
0.00416473
0.00509935
0.00649322
0.00844804
0.0109576
0.0140949
0.0179492
0.00031687
0.000505833
0.000898584
0.00131278
0.00176594
0.00226124
0.00280848
0.00342746
0.00415634
0.0050768
0.00642495
0.00834715
0.0108243
0.0139239
0.0177349
0.000316184
0.000505161
0.000897889
0.00131235
0.00176592
0.00226147
0.0028083
0.00342543
0.00414941
0.0050567
0.00636027
0.00824976
0.0106949
0.0137573
0.0175254
0.000315505
0.000504516
0.00089721
0.00131194
0.00176596
0.00226185
0.00280848
0.00342405
0.00414351
0.0050381
0.00629894
0.00815577
0.0105696
0.0135981
0.0173404
0.000314852
0.000503892
0.00089656
0.00131157
0.00176608
0.00226241
0.00280894
0.00342315
0.00413822
0.00502037
0.00624083
0.00806505
0.0104481
0.0134431
0.0171439
0.000314209
0.000503264
0.000895921
0.00131123
0.00176626
0.00226307
0.00280962
0.00342252
0.00413321
0.00500321
0.00618615
0.00797758
0.0103309
0.0132957
0.016976
0.000313571
0.000502653
0.000895303
0.00131091
0.00176649
0.00226382
0.0028104
0.00342201
0.00412832
0.00498658
0.00613543
0.00789333
0.0102173
0.0131503
0.0167808
0.000312953
0.000502077
0.000894709
0.00131062
0.00176674
0.00226459
0.00281119
0.00342149
0.0041235
0.00497071
0.00608945
0.00781231
0.0101073
0.01301
0.0166136
0.000312354
0.000501492
0.000894119
0.00131034
0.00176698
0.00226532
0.00281194
0.00342093
0.00411881
0.00495592
0.00604892
0.00773464
0.0100009
0.0128747
0.0164507
0.000311755
0.000500917
0.000893526
0.00131002
0.00176718
0.002266
0.00281262
0.00342035
0.00411439
0.0049426
0.00601407
0.0076604
0.00989798
0.0127431
0.0162841
0.00031117
0.00050036
0.000892933
0.00130969
0.00176732
0.0022666
0.00281322
0.00341981
0.00411044
0.00493098
0.00598451
0.00758961
0.00979826
0.0126146
0.0161198
0.000310603
0.000499808
0.000892337
0.00130933
0.00176742
0.00226713
0.00281378
0.00341939
0.00410709
0.00492112
0.0059594
0.00752217
0.00970154
0.0124889
0.0159592
0.000310041
0.000499237
0.000891716
0.00130893
0.00176745
0.00226761
0.00281436
0.00341919
0.00410441
0.00491288
0.00593767
0.00745789
0.00960775
0.0123663
0.0158037
0.000309479
0.000498687
0.000891095
0.00130852
0.00176746
0.00226807
0.00281501
0.00341924
0.00410242
0.00490602
0.00591839
0.00739652
0.00951659
0.0122461
0.0156461
0.000308939
0.000498137
0.000890467
0.00130808
0.00176745
0.00226855
0.00281574
0.00341959
0.00410106
0.00490023
0.00590073
0.0073378
0.00942789
0.0121281
0.015495
0.000308397
0.000497593
0.00088984
0.00130765
0.00176745
0.00226906
0.0028166
0.00342023
0.00410022
0.00489522
0.00588416
0.00728159
0.00934178
0.0120147
0.015363
0.000307865
0.000497069
0.000889221
0.00130722
0.00176745
0.00226962
0.00281759
0.00342111
0.00409978
0.00489071
0.00586825
0.00722785
0.00925852
0.0119059
0.0152325
0.00030735
0.000496553
0.000888625
0.00130681
0.00176749
0.00227024
0.00281869
0.00342219
0.00409962
0.0048865
0.00585278
0.00717665
0.00917779
0.0117989
0.0150892
0.000306843
0.000496027
0.000888033
0.00130642
0.00176756
0.00227091
0.00281987
0.00342341
0.00409961
0.00488244
0.00583769
0.00712826
0.00909964
0.011695
0.0149621
0.000306338
0.000495513
0.000887454
0.00130603
0.00176765
0.00227161
0.00282112
0.0034247
0.00409967
0.00487845
0.00582302
0.0070831
0.00902394
0.0115937
0.0148333
0.000305852
0.000495027
0.000886896
0.00130567
0.00176775
0.00227234
0.00282238
0.003426
0.00409975
0.00487452
0.00580896
0.00704172
0.00895081
0.0114953
0.0147083
0.000305386
0.000494549
0.000886355
0.00130533
0.00176787
0.00227306
0.00282364
0.00342729
0.00409981
0.00487071
0.00579573
0.00700456
0.00888
0.0113976
0.0145735
0.000304924
0.000494051
0.000885803
0.00130497
0.00176797
0.00227377
0.00282487
0.00342855
0.00409987
0.0048671
0.00578359
0.00697185
0.00881182
0.0113037
0.0144639
0.000304465
0.000493578
0.000885272
0.00130463
0.00176807
0.00227447
0.00282608
0.00342979
0.00409999
0.00486384
0.00577277
0.00694348
0.00874622
0.0112116
0.0143389
0.000304051
0.000493094
0.000884719
0.00130425
0.00176813
0.00227511
0.00282724
0.003431
0.00410021
0.00486104
0.00576337
0.00691898
0.00868323
0.0111219
0.0142243
0.000303613
0.000492626
0.000884284
0.001304
0.0017683
0.00227585
0.00282848
0.00343235
0.00410066
0.00485887
0.00575547
0.00689782
0.00862291
0.0110347
0.0141126
0.000303358
0.000492071
0.000883585
0.00130349
0.00176833
0.00227657
0.00282984
0.00343392
0.00410159
0.00485754
0.00574908
0.00687937
0.00856547
0.0109505
0.0140043
0.000302677
0.00049173
0.000883545
0.00130307
0.00176781
0.00227626
0.00282985
0.00343409
0.00410125
0.00485537
0.00574265
0.00686207
0.00850896
0.0108672
0.0138921
0.000304333
0.000491953
0.000885754
0.00130928
0.00177735
0.00228821
0.00284331
0.00344807
0.00411458
0.0048664
0.00574853
0.00685571
0.00846629
0.0107946
0.0137947
0.000286575
0.000469904
0.00084128
0.00125064
0.00171128
0.00221957
0.0027753
0.00338248
0.00405183
0.00480552
0.00568678
0.00678627
0.00835722
0.0106739
0.0136762
0.00127113
0.00382935
0.00665616
0.00970317
0.012982
0.016505
0.0202938
0.0243753
0.0287756
0.0335134
0.0385945
0.0440081
0.0497281
0.0557137
0.061921
1.86844e-05
0.000425905
0.00169864
0.003821
0.0063054
0.00927844
0.0127532
0.0167373
0.0212309
0.0262244
0.0316948
0.0376039
0.0438972
0.0505056
0.057356
0
0.000245238
0.00113676
0.00259469
0.00442489
0.00675548
0.00963106
0.0130899
0.0171593
0.0218512
0.0271568
0.0330431
0.039451
0.0462981
0.05349
6.01396e-05
0.000281134
0.00113918
0.002233
0.00370551
0.00562888
0.00806531
0.0110754
0.0147129
0.0190181
0.0240105
0.0296814
0.0359893
0.0428586
0.0501861
0.000120761
0.000539577
0.00108096
0.00200347
0.00327307
0.00494418
0.00708497
0.00976631
0.0130572
0.0170183
0.0216932
0.0270998
0.0332213
0.0400004
0.0473391
0.000363614
0.000601066
0.00100054
0.00181134
0.0029473
0.00444762
0.00637944
0.00881719
0.0118372
0.0155118
0.0199022
0.0250474
0.0309545
0.0375879
0.044862
0.000411937
0.000565353
0.00092178
0.00165386
0.0026845
0.00405749
0.00583138
0.00808049
0.0108841
0.0143213
0.0184643
0.0233682
0.0290599
0.0355261
0.0427026
0.000404109
0.000535897
0.000884888
0.001526
0.00246919
0.00373947
0.00538727
0.007484
0.0101097
0.013347
0.0172749
0.0219597
0.0274427
0.0337236
0.0407297
0.0003966
0.00052626
0.00087206
0.00142325
0.00229353
0.00347531
0.0050184
0.00698819
0.0094639
0.0125298
0.0162693
0.0207567
0.0260456
0.032156
0.0390713
0.000391975
0.000524241
0.000861498
0.00133917
0.0021471
0.00325216
0.00470638
0.00656812
0.00891502
0.0118319
0.015405
0.0197146
0.0248249
0.0307724
0.037555
0.000388003
0.000522574
0.000849142
0.00126865
0.00202342
0.00306326
0.00443866
0.0062066
0.00844121
0.0112271
0.0146521
0.0188013
0.0237472
0.0295384
0.0361851
0.00038402
0.000519623
0.000835573
0.0012115
0.00191776
0.00290114
0.00420601
0.00589141
0.00802707
0.0106966
0.0139889
0.0179922
0.0227848
0.0284219
0.0349133
0.000380324
0.000517501
0.000828782
0.00118726
0.00182863
0.00275991
0.00400141
0.00561356
0.00766114
0.0102265
0.013399
0.0172691
0.0219203
0.0274183
0.0338056
0.0003772
0.000517397
0.00082978
0.00118271
0.00175378
0.00263605
0.00382101
0.00536647
0.0073349
0.00980628
0.0128701
0.0166184
0.0211392
0.0265062
0.032768
0.000374535
0.000518352
0.000833569
0.00118061
0.00168987
0.0025269
0.00366111
0.00514509
0.00704178
0.00942793
0.0123925
0.0160287
0.0204275
0.0256656
0.0317848
0.000372064
0.000519017
0.000836166
0.0011753
0.00163388
0.00242992
0.00351797
0.00494534
0.00677661
0.00908492
0.0119583
0.0154907
0.0197746
0.0248897
0.030886
0.000369606
0.000518738
0.000836179
0.00116667
0.00158588
0.00234297
0.00338862
0.00476381
0.00653522
0.00877212
0.0115615
0.0149975
0.0191747
0.0241791
0.0300849
0.000367169
0.000517896
0.000835318
0.00116038
0.001559
0.00226621
0.00327146
0.00459909
0.00631441
0.00848537
0.011197
0.0145435
0.0186214
0.0235216
0.0293216
0.000364884
0.0005173
0.000835965
0.00116011
0.00155134
0.00219966
0.0031653
0.00444902
0.00611157
0.00822134
0.0108608
0.014124
0.0181088
0.022909
0.0286018
0.000362829
0.000517299
0.000838593
0.001164
0.00155
0.00214169
0.00306886
0.00431147
0.00592445
0.00797723
0.0105495
0.0137348
0.0176317
0.0223355
0.0279237
0.000360976
0.000517654
0.000842124
0.00116872
0.00154794
0.00209013
0.00298081
0.00418472
0.00575112
0.00775071
0.0102601
0.0133722
0.017186
0.0217978
0.027289
0.000359238
0.000517941
0.000845269
0.00117211
0.00154317
0.0020434
0.00289993
0.00406743
0.00559018
0.00753979
0.00999029
0.0130335
0.0167686
0.0212931
0.026691
0.000357541
0.00051787
0.000847275
0.00117345
0.00153619
0.00200308
0.00282547
0.00395876
0.00544102
0.00734285
0.00973782
0.0127158
0.0163753
0.0208128
0.0261046
0.000355859
0.000517439
0.000848286
0.00117379
0.00153067
0.00197783
0.00275797
0.00385798
0.00530223
0.00715847
0.00950093
0.0124173
0.016006
0.0203677
0.0256073
0.00035422
0.000516885
0.000849098
0.00117491
0.00152962
0.00196806
0.00269792
0.00376449
0.00517256
0.00698537
0.00927809
0.012136
0.0156571
0.019941
0.0250688
0.000352666
0.000516461
0.000850413
0.0011777
0.0015326
0.00196567
0.00264458
0.00367768
0.00505105
0.00682246
0.00906797
0.0118703
0.0153267
0.0195358
0.0245846
0.000351218
0.000516268
0.000852398
0.00118183
0.00153748
0.00196457
0.00259652
0.00359685
0.00493685
0.00666867
0.00886932
0.0116187
0.0150128
0.01915
0.0241196
0.000349879
0.000516208
0.000854746
0.00118641
0.00154231
0.00196214
0.0025525
0.00352136
0.00482939
0.00652387
0.00868122
0.0113801
0.0147155
0.018789
0.0237119
0.000348603
0.000516152
0.000857
0.00119057
0.00154596
0.00195769
0.00251186
0.00345065
0.00472823
0.00638732
0.00850286
0.0111536
0.0144335
0.0184461
0.0232993
0.000347358
0.000515996
0.000858807
0.0011938
0.00154807
0.0019518
0.00247638
0.00338445
0.00463285
0.0062582
0.00833355
0.0109386
0.0141661
0.0181211
0.0229136
0.000346142
0.00051567
0.000860061
0.00119611
0.00154926
0.0019467
0.00245159
0.00332315
0.00454279
0.00613583
0.00817261
0.0107339
0.0139107
0.0178057
0.0225126
0.000344953
0.000515195
0.0008609
0.00119797
0.00155069
0.00194472
0.00243917
0.00326732
0.00445781
0.00601966
0.00801939
0.0105388
0.0136672
0.0175078
0.0221725
0.000343777
0.000514698
0.00086163
0.00119997
0.00155328
0.00194629
0.00243468
0.00321681
0.00437763
0.00590921
0.00787326
0.0103526
0.0134344
0.0172212
0.021815
0.000342654
0.00051426
0.000862517
0.00120247
0.00155719
0.0019503
0.00243325
0.00317083
0.00430191
0.00580409
0.00773392
0.0101745
0.013211
0.0169441
0.021473
0.000341596
0.000513901
0.000863662
0.00120552
0.00156202
0.00195531
0.002432
0.00312847
0.00423038
0.00570405
0.00760122
0.0100041
0.0129975
0.0166831
0.0211775
0.000340583
0.000513623
0.000864992
0.00120888
0.00156715
0.00196018
0.00242967
0.00308897
0.00416266
0.00560877
0.00747459
0.00984073
0.0127923
0.0164282
0.0208469
0.000339604
0.000513402
0.000866369
0.00121223
0.00157202
0.0019642
0.00242591
0.00305206
0.00409843
0.00551795
0.00735356
0.00968411
0.0125955
0.0161864
0.0205726
0.000338676
0.000513147
0.000867636
0.00121528
0.00157626
0.00196711
0.00242099
0.0030187
0.00403751
0.00543127
0.0072377
0.00953381
0.0124066
0.0159544
0.0202936
0.000337765
0.000512831
0.000868668
0.00121786
0.00157975
0.0019691
0.00241604
0.00299198
0.00398008
0.00534845
0.00712666
0.00938959
0.0122258
0.015735
0.0200441
0.000336861
0.000512464
0.000869432
0.00121997
0.00158262
0.00197082
0.00241274
0.00297473
0.00392658
0.00526937
0.00702021
0.00925116
0.0120522
0.0155218
0.0197729
0.000335987
0.000512025
0.000869982
0.00122175
0.00158527
0.00197302
0.00241216
0.00296594
0.00387726
0.00519392
0.00691809
0.00911814
0.0118853
0.0153158
0.01952
0.000335125
0.000511556
0.000870413
0.00122341
0.00158806
0.0019762
0.00241425
0.00296234
0.00383195
0.00512198
0.0068201
0.00899034
0.0117237
0.0151123
0.0192506
0.000334277
0.000511117
0.000870844
0.00122516
0.00159126
0.00198043
0.00241822
0.00296097
0.00379011
0.00505337
0.00672602
0.00886743
0.0115674
0.0149176
0.0190255
0.000333465
0.000510714
0.000871369
0.00122711
0.0015949
0.00198545
0.00242314
0.00295997
0.00375111
0.00498793
0.00663566
0.00874906
0.0114162
0.0147285
0.0187879
0.000332693
0.000510332
0.000871995
0.00122928
0.0015989
0.0019909
0.00242821
0.00295842
0.00371448
0.00492544
0.00654881
0.00863492
0.01127
0.0145455
0.0185633
0.000331936
0.000510004
0.000872702
0.00123157
0.00160303
0.00199639
0.00243289
0.00295592
0.00367988
0.00486565
0.00646523
0.00852467
0.0111282
0.0143673
0.0183403
0.000331212
0.000509704
0.000873437
0.00123387
0.0016071
0.00200158
0.00243688
0.00295243
0.0036474
0.00480838
0.00638472
0.00841817
0.0109912
0.0141974
0.0181431
0.00033052
0.000509389
0.000874138
0.00123607
0.00161093
0.00200628
0.00244006
0.00294826
0.00361807
0.00475358
0.00630709
0.00831509
0.0108578
0.0140268
0.0179052
0.000329838
0.000509061
0.000874737
0.00123806
0.00161439
0.00201042
0.00244259
0.00294415
0.00359396
0.00470135
0.00623219
0.00821531
0.0107289
0.0138679
0.0177464
0.000329163
0.000508731
0.00087522
0.00123981
0.00161746
0.00201407
0.00244485
0.00294117
0.00357691
0.00465202
0.00615994
0.0081187
0.0106037
0.0137095
0.0175205
0.000328515
0.000508357
0.000875585
0.00124132
0.00162021
0.00201745
0.00244733
0.00294016
0.00356673
0.00460583
0.00609029
0.00802507
0.0104819
0.013554
0.0173257
0.000327875
0.000507957
0.000875845
0.00124265
0.00162275
0.0020208
0.00245044
0.00294131
0.00356162
0.00456276
0.00602317
0.00793428
0.0103636
0.013404
0.0171455
0.000327238
0.000507567
0.000876039
0.00124388
0.00162524
0.00202435
0.00245437
0.00294432
0.00355941
0.00452255
0.00595852
0.00784625
0.0102487
0.0132561
0.0169466
0.000326629
0.000507167
0.000876221
0.0012451
0.00162781
0.00202822
0.00245909
0.00294862
0.00355847
0.00448485
0.00589622
0.00776075
0.0101363
0.0131096
0.0167557
0.000326034
0.000506777
0.000876418
0.00124637
0.00163052
0.00203245
0.00246443
0.00295362
0.00355777
0.00444924
0.00583614
0.00767772
0.0100272
0.0129713
0.0166082
0.00032545
0.000506428
0.000876659
0.00124772
0.0016334
0.00203696
0.00247012
0.00295879
0.00355669
0.00441538
0.00577813
0.00759706
0.00992091
0.0128345
0.0164215
0.000324893
0.0005061
0.000876956
0.00124916
0.00163641
0.00204164
0.00247594
0.00296378
0.00355494
0.00438305
0.0057221
0.00751875
0.00981774
0.0127031
0.01627
0.000324365
0.000505772
0.000877288
0.00125065
0.00163948
0.00204635
0.00248166
0.00296834
0.00355244
0.00435222
0.00566793
0.00744271
0.00971737
0.0125739
0.0161006
0.000323845
0.000505463
0.00087763
0.00125215
0.00164254
0.00205097
0.00248709
0.00297233
0.00354924
0.00432317
0.00561557
0.00736884
0.00961962
0.0124485
0.0159481
0.000323341
0.000505171
0.000877963
0.00125361
0.0016455
0.00205538
0.00249214
0.00297572
0.0035456
0.00429677
0.00556504
0.00729713
0.00952475
0.0123276
0.0158055
0.000322861
0.00050488
0.000878272
0.00125499
0.0016483
0.00205951
0.00249676
0.00297861
0.00354204
0.0042744
0.00551647
0.00722751
0.0094325
0.0122097
0.015659
0.000322404
0.000504584
0.000878543
0.00125626
0.0016509
0.00206334
0.00250099
0.00298124
0.00353921
0.00425726
0.0054701
0.00716006
0.00934329
0.0120977
0.0155308
0.000321958
0.000504293
0.000878755
0.00125741
0.00165328
0.00206687
0.00250493
0.00298391
0.00353772
0.00424555
0.00542615
0.00709473
0.00925629
0.0119838
0.0153597
0.000321535
0.000503975
0.000878908
0.00125843
0.00165548
0.00207018
0.00250875
0.00298693
0.00353786
0.00423841
0.00538472
0.0070315
0.0091718
0.0118763
0.0152535
0.000321124
0.000503648
0.000879004
0.00125935
0.00165752
0.00207334
0.00251259
0.00299049
0.00353963
0.00423449
0.00534572
0.0069704
0.00909016
0.0117747
0.0151417
0.000320724
0.000503338
0.000879066
0.00126018
0.00165947
0.00207647
0.00251661
0.0029947
0.00354276
0.00423254
0.00530903
0.00691154
0.00901159
0.0116771
0.0150215
0.000320354
0.000503029
0.000879128
0.00126099
0.00166139
0.00207965
0.00252089
0.00299952
0.00354689
0.00423161
0.00527447
0.00685494
0.0089357
0.0115809
0.0148933
0.000320021
0.000502705
0.000879191
0.00126181
0.00166334
0.00208293
0.00252545
0.00300487
0.0035517
0.00423108
0.00524185
0.00680059
0.00886247
0.0114877
0.0147786
0.000319706
0.000502411
0.000879292
0.00126266
0.00166538
0.00208639
0.00253029
0.00301065
0.00355687
0.00423057
0.00521101
0.00674842
0.00879152
0.0113961
0.0146589
0.000319454
0.000502127
0.000879414
0.00126355
0.00166747
0.00208997
0.00253536
0.00301668
0.00356215
0.00422988
0.00518184
0.00669848
0.00872347
0.0113101
0.0145629
0.000319229
0.000501862
0.000879684
0.00126461
0.00166977
0.00209378
0.00254068
0.00302293
0.00356747
0.00422898
0.00515431
0.00665072
0.00865746
0.0112214
0.0144186
0.000319215
0.000501522
0.000879832
0.00126563
0.00167217
0.00209784
0.00254632
0.00302948
0.00357292
0.00422809
0.00512891
0.00660569
0.00859463
0.0111412
0.0143546
0.000318843
0.000501541
0.000880122
0.00126634
0.00167379
0.00210076
0.00255063
0.00303453
0.00357672
0.00422556
0.00510325
0.00656066
0.00853279
0.0110618
0.0142405
0.000320954
0.000502582
0.000884631
0.00127475
0.00168559
0.00211519
0.0025669
0.00305152
0.00359226
0.0042351
0.00509544
0.0065348
0.00848775
0.0109949
0.0141548
0.00030389
0.000477522
0.0008411
0.00122238
0.00163074
0.00206171
0.00251642
0.00300343
0.00354308
0.00417673
0.00500691
0.00642086
0.0083669
0.010878
0.0140518
0.103471
0.125478
0.13829
0.114404
0.0441041
0.0252603
0.0303797
0.122585
0.0863642
0.0876766
0.0895213
0.108766
0.102699
0.139264
0.139505
0.13639
0.109468
0.134292
0.080817
0.139222
0.0660815
0.138219
0.151475
0.216778
0.139654
0.121401
0.0293905
0.133861
0.0929842
0.131355
0.0457956
0.131541
0.137447
0.0683287
0.0175708
0.0176036
0.0560894
0.102258
0.0815295
0.13782
0.0510644
0.0327014
0.0394932
0.137998
0.139609
0.100666
0.0864421
0.129047
0.0807692
0.139781
0.11465
0.138158
0.137934
0.131209
0.136261
0.138224
0.0583169
0.047147
0.106289
0.128234
0.0458201
0.0758228
0.139411
0.138198
0.13426
0.106332
0.13922
0.0280139
0.0319618
0.0514407
0.133688
0.017281
0.0687023
0.169382
0.123032
0.133082
0.028914
0.0270631
0.131402
0.0536525
0.129745
0.0968951
0.135046
0.00852971
0.0974728
0.0386387
0.0317828
0.0891076
0.113207
0.0965362
0.122034
0.138647
0.0889384
0.0976718
0.0293787
0.137784
0.139274
0.0805608
0.138505
0.136653
0.055558
0.31865
0.0967461
0.145856
0.0527805
0.106627
0.127483
0.137196
0.117852
0.0452165
0.128295
0.110227
0.0358817
0.115024
0.139438
0.106234
0.132997
0.115785
0.0994238
0.121486
0.0421086
0.0362991
0.0477338
0.105618
0.0299978
0.0190177
0.102037
0.129425
0.0566177
0.126683
0.0998429
0.285449
0.0590587
0.137168
0.135189
0.0943728
0.269758
0.0363597
0.107546
0.0322223
0.0247006
0.0816474
0.0370165
0.137108
0.104788
0.135315
0.0705552
0.0836744
0.133773
0.113896
0.109135
0.0739131
0.104659
0.116175
0.127856
0.0362032
0.133492
0.129765
0.123705
0.103534
0.0184334
0.139044
0.110706
0.384156
0.0713475
0.138526
0.138742
0.129588
0.11973
0.136065
0.137323
0.135832
0.128772
0.0602567
0.0879631
0.0266448
0.136739
0.044269
0.0793013
0.0502227
0.0585255
0.110641
0.103906
0.121895
0.128254
0.0216889
0.0136527
0.0744981
0.0091782
0.0210721
0.0988633
0.138672
0.032041
0.0610943
0.129516
0.166766
0.0807365
0.0211766
0.0311408
0.0949728
0.0736296
0.130211
0.131154
0.13749
0.116693
0.124049
0.0397735
0.051233
0.091434
0.138785
0.133272
0.138925
0.109563
0.0346011
0.106395
0.0724474
0.101412
0.138541
0.0380673
0.0327906
0.117922
0.0479473
0.13748
0.137632
0.104616
0.0848884
0.041771
0.138751
0.146368
0.136125
0.0663666
0.0407932
0.134234
0.138336
0.104339
0.133852
0.13836
0.0335169
0.137328
0.0107501
0.134627
0.130487
0.135405
0.0445177
0.13728
0.0477663
0.090214
0.0658473
0.0628842
0.12481
0.0618011
0.139791
0.129234
0.133136
0.0513007
0.0557042
0.0975943
0.0718282
0.12769
0.136996
0.101922
0.120623
0.079633
0.035229
0.0946821
0.138209
0.038573
0.057162
0.169653
0.132742
0.0927971
0.110767
0.11722
0.0379625
0.00849234
0.105891
0.139931
0.0567114
0.0705662
0.13404
0.16122
0.132224
0.0607172
0.124894
0.101728
0.13252
0.0614747
0.0973082
0.117941
0.0715121
0.0333103
0.124856
0.080021
0.0745269
0.0825961
0.042082
0.10795
0.124159
0.13094
0.139513
0.0203198
0.130267
0.100614
0.13957
0.133425
0.0412843
0.0613162
0.148838
0.0674452
0.111576
0.139384
0.134828
0.0387041
0.193135
0.102903
0.105755
0.018793
0.0415411
0.0338701
0.11014
0.130372
0.12322
0.103533
0.135326
0.105248
0.0488553
0.150677
0.146259
0.137303
0.202299
0.121605
0.030474
0.0392403
0.0879339
0.103085
0.0806632
0.130918
0.136995
0.055059
0.123331
0.118112
0.0242764
0.111178
0.13623
0.13878
0.0547807
0.137017
0.0288899
0.0506278
0.0598464
0.0437287
0.0204053
0.0354388
0.0206308
0.0773076
0.109767
0.0850627
0.138076
0.0277979
0.136006
0.121465
0.134487
0.0614849
0.104247
0.148555
0.127554
0.0966473
0.138691
0.121485
0.130564
0.064842
0.120342
0.132616
0.0601216
0.0424481
0.119483
0.134707
0.112794
0.0680106
0.156072
0.109739
0.119639
0.132188
0.0817945
0.0667344
0.111203
0.138635
0.108391
0.105272
0.118495
0.1397
0.0331056
0.137644
0.0855713
0.130663
0.0518097
0.119665
0.132102
0.13606
0.0423755
0.138743
0.0820378
0.135405
0.0978987
0.19401
0.0913685
0.138585
0.00498879
0.136757
0.0377703
0.119036
0.0393748
0.0783649
0.059664
0.123759
0.0870452
0.122603
0.121606
0.138976
0.0648422
0.0996356
0.109831
0.136203
0.0174202
0.10184
0.14303
0.111499
0.0386177
0.116033
0.0769056
0.114309
0.133577
0.0989905
0.125334
0.12204
0.129515
0.118622
0.11871
0.0659963
0.133669
0.133036
0.00647553
0.139017
0.0302385
0.0279501
0.0218365
0.0296869
0.0550059
0.0929811
0.0971973
0.11988
0.0967068
0.139182
0.124276
0.121972
0.0458115
0.235486
0.124293
0.0221878
0.272748
0.051596
0.0430602
0.135535
0.133234
0.0239661
0.154079
0.0995781
0.106051
0.12879
0.0371101
0.0900401
0.133364
0.0540064
0.0550927
0.141629
0.0978645
0.00417009
0.0876758
0.0823316
0.0565504
0.131991
0.133703
0.132504
0.129763
0.102444
0.14112
0.0593006
0.0702642
0.134839
0.0924185
0.139603
0.139147
0.133619
0.27013
0.105596
0.0711269
0.13865
0.0934234
0.106755
0.079645
0.0633893
0.113693
0.150199
0.114065
0.123861
0.109872
0.0793928
0.0470305
0.0451278
0.107422
0.101157
0.138916
0.135557
0.134897
0.0251024
0.0426028
0.0884775
0.104833
0.0263396
0.0579265
0.0164188
0.0957359
0.124971
0.102343
0.108622
0.14103
0.0561456
0.0478522
0.0511889
0.362761
0.0291845
0.0174699
0.0306089
0.0733174
0.127141
0.130514
0.153102
0.0865319
0.105603
0.139766
0.13081
0.0721286
0.0515538
0.0845372
0.0977645
0.139821
0.109847
0.134345
0.0971532
0.146867
0.10972
0.138019
0.124004
0.0227945
0.0423659
0.00358193
0.130601
0.138253
0.036153
0.139841
0.0438133
0.0606512
0.138271
0.0531827
0.129842
0.10204
0.153999
0.139204
0.0294538
0.117208
0.127373
0.138353
0.1171
0.116039
0.0617915
0.00569615
0.0258083
0.073015
0.129896
0.0183645
0.058205
0.112777
0.0676366
0.106515
0.115306
0.0828157
0.136872
0.0420313
0.0923767
0.0769237
0.127432
0.137473
0.139293
0.122817
0.134776
0.0515794
0.12477
0.107673
0.0214622
0.139012
0.0994887
0.075599
0.0964297
0.0985002
0.13924
0.124922
0.0197351
0.0177863
0.134907
0.141764
0.101163
0.107721
0.0192081
0.138634
0.0885169
0.0511737
0.0735158
0.131526
0.135758
0.135834
0.122099
0.131119
0.0298334
0.0696409
0.0622142
0.0384917
0.139726
0.125666
0.0440432
0.0352021
0.128238
0.0602772
0.125853
0.0039919
0.137954
0.0184269
0.0509647
0.132412
0.0499501
0.0808774
0.09756
0.0938189
0.062669
0.0413553
0.0365489
0.138433
0.0596484
0.115688
0.138394
0.0659873
0.135068
0.142426
0.0713562
0.0962861
0.0800216
0.0474344
0.127293
0.0251776
0.136272
0.0852633
0.109297
0.066855
0.127065
0.138686
0.0956956
0.114141
0.111599
0.141491
0.13239
0.0198439
0.0890978
0.104439
0.127569
0.132508
0.153909
0.10999
0.0659673
0.107715
0.172436
0.126944
0.090307
0.103879
0.138542
0.104045
0.0168298
0.162164
0.0648393
0.0822532
0.141066
0.0753854
0.0439363
0.137643
0.132541
0.115922
0.0353856
0.0349954
0.12282
0.140825
0.1322
0.0685592
0.123935
0.126109
0.0267912
0.135594
0.0314497
0.0298158
0.0598655
0.134256
0.111557
0.139321
0.0811948
0.0328985
0.0717098
0.0777481
0.114734
0.126493
0.122348
0.126731
0.103144
0.00310773
0.117872
0.0221317
0.0627334
0.0144739
0.094161
0.133027
0.0253028
0.133138
0.131218
0.120076
0.0215983
0.0657616
0.0435709
0.0414768
0.0911635
0.133701
0.133954
0.0920184
0.0760073
0.0239233
0.0405057
0.102507
0.0392087
0.102107
0.138719
0.135217
0.112238
0.037876
0.138945
0.138088
0.115551
0.051054
0.020699
0.0327264
0.0174322
0.0829282
0.0646917
0.0698158
0.119647
0.0622878
0.10787
0.0855405
0.133623
0.139115
0.121819
0.0874075
0.0921044
0.0590224
0.13911
0.138797
0.134337
0.0560836
0.0735322
0.139896
0.00369423
0.020139
0.13884
0.0361484
0.0732173
0.0735077
0.207507
0.138978
0.031144
0.109602
0.138941
0.109299
0.139404
0.137381
0.0561108
0.0958094
0.310838
0.0702033
0.143768
0.1303
0.118031
0.0325828
0.0604677
0.127938
0.163106
0.0802135
0.071279
0.142582
0.0996944
0.134467
0.135995
0.104232
0.138829
0.044927
0.0673769
0.0963787
0.0202922
0.0615222
0.134519
0.0864286
0.137899
0.135772
0.132196
0.0669981
0.130944
0.131414
0.139705
0.0271612
0.0851974
0.0365177
0.137922
0.138587
0.0234412
0.0857909
0.137927
0.0868177
0.0869863
0.126343
0.137046
0.138763
0.132179
0.117205
0.123647
0.0268827
0.11638
0.071077
0.0880155
0.10512
0.137178
0.115711
0.137123
0.13865
0.133598
0.178387
0.0659116
0.139172
0.137294
0.0354469
0.103163
0.121443
0.0492163
0.128383
0.134647
0.0514792
0.02799
0.132288
0.0320481
0.0560384
0.220852
0.101658
0.0635452
0.13924
0.11041
0.116366
0.129628
0.0565598
0.136282
0.0824585
0.132565
0.00276452
0.0630245
0.13489
0.0515283
0.138568
0.138075
0.0945449
0.0259928
0.10397
0.132136
0.108195
0.139157
0.0946325
0.135471
0.0700685
0.0997628
0.0304091
0.139538
0.0338405
0.0432727
0.134454
0.139949
0.122178
0.0350951
0.113656
0.128395
0.112741
0.2214
0.0372882
0.00743728
0.0985175
0.129832
0.102276
0.13108
0.0532035
0.127772
0.130398
0.163737
0.0208761
0.120661
0.0220983
0.0952584
0.026608
0.139576
0.0216457
0.120979
0.13564
0.137137
0.0595778
0.124642
0.124421
0.114298
0.0275791
0.0222083
0.115607
0.323064
0.00947348
0.021295
0.0934132
0.0290006
0.113369
0.0283054
0.138836
0.104398
0.101141
0.0614087
0.117667
0.135908
0.0257097
0.0419566
0.130473
0.135667
0.121723
0.124907
0.0588362
0.125904
0.15214
0.0955349
0.00948424
0.103275
0.0467021
0.126201
0.134037
0.138396
0.0328567
0.0412175
0.111849
0.103448
0.0963817
0.0525331
0.13922
0.111887
0.139293
0.066638
0.0561375
0.0490373
0.139966
0.0325364
0.139027
0.0737065
0.138811
0.134455
0.0779917
0.125511
0.0616245
0.068506
0.0214764
0.0754637
0.0767567
0.0270906
0.138886
0.0896909
0.138566
0.118147
0.136826
0.0852313
0.138045
0.136986
0.0227701
0.0830248
0.13927
0.0200786
0.0395568
0.137661
0.0509403
0.0529207
0.0735834
0.106175
0.12635
0.137869
0.138706
0.108534
0.0386798
0.106342
0.0257158
0.138473
0.119116
0.157004
0.0641548
0.0786139
0.107613
0.016967
0.135736
0.104518
0.0930874
0.115362
0.0514968
0.137739
0.13905
0.162242
0.139687
0.139068
0.128897
0.171251
0.118209
0.0937451
0.105364
0.205193
0.138828
0.136459
0.101436
0.106667
0.00405381
0.140135
0.0222398
0.060676
0.0702832
0.0749879
0.0473798
0.0317797
0.0369795
0.138862
0.127476
0.12876
0.0621657
0.0771304
0.102857
0.139511
0.110517
0.116399
0.139613
0.0209612
0.0712518
0.128325
0.0916332
0.100916
0.106796
0.116327
0.0991134
0.0650458
0.142112
0.135108
0.136349
0.081563
0.101826
0.131816
0.030503
0.00646658
0.136689
0.139293
0.107356
0.0949836
0.043119
0.0723025
0.0161591
0.102358
0.0998609
0.103813
0.0741034
0.138607
0.0898963
0.0474737
0.111707
0.10002
0.0874438
0.0421482
0.0106626
0.104278
0.0302737
0.0425726
0.0397587
0.067709
0.0695582
0.0674718
0.115521
0.126465
0.116624
0.0493785
0.134746
0.0893546
0.039527
0.118961
0.134113
0.255002
0.0469633
0.0332632
0.102733
0.068462
0.0956114
0.106899
0.135272
0.135431
0.135852
0.0376538
0.140252
0.137287
0.0812881
0.0638535
0.0830501
0.0877851
0.0965054
0.0172412
0.0261572
0.0422128
0.0333539
0.0780725
0.137516
0.136974
0.0375207
0.138167
0.0558171
0.169225
0.128134
0.1007
0.138599
0.0791665
0.120293
0.0748991
0.0751288
0.106785
0.311305
0.125482
0.137699
0.0693053
0.135298
0.114273
0.151498
0.108663
0.111228
0.260942
0.056943
0.0945191
0.131307
0.136111
0.144002
0.102532
0.111394
0.121792
0.105419
0.0983275
0.10326
0.119235
0.121688
0.125366
0.138495
0.118852
0.0637863
0.114228
0.12981
0.139242
0.138793
0.125161
0.0624707
0.129424
0.139312
0.0494588
0.0173574
0.114635
0.0473305
0.104667
0.137378
0.0591496
0.132459
0.135468
0.130315
0.0180037
0.0845956
0.0999651
0.139157
0.0429268
0.0226678
0.12877
0.061524
0.0938501
0.130518
0.122633
0.135389
0.074228
0.0581294
0.0379972
0.0872576
0.0465479
0.0503716
0.138606
0.0217218
0.116218
0.0718909
0.0339689
0.132109
0.129421
0.0338476
0.00874332
0.084248
0.138771
0.0825072
0.0554978
0.129843
0.0598857
0.091593
0.0510686
0.134907
0.111382
0.129481
0.138797
0.0164677
0.0611322
0.0353079
0.0715966
0.11141
0.134057
0.110991
0.127878
0.110465
0.133975
0.0994151
0.0387624
0.107404
0.0439906
0.110451
0.0224216
0.139018
0.138365
0.135204
0.0415846
0.0831464
0.139413
0.102744
0.0351988
0.137736
0.13287
0.0254701
0.135551
0.11178
0.124089
0.137117
0.133298
0.046433
0.0189798
0.1105
0.111113
0.0828649
0.0819647
0.0257693
0.131473
0.0942404
0.0545368
0.138921
0.0848962
0.108797
0.129858
0.138514
0.134626
0.0166715
0.134987
0.0248486
0.138647
0.137425
0.0190489
0.127814
0.0991549
0.0374863
0.127452
0.0287629
0.0327878
0.101651
0.114657
0.278825
0.077433
0.128116
0.0625056
0.110511
0.0715728
0.100111
0.0669485
0.10449
0.168668
0.0889218
0.0809526
0.0750321
0.138234
0.128176
0.143722
0.12297
0.132432
0.124368
0.134671
0.120566
0.106771
0.137172
0.126007
0.0233895
0.183258
0.0503392
0.0153315
0.0230987
0.134643
0.142225
0.0224676
0.120103
0.116292
0.131424
0.113373
0.104064
0.0614623
0.0766668
0.137981
0.17401
0.132078
0.0556124
0.139569
0.100467
0.0475038
0.0994474
0.0487104
0.122632
0.137527
0.104592
0.0969264
0.131851
0.0819034
0.131957
0.0991372
0.0040362
0.129016
0.0870013
0.124607
0.141739
0.106599
0.164229
0.0761299
0.0458149
0.136805
0.129744
0.112116
0.100329
0.130214
0.165849
0.0229026
0.364162
0.0172695
0.114337
0.0381673
0.128931
0.0356815
0.139837
0.128027
0.0984251
0.136102
0.128233
0.131496
0.0953656
0.0241806
0.139751
0.16292
0.107045
0.130845
0.0750471
0.196285
0.141239
0.022047
0.133615
0.126121
0.137731
0.134995
0.0859453
0.0162634
0.107862
0.100076
0.102116
0.131852
0.0420036
0.136478
0.10335
0.118177
0.0766547
0.127514
0.128123
0.028843
0.128328
0.0767166
0.137089
0.0348138
0.139425
0.0497765
0.135371
0.146896
0.123339
0.0623924
0.13844
0.134996
0.0323681
0.107258
0.125394
0.136427
0.0970004
0.136829
0.0718007
0.105434
0.0276771
0.335065
0.134458
0.106492
0.139172
0.101123
0.0890976
0.178267
0.211096
0.0919285
0.111681
0.136177
0.0180479
0.0982362
0.040609
0.124359
0.0867826
0.0734953
0.138298
0.135605
0.135443
0.124443
0.0321325
0.0466562
0.0306198
0.138559
0.0743272
0.133906
0.0187496
0.115851
0.0632139
0.138115
0.136205
0.048455
0.132467
0.113619
0.0620766
0.107791
0.0979991
0.120213
0.0204964
0.108684
0.0335256
0.139547
0.114458
0.101742
0.106761
0.0316857
0.111221
0.124799
0.128967
0.137303
0.101104
0.0682686
0.0593292
0.0730204
0.138055
0.138889
0.118673
0.129366
0.090337
0.0667795
0.114799
0.00582934
0.138028
0.13681
0.140323
0.151786
0.139529
0.0855915
0.0435258
0.133568
0.0734826
0.111225
0.122342
0.019401
0.0419898
0.120055
0.0638639
0.103429
0.067378
0.103085
0.106745
0.137969
0.0351531
0.0914604
0.0191665
0.0278615
0.135195
0.13719
0.0420505
0.127382
0.0880609
0.0393542
0.0965658
0.136394
0.132183
0.135554
0.0684906
0.0888267
0.0756401
0.109765
0.0652548
0.0300027
0.0860208
0.13785
0.00972231
0.0704963
0.134088
0.136925
0.134968
0.0359948
0.0346918
0.0654142
0.273958
0.113993
0.138719
0.0711915
0.102186
0.0896217
0.135625
0.183352
0.0454106
0.138732
0.0531408
0.0906486
0.0462072
0.126847
0.321453
0.0367658
0.102288
0.139675
0.0853622
0.137005
0.0262656
0.138502
0.136969
0.0632658
0.0323816
0.122427
0.0411835
0.042618
0.053549
0.0326602
0.0772293
0.0940136
0.0524031
0.138027
0.0773156
0.139339
0.172982
0.137943
0.137244
0.136818
0.131074
0.0458736
0.0180981
0.104726
0.0728494
0.032246
0.130434
0.13564
0.00300692
0.0727125
0.136502
0.0172551
0.138454
0.0774378
0.0566629
0.114632
0.119856
0.134931
0.134083
0.120397
0.134272
0.10013
0.0214306
0.0238514
0.0322987
0.0284035
0.0947522
0.135084
0.0178234
0.0883892
0.13311
0.119329
0.107789
0.143591
0.0235004
0.0620566
0.129598
0.132085
0.124737
0.110331
0.136308
0.096227
0.0878807
0.135848
0.0399506
0.128095
0.132485
0.100366
0.128907
0.138531
0.136239
0.0203374
0.107976
0.0724602
0.0306898
0.129798
0.0622533
0.129231
0.130205
0.124236
0.0300939
0.0548763
0.0181279
0.138744
0.106362
0.0810656
0.119998
0.147947
0.107155
0.0683494
0.138571
0.0212557
0.031604
0.109768
0.106943
0.222849
0.138996
0.0249511
0.137144
0.138171
0.026127
0.123818
0.0161728
0.100982
0.0761991
0.135951
0.0307892
0.0262996
0.0920691
0.137732
0.0356384
0.129357
0.0226231
0.128503
0.121776
0.0777008
0.0292789
0.0837035
0.0756018
0.102577
0.0332959
0.113327
0.397889
0.140875
0.12231
0.125597
0.162719
0.00437482
0.0415924
0.0105317
0.146232
0.138398
0.132347
0.137827
0.090663
0.139974
0.132788
0.138279
0.107658
0.136335
0.156304
0.0147173
0.133814
0.0975932
0.14155
0.0948634
0.126879
0.0371428
0.132039
0.105881
0.137724
0.136717
0.138981
0.125775
0.0210193
0.118655
0.0691377
0.117403
0.0927187
0.0362691
0.139281
0.132263
0.136596
0.127976
0.138183
0.0871128
0.04661
0.0400373
0.025945
0.0865668
0.127772
0.137011
0.0643317
0.13079
0.106213
0.107739
0.100668
0.0617439
0.135456
0.0846293
0.131856
0.014106
0.100565
0.103667
0.0156041
0.139472
0.133977
0.127948
0.0937165
0.126326
0.0644297
0.13365
0.0951356
0.137779
0.137251
0.0960168
0.10909
0.138769
0.139087
0.091924
0.138372
0.11998
0.0465317
0.151598
0.203039
0.0933505
0.137094
0.1187
0.116808
0.154285
0.0560852
0.138652
0.0342306
0.0398164
0.028728
0.0071401
0.0876808
0.0583077
0.120072
0.0792002
0.139056
0.020508
0.108565
0.0839136
0.0690765
0.137554
0.102988
0.0819784
0.117949
0.0685392
0.127271
0.115303
0.122925
0.0503824
0.0467096
0.133382
0.138449
0.0555138
0.118215
0.0248483
0.0977597
0.0451741
0.13776
0.0154658
0.0290113
0.130031
0.119204
0.139656
0.0321535
0.136871
0.02493
0.0347756
0.0378047
0.0808647
0.128228
0.103748
0.0551494
0.138317
0.125894
0.139515
0.128689
0.132459
0.129166
0.135544
0.0920626
0.122761
0.028197
0.111072
0.0166697
0.0414527
0.0220785
0.0235717
0.0217644
0.133166
0.0418641
0.104693
0.0306966
0.12633
0.139614
0.0480373
0.10527
0.184293
0.133136
0.12344
0.11284
0.111897
0.136135
0.0438256
0.126069
0.0621078
0.133308
0.102127
0.0262702
0.0806538
0.0376121
0.115876
0.0517227
0.131702
0.139837
0.00396555
0.138366
0.0476827
0.0989903
0.0994267
0.113071
0.0770736
0.0399087
0.0956234
0.133795
0.127107
0.023714
0.102027
0.139039
0.0902357
0.0977422
0.138467
0.107251
0.130238
0.0394484
0.237599
0.118046
0.118145
0.1388
0.0419631
0.105399
0.0543194
0.0226743
0.0987809
0.00671182
0.0171805
0.0683072
0.103731
0.136555
0.0730184
0.116006
0.222233
0.0851578
0.136935
0.0554345
0.136976
0.170209
0.111828
0.138713
0.115779
0.0161581
0.0973044
0.0974596
0.0891056
0.137986
0.11837
0.139161
0.037614
0.0528177
0.133342
0.138237
0.134616
0.101784
0.0788647
0.0169105
0.00282981
0.138733
0.110764
0.062546
0.0860149
0.0879274
0.0698094
0.0779497
0.119484
0.0804744
0.119323
0.053795
0.138435
0.118965
0.134056
0.085278
0.13962
0.133441
0.0698061
0.0938101
0.114721
0.116365
0.32619
0.0171256
0.111416
0.12134
0.0887826
0.135431
0.120942
0.0991642
0.127005
0.0912652
0.133255
0.0491649
0.0674239
0.0685776
0.113089
0.10389
0.131682
0.0294852
0.107932
0.0197911
0.0370922
0.130002
0.0346317
0.0450541
0.205184
0.11575
0.0854634
0.0195065
0.13441
0.0694204
0.0570431
0.0997114
0.029143
0.105706
0.130769
0.0561142
0.2182
0.128323
0.0561367
0.141064
0.0800454
0.0224284
0.118031
0.135407
0.115076
0.0522412
0.134189
0.120792
0.0796399
0.00950297
0.105288
0.0244576
0.130298
0.0780592
0.132522
0.0443943
0.121782
0.0454087
0.119615
0.0663214
0.128309
0.00328543
0.117464
0.0230928
0.149158
0.111098
0.0394371
0.138315
0.133086
0.138966
0.0755394
0.0246455
0.108569
0.0341335
0.0227323
0.0474144
0.0305284
0.0296047
0.13845
0.0326817
0.137089
0.100602
0.0778543
0.134245
0.0622812
0.115055
0.114761
0.13894
0.117517
0.0669241
0.0262194
0.11082
0.0618646
0.100493
0.139853
0.1193
0.134353
0.138665
0.0468194
0.134447
0.085507
0.102966
0.147392
0.0561601
0.132053
0.135452
0.0689626
0.0953549
0.123249
0.137659
0.116194
0.0946312
0.126719
0.119945
0.0372513
0.0750244
0.0365811
0.0930172
0.0465702
0.045315
0.101974
0.102576
0.12675
0.136309
0.049313
0.0486274
0.143653
0.115026
0.139652
0.105002
0.136726
0.0958446
0.0841707
0.0399658
0.137399
0.128283
0.0169203
0.0580778
0.134576
0.136026
0.135808
0.0749682
0.112581
0.00468397
0.0626072
0.118449
0.037554
0.083043
0.0237415
0.134882
0.103163
0.102794
0.111702
0.107255
0.0171703
0.123894
0.0616675
0.0851507
0.089869
0.0536243
0.13266
0.150428
0.123664
0.137012
0.12513
0.108942
0.133165
0.0618758
0.101701
0.0659948
0.124978
0.124332
0.0777106
0.0208725
0.0732177
0.0265752
0.106971
0.0952316
0.103345
0.0694112
0.136115
0.0264898
0.093566
0.0926338
0.0243742
0.116889
0.0369996
0.0206351
0.125532
0.134997
0.137694
0.0155323
0.102052
0.0793942
0.107788
0.093599
0.00337548
0.0687502
0.114522
0.013312
0.134844
0.131302
0.129472
0.148291
0.0419968
0.119039
0.150099
0.0862121
0.128639
0.0310075
0.135247
0.0226208
0.10893
0.04246
0.0249566
0.0473382
0.0776801
0.113636
0.0919849
0.108434
0.101602
0.123716
0.0166541
0.0452376
0.125553
0.0268539
0.125746
0.124743
0.0911159
0.113318
0.0754632
0.134972
0.0840999
0.118092
0.0933163
0.123197
0.138835
0.131668
0.339102
0.116602
0.117604
0.0947233
0.134063
0.0561597
0.0623019
0.0648128
0.0521554
0.126276
0.115447
0.13637
0.0228348
0.137285
0.326867
0.11268
0.129343
0.137837
0.0940003
0.0613697
0.118485
0.117572
0.115288
0.12205
0.0580373
0.107042
0.0162712
0.0484196
0.103158
0.0955341
0.139891
0.110267
0.111923
0.139778
0.172383
0.0779031
0.135941
0.0506844
0.102147
0.0408793
0.138838
0.0889568
0.161894
0.190961
0.133915
0.137526
0.102293
0.0856823
0.133524
0.0559544
0.0544544
0.139426
0.202615
0.138546
0.149887
0.0530341
0.142994
0.0244463
0.333632
0.126453
0.0977359
0.138597
0.105373
0.0773374
0.0240324
0.103579
0.134817
0.136279
0.13802
0.139211
0.0378821
0.215474
0.0438632
0.0246281
0.0507441
0.0546035
0.104469
0.200897
0.0190207
0.129282
0.0694828
0.133171
0.0234068
0.138857
0.124314
0.119951
0.0940907
0.0873209
0.0816888
0.00308153
0.120308
0.139281
0.114697
0.128511
0.142827
0.0193811
0.0380853
0.0385998
0.13769
0.035333
0.107106
0.0434229
0.0671595
0.0992102
0.0196803
0.139542
0.0301307
0.129396
0.13892
0.111845
0.0482373
0.123273
0.13244
0.0993431
0.0189567
0.0264061
0.0448821
0.335927
0.126686
0.00393056
0.1262
0.139035
0.168752
0.0312874
0.115503
0.016097
0.132311
0.059692
0.0506595
0.0450456
0.113432
0.0933413
0.00358104
0.119486
0.106578
0.101611
0.064829
0.0651073
0.139537
0.00273529
0.138575
0.139446
0.100515
0.0300634
0.0504031
0.0222906
0.0192572
0.0769473
0.125732
0.0206458
0.0381238
0.124223
0.139381
0.0522372
0.0465098
0.0167748
0.138874
0.0171518
0.0844978
0.0995725
0.299216
0.103569
0.0929386
0.125296
0.11495
0.13071
0.101628
0.130132
0.054455
0.139346
0.121767
0.0266527
0.0792283
0.0743516
0.139632
0.0126043
0.121561
0.0371206
0.126193
0.0976825
0.0348049
0.112846
0.109062
0.101123
0.0495749
0.129862
0.0972857
0.0628197
0.0918269
0.259109
0.112867
0.13403
0.135113
0.0885858
0.138067
0.0682409
0.138992
0.0310893
0.0248448
0.0955396
0.115698
0.134784
0.0446757
0.0895887
0.0786882
0.0132713
0.0648851
0.138934
0.104995
0.0895917
0.0420185
0.0290213
0.0514094
0.107244
0.110938
0.127658
0.138635
0.0262113
0.0170051
0.00931609
0.0819162
0.0922704
0.130199
0.128971
0.078085
0.0616699
0.0308678
0.0350218
0.077092
0.0643537
0.125227
0.0990938
0.103083
0.135906
0.0384774
0.0824318
0.11502
0.13912
0.138575
0.211103
0.019141
0.0394347
0.218105
0.0288268
0.139908
0.116541
0.139308
0.042325
0.11681
0.0737028
0.0471155
0.0177338
0.0194226
0.0160316
0.0914503
0.13619
0.138226
0.13818
0.126634
0.0420641
0.0881418
0.114537
0.0437431
0.0804573
0.107656
0.138809
0.137718
0.375714
0.0270507
0.135307
0.138628
0.139786
0.12646
0.10755
0.100584
0.0422725
0.00510404
0.131338
0.0889926
0.0791729
0.109476
0.154148
0.138785
0.138234
0.168192
0.115693
0.109751
0.137275
0.187473
0.0697275
0.136728
0.0179499
0.0524884
0.120565
0.130516
0.104002
0.01051
0.0521542
0.125554
0.123446
0.0777352
0.05513
0.102412
0.0761675
0.00531693
0.13549
0.1145
0.0267514
0.139767
0.0256965
0.118242
0.103454
0.138765
0.137891
0.129442
0.131
0.00869013
0.127416
0.058076
0.0595816
0.137283
0.136366
0.0303006
0.0766697
0.103579
0.139704
0.138402
0.0413551
0.123112
0.0165029
0.0856407
0.133623
0.131527
0.136829
0.0944448
0.0930099
0.103766
0.131084
0.0589837
0.055313
0.138614
0.0577721
0.104983
0.119104
0.125834
0.13446
0.0365262
0.134334
0.0419557
0.0142383
0.131057
0.139347
0.0933717
0.102749
0.0387861
0.0225341
0.104255
0.106834
0.126014
0.103428
0.137758
0.114395
0.0417172
0.206573
0.13978
0.102298
0.107845
0.102702
0.0432223
0.113502
0.0874227
0.0118645
0.00792053
0.101135
0.040963
0.0458669
0.138418
0.137327
0.132183
0.0221715
0.08869
0.102241
0.024964
0.069122
0.134048
0.132084
0.0933128
0.123552
0.0394955
0.00950542
0.0187371
0.0912082
0.105881
0.138313
0.137229
0.138655
0.104103
0.106636
0.0270605
0.1119
0.139187
0.0185968
0.0672153
0.0709738
0.0235039
0.0446174
0.139904
0.13038
0.0464733
0.105764
0.0378749
0.0236141
0.115236
0.0279
0.137507
0.119371
0.088402
0.102164
0.0956809
0.12472
0.0982928
0.034786
0.0270317
0.0053233
0.109031
0.0283462
0.0216096
0.133551
0.312008
0.0425833
0.0566944
0.0548825
0.104851
0.13911
0.138533
0.028713
0.100516
0.12616
0.0472101
0.0871094
0.139823
0.103624
0.14282
0.0259739
0.0293101
0.0810228
0.0471271
0.139045
0.0902428
0.125375
0.0223908
0.0983017
0.0866006
0.0542118
0.127684
0.0738206
0.128475
0.0407728
0.128978
0.139005
0.13337
0.0904756
0.138834
0.130308
0.139014
0.0468438
0.0268712
0.0933378
0.0417781
0.0783351
0.00769317
0.0562851
0.107552
0.132722
0.0816074
0.120793
0.301119
0.139658
0.128377
0.119403
0.0872642
0.135345
0.0908803
0.0866563
0.0109683
0.111944
0.138473
0.121178
0.0561309
0.0754792
0.0346265
0.0311897
0.0724059
0.137246
0.0843419
0.213772
0.0242692
0.11674
0.0561875
0.130555
0.131607
0.138546
0.346027
0.117374
0.0588304
0.0372651
0.10365
0.0448633
0.106266
0.0830289
0.102279
0.0192852
0.129474
0.135457
0.136625
0.133885
0.0686244
0.152328
0.0390364
0.116684
0.0597322
0.0407561
0.048021
0.0921929
0.103355
0.0642022
0.0170406
0.139716
0.0992065
0.0918585
0.0728813
0.13864
0.113704
0.121659
0.017666
0.137129
0.0596423
0.132247
0.0227201
0.106459
0.0924232
0.0257508
0.0290293
0.136332
0.136207
0.125537
0.0174994
0.00831009
0.0958717
0.127666
0.0821594
0.127212
0.131862
0.0247371
0.138975
0.133025
0.0648789
0.138899
0.13996
0.0930339
0.00591407
0.083089
0.125426
0.103259
0.117325
0.0649133
0.0315221
0.127369
0.0755548
0.139626
0.0499709
0.0333579
0.0243196
0.138717
0.0204556
0.0203275
0.136846
0.0702399
0.135586
0.0209242
0.106846
0.0319641
0.132618
0.112963
0.0712956
0.129379
0.154674
0.122258
0.0111426
0.139399
0.122883
0.0287827
0.0369093
0.134416
0.142647
0.119175
0.0518784
0.0703098
0.00819376
0.288348
0.0664951
0.0505442
0.138494
0.0928703
0.0369804
0.00682406
0.140801
0.13997
0.0182754
0.0461518
0.135873
0.0543515
0.120465
0.0376067
0.0177589
0.130449
0.0481468
0.118992
0.0675864
0.0376624
0.0525902
0.0772317
0.0201307
0.133678
0.0354343
0.0271725
0.14023
0.0338949
0.138156
0.0250837
0.137338
0.051565
0.0428532
0.0516915
0.133324
0.0387332
0.0205462
0.134958
0.0171022
0.0730834
0.136298
0.0345711
0.11419
0.0347464
0.104682
0.118442
0.137278
0.0994934
0.0186867
0.0431226
0.0519034
0.118422
0.138227
0.130716
0.137323
0.120007
0.1383
0.0264261
0.0513551
0.103169
0.022462
0.0247751
0.13587
0.391811
0.0466889
0.120228
0.1327
0.138676
0.0410533
0.0694418
0.0196043
0.11799
0.1336
0.250877
0.0366023
0.102859
0.069122
0.137528
0.0889617
0.0836922
0.135827
0.161852
0.134177
0.123265
0.099497
0.10441
0.142664
0.106651
0.0962423
0.139044
0.0727921
0.101557
0.122432
0.0802676
0.0633768
0.0476328
0.0972996
0.0421153
0.137699
0.105628
0.19551
0.123082
0.129086
0.0892078
0.0606468
0.117996
0.13453
0.107333
0.0516296
0.126056
0.029111
0.0394374
0.137927
0.1213
0.0348737
0.0481754
0.136742
0.0190625
0.122445
0.0451956
0.139163
0.00854672
0.07161
0.0314312
0.0282551
0.0573317
0.0908347
0.117454
0.0286929
0.0789849
0.139212
0.139825
0.110627
0.108966
0.10503
0.0378692
0.0423035
0.0705435
0.053459
0.080368
0.00707028
0.0303299
0.0873373
0.100508
0.134468
0.0294775
0.042468
0.0832306
0.187407
0.0623643
0.08242
0.139505
0.058783
0.00606603
0.13712
0.1195
0.0215669
0.123469
0.124722
0.0970624
0.132866
0.102206
0.135263
0.139708
0.0940003
0.0869931
0.138081
0.145277
0.139867
0.132297
0.09316
0.0509093
0.0940828
0.011561
0.139668
0.142276
0.136305
0.315395
0.113398
0.109878
0.0342573
0.138814
0.324845
0.138303
0.0235934
0.130611
0.00521312
0.0767511
0.0499954
0.135457
0.0335243
0.0373973
0.118268
0.101823
0.151471
0.0490537
0.103217
0.0600322
0.106444
0.0613949
0.137813
0.138871
0.0600706
0.110212
0.0936655
0.13968
0.0643153
0.186006
0.131838
0.0212006
0.102737
0.0678688
0.0878335
0.030852
0.0807838
0.112407
0.0618976
0.139671
0.101995
0.129976
0.1359
0.275475
0.0589562
0.0240192
0.0116447
0.135608
0.0220285
0.0433366
0.321149
0.136688
0.106941
0.137266
0.00527419
0.139121
0.0245013
0.136958
0.0691944
0.10362
0.120943
0.0314732
0.137411
0.178553
0.122773
0.121351
0.0801453
0.0175275
0.0575539
0.137
0.0502405
0.0667272
0.229271
0.139167
0.138654
0.139035
0.0576845
0.131979
0.123742
0.00764349
0.139014
0.137232
0.0599484
0.0330506
0.0244086
0.143822
0.139252
0.0283876
0.117793
0.0234102
0.138805
0.0929428
0.116063
0.101521
0.121231
0.0851318
0.0533873
0.139894
0.139946
0.1335
0.131199
0.136704
0.134583
0.134717
0.139773
0.0979079
0.117164
0.0067476
0.136816
0.123677
0.139361
0.0615229
0.137254
0.133487
0.00464215
0.0464708
0.147009
0.133661
0.0321233
0.107959
0.101899
0.0146881
0.132087
0.124322
0.0726616
0.0232584
0.0439499
0.0308114
0.0679688
0.0352127
0.113093
0.107533
0.0907274
0.130981
0.0222683
0.11828
0.049414
0.125542
0.118415
0.133668
0.0317529
0.166641
0.0225468
0.105579
0.0287022
0.0207563
0.072055
0.102107
0.135142
0.0164675
0.0889888
0.129884
0.103376
0.133122
0.138824
0.139655
0.0328005
0.138269
0.111247
0.130476
0.0593638
0.136578
0.11579
0.136955
0.127683
0.0817605
0.102889
0.0560245
0.0552928
0.104166
0.133725
0.0376658
0.135122
0.128134
0.0417692
0.136472
0.013651
0.143827
0.0839942
0.0366277
0.039275
0.0145428
0.106333
0.125151
0.0888347
0.140199
0.0653028
0.0687762
0.138241
0.021002
0.0206145
0.131241
0.0825051
0.0286489
0.0129015
0.0507037
0.0563984
0.0336607
0.0235511
0.0301903
0.116513
0.138923
0.134194
0.13902
0.0928314
0.107889
0.126205
0.0053938
0.130209
0.112621
0.115228
0.139338
0.135758
0.06862
0.139543
0.107812
0.0405049
0.018586
0.137792
0.0822747
0.13595
0.0628737
0.119199
0.137123
0.139144
0.12499
0.0980913
0.0401311
0.00916299
0.138977
0.105814
0.114221
0.134207
0.0769631
0.149889
0.103486
0.131292
0.143292
0.124568
0.0094745
0.0487351
0.0318634
0.137898
0.271343
0.0179929
0.103214
0.127652
0.07433
0.0281544
0.0980057
0.0644264
0.139726
0.119592
0.140643
0.126757
0.138113
0.101725
0.0923238
0.0815156
0.0501744
0.131601
0.101964
0.123344
0.114188
0.307182
0.12562
0.138641
0.0140355
0.134725
0.114024
0.0273577
0.0951445
0.131013
0.0966254
0.0258059
0.117852
0.170713
0.0354695
0.133132
0.104264
0.0764118
0.106839
0.120705
0.118943
0.0963388
0.0444199
0.0257418
0.0387748
0.104138
0.139014
0.138235
0.0232544
0.257391
0.0376787
0.135551
0.0580038
0.0984359
0.0385369
0.0900752
0.00982864
0.138998
0.0197452
0.14992
0.134461
0.0814646
0.11236
0.112343
0.124503
0.104552
0.122604
0.124339
0.0174053
0.027682
0.138308
0.0830459
0.0113193
0.0851245
0.272443
0.126304
0.0832303
0.0619717
0.0032347
0.12751
0.136378
0.0368521
0.135787
0.118548
0.132238
0.0130459
0.0768377
0.12684
0.122268
0.0825772
0.0590857
0.0367176
0.0971509
0.0347914
0.156589
0.139835
0.128927
0.0494047
0.111495
0.137622
0.0835701
0.0558346
0.136357
0.0793533
0.135415
0.0793072
0.102463
0.0466941
0.0285861
0.0560831
0.127676
0.00791637
0.0780184
0.0257662
0.120246
0.0416418
0.0229661
0.0895117
0.101766
0.0462673
0.138826
0.109635
0.0316913
0.0759054
0.0897946
0.0677546
0.0983831
0.135663
0.135545
0.0956157
0.0283828
0.0242118
0.0309204
0.066343
0.0328586
0.0738409
0.0707065
0.048938
0.12657
0.144655
0.0639122
0.0233106
0.13649
0.0413526
0.0257193
0.138653
0.0505782
0.12904
0.138158
0.214063
0.0987434
0.0515287
0.135276
0.133252
0.151542
0.105845
0.0195411
0.138308
0.0162328
0.0258175
0.131716
0.0512179
0.0884678
0.128261
0.102728
0.0430225
0.131233
0.0881459
0.135856
0.104355
0.0949661
0.0533387
0.00605161
0.0859783
0.0338749
0.130662
0.0844395
0.138867
0.122701
0.104218
0.0424754
0.0109475
0.131342
0.0611356
0.0374346
0.0384882
0.105708
0.100562
0.0516066
0.105848
0.131942
0.129474
0.0517843
0.0569153
0.101893
0.133104
0.107452
0.021
0.175049
0.104965
0.239449
0.105498
0.0971129
0.139186
0.112453
0.128246
0.048791
0.117299
0.118927
0.0875502
0.134423
0.104778
0.10826
0.00551432
0.137924
0.107489
0.071751
0.0120873
0.0475671
0.102634
0.0773054
0.0196751
0.217643
0.0659912
0.126701
0.0427006
0.118854
0.0369563
0.135242
0.0898027
0.104192
0.0389208
0.0973729
0.0972944
0.0748899
0.124897
0.124145
0.1215
0.103927
0.0775577
0.138751
0.0544237
0.0258071
0.123416
0.121088
0.137154
0.0668617
0.0977565
0.0582475
0.133003
0.0217826
0.125053
0.130804
0.120711
0.109475
0.116123
0.132763
0.118205
0.0428043
0.0577707
0.135094
0.0821525
0.0640138
0.0659547
0.0320675
0.0256863
0.169544
0.0229435
0.0611459
0.101592
0.0992264
0.139215
0.0703601
0.127808
0.123298
0.0812147
0.139363
0.00651492
0.0844481
0.0695007
0.128745
0.0966851
0.0323376
0.13796
0.139904
0.0386011
0.134662
0.139933
0.122411
0.0118527
0.0713594
0.0564313
0.134919
0.135094
0.139833
0.120442
0.0615806
0.0534471
0.0192357
0.0326217
0.134867
0.0247235
0.138851
0.118894
0.139698
0.143353
0.129776
0.130991
0.122415
0.0381692
0.137917
0.0616428
0.139924
0.191745
0.02766
0.0174437
0.0651927
0.0609786
0.121507
0.0892919
0.0638634
0.133018
0.0644936
0.108796
0.0231959
0.0271843
0.0334461
0.139643
0.0397139
0.18804
0.109692
0.035475
0.121394
0.136231
0.119565
0.101088
0.0603851
0.138923
0.0730945
0.0769599
0.0176484
0.0547162
0.104666
0.0181451
0.0621611
0.0432976
0.0483642
0.136162
0.0236335
0.0579899
0.0457465
0.110615
0.137935
0.0215566
0.0687784
0.0453141
0.0923088
0.104013
0.116709
0.116707
0.13909
0.084238
0.137575
0.0201627
0.142902
0.0417974
0.134783
0.0346643
0.0983743
0.128322
0.126622
0.136609
0.132803
0.136811
0.139878
0.030143
0.0914158
0.0751164
0.0736714
0.0224671
0.204608
0.0444848
0.11303
0.0988708
0.132724
0.137188
0.137763
0.0476359
0.135898
0.131326
0.0270451
0.0182918
0.0565959
0.135447
0.0873869
0.108445
0.0652492
0.120564
0.0815832
0.0581237
0.105411
0.0395895
0.107367
0.00887159
0.0621292
0.0378324
0.138566
0.133876
0.135667
0.145801
0.00768275
0.129553
0.123887
0.0733773
0.0272465
0.108952
0.0875293
0.110791
0.0324515
0.0918585
0.0257354
0.0258537
0.0236251
0.1369
0.128575
0.115308
0.103741
0.0444414
0.132033
0.0529893
0.136024
0.135224
0.0906805
0.0992488
0.110657
0.0369051
0.0489159
0.139005
0.12698
0.117572
0.0683804
0.143773
0.0572696
0.105968
0.14469
0.0187396
0.107761
0.00917998
0.0403874
0.00682801
0.097763
0.136437
0.0147051
0.113821
0.0943028
0.01043
0.136696
0.107248
0.138876
0.138896
0.0247573
0.021827
0.0345306
0.0292318
0.0251722
0.128804
0.102001
0.0733542
0.11059
0.0583147
0.00581746
0.136726
0.111857
0.047497
0.0731661
0.0253133
0.115048
0.134265
0.113841
0.136105
0.0332329
0.138186
0.0160319
0.0986337
0.03579
0.108088
0.0125945
0.0643478
0.104528
0.1089
0.0880544
0.0192566
0.0370578
0.0436824
0.121943
0.0887067
0.103094
0.0841254
0.0357977
0.139018
0.0832795
0.206463
0.0361833
0.0807271
0.00344128
0.138623
0.0548884
0.136097
0.105306
0.0999362
0.0880365
0.126
0.0156756
0.138293
0.13849
0.133809
0.126321
0.0325194
0.112942
0.108068
0.103623
0.113742
0.135889
0.109409
0.121039
0.138202
0.1047
0.133149
0.137735
0.11808
0.136948
0.111427
0.011519
0.111788
0.10124
0.334708
0.0300529
0.13823
0.0791416
0.139467
0.051161
0.0469303
0.139257
0.105257
0.107311
0.0595577
0.0312485
0.105164
0.101018
0.113365
0.0686086
0.124007
0.134922
0.104773
0.136537
0.0294549
0.113588
0.0651228
0.135018
0.0335294
0.102168
0.0271296
0.111739
0.138741
0.133428
0.134816
0.134027
0.159415
0.107007
0.0505762
0.139882
0.133023
0.0519395
0.0159294
0.0935653
0.137508
0.137803
0.0394833
0.0513689
0.0880286
0.0920956
0.114462
0.1397
0.00380666
0.105824
0.137415
0.0877694
0.103673
0.114091
0.0801247
0.138899
0.109915
0.131538
0.13626
0.120786
0.326944
0.0499966
0.110373
0.00875942
0.0193811
0.106188
0.0334922
0.103245
0.0959147
0.0641706
0.113698
0.0810839
0.0859375
0.135811
0.136792
0.128071
0.0838099
0.018104
0.0908609
0.101849
0.119898
0.0866934
0.126023
0.119008
0.0561397
0.11899
0.0614678
0.125927
0.105759
0.13752
0.150135
0.0222898
0.105954
0.126286
0.0634628
0.0358857
0.0229606
0.14041
0.0525988
0.103521
0.126915
0.0765461
0.0370532
0.0957379
0.122438
0.100312
0.0936467
0.12412
0.138766
0.129067
0.0558464
0.0571193
0.0514357
0.0498561
0.139023
0.0271997
0.134689
0.110647
0.0824938
0.0364082
0.136567
0.00596439
0.14701
0.0540718
0.138169
0.0103752
0.121129
0.0238421
0.135665
0.00886899
0.0868715
0.130112
0.0897593
0.132032
0.021288
0.0348294
0.136024
0.0252314
0.112555
0.0253512
0.0852764
0.00426375
0.104986
0.0760841
0.0656952
0.139167
0.1322
0.0548648
0.136963
0.136617
0.0317267
0.127492
0.0671282
0.104599
0.0283765
0.122066
0.0888924
0.102331
0.117208
0.0511955
0.0287417
0.0259347
0.0332971
0.140997
0.0606284
0.0381809
0.0488204
0.0614505
0.0191009
0.0940391
0.0046106
0.0316365
0.0933441
0.0776133
0.109081
0.133856
0.129096
0.077915
0.124124
0.0386441
0.0567254
0.106267
0.048837
0.0391528
0.108053
0.12797
0.133905
0.134242
0.115259
0.0194082
0.204087
0.0509984
0.201039
0.138886
0.13166
0.0223746
0.0836586
0.0526467
0.136367
0.136667
0.0232508
0.0274275
0.103851
0.0413549
0.0519155
0.102347
0.0463671
0.139315
0.13511
0.099778
0.0803156
0.0244795
0.0699694
0.101268
0.112296
0.12222
0.123068
0.106488
0.139704
0.135169
0.0568546
0.109234
0.0955014
0.143402
0.137105
0.123957
0.129688
0.08481
0.240187
0.0828101
0.105257
0.137825
0.0592599
0.0673717
0.0374991
0.142428
0.100738
0.0700568
0.0593332
0.100486
0.133547
0.132335
0.0597291
0.0797134
0.135413
0.13247
0.0252835
0.0316976
0.130946
0.0403346
0.0668716
0.114235
0.0882891
0.141372
0.138995
0.138956
0.111694
0.130462
0.0704741
0.100998
0.0336357
0.0344937
0.12731
0.0984275
0.0554303
0.307816
0.107478
0.328605
0.193484
0.0523015
0.126216
0.103027
0.138281
0.137794
0.096129
0.0157525
0.134392
0.136181
0.107718
0.0269188
0.0922634
0.10797
0.00554136
0.10963
0.0863992
0.137466
0.0316104
0.0292196
0.28792
0.00433288
0.139152
0.132121
0.0775068
0.0488172
0.115306
0.108182
0.00444909
0.0970376
0.10483
0.122597
0.131142
0.0774392
0.129184
0.0659025
0.134423
0.0930058
0.0437562
0.111866
0.113759
0.109568
0.119297
0.107485
0.129233
0.139917
0.112219
0.00512226
0.111506
0.0553611
0.122002
0.036695
0.0939138
0.121601
0.131207
0.0438537
0.0432665
0.13338
0.148987
0.136841
0.138695
0.0256323
0.135924
0.0544077
0.136342
0.137874
0.0346627
0.0296438
0.101819
0.120175
0.13931
0.0194729
0.0961202
0.0187913
0.130537
0.129797
0.135823
0.0945985
0.0918782
0.104359
0.125399
0.1346
0.104351
0.0555136
0.135092
0.13206
0.126871
0.137208
0.139812
0.131394
0.0912354
0.027541
0.0856123
0.358627
0.0703255
0.131683
0.0832514
0.0776562
0.139418
0.114673
0.115255
0.136836
0.137038
0.126596
0.0441193
0.0351382
0.110231
0.155602
0.134394
0.138117
0.135747
0.128713
0.0680138
0.0175868
0.131291
0.110404
0.162433
0.10533
0.136021
0.117274
0.0540911
0.0614045
0.0834711
0.118458
0.137647
0.0214834
0.0843884
0.136232
0.0907057
0.103439
0.128887
0.328831
0.139689
0.137523
0.00384898
0.0209859
0.0145164
0.113769
0.0983619
0.0658239
0.135316
0.101061
0.136843
0.0838131
0.135971
0.0963926
0.0438523
0.138132
0.10472
0.115874
0.0617118
0.122106
0.0524248
0.0475389
0.147644
0.0541705
0.109396
0.0234036
0.130058
0.136011
0.0922403
0.0613219
0.103169
0.137249
0.114735
0.0369205
0.0180846
0.096221
0.0603517
0.137592
0.120263
0.0240438
0.0764131
0.137671
0.0850515
0.121871
0.139413
0.137518
0.171693
0.13753
0.0289765
0.0583087
0.0139577
0.115208
0.0243467
0.139974
0.033517
0.136341
0.0173877
0.0938363
0.139799
0.132516
0.139093
0.131626
0.0985321
0.104368
0.0115762
0.125099
0.127955
0.135774
0.14802
0.136544
0.138629
0.300842
0.137225
0.130139
0.0327427
0.0655957
0.131388
0.0911383
0.276088
0.00864456
0.0797543
0.11972
0.0155495
0.138492
0.0298791
0.115211
0.0213401
0.138631
0.0211339
0.0641783
0.102978
0.138594
0.13349
0.122833
0.053483
0.127017
0.139606
0.127272
0.140358
0.0823322
0.0837367
0.124113
0.119111
0.252723
0.139119
0.13619
0.138032
0.11554
0.11945
0.116255
0.0269073
0.0775658
0.138053
0.13339
0.0951003
0.114582
0.14154
0.116303
0.0404412
0.105015
0.0895773
0.103485
0.108882
0.0535318
0.065838
0.0534094
0.125374
0.103178
0.13257
0.116627
0.104708
0.0980596
0.0658112
0.0433857
0.143019
0.0125432
0.0874289
0.123682
0.135684
0.125158
0.134481
0.139479
0.127975
0.154275
0.0999577
0.11112
0.0211713
0.137491
0.0819224
0.119484
0.0613344
0.111397
0.10605
0.112176
0.12248
0.0832236
0.122521
0.0480414
0.0358068
0.141869
0.104765
0.0292296
0.00797619
0.107032
0.0466769
0.139136
0.123298
0.13646
0.139799
0.135254
0.139376
0.134242
0.139315
0.0195597
0.10143
0.0260049
0.124955
0.140558
0.0196594
0.139753
0.0965285
0.036279
0.0434936
0.13313
0.363165
0.123505
0.0483649
0.132455
0.145869
0.139574
0.139272
0.090541
0.13761
0.114833
0.02137
0.0387994
0.138781
0.139365
0.115598
0.0952072
0.0897015
0.136448
0.0997591
0.108919
0.105206
0.108588
0.129661
0.10391
0.0740479
0.138397
0.163802
0.118783
0.136674
0.00748177
0.163073
0.136623
0.133906
0.137486
0.120115
0.0434526
0.137258
0.115951
0.137826
0.103705
0.0559868
0.00672209
0.125928
0.276812
0.0487341
0.0279009
0.0583543
0.115971
0.0228779
0.131026
0.0121549
0.0421006
0.136648
0.0330825
0.118853
0.138487
0.137743
0.0176099
0.0623477
0.134274
0.129469
0.139647
0.0942908
0.386299
0.00490678
0.0542611
0.100979
0.0415875
0.0909827
0.0415832
0.0711147
0.136283
0.126177
0.0370558
0.178283
0.0295543
0.0823132
0.102813
0.102808
0.138664
0.120452
0.00400488
0.130909
0.0105318
0.144875
0.10431
0.130888
0.0059549
0.0124928
0.138974
0.10169
0.130415
0.121809
0.340475
0.115584
0.138908
0.102796
0.098155
0.00569023
0.043526
0.0614645
0.140028
0.12566
0.0861905
0.0231262
0.0313301
0.0276557
0.119931
0.0895654
0.0442463
0.165491
0.0311512
0.119918
0.0459465
0.0960976
0.0717017
0.0383431
0.0804018
0.13291
0.101749
0.0544854
0.0711776
0.0361848
0.044387
0.118794
0.129614
0.103755
0.127866
0.105589
0.139184
0.102659
0.0317612
0.0487749
0.122396
0.0789275
0.124908
0.137959
0.116962
0.0902553
0.113097
0.111182
0.0442932
0.137087
0.117552
0.117722
0.0394676
0.120702
0.0410106
0.138432
0.0262406
0.0838386
0.122657
0.132432
0.105691
0.110433
0.104544
0.379205
0.0342164
0.11298
0.0824857
0.143001
0.0639281
0.138513
0.11029
0.134598
0.139371
0.122479
0.0446889
0.108728
0.028915
0.0733841
0.146369
0.117459
0.141587
0.117131
0.0871585
0.100278
0.0395648
0.0131561
0.118845
0.013483
0.0611976
0.0756138
0.137502
0.138914
0.109467
0.0302097
0.139333
0.0545619
0.149441
0.102993
0.109013
0.137913
0.114801
0.0665516
0.139504
0.0657382
0.132575
0.138676
0.113685
0.144939
0.133448
0.113787
0.0686208
0.0418274
0.129994
0.13762
0.130687
0.103876
0.0246802
0.0371767
0.138463
0.0827663
0.0841158
0.133163
0.137649
0.0873407
0.136068
0.0981558
0.108077
0.0194838
0.138186
0.12328
0.11232
0.0643336
0.117406
0.172609
0.139888
0.121236
0.131736
0.0938072
0.054672
0.01933
0.134561
0.1367
0.127139
0.139061
0.0452962
0.139846
0.210359
0.0524381
0.119863
0.14293
0.112086
0.00521049
0.0416511
0.126118
0.130866
0.131956
0.164076
0.136868
0.126923
0.122419
0.135372
0.0836394
0.0829706
0.110107
0.0585742
0.136087
0.133066
0.105223
0.0476634
0.109106
0.108788
0.0213883
0.136443
0.139262
0.082879
0.140917
0.124856
0.0285152
0.0423534
0.125405
0.136771
0.136548
0.0805956
0.0166109
0.113134
0.0930176
0.153609
0.0394432
0.078394
0.137735
0.12253
0.0226933
0.110859
0.132028
0.0234317
0.139204
0.0711592
0.132216
0.122747
0.0374282
0.10466
0.0155066
0.133959
0.138489
0.105636
0.133082
0.138558
0.0341594
0.136119
0.0316966
0.0932672
0.106995
0.120639
0.0461291
0.0302856
0.112482
0.108177
0.0817428
0.13753
0.0837259
0.037556
0.117308
0.0419867
0.107257
0.105351
0.0673468
0.0619779
0.139444
0.0716922
0.124843
0.0116733
0.133694
0.0949734
0.0919267
0.0972552
0.121333
0.130279
0.124039
0.108782
0.101901
0.0671848
0.0569805
0.117092
0.0265605
0.0297052
0.0759139
0.0359127
0.138673
0.132388
0.106381
0.0837306
0.110463
0.103529
0.0943434
0.11343
0.1279
0.132331
0.110204
0.0064658
0.127693
0.029941
0.0356743
0.096235
0.138029
0.119811
0.134987
0.124288
0.131373
0.138806
0.234793
0.132875
0.0148754
0.120539
0.0402435
0.136199
0.136588
0.00485613
0.108508
0.111774
0.13838
0.134757
0.105903
0.112037
0.138683
0.0210255
0.0785504
0.0244244
0.0955725
0.135807
0.136574
0.109145
0.0430591
0.0915492
0.0063175
0.116423
0.136405
0.117959
0.0478843
0.0887907
0.119641
0.0717118
0.125323
0.10198
0.107996
0.00460428
0.0313334
0.0757048
0.0377007
0.0963921
0.120194
0.0779076
0.13695
0.13655
0.111499
0.0716536
0.10667
0.112657
0.104074
0.0196569
0.137751
0.111806
0.125595
0.100944
0.0246674
0.015864
0.106673
0.107075
0.0140281
0.10378
)
;

boundaryField
{
    wings
    {
        type            fixedValue;
        value           uniform 0;
    }
    outlet
    {
        type            freestream;
        freestreamValue uniform 0.14;
        value           nonuniform List<scalar> 
20
(
0.136006
0.121465
0.14112
0.137137
0.0949836
0.211096
0.397889
0.154285
0.141064
0.339102
0.0929386
0.218105
0.115693
0.135873
0.391811
0.137232
0.149889
0.131601
0.133856
0.340475
)
;
    }
    tunnel
    {
        type            fixedValue;
        value           uniform 0;
    }
    inlet
    {
        type            freestream;
        freestreamValue uniform 0.14;
        value           uniform 0.14;
    }
    defaultFaces
    {
        type            empty;
    }
}


// ************************************************************************* //
