/*--------------------------------*- C++ -*----------------------------------*\
| =========                 |                                                 |
| \\      /  F ield         | OpenFOAM: The Open Source CFD Toolbox           |
|  \\    /   O peration     | Version:  2.3.0                                 |
|   \\  /    A nd           | Web:      www.OpenFOAM.org                      |
|    \\/     M anipulation  |                                                 |
\*---------------------------------------------------------------------------*/
FoamFile
{
    version     2.0;
    format      ascii;
    class       volScalarField;
    location    "300";
    object      p;
}
// * * * * * * * * * * * * * * * * * * * * * * * * * * * * * * * * * * * * * //

dimensions      [0 2 -2 0 0 0 0];

internalField   nonuniform List<scalar> 
7826
(
-0.000443892
-0.776899
-1.29718
-1.50189
-1.41049
-1.08136
-0.576602
0.0599209
0.821053
1.73162
2.82687
4.1051
5.49086
7.20793
10.5673
2.20118
1.75267
1.35358
1.06548
0.95682
1.09747
1.54394
2.3254
3.44308
4.869
6.55769
8.45163
10.4902
12.6329
14.8524
4.50203
4.68153
5.01932
5.51542
6.14873
6.88726
7.69902
8.55743
9.44231
10.3384
11.2334
12.1191
12.9846
13.8255
14.6428
6.08148
6.35897
6.72316
7.17026
7.6979
8.29825
8.96034
9.67142
10.4178
11.1868
11.9651
12.7429
13.5092
14.2575
14.9841
7.36032
7.72536
8.15586
8.63826
9.16282
9.7179
10.2932
10.8804
11.4722
12.0636
12.6501
13.2285
13.7953
14.3488
14.8885
8.30508
8.6676
9.07337
9.50803
9.9676
10.4461
10.9384
11.4399
11.9461
12.454
12.9606
13.4631
13.9593
14.447
14.9254
9.04345
9.38743
9.76677
10.1625
10.5731
10.995
11.4251
11.8606
12.2992
12.7391
13.1783
13.6156
14.0489
14.4772
14.8992
9.62244
9.93201
10.2772
10.6323
10.9981
11.373
11.7549
12.1424
12.5339
12.928
13.3233
13.7188
14.1126
14.5038
14.8908
10.0865
10.359
10.6705
10.9902
11.3195
11.657
12.0014
12.3518
12.7071
13.0661
13.4279
13.7911
14.1545
14.5168
14.8767
10.4526
10.6957
10.9759
11.2658
11.5655
11.8728
12.1882
12.5098
12.8373
13.1697
13.5057
13.844
14.1841
14.5244
14.8637
10.7222
10.9563
11.2144
11.4805
11.7578
12.0407
12.3336
12.6322
12.9376
13.2489
13.5654
13.884
14.2059
14.5291
14.8522
10.9197
11.1584
11.4018
11.6482
11.9088
12.171
12.4465
12.7263
13.0147
13.3085
13.6112
13.9165
14.2279
14.5397
14.8499
11.1437
11.3484
11.5644
11.7933
12.0392
12.283
12.5446
12.8095
13.0877
13.3687
13.6526
13.9359
14.2262
14.5244
14.8255
11.3732
11.5325
11.7504
11.9308
12.1933
12.3814
12.6625
12.8983
13.1607
13.4289
13.7278
13.9214
14.164
14.4356
14.7268
17.3569
20.2837
21.8304
23.3856
24.9514
26.4176
27.7556
28.96
29.9992
30.8115
31.3234
31.4713
31.2269
30.628
29.823
17.0631
19.2412
21.2824
23.1683
24.864
26.3267
27.5166
28.4032
28.9751
29.2436
29.2413
29.02
28.6396
28.1612
27.6508
15.451
16.2744
17.1232
18.001
18.9006
19.8133
20.7292
21.6333
22.5058
23.3206
24.0447
24.6414
25.0788
25.3472
25.4781
15.698
16.4165
17.1485
17.8906
18.6351
19.3717
20.0908
20.7798
21.4273
22.0215
22.551
23.0058
23.3788
23.672
23.89
15.4214
15.9602
16.5109
17.0728
17.6434
18.2193
18.7968
19.3709
19.9355
20.4829
21.0029
21.4841
21.9145
22.2877
22.587
15.398
15.8734
16.3549
16.8416
17.3312
17.8213
18.309
18.7912
19.2646
19.7247
20.1669
20.5856
20.9742
21.3315
21.6601
15.3176
15.7378
16.1619
16.5889
17.0172
17.445
17.8705
18.2919
18.7072
19.1133
19.5078
19.8868
20.2461
20.5824
20.8855
15.2752
15.6601
16.047
16.4347
16.8213
17.2057
17.5863
17.9617
18.3306
18.6912
19.0418
19.3804
19.7041
20.0097
20.3017
15.2347
15.5926
15.9511
16.3088
16.6643
17.016
17.3632
17.7044
18.0385
18.3647
18.6814
18.9874
19.2797
19.5545
19.8318
15.2018
15.5393
15.8766
16.2119
16.5437
16.8706
17.192
17.5067
17.8137
18.1124
18.4019
18.6815
18.9496
19.2039
19.4733
15.1755
15.4967
15.8181
16.1357
16.4483
16.7549
17.0558
17.3492
17.6348
17.9113
18.179
18.4364
18.6835
18.9177
19.1647
15.1617
15.4686
15.7768
16.0782
16.3735
16.6622
16.9471
17.2229
17.4911
17.7495
18.0003
18.2387
18.4681
18.685
18.9061
15.1255
15.4208
15.7135
16.0126
16.3029
16.577
16.8487
17.1118
17.3678
17.61
17.8457
18.0651
18.2784
18.4781
18.6838
15.0613
15.3086
15.6342
15.9483
16.2399
16.4946
16.7514
17.007
17.2549
17.482
17.6996
17.9014
18.0961
18.2691
18.4321
11.6866
11.7936
11.9427
12.1413
12.3739
12.6164
12.8415
13.0278
13.1632
13.2451
13.2778
13.2662
13.2138
13.1147
13.14
11.8029
11.8369
11.8519
11.8448
11.8125
11.7597
11.6956
11.6311
11.575
11.5323
11.5036
11.4852
11.4768
11.4614
11.4778
11.8328
11.8185
11.7734
11.7159
11.6583
11.611
11.5792
11.5637
11.5617
11.5684
11.5786
11.5862
11.5926
11.6016
11.6235
11.9327
11.9466
11.9545
11.9683
11.9895
12.0163
12.0461
12.0762
12.1045
12.1294
12.1496
12.1624
12.1696
12.1809
12.2026
12.0561
12.0905
12.1199
12.1506
12.1814
12.2107
12.2384
12.2646
12.2892
12.3117
12.3311
12.3455
12.3553
12.3697
12.3936
12.1352
12.1728
12.195
12.2157
12.2362
12.2563
12.2768
12.2979
12.3191
12.3393
12.357
12.3708
12.3807
12.3955
12.4206
12.2047
12.232
12.25
12.2685
12.2871
12.3057
12.3244
12.343
12.3611
12.378
12.3925
12.4036
12.4119
12.4257
12.4513
12.2708
12.2932
12.3113
12.3295
12.3471
12.3636
12.379
12.3932
12.4063
12.4177
12.427
12.4337
12.4389
12.4509
12.4768
12.3109
12.3444
12.3646
12.3824
12.3979
12.411
12.4217
12.4301
12.4362
12.4398
12.4405
12.4389
12.4373
12.4454
12.471
12.3781
12.3955
12.4134
12.4297
12.4434
12.4542
12.4618
12.4656
12.4654
12.4607
12.4506
12.435
12.4194
12.4153
12.4357
12.4268
12.4446
12.4598
12.4738
12.4859
12.4951
12.4996
12.498
12.4902
12.4756
12.4495
12.4101
12.3645
12.3435
12.3599
12.4712
12.4911
12.5066
12.5216
12.5366
12.5502
12.5599
12.5626
12.5573
12.548
12.5268
12.46
12.3669
12.2734
12.2538
12.5135
12.5242
12.5341
12.5451
12.5571
12.5672
12.571
12.5592
12.5326
12.5151
12.4896
12.3853
12.1349
12.0458
12.0081
12.5907
12.6094
12.6179
12.632
12.6647
12.7087
12.7633
12.8088
12.7984
12.8437
13.0517
12.9651
12.6079
12.0453
11.7311
13.1975
13.2411
13.4064
13.523
13.6051
13.6466
13.6409
13.5836
13.4809
13.3532
13.2318
13.1491
13.1322
13.1882
13.3016
11.5069
11.5319
11.5905
11.6416
11.7144
11.8118
11.9392
12.0952
12.2731
12.4609
12.6437
12.8086
12.9548
13.0907
13.2243
11.6545
11.6889
11.7336
11.7768
11.8255
11.881
11.9513
12.0422
12.1585
12.3014
12.4668
12.6443
12.8227
12.9934
13.1518
12.2312
12.2659
12.3079
12.3508
12.3924
12.4337
12.4781
12.527
12.5821
12.6456
12.72
12.8074
12.9091
13.0242
13.1499
12.4211
12.4529
12.4913
12.5312
12.5699
12.6094
12.6523
12.6994
12.751
12.807
12.8676
12.9335
13.0067
13.0891
13.1829
12.448
12.4795
12.5189
12.56
12.6002
12.6416
12.686
12.7345
12.7878
12.846
12.9091
12.9771
13.0495
13.1261
13.2084
12.479
12.5118
12.5545
12.5998
12.6447
12.6905
12.7383
12.7886
12.8417
12.8977
12.9571
13.0202
13.087
13.1571
13.232
12.5048
12.5396
12.5866
12.6377
12.6897
12.7426
12.7967
12.8515
12.9068
12.9625
13.0189
13.0763
13.135
13.1952
13.2586
12.5003
12.5393
12.5941
12.6552
12.7184
12.7823
12.8457
12.9073
12.9667
13.0236
13.0786
13.1322
13.1848
13.237
13.2916
12.4646
12.5094
12.5768
12.6548
12.7366
12.8178
12.8947
12.9648
13.0278
13.0849
13.1373
13.1866
13.2336
13.2789
13.3256
12.3976
12.4617
12.5543
12.6601
12.7687
12.8718
12.9616
13.0372
13.0995
13.1525
13.1993
13.2421
13.282
13.3196
13.3564
12.2926
12.3697
12.4891
12.6345
12.7902
12.9317
13.0458
13.124
13.1802
13.2236
13.2617
13.2968
13.3289
13.3584
13.3849
12.1479
12.3169
12.5115
12.7264
12.9227
13.1012
13.1855
13.2417
13.27
13.2963
13.3238
13.3514
13.3744
13.3969
13.4181
11.9852
12.0592
12.2329
12.5044
12.8464
13.1278
13.3065
13.3434
13.3483
13.3508
13.3689
13.3946
13.4144
13.4316
13.4453
-91.0664
-85.4494
-79.365
-73.1981
-66.4757
-59.0485
-51.1056
-42.9221
-34.821
-27.1566
-20.2673
-14.4052
-9.67125
-5.98467
-3.06719
-14.6551
-15.8362
-16.6262
-17.2279
-17.7341
-18.1115
-18.2617
-18.0659
-17.4063
-16.1962
-14.4163
-12.1452
-9.56132
-6.8977
-4.25083
-8.76197
-9.30723
-9.36403
-9.44894
-9.60622
-9.74721
-9.82226
-9.80389
-9.66241
-9.35831
-8.8411
-8.05569
-6.96416
-5.58415
-3.94501
-12.7644
-12.7715
-12.4026
-12.1549
-11.9003
-11.565
-11.1323
-10.5906
-9.92582
-9.13066
-8.2093
-7.17261
-6.02845
-4.78087
-3.41255
-9.73526
-9.45208
-9.22474
-9.13696
-9.01717
-8.85089
-8.63566
-8.3561
-7.98759
-7.50374
-6.88134
-6.10667
-5.18093
-4.12315
-3.01877
-5.6238
-5.34307
-5.34736
-5.37332
-5.37344
-5.36301
-5.33828
-5.28389
-5.18153
-5.00958
-4.74178
-4.34942
-3.80659
-3.09207
-2.25418
-3.53337
-3.46776
-3.51941
-3.52365
-3.52257
-3.5216
-3.51287
-3.48454
-3.42487
-3.31979
-3.15202
-2.90105
-2.54401
-2.05137
-1.43431
-2.43699
-2.44289
-2.45711
-2.44124
-2.42994
-2.41674
-2.39589
-2.36018
-2.30107
-2.20751
-2.06613
-1.86158
-1.57731
-1.19046
-0.702606
-1.44361
-1.45335
-1.4476
-1.43292
-1.42112
-1.40665
-1.38635
-1.35607
-1.30933
-1.23736
-1.12905
-0.971019
-0.748431
-0.441676
-0.0476109
-0.554657
-0.556226
-0.545962
-0.53405
-0.52245
-0.508655
-0.489997
-0.464074
-0.426132
-0.369517
-0.28555
-0.16328
0.0104348
0.253893
0.58154
0.200505
0.203292
0.213065
0.223869
0.235274
0.248576
0.266239
0.289995
0.323571
0.372199
0.442755
0.544044
0.687
0.887169
1.16495
0.863071
0.866883
0.87566
0.885997
0.897152
0.909697
0.925463
0.946456
0.975698
1.01744
1.07738
1.16285
1.28292
1.44983
1.68374
1.45819
1.46194
1.47014
1.4802
1.49111
1.5027
1.51631
1.53447
1.55948
1.59482
1.64524
1.71691
1.81761
1.9574
2.1546
1.99461
1.99815
2.00591
2.01554
2.02584
2.03629
2.04814
2.06408
2.0857
2.11589
2.15862
2.21897
2.30333
2.41977
2.58565
2.48013
2.48344
2.49073
2.49973
2.50922
2.51877
2.5295
2.54375
2.56284
2.58928
2.62652
2.67903
2.75257
2.85446
3.00834
2.92238
2.92542
2.9322
2.94057
2.94938
2.95856
2.96871
2.98155
2.99861
3.02213
3.05518
3.10181
3.1674
3.25805
3.39656
3.32678
3.32961
3.33596
3.34383
3.35221
3.36131
3.37102
3.38252
3.39779
3.41871
3.44792
3.489
3.54674
3.6258
3.74552
3.69845
3.70112
3.70712
3.71462
3.72267
3.73154
3.74064
3.75096
3.7647
3.78331
3.80909
3.84513
3.89563
3.96446
4.06767
4.04238
4.04491
4.0506
4.05773
4.0654
4.0738
4.08222
4.09161
4.10409
4.12079
4.14376
4.1757
4.22032
4.28081
4.37264
4.36234
4.36473
4.3701
4.37685
4.38408
4.39193
4.39984
4.40862
4.42006
4.4352
4.45592
4.4847
4.52502
4.58005
4.66196
4.66069
4.66293
4.66799
4.67435
4.68117
4.68857
4.69625
4.70466
4.71509
4.72879
4.74741
4.77311
4.80883
4.85712
4.92733
4.93997
4.94206
4.94684
4.95285
4.95932
4.9664
4.97401
4.98208
4.99156
5.00399
5.02076
5.04377
5.07575
5.11975
5.17857
5.20252
5.20451
5.20905
5.21479
5.22102
5.22789
5.23541
5.24314
5.25186
5.26334
5.27871
5.29969
5.32864
5.36917
5.4318
5.4506
5.4525
5.45685
5.46237
5.46839
5.47506
5.48234
5.48966
5.49778
5.50849
5.52271
5.54205
5.56855
5.60491
5.66124
5.6856
5.68741
5.69157
5.69687
5.70267
5.70908
5.71603
5.72296
5.73062
5.74066
5.75386
5.77173
5.79617
5.82896
5.87921
5.90876
5.91048
5.91446
5.91951
5.92506
5.93116
5.93775
5.9444
5.95175
5.9612
5.97358
5.99035
6.01349
6.04472
6.09281
6.12033
6.12196
6.12576
6.1306
6.13591
6.14176
6.14809
6.15466
6.16186
6.17078
6.18246
6.19828
6.2202
6.24984
6.29428
6.32143
6.32297
6.32659
6.33121
6.33628
6.34187
6.34795
6.35446
6.36142
6.36966
6.38041
6.39485
6.41472
6.44124
6.4743
6.51279
6.51425
6.51771
6.52212
6.52698
6.53236
6.53826
6.54466
6.5513
6.55886
6.56874
6.58187
6.59979
6.62408
6.65376
6.69545
6.69686
6.70021
6.70445
6.70915
6.71439
6.72015
6.72642
6.73277
6.73984
6.74914
6.76144
6.77819
6.80153
6.82864
6.87008
6.87146
6.87471
6.87885
6.88346
6.8886
6.89425
6.90036
6.90646
6.91319
6.92204
6.93365
6.94928
6.97101
6.99614
7.03831
7.0396
7.04269
7.04665
7.05107
7.05601
7.06143
7.06727
7.07306
7.07945
7.0878
7.0987
7.11331
7.13344
7.15148
7.1991
7.20037
7.2034
7.20727
7.21158
7.2164
7.22167
7.22728
7.23289
7.23904
7.2469
7.25705
7.27053
7.28985
7.30297
7.35375
7.355
7.35793
7.36168
7.36588
7.37058
7.3757
7.38117
7.38677
7.39289
7.4005
7.41035
7.42341
7.44337
7.4634
7.50356
7.50471
7.50748
7.51105
7.51504
7.51952
7.52441
7.52968
7.53525
7.54125
7.54848
7.55788
7.57013
7.58833
7.60328
7.64658
7.64773
7.65047
7.65399
7.65792
7.66234
7.66718
7.67242
7.67804
7.68396
7.69083
7.69976
7.71129
7.72851
7.74628
7.78505
7.78617
7.78882
7.79222
7.79603
7.80034
7.80508
7.81024
7.81586
7.82166
7.82821
7.83682
7.84789
7.86413
7.88186
7.91942
7.92047
7.923
7.92626
7.92993
7.93409
7.93869
7.94371
7.9492
7.95476
7.96095
7.96916
7.97971
7.99471
8.01119
8.04895
8.04997
8.05246
8.05565
8.05923
8.0633
8.06782
8.07272
8.07801
8.08326
8.08901
8.09653
8.10605
8.11907
8.12608
8.17453
8.17554
8.17796
8.18107
8.18457
8.18856
8.19298
8.19774
8.20283
8.2078
8.21316
8.22007
8.2286
8.24099
8.24539
8.29693
8.2979
8.30025
8.30329
8.30672
8.31062
8.31494
8.31961
8.32458
8.32948
8.33482
8.34172
8.35035
8.36409
8.37209
8.41613
8.41707
8.41937
8.42233
8.42568
8.42951
8.43376
8.43834
8.44321
8.44811
8.45348
8.46034
8.46875
8.48224
8.49157
8.53207
8.53299
8.53523
8.53811
8.54138
8.54511
8.54927
8.55375
8.55851
8.56342
8.56879
8.57551
8.58369
8.59656
8.6101
8.64452
8.64543
8.64762
8.65044
8.65365
8.65732
8.66138
8.66578
8.67047
8.67541
8.68074
8.68722
8.69519
8.70728
8.72167
8.75438
8.75523
8.75733
8.76006
8.76315
8.76669
8.77063
8.77492
8.77952
8.78447
8.78974
8.79602
8.80389
8.81537
8.83607
8.86098
8.86183
8.8639
8.86657
8.8696
8.87306
8.87691
8.8811
8.88556
8.89038
8.89531
8.90084
8.90756
8.91553
8.92513
8.96505
8.96589
8.96792
8.97053
8.9735
8.9769
8.98068
8.9848
8.9892
8.99395
8.99868
9.00386
9.01035
9.01838
9.03408
9.06771
9.06849
9.07043
9.07294
9.0758
9.07909
9.08277
9.08682
9.0912
9.09595
9.10073
9.10606
9.11308
9.12175
9.13912
9.1674
9.16819
9.17012
9.17262
9.17547
9.17876
9.18245
9.18652
9.1909
9.19566
9.20041
9.20571
9.21277
9.22105
9.23764
9.26499
9.26577
9.26767
9.27012
9.27292
9.27616
9.2798
9.28379
9.28808
9.29267
9.29717
9.30204
9.30844
9.31556
9.32973
9.36103
9.36176
9.36357
9.36594
9.36864
9.37176
9.37528
9.37914
9.38329
9.38769
9.392
9.39669
9.40289
9.40971
9.42626
9.45484
9.45555
9.45734
9.45966
9.46231
9.46537
9.46883
9.47262
9.47665
9.48089
9.48505
9.4895
9.49525
9.50081
9.51017
9.54645
9.54718
9.54896
9.55127
9.55391
9.55696
9.56041
9.56418
9.5682
9.57243
9.57666
9.58123
9.58719
9.59379
9.60843
9.63685
9.63754
9.63926
9.64151
9.64409
9.64708
9.65046
9.65418
9.65818
9.66241
9.66681
9.67166
9.67804
9.68548
9.6986
9.7253
9.72597
9.72766
9.72986
9.73238
9.7353
9.73861
9.74224
9.74614
9.75027
9.75461
9.75926
9.76504
9.77158
9.7816
9.81174
9.81241
9.81407
9.81621
9.81868
9.82153
9.82477
9.82831
9.8321
9.83612
9.84039
9.84484
9.85016
9.85641
9.86729
9.89631
9.89698
9.89861
9.90074
9.90319
9.90602
9.90921
9.91273
9.9165
9.92051
9.92484
9.9293
9.93452
9.94072
9.95257
9.98009
9.98071
9.98227
9.98431
9.98665
9.98938
9.99247
9.9959
9.99961
10.0036
10.0079
10.0124
10.0175
10.0233
10.0347
10.0615
10.0621
10.0637
10.0657
10.0681
10.0708
10.0739
10.0773
10.0811
10.085
10.0894
10.0937
10.0987
10.1041
10.1138
10.1418
10.1424
10.144
10.1459
10.1482
10.1509
10.154
10.1573
10.1611
10.1651
10.1695
10.1739
10.1791
10.1851
10.1973
10.2205
10.2211
10.2226
10.2246
10.2268
10.2294
10.2325
10.2359
10.2396
10.2437
10.2483
10.2529
10.2586
10.2655
10.2789
10.2976
10.2981
10.2996
10.3015
10.3037
10.3063
10.3092
10.3126
10.3163
10.3204
10.3249
10.3294
10.3349
10.3411
10.3507
10.3716
10.3722
10.3737
10.3757
10.3779
10.3806
10.3836
10.387
10.3908
10.3949
10.3992
10.4036
10.4084
10.4138
10.4222
10.4455
10.446
10.4474
10.4493
10.4514
10.454
10.457
10.4603
10.4641
10.4682
10.4727
10.4774
10.483
10.4899
10.5045
10.5169
10.5174
10.5188
10.5207
10.5228
10.5254
10.5284
10.5318
10.5357
10.54
10.5448
10.5499
10.5562
10.5634
10.5759
10.5857
10.5862
10.5876
10.5894
10.5916
10.5942
10.5972
10.6007
10.6047
10.6093
10.6144
10.62
10.6267
10.6343
10.6475
10.6509
10.6515
10.6529
10.6547
10.6569
10.6595
10.6627
10.6664
10.6708
10.6758
10.6815
10.6881
10.696
10.705
10.7216
10.7134
10.7139
10.7152
10.717
10.7192
10.7219
10.7252
10.7291
10.7339
10.7397
10.7467
10.7551
10.7657
10.7781
10.8045
10.7679
10.7685
10.7698
10.7716
10.7739
10.7769
10.7806
10.7852
10.791
10.7981
10.807
10.818
10.8318
10.8468
10.869
10.8183
10.8188
10.8202
10.8221
10.8245
10.8277
10.8318
10.8372
10.844
10.8528
10.864
10.8781
10.8958
10.9155
10.9424
10.8428
10.8433
10.8446
10.8467
10.8496
10.8537
10.8595
10.8674
10.8779
10.8916
10.9091
10.9308
10.9568
10.9853
11.0168
10.8873
10.8879
10.8895
10.8919
10.8951
10.8996
10.906
10.915
10.9275
10.9444
10.9666
10.9945
11.0277
11.064
11.0998
10.7627
10.7627
10.7644
10.7685
10.7764
10.7893
10.8086
10.8356
10.8714
10.9162
10.9691
11.0276
11.0875
11.1441
11.1908
10.9713
10.9733
10.9731
10.9785
10.9871
10.9989
11.0147
11.0359
11.0636
11.0986
11.1409
11.1883
11.2371
11.283
11.3182
9.70005
9.62239
9.68092
9.76057
9.85757
9.98038
10.1349
10.3199
10.5285
10.7478
10.9602
11.1471
11.293
11.3928
11.4438
113.491
108.307
102.589
96.8651
90.7275
84.0036
76.8361
69.4483
62.1047
55.1086
48.7646
43.3096
38.8481
35.3407
32.7255
44.176
43.6965
44.4078
45.087
45.5702
45.8858
46.0051
45.8369
45.2758
44.2345
42.6787
40.6572
38.3104
35.8453
33.5797
37.2524
37.1748
37.5997
37.7846
37.9228
38.0441
38.1204
38.1154
38.001
37.7451
37.3028
36.6192
35.6465
34.3763
32.9699
39.293
39.2957
39.389
39.2515
39.0854
38.8739
38.5905
38.2126
37.7247
37.1167
36.3861
35.5359
34.5661
33.466
32.3017
36.1127
36.3706
36.4292
36.3787
36.3327
36.2635
36.1557
35.9936
35.7572
35.4206
34.958
34.3498
33.588
32.6725
31.6588
33.4397
33.7422
33.7214
33.7062
33.7026
33.6844
33.6457
33.5805
33.4776
33.3193
33.0828
32.7406
32.2657
31.6334
30.8614
32.2741
32.3765
32.3186
32.3109
32.2967
32.2635
32.2114
32.1377
32.0351
31.8936
31.7003
31.4381
31.0861
30.618
30.0181
31.1117
31.1232
31.1012
31.1075
31.0972
31.0728
31.0337
30.9762
30.894
30.7787
30.6196
30.4038
30.1159
29.7379
29.2423
29.9178
29.9168
29.9208
29.9292
29.9256
29.9152
29.8947
29.8606
29.808
29.7303
29.6181
29.4598
29.2418
28.9523
28.5791
28.9123
28.9147
28.9241
28.9296
28.9289
28.9245
28.9124
28.8896
28.8529
28.7973
28.7155
28.5981
28.4331
28.2098
27.9192
28.0736
28.0779
28.0862
28.0903
28.0911
28.0891
28.0806
28.0636
28.0352
27.9914
27.9265
27.8326
27.6995
27.5163
27.2787
27.3342
27.3386
27.3459
27.3508
27.353
27.3525
27.3467
27.3341
27.3122
27.2776
27.2253
27.1488
27.0392
26.8858
26.6886
26.6686
26.6731
26.6807
26.6874
26.691
26.6915
26.6879
26.6788
26.6622
26.635
26.5935
26.5321
26.4436
26.3187
26.1614
26.0707
26.0755
26.0835
26.0914
26.0956
26.0967
26.0947
26.0882
26.0753
26.0537
26.0201
25.9699
25.8969
25.7921
25.6561
25.5326
25.5373
25.545
25.5528
25.5569
25.5582
25.5573
25.5524
25.5421
25.5244
25.4962
25.4537
25.3914
25.3006
25.18
25.043
25.0473
25.0544
25.0615
25.0651
25.0667
25.0666
25.063
25.0547
25.04
25.0165
24.9808
24.9283
24.8528
24.7566
24.5924
24.5961
24.6026
24.609
24.6127
24.6148
24.6152
24.6126
24.606
24.5939
24.5743
24.5442
24.4997
24.4352
24.3549
24.1729
24.1762
24.1824
24.1888
24.1933
24.1961
24.1969
24.1951
24.1898
24.1797
24.1629
24.1368
24.0978
24.0399
23.9664
23.7814
23.7847
23.7909
23.7975
23.8029
23.8062
23.8073
23.8062
23.8021
23.7936
23.7792
23.7565
23.7225
23.6717
23.6079
23.4171
23.4203
23.4264
23.4332
23.4389
23.4424
23.4437
23.4433
23.4401
23.4331
23.4209
23.4015
23.3721
23.3279
23.2733
23.0774
23.0806
23.0865
23.093
23.0986
23.1019
23.1033
23.1035
23.1011
23.0954
23.085
23.0683
23.0429
23.0045
22.9583
22.7588
22.7618
22.7673
22.7735
22.7786
22.7817
22.7833
22.7838
22.782
22.7772
22.7683
22.7537
22.7314
22.6973
22.6561
22.4578
22.4604
22.4656
22.4713
22.4761
22.4792
22.481
22.4818
22.4804
22.4763
22.4685
22.4555
22.4355
22.4046
22.3663
22.1713
22.1737
22.1786
22.184
22.1887
22.1922
22.1945
22.1954
22.1944
22.1909
22.1841
22.1725
22.1545
22.1268
22.0929
21.8981
21.9004
21.9051
21.9104
21.9152
21.9194
21.9221
21.9231
21.9225
21.9197
21.9138
21.9037
21.8879
21.8634
21.8387
21.6377
21.64
21.6446
21.6499
21.6549
21.6594
21.6623
21.6635
21.6633
21.6612
21.6563
21.6476
21.6339
21.6121
21.5916
21.3892
21.3915
21.396
21.4013
21.4064
21.411
21.4139
21.4152
21.4155
21.4138
21.4096
21.402
21.3897
21.3695
21.3513
21.1522
21.1544
21.1588
21.164
21.1689
21.1733
21.1761
21.1775
21.178
21.1768
21.1732
21.1664
21.1556
21.1374
21.1224
20.9257
20.9278
20.9319
20.9368
20.9414
20.9455
20.9481
20.9495
20.9502
20.9493
20.9462
20.9403
20.9308
20.9144
20.9014
20.7065
20.7084
20.7124
20.7171
20.7216
20.7254
20.7281
20.7298
20.7306
20.7299
20.7273
20.722
20.7133
20.6982
20.6846
20.4944
20.4963
20.5001
20.5046
20.5088
20.5126
20.5156
20.5176
20.5185
20.518
20.5156
20.5107
20.5024
20.4874
20.4708
20.2896
20.2913
20.2949
20.2992
20.3033
20.3072
20.3105
20.3127
20.3136
20.3133
20.3113
20.3069
20.2996
20.2865
20.267
20.0916
20.0932
20.0966
20.1007
20.1048
20.1087
20.1123
20.1146
20.1156
20.1156
20.114
20.1104
20.1043
20.0937
20.0757
19.8983
19.8999
19.9034
19.9075
19.9117
19.9158
19.9196
19.9221
19.9232
19.9234
19.9222
19.919
19.9134
19.9041
19.8799
19.7111
19.7127
19.7161
19.7202
19.7243
19.7285
19.7323
19.7347
19.7359
19.7363
19.7351
19.732
19.7263
19.7179
19.6919
19.5309
19.5323
19.5355
19.5394
19.5434
19.5474
19.5509
19.5532
19.5543
19.5548
19.5539
19.5512
19.5461
19.5395
19.5218
19.3541
19.3556
19.3588
19.3627
19.3667
19.3706
19.374
19.3763
19.3776
19.3783
19.3777
19.3755
19.3708
19.3643
19.3454
19.1819
19.1834
19.1864
19.1902
19.1941
19.1979
19.2013
19.2037
19.2052
19.2061
19.2058
19.2041
19.2002
19.1945
19.1781
19.0148
19.0161
19.019
19.0225
19.0261
19.0297
19.0329
19.0354
19.037
19.038
19.0379
19.0366
19.0335
19.0294
19.0093
18.8496
18.8509
18.8537
18.8571
18.8607
18.8642
18.8675
18.8702
18.8721
18.8732
18.8734
18.8724
18.8699
18.8675
18.8532
18.6871
18.6883
18.691
18.6944
18.6979
18.7014
18.7047
18.7077
18.7098
18.7109
18.7112
18.7104
18.7077
18.705
18.6884
18.5283
18.5294
18.532
18.5351
18.5385
18.5419
18.5452
18.5483
18.5503
18.5513
18.5515
18.5506
18.5477
18.5443
18.5295
18.3709
18.372
18.3746
18.3778
18.3811
18.3846
18.388
18.3913
18.3934
18.3945
18.3949
18.3943
18.392
18.3893
18.376
18.2159
18.2171
18.2196
18.2228
18.2262
18.2297
18.2333
18.2366
18.2389
18.2403
18.2412
18.2412
18.24
18.2391
18.2307
18.0641
18.0652
18.0676
18.0707
18.074
18.0775
18.081
18.0843
18.0866
18.088
18.0891
18.0893
18.0884
18.0877
18.0758
17.9142
17.9152
17.9176
17.9205
17.9237
17.9272
17.9306
17.9337
17.9358
17.9372
17.9381
17.9382
17.9369
17.9359
17.9237
17.7649
17.766
17.7683
17.7713
17.7745
17.7779
17.7812
17.7843
17.7864
17.7878
17.7888
17.7889
17.7877
17.7869
17.7768
17.6178
17.6188
17.6211
17.624
17.6271
17.6304
17.6337
17.6367
17.6389
17.6405
17.6416
17.642
17.6411
17.6406
17.6358
17.473
17.4739
17.4761
17.4788
17.4817
17.4849
17.488
17.4909
17.4932
17.4949
17.4962
17.4968
17.4964
17.496
17.4938
17.3279
17.3288
17.331
17.3336
17.3366
17.3397
17.3428
17.3458
17.3484
17.3504
17.3519
17.353
17.3534
17.3535
17.3593
17.1833
17.1842
17.1862
17.1889
17.1917
17.1948
17.198
17.2011
17.2039
17.2062
17.2079
17.2093
17.2104
17.2102
17.2088
17.0399
17.0407
17.0426
17.0451
17.0478
17.0508
17.0538
17.0569
17.0599
17.0622
17.0638
17.0652
17.0664
17.0668
17.0635
16.8956
16.8964
16.8983
16.9008
16.9034
16.9064
16.9095
16.9126
16.9157
16.9181
16.9199
16.9215
16.9228
16.9244
16.9251
16.7509
16.7517
16.7536
16.756
16.7587
16.7617
16.7649
16.7681
16.7714
16.7739
16.7758
16.7777
16.7793
16.7807
16.7791
16.6069
16.6076
16.6094
16.6117
16.6143
16.6172
16.6203
16.6236
16.6268
16.6294
16.6313
16.6333
16.6349
16.6363
16.6304
16.4613
16.4621
16.4639
16.4662
16.4688
16.4718
16.475
16.4783
16.4817
16.4845
16.4869
16.4897
16.4926
16.497
16.4992
16.3146
16.3154
16.3171
16.3195
16.3221
16.3251
16.3284
16.3319
16.3354
16.3384
16.3413
16.3445
16.3482
16.3534
16.3463
16.1667
16.1674
16.1691
16.1714
16.174
16.177
16.1803
16.1838
16.1873
16.1905
16.1936
16.1971
16.2009
16.2074
16.2066
16.0174
16.0181
16.0197
16.0219
16.0243
16.0272
16.0304
16.0339
16.0374
16.0407
16.0441
16.0482
16.0526
16.0603
16.0602
15.8645
15.8651
15.8668
15.8689
15.8714
15.8743
15.8776
15.8811
15.8848
15.8884
15.8922
15.8968
15.9019
15.9105
15.9108
15.7087
15.7094
15.7109
15.713
15.7154
15.7182
15.7215
15.7251
15.7289
15.7328
15.7372
15.7425
15.7488
15.7592
15.762
15.5484
15.549
15.5506
15.5526
15.555
15.5579
15.5612
15.5649
15.5689
15.5734
15.5783
15.5844
15.5918
15.6039
15.6095
15.3839
15.3845
15.3859
15.3879
15.3902
15.393
15.3963
15.4
15.4043
15.4093
15.4149
15.422
15.4309
15.4455
15.4546
15.2127
15.2133
15.2147
15.2167
15.219
15.2218
15.2252
15.2291
15.2337
15.2392
15.2454
15.253
15.2624
15.2779
15.2825
15.0355
15.036
15.0373
15.0391
15.0414
15.0442
15.0476
15.0517
15.0566
15.0627
15.0697
15.0783
15.0887
15.1054
15.1257
14.8493
14.8498
14.8511
14.853
14.8553
14.8582
14.8619
14.8664
14.8721
14.8793
14.8879
14.8989
14.913
14.9336
14.9654
14.6526
14.6531
14.6544
14.6563
14.6587
14.6618
14.6659
14.6712
14.6779
14.6866
14.6974
14.7115
14.73
14.7549
14.7943
14.4434
14.4439
14.4451
14.447
14.4495
14.4529
14.4574
14.4635
14.4714
14.482
14.4954
14.5131
14.5366
14.5671
14.6156
14.2158
14.2162
14.2174
14.2192
14.2219
14.2257
14.2309
14.2382
14.2481
14.2615
14.2788
14.3018
14.3326
14.3715
14.4314
13.9674
13.9679
13.9691
13.9712
13.9742
13.9786
13.985
13.994
14.0066
14.0238
14.0468
14.0773
14.1182
14.1696
14.2479
13.6745
13.6749
13.6761
13.6785
13.6823
13.6884
13.6974
13.7106
13.7291
13.7546
13.7883
13.8323
13.889
13.9574
14.0611
13.3718
13.3722
13.3735
13.3762
13.3807
13.3879
13.3991
13.4158
13.44
13.4739
13.5193
13.5783
13.6531
13.7389
13.8563
12.8669
12.8673
12.8694
12.8747
12.8855
12.9035
12.9311
12.9709
13.0253
13.0961
13.1831
13.2852
13.4012
13.5228
13.6683
12.6146
12.6153
12.6144
12.6213
12.6342
12.6545
12.6847
12.7281
12.7877
12.8659
12.9631
13.0781
13.2095
13.3486
13.4946
10.8162
10.7421
10.8053
10.8925
11.0061
11.1577
11.3549
11.5975
11.8772
12.177
12.4742
12.7456
12.9813
13.1833
13.3587
11.8931
18.0651
13.665
10.7681
4.01586
16.0199
13.9071
18.4856
3.63861
10.7239
9.39532
20.4584
7.15679
18.1514
15.233
13.675
12.7863
12.5418
15.878
10.7826
14.1561
15.0464
14.8384
25.6078
15.4784
11.1733
12.6991
12.6438
19.9439
12.5299
10.0706
14.3411
13.5594
22.6705
13.3138
12.4698
7.54475
19.1919
4.65493
13.564
18.179
11.5195
17.6906
13.5866
15.2649
12.3017
26.0023
11.9199
13.3105
15.9409
19.3878
14.7086
14.7357
16.166
11.8075
13.7534
9.77198
11.9138
21.4215
17.2727
12.2554
21.3334
16.23
13.9832
15.8136
6.99717
15.0687
19.6696
9.92981
22.9908
12.3228
11.4889
30.1601
15.9133
10.6454
14.575
10.4017
12.9497
14.8718
24.8935
12.5751
9.21114
12.0221
13.5251
19.1243
8.99035
12.5036
9.04742
19.3493
13.4866
16.7927
13.3665
14.1787
18.5152
6.53638
13.6621
15.9988
15.6454
15.0442
15.1696
7.73057
24.5053
12.5068
9.64466
18.3923
9.41952
13.0413
12.7851
13.0076
21.3528
17.4107
13.225
18.0138
11.8724
15.302
10.6223
12.6415
18.7448
5.87754
13.5997
6.99424
13.7539
8.68183
17.9299
12.0601
12.3617
19.2626
16.8051
4.9194
10.9642
21.8173
12.7502
3.12272
13.4658
15.2654
18.3395
4.05096
16.3331
16.3964
15.5011
12.3542
13.2848
12.2841
11.3561
19.5978
15.4653
11.8878
13.2194
15.8644
18.0184
13.4567
10.9109
12.9447
19.7548
11.419
16.1513
12.9343
12.3889
16.0905
21.7057
12.5544
14.6091
12.639
4.34303
14.1372
14.293
13.878
1.43359
16.4943
12.8509
15.0881
11.7754
14.889
9.90809
13.4433
12.266
13.2236
12.4766
21.5162
10.179
8.49192
19.3688
20.0829
10.9656
11.7752
12.1724
12.8481
22.7404
12.8828
12.4266
20.6448
13.7934
5.7138
19.1928
13.5292
20.7598
10.4465
12.1417
10.0433
21.8074
11.3446
14.792
12.3658
14.2283
19.0677
17.1026
10.5999
23.3527
11.4583
14.651
12.2756
14.6158
21.3001
8.40829
18.3957
24.8437
20.9143
13.6845
17.8159
20.195
19.6446
15.7168
13.4891
13.6435
18.9579
6.47449
19.0007
12.3518
10.3358
13.2876
15.1273
6.83179
15.0755
14.7159
8.62508
15.7302
14.0307
17.777
14.1978
12.6639
11.9913
12.2462
13.6321
9.77507
11.3995
12.1712
6.84516
16.6141
7.47783
11.3878
21.9303
15.3068
11.3006
15.8836
12.12
17.9216
17.3314
16.5736
16.827
13.4742
9.29399
17.9918
6.25183
13.9066
11.2714
13.7821
11.5691
8.04208
16.5551
12.691
24.3136
11.5235
19.6721
8.17627
13.3954
8.94239
16.0693
18.6942
9.25769
14.8385
9.50354
13.3563
16.6279
13.3548
18.2106
13.274
10.0359
6.55865
18.0263
3.47705
8.70201
15.6261
19.9152
14.0166
21.7547
1.96375
9.83845
12.7354
14.9753
15.286
15.2562
13.0495
17.4946
15.3403
13.1057
7.53836
13.1856
9.80627
13.4718
16.4123
13.494
13.482
18.4226
12.1457
7.77446
14.6763
10.5159
26.3478
12.5299
9.78614
13.1685
17.9928
7.47728
12.9366
8.63651
13.9606
13.5553
13.2867
13.4006
5.84199
14.3554
10.2995
19.2094
16.5828
9.54619
13.2033
16.7371
15.2242
24.3733
11.42
19.3498
12.8832
17.9018
13.9733
15.0641
10.0303
15.1292
10.2382
24.0291
14.1195
4.86526
9.95492
23.4672
16.245
22.1373
16.1785
16.179
13.8314
16.4302
12.1589
14.0097
12.9787
13.0836
18.4398
14.5338
17.0219
13.4029
15.1856
13.2346
13.8989
8.48437
12.1041
14.237
14.0286
12.1576
12.9712
14.8417
20.1559
2.17426
10.6756
20.0435
9.73574
11.9891
14.6843
19.0142
17.2311
14.1855
16.8674
13.2864
10.6256
15.2856
14.9072
14.9962
7.97121
13.2696
5.92229
19.1546
16.2323
15.2231
11.652
14.552
6.64856
15.3714
23.347
14.125
7.21086
14.9322
13.6595
13.3434
16.985
9.3845
9.98129
17.7716
22.796
10.4249
14.8859
11.6798
13.388
14.7662
16.7731
11.9896
18.4834
11.9699
12.6457
9.06317
19.198
20.5835
13.8356
17.7244
16.8874
11.1483
15.6024
6.08022
18.0288
13.9725
17.103
11.0747
11.9221
5.46158
12.8187
16.209
12.5636
13.9949
11.9221
12.0061
9.24505
21.2756
12.306
9.01856
22.2422
16.4198
22.744
15.8699
14.6762
13.5774
16.4547
1.2159
17.5253
17.0671
7.94136
8.51253
9.20931
12.9717
12.4283
12.1799
9.11255
20.8786
12.6272
12.1408
11.1837
18.716
12.5871
8.68573
19.3596
12.4497
9.87148
13.6385
5.88738
26.1794
10.9093
14.9326
15.3582
16.0522
11.4649
10.5512
16.7485
19.5342
10.3379
15.3525
23.4684
17.1122
15.1444
13.0331
14.542
18.9455
11.7404
14.4404
21.5949
7.56087
9.49742
16.0436
19.2512
14.4749
20.4072
18.4208
9.96417
7.90394
11.8096
9.36745
8.47183
8.86583
14.99
13.3841
12.729
12.4253
15.2863
8.30655
22.0113
12.2445
21.0685
12.284
20.6192
12.3463
20.5425
8.89684
17.7072
9.63557
13.6047
13.8283
1.68141
12.2769
13.3746
12.8953
17.9585
15.6855
13.4179
12.9757
15.9964
19.881
15.6038
11.6494
21.1374
11.9781
18.0201
17.6731
14.9306
14.1891
12.8715
16.7619
38.8311
20.6712
14.8561
11.7826
10.1838
24.3474
13.1348
13.0466
13.7604
15.9852
15.3682
11.7738
11.8955
10.8937
12.2058
16.7873
22.2486
15.2161
15.1086
8.9284
8.97699
10.935
13.8372
13.4191
19.7018
12.454
13.2228
13.7665
11.9512
15.3005
13.5627
12.2124
16.7475
-1.17271
19.3474
17.8575
3.0187
14.9627
13.2053
13.2785
8.15966
15.4915
13.9571
15.2794
12.4425
15.5563
4.27374
18.1209
14.5067
11.5131
15.3159
14.2719
28.513
7.36257
15.5817
16.8299
17.9627
13.3947
12.367
15.7124
17.3227
19.4826
12.9088
11.964
14.7405
23.3518
9.77856
18.22
16.562
13.0935
13.387
15.822
15.1932
10.621
21.7018
7.83155
13.2037
15.3219
14.3167
13.3163
4.49384
14.9195
25.7687
17.5434
11.3867
14.2124
10.8826
29.2331
16.303
9.65138
16.6611
9.15594
8.385
10.179
15.8483
10.7364
15.0259
18.32
11.7065
13.2014
21.4472
12.9203
11.5083
25.5604
6.78151
6.90638
14.4285
17.5035
13.6124
13.0925
21.8938
11.9261
11.2449
17.7399
13.564
5.29595
13.7251
11.8198
12.4481
14.0507
15.8061
17.7755
22.0991
14.485
13.0588
14.8807
7.62315
17.0802
14.9965
16.369
17.7163
10.8515
8.32656
14.7663
11.6787
11.8418
10.1995
9.78105
25.1065
14.672
16.2082
9.66211
14.5973
12.2928
11.5663
6.40589
6.97772
14.1844
15.0888
12.7417
13.662
18.387
12.2059
17.5569
11.8299
10.9677
17.9616
21.6735
14.5337
20.2219
15.2159
20.9774
5.03606
27.0616
15.1346
12.3915
17.6618
17.5911
11.9548
9.97622
13.0559
18.5474
14.0762
-0.95849
12.8928
17.0687
15.5136
10.0287
15.6534
16.4206
14.2072
16.9325
11.1032
23.556
14.2597
6.47577
13.1667
14.9839
4.67601
11.4798
12.256
2.35627
22.5175
12.4281
20.2276
15.0238
14.5428
20.842
8.30658
15.7729
15.0046
12.7565
9.36119
9.71119
22.5702
11.3728
7.61213
31.0931
16.2975
14.5913
20.8201
13.4313
10.9122
14.5485
14.7887
13.2347
20.0148
7.51917
2.70818
15.0045
13.7419
12.5893
11.8899
6.8411
16.3541
12.7988
10.0403
17.006
23.8138
4.30287
17.5739
19.4156
10.496
15.3428
20.7306
15.96
15.2935
15.182
13.4421
14.1027
5.98797
11.0841
7.32555
14.4944
11.8949
17.1587
11.9708
17.1966
14.451
12.5766
17.0914
10.4722
13.4836
22.046
15.85
13.5744
14.7528
14.7333
8.52575
9.9293
21.7199
11.8806
17.6983
15.8122
24.3241
12.0038
13.2193
14.3211
15.6279
15.9053
12.5224
15.2865
7.23572
21.0798
13.7422
13.8269
14.6295
18.2615
13.6861
10.8647
11.4757
13.0672
15.6949
14.9044
14.1632
21.073
9.12457
12.6881
12.3139
19.89
6.53931
9.90107
19.6482
14.2622
18.0285
13.339
12.5005
13.9889
14.763
3.56366
15.2644
14.5806
4.16505
15.3488
9.64278
15.222
11.097
12.6368
6.9817
12.617
15.9894
8.27681
17.0227
17.7043
14.8003
12.0173
14.9548
8.59546
8.84366
11.7161
11.0016
13.2316
14.8839
13.4171
11.847
13.4429
14.0476
11.8957
14.7565
13.7314
23.4341
7.78955
15.9413
13.8845
21.1336
15.4649
13.0793
13.1218
1.15851
15.178
14.5119
15.2359
20.5312
9.09442
12.2124
15.1606
10.1675
12.0021
11.3967
11.2587
10.7843
6.57641
15.5182
13.3249
16.4939
16.0022
21.6963
13.6734
20.5403
12.538
12.0511
7.97448
14.3289
19.1144
13.4856
10.8404
13.6724
15.2955
11.0042
9.67554
12.8715
11.6164
29.2003
10.2759
17.9449
14.9875
11.8553
12.5198
19.4026
7.16286
13.9331
12.4641
23.5284
12.2374
19.748
13.6471
14.5139
20.2587
12.7878
6.2188
16.4461
15.4913
13.6754
11.5313
16.7673
12.8839
11.9852
11.1561
11.4101
15.9898
15.7226
23.9999
14.1586
22.493
17.033
12.61
12.4677
14.4386
11.8513
18.2242
13.5028
12.9972
23.1523
9.03245
15.3228
15.511
15.1869
14.6785
14.4764
13.5745
15.6852
11.1887
15.0799
9.89281
13.1315
15.0409
27.0434
13.6192
20.1343
8.85837
13.4735
7.16109
14.1081
12.3749
14.2811
20.7326
13.8279
18.9221
14.5756
4.90719
14.2771
14.5912
12.3861
13.2428
15.3786
13.4014
12.1537
14.1086
2.2581
20.9386
19.399
18.6693
10.7871
13.6091
15.0089
20.2866
19.5794
19.7535
15.3024
13.923
12.0285
8.54487
17.4089
10.8517
18.761
13.3146
14.8959
19.2901
7.78628
17.3082
11.8038
14.8955
15.0603
15.801
16.1539
15.8533
12.2642
8.98419
13.8675
8.7133
21.3068
19.3587
15.0743
14.2666
13.533
21.6011
12.6784
10.3868
9.44771
8.6779
13.4534
12.8745
11.7483
21.7479
12.5772
15.0956
14.7834
11.3321
12.8885
12.7542
22.3753
15.1906
11.0008
12.5096
15.3389
12.2752
8.48734
16.4839
8.58612
20.0943
13.1499
17.4211
14.4266
19.3712
10.4836
13.5722
13.6001
7.2726
10.3162
16.5093
18.7629
13.0713
13.2661
13.4741
15.0176
13.763
12.8386
18.8385
12.4106
10.7576
19.3846
15.9428
5.20303
14.2828
18.1629
15.9138
19.1267
6.27052
11.621
11.2912
12.7255
9.79026
9.17613
10.2828
13.1399
9.60239
17.3139
10.0478
8.89083
14.0833
18.3777
7.28321
12.8892
24.9974
21.0098
19.3841
12.484
16.779
5.76155
11.2832
14.2022
23.5026
10.0543
12.9428
12.8884
13.8118
14.8935
13.8512
15.1844
14.7265
26.7334
13.2315
20.5902
21.3824
8.91252
11.7948
12.1718
18.068
16.8652
26.537
14.7139
13.6131
10.8384
15.0454
8.29142
17.3646
11.9319
20.8181
13.7263
11.2906
18.2664
25.765
11.6437
19.4281
5.98614
11.6985
15.0506
7.61454
11.9264
20.4121
9.17129
10.236
20.9277
7.47032
19.0279
12.3919
16.2642
15.4242
9.97066
16.2255
14.8473
11.7868
13.2783
18.0332
13.2268
9.68653
12.2414
14.577
10.9484
19.1289
8.06046
8.886
12.2166
15.046
13.5697
10.4614
18.0191
16.9931
15.5396
10.7923
12.6303
18.3054
11.3003
13.2612
14.8875
13.2763
12.9857
12.9813
12.4976
12.3941
24.1652
19.9163
15.7194
14.1546
10.9153
12.8239
18.4783
24.2784
16.8557
14.5328
13.2634
11.8062
28.4673
13.5653
7.07464
20.3749
8.86062
14.9645
11.4401
19.9025
29.2139
11.3615
16.4321
13.6821
19.9773
16.1878
26.2585
13.9117
11.1123
14.0146
16.1223
13.365
10.6914
6.23231
15.1936
16.285
11.548
15.5434
12.6091
11.5964
11.8943
16.7487
7.88344
12.7129
15.3077
17.1894
20.8761
14.198
22.5164
17.235
21.7417
13.2616
20.0544
17.6259
14.8342
14.7881
15.1778
4.54598
4.83376
15.2709
11.1466
15.8206
13.9474
16.1653
16.2821
12.6702
12.3234
12.2112
15.1763
16.0325
0.420755
14.8133
13.2871
20.551
15.265
10.2014
11.9386
13.2712
22.7463
15.6442
14.5651
13.2667
17.5229
15.7518
14.885
12.7377
13.4001
12.7035
13.5544
14.2455
13.5076
13.4521
12.6372
20.6125
12.0226
13.7032
13.663
13.7925
8.25592
15.03
7.94342
8.39219
15.9848
13.2954
10.0619
13.0808
10.4144
13.0908
21.1507
0.771534
12.9977
11.4081
13.2638
13.8198
12.3302
14.3124
10.046
12.3909
16.5527
15.6886
13.6015
17.8613
14.741
14.6196
10.556
2.02471
26.1395
12.7882
13.5528
13.4178
14.5863
9.03874
13.1202
13.1732
14.6755
20.5517
12.4849
12.1064
18.4613
14.0472
13.4153
13.6533
7.11016
15.8566
10.119
16.2983
9.02389
14.3738
12.9651
14.148
15.3299
15.2471
11.9381
13.1827
12.3559
7.37818
12.1677
14.6554
7.4045
11.6049
14.2839
9.6119
20.5095
13.8802
17.7437
13.2363
13.4209
11.6688
5.99851
12.5528
23.3238
8.86404
1.9291
12.231
15.9701
4.87284
16.81
6.65243
13.7851
11.1234
19.845
13.1851
15.5549
13.6851
13.6297
16.5631
15.4471
12.397
13.8767
16.5243
17.21
5.59174
14.6423
11.8416
12.291
17.8462
13.5183
12.4798
25.3624
12.4974
18.1906
6.54044
18.9321
13.4932
10.7015
13.7141
6.78424
13.2074
10.2697
13.9425
13.2822
20.8529
11.0993
24.8174
14.0866
20.7623
15.5311
19.5252
15.3575
15.4015
10.7084
11.4913
10.3501
15.6794
9.34278
17.4527
10.9829
15.2732
21.1108
15.2107
11.5424
13.0041
9.05511
10.102
13.4656
22.1388
14.9438
12.5982
19.5991
8.33469
10.7283
10.9886
20.8934
13.3586
13.4394
13.7136
12.2307
15.8677
5.33069
15.5724
14.9191
13.6085
13.3212
14.9905
8.01243
11.5346
13.4847
14.9832
7.6859
12.0949
10.8326
19.5913
13.0602
13.536
15.2796
28.4967
16.396
20.1046
14.7061
20.5539
23.4629
15.1349
13.4201
11.2805
7.58705
16.0376
12.9422
6.38436
10.7971
18.5274
20.0249
16.5164
17.2076
13.7135
10.4914
8.28278
15.7978
9.49564
14.9448
14.5737
18.1125
13.2296
6.96115
17.7639
12.0134
10.0154
13.6819
14.337
13.0725
13.9403
15.3343
6.25048
19.4118
14.854
7.90792
19.5058
15.598
13.4832
11.4019
13.8023
10.3329
14.6447
18.6189
6.42459
14.4698
13.9341
19.7883
24.6542
13.1592
9.4084
15.6877
14.5738
5.88104
14.2006
21.9951
21.5479
8.68824
14.459
13.0549
12.8449
18.0847
11.1867
5.67084
10.4806
16.38
16.992
12.7835
14.2665
13.4521
9.78353
12.6751
14.1828
13.786
9.83049
11.5515
13.2394
14.2369
20.2656
15.4333
15.3477
12.0878
14.3053
14.185
13.7563
8.00879
15.0585
22.483
24.9663
7.90211
17.6766
16.8627
10.9631
10.6073
14.0812
20.6715
13.5087
10.4563
13.7491
11.332
11.3844
7.88001
18.0731
13.3578
6.16212
16.3849
7.74773
10.5021
17.9041
25.4562
15.02
26.2227
15.2469
15.4571
14.5875
13.7966
11.6169
12.083
18.7854
13.486
22.1582
12.11
17.2558
11.5132
12.9049
10.665
0.826623
12.9891
13.2958
14.4569
12.352
0.648481
14.3114
12.4203
12.6719
13.4051
10.986
12.4834
21.262
9.49596
14.6465
21.9825
6.88702
14.5555
13.0585
13.184
7.11652
12.8558
17.3395
15.6722
18.0539
17.9344
8.28573
13.41
15.7854
13.2734
15.8548
15.0154
9.49034
15.7692
15.086
12.2087
17.3758
12.8887
18.7678
11.523
14.0325
13.0663
16.0956
12.0743
11.206
16.1
14.9068
18.8294
12.6275
16.3808
17.2983
17.6309
-1.71693
14.1228
15.0542
7.07434
13.5977
10.7425
9.60159
16.5749
4.79651
15.0436
12.6312
8.1436
19.9405
21.655
16.9775
15.2138
18.8821
13.3106
14.5797
7.6384
13.1983
12.4211
19.0696
3.28515
11.81
13.8379
11.4663
12.285
13.7926
7.47629
11.2788
14.6428
16.0818
17.3329
27.6306
12.323
9.72686
15.2665
14.9915
18.3804
12.9675
3.08851
11.6457
10.2285
15.4031
14.8509
13.677
15.1204
13.487
11.5665
14.3126
13.3109
14.3059
4.73226
15.5465
16.2914
13.6569
14.6526
13.3764
15.5941
13.2064
14.1778
19.8863
14.0205
11.8898
17.7161
12.2398
12.4019
11.9938
13.5182
13.4098
15.0968
11.1356
12.0465
9.15463
7.90993
10.3008
22.4083
13.9958
15.0625
15.3035
13.4234
12.612
13.9822
14.5952
11.6397
12.0326
13.5908
13.9353
12.7091
13.2766
5.8666
14.0491
21.0808
18.9586
22.9437
10.8822
13.3393
14.4087
16.4185
12.8612
11.3816
16.7563
12.5709
15.2589
15.5862
12.9058
13.7415
17.5971
18.3587
16.0458
5.6918
14.9761
14.9412
22.9732
19.8313
14.1019
15.3554
15.0903
14.1424
19.1092
16.7241
14.3631
10.8427
10.4199
12.5576
17.2454
15.146
16.9332
11.8046
13.7795
14.1456
14.3218
12.1894
13.9555
3.66232
4.6502
15.1897
5.60672
14.9021
11.7435
21.2644
3.00395
13.4343
13.5818
20.6487
25.9859
19.2881
12.7098
11.5877
14.1428
11.6217
4.83896
6.03862
15.252
14.9521
11.9612
16.2033
18.6884
14.4663
19.2969
13.6581
12.6693
13.9559
12.2887
9.36972
15.0803
16.3717
15.0247
13.5779
17.1172
13.7727
2.3661
17.4398
13.9654
16.1429
13.5897
12.9686
16.5802
16.9914
13.4671
16.4504
12.8943
6.72215
12.3856
7.079
12.0116
13.4491
18.6711
12.7065
18.0931
9.31592
15.1761
13.2561
12.8079
21.5069
10.6506
15.5031
9.51488
9.95904
6.03878
12.215
11.1652
13.1993
13.845
13.0083
12.3514
16.8694
21.2209
15.8896
10.8493
10.2445
14.5321
11.9402
13.3307
12.0549
12.4457
15.19
11.598
14.9833
24.4486
7.76031
9.48734
8.95274
11.867
12.1109
6.34165
12.3998
11.7599
12.1501
21.9688
15.0119
11.319
21.489
13.6964
20.5912
16.4438
6.59668
6.349
19.5074
10.46
14.06
16.0437
15.8205
14.2695
14.0635
11.2279
13.8549
12.5028
11.6414
18.5176
15.3265
8.12322
19.9648
10.1691
9.48348
14.045
12.9604
13.9841
10.7795
20.7793
14.0862
11.3762
12.2494
20.1688
8.33347
9.68633
13.5592
19.3592
15.234
13.8039
10.6497
12.2278
12.2597
15.4843
14.6784
11.5643
13.5193
11.6112
14.3273
12.5333
8.8499
16.7503
5.15117
15.8805
11.7249
15.8151
10.6455
17.4453
9.49475
15.024
9.88268
14.3567
23.6798
16.1345
13.8395
18.4878
19.5989
20.3369
19.9621
14.4989
13.3022
13.2512
15.878
6.03233
15.2607
11.6261
19.4722
10.7826
7.99609
15.8716
9.94807
20.9061
19.5825
10.5168
21.099
12.503
11.5572
7.97713
13.5483
13.6933
12.8444
7.16235
14.0258
30.3957
10.2893
26.0852
12.2821
14.6957
22.2857
15.4798
20.0862
18.1562
17.9202
12.9573
10.1738
15.5458
17.1449
11.5999
11.7102
11.9314
13.5851
9.13898
12.9322
16.7356
13.2134
12.4428
9.60261
22.2498
12.3752
22.1711
11.1353
12.0497
2.55419
12.5218
10.516
10.6947
6.74944
19.2062
28.7963
12.7558
11.1518
17.6329
8.90432
15.4003
11.0704
6.2909
16.3976
12.6678
14.9251
24.089
13.7456
15.9973
17.6422
12.2613
12.0771
15.9296
17.4109
12.0012
9.56715
15.2971
20.7436
1.30587
13.65
9.33674
18.5865
16.3045
16.3959
14.6898
0.29767
14.1995
20.3947
4.40771
7.31009
17.137
15.6296
13.7412
13.6515
21.8944
15.602
12.3779
14.8691
10.5787
7.35
15.9393
14.0242
7.06061
15.0099
16.9313
14.8279
12.623
4.75801
16.6868
12.7277
19.4116
20.2198
13.7791
5.44973
11.4181
13.585
15.7719
17.4122
13.0888
13.567
18.0322
14.1234
14.5053
19.1108
14.9113
12.1935
13.602
24.0425
11.749
18.8476
15.1513
17.3115
13.456
17.4941
13.2129
13.0547
13.5685
13.2081
10.2867
11.9001
-0.367399
19.5196
11.2792
16.4686
14.4066
13.252
11.1819
14.5384
9.827
13.7527
14.1727
10.1438
15.3716
25.8523
12.1867
9.92721
14.7114
11.9604
10.2782
13.6157
13.2853
11.6923
16.0375
5.12664
16.0868
10.5085
14.0589
13.8007
8.54803
12.3899
21.7759
9.27554
11.4312
13.824
19.3908
12.2179
13.0959
8.77182
10.5376
12.0065
12.4307
17.9786
21.3303
12.416
18.0244
15.6025
13.4925
13.3467
19.8022
9.77069
14.3157
22.2279
11.1711
1.516
8.56415
12.7101
15.604
12.6182
13.4413
12.2301
4.27057
11.7753
15.3728
3.57648
17.1879
14.6373
14.609
10.5127
19.9406
14.5884
16.138
25.833
18.6626
9.71209
20.3268
8.50661
15.3393
18.3071
12.586
14.5056
15.3925
13.9968
17.5612
18.0125
4.36138
15.7462
1.16137
12.7436
11.2417
16.1762
11.1356
13.0102
14.1261
12.6058
20.6285
14.9713
11.5178
11.7694
14.2025
11.7124
9.63034
4.96843
7.86797
11.246
13.7594
13.6789
12.0219
15.0276
-3.50088
20.5967
13.8904
13.7301
22.4812
11.2652
13.0468
9.07646
19.9137
18.8381
10.6619
21.6847
12.5532
20.0201
18.5413
15.7387
15.5305
16.0218
17.4378
14.1493
8.09303
20.8158
15.1261
18.5686
22.6448
11.8739
14.3303
23.0403
15.337
26.9146
12.7671
13.6486
22.2094
9.15329
13.7708
6.50244
5.53141
15.2002
13.3238
14.2006
16.2538
1.36181
13.6603
12.292
12.5846
16.4814
12.1854
13.9755
13.6653
7.45588
14.9961
19.8806
15.1591
13.4948
14.4233
15.9167
16.7087
16.9902
17.2786
11.2117
-0.557462
0.859558
16.1643
2.59971
14.4734
12.0978
28.9249
14.2097
14.8295
13.9829
13.8808
12.6097
15.4
11.0502
13.1086
12.0359
9.891
15.0249
12.8741
13.5284
12.5354
12.4992
11.8181
5.58848
14.7131
19.0377
18.8674
1.50067
17.6162
14.1092
15.1315
15.2581
9.73872
12.9819
13.0325
20.5351
-0.0635428
10.9938
12.0413
22.8248
14.6384
16.9033
22.2961
16.6382
17.647
10.038
10.5984
14.8736
14.067
13.3206
8.65928
13.4784
16.0777
2.34187
12.6484
10.6234
10.0079
13.1025
12.9611
18.4252
10.0765
15.9736
11.026
4.26968
15.2398
10.7445
14.5383
14.4105
10.0204
15.185
13.9219
12.6252
10.296
24.1539
11.7762
16.3592
24.9756
17.2559
15.1373
10.2871
20.6104
13.4088
14.814
13.3561
4.50856
22.5679
15.1649
11.1419
13.5735
16.7399
16.4867
11.8258
15.382
16.6016
11.2565
15.2346
9.95796
9.26716
23.0141
8.8782
15.1737
12.8
14.7698
10.2403
11.3813
9.7726
21.1333
18.1497
19.0233
10.6069
7.08317
15.3456
23.5782
23.713
15.6107
2.13368
8.19559
15.7788
14.2038
10.4925
13.6489
10.1882
12.385
5.9344
11.8234
19.0665
15.4688
12.7796
17.8382
24.3471
19.183
13.0912
11.7165
14.7054
18.3948
21.4974
9.87566
13.6274
11.6245
20.2862
20.9142
16.6159
17.9068
9.11357
13.3838
12.6774
3.77854
13.6538
15.8002
14.3326
12.6077
22.3283
18.9453
20.9167
14.6802
11.8868
10.8195
10.1254
22.4335
13.8888
9.05457
13.322
16.2047
15.0496
14.1739
14.7443
10.3512
25.4327
19.9357
13.6436
15.6452
9.88126
15.0699
7.21194
9.13516
14.3395
14.9882
12.5793
12.5525
12.1196
21.8986
14.7789
14.261
14.6001
10.7341
10.8319
12.0799
14.2119
12.1008
6.00176
18.4612
14.9033
14.8096
8.84691
11.7753
15.0056
14.8219
15.1056
17.1354
10.959
8.38496
12.5838
13.216
12.5431
24.7083
25.1858
20.4255
-13.7075
11.5023
13.6115
13.5538
12.9931
20.9824
14.1816
14.2908
9.05016
13.577
10.9786
29.984
10.5097
13.8897
14.4063
12.4243
14.1379
12.8217
16.4099
10.0475
20.0032
17.2015
12.0234
11.8212
15.5666
17.1741
19.5292
16.107
10.724
11.3184
16.4765
14.9883
13.5671
14.4647
13.1179
13.411
11.0388
26.9509
16.4204
14.1682
14.8954
13.7598
19.6718
17.1469
15.472
12.8745
14.0576
18.4346
11.9434
23.7496
15.2815
11.7789
12.3285
20.6727
17.3562
11.0055
15.6017
13.3102
11.4978
13.6202
5.90442
18.7226
13.3246
17.6564
12.5302
3.87102
13.5194
14.6762
13.5632
12.9839
15.1089
6.07452
22.5484
20.2208
12.3356
9.58887
17.317
13.2197
19.6037
11.6367
15.294
16.846
16.9558
15.4087
12.7465
10.3088
15.7811
14.0393
20.0739
14.6388
13.011
12.7084
7.24885
10.3787
3.68603
14.6908
15.0983
12.0335
12.2942
12.6521
19.8189
15.8812
23.8936
13.2779
12.1928
9.6137
16.8879
11.9857
14.0651
12.056
22.3836
11.1226
14.427
13.4097
13.6304
21.475
14.8576
20.4506
9.26634
15.5822
10.6412
11.4988
14.4937
10.3416
27.4436
15.8204
14.1656
25.0847
18.6581
9.74989
8.41313
13.5743
10.5046
13.4555
18.8725
14.0448
18.9908
7.10598
10.422
8.6044
6.83145
20.0984
12.9205
21.5388
11.6972
17.3689
14.2196
14.0495
21.173
25.7476
22.1156
7.90781
15.2443
13.8444
17.8201
10.9753
15.256
10.6902
25.0789
16.4815
18.5188
15.0549
13.6853
8.54112
24.1963
19.0524
14.717
4.82726
10.5057
10.7994
10.6691
4.25406
27.7677
16.7066
6.17608
11.6281
5.20066
16.6943
12.8254
13.2265
11.8173
14.1176
14.5109
14.6386
11.2087
16.6845
17.5301
11.1952
16.473
13.5391
19.8459
19.3836
16.171
11.65
19.0127
17.1537
16.5691
11.3728
18.9499
4.18597
13.166
24.5217
25.3329
12.8222
19.6969
14.9202
9.85538
15.253
2.71814
9.24337
12.1555
14.6645
13.3411
12.8593
16.5317
10.8503
19.9361
16.7426
12.7142
16.6182
14.7849
16.8601
15.9077
27.7636
9.15937
20.7754
0.973823
12.0978
8.53808
12.8821
14.9842
16.2381
13.5621
14.6841
12.5783
12.0222
15.7599
14.9377
15.894
10.7676
11.7426
20.9552
6.39714
10.9312
1.57663
13.3206
15.6358
23.0874
14.8303
8.69616
15.0367
8.49438
11.4527
13.8307
13.4447
-2.48386
15.5936
12.511
11.7948
23.0756
7.92949
14.7067
13.1602
15.3697
18.0544
13.191
12.7022
9.30055
12.234
18.3501
16.1297
13.948
11.6591
14.6721
12.4714
9.19447
15.036
15.2593
9.28408
12.1701
26.225
13.338
13.7403
13.0639
12.5665
5.49613
17.2337
19.0281
15.2749
8.32933
4.75905
8.18606
14.9498
16.7968
16.56
13.3243
16.0434
15.4365
9.6269
16.7132
22.2825
14.7094
19.6261
19.9473
14.0877
19.4785
10.4439
11.706
15.1503
11.9569
10.0771
18.5489
15.2206
13.25
12.8411
19.2436
5.32752
13.3758
17.6147
11.9746
23.6754
13.6095
18.8616
10.5449
13.6676
16.2774
15.4341
10.6982
28.0533
14.737
3.95782
9.42834
5.99556
13.3777
16.8158
16.104
13.1512
24.7776
3.53829
5.20707
2.88237
15.9482
12.4376
12.7228
17.1603
9.70483
12.9514
14.7506
9.72247
13.3986
8.09987
11.9296
11.4444
12.1329
22.4453
9.86873
14.9034
11.6404
28.4168
13.4301
23.15
14.4805
16.5329
21.6387
12.3189
14.8192
23.3618
10.5718
26.8628
1.84206
13.4119
14.9069
16.702
13.5704
16.6734
14.5584
12.3803
18.8659
16.8968
10.3759
15.1536
14.5418
22.119
25.5369
18.5708
12.7681
15.2978
11.1028
10.9634
10.11
18.5075
13.0504
12.4109
24.2001
16.2378
10.6497
14.3013
7.74836
25.4954
13.1918
23.5312
13.794
14.3241
13.9928
15.6178
13.225
14.0107
10.9527
14.774
13.1216
22.1177
14.9364
11.7807
7.64863
4.51406
22.1056
7.39904
15.1156
11.4552
15.5495
18.4195
17.2274
4.22918
5.52971
19.565
13.9242
12.4557
10.9929
17.0588
16.2249
2.71284
15.071
13.7108
18.2013
14.7823
13.1967
15.5449
18.6076
10.2329
14.8699
12.3181
10.7821
12.2057
20.6357
18.1087
24.078
9.23265
13.6898
17.4069
14.9998
15.5222
12.1402
18.2959
20.3741
11.3723
16.596
23.0597
10.5023
9.08317
13.4327
9.4712
25.3976
21.9294
14.4351
8.46521
21.6934
11.8524
11.5885
13.6265
23.2475
15.3284
12.7126
11.7858
14.4494
19.3728
12.1651
12.7959
13.3416
21.2518
12.1112
16.9706
13.8547
15.2948
6.23443
19.1189
13.0566
9.09929
14.0962
15.9185
9.87848
14.6631
4.86121
12.4615
15.8389
15.1744
14.2574
11.6544
15.943
17.7083
9.66841
14.8868
16.2251
13.5685
13.5364
12.0459
13.8471
12.9832
22.148
13.4266
10.4319
10.1964
14.4652
16.2546
25.7254
12.2944
19.4129
14.4823
16.1112
24.6886
14.3091
15.4199
23.3487
10.8652
5.17522
15.7288
11.7888
-0.0435465
12.8701
11.2932
17.6726
29.8574
13.1259
12.077
14.379
20.6847
20.4518
15.2597
21.225
17.0088
11.6815
10.3822
15.2052
10.0899
12.2086
15.0223
12.9187
23.9262
12.5324
13.1644
7.43949
13.6662
12.3516
17.0762
14.0079
13.9085
-0.010025
16.4899
9.68489
8.81589
14.4214
27.4155
15.5284
14.254
13.1132
11.1434
31.0206
14.7838
12.9493
3.96448
10.5578
15.0861
14.2428
15.0407
13.2214
12.1089
10.8196
12.2323
15.426
15.495
0.298326
11.732
14.5204
13.9747
15.1493
12.1166
12.0465
13.547
14.4238
24.2305
9.60749
20.9539
16.6549
11.5843
14.5698
15.3037
15.862
13.4945
15.8519
14.946
15.7923
12.8121
15.7446
5.60233
19.8929
13.6108
14.8094
16.7192
15.8786
6.65067
15.1897
16.1576
13.3739
5.1797
17.4441
13.7894
13.7205
14.174
16.4689
12.4986
15.6245
15.9788
4.65829
10.3227
24.6494
16.587
11.8074
8.56178
16.99
14.0472
11.6869
11.8281
8.71676
18.815
17.3287
10.4916
11.6285
13.3478
5.22076
13.9384
13.7914
15.8206
12.565
16.6238
0.053811
13.1135
15.6571
12.0716
22.584
16.9892
18.2344
15.0723
14.592
15.3292
10.1432
14.9934
14.5959
13.7553
11.9683
13.1929
9.24661
13.7567
17.3272
9.27821
17.8636
10.4233
23.7165
13.5091
12.4915
12.3821
13.0256
11.7392
10.1247
14.6269
12.5051
9.80571
22.7762
12.1247
10.4759
12.7497
20.5363
16.6405
19.2671
13.2587
23.158
24.3567
13.8864
13.4983
9.78268
11.7222
11.4878
6.72303
12.7862
19.8443
8.84701
22.8573
17.7626
11.8012
15.6832
15.0959
15.3667
16.4307
23.8528
7.49423
12.8957
11.8341
16.3116
8.48946
20.2166
15.146
13.0803
14.317
15.2364
16.6787
9.30927
12.2285
14.4308
5.62197
13.0957
19.771
9.48916
13.2878
12.6645
10.6113
20.1787
13.0707
13.3251
14.6613
10.3848
12.1635
15.8319
14.2282
11.8121
15.5311
12.2374
7.71283
13.0726
11.7765
14.1701
11.0964
14.9206
11.8309
12.519
19.0911
10.8957
27.0862
8.67281
11.8762
10.715
15.9277
12.8368
11.153
10.8768
11.5894
13.0542
13.2284
15.3994
13.2228
12.6804
10.1809
11.16
18.7438
27.0785
14.8087
14.8453
13.61
14.1041
20.1547
12.6193
22.5835
14.4385
16.0503
13.617
10.0483
19.6952
11.7841
15.7559
18.0572
2.3692
16.1563
16.1482
14.8562
23.4715
20.1783
7.34636
15.6764
7.23497
15.1679
13.6145
18.3752
14.9151
14.7542
13.7155
10.3003
11.6344
3.15157
5.41194
13.4125
14.5069
15.6491
12.8288
13.5472
14.2179
8.56477
18.955
15.1876
17.7915
12.4788
15.1241
13.2953
10.8156
14.2389
8.27286
13.0813
6.04387
-1.94074
16.2684
22.3656
26.9721
12.4767
12.0847
15.0639
10.0627
14.009
15.4202
13.8737
13.4826
1.98257
13.487
18.7432
12.1519
23.1564
11.091
5.64401
14.5338
10.5294
15.7509
12.4765
13.8954
15.1151
14.9207
13.31
14.8194
13.4948
26.2729
15.6088
18.1217
12.302
10.4391
15.5858
12.1052
13.3118
12.5882
3.89713
9.87109
11.2683
22.9441
11.9084
13.1101
14.3455
2.79193
14.1284
10.6896
10.7785
23.6137
24.1237
6.18898
16.2439
13.4539
13.5039
8.20156
11.1984
15.5528
10.6741
26.2637
19.5451
27.9975
5.85785
7.47432
11.6955
17.5424
26.2157
13.4623
14.1826
13.9362
13.124
13.6372
15.3565
11.1778
14.0937
14.7716
6.47065
16.8842
14.782
12.4489
22.7087
16.6151
13.4749
13.59
13.3982
9.94081
11.8242
16.5444
14.3328
13.8323
13.4494
23.2284
15.1387
17.4558
13.8083
12.0296
7.57759
15.0444
14.1715
11.872
12.17
14.0494
10.5734
14.5041
16.1806
17.229
9.54484
13.4336
16.6303
14.9895
9.57865
8.75602
20.4712
8.01353
11.7208
19.0234
15.405
17.0819
21.6889
21.4705
13.2525
16.148
12.4699
13.4461
16.4686
22.0047
14.2628
20.6964
13.1324
15.0739
19.9195
13.3756
12.351
19.185
11.1475
6.12802
12.945
19.7864
12.2771
10.9841
11.101
11.587
12.4602
13.6048
10.3307
12.3607
4.786
13.4539
16.2424
14.489
12.3067
15.461
12.9429
18.7449
13.6769
17.0962
16.6517
9.68115
10.2795
7.69021
23.2556
11.9379
18.3453
15.3837
11.3037
6.6113
14.9329
21.8469
12.0761
12.0701
18.8856
56.0565
8.67945
21.686
9.01128
12.2129
13.5134
10.7805
16.6175
18.897
19.4949
19.0287
13.7953
15.3992
8.73753
5.25106
14.8855
3.90694
9.02606
19.9391
10.8637
11.5143
13.6059
13.6083
16.8835
11.546
9.68406
15.1728
19.1989
15.2672
10.0896
27.3023
15.1546
12.7317
17.0543
26.6036
13.112
5.69885
10.2301
13.8834
14.8298
16.4681
13.0655
15.47
18.8399
12.8376
19.7752
23.9846
12.6949
12.2443
15.6238
13.9085
10.46
-1.07202
14.2802
10.5139
13.8478
19.014
15.1409
14.0698
15.1373
15.0491
11.5562
11.8393
16.3166
8.05099
14.9838
25.1248
15.0244
30.9135
10.8643
11.2409
11.6068
31.2765
18.8049
22.4263
15.3369
12.184
27.3532
12.1969
8.63515
12.556
12.3853
15.281
7.66186
19.0292
21.3526
10.3349
18.6743
12.6552
12.6757
15.0649
11.7974
14.8787
10.1003
9.25991
11.0585
30.5768
17.3885
12.5142
24.1618
8.33456
2.61147
15.3234
8.50742
15.9817
13.963
20.8289
14.5724
15.411
2.63273
19.7022
21.1248
18.6024
11.1329
18.5986
14.9563
19.6896
15.1304
12.2546
8.59328
16.2209
14.7007
15.0645
20.5651
15.8777
12.7887
14.0121
15.0508
13.3366
15.4105
6.38359
5.64272
9.05028
9.66324
17.4535
13.8888
8.89356
9.44914
11.5253
12.4128
13.9537
13.8811
9.05369
13.7694
11.8193
10.9751
13.9248
-1.7905
14.6696
20.3763
12.9112
27.7421
19.0703
19.4307
20.365
17.5667
20.447
7.19203
14.4907
15.6448
8.85751
14.1328
15.4567
14.21
12.4181
12.5214
16.9764
15.707
10.6141
19.8978
17.3684
15.599
7.81089
9.09975
11.5773
8.09057
7.52214
18.5339
15.0786
13.6723
10.0859
12.3937
20.7225
16.3319
11.3393
11.9364
12.8066
5.99299
21.6319
9.58625
12.1854
12.4785
14.7691
12.077
14.648
11.3837
10.0101
13.3083
21.4128
20.964
10.4101
20.1904
12.918
25.9113
12.0198
23.3341
13.7771
13.5026
12.4683
7.93194
12.6783
14.379
21.6382
14.8304
15.195
19.2111
9.1396
8.97426
21.0571
11.3218
15.4461
16.7761
28.5513
7.79851
10.5543
14.1763
14.1561
18.6491
11.9992
14.8605
13.6383
10.6145
13.582
17.6547
12.2824
13.73
14.2131
12.3773
19.7359
14.0816
20.9378
12.4805
15.8555
15.4169
17.6205
22.9695
10.2014
24.5895
12.1659
11.2106
4.04039
18.0657
17.203
12.4394
15.1644
12.0327
12.4192
11.4511
10.982
14.0327
15.0067
13.4406
13.7451
10.0884
6.91153
25.5834
17.2753
12.6984
11.1358
14.0051
16.0661
12.6358
12.382
14.5106
21.1118
17.1636
17.6095
14.7327
13.5642
18.679
14.8831
13.7448
13.5745
14.4302
9.59679
15.2464
19.7057
12.6465
18.6285
9.08692
11.9142
9.77586
14.8342
16.0456
15.2208
11.5436
22.5507
15.0799
16.3703
9.79199
3.55323
19.3693
11.8416
22.8156
8.2085
13.2941
10.1655
14.2698
16.8633
14.1125
7.47295
12.9808
6.56435
12.6682
15.6547
17.7414
18.5068
16.5601
14.8277
12.8291
13.3187
15.9693
15.2477
11.2028
10.8896
15.2509
14.4159
13.1425
12.1964
21.0907
11.3838
15.0784
11.4925
17.1159
24.2449
24.9984
13.8843
14.9667
13.0758
13.6061
13.4149
15.3722
17.6453
20.1664
8.95318
13.3872
16.9657
13.1867
14.7952
17.4444
5.33264
10.5763
19.1449
13.0282
12.4343
15.2226
10.5997
19.1827
11.3794
25.28
18.5081
23.709
10.3784
14.4218
13.381
10.9919
18.9368
13.4785
11.899
13.9063
10.4839
10.1303
11.5874
19.3651
12.0583
13.3168
12.2837
12.9793
7.85619
13.8336
13.3691
10.6648
15.008
12.4671
7.232
11.6486
12.134
15.8648
27.2984
20.4354
13.5893
13.2253
9.37871
21.9693
18.7629
20.2256
24.1881
17.6224
13.6987
16.6309
14.1286
9.33423
13.5211
21.1279
15.0473
8.27135
13.356
11.2405
11.9814
5.30054
15.0614
12.2774
13.4487
17.7398
13.2447
13.4534
17.1161
16.7777
15.4888
13.2584
12.4997
11.6669
16.3897
13.7358
13.5073
6.18444
13.933
17.3222
13.3313
11.0472
13.3058
12.7347
6.84447
10.7188
28.474
15.2122
14.5266
10.7839
13.3976
13.9974
7.35939
11.4187
14.9017
8.79592
18.3411
18.4183
23.6052
21.4995
15.2106
11.1485
19.1845
9.49248
13.384
14.945
11.7054
21.9419
9.20155
6.91136
12.1576
21.6939
12.1974
12.2437
24.0546
4.32007
21.2933
14.329
15.8262
8.72048
17.755
7.92827
20.6541
19.9755
15.5463
7.80741
8.70896
16.3688
12.9616
13.2549
10.0075
13.4203
10.4052
17.5258
12.825
14.5399
11.9094
13.5028
8.84593
3.30659
15.3484
13.1823
10.6276
12.1126
10.3869
20.6589
26.6543
15.5666
3.25456
10.5708
14.4337
21.5292
18.8865
15.7131
15.0421
11.7706
8.17979
9.78683
9.90928
9.17421
16.8338
14.459
11.3058
20.6893
8.51162
16.2973
14.3792
18.3349
11.3497
18.8032
7.4778
2.76361
8.15272
11.5019
9.14181
6.79427
14.41
10.5288
17.0426
20.3904
14.3042
23.0082
12.5007
12.0837
9.47138
14.9565
15.0043
16.3208
9.77725
12.2825
11.7095
22.703
10.8348
19.7618
8.68081
10.8097
15.1936
15.6233
8.27213
15.5089
20.6601
9.6657
12.0707
12.2625
17.13
22.4042
17.3129
13.4598
19.7687
5.87494
9.72322
2.87748
10.7856
21.2184
14.8527
13.67
13.2287
13.5118
12.9817
14.0928
8.25853
15.457
16.6506
15.5607
12.6755
15.8026
18.4747
14.445
9.91119
11.3124
8.10608
12.9478
15.4536
11.9233
27.5814
22.6847
15.6175
19.8628
13.5881
7.27813
13.8352
10.0558
13.5785
14.823
15.6234
3.10176
12.7228
15.8688
12.0208
13.9647
8.23285
8.01904
18.0618
20.8289
11.8081
15.3793
13.6858
13.6086
8.71209
12.5218
13.158
15.3785
16.4505
15.9805
12.6543
6.48665
5.44845
14.185
18.2048
13.221
14.3565
19.3373
14.7077
11.0919
13.2741
15.0679
17.4706
16.8215
13.8096
14.606
15.4481
12.477
14.91
12.5898
16.1024
13.1815
15.4472
23.6701
16.0754
11.5529
12.0695
13.0795
18.8694
12.434
15.5968
13.4704
14.952
15.1415
15.287
11.9868
4.67827
11.0847
11.364
2.50771
28.1327
16.4743
3.54762
5.07872
15.323
20.2523
13.4725
14.5074
13.5402
15.0411
14.8002
10.6443
9.29108
11.0079
15.8608
14.9535
12.9547
13.4793
25.4446
13.5241
15.7021
11.8973
21.4406
14.2715
14.612
12.4884
15.9838
11.0593
9.95764
10.7884
13.5536
11.972
13.0706
15.4114
23.0602
13.8887
13.2344
13.3191
15.3421
13.7205
13.5309
13.8513
13.4647
14.0987
22.8285
-1.03986
13.959
6.17077
13.4703
5.98865
15.2378
20.2686
9.00662
14.0637
17.5091
10.6175
14.8957
17.5145
20.2853
6.37147
41.2332
19.6441
7.8469
11.9028
11.4858
13.2946
23.2492
16.1703
11.5141
13.0583
11.0063
17.3105
12.2261
20.6946
1.92237
14.6032
17.7314
11.7716
20.5384
13.3172
25.3308
17.4667
15.1692
15.7905
9.21259
13.4901
15.0285
11.177
12.7434
16.5407
13.5797
15.3531
12.1409
13.5646
12.1458
21.1126
15.3681
12.2698
14.9729
12.7942
23.1356
20.8313
13.7922
10.4798
15.1032
14.3516
12.0883
14.8947
13.6076
9.51374
13.4053
11.4601
19.1839
14.0271
15.3709
8.07893
8.00571
13.3059
12.0515
11.4816
12.5061
14.1203
6.14936
8.62777
17.2151
13.6337
11.1894
29.9272
13.0022
13.626
12.2328
12.5816
14.3724
13.1751
15.1468
17.3867
16.2095
5.27567
17.6067
14.4666
15.9484
6.09465
15.2189
13.0477
14.4248
8.79761
14.0939
8.66251
20.2487
11.1641
13.6727
12.5469
12.0679
14.782
16.9914
9.58692
9.41214
17.8422
15.2342
6.55382
21.2437
15.796
20.6259
21.2997
12.293
12.6177
15.4093
10.9046
18.2307
10.4799
9.44751
12.6899
10.3088
13.5688
15.0727
15.3213
15.5403
18.0119
15.34
15.2205
12.5912
12.5764
15.9324
14.8759
11.0952
13.6985
20.2368
9.27026
29.6756
19.4458
12.6831
16.8087
17.7701
10.784
18.0797
7.63304
12.0869
13.1811
20.8984
12.3566
12.2233
20.891
18.3482
14.881
18.0168
15.1464
15.2561
13.2257
15.2046
13.1709
15.107
12.7019
15.4378
13.6172
10.4822
16.4162
12.1851
13.3244
21.0437
9.51052
8.23287
16.218
0.441141
18.2408
21.522
12.0317
13.0308
15.5413
15.5832
13.2829
13.4639
19.2383
12.6446
11.6496
15.0785
15.3508
19.7533
23.808
10.2739
14.5489
8.26704
19.0124
12.334
11.3862
15.0899
20.1071
12.2835
13.9563
13.4179
9.93699
14.6895
12.911
13.9675
13.1535
16.0304
15.1228
13.3226
8.62422
14.9863
10.3974
15.0706
13.3252
6.24653
12.4403
13.1281
24.078
5.49416
10.6833
26.4286
16.873
12.5832
16.2266
13.473
17.1158
15.2833
16.7537
17.6046
14.0784
13.783
13.6545
-2.32922
15.7154
12.7732
16.2146
12.7499
9.06455
10.9712
13.967
14.9204
11.0014
10.085
12.3025
12.5448
14.393
13.2481
13.737
10.1616
12.4256
25.4824
16.7711
11.8537
14.2642
18.6619
13.7371
12.47
12.8945
17.744
13.3001
15.5425
13.658
12.6211
14.7664
19.8452
11.5739
18.2317
11.0754
11.616
13.6751
16.2731
12.9741
13.3473
8.10716
1.40065
15.2403
17.1716
7.05617
12.4173
11.615
14.8947
12.503
24.9027
10.8052
11.5021
20.3427
15.0122
7.74873
5.19143
3.92441
8.47195
24.6252
13.3422
8.07836
14.8754
16.9756
13.8003
18.5023
10.1557
13.3313
17.5641
13.1018
19.4009
15.5035
13.5287
14.222
6.62735
12.9054
1.99349
12.5043
14.8631
16.7734
16.804
18.9897
9.28215
10.9773
11.5538
17.0546
13.9814
17.5505
10.1159
16.3869
13.8903
12.4754
24.9026
15.162
13.5857
17.1183
18.691
15.6301
15.6242
12.3058
10.8158
3.87554
15.3009
14.3106
13.6154
18.0013
14.0477
15.1914
18.7249
11.0826
17.1202
14.2482
1.13337
13.9725
16.7432
16.9606
19.3185
24.999
9.71629
20.0093
13.4509
13.5076
12.7283
12.3888
15.8632
13.9763
13.4783
19.3718
12.4654
15.4748
9.17887
13.8249
11.9797
18.6689
11.0326
9.40562
20.2045
15.2562
12.2946
13.1292
13.1631
8.38758
13.8022
12.6292
9.24386
12.3691
15.6477
13.3713
15.0517
16.8309
17.9523
9.63384
22.2115
13.6113
13.3316
15.1485
13.1861
13.5036
11.9676
14.1955
11.747
16.9072
12.5786
15.0357
18.4658
13.076
12.2042
12.18
20.2961
13.3162
10.3619
12.6734
12.8602
6.78379
13.5084
15.4664
13.7542
11.16
15.1411
17.5584
15.4621
7.51796
6.61874
16.9319
12.7469
18.3079
12.9787
17.3484
16.2501
11.6504
12.2634
18.8063
13.8814
11.0492
16.8252
14.049
8.68371
13.7113
7.8608
14.7205
15.4082
15.6212
11.2406
8.19002
8.04532
18.0071
13.5443
13.85
15.4204
18.5732
9.78679
16.1817
9.58146
22.1121
13.7658
15.2467
13.343
2.94047
12.8578
13.295
16.2433
14.7135
14.6145
12.4591
14.1325
14.9458
12.5652
8.21478
15.1304
8.28946
15.8416
11.0685
15.2725
13.4597
13.7518
21.9511
13.1982
15.6584
14.8473
10.8521
12.2947
13.9897
12.2118
13.0243
12.3014
10.2623
20.1682
18.4204
10.877
11.412
15.2895
7.35255
26.8283
14.9985
24.609
13.9326
9.5347
19.8968
19.9637
11.7154
12.1041
10.5974
15.1838
15.0006
17.6074
13.4679
16.0233
11.6596
22.6895
11.1129
18.9957
12.8434
10.4467
19.3184
7.99786
2.99505
3.88347
19.5624
12.5283
15.7614
11.0328
15.226
13.8676
12.9785
21.505
12.2889
18.3304
12.1391
14.7434
17.1179
12.7857
13.516
12.702
12.0098
12.4186
13.471
7.36779
11.5699
14.7831
19.2753
13.1845
17.9392
16.1027
14.4058
23.9227
12.2391
12.8446
18.1303
8.66053
13.0552
15.225
12.9961
13.1719
17.6069
14.8392
12.7118
17.7627
17.9583
14.0272
11.6546
27.2614
12.0453
22.1095
15.4964
15.3324
8.99395
13.8789
13.0788
13.8365
13.6518
13.1301
12.8269
11.0335
24.537
15.6192
12.9869
12.881
12.8416
17.8233
13.4709
13.6624
14.5097
11.7244
23.6935
10.1558
12.1583
15.1583
13.7883
8.89973
13.0718
15.4565
11.7613
17.0327
13.4635
14.0142
12.4114
10.8054
14.785
13.546
13.512
10.6745
11.7473
13.4862
11.7583
)
;

boundaryField
{
    wings
    {
        type            zeroGradient;
    }
    outlet
    {
        type            freestreamPressure;
    }
    tunnel
    {
        type            zeroGradient;
    }
    inlet
    {
        type            freestreamPressure;
    }
    defaultFaces
    {
        type            empty;
    }
}


// ************************************************************************* //
