5.0 -5.9905153178
10.0 -3.6080215678
15.0 -1.23100560169
20.0 -0.164622555085
25.0 0.131977271186
30.0 0.141920372881
35.0 0.11073945339
40.0 0.0932696186441
45.0 0.0918783389831
50.0 0.0952391355932
55.0 0.0961550847458
60.0 0.0971393305085
65.0 0.0989981355932
70.0 0.100889368644
75.0 0.102671377119
80.0 0.104605940678
85.0 0.106628936441
90.0 0.108757978814
95.0 0.110970233051
100.0 0.113230983051
105.0 0.115405707627
110.0 0.117583745763
115.0 0.119639021186
120.0 0.121580258475
125.0 0.123403368644
130.0 0.125075313559
135.0 0.126533084746
140.0 0.127851059322
145.0 0.129012368644
150.0 0.130016542373
155.0 0.130856067797
160.0 0.131555923729
165.0 0.132116152542
170.0 0.132561258475
175.0 0.132900550847
180.0 0.133145855932
185.0 0.133316114407
190.0 0.133420694915
195.0 0.133469792373
200.0 0.133475610169
205.0 0.133450271186
210.0 0.133395817797
215.0 0.133316987288
220.0 0.133216661017
225.0 0.133106322034
230.0 0.132979381356
235.0 0.132841110169
240.0 0.13268675
245.0 0.132519444915
250.0 0.132335809322
255.0 0.132141699153
260.0 0.131924241525
265.0 0.131701351695
270.0 0.131447978814
275.0 0.131195394068
280.0 0.130914300847
285.0 0.130636944915
290.0 0.130329834746
295.0 0.130027025424
300.0 0.129693432203
305.0 0.129368665254
310.0 0.12901084322
315.0 0.128666576271
320.0 0.128304491525
325.0 0.127954491525
330.0 0.127575716102
335.0 0.127205779661
340.0 0.126815550847
345.0 0.126447847458
350.0 0.126067504237
355.0 0.125696682203
360.0 0.125320614407
365.0 0.124960588983
370.0 0.124599618644
375.0 0.124248682203
380.0 0.123909148305
385.0 0.123574618644
390.0 0.123257440678
395.0 0.122950529661
400.0 0.122663572034
405.0 0.12239115678
410.0 0.1221345
415.0 0.121896233051
420.0 0.121676711864
425.0 0.121477622881
430.0 0.121295322034
435.0 0.12113329661
440.0 0.120992067797
445.0 0.120870822034
450.0 0.1207695
455.0 0.120688135593
460.0 0.120626618644
465.0 0.120584228814
470.0 0.120560881356
475.0 0.120555580508
480.0 0.120568233051
485.0 0.120597377119
490.0 0.12064309322
495.0 0.120703444915
500.0 0.120778572034
505.0 0.120866101695
510.0 0.120966728814
515.0 0.121077690678
520.0 0.121199970339
525.0 0.121330652542
530.0 0.121470949153
535.0 0.121617779661
540.0 0.121772923729
545.0 0.121931970339
550.0 0.122099283898
555.0 0.12227165678
560.0 0.122445788136
565.0 0.122626211864
570.0 0.122807483051
575.0 0.122992245763
580.0 0.12317895339
585.0 0.123367241525
590.0 0.123556927966
595.0 0.123749902542
600.0 0.123941326271
605.0 0.124133983051
610.0 0.124327360169
615.0 0.124520851695
620.0 0.124714199153
625.0 0.124907139831
630.0 0.125099461864
635.0 0.125290864407
640.0 0.125481084746
645.0 0.125669864407
650.0 0.12585695339
655.0 0.126042050847
660.0 0.126224987288
665.0 0.126405499576
670.0 0.126583378814
675.0 0.126758414407
680.0 0.126930433898
685.0 0.127099225424
690.0 0.127264661017
695.0 0.127426572881
700.0 0.12758479322
705.0 0.127739914407
710.0 0.127890709746
715.0 0.128036459322
720.0 0.128178099576
725.0 0.128316307203
730.0 0.128449222458
735.0 0.128579091525
740.0 0.128704773729
745.0 0.12882572161
750.0 0.128941429237
755.0 0.129053592797
760.0 0.129160774576
765.0 0.129262935593
770.0 0.129360713559
775.0 0.129454026695
780.0 0.129542623305
785.0 0.129626633051
790.0 0.129706101695
795.0 0.129781031356
800.0 0.129851382203
805.0 0.129917284746
810.0 0.129978697458
815.0 0.130035707203
820.0 0.130088400847
825.0 0.130136737288
830.0 0.130180888559
835.0 0.130220855508
840.0 0.130256811017
845.0 0.130288882627
850.0 0.130317071186
855.0 0.130341291102
860.0 0.130361757203
865.0 0.130378554661
870.0 0.130391769068
875.0 0.130401486864
880.0 0.130407877119
885.0 0.130410939407
890.0 0.130410800847
895.0 0.130407588136
900.0 0.130401301271
905.0 0.130392152119
910.0 0.130380226271
915.0 0.130365564831
920.0 0.130348336017
925.0 0.130328495763
930.0 0.130306171186
935.0 0.130281869915
940.0 0.130255124576
945.0 0.13022635678
950.0 0.130195438136
955.0 0.130162749576
960.0 0.130128120763
965.0 0.130091888136
970.0 0.130053923305
975.0 0.130014522034
980.0 0.129973555932
985.0 0.129931275847
990.0 0.129887594915
995.0 0.129842722458
1000.0 0.129796572034
1005.0 0.129749480932
1010.0 0.129701278814
1015.0 0.129652302542
1020.0 0.129602338136
1025.0 0.129551680085
1030.0 0.129500157203
1035.0 0.129448020763
1040.0 0.129395184322
1045.0 0.129341815678
1050.0 0.12928782839
1055.0 0.12923343178
1060.0 0.129178497458
1065.0 0.12912327839
1070.0 0.12906751822
1075.0 0.12901155339
1080.0 0.128955127966
1085.0 0.128898536441
1090.0 0.128841523305
1095.0 0.128784383051
1100.0 0.128726860169
1105.0 0.128669206356
1110.0 0.128611209746
1115.0 0.128553164407
1120.0 0.128494729661
1125.0 0.128436286017
1130.0 0.128377492373
1135.0 0.128318730085
1140.0 0.128259616102
1145.0 0.128200488983
1150.0 0.128141007627
1155.0 0.128081509322
1160.0 0.128021610169
1165.0 0.127961648729
1170.0 0.127901284322
1175.0 0.127840855085
1180.0 0.127780063559
1185.0 0.127718910169
1190.0 0.127657350424
1195.0 0.12759580678
1200.0 0.127534109746
1205.0 0.127471960593
1210.0 0.127409487288
1215.0 0.127346687288
1220.0 0.127283730508
1225.0 0.127220320339
1230.0 0.127156497881
1235.0 0.127092260593
1240.0 0.127027650847
1245.0 0.126962540678
1250.0 0.126897183898
1255.0 0.126831155085
1260.0 0.126764878814
1265.0 0.12669797161
1270.0 0.126631240254
1275.0 0.126563708051
1280.0 0.126494907627
1285.0 0.12642674661
1290.0 0.126356722034
1295.0 0.126286866949
1300.0 0.126216674153
1305.0 0.12614542161
1310.0 0.126073619915
1315.0 0.126001308475
1320.0 0.125928700424
1325.0 0.12585545339
1330.0 0.125782077119
1335.0 0.125707170763
1340.0 0.125632514407
1345.0 0.125557048305
1350.0 0.125480305932
1355.0 0.125402923305
1360.0 0.125325407627
1365.0 0.125247887712
1370.0 0.125169683051
1375.0 0.125090454661
1380.0 0.125011050424
1385.0 0.124931807627
1390.0 0.124849503814
1395.0 0.124767951695
1400.0 0.124686644492
1405.0 0.124605452966
1410.0 0.12452234661
1415.0 0.124438930085
1420.0 0.124355501271
1425.0 0.124270914407
1430.0 0.124187927966
1435.0 0.124100816102
1440.0 0.124015002119
1445.0 0.123929894915
1450.0 0.123845026695
1455.0 0.123757857203
1460.0 0.123670837288
1465.0 0.123582825847
1470.0 0.123495772458
1475.0 0.123408616949
1480.0 0.123321615678
1485.0 0.123232604237
1490.0 0.123144082203
1495.0 0.123056432203
1500.0 0.122967066949
1505.0 0.122878147034
1510.0 0.122789969492
1515.0 0.122700244068
1520.0 0.122611047034
1525.0 0.122522717373
1530.0 0.122432795763
1535.0 0.122343527966
1540.0 0.122255211441
1545.0 0.122165259322
1550.0 0.122076129237
1555.0 0.121987990254
1560.0 0.12189825678
1565.0 0.121809343644
1570.0 0.121721590254
1575.0 0.121632198729
1580.0 0.121543710169
1585.0 0.121456507203
1590.0 0.121367622034
1595.0 0.121279723305
1600.0 0.12119319322
1605.0 0.121104980085
1610.0 0.121019785593
1615.0 0.120931847881
1620.0 0.120844133898
1625.0 0.120758759322
1630.0 0.120674705508
1635.0 0.120587567373
1640.0 0.120501794915
1645.0 0.120418149576
1650.0 0.120335441525
1655.0 0.120249775
1660.0 0.120165641102
1665.0 0.120083716525
1670.0 0.120002132203
1675.0 0.11992352161
1680.0 0.11984220678
1685.0 0.119752080508
1690.0 0.119675336864
1695.0 0.119601576695
1700.0 0.119518925424
1705.0 0.119429236864
1710.0 0.119354148305
1715.0 0.119283066525
1720.0 0.119198342797
1725.0 0.11912183178
1730.0 0.119047268644
1735.0 0.118971655508
1740.0 0.118895819068
1745.0 0.11882067161
1750.0 0.118746230085
1755.0 0.118672309746
1760.0 0.118598966102
1765.0 0.118526186864
1770.0 0.118453981356
1775.0 0.118383823305
1780.0 0.118313013136
1785.0 0.118239292373
1790.0 0.118166561441
1795.0 0.118100073729
1800.0 0.118034075
1805.0 0.117964191102
1810.0 0.117897291525
1815.0 0.117831041102
1820.0 0.11776345339
1825.0 0.117698080508
1830.0 0.117633955085
1835.0 0.117568527119
1840.0 0.117504007627
1845.0 0.117440475424
1850.0 0.117379245763
1855.0 0.117318197034
1860.0 0.117253522034
1865.0 0.117191441525
1870.0 0.117132976271
1875.0 0.117074144915
1880.0 0.117013040254
1885.0 0.116954272458
1890.0 0.116895309746
1895.0 0.116839704237
1900.0 0.116782419492
1905.0 0.116725863136
1910.0 0.11667080339
1915.0 0.11661427161
1920.0 0.116559785593
1925.0 0.116505563983
1930.0 0.116451863136
1935.0 0.116399019492
1940.0 0.116346357627
1945.0 0.116294764407
1950.0 0.116243140254
1955.0 0.116192712288
1960.0 0.116145259746
1965.0 0.116094092373
1970.0 0.116044500424
1975.0 0.115993010169
1980.0 0.115945427542
1985.0 0.115898744492
1990.0 0.115852961441
1995.0 0.115807442373
2000.0 0.11576167839
2005.0 0.115716136017
2010.0 0.115671152542
2015.0 0.115627152966
2020.0 0.115584730508
2025.0 0.115539519915
2030.0 0.115497790678
2035.0 0.115458105932
2040.0 0.115414191949
2045.0 0.115373252119
2050.0 0.115330924153
2055.0 0.115294825424
2060.0 0.115259886441
2065.0 0.115216353814
2070.0 0.115182358898
2075.0 0.115140918644
2080.0 0.115106640678
2085.0 0.115067167373
2090.0 0.115032522881
2095.0 0.114999502966
2100.0 0.114961699153
2105.0 0.114932587288
2110.0 0.114892980085
2115.0 0.114863500424
2120.0 0.114832464831
2125.0 0.114793683051
2130.0 0.114766088136
2135.0 0.114740283051
2140.0 0.114705548729
2145.0 0.114675053814
2150.0 0.114651682627
2155.0 0.114620398729
2160.0 0.114588909322
2165.0 0.114564036017
2170.0 0.114538063559
2175.0 0.114512610593
2180.0 0.114486951271
2185.0 0.114458376695
2190.0 0.114435313559
2195.0 0.114412216102
2200.0 0.114387302119
2205.0 0.114361805932
2210.0 0.114343172881
2215.0 0.114318999153
2220.0 0.114296741525
2225.0 0.11427838178
2230.0 0.114254060169
2235.0 0.114238934746
2240.0 0.114215978814
2245.0 0.114199216525
2250.0 0.114180888136
2255.0 0.114160876695
2260.0 0.114144089407
2265.0 0.114128027119
2270.0 0.114109305085
2275.0 0.114097066949
2280.0 0.114077889407
2285.0 0.114067447034
2290.0 0.114049425847
2295.0 0.114038359746
2300.0 0.114023018644
2305.0 0.114011583898
2310.0 0.113998373729
2315.0 0.113987078814
2320.0 0.113975406356
2325.0 0.113964674576
2330.0 0.113954243644
2335.0 0.113944329237
2340.0 0.113934927966
2345.0 0.113925916102
2350.0 0.113917416949
2355.0 0.11390935
2360.0 0.113901796186
2365.0 0.113894674153
2370.0 0.113887938559
2375.0 0.113881761864
2380.0 0.113875928814
2385.0 0.113870612712
2390.0 0.113865683051
2395.0 0.113861227542
2400.0 0.113857116102
2405.0 0.11385352161
2410.0 0.11385027161
2415.0 0.113847495763
2420.0 0.11384510678
2425.0 0.11384315
2430.0 0.113841537712
2435.0 0.113840358051
2440.0 0.113839522881
2445.0 0.113839162288
2450.0 0.113839104661
2455.0 0.113839479237
2460.0 0.11384015678
2465.0 0.113841266949
2470.0 0.113842680085
2475.0 0.113844525847
2480.0 0.113846674576
2485.0 0.11384917161
2490.0 0.113852013983
2495.0 0.113855204661
2500.0 0.113858699153
2505.0 0.113862583898
2510.0 0.113866730085
2515.0 0.113871224576
2520.0 0.113876023305
2525.0 0.113881127966
2530.0 0.113886536441
2535.0 0.113892251695
2540.0 0.113898228814
2545.0 0.113904554661
2550.0 0.113911100424
2555.0 0.113917995339
2560.0 0.113925110169
2565.0 0.113932531356
2570.0 0.113940173305
2575.0 0.113948122034
2580.0 0.113956291102
2585.0 0.113964725
2590.0 0.113973422034
2595.0 0.113982341525
2600.0 0.11399148178
2605.0 0.114000929237
2610.0 0.114010513559
2615.0 0.114020405085
2620.0 0.114030433475
2625.0 0.114040769492
2630.0 0.114051242373
2635.0 0.114061980508
2640.0 0.114072856356
2645.0 0.114083997034
2650.0 0.114095275847
2655.0 0.114106819915
2660.0 0.114118459746
2665.0 0.114130364831
2670.0 0.114142408475
2675.0 0.114154633051
2680.0 0.114167038559
2685.0 0.114179625
2690.0 0.114192350424
2695.0 0.114205257203
2700.0 0.114218261017
2705.0 0.114231488136
2710.0 0.114244854661
2715.0 0.114258360593
2720.0 0.114271963559
2725.0 0.114285790678
2730.0 0.114299673729
2735.0 0.114313780085
2740.0 0.114327942797
2745.0 0.114342244492
2750.0 0.114356644492
2755.0 0.114371226271
2760.0 0.114385864407
2765.0 0.114400684322
2770.0 0.114415561017
2775.0 0.114430577119
2780.0 0.114445650424
2785.0 0.114460863136
2790.0 0.114476133051
2795.0 0.114491542797
2800.0 0.114507010169
2805.0 0.114522575
2810.0 0.114538239831
2815.0 0.114553959746
2820.0 0.114569738136
2825.0 0.114585656356
2830.0 0.114601590678
2835.0 0.114617622881
2840.0 0.114633713559
2845.0 0.114649902542
2850.0 0.114666065254
2855.0 0.114682368644
2860.0 0.114698688983
2865.0 0.114715064831
2870.0 0.114731458051
2875.0 0.114747949576
2880.0 0.114764458475
2885.0 0.114781023305
2890.0 0.114797605508
2895.0 0.114814244492
2900.0 0.114830858475
2905.0 0.11484757161
2910.0 0.114864260169
2915.0 0.114881047881
2920.0 0.114897769068
2925.0 0.114914589407
2930.0 0.11493134322
2935.0 0.11494819661
2940.0 0.114965026271
2945.0 0.114981870339
2950.0 0.114998691525
2955.0 0.115015569492
2960.0 0.11503238178
2965.0 0.115049251271
2970.0 0.115066098305
2975.0 0.115082960169
2980.0 0.115099799153
2985.0 0.11511665339
2990.0 0.11513344322
2995.0 0.115150289831
3000.0 0.115167072458
3005.0 0.115183870339
3010.0 0.115200603814
3015.0 0.115217352542
3020.0 0.115234037712
3025.0 0.115250738136
3030.0 0.115267416949
3035.0 0.115284026695
3040.0 0.115300615254
3045.0 0.115317219492
3050.0 0.11533371822
3055.0 0.115350232627
3060.0 0.115366641525
3065.0 0.115383066525
3070.0 0.11539942839
3075.0 0.115415763983
3080.0 0.115431994915
3085.0 0.115448241525
3090.0 0.115464383475
3095.0 0.115480499576
3100.0 0.115496552966
3105.0 0.115512580508
3110.0 0.115528503814
3115.0 0.115544400847
3120.0 0.115560236441
3125.0 0.11557600339
3130.0 0.115591666949
3135.0 0.115607304237
3140.0 0.115622880085
3145.0 0.115638387712
3150.0 0.115653792373
3155.0 0.115669170763
3160.0 0.115684403814
3165.0 0.115699653814
3170.0 0.115714758051
3175.0 0.115729794492
3180.0 0.115744770339
3185.0 0.11575967839
3190.0 0.115774483898
3195.0 0.115789221186
3200.0 0.115803856356
3205.0 0.115818423729
3210.0 0.115832888983
3215.0 0.115847286441
3220.0 0.11586158178
3225.0 0.115875809746
3230.0 0.11588989322
3235.0 0.115903951695
3240.0 0.115917865678
3245.0 0.115931712712
3250.0 0.115945457627
3255.0 0.115959135593
3260.0 0.115972669492
3265.0 0.115986178814
3270.0 0.115999502119
3275.0 0.116012800424
3280.0 0.116025955085
3285.0 0.116039042797
3290.0 0.116051986864
3295.0 0.116064864407
3300.0 0.116077640678
3305.0 0.116090307627
3310.0 0.116102874153
3315.0 0.116115330932
3320.0 0.116127644915
3325.0 0.116139934746
3330.0 0.116152038983
3335.0 0.116164119068
3340.0 0.116175124576
3345.0 0.116187798305
3350.0 0.116199611441
3355.0 0.116210214407
3360.0 0.116223005085
3365.0 0.116234964831
3370.0 0.116245384746
3375.0 0.1162554
3380.0 0.116267857627
3385.0 0.116279738983
3390.0 0.116288980085
3395.0 0.116299339831
3400.0 0.11631087161
3405.0 0.116321319492
3410.0 0.116331073729
3415.0 0.11634317839
3420.0 0.116353871186
3425.0 0.116362547034
3430.0 0.116371038559
3435.0 0.116384209746
3440.0 0.116391688983
3445.0 0.116401558475
3450.0 0.116410610169
3455.0 0.116419043644
3460.0 0.116428693644
3465.0 0.116438739831
3470.0 0.116447715678
3475.0 0.116456411441
3480.0 0.116465984322
3485.0 0.116474176695
3490.0 0.116482398729
3495.0 0.116491272458
3500.0 0.116500431356
3505.0 0.116507658898
3510.0 0.116515380932
3515.0 0.116524518644
3520.0 0.116533051271
3525.0 0.116539017373
3530.0 0.116547045339
3535.0 0.116556066102
3540.0 0.116563338136
3545.0 0.116568890254
3550.0 0.116577351695
3555.0 0.116585705085
3560.0 0.116590911441
3565.0 0.116597659746
3570.0 0.116606258898
3575.0 0.116612547458
3580.0 0.116617424576
3585.0 0.116625411864
3590.0 0.116632666949
3595.0 0.11663667839
3600.0 0.116643641525
3605.0 0.116651512712
3610.0 0.116655390254
3615.0 0.116660979661
3620.0 0.116668842797
3625.0 0.116673422034
3630.0 0.116677733475
3635.0 0.116685112712
3640.0 0.116690234746
3645.0 0.116693427119
3650.0 0.116700460169
3655.0 0.116706199153
3660.0 0.116708452542
3665.0 0.116714832203
3670.0 0.116720902966
3675.0 0.116722714407
3680.0 0.116728240254
3685.0 0.116734292373
3690.0 0.116736350847
3695.0 0.116740884746
3700.0 0.11674671822
3705.0 0.116749139407
3710.0 0.116752819492
3715.0 0.116758169068
3720.0 0.116761133898
3725.0 0.116763779661
3730.0 0.11676865678
3735.0 0.116772026695
3740.0 0.116774030085
3745.0 0.116778423729
3750.0 0.116781956356
3755.0 0.116783559746
3760.0 0.116787396186
3765.0 0.116790995339
3770.0 0.116792295339
3775.0 0.116795478814
3780.0 0.116798902119
3785.0 0.116800479661
3790.0 0.116802808898
3795.0 0.116806002966
3800.0 0.116807785593
3805.0 0.116809503814
3810.0 0.116812394068
3815.0 0.116813989407
3820.0 0.116815403814
3825.0 0.116817937712
3830.0 0.116819525847
3835.0 0.116820583051
3840.0 0.116822728814
3845.0 0.116824383475
3850.0 0.116825094492
3855.0 0.11682675678
3860.0 0.116828277119
3865.0 0.116828926695
3870.0 0.116830116102
3875.0 0.116831449576
3880.0 0.116832133898
3885.0 0.116832881356
3890.0 0.116833911017
3895.0 0.116834492373
3900.0 0.11683489322
3905.0 0.116835820763
3910.0 0.116836139407
3915.0 0.116836310593
3920.0 0.116837018644
3925.0 0.116837064831
3930.0 0.116837185593
3935.0 0.116837536017
3940.0 0.116837490678
3945.0 0.116837338136
3950.0 0.116837469492
3955.0 0.116837235169
3960.0 0.116836948729
3965.0 0.116836806356
3970.0 0.11683635339
3975.0 0.116835962288
3980.0 0.116835558475
3985.0 0.116834958898
3990.0 0.116834390254
3995.0 0.116833798305
4000.0 0.116832978814
4005.0 0.116832264407
4010.0 0.116831494068
4015.0 0.116830444068
4020.0 0.11682967839
4025.0 0.116828634746
4030.0 0.116827534322
4035.0 0.116826452542
4040.0 0.116825358051
4045.0 0.116823941949
4050.0 0.116822850847
4055.0 0.116821610593
4060.0 0.116820016102
4065.0 0.116818650424
4070.0 0.116817443644
4075.0 0.11681561822
4080.0 0.116814116949
4085.0 0.116812635593
4090.0 0.116810885169
4095.0 0.116809195339
4100.0 0.116807534746
4105.0 0.116805595763
4110.0 0.116803853814
4115.0 0.116802088559
4120.0 0.116799970339
4125.0 0.116798038559
4130.0 0.116796348729
4135.0 0.116793999153
4140.0 0.116791760169
4145.0 0.116790134746
4150.0 0.116787690254
4155.0 0.116785389407
4160.0 0.116783499153
4165.0 0.116781033898
4170.0 0.116778766102
4175.0 0.116776431356
4180.0 0.116774082627
4185.0 0.116771751695
4190.0 0.116769364831
4195.0 0.116766655932
4200.0 0.116764398729
4205.0 0.116762033475
4210.0 0.116759145339
4215.0 0.116756697034
4220.0 0.116754363559
4225.0 0.116751369068
4230.0 0.116748825847
4235.0 0.116746216102
4240.0 0.116743464831
4245.0 0.11674073178
4250.0 0.116737898305
4255.0 0.116735379661
4260.0 0.116732423729
4265.0 0.116729356356
4270.0 0.11672699661
4275.0 0.116723805932
4280.0 0.116721067373
4285.0 0.116718091949
4290.0 0.11671522839
4295.0 0.116712341525
4300.0 0.116709183898
4305.0 0.116706511017
4310.0 0.116703357203
4315.0 0.116700347458
4320.0 0.116697450847
4325.0 0.11669423178
4330.0 0.116691337712
4335.0 0.116688078814
4340.0 0.116685313983
4345.0 0.116682016525
4350.0 0.116678829237
4355.0 0.116676042797
4360.0 0.11667264661
4365.0 0.116669607627
4370.0 0.11666655339
4375.0 0.116663304661
4380.0 0.116660210169
4385.0 0.11665687839
4390.0 0.116653997881
4395.0 0.116650626695
4400.0 0.116647451271
4405.0 0.116644378814
4410.0 0.11664107839
4415.0 0.116637922881
4420.0 0.116634624153
4425.0 0.116631555508
4430.0 0.116628301271
4435.0 0.116625064407
4440.0 0.116621939407
4445.0 0.116618577119
4450.0 0.116615411441
4455.0 0.116612177966
4460.0 0.116609013983
4465.0 0.116605655085
4470.0 0.116602577119
4475.0 0.116599262288
4480.0 0.116596100847
4485.0 0.116592957203
4490.0 0.116589670339
4495.0 0.116586358051
4500.0 0.116583326695
4505.0 0.116579973729
4510.0 0.116576816525
4515.0 0.116573634322
4520.0 0.116570393644
4525.0 0.116567212288
4530.0 0.116564057627
4535.0 0.116560835169
4540.0 0.116557766102
4545.0 0.116554460169
4550.0 0.116551434322
4555.0 0.11654825678
4560.0 0.116545019915
4565.0 0.116542012712
4570.0 0.116538862288
4575.0 0.116535643644
4580.0 0.116532663136
4585.0 0.11652940339
4590.0 0.116526338983
4595.0 0.116523376271
4600.0 0.116520185593
4605.0 0.116517138983
4610.0 0.116514202966
4615.0 0.116511030085
4620.0 0.116508052119
4625.0 0.11650500678
4630.0 0.116501987288
4635.0 0.116499111864
4640.0 0.116496008051
4645.0 0.116493006356
4650.0 0.116490114407
4655.0 0.116487113136
4660.0 0.116484391102
4665.0 0.116481220763
4670.0 0.116478372034
4675.0 0.116475625424
4680.0 0.11647265
4685.0 0.116469776271
4690.0 0.116466970763
4695.0 0.116464097034
4700.0 0.116461418644
4705.0 0.116458376271
4710.0 0.116455824576
4715.0 0.116453036441
4720.0 0.116450019068
4725.0 0.116447738983
4730.0 0.116444637288
4735.0 0.116442060169
4740.0 0.116439509322
4745.0 0.116436593644
4750.0 0.116434169068
4755.0 0.116431550424
4760.0 0.116428786864
4765.0 0.116426294492
4770.0 0.11642374322
4775.0 0.11642099661
4780.0 0.116418741102
4785.0 0.116416077966
4790.0 0.116413608898
4795.0 0.116411242373
4800.0 0.11640864661
4805.0 0.116406279237
4810.0 0.116403937712
4815.0 0.116401358475
4820.0 0.116399270763
4825.0 0.116396648729
4830.0 0.116394517797
4835.0 0.116392192373
4840.0 0.116389722034
4845.0 0.116387734746
4850.0 0.116385222034
4855.0 0.116383191525
4860.0 0.116380932627
4865.0 0.116378605085
4870.0 0.116376726695
4875.0 0.11637427161
4880.0 0.116372434746
4885.0 0.116370149153
4890.0 0.116368099576
4895.0 0.116366152119
4900.0 0.116363932627
4905.0 0.116362111441
4910.0 0.116359976271
4915.0 0.116358069492
4920.0 0.116356145339
4925.0 0.11635406822
4930.0 0.116352355085
4935.0 0.116350277966
4940.0 0.116348563983
4945.0 0.116346612712
4950.0 0.116344813559
4955.0 0.116343030932
4960.0 0.116341188559
4965.0 0.116339532203
4970.0 0.116337731356
4975.0 0.11633603178
4980.0 0.116334314831
4985.0 0.11633265678
4990.0 0.116331023729
4995.0 0.116329322458
5000.0 0.116327815678
