5.0 -80.7437154958
10.0 -49.3755901907
15.0 -17.5767712712
20.0 -2.99164862712
25.0 0.824984419492
30.0 1.03689048305
35.0 0.620415207627
40.0 0.372859567797
45.0 0.284973135593
50.0 0.269359190678
55.0 0.27132945339
60.0 0.271462275424
65.0 0.269908567797
70.0 0.269554029661
75.0 0.269562665254
80.0 0.269376432203
85.0 0.269579758475
90.0 0.269952504237
95.0 0.27042695339
100.0 0.271033050847
105.0 0.271740652542
110.0 0.272498368644
115.0 0.273475949153
120.0 0.274408483051
125.0 0.275291580508
130.0 0.276230504237
135.0 0.277114949153
140.0 0.278021216102
145.0 0.278872588983
150.0 0.279754173729
155.0 0.280596563559
160.0 0.281364432203
165.0 0.282143588983
170.0 0.282787809322
175.0 0.283313885593
180.0 0.283920724576
185.0 0.284400809322
190.0 0.284847165254
195.0 0.28525834322
200.0 0.28565159322
205.0 0.286034127119
210.0 0.286368385593
215.0 0.286709686441
220.0 0.287044487288
225.0 0.287298152542
230.0 0.287538199153
235.0 0.287917186441
240.0 0.288072042373
245.0 0.288302144068
250.0 0.288607847458
255.0 0.288898283898
260.0 0.289216559322
265.0 0.289505889831
270.0 0.289768067797
275.0 0.29003415678
280.0 0.290262173729
285.0 0.290542542373
290.0 0.29079509322
295.0 0.290998923729
300.0 0.291164944915
305.0 0.291500741525
310.0 0.291677826271
315.0 0.291813042373
320.0 0.291872190678
325.0 0.291979216102
330.0 0.292206741525
335.0 0.292189716102
340.0 0.292171288136
345.0 0.292176199153
350.0 0.292191233051
355.0 0.292184152542
360.0 0.29218315678
365.0 0.292185385593
370.0 0.292196067797
375.0 0.292208186441
380.0 0.292250440678
385.0 0.29229734322
390.0 0.292363694915
395.0 0.292440241525
400.0 0.292539177966
405.0 0.292658533898
410.0 0.292827932203
415.0 0.293057745763
420.0 0.292981483051
425.0 0.292934610169
430.0 0.293235644068
435.0 0.293415063559
440.0 0.29356975
445.0 0.293612470339
450.0 0.293438588983
455.0 0.293262533898
460.0 0.293558351695
465.0 0.293413601695
470.0 0.293206572034
475.0 0.293009610169
480.0 0.292774050847
485.0 0.292473478814
490.0 0.292069889831
495.0 0.291716661017
500.0 0.291188427966
505.0 0.290467631356
510.0 0.28964990678
515.0 0.288846690678
520.0 0.287961627119
525.0 0.287002830508
530.0 0.285929279661
535.0 0.284762228814
540.0 0.283531427966
545.0 0.282200474576
550.0 0.280802330508
555.0 0.27932245339
560.0 0.277780605932
565.0 0.276168105932
570.0 0.274491665254
575.0 0.272752911017
580.0 0.270974190678
585.0 0.269125224576
590.0 0.267239555085
595.0 0.265319165254
600.0 0.263353101695
605.0 0.261395851695
610.0 0.25934415678
615.0 0.257277262712
620.0 0.255215110169
625.0 0.253134402542
630.0 0.251055288136
635.0 0.248959961864
640.0 0.246867135593
645.0 0.244773627119
650.0 0.242691961864
655.0 0.240610724576
660.0 0.238545830508
665.0 0.236483614407
670.0 0.234438338983
675.0 0.232422673729
680.0 0.230482021186
685.0 0.22853225
690.0 0.226516894068
695.0 0.224582169492
700.0 0.222797622881
705.0 0.220989961864
710.0 0.219112911017
715.0 0.217324949153
720.0 0.215640457627
725.0 0.213960432203
730.0 0.212260597458
735.0 0.210650372881
740.0 0.209110258475
745.0 0.207541936441
750.0 0.206020521186
755.0 0.204526754237
760.0 0.203153216102
765.0 0.201770432203
770.0 0.200391995763
775.0 0.199022224576
780.0 0.197764987288
785.0 0.196505139831
790.0 0.195305868644
795.0 0.194127220339
800.0 0.19296570339
805.0 0.191850614407
810.0 0.190740872881
815.0 0.189658177966
820.0 0.188605648305
825.0 0.187573377119
830.0 0.186562838983
835.0 0.185613004237
840.0 0.184684919492
845.0 0.183685110169
850.0 0.182782872881
855.0 0.181915254237
860.0 0.18101579661
865.0 0.180113966102
870.0 0.17926270339
875.0 0.178406724576
880.0 0.177584983051
885.0 0.176787783898
890.0 0.176004016949
895.0 0.175230745763
900.0 0.174466368644
905.0 0.173713584746
910.0 0.172971423729
915.0 0.172241292373
920.0 0.171521059322
925.0 0.170811940678
930.0 0.170111110169
935.0 0.169421305085
940.0 0.168739444915
945.0 0.168067389831
950.0 0.167426648305
955.0 0.16673729661
960.0 0.166098364407
965.0 0.165455601695
970.0 0.164795063559
975.0 0.164178029661
980.0 0.163553936441
985.0 0.162939271186
990.0 0.162348317797
995.0 0.161712961864
1000.0 0.161119004237
1005.0 0.160520605932
1010.0 0.159923627119
1015.0 0.159334533898
1020.0 0.158748355932
1025.0 0.158169588983
1030.0 0.157593135593
1035.0 0.157024097458
1040.0 0.156457580508
1045.0 0.155899423729
1050.0 0.155344707627
1055.0 0.154799008475
1060.0 0.15425770339
1065.0 0.153727372881
1070.0 0.153201788136
1075.0 0.15268640678
1080.0 0.152177241525
1085.0 0.151679601695
1090.0 0.151188669492
1095.0 0.150709351695
1100.0 0.150236855932
1105.0 0.149776584746
1110.0 0.14932354661
1115.0 0.148882516949
1120.0 0.148448389831
1125.0 0.148025915254
1130.0 0.147610491525
1135.0 0.14720640678
1140.0 0.146804627119
1145.0 0.146424957627
1150.0 0.146043682203
1155.0 0.145674322034
1160.0 0.14530970339
1165.0 0.144959266949
1170.0 0.14461094661
1175.0 0.144275619915
1180.0 0.143944074153
1185.0 0.143624508051
1190.0 0.143306792797
1195.0 0.143000734322
1200.0 0.142698356356
1205.0 0.142406727542
1210.0 0.142116291949
1215.0 0.141836424153
1220.0 0.141560100847
1225.0 0.141293530085
1230.0 0.141026926695
1235.0 0.140770241949
1240.0 0.140515802966
1245.0 0.14027087839
1250.0 0.140025908051
1255.0 0.139789483898
1260.0 0.139554978814
1265.0 0.139329420339
1270.0 0.13910298178
1275.0 0.138885166949
1280.0 0.138667538136
1285.0 0.13845794322
1290.0 0.138246713983
1295.0 0.138043631356
1300.0 0.137840849153
1305.0 0.13764308178
1310.0 0.137448188559
1315.0 0.13725906822
1320.0 0.137070392373
1325.0 0.136886013983
1330.0 0.136714914831
1335.0 0.136524538559
1340.0 0.136342022458
1345.0 0.136169319492
1350.0 0.135999218644
1355.0 0.135830219915
1360.0 0.135662586864
1365.0 0.135498058051
1370.0 0.135335090254
1375.0 0.135174888136
1380.0 0.135016139407
1385.0 0.134860032203
1390.0 0.134705082203
1395.0 0.134553058475
1400.0 0.134401913559
1405.0 0.134253794915
1410.0 0.13410607839
1415.0 0.133961818644
1420.0 0.133817311017
1425.0 0.133676278814
1430.0 0.133535359746
1435.0 0.133397765254
1440.0 0.133259705932
1445.0 0.133125244492
1450.0 0.132990630508
1455.0 0.132859459322
1460.0 0.132728027119
1465.0 0.13259995678
1470.0 0.13247153178
1475.0 0.132346503814
1480.0 0.13222095339
1485.0 0.132098796186
1490.0 0.131976107627
1495.0 0.131856840254
1500.0 0.131736456356
1505.0 0.131619720339
1510.0 0.131502311864
1515.0 0.131388427542
1520.0 0.131273688559
1525.0 0.131165336017
1530.0 0.131051638559
1535.0 0.130942117797
1540.0 0.130833090254
1545.0 0.130726753814
1550.0 0.130619947034
1555.0 0.130515592797
1560.0 0.130411138983
1565.0 0.130309273729
1570.0 0.13020728178
1575.0 0.130107775424
1580.0 0.130008063559
1585.0 0.129910913983
1590.0 0.129813555085
1595.0 0.129718728814
1600.0 0.129623679661
1605.0 0.129531123729
1610.0 0.129438417373
1615.0 0.129346646186
1620.0 0.129257072458
1625.0 0.129169344915
1630.0 0.129080750424
1635.0 0.128998894915
1640.0 0.128911987712
1645.0 0.128825955508
1650.0 0.128741025847
1655.0 0.128662597881
1660.0 0.128579977542
1665.0 0.128501991102
1670.0 0.128421886864
1675.0 0.128346759746
1680.0 0.128269130085
1685.0 0.128195751271
1690.0 0.1281205
1695.0 0.128049936864
1700.0 0.127977308051
1705.0 0.127908620339
1710.0 0.127839761017
1715.0 0.127772827542
1720.0 0.127705021186
1725.0 0.127640777119
1730.0 0.127576651695
1735.0 0.127515433051
1740.0 0.127453757627
1745.0 0.127395059322
1750.0 0.127335699153
1755.0 0.127279307627
1760.0 0.127222480085
1765.0 0.127168694068
1770.0 0.127114475424
1775.0 0.127063333898
1780.0 0.127011682627
1785.0 0.126963264407
1790.0 0.126914221186
1795.0 0.126868404237
1800.0 0.126821969068
1805.0 0.126778663983
1810.0 0.126734667373
1815.0 0.126693873729
1820.0 0.126652742797
1825.0 0.126614841525
1830.0 0.126576229661
1835.0 0.126541136017
1840.0 0.126504961864
1845.0 0.126472209322
1850.0 0.126438811441
1855.0 0.126408733051
1860.0 0.126377942797
1865.0 0.126350327966
1870.0 0.126322150424
1875.0 0.126297294068
1880.0 0.126271469068
1885.0 0.126249116949
1890.0 0.126225990678
1895.0 0.12620618178
1900.0 0.126185415678
1905.0 0.126168063136
1910.0 0.126149863136
1915.0 0.126135135169
1920.0 0.126119168644
1925.0 0.126106639831
1930.0 0.126093074576
1935.0 0.126082950847
1940.0 0.126071874153
1945.0 0.126063947034
1950.0 0.126055016949
1955.0 0.126049325
1960.0 0.126042588136
1965.0 0.126039043644
1970.0 0.126034413559
1975.0 0.126032887288
1980.0 0.12603027839
1985.0 0.126030728814
1990.0 0.126030060169
1995.0 0.126032448305
2000.0 0.126033719492
2005.0 0.126037996186
2010.0 0.126041208898
2015.0 0.126047245763
2020.0 0.126052270763
2025.0 0.126060029661
2030.0 0.126066655932
2035.0 0.126076263559
2040.0 0.12608453178
2045.0 0.126095775424
2050.0 0.126105432627
2055.0 0.126118142797
2060.0 0.126129360169
2065.0 0.12614336822
2070.0 0.1261561
2075.0 0.12617132161
2080.0 0.126185226271
2085.0 0.126201835593
2090.0 0.126216784322
2095.0 0.126234613983
2100.0 0.126250859322
2105.0 0.126269698729
2110.0 0.126287196186
2115.0 0.126306962712
2120.0 0.1263252
2125.0 0.126345981356
2130.0 0.126364913559
2135.0 0.12638654322
2140.0 0.126406255085
2145.0 0.126428396186
2150.0 0.126449058051
2155.0 0.126471838559
2160.0 0.126492940678
2165.0 0.126516489831
2170.0 0.126537988136
2175.0 0.126562178814
2180.0 0.126584243644
2185.0 0.126608608475
2190.0 0.126631367797
2195.0 0.126656076271
2200.0 0.126678977966
2205.0 0.12670424322
2210.0 0.126727244068
2215.0 0.126752429237
2220.0 0.126775912712
2225.0 0.126801228814
2230.0 0.126824516102
2235.0 0.126850177542
2240.0 0.126873564831
2245.0 0.126898891102
2250.0 0.126922169492
2255.0 0.126947712288
2260.0 0.126970749576
2265.0 0.126995703814
2270.0 0.127018755932
2275.0 0.127043674576
2280.0 0.127066063136
2285.0 0.127090522881
2290.0 0.12711292839
2295.0 0.127137179661
2300.0 0.127158838136
2305.0 0.127182544492
2310.0 0.12720417839
2315.0 0.127227632627
2320.0 0.127248474576
2325.0 0.127271679661
2330.0 0.127291683051
2335.0 0.127314047881
2340.0 0.127332967797
2345.0 0.127354611017
2350.0 0.12737384322
2355.0 0.127395619915
2360.0 0.127413514407
2365.0 0.127433681356
2370.0 0.127451416525
2375.0 0.127470699576
2380.0 0.127488197458
2385.0 0.127506505508
2390.0 0.127522958898
2395.0 0.127540252119
2400.0 0.127555702966
2405.0 0.127571983051
2410.0 0.127586466102
2415.0 0.127602279237
2420.0 0.127615589831
2425.0 0.127630852119
2430.0 0.127642690254
2435.0 0.127656591102
2440.0 0.127668013136
2445.0 0.127680009322
2450.0 0.127690896186
2455.0 0.127702632203
2460.0 0.127711873729
2465.0 0.127722461441
2470.0 0.127731122034
2475.0 0.127740349576
2480.0 0.127747661864
2485.0 0.127755655932
2490.0 0.127762297881
2495.0 0.127769905932
2500.0 0.127774989831
2505.0 0.127781275847
2510.0 0.127785052119
2515.0 0.12779052839
2520.0 0.127793549576
2525.0 0.127797786017
2530.0 0.127799924153
2535.0 0.127802542797
2540.0 0.127803030085
2545.0 0.127804876271
2550.0 0.127804523305
2555.0 0.127805257203
2560.0 0.127803292797
2565.0 0.127802912712
2570.0 0.127800276695
2575.0 0.127798697881
2580.0 0.127794407203
2585.0 0.127791797458
2590.0 0.127786918644
2595.0 0.12778315
2600.0 0.127776700424
2605.0 0.127772025847
2610.0 0.12776502839
2615.0 0.12775915
2620.0 0.127750622458
2625.0 0.127743920763
2630.0 0.127734970339
2635.0 0.127727063983
2640.0 0.127716540678
2645.0 0.127707554661
2650.0 0.127696516949
2655.0 0.127685904661
2660.0 0.127674527119
2665.0 0.127664102542
2670.0 0.12765250678
2675.0 0.127640030085
2680.0 0.127626486864
2685.0 0.12761343178
2690.0 0.127598694492
2695.0 0.127584344492
2700.0 0.127569686864
2705.0 0.127555183475
2710.0 0.127539418644
2715.0 0.127523529237
2720.0 0.127506656356
2725.0 0.127491675424
2730.0 0.127473946186
2735.0 0.127457620763
2740.0 0.127438869068
2745.0 0.127421326695
2750.0 0.127401292373
2755.0 0.127382913983
2760.0 0.127362783898
2765.0 0.12734259661
2770.0 0.12732275678
2775.0 0.127303466102
2780.0 0.127283697881
2785.0 0.127262385593
2790.0 0.127240319492
2795.0 0.127218677966
2800.0 0.127195837712
2805.0 0.127173097881
2810.0 0.127150202966
2815.0 0.12712925678
2820.0 0.127105583898
2825.0 0.127082740678
2830.0 0.127058201695
2835.0 0.127033884746
2840.0 0.127010010169
2845.0 0.126987564407
2850.0 0.126959900424
2855.0 0.126938014831
2860.0 0.126912535593
2865.0 0.126889593644
2870.0 0.126862434746
2875.0 0.126835566949
2880.0 0.126809619492
2885.0 0.126785009322
2890.0 0.126755686864
2895.0 0.126735654237
2900.0 0.126704663983
2905.0 0.126681287288
2910.0 0.126652392797
2915.0 0.126628890678
2920.0 0.126597559322
2925.0 0.12657335
2930.0 0.126541015678
2935.0 0.126520025424
2940.0 0.126493176695
2945.0 0.126466691102
2950.0 0.126438665678
2955.0 0.126408162712
2960.0 0.126380661017
2965.0 0.126352623305
2970.0 0.126325472034
2975.0 0.12630015
2980.0 0.126273017797
2985.0 0.126245624153
2990.0 0.12621765678
2995.0 0.126190522034
3000.0 0.126162865678
3005.0 0.126135735593
3010.0 0.126108429237
3015.0 0.126079567373
3020.0 0.126053585593
3025.0 0.126026593644
3030.0 0.125999054237
3035.0 0.125972022881
3040.0 0.125944706356
3045.0 0.125917891525
3050.0 0.125890753814
3055.0 0.125864069915
3060.0 0.12583736822
3065.0 0.125809242373
3070.0 0.125783907627
3075.0 0.125757650847
3080.0 0.125731010593
3085.0 0.125704883475
3090.0 0.125678548729
3095.0 0.125652763983
3100.0 0.125626691525
3105.0 0.12560112161
3110.0 0.125576667373
3115.0 0.125550550847
3120.0 0.125525466949
3125.0 0.125499435593
3130.0 0.12547444322
3135.0 0.125449772881
3140.0 0.125424999153
3145.0 0.125400670763
3150.0 0.125376241949
3155.0 0.125352297881
3160.0 0.125328214407
3165.0 0.125303849576
3170.0 0.125280491949
3175.0 0.125257611864
3180.0 0.125234515254
3185.0 0.125211809322
3190.0 0.125188885593
3195.0 0.125166565254
3200.0 0.125144154661
3205.0 0.125122261441
3210.0 0.125100278814
3215.0 0.125078474576
3220.0 0.125057810169
3225.0 0.125035839831
3230.0 0.125014329237
3235.0 0.124995289407
3240.0 0.124974671186
3245.0 0.124953898729
3250.0 0.1249343
3255.0 0.124913914407
3260.0 0.124893723305
3265.0 0.124876057203
3270.0 0.124856883475
3275.0 0.124837571186
3280.0 0.124819329661
3285.0 0.124800405932
3290.0 0.124781697881
3295.0 0.12476536822
3300.0 0.124747633475
3305.0 0.124729827966
3310.0 0.124712982627
3315.0 0.124695524153
3320.0 0.124678254237
3325.0 0.124663305508
3330.0 0.124647009322
3335.0 0.124630669492
3340.0 0.124615220763
3345.0 0.124599185169
3350.0 0.124583397458
3355.0 0.124569827966
3360.0 0.124554887712
3365.0 0.124540011864
3370.0 0.124525877542
3375.0 0.124511262288
3380.0 0.124496874153
3385.0 0.124484555085
3390.0 0.124471015254
3395.0 0.124457473729
3400.0 0.124444613559
3405.0 0.124431332627
3410.0 0.124418261441
3415.0 0.124407149153
3420.0 0.124394884322
3425.0 0.124382634322
3430.0 0.124370964407
3435.0 0.124358932627
3440.0 0.124347094492
3445.0 0.124337104237
3450.0 0.124326030508
3455.0 0.124314986864
3460.0 0.124304424153
3465.0 0.124293556356
3470.0 0.124282910593
3475.0 0.124274
3480.0 0.124264033898
3485.0 0.124254113136
3490.0 0.124244615678
3495.0 0.124234828814
3500.0 0.124225163559
3505.0 0.124217291525
3510.0 0.124208349153
3515.0 0.124199424576
3520.0 0.124190866525
3525.0 0.124182033475
3530.0 0.12417335
3535.0 0.124166304661
3540.0 0.124158302119
3545.0 0.124150289407
3550.0 0.124142501695
3555.0 0.124134495763
3560.0 0.124126625424
3565.0 0.124120365254
3570.0 0.124113133475
3575.0 0.124105863136
3580.0 0.124098804237
3585.0 0.124091881356
3590.0 0.124085122458
3595.0 0.124079093644
3600.0 0.124070808898
3605.0 0.124065429661
3610.0 0.12405926822
3615.0 0.12405312839
3620.0 0.124046292373
3625.0 0.124040120339
3630.0 0.124034730508
3635.0 0.124029283475
3640.0 0.124022030085
3645.0 0.124016891525
3650.0 0.124011549576
3655.0 0.124006245339
3660.0 0.123999804237
3665.0 0.123994511441
3670.0 0.123990194068
3675.0 0.123983719915
3680.0 0.123979615678
3685.0 0.123973661864
3690.0 0.123967992373
3695.0 0.123963313983
3700.0 0.123958201695
3705.0 0.123953235169
3710.0 0.123948127119
3715.0 0.123943463983
3720.0 0.123938275847
3725.0 0.123933536017
3730.0 0.123926487712
3735.0 0.123925140254
3740.0 0.123918778814
3745.0 0.12391435
3750.0 0.12390735339
3755.0 0.12390631822
3760.0 0.123899922458
3765.0 0.123895636017
3770.0 0.123891489831
3775.0 0.12388695339
3780.0 0.123882808051
3785.0 0.123878327966
3790.0 0.123872579661
3795.0 0.123866195763
3800.0 0.123861376271
3805.0 0.123860045339
3810.0 0.123854263136
3815.0 0.123850140254
3820.0 0.123844616525
3825.0 0.123839825424
3830.0 0.123836210169
3835.0 0.123829606356
3840.0 0.123827134746
3845.0 0.123822108475
3850.0 0.123818291102
3855.0 0.123812588983
3860.0 0.123807675847
3865.0 0.123803462288
3870.0 0.123798937288
3875.0 0.123793672881
3880.0 0.123788766949
3885.0 0.12378469661
3890.0 0.123779927119
3895.0 0.123774208898
3900.0 0.123769652542
3905.0 0.123765554661
3910.0 0.12376024322
3915.0 0.123754706356
3920.0 0.123750585593
3925.0 0.123745696186
3930.0 0.123740264831
3935.0 0.123734911864
3940.0 0.12373084322
3945.0 0.123725288983
3950.0 0.123719569492
3955.0 0.123715077542
3960.0 0.123710427119
3965.0 0.123704205508
3970.0 0.123698748729
3975.0 0.123694653814
3980.0 0.123689163559
3985.0 0.123682826271
3990.0 0.123678014831
3995.0 0.123673433898
4000.0 0.123667233051
4005.0 0.123661325
4010.0 0.123656864831
4015.0 0.123651223729
4020.0 0.123644730932
4025.0 0.123639813983
4030.0 0.123634897034
4035.0 0.123628294492
4040.0 0.123622019068
4045.0 0.123617797034
4050.0 0.123611996186
4055.0 0.123605066949
4060.0 0.123599645763
4065.0 0.123594889407
4070.0 0.123588327966
4075.0 0.12358192161
4080.0 0.123577100424
4085.0 0.123571129237
4090.0 0.123564273305
4095.0 0.123558814831
4100.0 0.123553617373
4105.0 0.123546684322
4110.0 0.12354012839
4115.0 0.123535363559
4120.0 0.123529194915
4125.0 0.123522188559
4130.0 0.123516146186
4135.0 0.123511055508
4140.0 0.123504423729
4145.0 0.12349776822
4150.0 0.123492113136
4155.0 0.123486229237
4160.0 0.123479345763
4165.0 0.123473338136
4170.0 0.123467602966
4175.0 0.123461008898
4180.0 0.123454213983
4185.0 0.123448641525
4190.0 0.12344257161
4195.0 0.123435775
4200.0 0.123429238983
4205.0 0.123423719492
4210.0 0.123417186864
4215.0 0.123410484322
4220.0 0.123404334322
4225.0 0.123398485169
4230.0 0.123391701695
4235.0 0.12338543178
4240.0 0.123379329237
4245.0 0.123373148729
4250.0 0.123366411864
4255.0 0.123360319915
4260.0 0.123354008898
4265.0 0.123347836441
4270.0 0.123341230508
4275.0 0.123335273305
4280.0 0.123328924153
4285.0 0.12332263178
4290.0 0.123316241102
4295.0 0.123310291525
4300.0 0.12330390339
4305.0 0.123297744492
4310.0 0.123291442797
4315.0 0.123285584322
4320.0 0.123279157203
4325.0 0.123273047034
4330.0 0.123266791102
4335.0 0.123261023305
4340.0 0.123254641949
4345.0 0.12324870678
4350.0 0.123242624153
4355.0 0.123236734322
4360.0 0.123230483475
4365.0 0.123224765678
4370.0 0.123218686017
4375.0 0.123212886017
4380.0 0.12320685
4385.0 0.123201179661
4390.0 0.123195187712
4395.0 0.123189561441
4400.0 0.123183656356
4405.0 0.123177989407
4410.0 0.123172212712
4415.0 0.123166717373
4420.0 0.1231609
4425.0 0.123155448729
4430.0 0.123149760169
4435.0 0.123144352966
4440.0 0.123138708475
4445.0 0.12313347161
4450.0 0.123127913983
4455.0 0.123122636017
4460.0 0.123117164831
4465.0 0.123112057203
4470.0 0.123106588136
4475.0 0.123101565678
4480.0 0.12309626822
4485.0 0.123091288983
4490.0 0.123085993644
4495.0 0.123081183898
4500.0 0.12307601822
4505.0 0.123071166102
4510.0 0.123066130085
4515.0 0.123061404661
4520.0 0.123056456356
4525.0 0.123051772034
4530.0 0.123046912288
4535.0 0.12304235339
4540.0 0.123037582627
4545.0 0.123033148729
4550.0 0.123028425424
4555.0 0.123024029661
4560.0 0.123019439831
4565.0 0.123015166949
4570.0 0.123010668644
4575.0 0.123006389831
4580.0 0.123002069915
4585.0 0.12299786822
4590.0 0.122993600424
4595.0 0.122989517373
4600.0 0.122985387288
4605.0 0.122981380085
4610.0 0.12297730339
4615.0 0.12297337161
4620.0 0.122969432627
4625.0 0.122965576271
4630.0 0.122961733475
4635.0 0.122957952542
4640.0 0.122954205085
4645.0 0.1229505
4650.0 0.122946890254
4655.0 0.12294321822
4660.0 0.122939704237
4665.0 0.12293615
4670.0 0.122932731356
4675.0 0.122929252542
4680.0 0.122925929237
4685.0 0.122922484322
4690.0 0.122919256356
4695.0 0.122915928814
4700.0 0.12291279661
4705.0 0.122909502119
4710.0 0.122906507627
4715.0 0.122903288983
4720.0 0.122900347458
4725.0 0.122897204237
4730.0 0.122894358051
4735.0 0.122891290678
4740.0 0.122888539831
4745.0 0.122885547881
4750.0 0.12288285
4755.0 0.122879933475
4760.0 0.122877330932
4765.0 0.122874490254
4770.0 0.122871983475
4775.0 0.122869133051
4780.0 0.122866763983
4785.0 0.122863989407
4790.0 0.122861673729
4795.0 0.122858974576
4800.0 0.122856711864
4805.0 0.122854087712
4810.0 0.12285187839
4815.0 0.122849330085
4820.0 0.122847173729
4825.0 0.122844700847
4830.0 0.122842640254
4835.0 0.122840200424
4840.0 0.12283819322
4845.0 0.12283582839
4850.0 0.122833877542
4855.0 0.122831585169
4860.0 0.122829689831
4865.0 0.122827473305
4870.0 0.122825673305
4875.0 0.122823447458
4880.0 0.122821700847
4885.0 0.122819507627
4890.0 0.12281785678
4895.0 0.12281569661
4900.0 0.122814141949
4905.0 0.122811972034
4910.0 0.122810470763
4915.0 0.122808333898
4920.0 0.122806886017
4925.0 0.12280478178
4930.0 0.122803387712
4935.0 0.122801316525
4940.0 0.122799933475
4945.0 0.122797895763
4950.0 0.122796608051
4955.0 0.122794561864
4960.0 0.122793447034
4965.0 0.122791262712
4970.0 0.122790124576
4975.0 0.122788141102
4980.0 0.122786966102
4985.0 0.122785023729
4990.0 0.122783894915
4995.0 0.122781994492
5000.0 0.122780868644
5005.0 0.122778968644
5010.0 0.122777886864
5015.0 0.122776072458
5020.0 0.122774949153
5025.0 0.122773136441
5030.0 0.122772098729
5035.0 0.122770287288
5040.0 0.122769292797
5045.0 0.122767525
5050.0 0.122766530932
5055.0 0.122764765254
5060.0 0.12276377161
5065.0 0.12276205
5070.0 0.122761098729
5075.0 0.122759378814
5080.0 0.122758427542
5085.0 0.122756752119
5090.0 0.122755800847
5095.0 0.122754127542
5100.0 0.122753218644
5105.0 0.122751547034
5110.0 0.122750637712
5115.0 0.122748968644
5120.0 0.122748101271
5125.0 0.122746477119
5130.0 0.122745566949
5135.0 0.122743945339
5140.0 0.122743076271
5145.0 0.122741415678
5150.0 0.122740545339
5155.0 0.122738930085
5160.0 0.122738100424
5165.0 0.12273644661
5170.0 0.122735614831
5175.0 0.122734008051
5180.0 0.122733131356
5185.0 0.122731528814
5190.0 0.122730691102
5195.0 0.122729094915
5200.0 0.122728210169
5205.0 0.122726620339
5210.0 0.122725773305
5215.0 0.122724191102
5220.0 0.122723337712
5225.0 0.122721763983
5230.0 0.122720861017
5235.0 0.12271929661
5240.0 0.12271842839
5245.0 0.122716873729
5250.0 0.122715955508
5255.0 0.122714410169
5260.0 0.122713526271
5265.0 0.122711991102
5270.0 0.12271105678
5275.0 0.122709531356
5280.0 0.122708588983
5285.0 0.122707073305
5290.0 0.122706123305
5295.0 0.122704616949
5300.0 0.122703616949
5305.0 0.122702162712
5310.0 0.122701154661
5315.0 0.122699667797
5320.0 0.122698694492
5325.0 0.122697216949
5330.0 0.12269619322
5335.0 0.122694725424
5340.0 0.122693736441
5345.0 0.122692277966
5350.0 0.122691238559
5355.0 0.122689747458
5360.0 0.122688742797
5365.0 0.12268730339
5370.0 0.122686248305
5375.0 0.122684818644
5380.0 0.122683755508
5385.0 0.122682335169
5390.0 0.122681264407
5395.0 0.122679853814
5400.0 0.122678775
5405.0 0.122677373729
5410.0 0.122676329237
5415.0 0.122674555932
5420.0 0.122674480508
5425.0 0.122672374576
5430.0 0.122671019915
5435.0 0.122669815678
5440.0 0.122668660593
5445.0 0.122667726695
5450.0 0.122667155085
5455.0 0.122664234322
5460.0 0.122664883475
5465.0 0.122661802966
5470.0 0.122661983051
5475.0 0.122660523729
5480.0 0.122658235169
5485.0 0.122658347034
5490.0 0.122656555508
5495.0 0.122654525
5500.0 0.122654633898
5505.0 0.122652608051
5510.0 0.122651866525
5515.0 0.122649974153
5520.0 0.122649008898
5525.0 0.122648191949
5530.0 0.122647512288
5535.0 0.122645430085
5540.0 0.122644529661
5545.0 0.122643136864
5550.0 0.122642532627
5555.0 0.12264080339
5560.0 0.122640146186
5565.0 0.122638391525
5570.0 0.122638483475
5575.0 0.122635292373
5580.0 0.122636184746
5585.0 0.122632962712
5590.0 0.122632998305
5595.0 0.122630930508
5600.0 0.122630534746
5605.0 0.122628516102
5610.0 0.122628238136
5615.0 0.122626611441
5620.0 0.122626199576
5625.0 0.122623610593
5630.0 0.122623483475
5635.0 0.122622767797
5640.0 0.122621740678
5645.0 0.122620017373
5650.0 0.122618938136
5655.0 0.122617608898
5660.0 0.122616440678
5665.0 0.122615922881
5670.0 0.122615461864
5675.0 0.122613215254
5680.0 0.122612622881
5685.0 0.122610511441
5690.0 0.122610423305
5695.0 0.122609418644
5700.0 0.122608856356
5705.0 0.122607177966
5710.0 0.122605722458
5715.0 0.12260485678
5720.0 0.122603230085
5725.0 0.122603084746
5730.0 0.122602938559
5735.0 0.122600504237
5740.0 0.122600403814
5745.0 0.122597630932
5750.0 0.122598422034
5755.0 0.122597302119
5760.0 0.12259627839
5765.0 0.122595099576
5770.0 0.122593532627
5775.0 0.122593161017
5780.0 0.122591426271
5785.0 0.122591349153
5790.0 0.122591312712
5795.0 0.122589072034
5800.0 0.122589079237
5805.0 0.122586372458
5810.0 0.122587183051
5815.0 0.122586215678
5820.0 0.1225855
5825.0 0.122584408051
5830.0 0.122582758898
5835.0 0.122582427542
5840.0 0.122580865678
5845.0 0.122580744492
5850.0 0.122580880508
5855.0 0.122578682203
5860.0 0.122578732627
5865.0 0.122576492373
5870.0 0.122577092373
5875.0 0.122576169068
5880.0 0.122575412288
5885.0 0.122574234746
5890.0 0.122573266102
5895.0 0.122572637712
5900.0 0.122571501695
5905.0 0.122571169068
5910.0 0.12257041822
5915.0 0.122569869068
5920.0 0.122569540254
5925.0 0.122568149576
5930.0 0.122567396186
5935.0 0.122566723729
5940.0 0.122565928814
5945.0 0.122565087288
5950.0 0.12256565
5955.0 0.122563663136
5960.0 0.122563675
5965.0 0.122561326271
5970.0 0.122562730508
5975.0 0.122561327119
5980.0 0.122560444492
5985.0 0.122559540678
5990.0 0.122560211441
5995.0 0.122558691949
6000.0 0.122558621186
6005.0 0.122557301271
6010.0 0.122557155508
6015.0 0.122555786441
6020.0 0.122556287288
6025.0 0.122554826271
6030.0 0.122554993644
6035.0 0.122553780508
6040.0 0.122553829661
6045.0 0.122552651271
6050.0 0.122553126271
6055.0 0.122551352119
6060.0 0.122552170763
6065.0 0.122550182627
6070.0 0.122550582203
6075.0 0.122549436017
6080.0 0.122549796186
6085.0 0.122548142797
6090.0 0.122548927542
6095.0 0.122547569492
6100.0 0.122547636017
6105.0 0.122546402542
6110.0 0.122547192797
6115.0 0.122545741949
6120.0 0.122546069492
6125.0 0.122544913983
6130.0 0.122545494915
6135.0 0.122543960169
6140.0 0.122544328814
6145.0 0.122542917797
6150.0 0.12254396822
6155.0 0.122542216525
6160.0 0.122542548305
6165.0 0.122541346186
6170.0 0.12254201822
6175.0 0.122540435593
6180.0 0.122541190254
6185.0 0.122539947881
6190.0 0.12254061822
6195.0 0.122538994915
6200.0 0.122539583475
6205.0 0.122538380085
6210.0 0.122539224153
6215.0 0.122537976695
6220.0 0.122538314831
6225.0 0.122536938559
6230.0 0.122537659746
6235.0 0.122536620763
6240.0 0.122537339407
6245.0 0.122535965254
6250.0 0.122536344915
6255.0 0.122534925424
6260.0 0.122535813136
6265.0 0.122534819068
6270.0 0.122534988983
6275.0 0.122533782203
6280.0 0.122534466525
6285.0 0.122533255508
6290.0 0.122533979661
6295.0 0.122532979237
6300.0 0.12253383178
6305.0 0.122531901271
6310.0 0.122532627966
6315.0 0.122531500424
6320.0 0.122532436441
6325.0 0.122531308898
6330.0 0.122531953814
6335.0 0.122529983475
6340.0 0.122530667797
6345.0 0.122529839407
6350.0 0.122530984746
6355.0 0.122529900424
6360.0 0.122530373305
6365.0 0.122529040678
6370.0 0.122528914831
6375.0 0.122527961017
6380.0 0.122529283475
6385.0 0.122528457627
6390.0 0.12252930678
6395.0 0.122527586441
6400.0 0.122528015678
6405.0 0.122526382627
6410.0 0.122527667373
6415.0 0.122526838559
6420.0 0.122527566102
6425.0 0.122526394068
6430.0 0.122526402542
6435.0 0.122525536017
6440.0 0.122526732203
6445.0 0.122525477966
6450.0 0.122526158475
6455.0 0.122524863559
6460.0 0.122525724576
6465.0 0.122524387712
6470.0 0.122524992373
6475.0 0.122523948729
6480.0 0.12252489322
6485.0 0.122523935593
6490.0 0.122524875847
6495.0 0.122523452119
6500.0 0.122523929661
6505.0 0.122522595763
6510.0 0.122523495763
6515.0 0.122522626271
6520.0 0.122523567373
6525.0 0.122522819068
6530.0 0.122523552966
6535.0 0.122522093644
6540.0 0.122521975
6545.0 0.122520845339
6550.0 0.122522339407
6555.0 0.122521727966
6560.0 0.122522502966
6565.0 0.122521118644
6570.0 0.122521512712
6575.0 0.12252043178
6580.0 0.122521373729
6585.0 0.122520290678
6590.0 0.122521111017
6595.0 0.122519899153
6600.0 0.122520829237
6605.0 0.122519881356
6610.0 0.122520410593
6615.0 0.122519229237
6620.0 0.122519934322
6625.0 0.122519147881
6630.0 0.122520064831
6635.0 0.122518600847
6640.0 0.122519077966
6645.0 0.122518053814
6650.0 0.122519089407
6655.0 0.122518111017
6660.0 0.122519250424
6665.0 0.122517980932
6670.0 0.122518867797
6675.0 0.122517340254
6680.0 0.122517925424
6685.0 0.122516822034
6690.0 0.122517707203
6695.0 0.122516690254
6700.0 0.122517787288
6705.0 0.122516766949
6710.0 0.122517479237
6715.0 0.122516333051
6720.0 0.122516838136
6725.0 0.122515483475
6730.0 0.122516454237
6735.0 0.122515433898
6740.0 0.122516526695
6745.0 0.122515507203
6750.0 0.12251618178
6755.0 0.122514701695
6760.0 0.122515502966
6765.0 0.122514269915
6770.0 0.122515235593
6775.0 0.122514215678
6780.0 0.122515145763
6785.0 0.122513835169
6790.0 0.122514680085
6795.0 0.122513319915
6800.0 0.122514200424
6805.0 0.122513137712
6810.0 0.122513910593
6815.0 0.122512583051
6820.0 0.122513472458
6825.0 0.122512406356
6830.0 0.122513294915
6835.0 0.122512069915
6840.0 0.122512913559
6845.0 0.12251159661
6850.0 0.122512350424
6855.0 0.122511246186
6860.0 0.122512134322
6865.0 0.122510952542
6870.0 0.122511882627
6875.0 0.122510565678
6880.0 0.122511276271
6885.0 0.122510172034
6890.0 0.122511018644
6895.0 0.122509794492
6900.0 0.122510682627
6905.0 0.122509365254
6910.0 0.122510245763
6915.0 0.122509227119
6920.0 0.122510116525
6925.0 0.122508722458
6930.0 0.122509439831
6935.0 0.122508080508
6940.0 0.122509132203
6945.0 0.122508199576
6950.0 0.122509130508
6955.0 0.122507608051
6960.0 0.122508325424
6965.0 0.122507052542
6970.0 0.122508063136
6975.0 0.122507044915
6980.0 0.122507805508
6985.0 0.122506494915
6990.0 0.122507426271
6995.0 0.122506195763
7000.0 0.122506866102
7005.0 0.122505718644
7010.0 0.122506565254
7015.0 0.122505553814
7020.0 0.12250652839
7025.0 0.122505041949
7030.0 0.122505625424
7035.0 0.122504565254
7040.0 0.122505752966
7045.0 0.122504530085
7050.0 0.122505113983
7055.0 0.122503761864
7060.0 0.122504905932
7065.0 0.122503460169
7070.0 0.122504595763
7075.0 0.122503625
7080.0 0.122504047881
7085.0 0.12250290678
7090.0 0.122503879661
7095.0 0.122502522034
7100.0 0.122503111017
7105.0 0.122502095339
7110.0 0.122502975424
7115.0 0.122501833475
7120.0 0.122503020763
7125.0 0.122501372458
7130.0 0.122502258051
7135.0 0.122501283051
7140.0 0.122502252542
7145.0 0.122500516102
7150.0 0.122501229237
7155.0 0.122500725424
7160.0 0.122501529237
7165.0 0.122500260169
7170.0 0.122501062288
7175.0 0.122499492797
7180.0 0.122500503814
7185.0 0.122499658051
7190.0 0.122500630085
7195.0 0.122499192373
7200.0 0.122499823729
7205.0 0.122498771186
7210.0 0.122499355085
7215.0 0.122498424576
7220.0 0.12249922161
7225.0 0.122497953814
7230.0 0.122499098305
7235.0 0.122497957203
7240.0 0.122498713559
7245.0 0.122497359746
7250.0 0.12249824322
7255.0 0.122496933898
7260.0 0.122497439407
7265.0 0.122497148305
7270.0 0.122497648305
7275.0 0.122496421186
7280.0 0.122497305932
7285.0 0.122496290254
7290.0 0.122497006356
7295.0 0.122495783051
7300.0 0.122496713136
7305.0 0.122495399153
7310.0 0.122495772458
7315.0 0.12249548178
7320.0 0.122496197034
7325.0 0.122495101695
7330.0 0.122495519068
7335.0 0.122494165254
7340.0 0.122495427542
7345.0 0.122494414831
7350.0 0.122495342797
7355.0 0.122494122458
7360.0 0.12249487839
7365.0 0.122493609746
7370.0 0.12249402839
7375.0 0.122493183475
7380.0 0.122494232627
7385.0 0.122493393644
7390.0 0.122494277966
7395.0 0.122492715678
7400.0 0.122493515678
7405.0 0.122492372881
7410.0 0.122493298305
7415.0 0.122492284746
7420.0 0.122493508051
7425.0 0.122492159322
7430.0 0.122492705508
7435.0 0.122491391525
7440.0 0.122492487712
7445.0 0.12249160339
7450.0 0.122492657627
7455.0 0.122491391949
7460.0 0.122492064407
7465.0 0.122490794915
7470.0 0.122491679237
7475.0 0.122490620339
7480.0 0.122491847458
7485.0 0.122490707203
7490.0 0.122491382627
7495.0 0.122489855932
7500.0 0.122491121186
7505.0 0.122490194068
7510.0 0.122491122458
7515.0 0.122489857203
7520.0 0.122490612712
7525.0 0.122489555932
7530.0 0.122490398305
7535.0 0.122489382627
7540.0 0.122490481356
7545.0 0.122489341102
7550.0 0.122489975
7555.0 0.122488532627
7560.0 0.122489967373
7565.0 0.122489040254
7570.0 0.122489883475
7575.0 0.122488534322
7580.0 0.122489289407
7585.0 0.122488359746
7590.0 0.122489286864
7595.0 0.12248827161
7600.0 0.122489241949
7605.0 0.122488229661
7610.0 0.122488948305
7615.0 0.122487506356
7620.0 0.122488770763
7625.0 0.122487972458
7630.0 0.122488686441
7635.0 0.122487677119
7640.0 0.122488263559
7645.0 0.122487290678
7650.0 0.122488215678
7655.0 0.122487246186
7660.0 0.122488341525
7665.0 0.122487290678
7670.0 0.122488048729
7675.0 0.122486605932
7680.0 0.122487701271
7685.0 0.122486989407
7690.0 0.122487745339
7695.0 0.122486862288
7700.0 0.122487364407
7705.0 0.122486306356
7710.0 0.12248723178
7715.0 0.122486219915
7720.0 0.122487485593
7725.0 0.122486306356
7730.0 0.122487234322
7735.0 0.122485963559
7740.0 0.122486760593
7745.0 0.122486217373
7750.0 0.122486719068
7755.0 0.122486090678
7760.0 0.122486677119
7765.0 0.122485619068
7770.0 0.122486459322
7775.0 0.122485490254
7780.0 0.122486546186
7785.0 0.122485576271
7790.0 0.122486505508
7795.0 0.122485232627
7800.0 0.122486328814
7805.0 0.122485358051
7810.0 0.122485989407
7815.0 0.122485105932
7820.0 0.122486205085
7825.0 0.122484761864
7830.0 0.122486111441
7835.0 0.122484931356
7840.0 0.122485859322
7845.0 0.12248472161
7850.0 0.122485605085
7855.0 0.122484718644
7860.0 0.122485641525
7865.0 0.122484798729
7870.0 0.122485684746
7875.0 0.122484203814
7880.0 0.122485518644
7885.0 0.122484075424
7890.0 0.122485466949
7895.0 0.12248466822
7900.0 0.122485257203
7905.0 0.122484161441
7910.0 0.122484919492
7915.0 0.12248390339
7920.0 0.122485169915
7925.0 0.122484195763
7930.0 0.122485294492
7935.0 0.122483943644
7940.0 0.122484916102
7945.0 0.122483732203
7950.0 0.122484313559
7955.0 0.122484239407
7960.0 0.122484739831
7965.0 0.122483899153
7970.0 0.122484699576
7975.0 0.122483344915
7980.0 0.122484566102
7985.0 0.122483511864
7990.0 0.122484735593
7995.0 0.122483597458
8000.0 0.122484612288
8005.0 0.122483258898
8010.0 0.12248405339
8015.0 0.122483336864
8020.0 0.122484905932
8025.0 0.122482746186
8030.0 0.122484354237
8035.0 0.122483040254
8040.0 0.122484177966
8045.0 0.12248329322
8050.0 0.122484052966
8055.0 0.122483127119
8060.0 0.12248396822
8065.0 0.122482912712
8070.0 0.122483834746
8075.0 0.122482822458
8080.0 0.122484262712
8085.0 0.122482614831
8090.0 0.122483241949
8095.0 0.122482994068
8100.0 0.122483365678
8105.0 0.122482990254
8110.0 0.122483792373
8115.0 0.122482655508
8120.0 0.122483453814
8125.0 0.122482396186
8130.0 0.122483407627
8135.0 0.122482647034
8140.0 0.122483620339
8145.0 0.122482523305
8150.0 0.12248319661
8155.0 0.122482395763
8160.0 0.122482896186
8165.0 0.122482135593
8170.0 0.122483745763
8175.0 0.122482099153
8180.0 0.122483108475
8185.0 0.122482009746
8190.0 0.122483020339
8195.0 0.122482177119
8200.0 0.12248331822
8205.0 0.122482180932
8210.0 0.12248285339
8215.0 0.122481668644
8220.0 0.122483274153
8225.0 0.122481750424
8230.0 0.122482850424
8235.0 0.122482011864
8240.0 0.122482468644
8245.0 0.122481794068
8250.0 0.122482592373
8255.0 0.122481791525
8260.0 0.122482933898
8265.0 0.122481625424
8270.0 0.122482425424
8275.0 0.122481412712
8280.0 0.122482591525
8285.0 0.12248170678
8290.0 0.122482210169
8295.0 0.122481797458
8300.0 0.122482041102
8305.0 0.122481366949
8310.0 0.122482292797
8315.0 0.122481322458
8320.0 0.122482505932
8325.0 0.122481198729
8330.0 0.122482127119
8335.0 0.122480986017
8340.0 0.122482248729
8345.0 0.122481619492
8350.0 0.122481698729
8355.0 0.122481370339
8360.0 0.122481997881
8365.0 0.12248072839
8370.0 0.122482120763
8375.0 0.122480854661
8380.0 0.122482038983
8385.0 0.122480986441
8390.0 0.122481913559
8395.0 0.122480601271
8400.0 0.122481910169
8405.0 0.122481023729
8410.0 0.122481823729
8415.0 0.122480263136
8420.0 0.12248187161
8425.0 0.122480260169
8430.0 0.122481907203
8435.0 0.122480683475
8440.0 0.122481528814
8445.0 0.122480602966
8450.0 0.122481486441
8455.0 0.122480263136
8460.0 0.122481441102
8465.0 0.122480429237
8470.0 0.12248156822
8475.0 0.122480008898
8480.0 0.12248153178
8485.0 0.122479835169
8490.0 0.122481227542
8495.0 0.122480513559
8500.0 0.122481188559
8505.0 0.122480305508
8510.0 0.122481019492
8515.0 0.122479839407
8520.0 0.122480972458
8525.0 0.122480047458
8530.0 0.122481314407
8535.0 0.12247979322
8540.0 0.12248089322
8545.0 0.122479836017
8550.0 0.122480420339
8555.0 0.122480301695
8560.0 0.122480891525
8565.0 0.122479838559
8570.0 0.122480595339
8575.0 0.122479497458
8580.0 0.122480507627
8585.0 0.122479707203
8590.0 0.122480849153
8595.0 0.122479496186
8600.0 0.122480427119
8605.0 0.122479751695
8610.0 0.122479954237
8615.0 0.122479750847
8620.0 0.122480636864
8625.0 0.122479372881
8630.0 0.122480341102
8635.0 0.122479200424
8640.0 0.122480252119
8645.0 0.122479453814
8650.0 0.122480424576
8655.0 0.12247924322
8660.0 0.122480047034
8665.0 0.122479244068
8670.0 0.122479659322
8675.0 0.122479241525
8680.0 0.122480468644
8685.0 0.122478864831
8690.0 0.122479960593
8695.0 0.122478862288
8700.0 0.12247987161
8705.0 0.122479072034
8710.0 0.122480170763
8715.0 0.122479033475
8720.0 0.12247975
8725.0 0.122478694068
8730.0 0.122479491949
8735.0 0.122478689831
8740.0 0.122480342373
8745.0 0.122478569068
8750.0 0.122479495339
8755.0 0.122478565678
8760.0 0.122479534322
8765.0 0.122478733475
8770.0 0.122479875
8775.0 0.122478781356
8780.0 0.12247949661
8785.0 0.122478185593
8790.0 0.122479451271
8795.0 0.122478351271
8800.0 0.122479876695
8805.0 0.122478401271
8810.0 0.122479114407
8815.0 0.122478312288
8820.0 0.122479280508
8825.0 0.12247835339
8830.0 0.122479451695
8835.0 0.122478402542
8840.0 0.122479115254
8845.0 0.122477974576
8850.0 0.122479494492
8855.0 0.122478183475
8860.0 0.12247915678
8865.0 0.122478190678
8870.0 0.122478861017
8875.0 0.122478101271
8880.0 0.122479027542
8885.0 0.122477930508
8890.0 0.122479155508
8895.0 0.122478063559
8900.0 0.122478946186
8905.0 0.122477807203
8910.0 0.122479155932
8915.0 0.122477846186
8920.0 0.122478946186
8925.0 0.122478022034
8930.0 0.122478565254
8935.0 0.122477763136
8940.0 0.122478732203
8945.0 0.122477677966
8950.0 0.122478902542
8955.0 0.122477809746
8960.0 0.122478736017
8965.0 0.122477552966
8970.0 0.122478816949
8975.0 0.122477763559
8980.0 0.122478522458
8985.0 0.122477895763
8990.0 0.122478439831
8995.0 0.122477467373
9000.0 0.12247847839
9005.0 0.12247738178
9010.0 0.122478649153
9015.0 0.122477598729
9020.0 0.122478610169
9025.0 0.1224773
9030.0 0.122478435593
9035.0 0.122477511017
9040.0 0.122478268644
9045.0 0.122477811864
9050.0 0.122478313559
9055.0 0.122477129661
9060.0 0.122478309322
9065.0 0.122477383475
9070.0 0.122478438559
9075.0 0.122477386441
9080.0 0.122478358051
9085.0 0.122477003814
9090.0 0.122478309746
9095.0 0.122477426695
9100.0 0.122478142373
9105.0 0.122477558475
9110.0 0.122478017373
9115.0 0.122476961441
9120.0 0.122478182627
9125.0 0.12247725678
9130.0 0.122478227119
9135.0 0.122477175847
9140.0 0.122478103814
9145.0 0.122476834746
9150.0 0.12247805678
9155.0 0.122477470339
9160.0 0.122478058898
9165.0 0.122477219915
9170.0 0.122477891102
9175.0 0.122476792373
9180.0 0.122478056356
9185.0 0.122477088559
9190.0 0.122478017373
9195.0 0.122477090678
9200.0 0.122477935593
9205.0 0.122476919915
9210.0 0.122477846186
9215.0 0.122476963983
9220.0 0.122477462712
9225.0 0.122477173305
9230.0 0.122478229237
9235.0 0.122476795339
9240.0 0.122477764407
9245.0 0.122476665678
9250.0 0.122477887712
9255.0 0.12247700339
9260.0 0.122478017373
9265.0 0.12247679322
9270.0 0.122477767797
9275.0 0.122476709746
9280.0 0.122477633475
9285.0 0.122476876271
9290.0 0.122478019068
9295.0 0.122476583475
9300.0 0.122477722881
9305.0 0.122476666102
9310.0 0.122477633475
9315.0 0.122476834322
9320.0 0.122477933898
9325.0 0.122476751271
9330.0 0.122477725424
9335.0 0.122476582627
9340.0 0.122477634322
9345.0 0.122476286864
9350.0 0.122477805932
9355.0 0.122476663559
9360.0 0.122477891525
9365.0 0.122476755085
9370.0 0.122477384746
9375.0 0.122476412288
9380.0 0.122477591525
9385.0 0.122476792797
9390.0 0.122477807203
9395.0 0.122476583475
9400.0 0.122477554237
9405.0 0.12247632839
9410.0 0.122477639407
9415.0 0.122476454661
9420.0 0.122477505932
9425.0 0.122476709322
9430.0 0.122477552542
9435.0 0.122476584746
9440.0 0.122477469068
9445.0 0.122476455508
9450.0 0.122477380508
9455.0 0.122476495763
9460.0 0.122477592797
9465.0 0.122476711864
9470.0 0.122477598305
9475.0 0.122476372034
9480.0 0.122477209322
9485.0 0.122476666949
9490.0 0.122477510593
9495.0 0.122476542797
9500.0 0.122477427119
9505.0 0.12247632839
9510.0 0.122477380508
9515.0 0.122476454661
9520.0 0.122477465678
9525.0 0.122476542373
9530.0 0.12247747161
9535.0 0.122476541525
9540.0 0.122477043644
9545.0 0.12247637161
9550.0 0.122477466525
9555.0 0.122476411441
9560.0 0.122477595339
9565.0 0.122476374576
9570.0 0.1224773
9575.0 0.122476286017
9580.0 0.122477380508
9585.0 0.122476412712
9590.0 0.122477511441
9595.0 0.12247637161
9600.0 0.122477429237
9605.0 0.122476288136
9610.0 0.122477298305
9615.0 0.122476283475
9620.0 0.122477384322
9625.0 0.122476418644
9630.0 0.122477002542
9635.0 0.122476286441
9640.0 0.122477339831
9645.0 0.122476369492
9650.0 0.122477426695
9655.0 0.122476289407
9660.0 0.122477259322
9665.0 0.12247611822
9670.0 0.122477385169
9675.0 0.122476074576
9680.0 0.122477380932
9685.0 0.122476541102
9690.0 0.122477173305
9695.0 0.122476289407
9700.0 0.122477217373
9705.0 0.122476159746
9710.0 0.122477254661
9715.0 0.122476243644
9720.0 0.122477258051
9725.0 0.122476291525
9730.0 0.122477173305
9735.0 0.122476161864
9740.0 0.122477170763
9745.0 0.122476286864
9750.0 0.122477213983
9755.0 0.122476286017
9760.0 0.12247742839
9765.0 0.122476036017
9770.0 0.122477088559
9775.0 0.122476246186
9780.0 0.122477127542
9785.0 0.122476286017
9790.0 0.122477215678
9795.0 0.122476163559
9800.0 0.122477176271
9805.0 0.122475990678
9810.0 0.122477128814
9815.0 0.122476158051
9820.0 0.122477343644
9825.0 0.122476035593
9830.0 0.122476962712
9835.0 0.12247633178
9840.0 0.122477044068
9845.0 0.122476030932
9850.0 0.122477386864
9855.0 0.122476080085
9860.0 0.122477047881
9865.0 0.12247590678
9870.0 0.122477043644
9875.0 0.122476160169
9880.0 0.122477258051
9885.0 0.122476037288
9890.0 0.122477047881
9895.0 0.122476375424
9900.0 0.122477092797
9905.0 0.122475735593
9910.0 0.122477172034
9915.0 0.122476160169
9920.0 0.122477216949
9925.0 0.122476080932
9930.0 0.122476836017
9935.0 0.122476077119
9940.0 0.122477044915
9945.0 0.122476159746
9950.0 0.122477258898
9955.0 0.122475994915
9960.0 0.122476838136
9965.0 0.122475824153
9970.0 0.122477130508
9975.0 0.122476373729
9980.0 0.122476835169
9985.0 0.122476250424
9990.0 0.122476965678
9995.0 0.122475780932
10000.0 0.122477002542
