5.0 -76.8170891059
10.0 -48.5297730169
15.0 -17.9853952754
20.0 -3.4950610339
25.0 1.05353094492
30.0 1.55225067797
35.0 1.19352299153
40.0 0.915550372881
45.0 0.849908559322
50.0 0.889327072034
55.0 0.90555740678
60.0 0.911427516949
65.0 0.927900877119
70.0 0.946315932203
75.0 0.961669326271
80.0 0.978390394068
85.0 0.994885538136
90.0 1.01182309322
95.0 1.02792326695
100.0 1.04374628814
105.0 1.05871876271
110.0 1.07269097034
115.0 1.08549940678
120.0 1.09681292373
125.0 1.1076094322
130.0 1.11684007203
135.0 1.12431656356
140.0 1.13156843517
145.0 1.13653920339
150.0 1.14038566102
155.0 1.14342028136
160.0 1.145597225
165.0 1.14698248898
170.0 1.14747872839
175.0 1.14736758644
180.0 1.14674489746
185.0 1.14566960593
190.0 1.14424811822
195.0 1.14264545678
200.0 1.14089202331
205.0 1.13900554703
210.0 1.13705440847
215.0 1.13515893093
220.0 1.13332308602
225.0 1.13161195127
230.0 1.13013900212
235.0 1.12882242797
240.0 1.12764241017
245.0 1.12684449576
250.0 1.12650695466
255.0 1.12673775466
260.0 1.12764890932
265.0 1.12955048352
270.0 1.13249334877
275.0 1.13665017822
280.0 1.14222289161
285.0 1.14964951504
290.0 1.15894124089
295.0 1.17028347271
300.0 1.18348654958
305.0 1.19890804962
310.0 1.21707029572
315.0 1.23695495534
320.0 1.25787689932
325.0 1.27921330076
330.0 1.29997386513
335.0 1.31829386178
340.0 1.33264905661
345.0 1.33956888852
350.0 1.33443884873
355.0 1.31256358559
360.0 1.26737363983
365.0 1.19311071271
370.0 1.08661616822
375.0 0.952409540678
380.0 0.807068974153
385.0 0.673270714407
390.0 0.57089905678
395.0 0.515908614831
400.0 0.527006704237
405.0 0.579473077542
410.0 0.64617929661
415.0 0.669609716949
420.0 0.653254796186
425.0 0.623343444492
430.0 0.606864294915
435.0 0.612502652542
440.0 0.625531382203
445.0 0.640605791949
450.0 0.653074033475
455.0 0.65897745339
460.0 0.663968820339
465.0 0.667224762712
470.0 0.669969346186
475.0 0.67144335678
480.0 0.671534717797
485.0 0.670633530508
490.0 0.669044783898
495.0 0.667240394068
500.0 0.665170780085
505.0 0.663293022034
510.0 0.661307060593
515.0 0.659296532627
520.0 0.657527335593
525.0 0.656003097881
530.0 0.65476597839
535.0 0.653914593644
540.0 0.653436118644
545.0 0.653307369915
550.0 0.653524532203
555.0 0.654080173729
560.0 0.654964665678
565.0 0.656195618644
570.0 0.657686484322
575.0 0.659481099576
580.0 0.661588577119
585.0 0.663949433051
590.0 0.666680418644
595.0 0.669510837288
600.0 0.672503320339
605.0 0.675789532203
610.0 0.679280383051
615.0 0.682911044492
620.0 0.686708480932
625.0 0.690701943644
630.0 0.695002479661
635.0 0.699408238983
640.0 0.703949013559
645.0 0.708521552542
650.0 0.713512793644
655.0 0.718848675847
660.0 0.72425414322
665.0 0.729861224153
670.0 0.735238638559
675.0 0.741309370763
680.0 0.747717399153
685.0 0.754141738983
690.0 0.761117880085
695.0 0.767658759746
700.0 0.774755177542
705.0 0.782399304237
710.0 0.790547442373
715.0 0.79749929661
720.0 0.805431816102
725.0 0.813470032203
730.0 0.821086813559
735.0 0.828658558475
740.0 0.835168340678
745.0 0.840047456356
750.0 0.84428155
755.0 0.845840033051
760.0 0.844289074153
765.0 0.839713607627
770.0 0.830913075
775.0 0.818561034322
780.0 0.80252189661
785.0 0.783956132627
790.0 0.76421299661
795.0 0.744814759322
800.0 0.728726203814
805.0 0.713631724153
810.0 0.703965748729
815.0 0.696595441102
820.0 0.692700835593
825.0 0.690975936017
830.0 0.691068591102
835.0 0.691993842797
840.0 0.693655688136
845.0 0.695526405508
850.0 0.697238378814
855.0 0.698644757203
860.0 0.699435950847
865.0 0.699841797034
870.0 0.699800979237
875.0 0.699375313983
880.0 0.698673187712
885.0 0.697796874153
890.0 0.696860248729
895.0 0.69597731822
900.0 0.695253078814
905.0 0.694773549153
910.0 0.69460601822
915.0 0.69479925
920.0 0.695379975
925.0 0.696355964407
930.0 0.697716725
935.0 0.69943112161
940.0 0.701479694492
945.0 0.703805755085
950.0 0.706471465678
955.0 0.709159622458
960.0 0.712107858051
965.0 0.715463397458
970.0 0.718298939407
975.0 0.721845786441
980.0 0.724945162288
985.0 0.727939492373
990.0 0.731551653814
995.0 0.734327698729
1000.0 0.737006998305
1005.0 0.739631925
1010.0 0.741890133051
1015.0 0.743939829661
1020.0 0.745724662712
1025.0 0.747264378814
1030.0 0.748371255085
1035.0 0.749162890678
1040.0 0.749605816525
1045.0 0.749835637288
1050.0 0.749823604237
1055.0 0.749547923729
1060.0 0.749036408051
1065.0 0.748344286864
1070.0 0.747501524153
1075.0 0.746471841102
1080.0 0.745281126695
1085.0 0.744019864407
1090.0 0.742569758051
1095.0 0.740882142797
1100.0 0.739322650847
1105.0 0.737566420763
1110.0 0.73574281822
1115.0 0.733731824153
1120.0 0.732036802542
1125.0 0.729965012288
1130.0 0.728106469068
1135.0 0.726489458475
1140.0 0.724610165678
1145.0 0.722816050847
1150.0 0.721420806356
1155.0 0.720249287712
1160.0 0.719129002119
1165.0 0.718075835169
1170.0 0.717340374576
1175.0 0.716758036017
1180.0 0.716321744492
1185.0 0.716019919068
1190.0 0.715812847458
1195.0 0.715809845339
1200.0 0.715879688136
1205.0 0.71604474322
1210.0 0.716299716949
1215.0 0.716616884322
1220.0 0.717012716525
1225.0 0.717459015254
1230.0 0.717945957203
1235.0 0.718483503814
1240.0 0.719064347034
1245.0 0.719681940254
1250.0 0.720342562712
1255.0 0.721034955508
1260.0 0.721728135169
1265.0 0.722482791525
1270.0 0.723210463559
1275.0 0.723961147881
1280.0 0.724727255932
1285.0 0.725478802119
1290.0 0.72622262839
1295.0 0.726954084746
1300.0 0.727647423729
1305.0 0.728278063983
1310.0 0.728995675
1315.0 0.72949602161
1320.0 0.730048232203
1325.0 0.730488775847
1330.0 0.730850294915
1335.0 0.73117267839
1340.0 0.731435553814
1345.0 0.731600411441
1350.0 0.731699414831
1355.0 0.731721177542
1360.0 0.731675780085
1365.0 0.731573055085
1370.0 0.731410326271
1375.0 0.731188524576
1380.0 0.730924433475
1385.0 0.730626232203
1390.0 0.730299625
1395.0 0.729927841949
1400.0 0.729544078814
1405.0 0.729159138559
1410.0 0.728742216949
1415.0 0.728327841525
1420.0 0.727927173729
1425.0 0.727548495763
1430.0 0.727141491949
1435.0 0.726725858051
1440.0 0.726390774576
1445.0 0.726061885169
1450.0 0.725710024153
1455.0 0.725416039831
1460.0 0.725144392797
1465.0 0.724890746186
1470.0 0.724664050847
1475.0 0.724475685593
1480.0 0.724308311441
1485.0 0.72415975678
1490.0 0.724053801695
1495.0 0.723984890678
1500.0 0.723927636017
1505.0 0.723912080085
1510.0 0.723914548305
1515.0 0.723957911441
1520.0 0.724009547034
1525.0 0.724089782627
1530.0 0.724199536864
1535.0 0.724323098305
1540.0 0.724460498305
1545.0 0.724614288983
1550.0 0.724779833051
1555.0 0.72494527839
1560.0 0.725136069068
1565.0 0.725323411441
1570.0 0.725508577966
1575.0 0.72569329661
1580.0 0.725880545339
1585.0 0.726058052119
1590.0 0.726231333051
1595.0 0.726399141949
1600.0 0.726563597458
1605.0 0.726698031356
1610.0 0.726848621186
1615.0 0.726983201271
1620.0 0.727098775424
1625.0 0.727189036017
1630.0 0.727280638559
1635.0 0.727365589831
1640.0 0.727427723729
1645.0 0.727461174576
1650.0 0.727491733475
1655.0 0.727513960169
1660.0 0.727520145339
1665.0 0.727512482627
1670.0 0.72749258178
1675.0 0.727458833898
1680.0 0.727421322034
1685.0 0.727352569915
1690.0 0.727308387288
1695.0 0.727242350424
1700.0 0.727158050847
1705.0 0.727075566102
1710.0 0.726993055932
1715.0 0.72690429322
1720.0 0.726814211017
1725.0 0.726724221186
1730.0 0.726634162288
1735.0 0.726546303814
1740.0 0.726460898729
1745.0 0.726378955932
1750.0 0.726297754661
1755.0 0.726221695339
1760.0 0.72616332161
1765.0 0.726094408051
1770.0 0.726040617797
1775.0 0.72599027161
1780.0 0.725958426271
1785.0 0.725917736441
1790.0 0.725885366525
1795.0 0.725866622034
1800.0 0.72585195339
1805.0 0.725841157627
1810.0 0.725835707203
1815.0 0.725840079661
1820.0 0.725845554661
1825.0 0.725858730085
1830.0 0.725876411017
1835.0 0.725898411441
1840.0 0.72592321822
1845.0 0.72595193178
1850.0 0.725984726695
1855.0 0.72602144322
1860.0 0.726055884746
1865.0 0.726097644915
1870.0 0.726135445339
1875.0 0.726178027119
1880.0 0.726218776271
1885.0 0.726254147458
1890.0 0.726303362712
1895.0 0.726331964831
1900.0 0.726374825847
1905.0 0.726412772458
1910.0 0.726434041525
1915.0 0.726474977542
1920.0 0.726506027542
1925.0 0.726526235593
1930.0 0.726547149576
1935.0 0.72656697839
1940.0 0.726582423305
1945.0 0.726594671186
1950.0 0.726607194492
1955.0 0.726611435169
1960.0 0.726616376695
1965.0 0.726615155932
1970.0 0.726614204237
1975.0 0.726608792797
1980.0 0.726601522458
1985.0 0.726590638983
1990.0 0.726580010593
1995.0 0.726567894915
2000.0 0.726553476695
2005.0 0.726537576271
2010.0 0.726520213983
2015.0 0.726502640254
2020.0 0.726484020763
2025.0 0.726465613983
2030.0 0.726444460169
2035.0 0.726428177542
2040.0 0.726409142797
2045.0 0.726388622458
2050.0 0.726375515678
2055.0 0.726356686017
2060.0 0.726341025
2065.0 0.726324730508
2070.0 0.726314138559
2075.0 0.726300374153
2080.0 0.726285525847
2085.0 0.726282770763
2090.0 0.726267472458
2095.0 0.726268513136
2100.0 0.726256579661
2105.0 0.726258450424
2110.0 0.726252426271
2115.0 0.726252158051
2120.0 0.726252047458
2125.0 0.726254299153
2130.0 0.726255866525
2135.0 0.726259793644
2140.0 0.726265158898
2145.0 0.726268647034
2150.0 0.726278231356
2155.0 0.726280865678
2160.0 0.726290854661
2165.0 0.726299840678
2170.0 0.726304308898
2175.0 0.726318795763
2180.0 0.726320294915
2185.0 0.726333504661
2190.0 0.726342207203
2195.0 0.726347788136
2200.0 0.72636199661
2205.0 0.726362498305
2210.0 0.726375010169
2215.0 0.726380182203
2220.0 0.726386762288
2225.0 0.726397452542
2230.0 0.726397680508
2235.0 0.726406686441
2240.0 0.726407344915
2245.0 0.726413817373
2250.0 0.726414058898
2255.0 0.726418848729
2260.0 0.726419944915
2265.0 0.72642135678
2270.0 0.726421614407
2275.0 0.726421764407
2280.0 0.726420760593
2285.0 0.726419223305
2290.0 0.726418226271
2295.0 0.726415004661
2300.0 0.726413587288
2305.0 0.726409952966
2310.0 0.726406419915
2315.0 0.726404063983
2320.0 0.726397991949
2325.0 0.726397334746
2330.0 0.726390841949
2335.0 0.726388912712
2340.0 0.726384541525
2345.0 0.72637795339
2350.0 0.726377817797
2355.0 0.726371232203
2360.0 0.726369821186
2365.0 0.726365355508
2370.0 0.726360974153
2375.0 0.726359898729
2380.0 0.726355089407
2385.0 0.726354859746
2390.0 0.726350469068
2395.0 0.726350674153
2400.0 0.726347552966
2405.0 0.72634605
2410.0 0.726345037288
2415.0 0.72634395339
2420.0 0.726343359322
2425.0 0.726343119915
2430.0 0.726342946186
2435.0 0.726343129237
2440.0 0.726343372034
2445.0 0.726344397034
2450.0 0.726345059322
2455.0 0.726346507627
2460.0 0.726347166525
2465.0 0.726349036017
2470.0 0.726349691525
2475.0 0.726351560593
2480.0 0.726353908475
2485.0 0.726354928814
2490.0 0.72635769661
2495.0 0.726358295339
2500.0 0.726360637288
2505.0 0.726363355085
2510.0 0.726364
2515.0 0.726366719492
2520.0 0.726367363983
2525.0 0.726370085169
2530.0 0.726370729661
2535.0 0.72637260678
2540.0 0.726374097881
2545.0 0.726374704237
2550.0 0.726375774153
2555.0 0.72637723178
2560.0 0.726377452542
2565.0 0.726378073305
2570.0 0.726379575847
2575.0 0.726379744068
2580.0 0.726379553814
2585.0 0.726379734322
2590.0 0.726379553814
2595.0 0.726380212712
2600.0 0.726379965678
2605.0 0.726379731356
2610.0 0.726379139407
2615.0 0.726378891525
2620.0 0.726378709322
2625.0 0.726378053814
2630.0 0.726377446186
2635.0 0.726377641949
2640.0 0.726375338136
2645.0 0.726375948305
2650.0 0.726375341102
2655.0 0.726374261864
2660.0 0.726373655932
2665.0 0.726372577966
2670.0 0.726371969915
2675.0 0.726370470339
2680.0 0.726370284746
2685.0 0.726370060593
2690.0 0.7263686
2695.0 0.726368798729
2700.0 0.726366914407
2705.0 0.726367114407
2710.0 0.726366920763
2715.0 0.726365848729
2720.0 0.726365233475
2725.0 0.726365165254
2730.0 0.726364909322
2735.0 0.72636465678
2740.0 0.726364060593
2745.0 0.726363810593
2750.0 0.726362796186
2755.0 0.726362961017
2760.0 0.726362796186
2765.0 0.726362961864
2770.0 0.726362800424
2775.0 0.726362964831
2780.0 0.726362797458
2785.0 0.726362961441
2790.0 0.726362799576
2795.0 0.726362962712
2800.0 0.726362796186
2805.0 0.726363381356
2810.0 0.726363644068
2815.0 0.72636422839
2820.0 0.726364065254
2825.0 0.726364222458
2830.0 0.72636448178
2835.0 0.726365064407
2840.0 0.726365750847
2845.0 0.726365911017
2850.0 0.726366171186
2855.0 0.726366751271
2860.0 0.726366586441
2865.0 0.726367168644
2870.0 0.726367855508
2875.0 0.726368014407
2880.0 0.726368275424
2885.0 0.726368855932
2890.0 0.726368691525
2895.0 0.726369273729
2900.0 0.726369537712
2905.0 0.726369697458
2910.0 0.726369535169
2915.0 0.726370113983
2920.0 0.726369952542
2925.0 0.726370533475
2930.0 0.726370375
2935.0 0.726370533898
2940.0 0.726370375
2945.0 0.726370532627
2950.0 0.726370372458
2955.0 0.726370955508
2960.0 0.72637079661
2965.0 0.726370954237
2970.0 0.726370794915
2975.0 0.726370955508
2980.0 0.72637079661
2985.0 0.726370530085
2990.0 0.726370371186
2995.0 0.726370532203
3000.0 0.726369946186
3005.0 0.726370109746
3010.0 0.726369953814
3015.0 0.726370112288
3020.0 0.726369530508
3025.0 0.726369686441
3030.0 0.726369109746
3035.0 0.726369267373
3040.0 0.726368685169
3045.0 0.726368849153
3050.0 0.726368690254
3055.0 0.726368422458
3060.0 0.72636826822
3065.0 0.726368427542
3070.0 0.726368269915
3075.0 0.726368005085
3080.0 0.726367424153
3085.0 0.726368004661
3090.0 0.726367425
3095.0 0.726367586017
3100.0 0.726367425847
3105.0 0.726367098305
3110.0 0.726367005085
3115.0 0.726367191949
3120.0 0.726367060169
3125.0 0.726367180932
3130.0 0.726367017797
3135.0 0.726367110593
3140.0 0.726366605932
3145.0 0.726367181356
3150.0 0.726367222881
3155.0 0.726367301271
3160.0 0.726367659746
3165.0 0.726367339407
3170.0 0.726367947458
3175.0 0.726367905508
3180.0 0.726367248305
3185.0 0.726367309746
3190.0 0.726367945763
3195.0 0.726367649153
3200.0 0.726367459746
3205.0 0.726367534746
3210.0 0.726367412712
3215.0 0.726367089407
3220.0 0.726367011017
3225.0 0.72636710678
3230.0 0.726367022458
3235.0 0.726367530932
3240.0 0.726367441525
3245.0 0.726367534746
3250.0 0.726367449576
3255.0 0.726367534746
3260.0 0.726367445339
3265.0 0.726367537288
3270.0 0.726367444068
3275.0 0.726368238559
3280.0 0.726368311864
3285.0 0.726368314831
3290.0 0.726368303814
3295.0 0.726367751695
3300.0 0.726369029661
3305.0 0.726369585593
3310.0 0.726369226695
3315.0 0.726368630508
3320.0 0.726368167373
3325.0 0.726368159322
3330.0 0.726368324576
3335.0 0.726368351695
3340.0 0.726368674153
3345.0 0.726368757203
3350.0 0.726369101271
3355.0 0.726368768644
3360.0 0.726368019915
3365.0 0.726367915678
3370.0 0.726368369068
3375.0 0.726369594492
3380.0 0.726369622458
3385.0 0.726369029661
3390.0 0.726369198305
3395.0 0.726368570339
3400.0 0.726370494492
3405.0 0.726370274576
3410.0 0.726369525
3415.0 0.726370652542
3420.0 0.726370277966
3425.0 0.726370155085
3430.0 0.726370963983
3435.0 0.726370216525
3440.0 0.726370529661
3445.0 0.726370813983
3450.0 0.726370466949
3455.0 0.726370454237
3460.0 0.726369283898
3465.0 0.726370330508
3470.0 0.726369176695
3475.0 0.726369030508
3480.0 0.726368788559
3485.0 0.726368199576
3490.0 0.726368372881
3495.0 0.726369075424
3500.0 0.726369633475
3505.0 0.726369055932
3510.0 0.726367951271
3515.0 0.726367439407
3520.0 0.726366727966
3525.0 0.726369066102
3530.0 0.726369662712
3535.0 0.726369098729
3540.0 0.726365368644
3545.0 0.726364850424
3550.0 0.726369686017
3555.0 0.726369524576
3560.0 0.726368426695
3565.0 0.726365711864
3570.0 0.726366220763
3575.0 0.726366577542
3580.0 0.726367944915
3585.0 0.726367847881
3590.0 0.726367989831
3595.0 0.726367045339
3600.0 0.726366277119
3605.0 0.72636612839
3610.0 0.726366291525
3615.0 0.726367461017
3620.0 0.726368566102
3625.0 0.726368028814
3630.0 0.726366873305
3635.0 0.726366266102
3640.0 0.726367208898
3645.0 0.72636948178
3650.0 0.726368305508
3655.0 0.726367529237
3660.0 0.726366583475
3665.0 0.726367100847
3670.0 0.726367440254
3675.0 0.726367528814
3680.0 0.726367439407
3685.0 0.726368238983
3690.0 0.726367747034
3695.0 0.726367764831
3700.0 0.726368466102
3705.0 0.726369073305
3710.0 0.726368797034
3715.0 0.726368797458
3720.0 0.726368365678
3725.0 0.726369477119
3730.0 0.726369201271
3735.0 0.726368651695
3740.0 0.726368666525
3745.0 0.726369027966
3750.0 0.726369003814
3755.0 0.726369620339
3760.0 0.72636835
3765.0 0.726369043644
3770.0 0.726368972881
3775.0 0.726369091949
3780.0 0.726368565254
3785.0 0.726369455508
3790.0 0.726369933051
3795.0 0.726370075847
3800.0 0.726369428814
3805.0 0.726369833051
3810.0 0.726370397034
3815.0 0.726370022034
3820.0 0.726369200424
3825.0 0.726369873305
3830.0 0.726369876695
3835.0 0.726369119492
3840.0 0.726369865678
3845.0 0.726370456356
3850.0 0.726368825424
3855.0 0.726368612712
3860.0 0.726368767797
3865.0 0.726368613983
3870.0 0.726368786017
3875.0 0.726367361017
3880.0 0.726368372034
3885.0 0.726369913559
3890.0 0.726368383051
3895.0 0.726366953814
3900.0 0.726367540254
3905.0 0.726367387288
3910.0 0.726368825
3915.0 0.726368736017
3920.0 0.726367972034
3925.0 0.726366605932
3930.0 0.726366744915
3935.0 0.726367019492
3940.0 0.726367919915
3945.0 0.726368238559
3950.0 0.726368404237
3955.0 0.726367478814
3960.0 0.726366894492
3965.0 0.726367972881
3970.0 0.726369441102
3975.0 0.726369734322
3980.0 0.726367319068
3985.0 0.726367355508
3990.0 0.72636777839
3995.0 0.726368363983
4000.0 0.726368429237
4005.0 0.726366984746
4010.0 0.726366697458
4015.0 0.726367376695
4020.0 0.726369703814
4025.0 0.726369080932
4030.0 0.72636747839
4035.0 0.726366146186
4040.0 0.726367064831
4045.0 0.726368713136
4050.0 0.726369697034
4055.0 0.726368705085
4060.0 0.726368653814
4065.0 0.726367399153
4070.0 0.726367902542
4075.0 0.726369057203
4080.0 0.72636955678
4085.0 0.726369269915
4090.0 0.726369287288
4095.0 0.726369592373
4100.0 0.726370280932
4105.0 0.726370812712
4110.0 0.726368834746
4115.0 0.726369752542
4120.0 0.726371092373
4125.0 0.726370067373
4130.0 0.726369200424
4135.0 0.726369185593
4140.0 0.726372328814
4145.0 0.726369204661
4150.0 0.726369509322
4155.0 0.726370286017
4160.0 0.726370383051
4165.0 0.726369090678
4170.0 0.726368103814
4175.0 0.726370901695
4180.0 0.726369893644
4185.0 0.726370001271
4190.0 0.726368892797
4195.0 0.726370698305
4200.0 0.726370372458
4205.0 0.72636832161
4210.0 0.72636859322
4215.0 0.726367577966
4220.0 0.726368492373
4225.0 0.726370741949
4230.0 0.726369619492
4235.0 0.726367347458
4240.0 0.726367934746
4245.0 0.726367357627
4250.0 0.726368372881
4255.0 0.726368644915
4260.0 0.726367960169
4265.0 0.726366109322
4270.0 0.726367542373
4275.0 0.726366961441
4280.0 0.726367554237
4285.0 0.726367835593
4290.0 0.726366316102
4295.0 0.726366602966
4300.0 0.726366696186
4305.0 0.726367010169
4310.0 0.726367102966
4315.0 0.726367439831
4320.0 0.726366723729
4325.0 0.726367134322
4330.0 0.726367141102
4335.0 0.726368497034
4340.0 0.726366869492
4345.0 0.726366575424
4350.0 0.726368825
4355.0 0.726368226271
4360.0 0.726367132627
4365.0 0.726365702966
4370.0 0.726365867797
4375.0 0.726366984746
4380.0 0.726369260169
4385.0 0.72636867839
4390.0 0.72636717839
4395.0 0.726365713983
4400.0 0.726368820763
4405.0 0.726369075424
4410.0 0.726368408051
4415.0 0.726366994915
4420.0 0.726367586017
4425.0 0.726367843644
4430.0 0.726368785169
4435.0 0.726368285593
4440.0 0.726368358051
4445.0 0.726369069068
4450.0 0.726368719915
4455.0 0.726369518644
4460.0 0.726370110169
4465.0 0.726369978814
4470.0 0.726369228814
4475.0 0.726369338559
4480.0 0.72636960339
4485.0 0.72636944322
4490.0 0.726369444492
4495.0 0.72636816822
4500.0 0.726368333475
4505.0 0.72636867839
4510.0 0.726368825847
4515.0 0.726368599576
4520.0 0.72636835339
4525.0 0.726368617797
4530.0 0.726369322458
4535.0 0.726369183475
4540.0 0.726369295339
4545.0 0.726368321186
4550.0 0.726368532627
4555.0 0.726369038559
4560.0 0.726369617373
4565.0 0.726370018644
4570.0 0.726370021186
4575.0 0.726369432203
4580.0 0.726369904237
4585.0 0.726369199153
4590.0 0.726369186864
4595.0 0.726368292373
4600.0 0.726370389407
4605.0 0.726369340254
4610.0 0.726368388559
4615.0 0.726368630508
4620.0 0.726367510593
4625.0 0.726366941525
4630.0 0.726367536017
4635.0 0.726368230932
4640.0 0.72636881822
4645.0 0.726367798305
4650.0 0.726366722458
4655.0 0.726366524576
4660.0 0.726367583475
4665.0 0.726367846186
4670.0 0.726368345763
4675.0 0.726367845763
4680.0 0.72636715
4685.0 0.726367194915
4690.0 0.726367932627
4695.0 0.726369615678
4700.0 0.726370166102
4705.0 0.726369452966
4710.0 0.72636912161
4715.0 0.726368428814
4720.0 0.726369952542
4725.0 0.726370071186
4730.0 0.726370380508
4735.0 0.726370360593
4740.0 0.726369092373
4745.0 0.726367922458
4750.0 0.726370160593
4755.0 0.726369373729
4760.0 0.726368530932
4765.0 0.726367884322
4770.0 0.726368150847
4775.0 0.726371099153
4780.0 0.726369077542
4785.0 0.726368322034
4790.0 0.726367367373
4795.0 0.726367283475
4800.0 0.726369930508
4805.0 0.726370411441
4810.0 0.726368383898
4815.0 0.726370363983
4820.0 0.726370787288
4825.0 0.726370571186
4830.0 0.7263693
4835.0 0.726368951695
4840.0 0.726371054661
4845.0 0.726370765254
4850.0 0.726370012288
4855.0 0.726368617797
4860.0 0.726369830085
4865.0 0.72637034322
4870.0 0.726368722881
4875.0 0.726368148305
4880.0 0.726367067373
4885.0 0.726367326271
4890.0 0.726368345763
4895.0 0.72636947161
4900.0 0.72636920678
4905.0 0.726366952542
4910.0 0.726366254661
4915.0 0.726366904661
4920.0 0.726368363559
4925.0 0.726369047458
4930.0 0.726368807203
4935.0 0.726367441102
4940.0 0.726366249576
4945.0 0.726367266102
4950.0 0.726367798305
4955.0 0.726369520763
4960.0 0.72637037839
4965.0 0.726368837712
4970.0 0.726368284746
4975.0 0.726369545763
4980.0 0.726369954661
4985.0 0.726369640678
4990.0 0.726368358051
4995.0 0.726368400847
5000.0 0.726368107203
