/*--------------------------------*- C++ -*----------------------------------*\
| =========                 |                                                 |
| \\      /  F ield         | OpenFOAM: The Open Source CFD Toolbox           |
|  \\    /   O peration     | Version:  2.3.0                                 |
|   \\  /    A nd           | Web:      www.OpenFOAM.org                      |
|    \\/     M anipulation  |                                                 |
\*---------------------------------------------------------------------------*/
FoamFile
{
    version     2.0;
    format      ascii;
    class       volScalarField;
    location    "2000";
    object      p;
}
// * * * * * * * * * * * * * * * * * * * * * * * * * * * * * * * * * * * * * //

dimensions      [0 2 -2 0 0 0 0];

internalField   nonuniform List<scalar> 
6617
(
0.117327
0.162514
0.975336
2.6084
5.33084
9.18776
14.3541
21.8956
32.4268
42.0477
46.3293
58.9412
20.3467
24.1501
29.7941
37.0209
46.1183
57.058
69.7338
84.0091
99.5478
115.7
132.036
148.373
36.2581
41.2033
47.5546
54.5253
62.1793
70.4359
79.2247
88.4202
97.8481
107.329
116.734
125.948
47.5015
53.4062
60.3165
67.6783
75.5174
83.7244
92.18
100.741
109.255
117.565
125.526
133.007
56.2797
61.7753
67.9686
74.395
81.0565
87.8963
94.8541
101.856
108.819
115.653
122.267
128.584
62.7585
67.991
73.6502
79.4861
85.4876
91.6142
97.8173
104.041
110.226
116.306
122.208
127.866
67.8324
72.5131
77.5175
82.7022
88.0331
93.4838
99.016
104.587
110.152
115.661
121.052
126.263
71.0251
75.6524
80.255
84.977
89.817
94.7771
99.8382
104.953
110.099
115.228
120.271
125.167
74.3042
78.3237
82.475
86.7458
91.1455
95.7134
100.364
105.058
109.808
114.578
119.306
123.996
77.5457
81.0563
84.7025
88.4054
92.3586
96.6155
100.822
105.052
109.327
113.644
118.098
122.668
112.451
145.139
167.184
183.999
197.291
207.692
215.199
219.745
221.495
220.798
217.673
212.185
163.034
174.629
184.221
192.085
198.301
202.885
205.913
207.549
208.035
207.535
205.627
202.086
135.02
144.111
153.043
161.534
169.359
176.326
182.259
187.027
190.578
192.87
193.519
192.485
140.041
146.792
153.271
159.366
164.974
170.007
174.401
178.111
181.122
183.391
184.652
184.874
134.652
140.581
146.348
151.861
157.028
161.774
166.034
169.76
172.923
175.471
177.222
178.476
133.29
138.541
143.603
148.417
152.923
157.074
160.828
164.164
167.071
169.529
171.365
172.695
131.275
136.119
140.771
145.185
149.312
153.114
156.561
159.645
162.356
164.706
166.519
167.891
129.849
134.367
138.688
142.78
146.597
150.106
153.272
156.125
158.62
160.804
162.489
163.831
128.501
132.803
136.878
140.76
144.409
147.72
150.652
153.337
155.638
157.691
159.316
160.668
127.167
131.302
135.207
138.972
142.472
145.67
148.415
150.946
152.803
154.903
156.402
157.988
-81.9474
-81.9689
-81.7908
-81.3554
-80.6976
-79.7971
-78.5999
-77.0897
-75.271
-73.0743
-69.9746
-63.6771
-83.4069
-83.4742
-83.3008
-82.7594
-81.8092
-80.4127
-78.4673
-75.7925
-72.1243
-67.1262
-60.5949
-52.8587
-83.7525
-83.7171
-83.4299
-82.6698
-81.3477
-79.414
-76.7793
-73.3026
-68.8215
-63.2526
-56.6938
-49.6436
-83.1089
-82.8869
-82.4304
-81.4822
-79.9517
-77.7924
-74.938
-71.312
-66.8653
-61.6443
-55.8249
-49.7881
-81.9787
-81.6061
-81.0336
-79.9813
-78.3666
-76.1563
-73.2998
-69.76
-65.5304
-60.6658
-55.329
-49.8227
-80.3353
-80.1126
-79.4818
-78.3765
-76.7517
-74.5867
-71.8218
-68.4292
-64.4105
-59.8208
-54.788
-49.5644
-78.4647
-78.5222
-77.8969
-76.7872
-75.1736
-73.0972
-70.4614
-67.2382
-63.4009
-59.0364
-54.2413
-49.2212
-76.7166
-76.9776
-76.3408
-75.2677
-73.6299
-71.6297
-69.0792
-65.9777
-62.2075
-57.9875
-53.3212
-48.4072
-75.0581
-75.5559
-74.982
-74.042
-72.2029
-70.349
-68.0232
-65.2042
-61.4597
-57.4345
-52.9581
-48.2134
-70.8884
-72.9657
-73.2422
-72.2014
-68.973
-66.6538
-64.3555
-61.5636
-57.8053
-54.051
-49.3295
-44.5454
-50.8357
-44.0629
-38.8134
-33.5894
-28.3759
-23.2714
-18.2353
-13.2101
-8.12988
-2.94455
2.31124
7.69669
-44.738
-40.1043
-37.0411
-33.6183
-29.7544
-25.5295
-21.03
-16.3363
-11.4762
-6.43914
-1.36218
3.65942
-42.8927
-37.3238
-33.8933
-30.844
-27.6378
-24.2046
-20.5386
-16.6487
-12.5274
-8.13155
-3.59418
0.591657
-43.9004
-38.4091
-34.5736
-31.3712
-28.0776
-24.6667
-21.1246
-17.4445
-13.6187
-9.60086
-5.3124
-1.0298
-44.4118
-39.2854
-35.2981
-32.0256
-28.6824
-25.2705
-21.772
-18.1845
-14.5106
-10.75
-6.79232
-2.53364
-44.3991
-39.4708
-35.3539
-31.9819
-28.613
-25.2403
-21.8365
-18.3937
-14.9051
-11.3871
-7.75206
-3.76578
-44.2059
-39.3715
-35.1616
-31.687
-28.2933
-24.9477
-21.6248
-18.3143
-15.003
-11.7047
-8.34533
-4.69836
-43.4817
-38.7485
-34.6275
-31.2246
-27.8837
-24.5803
-21.3242
-18.126
-14.9683
-11.8634
-8.72332
-5.35097
-43.307
-38.4268
-34.2081
-30.8031
-27.4751
-24.1836
-20.977
-17.887
-14.8658
-11.946
-8.98355
-5.79469
-39.5209
-34.9846
-32.2489
-30.1367
-27.052
-23.7356
-20.4736
-17.5261
-14.6294
-11.9128
-9.08415
-5.97398
-133.686
-125.941
-117.536
-110.1
-101.096
-90.4429
-78.9675
-67.3906
-55.9488
-45.0695
-35.2402
-27.5194
-82.1414
-82.3548
-81.9898
-81.2171
-80.3715
-79.6547
-78.5439
-75.9341
-71.2671
-64.6269
-56.2316
-48.3333
-87.795
-87.6832
-87.67
-87.5967
-87.2447
-86.2343
-84.436
-81.9666
-78.671
-74.0486
-67.5518
-61.4175
-82.9221
-82.914
-82.8712
-82.803
-82.6938
-82.4843
-82.0412
-81.1345
-79.5562
-77.1232
-73.099
-69.3703
-82.6242
-82.615
-82.6077
-82.5755
-82.4948
-82.3305
-82.0281
-81.4712
-80.4643
-78.8176
-76.1152
-73.9509
-81.5359
-81.5295
-81.515
-81.485
-81.4303
-81.3342
-81.1683
-80.8764
-80.3436
-79.3867
-77.7432
-76.7793
-81.1082
-81.1034
-81.094
-81.0722
-81.0305
-80.9561
-80.8301
-80.622
-80.2672
-79.6479
-78.6081
-77.7798
-80.714
-80.711
-80.7033
-80.6866
-80.6567
-80.6055
-80.5216
-80.3835
-80.1522
-79.7569
-79.0876
-78.437
-80.4589
-80.4573
-80.4522
-80.4402
-80.419
-80.383
-80.3245
-80.2277
-80.07
-79.8102
-79.3745
-78.8649
-80.2375
-80.2369
-80.2332
-80.2241
-80.2082
-80.1812
-80.138
-80.0672
-79.9525
-79.7641
-79.4465
-79.023
-80.0573
-80.0568
-80.0532
-80.0444
-80.0294
-80.0048
-79.9666
-79.9059
-79.8095
-79.6517
-79.3881
-79.0575
-79.9044
-79.904
-79.9003
-79.8914
-79.876
-79.8508
-79.8118
-79.751
-79.6544
-79.4995
-79.2541
-78.8605
-79.7933
-79.7925
-79.7882
-79.7786
-79.7623
-79.7367
-79.698
-79.6398
-79.5504
-79.411
-79.1948
-78.9759
-79.7152
-79.7142
-79.7098
-79.7002
-79.6836
-79.6575
-79.6179
-79.5587
-79.4686
-79.3323
-79.1284
-78.8147
-79.6808
-79.6796
-79.675
-79.665
-79.6485
-79.6228
-79.5848
-79.5292
-79.4477
-79.3298
-79.1594
-78.9282
-79.6783
-79.6771
-79.6725
-79.6629
-79.6467
-79.6215
-79.5841
-79.5297
-79.4507
-79.3359
-79.1686
-78.9426
-79.715
-79.7136
-79.7087
-79.6987
-79.6824
-79.6575
-79.6211
-79.5686
-79.4933
-79.3857
-79.2306
-79.0213
-79.7784
-79.7773
-79.7727
-79.7635
-79.7481
-79.7245
-79.6897
-79.6398
-79.5688
-79.4671
-79.3225
-79.1242
-79.8755
-79.8741
-79.8693
-79.8599
-79.8445
-79.8214
-79.7879
-79.7405
-79.6736
-79.5796
-79.4494
-79.3001
-79.9939
-79.9926
-79.9881
-79.9793
-79.9646
-79.9423
-79.9099
-79.8637
-79.7981
-79.7051
-79.5776
-79.4035
-80.141
-80.1395
-80.1347
-80.1255
-80.1108
-80.0891
-80.058
-80.014
-79.9525
-79.8664
-79.7497
-79.6052
-80.3039
-80.3026
-80.2982
-80.2898
-80.276
-80.2553
-80.2251
-80.1824
-80.1221
-80.0367
-79.9161
-79.7602
-80.4915
-80.4902
-80.4855
-80.4769
-80.4631
-80.4428
-80.4139
-80.3733
-80.3167
-80.2378
-80.1294
-79.9981
-80.6915
-80.6902
-80.6857
-80.6776
-80.6644
-80.6449
-80.6169
-80.5777
-80.5233
-80.4481
-80.3466
-80.2416
-80.9125
-80.9109
-80.906
-80.8974
-80.8837
-80.8637
-80.8355
-80.7959
-80.7407
-80.6638
-80.5594
-80.4313
-81.1444
-81.1429
-81.1382
-81.13
-81.1167
-81.0973
-81.0694
-81.0305
-80.9765
-80.9025
-80.8047
-80.6948
-81.3966
-81.3948
-81.3896
-81.3807
-81.3667
-81.3465
-81.3177
-81.277
-81.22
-81.1405
-81.031
-80.9019
-81.6624
-81.6608
-81.6559
-81.6473
-81.6336
-81.6134
-81.5843
-81.5428
-81.4842
-81.4015
-81.2881
-81.1389
-81.9526
-81.9505
-81.9449
-81.9355
-81.9212
-81.9007
-81.8714
-81.83
-81.772
-81.6903
-81.5782
-81.4269
-82.2535
-82.2516
-82.2462
-82.2375
-82.224
-82.2043
-82.1761
-82.1364
-82.0804
-82.0022
-81.8934
-81.765
-82.5731
-82.5711
-82.5657
-82.5568
-82.5433
-82.5242
-82.4971
-82.459
-82.4056
-82.331
-82.2288
-82.0971
-82.9018
-82.8999
-82.8948
-82.8864
-82.8736
-82.8551
-82.8288
-82.7919
-82.7407
-82.6704
-82.5769
-82.4962
-83.2489
-83.2465
-83.2407
-83.2315
-83.2178
-83.1984
-83.1709
-83.1318
-83.0758
-82.9954
-82.8813
-82.7299
-83.6035
-83.6014
-83.596
-83.5875
-83.5749
-83.5569
-83.5311
-83.4945
-83.442
-83.3669
-83.2616
-83.1135
-83.9703
-83.9683
-83.9631
-83.9549
-83.9429
-83.9263
-83.9029
-83.8701
-83.8239
-83.759
-83.6689
-83.5753
-84.34
-84.338
-84.3332
-84.3258
-84.315
-84.3
-84.2788
-84.2488
-84.2062
-84.1457
-84.0625
-83.9731
-84.7148
-84.7125
-84.7076
-84.7003
-84.6901
-84.6764
-84.6573
-84.6305
-84.5924
-84.5381
-84.4626
-84.3727
-85.0813
-85.0794
-85.0751
-85.0689
-85.0603
-85.0488
-85.0328
-85.0104
-84.9783
-84.932
-84.8661
-84.7851
-85.4412
-85.4393
-85.4353
-85.4298
-85.4224
-85.4132
-85.4008
-85.3834
-85.3587
-85.3228
-85.2698
-85.2086
-85.783
-85.7814
-85.7781
-85.7739
-85.7685
-85.762
-85.7533
-85.7413
-85.7239
-85.6975
-85.6581
-85.6326
-86.1076
-86.1058
-86.1027
-86.0992
-86.0952
-86.0911
-86.086
-86.0791
-86.0685
-86.0509
-86.0236
-85.99
-86.4025
-86.4007
-86.3978
-86.3953
-86.3933
-86.3923
-86.3918
-86.3918
-86.3914
-86.3893
-86.3847
-86.3908
-86.6571
-86.6562
-86.6548
-86.6543
-86.655
-86.6577
-86.6623
-86.669
-86.6775
-86.6863
-86.6888
-86.6574
-86.8737
-86.8727
-86.872
-86.8731
-86.8764
-86.8828
-86.8929
-86.9077
-86.9276
-86.9532
-86.9864
-87.0565
-87.0426
-87.0419
-87.042
-87.0445
-87.05
-87.0597
-87.0745
-87.0956
-87.1239
-87.1605
-87.2063
-87.2353
-87.1578
-87.1569
-87.1572
-87.1611
-87.1692
-87.1831
-87.2042
-87.2344
-87.2756
-87.3296
-87.3942
-87.4381
-87.201
-87.2016
-87.204
-87.2109
-87.2229
-87.242
-87.2703
-87.3105
-87.3653
-87.438
-87.5354
-87.723
-87.1809
-87.1823
-87.1858
-87.1948
-87.21
-87.2337
-87.2682
-87.3164
-87.3809
-87.4651
-87.5695
-87.6347
-87.0871
-87.0898
-87.0949
-87.1064
-87.1256
-87.1551
-87.1981
-87.2583
-87.34
-87.4477
-87.5842
-87.7523
-86.9129
-86.9162
-86.9226
-86.9364
-86.9596
-86.9952
-87.047
-87.1196
-87.218
-87.3481
-87.516
-87.7502
-86.6426
-86.6479
-86.6575
-86.6757
-86.7047
-86.7484
-86.811
-86.8979
-87.0154
-87.1707
-87.3673
-87.5552
-86.2847
-86.2901
-86.3018
-86.3237
-86.3584
-86.4106
-86.4854
-86.5897
-86.7318
-86.9214
-87.1708
-87.5134
-85.8217
-85.8277
-85.8417
-85.8677
-85.9084
-85.9692
-86.0561
-86.177
-86.3413
-86.5595
-86.843
-87.1931
-85.2502
-85.2567
-85.2728
-85.303
-85.3503
-85.4207
-85.5214
-85.6612
-85.8509
-86.1029
-86.4273
-86.7807
-84.5519
-84.5611
-84.5815
-84.6182
-84.6743
-84.7568
-84.8741
-85.0366
-85.2571
-85.5504
-85.9362
-86.4546
-83.7406
-83.7507
-83.7742
-83.8162
-83.8804
-83.9744
-84.1078
-84.2922
-84.5421
-84.8741
-85.3069
-85.8332
-82.8009
-82.8127
-82.8399
-82.8883
-82.9618
-83.069
-83.2208
-83.4302
-83.7133
-84.0893
-84.5786
-85.1674
-81.732
-81.7461
-81.7782
-81.8341
-81.9181
-82.0402
-82.2123
-82.449
-82.7682
-83.191
-83.7382
-84.394
-80.538
-80.5546
-80.5916
-80.6557
-80.7517
-80.8902
-81.0849
-81.3521
-81.7118
-82.1875
-82.802
-83.5329
-79.2222
-79.2413
-79.2838
-79.3566
-79.4652
-79.6217
-79.8413
-80.1425
-80.5473
-81.0821
-81.7719
-82.5912
-77.7826
-77.8047
-77.8538
-77.937
-78.0604
-78.2376
-78.4854
-78.8245
-79.2797
-79.8803
-80.6531
-81.564
-76.2296
-76.2562
-76.3128
-76.4076
-76.5476
-76.7476
-77.0267
-77.4075
-77.9175
-78.5888
-79.4501
-80.4612
-74.5774
-74.6081
-74.6734
-74.781
-74.9395
-75.1652
-75.4789
-75.9059
-76.4761
-77.2248
-78.1799
-79.2956
-72.8434
-72.8789
-72.9537
-73.0758
-73.2549
-73.5091
-73.8616
-74.3398
-74.9768
-75.8098
-76.8655
-78.091
-71.0465
-71.0876
-71.1738
-71.3128
-71.5158
-71.8029
-72.1996
-72.736
-73.4481
-74.3749
-75.5402
-76.887
-69.2207
-69.2688
-69.3681
-69.5265
-69.7568
-70.0813
-70.5284
-71.1308
-71.927
-72.9575
-74.2387
-75.7081
-67.4079
-67.4637
-67.5784
-67.7588
-68.0208
-68.3887
-68.8937
-69.5717
-70.4641
-71.6118
-73.0219
-74.6336
-65.6554
-65.7208
-65.8539
-66.0609
-66.3599
-66.7785
-67.3508
-68.1156
-69.1169
-70.3961
-71.9438
-73.6849
-64.0291
-64.1075
-64.2636
-64.5027
-64.8464
-65.3255
-65.9772
-66.8424
-67.9662
-69.3851
-71.0509
-72.7783
-62.6474
-62.7421
-62.9251
-63.2021
-63.5991
-64.1512
-64.8988
-65.8851
-67.1556
-68.7406
-70.555
-72.4313
-61.5844
-61.6991
-61.9203
-62.25
-62.7169
-63.3609
-64.2259
-65.3546
-66.7863
-68.5371
-70.4764
-72.28
-60.9094
-61.0397
-61.3072
-61.7116
-62.2867
-63.0769
-64.1222
-65.4527
-67.0882
-69.0204
-71.0902
-72.9519
-61.3976
-61.5736
-61.9351
-62.4592
-63.1663
-64.0924
-65.2696
-66.7209
-68.4576
-70.4424
-72.5096
-74.4351
-62.4024
-62.5673
-62.9853
-63.6687
-64.6241
-65.8624
-67.3712
-69.106
-70.9959
-72.9484
-74.8188
-76.5029
-65.4653
-67.9608
-69.6022
-70.5977
-71.3257
-72.0793
-72.9712
-74.0344
-75.2474
-76.5471
-77.8162
-78.8242
337.359
336.121
331.052
323.456
313.275
300.394
285.824
270.959
257.014
244.692
233.68
222.943
281.283
280.503
278.134
275.551
272.855
269.768
265.881
260.808
254.359
246.687
238.027
228.23
278.249
277.761
276.513
274.606
271.924
268.43
264.126
259.024
253.126
246.435
238.909
230.534
270.824
270.252
269.287
267.893
265.985
263.441
260.14
255.988
250.942
245.023
238.232
230.36
257.816
257.567
257.178
256.513
255.509
254.061
252.043
249.312
245.732
241.206
235.656
228.928
248.468
248.347
248.13
247.709
247.047
246.058
244.637
242.663
240.001
236.526
232.1
226.56
241.3
241.203
241.012
240.659
240.126
239.341
238.22
236.659
234.534
231.717
228.061
223.316
234.576
234.503
234.351
234.076
233.661
233.048
232.169
230.933
229.23
226.936
223.916
219.959
228.36
228.305
228.189
227.976
227.651
227.168
226.471
225.48
224.1
222.213
219.694
216.343
222.741
222.699
222.605
222.43
222.163
221.767
221.192
220.375
219.23
217.653
215.531
212.707
217.584
217.55
217.47
217.322
217.097
216.762
216.276
215.584
214.612
213.265
211.438
208.962
212.777
212.749
212.681
212.555
212.362
212.075
211.658
211.064
210.227
209.061
207.474
205.304
208.273
208.25
208.192
208.082
207.916
207.667
207.307
206.791
206.063
205.046
203.655
201.741
204.04
204.021
203.97
203.875
203.729
203.512
203.198
202.749
202.115
201.23
200.027
198.402
200.039
200.023
199.979
199.895
199.766
199.575
199.298
198.903
198.345
197.564
196.492
195.065
196.234
196.222
196.183
196.108
195.994
195.824
195.578
195.227
194.73
194.035
193.079
191.808
192.605
192.596
192.562
192.495
192.392
192.24
192.02
191.707
191.266
190.649
189.808
188.736
189.125
189.12
189.089
189.03
188.937
188.8
188.602
188.32
187.922
187.363
186.594
185.595
185.781
185.778
185.751
185.696
185.613
185.488
185.308
185.052
184.691
184.185
183.491
182.623
182.557
182.555
182.53
182.48
182.404
182.29
182.125
181.891
181.561
181.099
180.461
179.655
179.438
179.437
179.414
179.369
179.299
179.194
179.042
178.827
178.524
178.098
177.51
176.779
176.415
176.414
176.392
176.351
176.286
176.19
176.05
175.851
175.571
175.178
174.633
173.969
173.478
173.477
173.457
173.419
173.359
173.269
173.14
172.956
172.698
172.336
171.836
171.253
170.618
170.617
170.599
170.564
170.507
170.424
170.304
170.133
169.893
169.556
169.091
168.552
167.826
167.825
167.809
167.776
167.724
167.646
167.534
167.375
167.152
166.838
166.402
165.941
165.095
165.094
165.079
165.05
165.001
164.929
164.825
164.679
164.474
164.189
163.792
163.407
162.421
162.42
162.407
162.379
162.333
162.266
162.168
162.031
161.839
161.572
161.185
160.749
159.791
159.791
159.78
159.754
159.712
159.648
159.556
159.427
159.245
158.995
158.639
158.197
157.205
157.206
157.196
157.173
157.133
157.073
156.986
156.863
156.69
156.448
156.101
155.652
154.671
154.67
154.66
154.638
154.599
154.542
154.46
154.344
154.182
153.957
153.648
153.247
152.164
152.164
152.155
152.135
152.099
152.046
151.969
151.861
151.711
151.502
151.215
150.894
149.686
149.687
149.679
149.66
149.628
149.579
149.508
149.409
149.273
149.087
148.838
148.626
147.233
147.234
147.227
147.21
147.18
147.133
147.066
146.972
146.843
146.664
146.415
146.182
144.811
144.81
144.801
144.783
144.753
144.706
144.641
144.548
144.42
144.242
143.987
143.758
142.393
142.393
142.385
142.369
142.34
142.296
142.233
142.144
142.021
141.851
141.606
141.411
139.992
139.992
139.985
139.97
139.943
139.901
139.842
139.758
139.642
139.482
139.247
139.063
137.609
137.609
137.602
137.588
137.562
137.523
137.466
137.388
137.279
137.131
136.914
136.771
135.241
135.24
135.233
135.218
135.193
135.155
135.101
135.026
134.925
134.788
134.587
134.45
132.869
132.868
132.862
132.849
132.826
132.79
132.738
132.667
132.57
132.44
132.249
132.114
130.501
130.5
130.494
130.481
130.459
130.425
130.376
130.308
130.214
130.089
129.904
129.775
128.13
128.13
128.125
128.114
128.093
128.06
128.014
127.948
127.859
127.739
127.562
127.447
125.767
125.766
125.76
125.748
125.728
125.696
125.651
125.588
125.503
125.388
125.218
125.113
123.401
123.398
123.391
123.379
123.359
123.327
123.284
123.225
123.146
123.041
122.887
122.842
120.991
120.993
120.991
120.984
120.968
120.941
120.903
120.85
120.779
120.685
120.542
120.522
118.596
118.596
118.592
118.585
118.57
118.545
118.51
118.462
118.397
118.315
118.191
118.221
116.187
116.187
116.182
116.174
116.159
116.134
116.099
116.053
115.992
115.914
115.791
115.844
113.763
113.759
113.752
113.742
113.726
113.7
113.666
113.621
113.563
113.492
113.377
113.468
111.267
111.269
111.267
111.262
111.25
111.229
111.198
111.156
111.102
111.034
110.916
110.998
108.771
108.771
108.768
108.762
108.751
108.73
108.701
108.662
108.611
108.549
108.438
108.569
106.252
106.252
106.247
106.24
106.227
106.206
106.177
106.139
106.09
106.033
105.919
106.02
103.701
103.698
103.69
103.681
103.668
103.646
103.617
103.58
103.534
103.481
103.375
103.447
101.067
101.068
101.066
101.062
101.054
101.037
101.013
100.981
100.94
100.894
100.805
100.881
98.4236
98.4236
98.419
98.4138
98.405
98.3892
98.3671
98.339
98.3039
98.2663
98.1918
98.2867
95.7308
95.7305
95.7257
95.7198
95.7115
95.6967
95.6765
95.6529
95.6255
95.6007
95.5501
95.7138
92.989
92.9856
92.9777
92.9703
92.9613
92.947
92.929
92.9096
92.8898
92.8765
92.8382
93.0011
90.134
90.1357
90.1341
90.1324
90.1291
90.1205
90.1084
90.0959
90.0853
90.0857
90.07
90.2732
87.2409
87.2406
87.2359
87.2326
87.2292
87.2219
87.2133
87.2064
87.204
87.2159
87.2149
87.4206
84.2687
84.2657
84.2596
84.2548
84.2512
84.2447
84.238
84.2362
84.2427
84.269
84.2956
84.579
81.1696
81.1708
81.168
81.167
81.1675
81.1656
81.1646
81.17
81.1866
81.2263
81.2628
81.5493
77.9781
77.9784
77.9752
77.9749
77.9775
77.9792
77.9838
77.9973
78.0261
78.0847
78.1499
78.4686
74.6788
74.6776
74.6731
74.6719
74.6747
74.6785
74.6875
74.7099
74.7531
74.8347
74.9438
75.3362
71.2323
71.2303
71.2253
71.2251
71.2309
71.2386
71.2543
71.287
71.3454
71.4466
71.5813
72.0683
67.6044
67.6057
67.6049
67.6091
67.6207
67.6362
67.6623
67.7099
67.7909
67.9254
68.109
68.7533
63.8186
63.8187
63.8167
63.8213
63.8358
63.8574
63.8937
63.9571
64.0622
64.2305
64.4338
65.1161
59.8238
59.8234
59.8215
59.8277
59.8457
59.8743
59.9222
60.0044
60.1389
60.3542
60.6111
61.2818
55.5757
55.5746
55.5731
55.5822
55.6076
55.6473
55.7129
55.8227
55.998
56.2789
56.6344
57.3292
51.0113
51.014
51.0181
51.0349
51.072
51.1294
51.2209
51.3685
51.5987
51.9608
52.4481
53.195
46.1149
46.1169
46.1211
46.1428
46.1911
46.2683
46.392
46.5886
46.8891
47.3478
47.9796
48.8154
40.7862
40.7856
40.7917
40.8199
40.8844
40.9894
41.1573
41.4221
41.8219
42.418
43.2517
44.2965
34.8422
34.8506
34.8694
34.9191
35.017
35.1714
35.4119
35.782
36.3288
37.1235
38.2276
39.5425
28.2052
28.217
28.2454
28.3188
28.461
28.6874
29.0369
29.5625
30.3221
31.3942
32.8634
34.5234
20.5722
20.5818
20.6276
20.741
20.9602
21.3101
21.8409
22.6167
23.699
25.1609
27.1251
29.3728
11.4442
11.4997
11.5857
11.7986
12.1855
12.7786
13.6382
14.8328
16.4157
18.4261
20.9692
24.0744
-0.203415
-0.30495
-0.0346624
0.494099
1.3254
2.49317
4.03997
6.00707
8.41379
11.2493
14.5564
18.5296
-16.8298
-16.0459
-14.8848
-13.4286
-11.5168
-9.18854
-6.44898
-3.30186
0.237971
4.13051
8.32644
13.1829
118.429
12.8525
75.2974
49.069
-75.6649
23.8099
81.3469
-88.0008
61.6006
-88.0702
48.5233
98.5361
80.9487
39.1345
-81.9393
-22.2395
-79.4306
-89.8257
79.7509
63.0767
-59.106
77.4155
61.6666
-74.8921
52.5182
82.4627
-69.2469
122.04
-76.6193
81.2631
92.9468
51.1511
35.7276
-12.6895
59.8116
63.5531
45.6673
40.9755
89.5291
85.1785
-50.6878
-87.96
-77.8726
76.5866
-85.3473
48.3877
60.8322
25.6252
126.267
-79.9114
49.6408
31.5791
-75.8716
-79.0876
199.233
-73.302
80.0772
74.2065
80.0067
63.5603
18.1744
166.95
156.207
-64.0885
45.9972
-85.6028
66.3427
71.1806
18.8323
152.083
76.145
16.4926
-81.4882
-26.6573
118.947
49.2284
-77.1386
61.1831
-86.0314
33.4537
19.6894
77.5073
60.7194
64.9014
77.4596
79.0903
75.5523
22.3519
74.6
-24.8484
-76.3564
-89.4931
-82.5266
72.9396
87.0223
-41.6888
81.9284
77.88
62.2465
58.634
63.3081
-67.8682
-86.454
-69.5106
75.2857
61.7158
83.6436
-40.6826
11.6432
83.0619
75.7542
76.394
69.5761
40.0998
-76.0245
-82.7435
-60.5932
179.274
72.8775
54.2371
146.31
-89.9502
63.0951
155.061
77.1971
-1.53267
220.666
-37.9093
80.6195
82.1443
72.7002
-76.9464
-81.8252
85.2512
101.927
115.045
161.599
75.9404
124.411
51.7677
4.91959
-77.4815
-7.64952
75.8949
79.8965
71.668
81.4845
90.9627
74.5792
-79.5443
-89.2821
124.781
62.308
59.137
-85.0592
-76.1792
39.7051
74.0825
67.8831
77.8152
56.5699
-80.8117
81.2157
172.086
184.89
86.4632
70.1624
138.258
131.441
-31.8832
78.2488
-21.2261
-88.8605
-64.8966
62.2676
93.9044
78.5168
-75.8594
61.6087
131.388
51.5787
-86.5266
75.6016
73.5133
119.856
-50.2191
61.4134
-87.6632
69.5557
79.9972
68.4813
79.0481
27.8177
45.5236
75.4435
-48.578
54.0591
-76.2916
-80.4736
-28.8883
62.0657
97.7306
141.522
54.8574
81.2609
43.3312
70.9636
-30.822
60.1037
54.4197
40.0824
-76.9252
-89.6458
133.014
-30.1135
74.4403
80.914
79.5424
65.2659
-85.2944
-42.748
88.5768
64.208
110.975
80.8275
76.5847
-88.305
-82.792
-21.9229
133.738
209.594
5.46581
56.8258
-82.7
18.7134
57.8019
131.48
169.955
192.587
84.8909
79.3955
80.3596
77.5308
72.0641
12.0075
88.8317
47.8595
84.6111
-82.3899
117.084
73.0073
5.05638
-65.4321
112.137
-70.9239
54.1565
-83.5077
131.929
77.417
104.436
-75.0608
65.4175
118.575
-26.4094
-80.4405
79.6786
61.5504
-74.2334
61.1664
-88.0262
86.6141
87.3637
78.581
50.2689
12.146
77.0793
52.0884
58.1775
-38.1775
-77.7257
77.1142
75.4351
101.394
16.8639
109.554
-83.7436
121.023
99.1515
56.1738
80.2187
-82.5059
75.5367
55.431
30.6656
110.337
-18.9843
67.7183
-77.7442
75.7985
81.3744
-28.6743
94.8258
-79.222
186.029
86.363
-84.1383
90.0084
78.2695
77.4019
6.19104
82.3874
-55.5988
35.4235
74.2544
86.3783
181.401
81.3681
196.68
160.471
7.72307
-86.6697
-70.7167
60.0313
91.2838
68.5252
-89.2384
4.38997
72.0835
77.4008
85.399
80.25
79.5819
76.2661
54.6513
74.6214
61.6919
32.698
76.3422
103.141
154.523
-42.6847
113.254
135.23
40.3082
-85.7097
123.35
64.692
64.4813
44.328
51.3811
83.4444
-25.6966
179.475
75.8458
65.5001
-78.9386
52.3043
74.5578
162.25
117.017
136.724
75.1601
53.7742
-63.7795
110.021
63.0641
86.6168
-49.9731
-50.1379
81.1067
104.019
52.7117
74.5922
26.7063
-80.0362
-87.0278
82.6381
-40.5054
63.8169
70.647
75.3851
172.526
74.2177
-63.4161
130.779
-62.9926
0.448214
50.7095
136.036
54.8661
82.4715
72.6635
162.472
68.4188
-76.8906
-86.8387
80.1258
1.6664
10.1361
47.2794
100.733
68.0429
-85.5475
-81.2801
55.4092
212.456
-88.1614
-7.49264
58.1868
-29.3685
68.5061
126
114.657
73.5981
-67.2544
160.342
77.0481
126.715
42.1074
-89.137
66.9469
67.5221
62.3238
-80.4355
-66.8116
122.032
-50.4575
58.7211
-39.7836
-67.7184
-85.8504
66.4862
-11.5663
86.8549
80.8269
-25.3052
86.8203
-11.2407
137.819
-77.6411
63.6701
-75.5735
-89.1867
-15.6551
-77.4366
91.4018
8.09199
77.3941
62.1127
-64.9106
108.924
59.4485
-74.7602
-10.5888
-83.2553
143.574
100.488
54.0177
58.0733
81.4228
28.9542
78.5056
-84.3763
97.6003
81.1685
-53.3898
45.9905
82.5466
82.8895
75.817
-63.3407
107.224
216.607
170.439
53.9026
30.5701
6.93684
145.556
63.578
128.563
192.913
79.4261
69.7719
99.0987
-81.6914
209.689
16.7227
82.9751
77.9641
76.93
63.9109
221.687
118.272
78.2529
153.587
-72.4587
147.339
162.547
32.5709
-81.1271
100.649
30.7024
-83.2148
72.8404
164.667
59.183
-60.5309
51.4176
-20.8578
71.1422
-15.5695
49.0127
72.3875
-87.6706
72.1513
114.535
135.494
24.8281
66.654
95.2744
73.8568
-15.3175
119.114
56.7388
127.491
88.3185
59.1427
70.1365
-74.3765
-75.9716
87.6989
40.115
107.544
131.378
91.2181
123.516
-60.9822
43.3718
146.218
59.4392
81.3224
49.5376
67.4438
81.3078
64.6939
143.358
80.013
78.0274
-53.7994
-86.7077
-88.1507
84.7696
35.7837
62.2735
124.671
17.5491
-88.518
81.562
-90.1762
53.1741
115.507
71.4034
102.099
84.5459
75.4673
-81.7761
42.0062
86.5876
36.7393
-42.8484
37.4189
21.0699
73.962
-76.8595
179.145
-61.7764
157.03
68.8642
77.999
-75.3046
-89.6308
31.6682
76.8574
79.2883
54.9699
69.07
66.912
124.09
51.7862
150.429
60.6708
74.4373
85.6835
117.209
-17.8443
97.7096
-11.1916
69.523
79.0681
132.336
33.1446
77.4501
65.2886
38.5073
59.6666
76.8086
65.9111
71.5141
38.9677
136.739
82.9422
79.7043
-25.2365
192.818
82.165
-20.1984
-80.9128
72.8549
98.9853
-79.5091
68.8531
-1.49635
-0.582488
35.2914
74.1506
-80.1541
176.706
194.044
-67.6639
62.8489
140.859
-88.5638
-18.2288
75.0762
102.919
-81.0522
-53.0142
87.1106
66.7052
-78.8924
-8.0192
-57.1554
-82.5237
4.26919
81.2647
-9.73821
-77.7224
144.519
36.21
86.3412
-85.2069
62.5249
-65.9616
23.1002
-78.0003
115.15
11.5812
92.2132
69.5124
156.239
85.3904
-4.37607
75.8364
8.51677
-88.515
-82.5922
86.085
108.824
104.757
85.6481
78.6038
64.8727
56.2451
123.673
90.0513
73.4187
39.7795
-85.6987
83.2923
-82.7298
92.484
57.3907
-45.6895
-16.9476
2.26897
81.2636
77.3243
64.1825
-57.2628
58.6334
175.303
87.5395
-82.2689
24.5393
74.0493
-80.6468
-84.4817
65.6751
78.7391
-22.9879
-82.8347
75.8649
-40.1708
81.7316
137.981
147.475
87.0717
52.7602
55.498
65.7724
68.1029
102.56
-83.716
26.5883
94.9
-80.5996
74.1459
73.3156
55.0183
75.1412
-86.4962
78.6953
88.3609
147.446
5.81229
68.4096
62.4675
83.4747
74.6099
69.1357
-81.4763
76.8213
84.2479
60.6683
2.21321
73.529
61.0195
-85.6551
85.2897
104.568
12.1586
159.503
-85.0036
-89.5678
74.9304
-84.403
74.3035
35.2586
52.7661
146.937
62.1254
-77.2968
57.4875
76.7368
56.4677
112.851
-83.6527
-72.3294
47.8813
-23.2701
19.3007
96.0385
84.2333
89.6894
-53.9026
26.4838
63.3278
55.0473
151.353
-85.1612
45.5751
-81.56
161.099
80.3662
-60.894
-72.2564
69.8828
-51.5938
-78.0081
-65.5791
106.531
32.5992
64.3515
66.2082
199.058
43.4084
60.4268
29.8303
-82.652
74.0057
79.2835
-77.1985
79.0234
144.708
-25.7189
209.357
80.7885
-27.0984
59.2167
81.7333
95.9103
-86.5797
90.5105
58.007
62.3824
-27.1775
60.0258
-88.0734
1.57098
62.9747
-75.1632
101.669
-80.4456
-78.1189
66.844
-79.5351
96.9279
-81.9917
-80.8564
-4.53381
63.735
-89.0829
-74.9061
81.3727
-80.6788
80.9832
76.5848
86.6982
28.875
110.604
-70.3197
91.3152
3.0743
183.968
66.2687
-35.7542
-79.6059
97.4233
63.3278
93.6254
42.1546
-83.5681
79.2488
65.6455
-75.5224
-77.4982
37.0301
42.9413
42.2528
-19.3941
-79.7651
67.0214
-64.7836
-20.07
67.0737
109.899
-72.2305
59.4391
63.3578
105.832
-79.6905
73.2116
-87.2705
143.638
-88.3264
-34.039
71.5476
52.4677
-46.1736
59.2024
60.5091
89.6096
96.2131
-52.9181
-20.9155
-87.2546
78.757
32.8684
184.682
64.3573
-17.7723
59.5949
125.616
-81.5938
-50.7723
53.3926
4.54028
-13.6416
-78.3775
133.109
81.2304
65.0147
80.2157
90.9179
97.9647
109.53
89.8047
-79.0971
-78.8574
81.3978
8.14881
109.54
61.5177
106.902
81.6654
-1.78772
192.969
64.7408
196.733
80.2785
-87.1659
-25.8799
-83.5775
24.8378
72.4925
80.1203
80.3475
99.6538
-68.9716
81.3104
67.3945
13.0813
94.2564
57.5096
90.2571
-78.0017
87.7815
75.5274
93.1297
-80.082
59.9632
-84.8506
-71.1355
165.702
96.0824
132.935
-88.8901
116.52
98.3456
-68.1505
-83.4684
-61.4042
77.5964
77.9723
86.4641
-5.59276
128.089
69.4701
-80.828
122.06
157.345
42.4297
108.075
47.5527
59.5974
81.7694
154.916
-79.3563
124.28
52.7552
-88.7613
21.9245
99.9156
76.183
6.82891
79.7234
86.1441
-81.4636
-79.1239
-79.6066
60.109
9.87023
-27.6912
-86.7331
-88.7505
28.2386
-81.0905
97.5041
79.3879
100.209
64.0335
86.1396
75.6711
-25.7446
-46.8325
74.4112
194.406
-85.7814
85.5925
-13.073
108.205
92.3495
81.392
71.2077
-75.2181
55.4891
65.6807
-40.5088
151.936
58.4788
39.4485
53.8653
90.4258
61.2698
15.9131
70.9127
38.0119
84.9008
-85.0503
80.5185
-87.9293
-24.7602
79.4568
-81.172
60.8615
73.5036
73.3683
67.2638
-65.8644
10.7753
141.466
-87.5007
63.9329
65.55
157.747
72.2723
69.6317
-85.0591
-76.3636
-12.9574
166.989
15.6802
67.0442
80.3901
71.8146
81.5543
-88.3366
-78.3517
-87.2159
64.9888
80.4231
66.9641
133.001
176.824
-77.6704
-28.543
110.212
-15.8388
80.8793
69.0447
-45.9236
-71.938
29.2772
-84.1457
-65.9394
-55.2297
7.97368
63.4089
139.281
66.0793
-68.8087
74.1706
58.6849
-90.5127
-76.7906
62.3962
11.9668
41.0848
-75.0092
53.4795
56.4729
89.9059
-24.8196
160.554
-12.9761
101.208
80.6132
44.9568
69.2453
-68.3925
77.1261
111.17
17.9094
94.999
65.7535
68.4477
31.2485
151.417
-77.0965
-78.2743
97.3243
140.619
44.9845
82.0856
-85.737
-69.6542
-34.3507
-14.295
-18.2183
-57.5865
57.2643
83.3024
103.495
60.9017
-12.1019
96.0836
10.7474
53.6822
50.8952
80.7568
-61.9069
-78.9644
46.9723
133.87
112.162
-72.8318
81.8263
-44.8451
82.4975
76.3877
-86.3688
-15.7325
-86.3717
69.6281
78.2876
-76.4321
-78.4808
44.5391
85.5346
-79.216
63.0924
-57.9226
-76.6207
74.3672
21.4205
26.3007
-78.1178
-57.6643
-12.2517
-89.4823
-85.9256
157.953
-78.897
81.0482
31.7848
-78.2875
-76.3935
84.2559
212.992
-69.0349
97.8803
-69.7839
-36.9348
-75.286
23.9726
102.987
-76.0499
-87.1148
185.236
-80.0497
95.3111
5.39744
81.7155
18.4918
65.7887
-20.5661
-2.91326
-75.641
54.6688
68.3955
73.3414
134.345
-78.1619
-78.4347
50.0761
42.0925
-67.2269
46.4289
114.653
101.747
33.4885
82.005
-85.9975
-71.5869
89.0687
102.944
52.7386
129.157
61.2382
73.5077
49.1104
9.23611
-28.5729
79.0347
57.2274
67.1207
133.787
19.2373
-81.2862
1.72883
43.124
-15.1016
-87.1811
-81.7864
66.1172
36.3953
62.2329
57.6437
-73.686
73.8961
-77.7325
41.6707
77.4014
61.2049
80.2284
16.9956
70.5048
98.2077
9.86634
84.4756
100.783
18.8426
67.2585
76.7671
82.1264
79.2196
-12.3528
56.4415
93.3018
57.8137
77.8501
80.5901
79.9061
188.792
202.761
71.2352
63.2458
-83.9429
79.0193
95.081
-49.2167
102.709
72.619
53.6527
59.8398
-80.0356
73.0408
111.061
158.531
93.7648
77.3465
-78.9953
73.9796
84.7687
-10.2678
-83.1678
26.2876
-86.6861
140.572
41.9627
-89.064
-74.0013
11.8326
-73.3536
4.85571
-4.61915
208.904
109.787
78.0157
16.2604
127.033
-68.3681
84.137
-77.0952
72.7994
81.5325
26.4014
-74.1899
-85.7479
85.3384
-28.0545
-78.5172
-78.1589
75.6359
-47.404
-74.3947
164.862
-18.8739
-10.6782
72.2833
10.0854
0.49586
31.0105
63.4678
71.0513
31.3371
-78.6676
70.9638
85.4749
-87.623
-47.5211
142.871
63.3935
77.1867
80.6077
100.985
-89.0133
-83.3895
61.5414
74.3314
51.7186
53.3798
-82.3975
42.3368
59.7869
-86.8696
79.2143
19.5304
148.042
103.269
70.275
72.7907
133.923
101.921
-86.3603
63.3812
60.5332
79.8212
91.6315
52.9693
81.1969
74.0795
82.5426
-87.5509
79.1415
78.1257
176.9
-38.0506
65.5127
46.6591
78.0199
50.9477
57.4261
65.1704
84.1248
80.7211
61.449
-14.446
175.325
14.7752
38.4532
74.3987
69.2635
-62.7653
79.8492
18.3464
92.0729
-56.8451
161.314
-64.5997
-59.7139
97.93
-56.5948
48.023
119.226
68.623
-28.3038
83.4605
3.92438
59.683
70.9517
50.7489
107.989
186.874
119.89
41.6261
112.428
32.8082
89.8292
109.574
61.3429
36.0747
62.5135
96.7712
30.4139
80.4546
2.48125
94.5058
-77.8579
75.5498
-1.27819
-85.303
-4.83467
-72.476
106.116
-79.1636
-81.6751
36.7452
-54.0776
149.251
83.6707
170.282
-67.9093
-88.5307
81.9828
67.046
30.3608
117.293
103.614
60.7613
-82.7837
82.6409
58.1407
-90.0601
35.8943
142.792
85.7201
40.5175
-77.6265
59.6003
116.999
-64.8095
11.8512
88.5989
67.6907
81.7558
64.8934
78.0925
99.0167
69.1266
71.7762
-63.494
-81.5924
45.3929
62.7347
56.4879
69.6334
114.06
63.7986
77.8609
59.9185
-81.9214
140.83
-84.8133
194.602
66.7341
76.8909
54.2055
96.3038
167.831
87.1569
98.1522
43.0751
83.6704
124.357
115.829
68.5511
-82.8343
77.4425
-45.385
-67.7301
49.1371
83.4889
81.1591
64.8344
-52.7122
60.4146
100.9
203.101
28.8824
56.7635
79.8289
120.563
85.0491
-43.724
55.3063
-9.79943
70.0496
8.60722
96.0689
123.245
38.6614
166.981
80.7539
71.6944
187.017
71.1185
113.7
-78.7494
80.2944
60.2947
44.4668
-81.9253
-83.3745
-3.81168
-75.6618
58.6419
73.2412
-50.6981
-87.3683
79.5653
69.9274
167.706
26.182
76.238
95.1213
53.9604
66.645
-85.5644
60.9428
-79.8684
-80.3123
-87.8948
52.133
73.911
-1.41542
-84.4462
-64.03
69.0963
-53.19
173.143
83.0559
-68.4346
-76.6319
68.9283
86.5867
69.1229
77.9913
-79.921
-87.0714
60.6925
15.3686
-88.2081
80.9225
81.3885
217.529
170.78
167.653
41.8504
0.610763
82.7863
74.7682
83.0332
60.8018
84.2088
68.2899
74.0253
22.8968
82.7548
43.0838
79.5243
79.2066
70.7509
-45.401
-81.564
59.6222
64.5315
84.7248
78.6704
73.2901
22.492
5.78248
-66.7684
104.667
-55.3403
88.8358
97.0451
78.3217
88.9593
103.232
48.9951
148.381
58.698
39.1467
-78.8948
-6.47725
-27.5798
59.174
-78.8533
162.452
-70.8526
80.2674
78.2186
-43.575
69.2853
136.887
125.73
183.235
-71.9401
-65.1146
94.2242
-80.6258
73.5325
95.9714
54.4598
-85.6543
40.9218
69.33
60.5179
66.803
93.4825
61.8081
64.3578
105.505
79.7941
78.8498
201.773
-81.8488
98.1232
96.6238
96.2343
106.801
-67.9918
7.98999
94.5643
-79.1188
56.2833
-70.1346
77.7194
78.3184
-80.5781
66.8299
89.8754
83.7057
49.0833
-52.239
80.4719
69.0259
-79.4613
57.2757
116.227
-55.8518
65.7234
81.9011
75.4087
38.4887
-51.4206
47.6249
22.6319
57.9572
82.8861
-35.9946
20.6254
-79.7027
58.6369
-82.0747
61.2454
61.8909
-61.2034
-85.7038
137.013
-73.079
47.6402
71.6714
54.4092
-83.6859
-81.8254
-77.9704
74.5271
142.155
80.6824
-78.4285
93.195
42.6397
51.4709
-7.59439
165.046
-78.6209
-67.345
133.875
-48.6427
82.2348
-52.1238
-61.4156
-73.2968
71.5572
-80.5
-69.3699
60.4246
88.6147
127.043
94.2807
178.119
59.9452
63.1906
110.625
109.836
-79.3012
88.3541
71.2601
-56.2974
61.0653
13.8386
80.7341
80.8938
-76.9636
118.623
28.8535
89.7671
-80.8782
-41.7639
29.8102
-78.412
20.7685
76.4733
-86.4117
29.9295
-67.0208
125.649
-89.883
-2.7583
16.7038
76.1279
84.965
61.2135
113.527
172.609
114.402
-86.4306
80.3162
69.0549
-86.2565
-88.268
182.109
217.93
221.988
72.1636
63.2515
-76.5897
-87.0777
82.9693
26.4743
76.8006
91.9826
31.5129
-13.6845
-47.2026
-1.70613
-80.0389
56.2264
78.4399
140.812
-78.7946
-76.9928
-86.9512
168.956
81.5784
25.7326
78.932
-83.7579
74.6288
-78.5249
111.39
124.07
-67.6928
-84.595
107.732
-76.2435
39.8328
104.958
75.9177
74.7187
-72.2191
79.8034
7.06313
-81.9842
-1.30035
13.6414
118.823
159.932
-73.9437
53.6546
74.8077
55.784
-72.0352
72.3366
86.2362
-4.20818
67.5668
106.66
183.401
71.6068
-77.6774
-35.8937
33.8251
78.7711
73.3581
163.687
72.9576
65.6096
74.8614
-77.8523
55.4163
64.2052
131.893
124.28
60.2576
67.3719
1.60565
-88.468
131.499
-25.583
41.4106
80.7836
-65.0987
76.3067
41.1955
-53.465
164.532
3.57457
-47.4843
-3.99145
-73.8806
76.2412
152.48
141.188
75.1458
126.82
100.374
-82.2652
-75.8981
-80.9528
101.311
79.5362
84.9783
68.9084
-47.586
97.0754
-86.9289
84.6089
20.6173
-89.2944
93.4197
-78.2868
-75.5735
83.0878
-77.8281
183.493
44.7169
-53.7047
113.199
-42.9511
-79.5284
18.0382
-85.8019
139.132
80.7735
-82.6867
14.7544
130.607
63.9531
-84.5593
46.205
66.2378
206.653
128.22
-74.3814
174.867
-78.8276
-83.7343
119.274
-81.2975
14.142
131.784
37.7818
-84.0625
9.11772
77.3265
83.0066
72.7991
-46.3424
-47.8337
58.3937
-87.204
-81.3887
113.752
-78.9068
-37.3818
66.3538
55.475
-79.1634
-82.2963
-20.1967
61.6063
-71.34
-40.4899
47.76
-17.3747
36.021
80.6974
-65.0097
-31.7218
3.60787
14.2235
-1.87729
138.641
46.0965
134.388
44.579
18.7134
103.011
74.4837
136.401
205.893
-8.45799
172.583
-80.1914
58.0118
-77.7649
3.32298
-15.5587
60.5639
-36.0428
53.6675
5.67138
78.2978
81.3118
150.766
-48.4914
-4.68951
91.1711
99.3351
79.972
156.355
-78.7724
-85.0609
71.91
-21.0369
-90.0478
51.4609
-85.7349
-89.7378
71.4702
70.3191
138.13
78.6241
-87.5629
37.6854
-60.2053
135.514
59.8925
114.187
-88.4785
-17.1968
68.6318
84.5072
124.515
165.282
117.648
93.7722
-74.9018
36.9361
56.6182
-30.8558
89.9845
61.8991
106.364
77.8877
-80.4872
22.0107
4.79168
115.406
114.675
61.2204
60.4447
34.3607
-88.2746
130.387
122.748
-66.8367
73.2033
-79.697
124.011
62.4384
66.5486
31.7761
33.4633
67.5255
41.6774
-19.6711
120.373
68.3335
92.3668
71.1082
82.6091
87.9913
2.45374
89.2472
116.657
-45.6091
92.1368
-78.8159
-65.2067
-76.1048
84.0011
56.4133
-78.168
81.0138
-72.8924
11.0684
56.0057
-46.9548
7.44306
51.7336
63.9841
176.079
-85.5052
-21.6763
72.866
80.9398
-20.9993
178.287
80.9444
83.3714
72.6183
80.2059
90.2032
108.226
146.601
-67.8408
61.5518
-3.62259
43.2051
73.2318
71.4701
83.419
28.5138
-81.0063
27.5284
83.5359
-68.3954
-79.4202
26.5119
55.4582
34.2135
60.2509
55.0731
-78.7601
78.9909
111.403
79.721
43.1092
43.296
72.1232
10.7194
144.795
103.119
145.462
121.964
-59.9306
8.50817
59.0293
76.8534
57.9616
81.8208
-60.7447
145.285
-80.4697
42.9237
204.045
-78.7706
90.9867
-65.1152
89.4509
45.9246
1.21935
64.3152
144.08
80.2359
-86.3852
68.5738
74.8587
84.6886
210.549
61.7011
-6.7206
71.4488
82.762
87.7365
51.0912
62.7777
78.8044
90.1796
-33.8006
42.1102
-49.8946
95.6871
9.45578
84.8704
75.0578
129.716
138.653
24.6296
69.6127
82.7968
64.8746
90.6094
-46.0977
50.1246
27.8997
79.711
-75.9871
155.76
190.661
69.0025
57.6301
-77.6066
54.5017
64.8345
187.032
-67.2311
-25.2272
-50.66
-72.9586
5.54199
81.1269
80.0014
109.775
-75.0676
75.4162
75.4048
-79.966
177.394
-82.6867
86.2394
78.3897
177.858
71.1641
-73.7425
57.9754
78.0033
58.3112
66.5217
179.739
33.214
-72.8393
63.3548
64.0819
56.0021
-7.85438
-67.9459
105.584
-86.0707
79.1744
-83.8864
-77.0321
76.2893
118.199
63.9627
-57.7341
102.905
-65.4901
25.3107
-11.7604
82.1372
-83.1647
117.252
134.996
80.8454
-51.1524
4.30875
91.9093
78.0301
-13.6294
149.734
-75.4195
55.3407
163.57
-88.2534
7.23598
80.8387
3.99389
82.3838
75.9439
82.8683
48.4507
-87.9576
109.896
77.8056
-80.2659
-42.0665
-82.3033
78.8941
-22.7402
31.5708
88.723
94.0977
170.619
-65.7734
-66.1683
61.0245
50.8059
70.1726
32.9676
126.637
79.006
69.5519
71.3432
-75.3025
3.39465
102.446
143.471
123.33
148.804
61.5051
167.028
11.2874
79.1446
91.1497
-82.0584
89.2887
14.1171
-90.0053
12.749
51.1882
37.1886
194.976
44.9839
-76.9812
-57.0585
47.1826
22.5455
18.6389
-0.769369
82.3495
104.191
69.2838
-79.357
80.9388
50.8585
138.627
56.2099
129.851
-35.8616
149.208
-84.9285
74.3261
-55.7732
32.2061
-33.2068
188.215
69.7206
95.9822
10.1711
137.667
21.8779
-58.3657
-52.9509
80.2732
-72.6667
61.8211
74.3594
-80.6627
37.8086
82.6965
106.608
-84.0856
130.473
-57.9705
-73.0784
96.2933
67.8133
-35.8869
68.5922
-86.5972
-84.953
-52.0515
46.7146
-79.1665
103.829
59.2945
101.087
157.671
34.7275
-79.2822
7.82638
171.677
147.828
202.331
187.562
107.632
162.622
116.55
79.877
-45.112
72.6128
-80.6968
78.8619
71.5756
-67.2229
46.0296
83.195
193.07
-87.1122
67.5868
45.7336
-78.804
-30.3485
64.8378
-89.9785
56.6442
129.589
-78.0663
169.834
-72.9791
81.0975
27.3888
-89.8525
-1.14198
80.1014
-3.10883
59.8916
-87.4549
81.1416
59.033
-86.0353
100.176
75.8203
80.6655
80.7447
79.1071
-43.9809
42.4543
84.513
77.427
-83.656
-71.513
-71.0122
81.2316
-29.4107
-74.5196
63.619
14.9175
63.446
80.9253
84.0921
36.6219
-18.707
40.9846
82.2765
-84.0491
95.2752
-78.6781
74.1627
58.2436
-26.1272
71.7997
65.4523
56.8804
36.3699
-88.3639
46.7809
-53.2656
-52.6242
-44.5852
62.5853
80.6279
65.3713
-50.8344
-75.2549
-78.3584
-8.35892
76.6563
66.4682
-79.0974
68.341
79.6641
142.052
-38.1782
46.6703
-82.465
129.758
79.6949
80.1035
-87.5463
62.9028
79.9206
81.3004
119.782
50.7301
98.6232
181.255
149.836
-72.619
48.6418
194.445
-76.3914
160.028
81.7892
72.1914
72.8049
9.96665
76.3863
40.5658
-62.4354
7.27091
-60.5063
125.739
-85.1316
101.732
24.1754
-0.441904
86.4877
77.8443
-88.4289
113.322
55.7255
-72.4405
74.5414
1.54399
-43.9741
96.2366
-72.9554
-35.9735
82.4077
62.3228
-63.2872
85.5122
80.6413
-89.581
63.938
84.005
63.6732
195.37
-4.15859
124.482
59.6631
81.7774
61.1062
27.6215
111.841
52.8446
37.2472
62.1947
180.978
168.794
39.9709
54.017
62.4204
-88.8148
-82.358
-40.028
-88.8848
33.5684
-5.25518
-78.8838
30.338
59.2814
82.4011
41.1264
77.4765
81.4363
81.8921
-27.8116
196.07
76.2966
62.8161
-5.68035
60.4693
30.6709
67.8583
85.6116
45.0957
-77.0012
53.1098
-78.2543
-84.5094
-58.8913
169.062
-68.014
115.67
-83.5103
64.161
114.747
81.6022
58.8352
100.826
130.118
52.1947
-54.0046
206.961
62.5408
-85.4601
72.178
88.2513
103.482
111.159
74.2967
-82.1241
-9.36788
178.292
67.6181
-81.6629
39.379
-81.213
179.153
50.6034
-81.6682
81.9647
-23.15
68.2617
80.7394
-5.7739
-51.4706
-84.4645
57.764
-71.6302
-84.7388
-88.4635
41.9915
59.4889
80.4076
-84.5058
23.834
149.923
144.638
61.2321
-35.671
-21.9499
69.8764
-20.5768
87.6642
49.454
-85.2665
71.6259
65.6668
62.2224
16.6067
-66.275
69.3748
-49.8233
-46.3392
62.9424
-76.2997
78.0593
10.4985
-87.044
-14.3292
20.8182
-78.9045
221.311
72.0886
98.2315
86.8386
74.3682
-70.2373
60.8917
-81.9346
48.0661
-81.4275
-84.3859
188.173
79.9367
65.7375
201.132
-62.279
-80.5473
-77.6783
59.8259
-70.1695
65.4604
190.019
-89.3118
56.9124
20.2226
52.5598
84.1971
92.4929
1.46974
52.5377
117.457
36.3075
69.3111
50.8229
102.792
89.9305
-80.1948
83.7293
109.994
-82.8629
43.6713
26.39
28.9592
57.6914
75.5777
-76.8935
80.6033
102.763
-53.7184
-82.5973
-81.7947
-0.0315148
-89.4718
27.7121
79.8712
140.608
-80.1483
81.3606
85.7865
147.807
50.9463
-23.87
-28.1899
127.42
34.8484
104.705
92.6271
37.6292
58.0213
21.612
75.8588
77.5157
24.5393
-85.715
82.3499
20.6565
33.3175
48.3298
81.6519
70.977
123.721
-59.4076
-8.38745
-47.6846
147.049
73.1929
59.227
26.6265
79.4032
37.2992
69.3157
33.6424
94.3231
64.9887
75.826
61.488
91.2052
68.0896
-64.112
161.127
107.844
-83.5554
42.3266
34.1254
87.3222
-38.3324
73.6242
181.049
134.955
-18.7467
11.1916
-29.4385
-0.645852
47.4296
75.1263
83.5512
60.8721
47.0785
38.3218
71.2893
20.1293
-89.786
61.2403
148.482
89.6316
138.666
50.3122
74.0558
77.9349
67.3655
60.7801
-84.342
-12.6669
-54.3978
46.8712
76.3614
143.828
62.5436
86.6967
-33.7253
45.7854
-30.8896
-78.2772
-73.6471
54.8026
-81.6262
-30.3996
122.697
52.0746
79.4847
-44.8134
151.539
181.224
69.0946
65.6964
79.3323
-88.6518
80.9828
-9.26795
116.971
78.9464
-59.1227
-74.7427
157.734
65.2775
63.5927
43.4536
-74.4923
81.3944
164.113
83.2213
20.7924
82.3331
62.607
52.5042
44.8216
-84.1668
-64.6146
69.3761
55.1704
81.2193
179.953
84.6691
105.977
-28.1149
79.6454
127.337
72.7717
17.3972
77.5339
82.6892
48.4991
69.1739
-87.704
66.7797
10.0407
150.867
78.6823
4.23016
213.71
94.1557
56.8221
176.234
85.1466
57.2613
59.078
-48.0459
82.0954
63.1428
-39.3934
174.335
84.5006
93.5679
212.985
17.8397
131.178
63.1138
215.654
61.1539
-87.6828
-78.6083
-11.6855
53.5692
73.8176
50.9048
-75.1621
73.3367
-67.99
68.0697
-88.9051
75.0148
-82.234
80.5979
129.833
76.9731
82.4607
223.894
123.971
82.5282
96.034
-30.0919
99.8963
-56.9131
-11.1944
149.235
70.5195
-5.10457
80.1466
-12.7511
-88.3507
-10.0273
-36.7164
-88.0252
-76.5071
79.9699
-65.9858
76.4915
-39.5515
-81.6029
138.703
2.86987
64.2862
101.346
-58.4617
-3.94796
-87.7029
71.1938
-32.7904
-64.6808
38.1854
65.2357
35.2051
65.2704
45.4713
76.0894
107.907
90.9664
60.2303
-64.3379
-34.8897
66.8253
-58.8719
-73.7792
154.727
195.974
143.913
-82.542
87.1588
-78.262
81.7924
-0.168984
51.3204
65.5354
-80.4479
170.531
87.2874
80.7441
149.396
-38.2023
-2.49088
-71.2273
-36.4388
96.2015
-83.219
-32.3983
-85.6134
23.2368
85.9305
121.589
66.2321
-78.1387
-68.9542
87.8036
-21.8271
-84.9129
-76.4469
-10.566
62.7417
81.0565
12.9401
26.0393
72.7677
-75.7961
12.036
-48.8637
122.307
71.2223
-79.705
20.4153
77.031
0.390709
63.4538
-79.3891
82.2078
-54.5762
127.919
-29.8493
-69.6311
71.1392
67.8162
-78.6155
82.0529
85.9551
162.45
88.1181
-55.234
-60.3426
78.7984
79.2353
77.6004
83.038
45.8846
-42.6557
84.241
-46.1946
75.4825
150.827
-80.0102
-87.1021
88.4811
-43.6957
-17.6464
58.0034
21.2581
121.73
-48.93
42.7804
107.572
126.319
-8.63718
73.9809
82.8212
71.9709
-8.81816
205.726
182.141
154.044
128.509
66.1796
-80.0915
60.8985
-13.7673
150.851
49.1981
106.815
-19.9304
66.3812
186.769
154.62
122.493
-44.6665
4.3364
-52.9105
86.3325
91.1278
31.7491
81.6211
21.016
101.426
187.139
37.8265
83.8398
-84.3266
81.2416
80.2741
91.6407
82.253
-63.0988
-49.384
48.4156
162.257
37.7372
-37.0466
-64.1476
6.03576
104.737
153.091
-23.8193
62.2297
39.5787
69.0292
-79.6477
21.5368
-84.1887
210.619
-82.9024
-78.7786
172.919
78.9428
-90.0443
77.9657
72.9087
152.324
61.203
71.8095
90.4259
-1.45822
14.0046
-84.0428
76.903
-79.5358
-48.3543
-43.2847
47.0579
36.7586
95.6525
79.4288
80.4458
52.5934
122.147
-77.8576
16.9106
12.9105
150.811
97.2253
81.0528
84.3863
121.949
-78.0923
37.7632
49.2207
58.3268
17.5523
113.566
116.683
136.144
168.06
-79.5001
-86.0146
-35.4445
-17.248
-9.39118
-87.2756
-76.0151
142.404
-74.8841
48.3858
75.1399
68.4014
65.1204
77.3233
181.562
128.837
-81.6417
-73.5515
76.1048
72.9374
85.6275
180.567
6.23513
-72.5494
41.9031
79.6594
92.2592
80.4833
92.5149
81.4477
-86.5904
92.192
103.946
113.994
27.0608
81.5791
82.3845
61.8709
-79.4327
-85.0788
90.3523
80.344
85.5908
102.651
-43.3086
7.81092
58.8672
10.0275
-86.5679
74.3172
79.9489
80.6412
-55.1378
105.396
57.9371
57.0013
44.7078
8.83648
-43.881
83.0163
-24.2988
15.6408
68.7347
60.9284
-65.0891
74.3458
79.63
189.764
46.1118
-75.6882
-16.934
74.8233
33.1405
-52.7634
75.8793
-68.8068
103.889
78.9193
93.908
91.1964
84.1746
73.9949
74.778
80.0238
22.2378
-80.3889
130.652
134.315
-13.2331
77.0163
-34.0394
29.8552
-47.9621
169.649
78.7762
120.36
-79.2562
-84.8524
100.357
152.371
-88.0031
-87.0742
84.563
119.592
12.4556
-87.6863
67.9798
81.8623
166.055
81.8009
36.0346
18.7731
203.799
-75.6791
18.4819
125.658
77.8282
81.2769
69.3934
83.6918
49.9778
116.543
96.5124
159.643
77.3631
-89.1635
-80.1909
63.2025
14.074
5.59928
-57.0558
68.1666
-27.7697
16.2346
-87.8002
122.936
-68.9485
-87.9601
-17.2765
0.31383
83.9311
57.4439
45.7251
-36.4452
85.5935
117.957
89.6141
-33.9921
-12.0371
-57.4146
68.819
81.0229
-78.6542
92.9608
-60.931
104.075
-76.8851
41.889
-75.2865
-74.948
-75.9272
65.2819
-82.5985
33.129
71.553
-71.5038
88.44
135.112
40.0747
65.865
-10.2996
12.4611
-77.4413
79.6964
137.733
48.0346
9.44367
-22.5314
42.2002
-80.5992
81.7385
-30.8635
91.2807
-58.9222
167.341
69.5998
-7.42229
-87.7678
188.085
-61.9417
58.8356
73.9596
-83.7683
172.37
82.7172
20.0554
-55.3568
-53.5505
-81.5112
-28.7675
-55.8451
63.3967
-36.663
-81.6409
70.0094
84.8053
57.9901
-66.2967
66.8931
125.782
42.012
156.028
61.8867
72.3208
77.8388
-82.8454
146.365
178.233
-38.9984
-70.9882
-57.7066
67.8217
4.88706
-71.4872
-70.1353
120.269
153.45
120.758
-81.2123
79.5762
189.906
56.1988
-89.0013
-80.9503
30.3608
-4.68008
78.453
141.102
170.927
-88.881
81.2441
61.3605
95.2999
188.486
63.4571
28.0688
-76.2669
113.708
-70.044
77.7953
140.295
70.6115
109.645
72.8156
79.1319
-63.3368
205.192
-89.0833
137.689
83.0506
61.6029
187.003
63.4455
107.897
80.4132
-77.8682
52.4224
80.981
79.5631
-75.014
182.323
-70.4633
196.814
109.12
-64.69
-41.3765
-23.2783
-18.6053
-8.26973
60.0544
15.8855
-0.396513
13.4545
-76.7416
167.477
-79.2421
-62.868
16.4057
97.4836
-80.9119
86.5219
82.0153
193.588
81.4823
112.707
-88.0027
-73.4229
-11.2246
-47.7627
-26.9175
77.4354
20.4371
-85.8501
70.807
29.4531
83.5445
72.1951
67.7057
93.9724
133.053
79.619
82.8802
91.7813
52.5031
81.5248
89.522
-56.1114
129.614
59.3676
3.69439
65.4373
18.3297
-77.8902
130.143
133.397
66.5501
58.4015
-49.1513
131.247
142.245
93.3029
-67.9981
-88.5611
108.986
-55.1532
148.494
72.9086
71.798
80.5787
88.534
82.238
90.0451
0.474798
54.8413
59.1371
66.3834
49.9843
73.3601
-90.6908
76.961
76.4894
-85.1686
-38.3618
138.377
-72.6682
39.1809
84.2855
-80.0441
130.332
88.3582
49.8802
-15.2117
68.8481
62.4349
82.7298
-65.1153
202.388
-88.1056
71.0854
150.623
-51.8011
-53.1912
80.705
66.9695
88.1221
71.5819
-69.91
-49.2555
62.9604
71.5554
-75.7026
43.5328
115.798
-87.9855
62.9196
-41.1147
-80.3086
116.698
60.5192
10.0076
132.778
74.0701
26.7179
17.2278
-74.0144
84.3309
59.4931
76.1285
-87.5448
-8.16785
161.817
96.8004
82.2789
25.7645
61.3527
60.9659
-87.3639
83.8323
-28.2905
75.4472
-7.721
155.96
-87.3445
58.1306
108.195
-88.1146
62.2149
163.649
70.3822
-81.0784
58.1412
70.6746
199.705
-85.0995
82.4794
114.421
76.2018
114.421
60.3265
-77.3454
76.2139
74.3569
76.0109
63.9658
82.3087
217.561
-85.3793
-41.0431
21.8093
82.2713
142.498
52.1696
74.7028
-85.6463
71.9966
199.597
-82.2222
81.8281
75.0024
65.6128
-86.1688
209.592
52.6832
45.1502
-78.5662
-35.188
86.8471
-69.6074
-60.702
115.071
80.1641
47.8144
-3.80073
80.7864
78.2922
60.7796
109.402
72.106
153.342
36.3341
78.3147
41.2495
70.096
88.9818
81.7775
-61.371
135.48
65.5491
60.3456
127.433
66.1915
163.614
100.138
21.734
57.7099
52.9724
81.1637
62.7115
124.394
201.271
99.5895
-63.7344
172.256
83.6063
52.0586
65.0858
83.9839
61.3938
-56.9603
74.468
-63.2908
66.7858
85.1488
43.0029
95.6707
-63.338
66.2098
12.5883
-79.4411
174.146
70.6353
168.21
70.8331
81.6254
182.276
-25.0136
84.298
-79.9226
58.9702
85.0211
45.0545
-41.7525
-6.0774
64.4796
-71.2288
41.2479
60.1968
141.683
-41.8897
77.9307
63.7304
47.6
64.1871
79.1291
85.2264
-69.4134
177.308
132.376
68.442
156.82
80.8391
32.2681
80.0784
104.094
-57.4117
55.4479
81.373
82.932
54.7546
-51.7697
119.363
111.052
50.6071
23.6276
64.9583
142.611
148.224
-13.0674
-57.0936
67.7759
70.4661
-27.9993
-53.5001
56.1705
144.086
-84.1415
36.2181
59.163
17.2076
8.50516
82.0817
59.7169
62.0534
-83.1455
82.0085
98.5464
163.248
55.5289
57.2991
-75.3547
87.7218
91.4954
145.72
-39.2297
51.2575
-59.5565
63.1674
83.0719
72.9039
15.1713
11.5578
204.052
0.511497
134.307
82.3482
177.803
105.207
2.53018
81.568
139.55
197.762
76.1317
147.087
-68.8662
142.795
-45.6455
-69.7379
158.425
-80.7537
-64.5813
71.8831
3.10882
72.3002
5.74387
82.7534
-86.6496
-35.1979
120.803
54.1593
76.6897
67.7741
112.823
18.0848
81.8995
46.0116
138.071
42.4683
82.8228
88.7871
197.434
57.6806
67.4424
-32.982
83.6576
75.0555
82.6815
2.12138
72.3459
87.7731
67.2369
15.3436
152.561
108.531
-65.337
-80.3064
175.191
104.532
81.1275
32.5706
-78.3277
64.323
73.3039
2.73266
60.8175
53.2317
76.8001
70.8728
80.3534
82.0564
-22.1719
109.663
83.8003
15.9923
60.7255
25.9749
7.76329
-77.0726
74.2109
-86.2436
146.764
65.6896
-58.3362
48.0217
84.8965
109.822
-48.9927
66.0998
-79.03
66.5107
83.7642
64.5225
84.7775
74.2315
19.4907
80.9756
161.689
51.9083
79.9931
78.1792
-72.8424
-86.2022
51.9099
81.6195
155.26
-63.952
74.7729
79.7518
66.7419
75.4428
-56.6381
60.9999
-75.1005
45.9277
-24.9391
44.548
74.8502
61.512
38.729
103.95
124.602
98.0367
95.08
-55.7132
-78.5003
-72.5624
-79.9331
80.844
65.14
51.4197
50.065
55.5921
64.8466
-70.281
-74.3317
76.0502
51.2985
82.9836
-79.8517
-63.4726
-82.3758
-36.1921
83.3913
21.8019
-2.01534
-79.2763
92.8416
29.5961
73.3582
13.175
-59.2175
83.4484
-59.6925
80.0238
75.8965
-80.3479
87.4972
-79.0428
137.1
71.7274
-72.0881
77.3035
65.7029
90.1803
-40.8016
-89.941
-31.439
-85.9041
82.8228
100.033
31.99
148.722
-79.6287
71.0962
79.6408
149.268
119.594
-80.4755
21.5295
65.1275
127.66
65.1843
-62.6566
43.7793
84.304
81.2632
87.7373
67.5292
-82.8409
-62.7067
63.6178
158.726
61.3354
113.453
46.0617
65.2102
-73.2849
-63.1141
121.654
152.586
6.81028
79.2555
53.9296
45.2491
140.353
-33.7223
81.8769
65.8164
7.5134
-73.4596
-84.5894
-69.2769
117.648
81.6239
-74.6957
33.1955
-32.0979
74.2167
158.724
60.0633
80.4532
22.3659
64.845
-28.0005
95.67
81.254
38.7537
75.3346
-80.8557
-68.8621
136.847
95.0043
-87.3436
-87.1279
133.619
-79.1105
-75.3456
-74.3734
165.448
72.2986
78.3749
-89.4801
40.6682
80.0096
-78.9338
26.2373
48.7262
-73.582
76.6632
81.6368
27.418
87.1306
-29.654
33.7432
70.1588
-53.4048
-72.6993
-7.35644
62.1403
76.7122
78.8859
74.5575
77.0402
75.4468
27.5807
161.891
24.3818
-76.252
63.6803
50.4744
83.7253
40.1199
-50.8381
75.9785
-40.2574
77.9875
80.7687
41.6607
-80.1841
23.2012
-79.635
53.8308
76.9513
96.2884
51.7686
165.532
76.1018
93.8184
60.6951
70.1796
154.721
82.7732
39.9912
77.9166
-2.5508
74.8292
-62.731
-64.5367
73.7957
67.3087
76.96
71.4029
-79.6569
83.6068
120.449
26.0691
107.845
-23.6926
91.7038
-33.9651
72.9426
-79.1087
-63.7522
-4.11398
78.0442
90.0648
73.34
39.5205
59.7257
80.7457
74.2979
33.1302
27.782
155.422
46.5904
60.6334
185.635
60.0338
108.438
-20.3376
77.9267
164.904
186.988
-18.2304
128.78
69.3372
23.6806
83.2492
50.2685
51.6224
60.2286
-71.1474
77.5784
80.9663
80.2544
83.4636
-81.9031
74.3632
184.508
48.1409
59.8449
67.8414
52.8605
-75.379
22.5501
90.9078
79.886
145.712
80.6864
80.0714
80.4005
-28.6207
120.985
27.986
6.01357
81.902
30.0635
81.7856
55.9558
-69.4751
78.7085
75.471
-76.0879
24.537
-43.4924
169.515
199.551
66.2709
31.6166
-73.8333
83.3323
62.3331
150.659
76.7628
-17.5376
-71.4233
103.937
80.0637
-86.2681
-87.2457
-87.5989
74.4438
111.726
81.172
68.4079
158.467
28.5413
-84.2876
48.0035
80.75
161.724
66.1532
-78.7117
181.757
-86.4523
83.9251
146.636
77.6803
13.6907
-81.8317
26.0384
171.684
80.1987
188.209
81.1723
23.7295
81.5711
70.4718
88.8402
176.294
3.99715
152.215
80.2883
55.3258
52.0474
-47.9518
76.4652
72.5918
20.6899
134.983
75.9269
145.577
62.2512
-90.7856
28.7881
-3.62413
96.9782
-60.187
128.873
106.324
53.5842
54.6303
81.4565
-53.6862
-79.5776
81.5047
-86.0119
79.3771
76.3605
66.9574
-16.6905
-76.0237
-37.4202
109.524
-79.9604
45.3763
-78.2372
53.6105
206.683
127.49
-53.716
86.1012
-47.9122
89.7658
82.0029
78.3032
158.795
61.1437
81.778
-66.8239
25.3237
70.8909
-32.4688
82.3091
59.7947
80.6005
-36.9527
-59.6922
-66.5676
77.1858
87.8954
69.6946
45.6674
123.546
54.9175
-65.6557
122.778
18.3047
120.678
80.4433
-46.3224
27.9804
72.7943
-70.8771
-75.626
-88.1229
60.089
-13.2945
80.9064
174.422
19.2912
-88.2136
80.6705
15.6569
85.8332
-3.8727
-1.04705
67.5297
-1.27221
81.4119
127.129
69.6782
80.565
16.728
-89.2679
47.1263
60.3929
-80.508
80.2825
-57.2397
-57.655
81.2403
74.9552
149.874
-76.8105
32.2941
73.7134
69.2849
60.8238
39.071
-4.37848
81.2528
82.8137
115.458
80.8599
58.6451
155.794
19.5358
-72.1058
63.9593
78.5733
81.2752
5.98851
78.6177
-88.4781
133.68
157.483
18.4744
-54.7873
36.1167
-31.0447
69.6101
6.29207
113.942
-44.8226
80.8324
29.0889
78.2459
-6.48043
-25.0129
86.7082
96.1897
40.0774
85.6118
25.9215
62.1185
31.6937
101.601
76.6235
164.468
-40.67
-70.2131
77.9382
82.3897
-73.369
143.558
78.7781
-69.4796
104.242
-77.4414
3.72262
86.4825
66.7605
83.7141
79.9828
61.0915
81.3238
95.1364
-47.8325
-80.7736
-60.4488
80.5843
-79.0958
-62.4165
-90.2525
85.8239
-81.7612
-80.4557
25.8085
-47.5342
84.9262
107.934
-81.7127
99.3828
99.2307
-39.5357
82.0703
75.1464
43.9871
53.8411
172.037
115.116
101.021
63.9402
-76.2956
63.2936
74.1768
33.6973
4.13823
104.639
60.4548
67.3909
63.7157
19.0089
88.7666
60.0514
76.8358
-70.3205
144.297
0.621015
62.2895
-82.085
28.1769
-77.662
44.6174
-1.5677
82.9492
137.826
-12.1861
0.462467
81.8858
39.9818
155.317
-81.7913
-81.1498
76.8505
82.4838
76.0838
175.181
59.3227
50.7747
83.0681
59.8868
-72.8533
-71.5713
80.599
37.4389
75.3641
68.37
85.4483
23.387
65.0322
52.2953
111.58
113.952
-88.4193
94.6366
-62.1271
80.5057
-3.85441
-77.86
-38.5619
-80.6068
168.387
-77.7262
78.2166
-76.0121
174.841
70.1278
62.0604
52.8248
76.1508
86.7292
109.038
79.908
83.8935
114.92
60.8353
66.7684
73.7866
-14.4223
-57.9015
83.6859
-17.5079
68.4176
137.305
1.22024
86.6864
29.1527
63.9858
85.2949
50.2346
62.2678
61.3694
87.1594
126.587
-88.2832
-82.014
167.661
32.0116
-5.7833
81.641
50.7211
-56.8179
31.8123
90.7854
92.1343
-14.1782
-89.248
-77.6621
63.4237
-10.6025
140.743
80.3064
-41.0158
62.377
38.8022
90.7099
32.642
52.8758
166.336
49.4783
-88.236
-25.5203
175.604
79.8839
88.1128
81.894
111.657
54.104
82.6918
)
;

boundaryField
{
    wings
    {
        type            zeroGradient;
    }
    outlet
    {
        type            freestreamPressure;
    }
    tunnel
    {
        type            zeroGradient;
    }
    inlet
    {
        type            freestreamPressure;
    }
    defaultFaces
    {
        type            empty;
    }
}


// ************************************************************************* //
