/*--------------------------------*- C++ -*----------------------------------*\
| =========                 |                                                 |
| \\      /  F ield         | OpenFOAM: The Open Source CFD Toolbox           |
|  \\    /   O peration     | Version:  2.3.0                                 |
|   \\  /    A nd           | Web:      www.OpenFOAM.org                      |
|    \\/     M anipulation  |                                                 |
\*---------------------------------------------------------------------------*/
FoamFile
{
    version     2.0;
    format      ascii;
    class       volScalarField;
    location    "7000";
    object      nuTilda;
}
// * * * * * * * * * * * * * * * * * * * * * * * * * * * * * * * * * * * * * //

dimensions      [0 2 -1 0 0 0 0];

internalField   nonuniform List<scalar> 
6692
(
0.0538013
0.0485104
0.0441325
0.0407366
0.037737
0.0347307
0.0318634
0.0291604
0.0266067
0.0241749
0.0218958
0.0201719
0.0616374
0.0576131
0.0540753
0.0510684
0.0486078
0.0466813
0.0452531
0.0442756
0.0436968
0.0434628
0.0435218
0.0438226
0.0684
0.0655226
0.0630558
0.0610057
0.0593606
0.0580968
0.0571845
0.0565867
0.0562652
0.0561805
0.0562964
0.0565767
0.0740547
0.0719689
0.0701989
0.0687406
0.0675771
0.0666865
0.0660456
0.0656291
0.0654136
0.065375
0.0654915
0.0657423
0.0787678
0.0772208
0.0759077
0.0748235
0.0739551
0.0732871
0.0728037
0.0724902
0.0723316
0.0723151
0.0724274
0.072656
0.0826982
0.0815208
0.0805152
0.0796773
0.0789995
0.0784729
0.0780886
0.0778378
0.077713
0.0777069
0.0778125
0.0780222
0.0859855
0.0850667
0.0842738
0.0836046
0.0830553
0.0826234
0.0823053
0.0820968
0.0819939
0.0819932
0.082092
0.0822862
0.0887443
0.0880153
0.0873734
0.0868248
0.086366
0.0859988
0.0857272
0.0855495
0.0854626
0.0854647
0.0855566
0.0857378
0.0910747
0.0904913
0.0899539
0.0894966
0.0891067
0.0887813
0.0885422
0.0883886
0.088317
0.0883205
0.0884044
0.088574
0.0930653
0.0925978
0.0921183
0.0917338
0.0914106
0.0911022
0.0908843
0.0907477
0.090697
0.090701
0.0907726
0.0909314
0.0217967
0.0255377
0.0280111
0.0305792
0.033658
0.0373558
0.0416638
0.0465315
0.0518922
0.0576701
0.0637821
0.0701848
0.0442877
0.0449659
0.0459781
0.0473794
0.0492179
0.0515293
0.0543311
0.0576214
0.0613766
0.0655553
0.0701056
0.0750092
0.0569845
0.0575501
0.0583391
0.0593822
0.0607099
0.0623508
0.0643282
0.0666577
0.069345
0.0723843
0.0757607
0.0794845
0.0661073
0.0666042
0.0672694
0.0681203
0.0691746
0.0704498
0.0719624
0.0737257
0.0757496
0.07804
0.0805986
0.0834499
0.0729888
0.0734366
0.0740197
0.0747483
0.0756314
0.0766784
0.0778984
0.0792999
0.0808905
0.0826769
0.0846665
0.0868861
0.0783286
0.078738
0.0792621
0.0799053
0.0806718
0.0815652
0.0825892
0.083747
0.0850426
0.08648
0.0880658
0.0898321
0.0825712
0.0829501
0.0834293
0.0840097
0.0846919
0.0854757
0.0863606
0.0873463
0.0884328
0.0896207
0.0909124
0.0923273
0.0860049
0.0863592
0.0868031
0.0873353
0.0879542
0.0886568
0.0894393
0.0902977
0.0912311
0.0922359
0.0933138
0.094476
0.0888261
0.0891602
0.0895752
0.0900691
0.0906396
0.0912804
0.0919852
0.0927449
0.0935635
0.0944284
0.095346
0.0963216
0.0911692
0.0914865
0.0918779
0.092341
0.0928724
0.0934591
0.0941023
0.0947782
0.0955118
0.096267
0.0970626
0.097894
0.0755754
0.0652194
0.0559703
0.0475784
0.0399558
0.0331698
0.027406
0.0229995
0.0196168
0.0163918
0.0130312
0.00928322
0.0832773
0.0753702
0.0685872
0.0624384
0.0566683
0.0511301
0.0457256
0.0404333
0.0352088
0.0299386
0.0244838
0.0187077
0.0920274
0.0864611
0.0809511
0.0754143
0.0698466
0.0642291
0.058521
0.052664
0.0465941
0.0402457
0.033553
0.0264572
0.100206
0.0953386
0.0902673
0.0849814
0.0794911
0.0737873
0.067838
0.0615929
0.0549925
0.0479736
0.0404762
0.0324458
0.106712
0.102199
0.0973829
0.0922638
0.0868393
0.081091
0.0749826
0.0684638
0.0614758
0.0539537
0.045832
0.0370472
0.111841
0.107573
0.102954
0.0979764
0.0926215
0.0868588
0.0806438
0.0739224
0.0666305
0.0586981
0.050052
0.0406211
0.11591
0.11185
0.107407
0.10256
0.097278
0.0915186
0.0852294
0.0783489
0.0708065
0.0625257
0.0534254
0.0434293
0.119182
0.115307
0.111025
0.106302
0.101093
0.0953485
0.0890041
0.0819918
0.0742356
0.0656512
0.0561513
0.0456554
0.121841
0.118136
0.114006
0.109402
0.10426
0.0985374
0.092151
0.0850273
0.0770833
0.0682272
0.0583659
0.0474165
0.124038
0.120471
0.116484
0.112006
0.10691
0.101216
0.0948016
0.0875891
0.0794784
0.0703716
0.0601688
0.0487685
0.00502124
0.00188367
0.00186627
0.00250949
0.0033466
0.00458369
0.00630412
0.00848431
0.011197
0.0145214
0.0185395
0.0233467
0.0122915
0.00563264
0.00267237
0.00322574
0.00430187
0.00571915
0.00754734
0.00976628
0.0124373
0.0156231
0.0193973
0.0238471
0.0186834
0.0101074
0.0042049
0.00406992
0.00535716
0.00693605
0.00885692
0.0111041
0.0137244
0.0167697
0.020306
0.024416
0.023644
0.0139106
0.00610301
0.00500761
0.00643592
0.00815457
0.010152
0.012418
0.0149863
0.0179001
0.0212117
0.0249681
0.0273983
0.0168174
0.00792401
0.00599894
0.00749556
0.00933762
0.0113983
0.0136748
0.0161918
0.0189826
0.022088
0.0255621
0.0302438
0.0189859
0.00947393
0.00699671
0.00852445
0.010466
0.0125785
0.0148596
0.0173271
0.0200057
0.0229281
0.0261397
0.032417
0.0205994
0.0107302
0.0079603
0.00950777
0.0115295
0.013684
0.015966
0.0183869
0.0209642
0.0237205
0.0266827
0.0340847
0.0218053
0.0117415
0.00886769
0.0104384
0.0125246
0.0147129
0.0169931
0.0193705
0.0218548
0.0244581
0.0271931
0.0353495
0.0227035
0.0125728
0.00969812
0.0112895
0.0134332
0.015657
0.0179379
0.020277
0.0226774
0.0251411
0.0276683
0.0361534
0.0230567
0.0130324
0.0104811
0.012233
0.0144555
0.0166644
0.0189135
0.0211999
0.0235178
0.0258543
0.028216
0.000919683
0.00315172
0.00688174
0.0110893
0.0154744
0.0199643
0.0245061
0.0290196
0.0333856
0.0376943
0.0423338
0.0472085
0.000690523
0.00192296
0.0048425
0.00841325
0.0120619
0.0158918
0.0200016
0.0243561
0.0288616
0.0334348
0.0381526
0.0430477
0.000408588
0.00120078
0.00307315
0.00596541
0.0101683
0.0145511
0.0187806
0.0229523
0.0271299
0.0313562
0.0357047
0.0402962
0.000428353
0.000962262
0.00246269
0.00479362
0.00824676
0.0129205
0.0177049
0.0223836
0.0268283
0.0309834
0.0349359
0.0389648
0.000387924
0.000846684
0.00214225
0.00415932
0.0071341
0.0113835
0.0164917
0.0216246
0.0266046
0.0312044
0.0352544
0.0389094
0.00037799
0.00075916
0.00191129
0.00371229
0.00636683
0.0101609
0.0152707
0.0207153
0.026143
0.0313156
0.0358857
0.0396293
0.000365246
0.000699502
0.00175088
0.003402
0.0058326
0.00930485
0.0141436
0.0197689
0.0255301
0.0311801
0.0363609
0.040593
0.00035904
0.000655909
0.00163083
0.00316757
0.00542671
0.00865328
0.013172
0.0188368
0.024833
0.0308504
0.0365688
0.0414602
0.000355496
0.000627061
0.00154769
0.00300135
0.00513209
0.00816856
0.0124193
0.0180097
0.0241606
0.0304561
0.0366079
0.0421484
0.000355234
0.000609564
0.00149506
0.0028923
0.00493527
0.00783803
0.0118935
0.0173604
0.0236182
0.0301389
0.0366383
0.0427179
0.000357105
0.000599279
0.00146354
0.00282391
0.00481019
0.00762452
0.0115469
0.0168947
0.0232441
0.0299703
0.0367669
0.0432917
0.000360244
0.00059283
0.0014439
0.00278048
0.00473046
0.00748726
0.0113205
0.0165699
0.0230125
0.0299419
0.0370015
0.0438694
0.000363767
0.000588088
0.00143019
0.00274974
0.00467464
0.00739177
0.0111632
0.0163343
0.022876
0.0300268
0.0373603
0.044575
0.000366972
0.000583465
0.0014178
0.00272209
0.0046255
0.0073095
0.0110297
0.0161284
0.0227491
0.0301289
0.0377341
0.0452134
0.00036932
0.000578111
0.00140396
0.00269178
0.00457264
0.00722319
0.0108938
0.0159206
0.0225761
0.0301855
0.0380933
0.0459307
0.000370603
0.000571772
0.00138726
0.00265583
0.0045099
0.00712119
0.0107348
0.0156795
0.0223016
0.0301001
0.0382934
0.0464394
0.000370939
0.000564825
0.00136841
0.0026157
0.00443954
0.00700633
0.0105556
0.0154079
0.02194
0.0298597
0.0383066
0.0467669
0.00037065
0.000557845
0.00134852
0.002574
0.00436633
0.00688602
0.0103663
0.0151188
0.0215285
0.0294874
0.0381271
0.0468685
0.000370168
0.000551561
0.00132943
0.0025346
0.00429764
0.00677348
0.0101889
0.0148469
0.0211308
0.0290784
0.0378685
0.0468514
0.000369715
0.000546237
0.00131136
0.00249793
0.00423464
0.00667177
0.0100306
0.0146062
0.020776
0.0286806
0.037585
0.0467998
0.000369456
0.000542078
0.0012945
0.00246399
0.00417686
0.00657959
0.00988941
0.0143956
0.0204714
0.0283286
0.0373219
0.0467277
0.000369466
0.000539122
0.00127917
0.00243304
0.00412413
0.00649575
0.00976196
0.014208
0.0202045
0.0280193
0.0370973
0.0466923
0.000369701
0.000537199
0.00126533
0.00240486
0.0040758
0.00641838
0.00964368
0.0140331
0.0199541
0.0277176
0.0368628
0.04661
0.000370139
0.000536124
0.00125313
0.00237978
0.00403239
0.00634822
0.0095354
0.0138716
0.0197209
0.0274268
0.0366311
0.0465561
0.000370761
0.000535721
0.00124251
0.00235773
0.00399391
0.00628542
0.00943732
0.0137233
0.0195029
0.0271418
0.0363774
0.0464257
0.000371513
0.000535806
0.00123341
0.00233869
0.00396053
0.00623058
0.00935099
0.0135914
0.0193067
0.0268768
0.0361288
0.0462887
0.000372369
0.00053626
0.0012257
0.00232247
0.00393195
0.00618339
0.00927632
0.0134768
0.0191354
0.0266423
0.0359065
0.0461816
0.00037334
0.00053695
0.00121931
0.0023088
0.00390777
0.00614317
0.00921226
0.0133778
0.0189864
0.0264362
0.0357107
0.0461023
0.000374414
0.000537801
0.00121408
0.00229745
0.00388753
0.00610943
0.00915803
0.0132931
0.0188571
0.0262533
0.0355304
0.0460321
0.000375562
0.000538831
0.00120986
0.00228816
0.00387084
0.0060813
0.0091125
0.0132215
0.0187469
0.0260937
0.0353612
0.0459326
0.000376776
0.000540023
0.00120655
0.00228073
0.00385734
0.00605833
0.00907506
0.0131623
0.0186557
0.0259614
0.0352209
0.0458522
0.000378037
0.000541324
0.00120419
0.00227522
0.0038471
0.00604052
0.00904549
0.013115
0.0185827
0.0258585
0.0351259
0.0458554
0.000379361
0.000542704
0.00120281
0.00227163
0.00383993
0.00602744
0.00902295
0.0130773
0.0185215
0.0257684
0.0350437
0.0458712
0.000380808
0.000544066
0.00120265
0.00227009
0.00383593
0.00601928
0.00900814
0.0130516
0.0184771
0.0256938
0.0349498
0.0457902
0.000382345
0.000545416
0.0012038
0.00227083
0.0038352
0.0060157
0.0089998
0.0130364
0.0184524
0.02566
0.0349354
0.0458509
0.000383963
0.000546796
0.00120656
0.00227445
0.00383864
0.00601724
0.00899715
0.0130272
0.0184355
0.0256408
0.0349565
0.0459581
0.000385632
0.000548225
0.00121092
0.00228122
0.00384704
0.00602564
0.00900257
0.0130252
0.018421
0.0256155
0.0349797
0.0461775
0.000387307
0.000549705
0.00121682
0.00229113
0.0038608
0.00604241
0.0090199
0.0130376
0.0184183
0.0255813
0.0349202
0.046158
0.000388997
0.000551208
0.00122418
0.0023039
0.00387948
0.0060672
0.00905002
0.0130701
0.0184462
0.0255922
0.0349186
0.0462259
0.000390738
0.000552507
0.00123298
0.00231946
0.00390285
0.00609964
0.00909205
0.0131211
0.0185038
0.0256525
0.034999
0.0463818
0.000392476
0.000553622
0.00124313
0.00233768
0.00393064
0.00613886
0.00914414
0.0131867
0.0185825
0.0257445
0.035131
0.0466576
0.00039417
0.000554587
0.00125448
0.00235824
0.00396241
0.00618425
0.00920526
0.013265
0.0186777
0.0258551
0.0352754
0.0469377
0.000395768
0.000555413
0.00126684
0.00238083
0.00399763
0.00623529
0.00927512
0.0133559
0.0187901
0.0259867
0.0354375
0.047218
0.000397288
0.000556169
0.00128022
0.00240528
0.00403595
0.00629126
0.00935293
0.0134593
0.0189216
0.0261458
0.035633
0.0475474
0.000398801
0.000557162
0.00129471
0.00243145
0.00407678
0.00635084
0.00943612
0.0135714
0.0190674
0.0263283
0.0358579
0.0478816
0.000400372
0.000558966
0.00131042
0.00245953
0.00412022
0.00641384
0.00952344
0.0136887
0.0192214
0.0265277
0.0361223
0.0483078
0.000402071
0.000562332
0.0013275
0.00248984
0.00416676
0.00648052
0.00961453
0.0138088
0.019376
0.026724
0.0363806
0.0487712
0.000403854
0.000567668
0.00134614
0.00252282
0.00421712
0.00655204
0.00971095
0.0139337
0.0195319
0.0269104
0.0365912
0.0490431
0.000405609
0.000574762
0.00136653
0.00255896
0.00427228
0.00663015
0.00981573
0.0140683
0.0196985
0.0271101
0.0368279
0.0493929
0.000407317
0.000583186
0.00138862
0.00259841
0.00433304
0.00671638
0.00993139
0.0142161
0.0198793
0.0273218
0.0370653
0.0497001
0.000408897
0.000592731
0.00141288
0.00264185
0.00440001
0.0068119
0.01006
0.0143808
0.0200803
0.027555
0.0373198
0.0499832
0.000410222
0.000603169
0.00143901
0.00268898
0.00447333
0.0069176
0.0102035
0.0145659
0.0203075
0.0278198
0.037613
0.0503171
0.000411219
0.000614354
0.00146692
0.00273948
0.00455244
0.00703283
0.0103619
0.0147731
0.0205649
0.0281213
0.0379418
0.05068
0.000411856
0.000626172
0.00149645
0.00279288
0.00463644
0.007156
0.0105332
0.0150009
0.020855
0.0284693
0.0383154
0.0509576
0.000412121
0.00063883
0.00152777
0.00284943
0.00472522
0.00728588
0.0107146
0.0152449
0.0211734
0.0288754
0.0388246
0.0516087
0.000411976
0.000652147
0.00156076
0.00290917
0.00481893
0.0074222
0.0109037
0.0154978
0.0215019
0.0292935
0.0393541
0.0523044
0.000411405
0.000666631
0.00159628
0.00297277
0.00491817
0.00756621
0.0111018
0.0157593
0.0218351
0.0297039
0.0398431
0.0528664
0.000410333
0.000682188
0.00163427
0.00304074
0.00502427
0.00772002
0.0113129
0.0160369
0.022186
0.0301298
0.0403351
0.0533921
0.000408639
0.000698888
0.00167483
0.00311311
0.0051373
0.00788414
0.0115385
0.016334
0.0225617
0.0305864
0.0408685
0.0539944
0.000406194
0.000716767
0.00171799
0.00318998
0.00525739
0.00805846
0.0117784
0.0166497
0.0229617
0.0310738
0.0414332
0.0545957
0.000402894
0.000735917
0.00176395
0.00327185
0.00538493
0.00824284
0.0120316
0.0169828
0.0233841
0.0315915
0.0420459
0.0552976
0.000398667
0.000756646
0.00181326
0.00335909
0.00552047
0.00843792
0.0122981
0.0173317
0.0238237
0.0321258
0.042672
0.0560022
0.000393317
0.000779242
0.00186646
0.00345269
0.00566539
0.00864587
0.0125804
0.0176983
0.024281
0.0326736
0.0433028
0.0567128
0.000386532
0.000803963
0.00192416
0.0035538
0.00582152
0.00886926
0.0128821
0.0180878
0.024763
0.0332432
0.0439352
0.0573189
0.000377687
0.000831133
0.00198718
0.00366376
0.00599081
0.00911066
0.0132069
0.0185047
0.0252755
0.0338489
0.0446315
0.0581428
0.000365576
0.00086104
0.00205654
0.00378438
0.00617569
0.0093734
0.0135589
0.0189528
0.0258197
0.0344756
0.0453012
0.0587534
0.000347891
0.000894125
0.00213365
0.00391869
0.00637933
0.00966134
0.0139433
0.0194405
0.0264099
0.0351557
0.0460423
0.0595194
0.000320953
0.000930726
0.00222027
0.00406949
0.00660673
0.00998011
0.0143657
0.0199727
0.0270479
0.0358806
0.0468142
0.0602686
0.000279921
0.000972558
0.00232093
0.00424435
0.00686941
0.0103425
0.0148399
0.0205635
0.0277475
0.0366642
0.0476341
0.0610514
0.00024146
0.00102518
0.00244168
0.00445367
0.00718452
0.0107755
0.0153956
0.0212446
0.0285407
0.0375368
0.0485273
0.0618764
0.000232684
0.00110037
0.00259289
0.00471237
0.00757447
0.0113144
0.016089
0.0220788
0.0294898
0.0385588
0.0495508
0.0627921
0.000241194
0.00119684
0.00278656
0.00504296
0.00807266
0.0120036
0.0169793
0.0231579
0.0307132
0.0398457
0.050814
0.0639167
0.000258029
0.00130474
0.00303702
0.00548311
0.00874218
0.0129307
0.0181744
0.0246047
0.0323574
0.0415851
0.0524958
0.0654054
0.000284382
0.00146357
0.0034232
0.00617134
0.00978574
0.014356
0.0199757
0.0267445
0.0347464
0.0440702
0.0548514
0.0673529
0.000364034
0.00211905
0.00471028
0.00808569
0.0122702
0.0173655
0.023465
0.0306005
0.0388016
0.0480939
0.0585587
0.0704259
0.000970406
0.00410215
0.00812376
0.0128588
0.0181597
0.0239652
0.0302126
0.0368382
0.043781
0.0509636
0.0583247
0.065834
0.000353603
0.0020526
0.00488823
0.00862084
0.0131956
0.0185595
0.0246462
0.0313587
0.0385893
0.0462164
0.0541174
0.0621857
0.000578431
0.00178863
0.0041043
0.00721247
0.0111413
0.0159063
0.0214991
0.0278746
0.0349502
0.0426069
0.0506993
0.0590884
0.000616639
0.00156105
0.00356993
0.00628832
0.00978029
0.0140974
0.0192713
0.0253001
0.0321375
0.0396879
0.0478094
0.0563308
0.000629477
0.00135884
0.00314184
0.00558206
0.00875513
0.0127292
0.0175596
0.0232741
0.0298581
0.0372441
0.0453049
0.0538586
0.000637565
0.00121331
0.00282629
0.00505556
0.00797916
0.0116747
0.0162127
0.0216416
0.0279734
0.0351682
0.0431224
0.0516768
0.00064133
0.00110698
0.00258638
0.00464861
0.00737002
0.0108338
0.0151202
0.0202932
0.0263854
0.0333803
0.0411987
0.0496949
0.000643782
0.00102452
0.00239584
0.00431948
0.0068731
0.010141
0.0142099
0.0191551
0.0250252
0.0318252
0.0395016
0.0479446
0.00064626
0.000958567
0.00223982
0.00404644
0.00645799
0.00955799
0.0134373
0.0181794
0.0238459
0.0304601
0.0379907
0.0463429
0.00064859
0.000904451
0.00210915
0.00381568
0.00610536
0.00905963
0.0127721
0.0173323
0.0228119
0.0292487
0.0366287
0.0448658
0.000650543
0.000859085
0.00199761
0.00361733
0.00580103
0.00862742
0.0121919
0.0165881
0.0218956
0.0281641
0.0353938
0.0435157
0.000652279
0.000820503
0.00190098
0.00344436
0.0055349
0.00824796
0.0116799
0.0159276
0.0210766
0.0271865
0.0342717
0.0422851
0.000653897
0.000787299
0.00181641
0.00329226
0.00529972
0.00791151
0.0112241
0.0153367
0.0203398
0.0263017
0.033251
0.0411655
0.000655395
0.000758584
0.00174201
0.00315821
0.00509011
0.00761069
0.0108152
0.0148043
0.0196728
0.025496
0.0323128
0.0401063
0.000657158
0.000737038
0.0016761
0.00303877
0.00490185
0.00733975
0.0104458
0.0143216
0.0190652
0.0247578
0.0314467
0.0391245
0.000660349
0.000729898
0.00161721
0.00293137
0.00473165
0.00709424
0.0101102
0.0138819
0.0185102
0.0240822
0.0306578
0.0382635
0.000664945
0.000733288
0.00156426
0.00283411
0.00457685
0.00687052
0.00980372
0.0134793
0.0180002
0.0234575
0.0299137
0.0373632
0.000670001
0.000739947
0.00151646
0.0027455
0.00443526
0.00666556
0.00952242
0.0131089
0.0175294
0.0228789
0.0292278
0.0366113
0.000674833
0.000746381
0.00147316
0.00266441
0.00430517
0.006477
0.00926315
0.0127666
0.0170929
0.0223392
0.0285769
0.0358154
0.000679211
0.000751689
0.00143374
0.00258981
0.00418499
0.00630274
0.00902316
0.0124489
0.0166864
0.0218344
0.0279684
0.0351234
0.000683139
0.000755891
0.00139774
0.00252117
0.0040745
0.00614114
0.00880017
0.0121531
0.0163068
0.0213623
0.0274017
0.0344765
0.000686668
0.000759139
0.00136483
0.00245792
0.00397252
0.0059908
0.00859229
0.0118769
0.0159519
0.0209212
0.0268746
0.0338798
0.00068987
0.000761729
0.00133496
0.00239948
0.00387786
0.00585053
0.00839803
0.0116184
0.0156197
0.0205085
0.0263797
0.0333014
0.000692846
0.000764041
0.00131029
0.00234531
0.00378964
0.00571927
0.00821602
0.0113762
0.0153082
0.0201206
0.0259111
0.0327453
0.000695742
0.000767383
0.00129678
0.00229521
0.00370717
0.0055962
0.00804521
0.0111486
0.0150152
0.0197547
0.0254657
0.0322121
0.000698819
0.000772745
0.00129527
0.00224903
0.00362986
0.00548051
0.00788456
0.0109344
0.0147386
0.0194075
0.0250392
0.0316946
0.00070213
0.000779831
0.00130059
0.00220653
0.00355734
0.00537158
0.0077331
0.0107321
0.014477
0.0190783
0.0246371
0.0312342
0.000705531
0.000787669
0.00130797
0.00216727
0.00348918
0.00526882
0.00759011
0.010541
0.0142293
0.0187666
0.0242572
0.0307858
0.000708873
0.000795362
0.00131493
0.0021308
0.00342492
0.00517163
0.00745488
0.01036
0.0139946
0.018471
0.0238944
0.0303448
0.000712082
0.000802501
0.00132063
0.00209682
0.00336444
0.00508
0.00732669
0.0101883
0.0137716
0.0181889
0.0235447
0.029913
0.00071515
0.000808885
0.0013249
0.00206501
0.00330751
0.00499381
0.00720517
0.0100251
0.0135593
0.0179201
0.0232145
0.0295384
0.000718139
0.00081466
0.0013279
0.0020352
0.00325379
0.00491232
0.00708965
0.00986986
0.0133571
0.0176639
0.0228993
0.0291536
0.000721018
0.000819677
0.00132972
0.00200716
0.00320309
0.00483509
0.00697977
0.009722
0.0131644
0.0174194
0.0225962
0.0287791
0.000723678
0.000824097
0.00133053
0.00198076
0.00315514
0.00476178
0.00687516
0.00958102
0.0129801
0.0171842
0.0222991
0.028394
0.000726204
0.000828009
0.00133052
0.00195586
0.00310964
0.00469204
0.00677537
0.00944637
0.012804
0.01696
0.0220254
0.0281187
0.000728623
0.000831545
0.0013299
0.00193269
0.00306653
0.00462559
0.00668007
0.00931767
0.0126355
0.016745
0.0217565
0.0277535
0.000730984
0.000834774
0.00132897
0.00191206
0.00302565
0.00456239
0.00658911
0.0091946
0.0124745
0.0165407
0.0215106
0.0275242
0.000733384
0.000837978
0.00132844
0.00189605
0.00298692
0.00450205
0.00650212
0.00907697
0.0123208
0.0163463
0.021272
0.0272011
0.000735822
0.000841168
0.00132913
0.00188691
0.0029505
0.00444449
0.00641901
0.00896463
0.012174
0.0161604
0.021042
0.0269298
0.000738218
0.000844658
0.0013318
0.00188477
0.00291649
0.00438963
0.00633963
0.00885728
0.0120337
0.0159822
0.0208196
0.0266485
0.000740681
0.000848603
0.00133658
0.00188766
0.00288479
0.00433734
0.00626376
0.00875466
0.0118995
0.0158107
0.0206019
0.0263666
0.000743242
0.00085306
0.0013431
0.00189335
0.00285539
0.00428766
0.00619171
0.00865679
0.0117714
0.0156473
0.0204054
0.0261971
0.000745922
0.000857884
0.00135073
0.00190013
0.00282805
0.00424059
0.00612322
0.00856309
0.011649
0.0154929
0.0202212
0.0259739
0.00074877
0.000863051
0.00135893
0.00190704
0.00280244
0.00419576
0.00605785
0.00847341
0.0115321
0.0153459
0.0200411
0.0257333
0.000751713
0.000868167
0.00136714
0.00191347
0.00277838
0.00415314
0.00599574
0.00838797
0.0114204
0.0152047
0.0198636
0.0254967
0.00075455
0.000873095
0.00137506
0.00191926
0.0027557
0.00411257
0.00593634
0.00830616
0.0113134
0.0150681
0.019687
0.0252546
0.000757392
0.000878053
0.00138275
0.00192438
0.00273432
0.00407419
0.00587984
0.00822794
0.0112109
0.0149359
0.0195172
0.0250536
0.000760321
0.000882646
0.00138975
0.00192873
0.00271424
0.00403771
0.00582585
0.00815328
0.0111124
0.0148084
0.0193538
0.0248471
0.000763361
0.000887156
0.00139625
0.00193245
0.00269532
0.00400307
0.00577442
0.00808174
0.011018
0.0146856
0.019196
0.0246444
0.000766437
0.000891418
0.00140229
0.00193556
0.00267742
0.00397012
0.00572533
0.00801322
0.0109272
0.0145673
0.0190427
0.0244447
0.000769483
0.000895488
0.00140787
0.00193813
0.00266055
0.00393888
0.00567878
0.0079479
0.0108399
0.0144531
0.0188955
0.0242659
0.00077253
0.000899308
0.00141297
0.00194022
0.00264472
0.0039092
0.00563429
0.00788533
0.0107563
0.0143437
0.0187556
0.0240968
0.000775606
0.000903048
0.00141783
0.00194208
0.00263016
0.00388123
0.00559206
0.00782551
0.0106763
0.0142391
0.0186227
0.0239341
0.00077884
0.000906724
0.00142232
0.00194365
0.00261727
0.00385491
0.0055519
0.00776862
0.0106
0.0141394
0.0184962
0.0237779
0.00078224
0.000910378
0.00142664
0.00194537
0.00260651
0.00383003
0.00551375
0.0077144
0.0105276
0.0140448
0.0183761
0.0236277
0.000785749
0.000913945
0.00143088
0.00194744
0.00259857
0.00380678
0.00547767
0.00766299
0.0104587
0.0139552
0.0182614
0.02348
0.000789313
0.000917522
0.0014352
0.00195022
0.00259396
0.00378529
0.005444
0.00761494
0.0103936
0.0138703
0.0181536
0.0233547
0.000792977
0.000921075
0.00143971
0.00195397
0.00259276
0.00376557
0.0054124
0.0075699
0.0103326
0.0137908
0.0180534
0.0232353
0.000796782
0.000924807
0.00144471
0.00195897
0.0025946
0.0037479
0.00538321
0.00752794
0.0102755
0.0137164
0.0179595
0.0231148
0.000800876
0.000928751
0.00145012
0.00196497
0.00259885
0.00373214
0.0053563
0.00748934
0.0102228
0.0136475
0.0178711
0.0230025
0.000805279
0.000932945
0.00145602
0.00197207
0.00260492
0.00371836
0.0053319
0.00745396
0.0101744
0.0135845
0.0177948
0.0229403
0.000809952
0.000937303
0.00146243
0.00198001
0.0026121
0.00370651
0.00531005
0.00742205
0.0101306
0.0135277
0.0177226
0.0228213
0.00081485
0.000941864
0.00146928
0.00198857
0.00262003
0.00369667
0.00529117
0.00739411
0.0100918
0.013478
0.0176658
0.02281
0.000820035
0.000946535
0.00147643
0.00199753
0.00262846
0.00368885
0.0052751
0.00737011
0.0100586
0.0134358
0.0176137
0.0226973
0.000825568
0.00095146
0.00148397
0.0020069
0.00263722
0.00368331
0.00526231
0.00735043
0.0100312
0.0134007
0.0175693
0.0226587
0.000831628
0.000956619
0.00149167
0.00201636
0.00264635
0.00368016
0.00525301
0.00733575
0.0100104
0.0133735
0.0175336
0.0225998
0.000838288
0.000962026
0.00149957
0.00202605
0.00265577
0.0036795
0.00524762
0.00732644
0.00999681
0.013355
0.0175076
0.0225628
0.000845575
0.00096761
0.00150764
0.00203585
0.00266557
0.00368181
0.00524687
0.00732346
0.00999118
0.0133463
0.0174924
0.0225323
0.000853506
0.00097333
0.00151586
0.0020458
0.00267587
0.00368764
0.00525171
0.00732791
0.00999484
0.0133487
0.0174913
0.0225396
0.000862356
0.000979423
0.00152435
0.00205604
0.00268693
0.0036978
0.00526304
0.00734119
0.0100098
0.0133647
0.0175083
0.0225597
0.000872506
0.000985772
0.0015331
0.00206664
0.00269896
0.00371337
0.00528257
0.00736521
0.0100383
0.0133973
0.0175436
0.0225866
0.000884559
0.000993911
0.00154354
0.00207861
0.00271324
0.00373779
0.00531435
0.00740479
0.0100853
0.0134511
0.0176051
0.0226731
0.000897291
0.000996323
0.00154955
0.00208769
0.00272644
0.00376533
0.00535399
0.00745714
0.0101503
0.013528
0.0176898
0.0227186
0.00094426
0.00103847
0.0015819
0.00211982
0.00276554
0.00384522
0.00545278
0.00757042
0.0102744
0.0136579
0.0178215
0.022891
0.000513906
0.000864842
0.00151871
0.002055
0.00269366
0.00378116
0.00540213
0.00754005
0.0102723
0.0136953
0.0179045
0.0229634
0.157756
0.136186
0.125486
0.149371
0.049375
0.0986442
0.137002
0.135337
0.0465301
0.0479403
0.154455
0.139246
0.11706
0.137213
0.121551
0.0535066
0.106541
0.142501
0.136393
0.0834675
0.139421
0.137039
0.119818
0.0935133
0.096075
0.0374869
0.0662346
0.151846
0.140725
0.11547
0.12097
0.145776
0.0552822
0.0789775
0.126315
0.139021
0.12954
0.179554
0.0568672
0.108999
0.115115
0.150764
0.080013
0.0584032
0.12932
0.100394
0.136153
0.137
0.138122
0.137436
0.133093
0.097936
0.198577
0.0761016
0.137336
0.130153
0.175233
0.14007
0.133866
0.175546
0.129382
0.109133
0.107749
0.115489
0.172431
0.0679777
0.115678
0.181024
0.211766
0.109816
0.146263
0.115561
0.137937
0.138959
0.0450906
0.11839
0.125822
0.112503
0.0831221
0.131349
0.0646886
0.104561
0.139559
0.146005
0.0670871
0.138697
0.135477
0.136669
0.13334
0.0985847
0.0727512
0.134582
0.136417
0.138288
0.106157
0.138018
0.0679879
0.062709
0.137942
0.114444
0.106792
0.137947
0.0385601
0.130947
0.0825733
0.11982
0.107428
0.0760152
0.108941
0.105391
0.135453
0.116254
0.127557
0.134987
0.140348
0.119699
0.140039
0.137607
0.132237
0.0468531
0.118089
0.134698
0.125161
0.134439
0.15249
0.0625227
0.160217
0.0759418
0.137756
0.0686293
0.10028
0.0820417
0.0832103
0.137958
0.0913009
0.150625
0.0770387
0.13849
0.13159
0.12487
0.139882
0.17911
0.13215
0.120693
0.110663
0.104252
0.0719018
0.0789695
0.0959564
0.110878
0.100868
0.140031
0.113894
0.145969
0.172812
0.0349882
0.0875708
0.125187
0.101005
0.136501
0.132898
0.0968036
0.136821
0.137721
0.0906038
0.144117
0.0371987
0.13992
0.132204
0.165159
0.139123
0.139448
0.13206
0.138848
0.136564
0.131161
0.133518
0.138117
0.130592
0.121094
0.139429
0.0526379
0.119833
0.0546427
0.108182
0.166454
0.0942215
0.135623
0.0834148
0.130186
0.132466
0.0540178
0.356672
0.100004
0.0282379
0.140088
0.129266
0.122268
0.135286
0.0849423
0.103922
0.0639752
0.135494
0.08316
0.095727
0.127028
0.112519
0.0855866
0.0967784
0.290363
0.123426
0.14008
0.202847
0.13934
0.130818
0.084148
0.0562575
0.0498911
0.113074
0.124305
0.0900047
0.140086
0.0442119
0.078527
0.11746
0.138834
0.138986
0.0735919
0.133149
0.106795
0.057586
0.103324
0.0933268
0.0547512
0.138805
0.134271
0.139165
0.0189164
0.0790721
0.154008
0.0726732
0.127679
0.0932197
0.132984
0.106826
0.136664
0.0794175
0.121834
0.0550421
0.051102
0.11177
0.0709334
0.0503958
0.103216
0.139439
0.0618797
0.0633114
0.123005
0.136084
0.138664
0.133775
0.24371
0.131681
0.137682
0.136525
0.0436156
0.123987
0.125825
0.123561
0.125072
0.131543
0.107785
0.0601371
0.0633291
0.0291202
0.0882183
0.135829
0.133747
0.101389
0.136502
0.134745
0.0505163
0.139342
0.114822
0.139543
0.116037
0.139518
0.0958351
0.121037
0.0822937
0.362979
0.140006
0.139793
0.0984912
0.148731
0.091778
0.14001
0.0421306
0.111471
0.109231
0.13901
0.0826334
0.0914869
0.0699853
0.0911295
0.134066
0.123284
0.134972
0.119526
0.139894
0.38899
0.1338
0.0416388
0.131936
0.129047
0.180528
0.116806
0.193746
0.129388
0.132253
0.232887
0.120511
0.0860709
0.137935
0.095894
0.132018
0.121345
0.0932427
0.128475
0.125715
0.129553
0.151989
0.111131
0.137813
0.122005
0.134358
0.0657367
0.1381
0.163898
0.0850229
0.129665
0.0987178
0.0578877
0.0554623
0.0946634
0.190157
0.137015
0.137413
0.0581594
0.113035
0.102117
0.0829973
0.115882
0.329714
0.0752251
0.139737
0.0963225
0.103588
0.140066
0.140072
0.033281
0.0591307
0.140017
0.102862
0.095225
0.140064
0.124119
0.138252
0.130383
0.0832361
0.139379
0.133359
0.110555
0.139018
0.131922
0.114577
0.137351
0.155612
0.145757
0.0898259
0.134666
0.106543
0.0668236
0.0969416
0.13064
0.122981
0.124428
0.0775935
0.135703
0.136079
0.104874
0.0590923
0.0354492
0.0533465
0.138794
0.0595388
0.138246
0.139029
0.140012
0.0486115
0.0835435
0.0626963
0.138064
0.124135
0.135807
0.154185
0.128711
0.0660797
0.0921863
0.139123
0.124834
0.123663
0.109928
0.127283
0.119413
0.0377011
0.126825
0.077035
0.0356329
0.189558
0.0719553
0.123859
0.107142
0.132993
0.115089
0.136722
0.115215
0.0927829
0.0439594
0.0953012
0.0406344
0.134282
0.130819
0.120551
0.122105
0.112201
0.137363
0.123702
0.0997706
0.140333
0.134609
0.154618
0.130455
0.13732
0.102265
0.132597
0.0462411
0.163205
0.0426919
0.101844
0.189533
0.179246
0.0846451
0.0436872
0.137192
0.134053
0.133356
0.0758497
0.111694
0.0484415
0.13912
0.086938
0.139749
0.128259
0.0965525
0.11664
0.13071
0.10052
0.120894
0.0830674
0.137809
0.140082
0.140058
0.0917494
0.117856
0.0844935
0.0593811
0.11972
0.132602
0.0719661
0.184803
0.132218
0.139939
0.180513
0.113106
0.0764208
0.0605466
0.139111
0.0582397
0.0944684
0.116228
0.0875925
0.220467
0.136318
0.132138
0.131709
0.138661
0.0565116
0.104542
0.135593
0.118809
0.081418
0.129784
0.139516
0.138343
0.0666469
0.136999
0.0471467
0.0624172
0.0525484
0.139741
0.028189
0.0328385
0.12931
0.0718003
0.259073
0.032548
0.118963
0.191727
0.0297674
0.146272
0.104742
0.137742
0.130572
0.071336
0.208597
0.031884
0.042232
0.13696
0.110588
0.140096
0.136904
0.0846943
0.0701998
0.0760176
0.109497
0.0369317
0.15867
0.0281681
0.137894
0.134316
0.136753
0.0282138
0.136243
0.0883252
0.131105
0.16281
0.136816
0.10558
0.150391
0.140065
0.0564333
0.127135
0.0964134
0.171019
0.139658
0.137177
0.118965
0.110996
0.120769
0.133062
0.119151
0.228302
0.15394
0.181562
0.13766
0.125971
0.0859162
0.139904
0.117703
0.10994
0.112919
0.0434386
0.117724
0.137512
0.135152
0.130978
0.177821
0.119442
0.0287957
0.0601616
0.107355
0.0850585
0.0791019
0.138264
0.139539
0.090832
0.0999551
0.0303336
0.139919
0.0867864
0.119484
0.179767
0.128578
0.12505
0.115313
0.131602
0.100173
0.0848099
0.130953
0.0616958
0.0546042
0.108605
0.0620396
0.0945854
0.0678512
0.13924
0.144117
0.139371
0.114592
0.0988756
0.129289
0.110524
0.138426
0.0738741
0.107762
0.114779
0.134191
0.137941
0.0823254
0.138882
0.0784322
0.0869164
0.178988
0.0752103
0.0675068
0.135175
0.0792697
0.0549196
0.105831
0.0426786
0.122157
0.136964
0.0650275
0.128954
0.114209
0.138865
0.160073
0.139453
0.193407
0.121163
0.137346
0.137695
0.122849
0.107093
0.13831
0.0476372
0.0934298
0.109636
0.15592
0.163509
0.0758243
0.066292
0.139149
0.0889093
0.137725
0.133676
0.134541
0.0291729
0.0299876
0.0517086
0.136558
0.03093
0.0520344
0.136764
0.0703656
0.132714
0.137566
0.0802104
0.110434
0.0870525
0.133231
0.133984
0.0478942
0.122356
0.132894
0.14411
0.136563
0.112836
0.0972391
0.101271
0.130466
0.109225
0.0995425
0.139875
0.156396
0.0948961
0.137276
0.0204174
0.136292
0.0417175
0.11046
0.071496
0.133043
0.215698
0.0866733
0.119849
0.150768
0.117514
0.0981627
0.0719685
0.138022
0.128953
0.0749252
0.0866588
0.0735761
0.139375
0.0695881
0.13806
0.104291
0.0703188
0.0437917
0.134313
0.0900884
0.315771
0.177806
0.113879
0.121434
0.16719
0.105044
0.140015
0.11692
0.100563
0.0502403
0.193392
0.0205608
0.0942979
0.136064
0.0781664
0.137724
0.137353
0.103968
0.360405
0.115588
0.112337
0.0906988
0.136347
0.0354987
0.111181
0.1216
0.045185
0.0757653
0.0801122
0.139367
0.0386266
0.1331
0.0650161
0.0934441
0.0844135
0.142573
0.137629
0.0866809
0.0537431
0.137859
0.0731935
0.0975895
0.139947
0.105137
0.143425
0.130787
0.108934
0.12044
0.139595
0.100544
0.0814873
0.132626
0.0562284
0.0446921
0.14295
0.016593
0.0679319
0.13915
0.122024
0.0855383
0.0341613
0.147815
0.0849967
0.127278
0.134166
0.134821
0.104539
0.0951256
0.118855
0.0818334
0.127446
0.152511
0.139399
0.0538953
0.135412
0.157949
0.135828
0.333826
0.0508596
0.133018
0.0912285
0.0642815
0.13211
0.138028
0.131633
0.118269
0.121936
0.118881
0.133599
0.180716
0.139892
0.128721
0.0646734
0.0934136
0.266491
0.137224
0.100462
0.0911211
0.137437
0.0390311
0.0439104
0.174167
0.181569
0.104807
0.136273
0.140064
0.1088
0.1126
0.137024
0.151025
0.0486998
0.100826
0.133425
0.137815
0.13616
0.137484
0.137946
0.119542
0.103178
0.109527
0.139269
0.11815
0.129868
0.161451
0.112657
0.140038
0.18094
0.13926
0.0873994
0.0585524
0.134778
0.0297968
0.139956
0.141413
0.0810213
0.11016
0.111578
0.0705161
0.0889888
0.118982
0.144078
0.102228
0.0963045
0.13976
0.0898183
0.0989957
0.139017
0.116737
0.0976159
0.135192
0.131176
0.138649
0.0619622
0.318007
0.135592
0.127636
0.125807
0.098844
0.119074
0.130854
0.11098
0.0655192
0.137599
0.077713
0.0828045
0.0648387
0.163944
0.115356
0.15979
0.13587
0.235934
0.105006
0.0995974
0.0861643
0.164077
0.136506
0.0788969
0.0300816
0.366325
0.146002
0.131522
0.284248
0.138686
0.0510744
0.139173
0.13647
0.138504
0.0393749
0.387613
0.134624
0.139247
0.0870862
0.0751831
0.133512
0.138712
0.0730489
0.111349
0.139425
0.0389631
0.0883613
0.0559884
0.139206
0.0968864
0.138287
0.0651118
0.10749
0.14005
0.178257
0.126103
0.132038
0.0742978
0.188836
0.143712
0.118554
0.136251
0.137127
0.0915601
0.138904
0.137817
0.107581
0.0664887
0.134232
0.104366
0.0855657
0.116759
0.145083
0.138571
0.0486691
0.105366
0.140034
0.0895139
0.139686
0.139267
0.0838314
0.140057
0.129772
0.13905
0.103582
0.137265
0.137421
0.0591333
0.131804
0.136506
0.0583727
0.137678
0.165563
0.0899328
0.11055
0.0539145
0.127152
0.134267
0.0884434
0.137524
0.136668
0.027599
0.137878
0.0680891
0.137676
0.139904
0.0343057
0.107032
0.136784
0.138202
0.104918
0.0703465
0.138725
0.123554
0.125982
0.0787018
0.124487
0.0985943
0.098323
0.137011
0.129416
0.121696
0.107184
0.175019
0.201847
0.0832069
0.129524
0.108921
0.132723
0.129576
0.0802119
0.0663779
0.143161
0.0627733
0.0983351
0.139652
0.13636
0.135598
0.102067
0.12518
0.0994089
0.0854351
0.100021
0.140078
0.137332
0.0582749
0.139991
0.0941896
0.0573328
0.114815
0.13794
0.174089
0.0601963
0.0639243
0.0994798
0.0620108
0.0361179
0.0891161
0.128922
0.105793
0.113131
0.154621
0.0725347
0.0889209
0.182796
0.0719837
0.118652
0.110541
0.070194
0.0901167
0.0825188
0.129501
0.1161
0.124543
0.0836075
0.135906
0.141618
0.152853
0.0522969
0.13941
0.131565
0.0855936
0.182381
0.17716
0.107122
0.193409
0.144618
0.0926308
0.19541
0.0871075
0.0887112
0.170005
0.139056
0.111876
0.156965
0.178772
0.0651805
0.186603
0.140089
0.136627
0.139951
0.136206
0.0939555
0.0476512
0.139536
0.111196
0.1125
0.028682
0.0376934
0.123238
0.084314
0.032638
0.255378
0.218896
0.129379
0.12798
0.050474
0.175686
0.0684635
0.131569
0.0322129
0.0280521
0.0650984
0.137533
0.126262
0.0300537
0.135396
0.114044
0.0921438
0.119918
0.13393
0.13559
0.102969
0.0854463
0.138905
0.222712
0.139582
0.0387096
0.125839
0.0965753
0.138121
0.137108
0.125096
0.0401773
0.037723
0.144428
0.134886
0.0904827
0.139544
0.127955
0.187648
0.0900288
0.216745
0.0650082
0.139256
0.0249574
0.139753
0.147083
0.13857
0.0943013
0.105558
0.1375
0.123051
0.0365711
0.0504958
0.0797536
0.0646496
0.162465
0.0898628
0.102993
0.0820985
0.128411
0.101169
0.0766473
0.0495914
0.101282
0.0841675
0.128898
0.1426
0.135405
0.134861
0.0899976
0.110825
0.129534
0.0958411
0.146589
0.109703
0.0829042
0.0784701
0.105711
0.104057
0.134607
0.119664
0.133257
0.199893
0.148179
0.13131
0.187971
0.1336
0.0611532
0.098302
0.140094
0.135512
0.128959
0.219613
0.0954572
0.136955
0.115542
0.135563
0.0588052
0.0436809
0.137844
0.0969378
0.0338747
0.069659
0.140014
0.128804
0.177499
0.125799
0.184107
0.140064
0.0647284
0.13289
0.136837
0.135015
0.133468
0.152928
0.121657
0.0935753
0.0655754
0.0721119
0.119062
0.115822
0.0327557
0.124986
0.165621
0.0424543
0.146084
0.128504
0.0776676
0.128754
0.134688
0.139526
0.137714
0.10221
0.0722622
0.140065
0.137037
0.123775
0.0594096
0.134089
0.108255
0.139384
0.0474381
0.154886
0.326489
0.0760012
0.049492
0.0941525
0.0333269
0.13248
0.144766
0.0545263
0.117801
0.141179
0.130285
0.0964097
0.112833
0.0769412
0.136804
0.0727688
0.157534
0.10562
0.0668604
0.0894532
0.153019
0.135015
0.122905
0.0767902
0.139224
0.138024
0.0899043
0.160893
0.134834
0.134304
0.145389
0.15106
0.138567
0.119851
0.125647
0.0436263
0.163383
0.137464
0.138159
0.136892
0.125463
0.183997
0.111971
0.130775
0.138964
0.0838019
0.137455
0.12158
0.185757
0.0945924
0.102822
0.123646
0.140052
0.133556
0.142552
0.0417252
0.0826554
0.153577
0.147018
0.141411
0.0563591
0.137288
0.357447
0.131576
0.103086
0.0798073
0.138538
0.075551
0.13987
0.126538
0.084123
0.143647
0.131767
0.125874
0.0621492
0.0964052
0.119337
0.120656
0.109906
0.125763
0.0897926
0.090852
0.139112
0.0664938
0.0911492
0.134565
0.0530321
0.0213957
0.129388
0.128753
0.134457
0.154249
0.0754545
0.140095
0.13984
0.131316
0.074206
0.0524742
0.114321
0.115963
0.096797
0.0555732
0.115991
0.111518
0.138011
0.0439084
0.145406
0.121079
0.0713713
0.107091
0.139136
0.0962185
0.114086
0.0563209
0.138457
0.156576
0.0941404
0.132942
0.136357
0.133054
0.130431
0.134492
0.126099
0.137259
0.139921
0.128398
0.117348
0.136736
0.0593044
0.169149
0.0697339
0.133032
0.116426
0.107709
0.119387
0.0778184
0.136191
0.0822
0.130266
0.138226
0.146441
0.0501599
0.139052
0.127534
0.130575
0.0866873
0.12353
0.138232
0.139324
0.172512
0.0612868
0.124563
0.0595048
0.144139
0.13401
0.0750086
0.134659
0.117884
0.0860438
0.132473
0.118136
0.0655476
0.134808
0.079515
0.134952
0.0812919
0.102951
0.0580654
0.0728999
0.101443
0.137408
0.161053
0.139722
0.131798
0.188837
0.0932993
0.139339
0.169957
0.113101
0.132647
0.13795
0.0361894
0.138675
0.141314
0.139006
0.134608
0.138222
0.0880821
0.122432
0.097033
0.138387
0.13211
0.140003
0.0559567
0.13863
0.142462
0.12678
0.133983
0.117262
0.13834
0.140011
0.105072
0.129757
0.120194
0.0499994
0.112504
0.0739815
0.138141
0.0898783
0.14457
0.094094
0.13987
0.061275
0.139842
0.136927
0.14006
0.0664979
0.0683878
0.139456
0.169976
0.140068
0.136952
0.123819
0.0894983
0.0497373
0.0271501
0.136784
0.0443514
0.138895
0.0546804
0.138636
0.119362
0.0786901
0.101082
0.139643
0.0849044
0.0596873
0.130539
0.0928079
0.0735388
0.0940423
0.0965751
0.134606
0.0701685
0.136183
0.138631
0.0933019
0.0616832
0.137577
0.0907971
0.0875349
0.0134522
0.140063
0.151302
0.138409
0.119277
0.0361878
0.07275
0.156422
0.124495
0.0675958
0.146498
0.139926
0.13955
0.166821
0.136351
0.097423
0.127609
0.137387
0.10794
0.131443
0.154631
0.127609
0.0796756
0.0411721
0.0412207
0.184583
0.125792
0.150175
0.139235
0.0411623
0.163579
0.049686
0.0601207
0.0303502
0.0373231
0.376824
0.185889
0.0326339
0.025963
0.136745
0.108981
0.0820763
0.118759
0.166029
0.176259
0.0831727
0.134116
0.109139
0.139211
0.136853
0.0395217
0.095799
0.137766
0.0688175
0.114434
0.138053
0.185806
0.344888
0.107083
0.139599
0.0353604
0.172294
0.0937647
0.0634114
0.131426
0.0914331
0.0953887
0.169957
0.0655615
0.12276
0.0443921
0.135858
0.0971596
0.0649678
0.14002
0.13798
0.111759
0.0445298
0.139838
0.138301
0.0541417
0.106701
0.128841
0.100118
0.139052
0.0974644
0.0937578
0.0782947
0.109892
0.133811
0.132586
0.139372
0.133638
0.139945
0.0968649
0.0708608
0.0515041
0.131298
0.136477
0.139986
0.0673218
0.122093
0.0553144
0.126235
0.139982
0.105833
0.138915
0.138903
0.143305
0.182011
0.0865931
0.139858
0.0673134
0.077726
0.140042
0.040715
0.116088
0.140096
0.123798
0.241769
0.130454
0.117536
0.131417
0.128779
0.110664
0.136452
0.130532
0.116063
0.130776
0.13551
0.10333
0.122997
0.12827
0.117961
0.137735
0.0875188
0.140079
0.0875639
0.110186
0.197532
0.0988649
0.0302372
0.0861718
0.139668
0.137828
0.0428816
0.113134
0.110332
0.0552987
0.105131
0.189024
0.0801997
0.137779
0.138214
0.107451
0.0707854
0.127208
0.110244
0.0986752
0.103455
0.0875791
0.13197
0.119261
0.0654676
0.149421
0.118053
0.135906
0.13448
0.0431711
0.135772
0.0445795
0.14287
0.100219
0.189292
0.115724
0.134783
0.118196
0.0621773
0.148794
0.100875
0.0906194
0.119174
0.130703
0.12552
0.139105
0.118747
0.136612
0.142442
0.1382
0.127425
0.0548524
0.0622198
0.158088
0.121219
0.0336575
0.104256
0.243963
0.105051
0.100853
0.0734782
0.101793
0.108646
0.137002
0.0937873
0.0734365
0.0976391
0.099248
0.0801413
0.0723179
0.137624
0.0723927
0.142508
0.127247
0.150782
0.137377
0.0724147
0.105782
0.139703
0.0978474
0.139798
0.0382571
0.123463
0.109941
0.111175
0.0563701
0.0740567
0.037149
0.139967
0.123998
0.0872848
0.0727343
0.139971
0.139057
0.126812
0.0300926
0.152437
0.0869226
0.185065
0.100634
0.083983
0.103757
0.0735091
0.0583453
0.0737443
0.10448
0.134066
0.105185
0.134535
0.10388
0.0683442
0.13341
0.0633207
0.125222
0.0288494
0.0894672
0.0966936
0.121035
0.14008
0.139239
0.137498
0.0553589
0.101678
0.0438009
0.0944942
0.132394
0.143906
0.110844
0.129199
0.0878552
0.152703
0.0868473
0.0433769
0.140064
0.140689
0.12044
0.0511144
0.117678
0.283855
0.127172
0.0942367
0.140004
0.119583
0.104577
0.140033
0.113611
0.274942
0.136885
0.126709
0.237516
0.136767
0.118311
0.137359
0.132504
0.0855833
0.132352
0.0893274
0.139728
0.0292292
0.101655
0.116641
0.125727
0.102485
0.132087
0.076154
0.121592
0.0771969
0.139628
0.0721251
0.0768187
0.122209
0.0652195
0.0799884
0.135834
0.137352
0.0727568
0.071396
0.0299604
0.135481
0.0445365
0.0761584
0.0818466
0.158998
0.125222
0.136687
0.0368333
0.0465607
0.165677
0.137093
0.148533
0.113686
0.139736
0.121758
0.102372
0.10943
0.10673
0.408185
0.110318
0.0394343
0.139462
0.145388
0.129483
0.124875
0.115362
0.0879172
0.0664555
0.0712304
0.0792197
0.139725
0.116183
0.237554
0.120454
0.0572471
0.11491
0.0518637
0.0811527
0.111137
0.0443082
0.128052
0.0544272
0.151156
0.0506322
0.139781
0.0686164
0.139514
0.1376
0.140032
0.100805
0.12399
0.145036
0.140063
0.139691
0.0991362
0.0339896
0.0331957
0.137964
0.0822138
0.13081
0.133452
0.137459
0.140023
0.0285426
0.136303
0.108734
0.13829
0.0899932
0.171347
0.139973
0.139678
0.0913748
0.0634571
0.0908877
0.185649
0.0282909
0.0981766
0.118789
0.0568986
0.247587
0.0941791
0.0561561
0.182811
0.136767
0.115965
0.139232
0.0752856
0.0692293
0.130109
0.115965
0.14004
0.125243
0.0938144
0.0978114
0.0371331
0.0339255
0.138321
0.0281259
0.0432687
0.050119
0.0628862
0.0357836
0.209676
0.0394884
0.064908
0.103729
0.243145
0.138596
0.110694
0.0696585
0.132589
0.126208
0.113084
0.285441
0.1094
0.133532
0.0481876
0.109944
0.113367
0.0859536
0.135795
0.127069
0.130996
0.136392
0.121842
0.135862
0.10819
0.135174
0.137459
0.139511
0.0920115
0.0462046
0.140143
0.197984
0.139239
0.115585
0.0346789
0.134622
0.137676
0.141704
0.03884
0.131923
0.137062
0.055774
0.0470908
0.138961
0.184484
0.123299
0.139206
0.318747
0.0356241
0.115998
0.12393
0.121909
0.096398
0.170772
0.117891
0.131649
0.133092
0.127818
0.129629
0.14172
0.121145
0.123354
0.0333473
0.10263
0.0779377
0.0694749
0.0891774
0.134515
0.102926
0.108507
0.0845398
0.128259
0.112283
0.139765
0.138129
0.127953
0.17085
0.143599
0.133051
0.137407
0.135991
0.0559577
0.135464
0.142453
0.10531
0.0466191
0.17267
0.173244
0.0962319
0.0637727
0.072857
0.0579225
0.033347
0.0960614
0.0689884
0.108328
0.129584
0.131628
0.0792664
0.138287
0.13712
0.11642
0.136301
0.0921
0.0364064
0.0558669
0.110842
0.174839
0.106001
0.0523923
0.0338883
0.0719461
0.1075
0.124831
0.136363
0.081974
0.138388
0.110808
0.120763
0.116023
0.0631138
0.104294
0.16969
0.339383
0.103242
0.13618
0.196723
0.129786
0.128403
0.0755756
0.0511345
0.0587283
0.138495
0.127718
0.110055
0.0236177
0.101466
0.137521
0.0886643
0.0279635
0.135609
0.0503239
0.136794
0.139033
0.132536
0.117718
0.100239
0.106122
0.0809964
0.11874
0.032701
0.0335342
0.135971
0.137803
0.0525721
0.135974
0.144797
0.128851
0.136357
0.122855
0.0687055
0.114499
0.0833251
0.0837343
0.136377
0.0897277
0.0964581
0.139693
0.13589
0.126054
0.0994457
0.0629087
0.317818
0.136737
0.0693401
0.102723
0.0824676
0.169801
0.0237814
0.0496949
0.135088
0.145835
0.127063
0.127938
0.129386
0.134097
0.0334229
0.127668
0.140071
0.13933
0.0582972
0.0665559
0.139447
0.0538042
0.14433
0.0724087
0.337239
0.184131
0.139754
0.135994
0.107441
0.0934034
0.172617
0.132789
0.103131
0.13562
0.0931192
0.254198
0.121598
0.075694
0.114254
0.0350594
0.0350808
0.0663107
0.182456
0.13778
0.139209
0.140018
0.0407933
0.0949359
0.190764
0.135696
0.0661225
0.0360231
0.126022
0.102909
0.0934708
0.168581
0.138305
0.0616238
0.131675
0.111902
0.157673
0.183657
0.131361
0.059147
0.0561241
0.0676579
0.122931
0.104803
0.0671059
0.143096
0.0378916
0.0945088
0.104624
0.13572
0.13549
0.137935
0.12454
0.13891
0.104978
0.0280517
0.116551
0.082554
0.114355
0.0878057
0.104927
0.137986
0.125405
0.139227
0.136838
0.0358649
0.109688
0.13957
0.106226
0.133418
0.128148
0.0704872
0.128394
0.138516
0.0680372
0.13793
0.100559
0.157615
0.139974
0.0780808
0.13921
0.0588707
0.0635711
0.157031
0.14884
0.137186
0.125647
0.102674
0.171306
0.170235
0.135549
0.0768909
0.110521
0.072796
0.135731
0.138418
0.135146
0.14006
0.13447
0.135434
0.136859
0.140096
0.0408964
0.116065
0.100167
0.0353142
0.0944723
0.0935031
0.137482
0.086676
0.140094
0.194457
0.143908
0.0886633
0.135807
0.10192
0.138994
0.127334
0.128753
0.0620372
0.128757
0.139186
0.115933
0.0997003
0.138704
0.143481
0.116078
0.139037
0.139437
0.125954
0.109192
0.135251
0.0769942
0.0321068
0.139022
0.118638
0.0340048
0.0668575
0.139999
0.124084
0.132069
0.0703268
0.100188
0.139274
0.132896
0.074601
0.140049
0.100445
0.124326
0.0423
0.0468688
0.133747
0.0866584
0.143811
0.138322
0.0294163
0.0441269
0.13382
0.140056
0.0354463
0.0722009
0.0767568
0.129488
0.0514924
0.0353304
0.11374
0.156898
0.121248
0.0379738
0.0754923
0.0817046
0.136451
0.0367596
0.0605801
0.300682
0.14657
0.137458
0.124614
0.16067
0.107396
0.197283
0.137268
0.205958
0.0958278
0.134076
0.127136
0.111021
0.120841
0.100706
0.0541873
0.0926564
0.137979
0.0896281
0.140055
0.143478
0.122504
0.0709758
0.17216
0.0414317
0.0841258
0.094508
0.107052
0.126635
0.140088
0.139373
0.08919
0.121042
0.0523902
0.104707
0.138599
0.117096
0.107577
0.138858
0.111994
0.137171
0.0868748
0.123908
0.15944
0.0785048
0.138601
0.139383
0.127266
0.0644817
0.0611548
0.137928
0.0547151
0.114522
0.196731
0.128317
0.038745
0.137826
0.0934562
0.159028
0.140085
0.123727
0.110331
0.133163
0.0398493
0.150204
0.120842
0.143695
0.0166366
0.130165
0.132526
0.0448933
0.0938146
0.143375
0.171505
0.0984083
0.0609649
0.108357
0.103532
0.129922
0.145354
0.140013
0.0993963
0.140065
0.133055
0.091685
0.104991
0.0426088
0.133702
0.136626
0.0824339
0.138629
0.0847119
0.0723503
0.118585
0.123038
0.130381
0.0478407
0.14004
0.125366
0.0653785
0.0416366
0.110692
0.0810774
0.0452249
0.103134
0.09328
0.137455
0.0965214
0.133452
0.137582
0.0715922
0.138076
0.106048
0.106129
0.104665
0.126975
0.133367
0.13752
0.138554
0.114005
0.096741
0.0837759
0.10688
0.129651
0.0462549
0.266705
0.125465
0.0521565
0.128518
0.113396
0.10252
0.130764
0.0898008
0.162877
0.140002
0.14003
0.11141
0.121185
0.0547167
0.139322
0.0754284
0.137586
0.127437
0.0752968
0.0382312
0.139572
0.103947
0.344165
0.139995
0.13771
0.14001
0.123726
0.122671
0.143529
0.0785013
0.101687
0.16367
0.0926204
0.115798
0.0909065
0.0806417
0.0602199
0.134947
0.120345
0.297696
0.127351
0.0778674
0.138356
0.0668242
0.0501183
0.151651
0.0737376
0.0844438
0.11144
0.0824519
0.159987
0.187805
0.0922496
0.137553
0.0501439
0.134823
0.09927
0.0945318
0.140077
0.0585502
0.139688
0.130729
0.135101
0.078882
0.134817
0.113263
0.0387153
0.0759547
0.131121
0.077356
0.0853225
0.0658213
0.108816
0.0351303
0.0992303
0.0189031
0.139992
0.0329444
0.136558
0.0644897
0.0726883
0.0641973
0.118751
0.115122
0.0345314
0.0373361
0.132888
0.178677
0.229815
0.135665
0.0524302
0.0553303
0.187783
0.137978
0.0556332
0.0985662
0.126844
0.0471065
0.0929011
0.138148
0.164978
0.0327938
0.0767354
0.14003
0.0838723
0.0715573
0.0309144
0.0971206
0.0686221
0.138142
0.022058
0.138153
0.0333205
0.0479459
0.0768519
0.132199
0.133977
0.122737
0.0884581
0.0726587
0.139649
0.0146401
0.0672554
0.0578333
0.0404664
0.137152
0.133877
0.122515
0.0785891
0.0554336
0.108984
0.0967815
0.116396
0.132865
0.115155
0.0935147
0.085504
0.139916
0.142293
0.121088
0.0642881
0.139229
0.125654
0.133976
0.121313
0.0773466
0.0990643
0.0752689
0.139851
0.0836166
0.170876
0.0593813
0.159426
0.107188
0.0575785
0.139996
0.13188
0.0727077
0.122731
0.0570126
0.140028
0.13637
0.126954
0.0714172
0.129877
0.046528
0.113721
0.0940713
0.0553548
0.114027
0.157974
0.135185
0.0733222
0.131897
0.134143
0.129588
0.138439
0.137757
0.0563807
0.0441689
0.0734468
0.130584
0.240009
0.0641667
0.139926
0.108276
0.130851
0.0556852
0.0902584
0.137305
0.102617
0.124204
0.190278
0.155427
0.0809962
0.123678
0.112436
0.132613
0.139691
0.0402314
0.0869403
0.0974556
0.070524
0.0930491
0.132439
0.126511
0.0482294
0.127317
0.13823
0.0880483
0.138616
0.0718121
0.12092
0.098285
0.106755
0.179637
0.139305
0.0542021
0.0728523
0.123917
0.054156
0.122102
0.164382
0.136852
0.0833987
0.120997
0.139967
0.116833
0.0290994
0.129833
0.0307921
0.130803
0.115153
0.138146
0.029015
0.116491
0.140009
0.0401144
0.124944
0.138322
0.0591399
0.0810489
0.14838
0.0597845
0.0784272
0.0291756
0.17723
0.12926
0.139053
0.136769
0.030871
0.101227
0.0555408
0.0508967
0.139081
0.145307
0.103606
0.0716812
0.114817
0.102016
0.0992018
0.072987
0.0994749
0.0481274
0.133815
0.0714896
0.18168
0.136567
0.0745194
0.119558
0.0997684
0.0293753
0.0835664
0.0411335
0.104808
0.139464
0.015817
0.0777045
0.136551
0.136856
0.121651
0.19555
0.139693
0.13972
0.0542332
0.0968108
0.178508
0.137701
0.0277553
0.187539
0.133354
0.0557511
0.182418
0.122011
0.0639326
0.0542781
0.133315
0.0324388
0.0928992
0.142543
0.126215
0.274649
0.118924
0.0704838
0.149938
0.152135
0.147968
0.0790912
0.0569308
0.0404322
0.100426
0.100521
0.0666664
0.139849
0.055963
0.0897107
0.118604
0.139495
0.139614
0.105786
0.0331995
0.0726359
0.149533
0.136818
0.0864462
0.11026
0.0337734
0.127331
0.0188776
0.138017
0.082462
0.104371
0.137997
0.0279548
0.136543
0.0932201
0.112095
0.0512755
0.133861
0.077871
0.117974
0.0309142
0.110912
0.131244
0.139369
0.0577932
0.133966
0.137326
0.139299
0.12656
0.127127
0.135902
0.0756729
0.135458
0.13043
0.146555
0.0389058
0.136993
0.103768
0.139769
0.189611
0.0508947
0.0951667
0.0877776
0.136575
0.0536145
0.137287
0.106561
0.129994
0.140045
0.140079
0.179895
0.136871
0.099703
0.0527082
0.0581005
0.0867527
0.121379
0.0772337
0.0426216
0.0478201
0.130554
0.0608002
0.097206
0.0112598
0.0849233
0.0508437
0.045163
0.130292
0.130185
0.137348
0.135445
0.0513467
0.139225
0.131976
0.130662
0.136597
0.131712
0.130422
0.0843428
0.139803
0.128972
0.137177
0.0480809
0.132603
0.127412
0.120629
0.139802
0.120537
0.135422
0.115717
0.0452026
0.136923
0.065839
0.0358939
0.139949
0.137579
0.167472
0.0900664
0.22419
0.121087
0.109115
0.0516631
0.0774653
0.117181
0.120143
0.149727
0.0997947
0.0650786
0.131602
0.0761638
0.114308
0.0638534
0.0940158
0.0446122
0.121109
0.138855
0.138917
0.12381
0.0549287
0.137713
0.111039
0.16613
0.365466
0.051057
0.0991817
0.0793676
0.138774
0.0728061
0.0952159
0.121364
0.157203
0.139668
0.135385
0.161869
0.0435839
0.0251999
0.0645018
0.0659125
0.0956879
0.0372387
0.0817845
0.0883594
0.073407
0.0398457
0.0396803
0.229753
0.109939
0.0802148
0.130593
0.111412
0.104012
0.0921847
0.139116
0.134401
0.135515
0.114647
0.134085
0.0920067
0.137017
0.137234
0.125321
0.045382
0.114054
0.117717
0.0676596
0.133675
0.196796
0.108399
0.117095
0.0548449
0.155592
0.165019
0.0984877
0.0946792
0.122119
0.12569
0.10836
0.0991248
0.0960554
0.122406
0.137408
0.140032
0.0155843
0.0549055
0.102536
0.17406
0.0868897
0.137115
0.0903733
0.0713632
0.0159722
0.132896
0.15085
0.0607128
0.104996
0.13938
0.0262341
0.131059
0.0958275
0.137959
0.138632
0.265567
0.0497627
0.132473
0.139375
0.139363
0.108855
0.0920198
0.0926369
0.116774
0.13838
0.0380261
0.140066
0.0733098
0.130599
0.138962
0.0978003
0.079327
0.0697342
0.325193
0.121928
0.0495535
0.12875
0.114331
0.133926
0.0654509
0.0920865
0.138379
0.0990958
0.0998478
0.0932948
0.076296
0.0377424
0.0825137
0.118148
0.13576
0.106176
0.0640234
0.137299
0.0521891
0.133898
0.14002
0.138555
0.107363
0.0980246
0.120131
0.0931053
0.173869
0.140032
0.136204
0.0456978
0.190945
0.132913
0.139352
0.0898572
0.0739571
0.126405
0.13999
0.0534658
0.137038
0.149628
0.0761522
0.101223
0.140061
0.176384
0.137023
0.0914872
0.100299
0.0848962
0.131679
0.140039
0.0511937
0.096904
0.103585
0.137733
0.0643471
0.137695
0.142283
0.137522
0.0541113
0.0921254
0.215801
0.200952
0.105941
0.136111
0.135002
0.183004
0.140066
0.0892159
0.138115
0.0781718
0.0878504
0.139983
0.0486764
0.132913
0.120032
0.173752
0.295615
0.154357
0.153544
0.138543
0.136736
0.128589
0.133295
0.0631003
0.142128
0.0478041
0.293028
0.135395
0.108993
0.0687174
0.0190711
0.0952102
0.104252
0.122274
0.0871151
0.0119878
0.108395
0.0562469
0.11021
0.139823
0.138079
0.133035
0.0419056
0.106071
0.13843
0.110221
0.242647
0.0340245
0.134822
0.0973134
0.0767039
0.363054
0.0503664
0.0284891
0.13159
0.136661
0.102279
0.137088
0.0979009
0.132906
0.187266
0.136604
0.0952383
0.13634
0.0272135
0.0582611
0.0982465
0.127274
0.0776625
0.119361
0.0891611
0.0686417
0.135536
0.0883099
0.120149
0.131254
0.129409
0.0980765
0.131823
0.136996
0.134517
0.128937
0.106946
0.0997428
0.132341
0.0598982
0.135441
0.160641
0.0902519
0.137809
0.0336567
0.121144
0.12197
0.137645
0.134755
0.075118
0.0674337
0.148495
0.0920911
0.13851
0.131521
0.114969
0.126925
0.100136
0.136788
0.133466
0.101017
0.117181
0.125411
0.06284
0.085195
0.138156
0.090583
0.062995
0.164102
0.112327
0.131175
0.109221
0.104155
0.0967692
0.118443
0.136169
0.118423
0.127402
0.138389
0.138436
0.143479
0.11451
0.027882
0.0975826
0.236744
0.192322
0.135418
0.139966
0.131726
0.104634
0.0832511
0.0996269
0.137586
0.127145
0.136578
0.0865278
0.133625
0.315736
0.13551
0.168796
0.0554073
0.130381
0.0613391
0.137462
0.0167144
0.0521248
0.139123
0.0351469
0.118295
0.0930835
0.13061
0.131507
0.140032
0.0704958
0.139332
0.110611
0.0284131
0.143424
0.128652
0.132903
0.0542548
0.11505
0.0500811
0.0974568
0.129736
0.114478
0.143881
0.0795883
0.0686658
0.133919
0.271848
0.137085
0.186083
0.201475
0.140066
0.0987454
0.0805567
0.110496
0.12469
0.125482
0.028372
0.135094
0.0720219
0.107883
0.139449
0.0880506
0.11503
0.028068
0.137623
0.132018
0.0945037
0.136856
0.140011
0.137936
0.139345
0.0821632
0.107198
0.129495
0.0912743
0.0927407
0.29469
0.13917
0.123194
0.132806
0.130817
0.13403
0.0996424
0.0984194
0.13369
0.180293
0.116746
0.106288
0.104281
0.138688
0.196895
0.161639
0.140331
0.134937
0.130708
0.0609759
0.13268
0.136368
0.111909
0.0988106
0.138731
0.139623
0.100183
0.130468
0.128187
0.075372
0.190006
0.137884
0.193983
0.112195
0.115633
0.100706
0.0976809
0.0324869
0.0560824
0.0257486
0.136894
0.10305
0.135592
0.0409772
0.108436
0.10368
0.141133
0.13712
0.0984972
0.0964756
0.16717
0.0998246
0.0795335
0.0964547
0.1219
0.137087
0.0280928
0.135118
0.137828
0.145059
0.115128
0.098279
0.0933493
0.160123
0.0770362
0.140094
0.134502
0.0927748
0.139163
0.12738
0.13302
0.112921
0.137748
0.0990857
0.134921
0.131369
0.126896
0.0938454
0.0826697
0.0295801
0.197244
0.075318
0.149644
0.0905458
0.138611
0.111504
0.174315
0.139142
0.0623321
0.140048
0.138846
0.120765
0.0903719
0.14006
0.197325
0.0853612
0.068793
0.063501
0.111286
0.120908
0.0983687
0.055968
0.114331
0.135462
0.0421242
0.0854321
0.0930114
0.128657
0.10775
0.0712499
0.0962768
0.0636023
0.0915675
0.133555
0.13239
0.166571
0.140034
0.0964401
0.137766
0.139431
0.136292
0.125871
0.136398
0.0530421
0.136814
0.172452
0.0869861
0.138829
0.122878
0.142329
0.289117
0.0393951
0.0469912
0.0337633
0.131698
0.0666175
0.143539
0.118928
0.138143
0.0751274
0.13871
0.0992228
0.118921
0.127031
0.0314047
0.0166457
0.140737
0.138039
0.0783468
0.111276
0.125772
0.0737804
0.0708704
0.118114
0.105597
0.126799
0.0971098
0.197921
0.135563
0.191062
0.15255
0.0602296
0.136922
0.177728
0.0805398
0.125622
0.139509
0.135081
0.0401364
0.139267
0.125234
0.143788
0.0123636
0.12819
0.0496436
0.140025
0.138537
0.13308
0.125236
0.0558722
0.335649
0.0495622
0.106712
0.0891291
0.080397
0.102442
0.0937906
0.0539352
0.134735
0.128367
0.129951
0.12721
0.134561
0.0931945
0.134551
0.0438383
0.113091
0.0459923
0.0494355
0.223461
0.0610859
0.117402
0.137974
0.140409
0.0684447
0.0895849
0.310602
0.161072
0.115469
0.0983605
0.138256
0.140077
0.05604
0.0191582
0.0470158
0.120156
0.134695
0.133962
0.102085
0.0478155
0.132833
0.0647034
0.105578
0.134597
0.139852
0.139902
0.11163
0.0842355
0.33813
0.122935
0.134409
0.133581
0.18355
0.113438
0.139928
0.0707202
0.0599819
0.0779457
0.0658619
0.138846
0.0779255
0.114806
0.119703
0.0987106
0.110454
0.136202
0.288392
0.137718
0.0804992
0.128257
0.167454
0.13848
0.0646775
0.0965807
0.39839
0.0674814
0.0734743
0.136572
0.130898
0.0631276
0.028503
0.0967086
0.13786
0.101701
0.0911354
0.0828123
0.0629227
0.0854226
0.137389
0.199251
0.132138
0.0889011
0.218386
0.137175
0.05608
0.0611592
0.0881113
0.136888
0.10121
0.117724
0.200103
0.0461671
0.0667985
0.0835421
0.117677
0.0946342
0.0477658
0.0979733
0.12341
0.135651
0.10444
0.116816
0.0548006
0.141961
0.1746
0.122618
0.138743
0.129856
0.116765
0.0773811
0.0855364
0.0995123
0.0958929
0.138402
0.123556
0.0963646
0.0628096
0.0404716
0.0938636
0.138124
0.138651
0.0895234
0.0817527
0.0276972
0.299054
0.101824
0.0660196
0.351459
0.132312
0.136594
0.0905211
0.047704
0.0828991
0.114957
0.132523
0.0662709
0.135324
0.138868
0.104995
0.131042
0.140074
0.0526737
0.137851
0.111017
0.138744
0.139399
0.136557
0.112901
0.192034
0.0543196
0.0714154
0.127032
0.11349
0.136367
0.113234
0.172823
0.140473
0.0593482
0.212972
0.151876
0.137259
0.0982115
0.0142413
0.167392
0.154101
0.350067
0.0751026
0.072606
0.148492
0.0856043
0.100091
0.0939631
0.119655
0.192145
0.113032
0.118122
0.0770331
0.0579367
0.112628
0.0842911
0.0453347
0.0992695
0.0931124
0.134526
0.12058
0.140053
0.0939469
0.129131
0.0685416
0.137443
0.138144
0.0872981
0.130778
0.139844
0.0640394
0.0395409
0.0642168
0.14001
0.142426
0.134345
0.137915
0.139217
0.165821
0.139122
0.13927
0.151883
0.130152
0.139358
0.112775
0.023331
0.126889
0.0979858
0.0726778
0.0708429
0.139881
0.124256
0.0880661
0.105741
0.136141
0.117723
0.0922274
0.086358
0.136855
0.0627122
0.139233
0.138402
0.136817
0.0330974
0.104015
0.0955088
0.121857
0.138126
0.137854
0.161144
0.178532
0.135492
0.129673
0.0950359
0.139614
0.112888
0.107098
0.061845
0.136812
0.0556304
0.0941551
0.0973316
0.109945
0.209949
0.195125
0.199361
0.0689398
0.111472
0.087839
0.072717
0.0987663
0.0814446
0.0741469
0.128173
0.139101
0.115864
0.123857
0.106229
0.139596
0.0926584
0.0823238
0.132006
0.139278
0.126298
0.0953689
0.160384
0.101424
0.0447903
0.139467
0.123979
0.0542704
0.138654
0.0559173
0.101114
0.0290698
0.121968
0.141153
0.0957702
0.1184
0.133097
0.137621
0.18274
0.138542
0.360199
0.0849395
0.165898
0.134559
0.119739
0.0651443
0.122946
0.104746
0.0509145
0.0908147
0.138548
0.138938
0.0539934
0.136466
0.0462179
0.0829845
0.125316
0.0649457
0.0744851
0.102265
0.137027
0.146729
0.135726
0.135218
0.14668
0.080137
0.0522727
0.132534
0.105666
0.119028
0.0574679
0.0761431
0.122717
0.188117
0.139514
0.0647543
0.120638
0.0958477
0.0350526
0.036668
0.154306
0.137901
0.12782
0.129764
0.140072
0.139958
0.0794828
0.0771198
0.164477
0.136542
0.151771
0.0430602
0.140045
0.103041
0.0539397
0.13239
0.0445077
0.0855375
0.139641
0.139073
0.126921
0.0916728
0.13251
0.13751
0.0842361
0.139882
0.0976438
0.128614
0.134712
0.0421837
0.136289
0.103729
0.0738786
0.128953
0.0947758
0.0668748
0.0699799
0.120263
0.112828
0.0552996
0.0756658
0.12451
0.138157
0.13304
0.18161
0.0589885
0.138793
0.116123
0.104719
0.124148
0.0564911
0.0524437
0.138307
0.138144
0.0450273
0.120981
0.0589924
0.13916
0.139831
0.263577
0.154526
0.139217
0.136265
0.233281
0.0503345
0.0892133
0.126643
0.0713466
0.054212
0.0463011
0.140084
0.124979
0.137269
0.101614
0.138393
0.13747
0.0510844
0.138326
0.0825311
0.133805
0.121732
0.124486
0.13473
0.125206
0.152123
0.202656
0.128531
0.117912
0.136847
0.102441
0.103968
0.134966
0.137314
0.138944
0.114955
0.121684
0.138387
0.128597
0.137064
0.118506
0.127563
0.139166
0.136719
0.0517748
0.11464
0.134503
0.0604613
0.153289
0.106794
0.0823842
0.138468
0.161662
0.112811
0.189872
0.138336
0.128972
0.0760617
0.0514562
0.1384
0.106962
0.0634595
0.0958757
0.085545
0.137837
0.152018
0.123005
0.117905
0.13242
0.110984
0.0495601
0.0826509
0.13905
0.0960639
0.365099
0.0806867
0.0951681
0.128008
0.149762
0.102549
0.0299978
0.133841
0.0989531
0.0176961
0.13743
0.138865
0.0387203
0.139334
0.113235
0.136047
0.177262
0.149448
0.1254
0.0761566
0.136147
0.0865604
0.135519
0.0596845
0.0910378
0.137502
0.199944
0.118012
0.134138
0.132183
0.0636951
0.125591
0.0998337
0.159572
0.142379
0.10309
0.0822032
0.137341
0.0795158
0.114888
0.0488622
0.0675321
0.0992701
0.131969
0.147124
0.117419
0.136949
0.151032
0.137167
0.0664647
0.0878916
0.0972064
0.125779
0.135146
0.139771
0.111552
0.13548
0.273508
0.0358586
0.138457
0.128794
0.130462
0.046906
0.0872448
0.0953004
0.129475
0.125646
0.0330624
0.138796
0.106811
0.140031
0.134285
0.0842807
0.0992174
0.133902
0.112147
0.0580608
0.127446
0.133407
0.0951352
0.137916
0.139979
0.0676973
0.0957442
0.112573
0.157255
0.0907289
0.114877
0.12984
0.127604
0.115162
0.0657746
0.116052
0.129516
0.165712
0.158692
0.0323601
0.12278
0.134316
0.108747
0.153507
0.139396
0.138899
0.144319
0.103909
0.135575
0.137634
0.139388
0.0767411
0.138156
0.115952
0.0128622
0.137058
0.0369041
0.150628
0.107926
0.0413432
0.129052
0.139586
0.102796
0.101078
0.311909
0.05378
0.115321
0.085566
0.161699
0.0958482
0.102081
0.0414642
0.139951
0.0870922
0.0786703
0.118853
0.110143
0.125596
0.138262
0.0850342
0.0602778
0.139805
0.126152
0.115949
0.0951234
0.224487
0.137532
0.124554
0.122306
0.0660977
0.139207
0.101984
0.115803
0.135891
0.138769
0.0549844
0.0921214
0.138163
0.103219
0.129959
0.191628
0.109234
0.135657
0.0932138
0.13915
0.0949581
0.115659
0.0650815
0.128537
0.126985
0.118991
0.106416
0.0684592
0.0614654
0.0688563
0.081172
0.061188
0.136269
0.101297
0.108761
0.139915
0.137017
0.0818258
0.140094
0.105615
0.102258
0.140075
0.129715
0.13936
0.186372
0.069818
0.019734
0.0618756
0.0453896
0.0609229
0.134345
0.105109
0.105229
0.121146
0.312664
0.132307
0.12346
0.130505
0.139161
0.138061
0.131495
0.101973
0.173676
0.0860468
0.0762281
0.148104
0.0901478
0.136271
0.137819
0.114927
0.136854
0.107769
0.0327246
0.129918
0.109481
0.0893976
0.172641
0.113697
0.168828
0.13863
0.137073
0.141501
0.10241
0.125171
0.0453593
0.0363288
0.0815584
0.0931656
0.132046
0.13889
0.09115
0.127161
0.0993284
0.154193
0.0821352
0.125262
0.13897
0.133309
0.115801
0.13973
0.109153
0.137262
0.138232
0.136798
0.128848
0.128681
0.252587
0.134454
0.139674
0.0764729
0.0559164
0.104637
0.136167
0.104934
0.125337
0.0571309
0.0570659
0.0607357
0.133214
0.120503
0.130074
0.136204
0.0618518
0.0871992
0.0614185
0.125905
0.134894
0.113745
0.140085
0.127718
0.138568
0.0632644
0.138858
0.14132
0.13541
0.106792
0.184269
0.131323
0.133255
0.136434
0.135875
0.0606007
0.0461725
0.0964488
0.105146
0.121448
0.140084
0.0566519
0.124361
0.114033
0.154933
0.0688675
0.135966
0.155771
0.170939
0.0789309
0.095801
0.139723
0.279388
0.132788
0.0990444
0.0926794
0.138685
0.151004
0.0405854
0.134115
0.0804006
0.132899
0.0218097
0.135246
0.097719
0.127992
0.0891263
0.103438
0.137197
0.102901
0.156942
0.138144
0.126714
0.0876601
0.128596
0.110845
0.105189
0.100175
0.108042
0.159348
0.14809
0.0700613
0.107052
0.138002
0.125884
0.0469636
0.0936527
0.103617
0.13863
0.0944194
0.154414
0.0972694
0.0441034
0.13826
0.0333923
0.0965442
0.15629
0.127933
0.129708
0.119811
0.115091
0.0982981
0.0994571
0.123703
0.126129
0.137953
0.105279
0.0758835
0.136344
0.138751
0.0496818
0.139047
0.139167
0.137044
0.137294
0.0464562
0.140102
0.0240192
0.101359
0.104112
0.104298
0.0671524
0.136602
0.138863
0.0567184
0.101189
0.139298
0.118466
0.142314
0.121315
0.119694
0.103382
0.129861
0.0956168
0.0695913
0.138873
0.122477
0.169185
0.138506
0.049343
0.0322721
0.0572541
0.168517
0.0926834
0.104417
0.11547
0.124357
0.131971
0.0602364
0.0944416
0.106879
0.0412459
0.172324
0.138622
0.125549
0.189558
0.0138636
0.113743
0.109458
0.0976388
0.138991
0.0648724
0.137159
0.0946921
0.134822
0.158303
0.0938612
0.0930562
0.136534
0.191602
0.100027
0.0515592
0.138367
0.0552203
0.0944768
0.0719693
0.126537
0.0419301
0.136119
0.0581513
0.137381
0.114877
0.126966
0.137949
0.0749968
0.0760188
0.11296
0.106957
0.110183
0.139882
0.138056
0.137525
0.0821121
0.110748
0.13652
0.156392
0.126095
0.126821
0.126632
0.102479
0.112893
0.17134
0.134709
0.123537
0.132573
0.109044
0.139864
0.098287
0.137065
0.0975242
0.134013
0.0612903
0.139414
0.1355
0.144084
0.137963
0.130693
0.137471
0.128203
0.139836
0.106743
0.0952823
0.0730119
0.139022
0.0991727
0.0844076
0.111377
0.123925
0.095825
0.103664
0.105174
0.129506
0.116868
0.169865
0.121593
0.0813934
0.17905
0.192851
0.118324
0.138299
0.136665
0.127918
0.115912
0.13709
0.177522
0.137187
0.129259
0.138828
0.137604
0.138558
0.131781
0.103713
0.058469
0.142854
0.115602
0.137269
0.135603
0.0953491
0.064534
0.0953837
0.138913
0.134712
0.135024
0.132766
0.0987417
0.14009
0.139686
0.13673
0.0707318
0.137197
0.109658
0.139704
0.0624419
0.138559
0.253313
0.0983143
0.137332
0.0791004
0.120513
0.048109
0.138654
0.127
0.10779
0.043167
0.183974
0.136558
0.138529
0.13831
0.187635
0.13823
0.0678583
0.138751
0.0858351
0.0821676
0.0205716
0.0874569
0.0973197
0.0590911
0.140085
0.0974554
0.163266
0.118945
0.0609554
0.0443833
0.13422
0.0752503
0.139819
0.131323
0.0933409
0.109422
0.137577
0.0269921
0.110007
0.119836
0.138686
0.138548
0.138652
0.107395
0.105814
)
;

boundaryField
{
    wings
    {
        type            fixedValue;
        value           uniform 0;
    }
    outlet
    {
        type            freestream;
        freestreamValue uniform 0.14;
        value           nonuniform List<scalar> 
20
(
0.134582
0.136722
0.136904
0.160073
0.136273
0.135592
0.387613
0.138631
0.132586
0.143305
0.408185
0.209676
0.135795
0.337239
0.133055
0.13637
0.153544
0.201475
0.140331
0.335649
)
;
    }
    tunnel
    {
        type            fixedValue;
        value           uniform 0;
    }
    inlet
    {
        type            freestream;
        freestreamValue uniform 0.14;
        value           uniform 0.14;
    }
    defaultFaces
    {
        type            empty;
    }
}


// ************************************************************************* //
