5.0 -1.74318764746
10.0 0.368370477542
15.0 0.00501164576271
20.0 0.0485427234746
25.0 0.150881184237
30.0 0.0605697900424
35.0 0.121096662119
40.0 0.123978967966
45.0 0.113775843644
50.0 0.129762776949
55.0 0.124628375805
60.0 0.126558523347
65.0 0.128832476059
70.0 0.128237085593
75.0 0.131524645
80.0 0.132096225593
85.0 0.134628793305
90.0 0.135383074534
95.0 0.136632662415
100.0 0.137132237119
105.0 0.137496404068
110.0 0.137890087458
115.0 0.138223663771
120.0 0.138656365424
125.0 0.139024666483
130.0 0.139628715254
135.0 0.140044937203
140.0 0.140547291186
145.0 0.14097365839
150.0 0.141309952415
155.0 0.14161166928
160.0 0.141830534025
165.0 0.142060522585
170.0 0.14220626911
175.0 0.142325993941
180.0 0.142446504746
185.0 0.142539299661
190.0 0.142656963898
195.0 0.14273507161
200.0 0.142804113686
205.0 0.142868573136
210.0 0.142935811525
215.0 0.142976571186
220.0 0.143034445127
225.0 0.143069125975
230.0 0.143102754534
235.0 0.143133880975
240.0 0.143173849025
245.0 0.143194717458
250.0 0.143219059364
255.0 0.143247453644
260.0 0.143261028559
265.0 0.14328303572
270.0 0.143296468602
275.0 0.143307328941
280.0 0.143322128729
285.0 0.143328610424
290.0 0.143336883136
295.0 0.143347062119
300.0 0.143351338305
305.0 0.143356134534
310.0 0.14336419339
315.0 0.14336808661
320.0 0.143369830508
325.0 0.143375600169
330.0 0.143379789025
335.0 0.143380091229
340.0 0.143383487246
345.0 0.143387251822
350.0 0.143387595763
355.0 0.143389677627
360.0 0.143391958517
365.0 0.143392175212
370.0 0.143394087076
375.0 0.143395138686
380.0 0.143394931525
385.0 0.143397012627
390.0 0.143397979407
395.0 0.143397094025
400.0 0.143398793644
405.0 0.143399802669
410.0 0.143398832373
415.0 0.143400150508
420.0 0.143400947585
425.0 0.143399977203
430.0 0.143401125805
435.0 0.143401753305
440.0 0.143400740466
445.0 0.143401931356
450.0 0.143402389322
455.0 0.143401249322
460.0 0.143402524915
465.0 0.14340285572
470.0 0.143401630932
475.0 0.143402906525
480.0 0.143403279661
485.0 0.143401927754
490.0 0.143403118559
495.0 0.143403576441
500.0 0.143402182119
505.0 0.14340328822
510.0 0.143403746059
515.0 0.14340239411
520.0 0.143403415424
525.0 0.143403873263
530.0 0.143402521314
535.0 0.143403542585
540.0 0.143403958051
545.0 0.143402606102
550.0 0.143403627415
555.0 0.143404000466
560.0 0.14340269089
565.0 0.143403712203
570.0 0.143404085254
575.0 0.143402690932
580.0 0.143403754576
585.0 0.143404127669
590.0 0.143402733347
595.0 0.143403796992
600.0 0.143404170042
605.0 0.14340277572
610.0 0.143403796992
615.0 0.143404170085
620.0 0.14340277572
625.0 0.143403796992
630.0 0.143404170085
635.0 0.143402818093
640.0 0.143403839407
645.0 0.143404212458
650.0 0.143402818136
655.0 0.143403839407
660.0 0.143404212458
665.0 0.143402818136
670.0 0.143403839407
675.0 0.143404212458
680.0 0.143402818136
685.0 0.143403839407
690.0 0.143404212458
695.0 0.143402818136
700.0 0.143403839407
705.0 0.143404212458
710.0 0.143402818136
715.0 0.143403839407
720.0 0.143404212458
725.0 0.143402818136
730.0 0.143403839407
735.0 0.143404212458
740.0 0.143402860508
745.0 0.143403839407
750.0 0.1434042125
755.0 0.143402860508
760.0 0.14340388178
765.0 0.1434042125
770.0 0.143402860508
775.0 0.14340388178
780.0 0.1434042125
785.0 0.143402860508
790.0 0.14340388178
795.0 0.1434042125
800.0 0.143402860508
805.0 0.14340388178
810.0 0.1434042125
815.0 0.143402860508
820.0 0.14340388178
825.0 0.1434042125
830.0 0.143402860508
835.0 0.14340388178
840.0 0.1434042125
845.0 0.143402860508
850.0 0.14340388178
855.0 0.1434042125
860.0 0.143402860508
865.0 0.14340388178
870.0 0.1434042125
875.0 0.143402860508
880.0 0.14340388178
885.0 0.1434042125
890.0 0.143402860508
895.0 0.14340388178
900.0 0.1434042125
905.0 0.143402860508
910.0 0.14340388178
915.0 0.1434042125
920.0 0.143402860508
925.0 0.14340388178
930.0 0.1434042125
935.0 0.143402860508
940.0 0.14340388178
945.0 0.1434042125
950.0 0.143402860508
955.0 0.14340388178
960.0 0.1434042125
965.0 0.143402860508
970.0 0.14340388178
975.0 0.1434042125
980.0 0.143402860508
985.0 0.14340388178
990.0 0.1434042125
995.0 0.143402860508
1000.0 0.14340388178
1005.0 0.1434042125
1010.0 0.143402860508
1015.0 0.14340388178
1020.0 0.1434042125
1025.0 0.143402860508
1030.0 0.14340388178
1035.0 0.1434042125
1040.0 0.143402860508
1045.0 0.14340388178
1050.0 0.1434042125
1055.0 0.143402860508
1060.0 0.14340388178
1065.0 0.1434042125
1070.0 0.143402860508
1075.0 0.14340388178
1080.0 0.1434042125
1085.0 0.143402860508
1090.0 0.14340388178
1095.0 0.1434042125
1100.0 0.143402860508
1105.0 0.14340388178
1110.0 0.1434042125
1115.0 0.143402860508
1120.0 0.14340388178
1125.0 0.1434042125
1130.0 0.143402860508
1135.0 0.14340388178
1140.0 0.1434042125
1145.0 0.143402860508
1150.0 0.14340388178
1155.0 0.1434042125
1160.0 0.143402860508
1165.0 0.14340388178
1170.0 0.1434042125
1175.0 0.143402860508
1180.0 0.14340388178
1185.0 0.1434042125
1190.0 0.143402860508
1195.0 0.14340388178
1200.0 0.1434042125
1205.0 0.143402860508
1210.0 0.14340388178
1215.0 0.1434042125
1220.0 0.143402860508
1225.0 0.14340388178
1230.0 0.1434042125
1235.0 0.143402860508
1240.0 0.14340388178
1245.0 0.1434042125
1250.0 0.143402860508
1255.0 0.14340388178
1260.0 0.1434042125
1265.0 0.143402860508
1270.0 0.14340388178
1275.0 0.1434042125
1280.0 0.143402860508
1285.0 0.14340388178
1290.0 0.1434042125
1295.0 0.143402860508
1300.0 0.14340388178
1305.0 0.1434042125
1310.0 0.143402860508
1315.0 0.14340388178
1320.0 0.1434042125
1325.0 0.143402860508
1330.0 0.14340388178
1335.0 0.1434042125
1340.0 0.143402860508
1345.0 0.14340388178
1350.0 0.1434042125
1355.0 0.143402860508
1360.0 0.14340388178
1365.0 0.1434042125
1370.0 0.143402860508
1375.0 0.14340388178
1380.0 0.1434042125
1385.0 0.143402860508
1390.0 0.14340388178
1395.0 0.1434042125
1400.0 0.143402860508
1405.0 0.14340388178
1410.0 0.1434042125
1415.0 0.143402860508
1420.0 0.14340388178
1425.0 0.1434042125
1430.0 0.143402860508
1435.0 0.14340388178
1440.0 0.1434042125
1445.0 0.143402860508
1450.0 0.14340388178
1455.0 0.1434042125
1460.0 0.143402860508
1465.0 0.14340388178
1470.0 0.1434042125
1475.0 0.143402860508
1480.0 0.14340388178
1485.0 0.1434042125
1490.0 0.143402860508
1495.0 0.14340388178
1500.0 0.1434042125
1505.0 0.143402860508
1510.0 0.14340388178
1515.0 0.1434042125
1520.0 0.143402860508
1525.0 0.14340388178
1530.0 0.1434042125
1535.0 0.143402860508
1540.0 0.14340388178
1545.0 0.1434042125
1550.0 0.143402860508
1555.0 0.14340388178
1560.0 0.1434042125
1565.0 0.143402860508
1570.0 0.14340388178
1575.0 0.1434042125
1580.0 0.143402860508
1585.0 0.14340388178
1590.0 0.1434042125
1595.0 0.143402860508
1600.0 0.14340388178
1605.0 0.1434042125
1610.0 0.143402860508
1615.0 0.14340388178
1620.0 0.1434042125
1625.0 0.143402860508
1630.0 0.14340388178
1635.0 0.1434042125
1640.0 0.143402860508
1645.0 0.14340388178
1650.0 0.1434042125
1655.0 0.143402860508
1660.0 0.143403881822
1665.0 0.1434042125
1670.0 0.143402860508
1675.0 0.143403881822
1680.0 0.1434042125
1685.0 0.143402860508
1690.0 0.143403881822
1695.0 0.1434042125
1700.0 0.143402860508
1705.0 0.143403881822
1710.0 0.1434042125
1715.0 0.143402860508
1720.0 0.143403881822
1725.0 0.1434042125
1730.0 0.143402860508
1735.0 0.143403881822
1740.0 0.1434042125
1745.0 0.143402860508
1750.0 0.143403881822
1755.0 0.1434042125
1760.0 0.143402860508
1765.0 0.143403881822
1770.0 0.1434042125
1775.0 0.143402860508
1780.0 0.143403881822
1785.0 0.1434042125
1790.0 0.143402860508
1795.0 0.143403881822
1800.0 0.1434042125
1805.0 0.143402860508
1810.0 0.143403881822
1815.0 0.1434042125
1820.0 0.143402860508
1825.0 0.143403881822
1830.0 0.1434042125
1835.0 0.143402860508
1840.0 0.143403881822
1845.0 0.1434042125
1850.0 0.143402860508
1855.0 0.143403881822
1860.0 0.1434042125
1865.0 0.143402860508
1870.0 0.143403881822
1875.0 0.1434042125
1880.0 0.143402860508
1885.0 0.143403881822
1890.0 0.1434042125
1895.0 0.143402860508
1900.0 0.143403881822
1905.0 0.1434042125
1910.0 0.143402860551
1915.0 0.143403881822
1920.0 0.1434042125
1925.0 0.143402860551
1930.0 0.143403881822
1935.0 0.1434042125
1940.0 0.143402860551
1945.0 0.143403881822
1950.0 0.1434042125
1955.0 0.143402860551
1960.0 0.143403881822
1965.0 0.1434042125
1970.0 0.143402860551
1975.0 0.143403881822
1980.0 0.1434042125
1985.0 0.143402860551
1990.0 0.143403881822
1995.0 0.1434042125
2000.0 0.143402860551
2005.0 0.143403881822
2010.0 0.1434042125
2015.0 0.143402860551
2020.0 0.143403881822
2025.0 0.1434042125
2030.0 0.143402860551
2035.0 0.143403881822
2040.0 0.1434042125
2045.0 0.143402860551
2050.0 0.143403881822
2055.0 0.1434042125
2060.0 0.143402860551
2065.0 0.143403881822
2070.0 0.1434042125
2075.0 0.143402860551
2080.0 0.143403881822
2085.0 0.1434042125
2090.0 0.143402860551
2095.0 0.143403881822
2100.0 0.1434042125
2105.0 0.143402860551
2110.0 0.143403881822
2115.0 0.1434042125
2120.0 0.143402860551
2125.0 0.143403881822
2130.0 0.1434042125
2135.0 0.143402860551
2140.0 0.143403881822
2145.0 0.1434042125
2150.0 0.143402860551
2155.0 0.143403881822
2160.0 0.1434042125
2165.0 0.143402860551
2170.0 0.143403881822
2175.0 0.1434042125
2180.0 0.143402860551
2185.0 0.143403881822
2190.0 0.1434042125
2195.0 0.143402860551
2200.0 0.143403881822
2205.0 0.1434042125
2210.0 0.143402860551
2215.0 0.143403881822
2220.0 0.1434042125
2225.0 0.143402860551
2230.0 0.143403881822
2235.0 0.1434042125
2240.0 0.143402860551
2245.0 0.143403881822
2250.0 0.1434042125
2255.0 0.143402860551
2260.0 0.143403881822
2265.0 0.1434042125
2270.0 0.143402860551
2275.0 0.143403881822
2280.0 0.1434042125
2285.0 0.143402860551
2290.0 0.143403881822
2295.0 0.1434042125
2300.0 0.143402860551
2305.0 0.143403881822
2310.0 0.1434042125
2315.0 0.143402860551
2320.0 0.143403881822
2325.0 0.1434042125
2330.0 0.143402860551
2335.0 0.143403881822
2340.0 0.1434042125
2345.0 0.143402860551
2350.0 0.143403881822
2355.0 0.1434042125
2360.0 0.143402860551
2365.0 0.143403881822
2370.0 0.1434042125
2375.0 0.143402860551
2380.0 0.143403881822
2385.0 0.1434042125
2390.0 0.143402860551
2395.0 0.143403881822
2400.0 0.1434042125
2405.0 0.143402860551
2410.0 0.143403881822
2415.0 0.1434042125
2420.0 0.143402860551
2425.0 0.143403881822
2430.0 0.1434042125
2435.0 0.143402860551
2440.0 0.143403881822
2445.0 0.1434042125
2450.0 0.143402860551
2455.0 0.143403881822
2460.0 0.1434042125
2465.0 0.143402860551
2470.0 0.143403881822
2475.0 0.1434042125
2480.0 0.143402860551
2485.0 0.143403881822
2490.0 0.1434042125
2495.0 0.143402860551
2500.0 0.143403881822
2505.0 0.1434042125
2510.0 0.143402860551
2515.0 0.143403881822
2520.0 0.1434042125
2525.0 0.143402860551
2530.0 0.143403881822
2535.0 0.1434042125
2540.0 0.143402860551
2545.0 0.143403881822
2550.0 0.1434042125
2555.0 0.143402860551
2560.0 0.143403881822
2565.0 0.1434042125
2570.0 0.143402860551
2575.0 0.143403881822
2580.0 0.1434042125
2585.0 0.143402860551
2590.0 0.143403881822
2595.0 0.1434042125
2600.0 0.143402860551
2605.0 0.143403881822
2610.0 0.1434042125
2615.0 0.143402860551
2620.0 0.143403881822
2625.0 0.1434042125
2630.0 0.143402860551
2635.0 0.143403881822
2640.0 0.1434042125
2645.0 0.143402860551
2650.0 0.143403881822
2655.0 0.1434042125
2660.0 0.143402860551
2665.0 0.143403881822
2670.0 0.1434042125
2675.0 0.143402860551
2680.0 0.143403881822
2685.0 0.1434042125
2690.0 0.143402860551
2695.0 0.143403881822
2700.0 0.1434042125
2705.0 0.143402860551
2710.0 0.143403881822
2715.0 0.1434042125
2720.0 0.143402860551
2725.0 0.143403881822
2730.0 0.1434042125
2735.0 0.143402860551
2740.0 0.143403881822
2745.0 0.1434042125
2750.0 0.143402860551
2755.0 0.143403881822
2760.0 0.1434042125
2765.0 0.143402860551
2770.0 0.143403881822
2775.0 0.1434042125
2780.0 0.143402860551
2785.0 0.143403881822
2790.0 0.1434042125
2795.0 0.143402860551
2800.0 0.143403881822
2805.0 0.1434042125
2810.0 0.143402860551
2815.0 0.143403881822
2820.0 0.1434042125
2825.0 0.143402860551
2830.0 0.143403881822
2835.0 0.1434042125
2840.0 0.143402860551
2845.0 0.143403881822
2850.0 0.1434042125
2855.0 0.143402860551
2860.0 0.143403881822
2865.0 0.1434042125
2870.0 0.143402860551
2875.0 0.143403881822
2880.0 0.1434042125
2885.0 0.143402860551
2890.0 0.143403881822
2895.0 0.1434042125
2900.0 0.143402860551
2905.0 0.143403881822
2910.0 0.1434042125
2915.0 0.143402860551
2920.0 0.143403881822
2925.0 0.1434042125
2930.0 0.143402860551
2935.0 0.143403881822
2940.0 0.1434042125
2945.0 0.143402860551
2950.0 0.143403881822
2955.0 0.1434042125
2960.0 0.143402860551
2965.0 0.143403881822
2970.0 0.1434042125
2975.0 0.143402860551
2980.0 0.143403881822
2985.0 0.1434042125
2990.0 0.143402860551
2995.0 0.143403881822
3000.0 0.1434042125
3005.0 0.143402860551
3010.0 0.143403881822
3015.0 0.1434042125
3020.0 0.143402860551
3025.0 0.143403881822
3030.0 0.1434042125
3035.0 0.143402860551
3040.0 0.143403881822
3045.0 0.1434042125
3050.0 0.143402860551
3055.0 0.143403881822
3060.0 0.1434042125
3065.0 0.143402860551
3070.0 0.143403881822
3075.0 0.1434042125
3080.0 0.143402860551
3085.0 0.143403881822
3090.0 0.1434042125
3095.0 0.143402860551
3100.0 0.143403881822
3105.0 0.1434042125
3110.0 0.143402860551
3115.0 0.143403881822
3120.0 0.1434042125
3125.0 0.143402860551
3130.0 0.143403881822
3135.0 0.1434042125
3140.0 0.143402860551
3145.0 0.143403881822
3150.0 0.1434042125
3155.0 0.143402860551
3160.0 0.143403881822
3165.0 0.1434042125
3170.0 0.143402860551
3175.0 0.143403881822
3180.0 0.1434042125
3185.0 0.143402860551
3190.0 0.143403881822
3195.0 0.1434042125
3200.0 0.143402860551
3205.0 0.143403881822
3210.0 0.1434042125
3215.0 0.143402860551
3220.0 0.143403881822
3225.0 0.1434042125
3230.0 0.143402860551
3235.0 0.143403881822
3240.0 0.1434042125
3245.0 0.143402860551
3250.0 0.143403881822
3255.0 0.1434042125
3260.0 0.143402860551
3265.0 0.143403881822
3270.0 0.1434042125
3275.0 0.143402860551
3280.0 0.143403881822
3285.0 0.1434042125
3290.0 0.143402860551
3295.0 0.143403881822
3300.0 0.1434042125
3305.0 0.143402860551
3310.0 0.143403881822
3315.0 0.1434042125
3320.0 0.143402860551
3325.0 0.143403881822
3330.0 0.1434042125
3335.0 0.143402860551
3340.0 0.143403881822
3345.0 0.1434042125
3350.0 0.143402860551
3355.0 0.143403881822
3360.0 0.1434042125
3365.0 0.143402860551
3370.0 0.143403881822
3375.0 0.1434042125
3380.0 0.143402860551
3385.0 0.143403881822
3390.0 0.1434042125
3395.0 0.143402860551
3400.0 0.143403881822
3405.0 0.1434042125
3410.0 0.143402860551
3415.0 0.143403881822
3420.0 0.1434042125
3425.0 0.143402860551
3430.0 0.143403881822
3435.0 0.1434042125
3440.0 0.143402860551
3445.0 0.143403881822
3450.0 0.1434042125
3455.0 0.143402860551
3460.0 0.143403881822
3465.0 0.1434042125
3470.0 0.143402860551
3475.0 0.143403881822
3480.0 0.1434042125
3485.0 0.143402860551
3490.0 0.143403881822
3495.0 0.1434042125
3500.0 0.143402860551
3505.0 0.143403881822
3510.0 0.1434042125
3515.0 0.143402860551
3520.0 0.143403881822
3525.0 0.1434042125
3530.0 0.143402860551
3535.0 0.143403881822
3540.0 0.1434042125
3545.0 0.143402860551
3550.0 0.143403881822
3555.0 0.1434042125
3560.0 0.143402860551
3565.0 0.143403881822
3570.0 0.1434042125
3575.0 0.143402860551
3580.0 0.143403881822
3585.0 0.1434042125
3590.0 0.143402860551
3595.0 0.143403881822
3600.0 0.1434042125
3605.0 0.143402860551
3610.0 0.143403881822
3615.0 0.1434042125
3620.0 0.143402860551
3625.0 0.143403881822
3630.0 0.1434042125
3635.0 0.143402860551
3640.0 0.143403881822
3645.0 0.1434042125
3650.0 0.143402860551
3655.0 0.143403881822
3660.0 0.1434042125
3665.0 0.143402860551
3670.0 0.143403881822
3675.0 0.1434042125
3680.0 0.143402860551
3685.0 0.143403881822
3690.0 0.1434042125
3695.0 0.143402860551
3700.0 0.143403881822
3705.0 0.1434042125
3710.0 0.143402860551
3715.0 0.143403881822
3720.0 0.1434042125
3725.0 0.143402860551
3730.0 0.143403881822
3735.0 0.1434042125
3740.0 0.143402860551
3745.0 0.143403881822
3750.0 0.1434042125
3755.0 0.143402860551
3760.0 0.143403881822
3765.0 0.1434042125
3770.0 0.143402860551
3775.0 0.143403881822
3780.0 0.1434042125
3785.0 0.143402860551
3790.0 0.143403881822
3795.0 0.1434042125
3800.0 0.143402860551
3805.0 0.143403881822
3810.0 0.1434042125
3815.0 0.143402860551
3820.0 0.143403881822
3825.0 0.1434042125
3830.0 0.143402860551
3835.0 0.143403881822
3840.0 0.1434042125
3845.0 0.143402860551
3850.0 0.143403881822
3855.0 0.1434042125
3860.0 0.143402860551
3865.0 0.143403881822
3870.0 0.1434042125
3875.0 0.143402860551
3880.0 0.143403881822
3885.0 0.1434042125
3890.0 0.143402860551
3895.0 0.143403881822
3900.0 0.1434042125
3905.0 0.143402860551
3910.0 0.143403881822
3915.0 0.1434042125
3920.0 0.143402860551
3925.0 0.143403881822
3930.0 0.1434042125
3935.0 0.143402860551
3940.0 0.143403881822
3945.0 0.1434042125
3950.0 0.143402860551
3955.0 0.143403881822
3960.0 0.1434042125
3965.0 0.143402860551
3970.0 0.143403881822
3975.0 0.1434042125
3980.0 0.143402860551
3985.0 0.143403881822
3990.0 0.1434042125
3995.0 0.143402860551
4000.0 0.143403881822
4005.0 0.1434042125
4010.0 0.143402860551
4015.0 0.143403881822
4020.0 0.1434042125
4025.0 0.143402860551
4030.0 0.143403881822
4035.0 0.1434042125
4040.0 0.143402860551
4045.0 0.143403881822
4050.0 0.1434042125
4055.0 0.143402860551
4060.0 0.143403881822
4065.0 0.1434042125
4070.0 0.143402860551
4075.0 0.143403881822
4080.0 0.1434042125
4085.0 0.143402860551
4090.0 0.143403881822
4095.0 0.1434042125
4100.0 0.143402860551
4105.0 0.143403881822
4110.0 0.1434042125
4115.0 0.143402860551
4120.0 0.143403881822
4125.0 0.1434042125
4130.0 0.143402860551
4135.0 0.143403881822
4140.0 0.1434042125
4145.0 0.143402860551
4150.0 0.143403881822
4155.0 0.1434042125
4160.0 0.143402860551
4165.0 0.143403881822
4170.0 0.1434042125
4175.0 0.143402860551
4180.0 0.143403881822
4185.0 0.1434042125
4190.0 0.143402860551
4195.0 0.143403881822
4200.0 0.1434042125
4205.0 0.143402860551
4210.0 0.143403881822
4215.0 0.1434042125
4220.0 0.143402860551
4225.0 0.143403881822
4230.0 0.1434042125
4235.0 0.143402860551
4240.0 0.143403881822
4245.0 0.1434042125
4250.0 0.143402860551
4255.0 0.143403881822
4260.0 0.1434042125
4265.0 0.143402860551
4270.0 0.143403881822
4275.0 0.1434042125
4280.0 0.143402860551
4285.0 0.143403881822
4290.0 0.1434042125
4295.0 0.143402860551
4300.0 0.143403881822
4305.0 0.1434042125
4310.0 0.143402860551
4315.0 0.143403881822
4320.0 0.1434042125
4325.0 0.143402860551
4330.0 0.143403881822
4335.0 0.1434042125
4340.0 0.143402860551
4345.0 0.143403881822
4350.0 0.1434042125
4355.0 0.143402860551
4360.0 0.143403881822
4365.0 0.1434042125
4370.0 0.143402860551
4375.0 0.143403881822
4380.0 0.1434042125
4385.0 0.143402860551
4390.0 0.143403881822
4395.0 0.1434042125
4400.0 0.143402860551
4405.0 0.143403881822
4410.0 0.1434042125
4415.0 0.143402860551
4420.0 0.143403881822
4425.0 0.1434042125
4430.0 0.143402860551
4435.0 0.143403881822
4440.0 0.1434042125
4445.0 0.143402860551
4450.0 0.143403881822
4455.0 0.1434042125
4460.0 0.143402860551
4465.0 0.143403881822
4470.0 0.1434042125
4475.0 0.143402860551
4480.0 0.143403881822
4485.0 0.1434042125
4490.0 0.143402860551
4495.0 0.143403881822
4500.0 0.1434042125
4505.0 0.143402860551
4510.0 0.143403881822
4515.0 0.1434042125
4520.0 0.143402860551
4525.0 0.143403881822
4530.0 0.1434042125
4535.0 0.143402860551
4540.0 0.143403881822
4545.0 0.1434042125
4550.0 0.143402860551
4555.0 0.143403881822
4560.0 0.1434042125
4565.0 0.143402860551
4570.0 0.143403881822
4575.0 0.1434042125
4580.0 0.143402860551
4585.0 0.143403881822
4590.0 0.1434042125
4595.0 0.143402860551
4600.0 0.143403881822
4605.0 0.1434042125
4610.0 0.143402860551
4615.0 0.143403881822
4620.0 0.1434042125
4625.0 0.143402860551
4630.0 0.143403881822
4635.0 0.1434042125
4640.0 0.143402860551
4645.0 0.143403881822
4650.0 0.1434042125
4655.0 0.143402860551
4660.0 0.143403881822
4665.0 0.1434042125
4670.0 0.143402860551
4675.0 0.143403881822
4680.0 0.1434042125
4685.0 0.143402860551
4690.0 0.143403881822
4695.0 0.1434042125
4700.0 0.143402860551
4705.0 0.143403881822
4710.0 0.1434042125
4715.0 0.143402860551
4720.0 0.143403881822
4725.0 0.1434042125
4730.0 0.143402860551
4735.0 0.143403881822
4740.0 0.1434042125
4745.0 0.143402860551
4750.0 0.143403881822
4755.0 0.1434042125
4760.0 0.143402860551
4765.0 0.143403881822
4770.0 0.1434042125
4775.0 0.143402860551
4780.0 0.143403881822
4785.0 0.1434042125
4790.0 0.143402860551
4795.0 0.143403881822
4800.0 0.1434042125
4805.0 0.143402860551
4810.0 0.143403881822
4815.0 0.1434042125
4820.0 0.143402860551
4825.0 0.143403881822
4830.0 0.1434042125
4835.0 0.143402860551
4840.0 0.143403881822
4845.0 0.1434042125
4850.0 0.143402860551
4855.0 0.143403881822
4860.0 0.1434042125
4865.0 0.143402860551
4870.0 0.143403881822
4875.0 0.1434042125
4880.0 0.143402860551
4885.0 0.143403881822
4890.0 0.1434042125
4895.0 0.143402860551
4900.0 0.143403881822
4905.0 0.1434042125
4910.0 0.143402860551
4915.0 0.143403881822
4920.0 0.1434042125
4925.0 0.143402860551
4930.0 0.143403881822
4935.0 0.1434042125
4940.0 0.143402860551
4945.0 0.143403881822
4950.0 0.1434042125
4955.0 0.143402860551
4960.0 0.143403881822
4965.0 0.1434042125
4970.0 0.143402860551
4975.0 0.143403881822
4980.0 0.1434042125
4985.0 0.143402860551
4990.0 0.143403881822
4995.0 0.1434042125
5000.0 0.143402860551
5005.0 0.143403881822
5010.0 0.1434042125
5015.0 0.143402860551
5020.0 0.143403881822
5025.0 0.1434042125
5030.0 0.143402860551
5035.0 0.143403881822
5040.0 0.1434042125
5045.0 0.143402860551
5050.0 0.143403881822
5055.0 0.1434042125
5060.0 0.143402860551
5065.0 0.143403881822
5070.0 0.1434042125
5075.0 0.143402860551
5080.0 0.143403881822
5085.0 0.1434042125
5090.0 0.143402860551
5095.0 0.143403881822
5100.0 0.1434042125
5105.0 0.143402860551
5110.0 0.143403881822
5115.0 0.1434042125
5120.0 0.143402860551
5125.0 0.143403881822
5130.0 0.1434042125
5135.0 0.143402860551
5140.0 0.143403881822
5145.0 0.1434042125
5150.0 0.143402860551
5155.0 0.143403881822
5160.0 0.1434042125
5165.0 0.143402860551
5170.0 0.143403881822
5175.0 0.1434042125
5180.0 0.143402860551
5185.0 0.143403881822
5190.0 0.1434042125
5195.0 0.143402860551
5200.0 0.143403881822
5205.0 0.1434042125
5210.0 0.143402860551
5215.0 0.143403881822
5220.0 0.1434042125
5225.0 0.143402860551
5230.0 0.143403881822
5235.0 0.1434042125
5240.0 0.143402860551
5245.0 0.143403881822
5250.0 0.1434042125
5255.0 0.143402860551
5260.0 0.143403881822
5265.0 0.1434042125
5270.0 0.143402860551
5275.0 0.143403881822
5280.0 0.1434042125
5285.0 0.143402860551
5290.0 0.143403881822
5295.0 0.1434042125
5300.0 0.143402860551
5305.0 0.143403881822
5310.0 0.1434042125
5315.0 0.143402860551
5320.0 0.143403881822
5325.0 0.1434042125
5330.0 0.143402860551
5335.0 0.143403881822
5340.0 0.1434042125
5345.0 0.143402860551
5350.0 0.143403881822
5355.0 0.1434042125
5360.0 0.143402860551
5365.0 0.143403881822
5370.0 0.1434042125
5375.0 0.143402860551
5380.0 0.143403881822
5385.0 0.1434042125
5390.0 0.143402860551
5395.0 0.143403881822
5400.0 0.1434042125
5405.0 0.143402860551
5410.0 0.143403881822
5415.0 0.1434042125
5420.0 0.143402860551
5425.0 0.143403881822
5430.0 0.1434042125
5435.0 0.143402860551
5440.0 0.143403881822
5445.0 0.1434042125
5450.0 0.143402860551
5455.0 0.143403881822
5460.0 0.1434042125
5465.0 0.143402860551
5470.0 0.143403881822
5475.0 0.1434042125
5480.0 0.143402860551
5485.0 0.143403881822
5490.0 0.1434042125
5495.0 0.143402860551
5500.0 0.143403881822
5505.0 0.1434042125
5510.0 0.143402860551
5515.0 0.143403881822
5520.0 0.1434042125
5525.0 0.143402860551
5530.0 0.143403881822
5535.0 0.1434042125
5540.0 0.143402860551
5545.0 0.143403881822
5550.0 0.1434042125
5555.0 0.143402860551
5560.0 0.143403881822
5565.0 0.1434042125
5570.0 0.143402860551
5575.0 0.143403881822
5580.0 0.1434042125
5585.0 0.143402860551
5590.0 0.143403881822
5595.0 0.1434042125
5600.0 0.143402860551
5605.0 0.143403881822
5610.0 0.1434042125
5615.0 0.143402860551
5620.0 0.143403881822
5625.0 0.1434042125
5630.0 0.143402860551
5635.0 0.143403881822
5640.0 0.1434042125
5645.0 0.143402860551
5650.0 0.143403881822
5655.0 0.1434042125
5660.0 0.143402860551
5665.0 0.143403881822
5670.0 0.1434042125
5675.0 0.143402860551
5680.0 0.143403881822
5685.0 0.1434042125
5690.0 0.143402860551
5695.0 0.143403881822
5700.0 0.1434042125
5705.0 0.143402860551
5710.0 0.143403881822
5715.0 0.1434042125
5720.0 0.143402860551
5725.0 0.143403881822
5730.0 0.1434042125
5735.0 0.143402860551
5740.0 0.143403881822
5745.0 0.1434042125
5750.0 0.143402860551
5755.0 0.143403881822
5760.0 0.1434042125
5765.0 0.143402860551
5770.0 0.143403881822
5775.0 0.1434042125
5780.0 0.143402860551
5785.0 0.143403881822
5790.0 0.1434042125
5795.0 0.143402860551
5800.0 0.143403881822
5805.0 0.1434042125
5810.0 0.143402860551
5815.0 0.143403881822
5820.0 0.1434042125
5825.0 0.143402860551
5830.0 0.143403881822
5835.0 0.1434042125
5840.0 0.143402860551
5845.0 0.143403881822
5850.0 0.1434042125
5855.0 0.143402860551
5860.0 0.143403881822
5865.0 0.1434042125
5870.0 0.143402860551
5875.0 0.143403881822
5880.0 0.1434042125
5885.0 0.143402860551
5890.0 0.143403881822
5895.0 0.1434042125
5900.0 0.143402860551
5905.0 0.143403881822
5910.0 0.1434042125
5915.0 0.143402860551
5920.0 0.143403881822
5925.0 0.1434042125
5930.0 0.143402860551
5935.0 0.143403881822
5940.0 0.1434042125
5945.0 0.143402860551
5950.0 0.143403881822
5955.0 0.1434042125
5960.0 0.143402860551
5965.0 0.143403881822
5970.0 0.1434042125
5975.0 0.143402860551
5980.0 0.143403881822
5985.0 0.1434042125
5990.0 0.143402860551
5995.0 0.143403881822
6000.0 0.1434042125
6005.0 0.143402860551
6010.0 0.143403881822
6015.0 0.1434042125
6020.0 0.143402860551
6025.0 0.143403881822
6030.0 0.1434042125
6035.0 0.143402860551
6040.0 0.143403881822
6045.0 0.1434042125
6050.0 0.143402860551
6055.0 0.143403881822
6060.0 0.1434042125
6065.0 0.143402860551
6070.0 0.143403881822
6075.0 0.1434042125
6080.0 0.143402860551
6085.0 0.143403881822
6090.0 0.1434042125
6095.0 0.143402860551
6100.0 0.143403881822
6105.0 0.1434042125
6110.0 0.143402860551
6115.0 0.143403881822
6120.0 0.1434042125
6125.0 0.143402860551
6130.0 0.143403881822
6135.0 0.1434042125
6140.0 0.143402860551
6145.0 0.143403881822
6150.0 0.1434042125
6155.0 0.143402860551
6160.0 0.143403881822
6165.0 0.1434042125
6170.0 0.143402860551
6175.0 0.143403881822
6180.0 0.1434042125
6185.0 0.143402860551
6190.0 0.143403881822
6195.0 0.1434042125
6200.0 0.143402860551
6205.0 0.143403881822
6210.0 0.1434042125
6215.0 0.143402860551
6220.0 0.143403881822
6225.0 0.1434042125
6230.0 0.143402860551
6235.0 0.143403881822
6240.0 0.1434042125
6245.0 0.143402860551
6250.0 0.143403881822
6255.0 0.1434042125
6260.0 0.143402860551
6265.0 0.143403881822
6270.0 0.1434042125
6275.0 0.143402860551
6280.0 0.143403881822
6285.0 0.1434042125
6290.0 0.143402860551
6295.0 0.143403881822
6300.0 0.1434042125
6305.0 0.143402860551
6310.0 0.143403881822
6315.0 0.1434042125
6320.0 0.143402860551
6325.0 0.143403881822
6330.0 0.1434042125
6335.0 0.143402860551
6340.0 0.143403881822
6345.0 0.1434042125
6350.0 0.143402860551
6355.0 0.143403881822
6360.0 0.1434042125
6365.0 0.143402860551
6370.0 0.143403881822
6375.0 0.1434042125
6380.0 0.143402860551
6385.0 0.143403881822
6390.0 0.1434042125
6395.0 0.143402860551
6400.0 0.143403881822
6405.0 0.1434042125
6410.0 0.143402860551
6415.0 0.143403881822
6420.0 0.1434042125
6425.0 0.143402860551
6430.0 0.143403881822
6435.0 0.1434042125
6440.0 0.143402860551
6445.0 0.143403881822
6450.0 0.1434042125
6455.0 0.143402860551
6460.0 0.143403881822
6465.0 0.1434042125
6470.0 0.143402860551
6475.0 0.143403881822
6480.0 0.1434042125
6485.0 0.143402860551
6490.0 0.143403881822
6495.0 0.1434042125
6500.0 0.143402860551
6505.0 0.143403881822
6510.0 0.1434042125
6515.0 0.143402860551
6520.0 0.143403881822
6525.0 0.1434042125
6530.0 0.143402860551
6535.0 0.143403881822
6540.0 0.1434042125
6545.0 0.143402860551
6550.0 0.143403881822
6555.0 0.1434042125
6560.0 0.143402860551
6565.0 0.143403881822
6570.0 0.1434042125
6575.0 0.143402860551
6580.0 0.143403881822
6585.0 0.1434042125
6590.0 0.143402860551
6595.0 0.143403881822
6600.0 0.1434042125
6605.0 0.143402860551
6610.0 0.143403881822
6615.0 0.1434042125
6620.0 0.143402860551
6625.0 0.143403881822
6630.0 0.1434042125
6635.0 0.143402860551
6640.0 0.143403881822
6645.0 0.1434042125
6650.0 0.143402860551
6655.0 0.143403881822
6660.0 0.1434042125
6665.0 0.143402860551
6670.0 0.143403881822
6675.0 0.1434042125
6680.0 0.143402860551
6685.0 0.143403881822
6690.0 0.1434042125
6695.0 0.143402860551
6700.0 0.143403881822
6705.0 0.1434042125
6710.0 0.143402860551
6715.0 0.143403881822
6720.0 0.1434042125
6725.0 0.143402860551
6730.0 0.143403881822
6735.0 0.1434042125
6740.0 0.143402860551
6745.0 0.143403881822
6750.0 0.1434042125
6755.0 0.143402860551
6760.0 0.143403881822
6765.0 0.1434042125
6770.0 0.143402860551
6775.0 0.143403881822
6780.0 0.1434042125
6785.0 0.143402860551
6790.0 0.143403881822
6795.0 0.1434042125
6800.0 0.143402860551
6805.0 0.143403881822
6810.0 0.1434042125
6815.0 0.143402860551
6820.0 0.143403881822
6825.0 0.1434042125
6830.0 0.143402860551
6835.0 0.143403881822
6840.0 0.1434042125
6845.0 0.143402860551
6850.0 0.143403881822
6855.0 0.1434042125
6860.0 0.143402860551
6865.0 0.143403881822
6870.0 0.1434042125
6875.0 0.143402860551
6880.0 0.143403881822
6885.0 0.1434042125
6890.0 0.143402860551
6895.0 0.143403881822
6900.0 0.1434042125
6905.0 0.143402860551
6910.0 0.143403881822
6915.0 0.1434042125
6920.0 0.143402860551
6925.0 0.143403881822
6930.0 0.1434042125
6935.0 0.143402860551
6940.0 0.143403881822
6945.0 0.1434042125
6950.0 0.143402860551
6955.0 0.143403881822
6960.0 0.1434042125
6965.0 0.143402860551
6970.0 0.143403881822
6975.0 0.1434042125
6980.0 0.143402860551
6985.0 0.143403881822
6990.0 0.1434042125
6995.0 0.143402860551
7000.0 0.143403881822
7005.0 0.1434042125
7010.0 0.143402860551
7015.0 0.143403881822
7020.0 0.1434042125
7025.0 0.143402860551
7030.0 0.143403881822
7035.0 0.1434042125
7040.0 0.143402860551
7045.0 0.143403881822
7050.0 0.1434042125
7055.0 0.143402860551
7060.0 0.143403881822
7065.0 0.1434042125
7070.0 0.143402860551
7075.0 0.143403881822
7080.0 0.1434042125
7085.0 0.143402860551
7090.0 0.143403881822
7095.0 0.1434042125
7100.0 0.143402860551
7105.0 0.143403881822
7110.0 0.1434042125
7115.0 0.143402860551
7120.0 0.143403881822
7125.0 0.1434042125
7130.0 0.143402860551
7135.0 0.143403881822
7140.0 0.1434042125
7145.0 0.143402860551
7150.0 0.143403881822
7155.0 0.1434042125
7160.0 0.143402860551
7165.0 0.143403881822
7170.0 0.1434042125
7175.0 0.143402860551
7180.0 0.143403881822
7185.0 0.1434042125
7190.0 0.143402860551
7195.0 0.143403881822
7200.0 0.1434042125
7205.0 0.143402860551
7210.0 0.143403881822
7215.0 0.1434042125
7220.0 0.143402860551
7225.0 0.143403881822
7230.0 0.1434042125
7235.0 0.143402860551
7240.0 0.143403881822
7245.0 0.1434042125
7250.0 0.143402860551
7255.0 0.143403881822
7260.0 0.1434042125
7265.0 0.143402860551
7270.0 0.143403881822
7275.0 0.1434042125
7280.0 0.143402860551
7285.0 0.143403881822
7290.0 0.1434042125
7295.0 0.143402860551
7300.0 0.143403881822
7305.0 0.1434042125
7310.0 0.143402860551
7315.0 0.143403881822
7320.0 0.1434042125
7325.0 0.143402860551
7330.0 0.143403881822
7335.0 0.1434042125
7340.0 0.143402860551
7345.0 0.143403881822
7350.0 0.1434042125
7355.0 0.143402860551
7360.0 0.143403881822
7365.0 0.1434042125
7370.0 0.143402860551
7375.0 0.143403881822
7380.0 0.1434042125
7385.0 0.143402860551
7390.0 0.143403881822
7395.0 0.1434042125
7400.0 0.143402860551
7405.0 0.143403881822
7410.0 0.1434042125
7415.0 0.143402860551
7420.0 0.143403881822
7425.0 0.1434042125
7430.0 0.143402860551
7435.0 0.143403881822
7440.0 0.1434042125
7445.0 0.143402860551
7450.0 0.143403881822
7455.0 0.1434042125
7460.0 0.143402860551
7465.0 0.143403881822
7470.0 0.1434042125
7475.0 0.143402860551
7480.0 0.143403881822
7485.0 0.1434042125
7490.0 0.143402860551
7495.0 0.143403881822
7500.0 0.1434042125
7505.0 0.143402860551
7510.0 0.143403881822
7515.0 0.1434042125
7520.0 0.143402860551
7525.0 0.143403881822
7530.0 0.1434042125
7535.0 0.143402860551
7540.0 0.143403881822
7545.0 0.1434042125
7550.0 0.143402860551
7555.0 0.143403881822
7560.0 0.1434042125
7565.0 0.143402860551
7570.0 0.143403881822
7575.0 0.1434042125
7580.0 0.143402860551
7585.0 0.143403881822
7590.0 0.1434042125
7595.0 0.143402860551
7600.0 0.143403881822
7605.0 0.1434042125
7610.0 0.143402860551
7615.0 0.143403881822
7620.0 0.1434042125
7625.0 0.143402860551
7630.0 0.143403881822
7635.0 0.1434042125
7640.0 0.143402860551
7645.0 0.143403881822
7650.0 0.1434042125
7655.0 0.143402860551
7660.0 0.143403881822
7665.0 0.1434042125
7670.0 0.143402860551
7675.0 0.143403881822
7680.0 0.1434042125
7685.0 0.143402860551
7690.0 0.143403881822
7695.0 0.1434042125
7700.0 0.143402860551
7705.0 0.143403881822
7710.0 0.1434042125
7715.0 0.143402860551
7720.0 0.143403881822
7725.0 0.1434042125
7730.0 0.143402860551
7735.0 0.143403881822
7740.0 0.1434042125
7745.0 0.143402860551
7750.0 0.143403881822
7755.0 0.1434042125
7760.0 0.143402860551
7765.0 0.143403881822
7770.0 0.1434042125
7775.0 0.143402860551
7780.0 0.143403881822
7785.0 0.1434042125
7790.0 0.143402860551
7795.0 0.143403881822
7800.0 0.1434042125
7805.0 0.143402860551
7810.0 0.143403881822
7815.0 0.1434042125
7820.0 0.143402860551
7825.0 0.143403881822
7830.0 0.1434042125
7835.0 0.143402860551
7840.0 0.143403881822
7845.0 0.1434042125
7850.0 0.143402860551
7855.0 0.143403881822
7860.0 0.1434042125
7865.0 0.143402860551
7870.0 0.143403881822
7875.0 0.1434042125
7880.0 0.143402860551
7885.0 0.143403881822
7890.0 0.1434042125
7895.0 0.143402860551
7900.0 0.143403881822
7905.0 0.1434042125
7910.0 0.143402860551
7915.0 0.143403881822
7920.0 0.1434042125
7925.0 0.143402860551
7930.0 0.143403881822
7935.0 0.1434042125
7940.0 0.143402860551
7945.0 0.143403881822
7950.0 0.1434042125
7955.0 0.143402860551
7960.0 0.143403881822
7965.0 0.1434042125
7970.0 0.143402860551
7975.0 0.143403881822
7980.0 0.1434042125
7985.0 0.143402860551
7990.0 0.143403881822
7995.0 0.1434042125
8000.0 0.143402860551
8005.0 0.143403881822
8010.0 0.1434042125
8015.0 0.143402860551
8020.0 0.143403881822
8025.0 0.1434042125
8030.0 0.143402860551
8035.0 0.143403881822
8040.0 0.1434042125
8045.0 0.143402860551
8050.0 0.143403881822
8055.0 0.1434042125
8060.0 0.143402860551
8065.0 0.143403881822
8070.0 0.1434042125
8075.0 0.143402860551
8080.0 0.143403881822
8085.0 0.1434042125
8090.0 0.143402860551
8095.0 0.143403881822
8100.0 0.1434042125
8105.0 0.143402860551
8110.0 0.143403881822
8115.0 0.1434042125
8120.0 0.143402860551
8125.0 0.143403881822
8130.0 0.1434042125
8135.0 0.143402860551
8140.0 0.143403881822
8145.0 0.1434042125
8150.0 0.143402860551
8155.0 0.143403881822
8160.0 0.1434042125
8165.0 0.143402860551
8170.0 0.143403881822
8175.0 0.1434042125
8180.0 0.143402860551
8185.0 0.143403881822
8190.0 0.1434042125
8195.0 0.143402860551
8200.0 0.143403881822
8205.0 0.1434042125
8210.0 0.143402860551
8215.0 0.143403881822
8220.0 0.1434042125
8225.0 0.143402860551
8230.0 0.143403881822
8235.0 0.1434042125
8240.0 0.143402860551
8245.0 0.143403881822
8250.0 0.1434042125
8255.0 0.143402860551
8260.0 0.143403881822
8265.0 0.1434042125
8270.0 0.143402860551
8275.0 0.143403881822
8280.0 0.1434042125
8285.0 0.143402860551
8290.0 0.143403881822
8295.0 0.1434042125
8300.0 0.143402860551
8305.0 0.143403881822
8310.0 0.1434042125
8315.0 0.143402860551
8320.0 0.143403881822
8325.0 0.1434042125
8330.0 0.143402860551
8335.0 0.143403881822
8340.0 0.1434042125
8345.0 0.143402860551
8350.0 0.143403881822
8355.0 0.1434042125
8360.0 0.143402860551
8365.0 0.143403881822
8370.0 0.1434042125
8375.0 0.143402860551
8380.0 0.143403881822
8385.0 0.1434042125
8390.0 0.143402860551
8395.0 0.143403881822
8400.0 0.1434042125
8405.0 0.143402860551
8410.0 0.143403881822
8415.0 0.1434042125
8420.0 0.143402860551
8425.0 0.143403881822
8430.0 0.1434042125
8435.0 0.143402860551
8440.0 0.143403881822
8445.0 0.1434042125
8450.0 0.143402860551
8455.0 0.143403881822
8460.0 0.1434042125
8465.0 0.143402860551
8470.0 0.143403881822
8475.0 0.1434042125
8480.0 0.143402860551
8485.0 0.143403881822
8490.0 0.1434042125
8495.0 0.143402860551
8500.0 0.143403881822
8505.0 0.1434042125
8510.0 0.143402860551
8515.0 0.143403881822
8520.0 0.1434042125
8525.0 0.143402860551
8530.0 0.143403881822
8535.0 0.1434042125
8540.0 0.143402860551
8545.0 0.143403881822
8550.0 0.1434042125
8555.0 0.143402860551
8560.0 0.143403881822
8565.0 0.1434042125
8570.0 0.143402860551
8575.0 0.143403881822
8580.0 0.1434042125
8585.0 0.143402860551
8590.0 0.143403881822
8595.0 0.1434042125
8600.0 0.143402860551
8605.0 0.143403881822
8610.0 0.1434042125
8615.0 0.143402860551
8620.0 0.143403881822
8625.0 0.1434042125
8630.0 0.143402860551
8635.0 0.143403881822
8640.0 0.1434042125
8645.0 0.143402860551
8650.0 0.143403881822
8655.0 0.1434042125
8660.0 0.143402860551
8665.0 0.143403881822
8670.0 0.1434042125
8675.0 0.143402860551
8680.0 0.143403881822
8685.0 0.1434042125
8690.0 0.143402860551
8695.0 0.143403881822
8700.0 0.1434042125
8705.0 0.143402860551
8710.0 0.143403881822
8715.0 0.1434042125
8720.0 0.143402860551
8725.0 0.143403881822
8730.0 0.1434042125
8735.0 0.143402860551
8740.0 0.143403881822
8745.0 0.1434042125
8750.0 0.143402860551
8755.0 0.143403881822
8760.0 0.1434042125
8765.0 0.143402860551
8770.0 0.143403881822
8775.0 0.1434042125
8780.0 0.143402860551
8785.0 0.143403881822
8790.0 0.1434042125
8795.0 0.143402860551
8800.0 0.143403881822
8805.0 0.1434042125
8810.0 0.143402860551
8815.0 0.143403881822
8820.0 0.1434042125
8825.0 0.143402860551
8830.0 0.143403881822
8835.0 0.1434042125
8840.0 0.143402860551
8845.0 0.143403881822
8850.0 0.1434042125
8855.0 0.143402860551
8860.0 0.143403881822
8865.0 0.1434042125
8870.0 0.143402860551
8875.0 0.143403881822
8880.0 0.1434042125
8885.0 0.143402860551
8890.0 0.143403881822
8895.0 0.1434042125
8900.0 0.143402860551
8905.0 0.143403881822
8910.0 0.1434042125
8915.0 0.143402860551
8920.0 0.143403881822
8925.0 0.1434042125
8930.0 0.143402860551
8935.0 0.143403881822
8940.0 0.1434042125
8945.0 0.143402860551
8950.0 0.143403881822
8955.0 0.1434042125
8960.0 0.143402860551
8965.0 0.143403881822
8970.0 0.1434042125
8975.0 0.143402860551
8980.0 0.143403881822
8985.0 0.1434042125
8990.0 0.143402860551
8995.0 0.143403881822
9000.0 0.1434042125
9005.0 0.143402860551
9010.0 0.143403881822
9015.0 0.1434042125
9020.0 0.143402860551
9025.0 0.143403881822
9030.0 0.1434042125
9035.0 0.143402860551
9040.0 0.143403881822
9045.0 0.1434042125
9050.0 0.143402860551
9055.0 0.143403881822
9060.0 0.1434042125
9065.0 0.143402860551
9070.0 0.143403881822
9075.0 0.1434042125
9080.0 0.143402860551
9085.0 0.143403881822
9090.0 0.1434042125
9095.0 0.143402860551
9100.0 0.143403881822
9105.0 0.1434042125
9110.0 0.143402860551
9115.0 0.143403881822
9120.0 0.1434042125
9125.0 0.143402860551
9130.0 0.143403881822
9135.0 0.1434042125
9140.0 0.143402860551
9145.0 0.143403881822
9150.0 0.1434042125
9155.0 0.143402860551
9160.0 0.143403881822
9165.0 0.1434042125
9170.0 0.143402860551
9175.0 0.143403881822
9180.0 0.1434042125
9185.0 0.143402860551
9190.0 0.143403881822
9195.0 0.1434042125
9200.0 0.143402860551
9205.0 0.143403881822
9210.0 0.1434042125
9215.0 0.143402860551
9220.0 0.143403881822
9225.0 0.1434042125
9230.0 0.143402860551
9235.0 0.143403881822
9240.0 0.1434042125
9245.0 0.143402860551
9250.0 0.143403881822
9255.0 0.1434042125
9260.0 0.143402860551
9265.0 0.143403881822
9270.0 0.1434042125
9275.0 0.143402860551
9280.0 0.143403881822
9285.0 0.1434042125
9290.0 0.143402860551
9295.0 0.143403881822
9300.0 0.1434042125
9305.0 0.143402860551
9310.0 0.143403881822
9315.0 0.1434042125
9320.0 0.143402860551
9325.0 0.143403881822
9330.0 0.1434042125
9335.0 0.143402860551
9340.0 0.143403881822
9345.0 0.1434042125
9350.0 0.143402860551
9355.0 0.143403881822
9360.0 0.1434042125
9365.0 0.143402860551
9370.0 0.143403881822
9375.0 0.1434042125
9380.0 0.143402860551
9385.0 0.143403881822
9390.0 0.1434042125
9395.0 0.143402860551
9400.0 0.143403881822
9405.0 0.1434042125
9410.0 0.143402860551
9415.0 0.143403881822
9420.0 0.1434042125
9425.0 0.143402860551
9430.0 0.143403881822
9435.0 0.1434042125
9440.0 0.143402860551
9445.0 0.143403881822
9450.0 0.1434042125
9455.0 0.143402860551
9460.0 0.143403881822
9465.0 0.1434042125
9470.0 0.143402860551
9475.0 0.143403881822
9480.0 0.1434042125
9485.0 0.143402860551
9490.0 0.143403881822
9495.0 0.1434042125
9500.0 0.143402860551
9505.0 0.143403881822
9510.0 0.1434042125
9515.0 0.143402860551
9520.0 0.143403881822
9525.0 0.1434042125
9530.0 0.143402860551
9535.0 0.143403881822
9540.0 0.1434042125
9545.0 0.143402860551
9550.0 0.143403881822
9555.0 0.1434042125
9560.0 0.143402860551
9565.0 0.143403881822
9570.0 0.1434042125
9575.0 0.143402860551
9580.0 0.143403881822
9585.0 0.1434042125
9590.0 0.143402860551
9595.0 0.143403881822
9600.0 0.1434042125
9605.0 0.143402860551
9610.0 0.143403881822
9615.0 0.1434042125
9620.0 0.143402860551
9625.0 0.143403881822
9630.0 0.1434042125
9635.0 0.143402860551
9640.0 0.143403881822
9645.0 0.1434042125
9650.0 0.143402860551
9655.0 0.143403881822
9660.0 0.1434042125
9665.0 0.143402860551
9670.0 0.143403881822
9675.0 0.1434042125
9680.0 0.143402860551
9685.0 0.143403881822
9690.0 0.1434042125
9695.0 0.143402860551
9700.0 0.143403881822
9705.0 0.1434042125
9710.0 0.143402860551
9715.0 0.143403881822
9720.0 0.1434042125
9725.0 0.143402860551
9730.0 0.143403881822
9735.0 0.1434042125
9740.0 0.143402860551
9745.0 0.143403881822
9750.0 0.1434042125
9755.0 0.143402860551
9760.0 0.143403881822
9765.0 0.1434042125
9770.0 0.143402860551
9775.0 0.143403881822
9780.0 0.1434042125
9785.0 0.143402860551
9790.0 0.143403881822
9795.0 0.1434042125
9800.0 0.143402860551
9805.0 0.143403881822
9810.0 0.1434042125
9815.0 0.143402860551
9820.0 0.143403881822
9825.0 0.1434042125
9830.0 0.143402860551
9835.0 0.143403881822
9840.0 0.1434042125
9845.0 0.143402860551
9850.0 0.143403881822
9855.0 0.1434042125
9860.0 0.143402860551
9865.0 0.143403881822
9870.0 0.1434042125
9875.0 0.143402860551
9880.0 0.143403881822
9885.0 0.1434042125
9890.0 0.143402860551
9895.0 0.143403881822
9900.0 0.1434042125
9905.0 0.143402860551
9910.0 0.143403881822
9915.0 0.1434042125
9920.0 0.143402860551
9925.0 0.143403881822
9930.0 0.1434042125
9935.0 0.143402860551
9940.0 0.143403881822
9945.0 0.1434042125
9950.0 0.143402860551
9955.0 0.143403881822
9960.0 0.1434042125
9965.0 0.143402860551
9970.0 0.143403881822
9975.0 0.1434042125
9980.0 0.143402860551
9985.0 0.143403881822
9990.0 0.1434042125
9995.0 0.143402860551
10000.0 0.143403881822
