5.0 2.25004067797
10.0 1.93875423729
15.0 0.992500423729
20.0 0.345964110169
25.0 0.125941991525
30.0 0.120487118644
35.0 0.14568029661
40.0 0.159566313559
45.0 0.161112542373
50.0 0.158922923729
55.0 0.157690974576
60.0 0.159622627119
65.0 0.160169194915
70.0 0.16003440678
75.0 0.160962076271
80.0 0.161856694915
85.0 0.162643008475
90.0 0.16357470339
95.0 0.164424279661
100.0 0.165195466102
105.0 0.165831186441
110.0 0.166345847458
115.0 0.166665338983
120.0 0.166766694915
125.0 0.166680550847
130.0 0.166458813559
135.0 0.166045254237
140.0 0.165508644068
145.0 0.164813432203
150.0 0.164021525424
155.0 0.163101652542
160.0 0.162079576271
165.0 0.160998728814
170.0 0.15985279661
175.0 0.158657330508
180.0 0.157461864407
185.0 0.15623529661
190.0 0.155018813559
195.0 0.153800550847
200.0 0.152623432203
205.0 0.151448262712
210.0 0.150321567797
215.0 0.14923690678
220.0 0.148214322034
225.0 0.147232966102
230.0 0.146326016949
235.0 0.14548779661
240.0 0.144741779661
245.0 0.144079067797
250.0 0.14350529661
255.0 0.143033983051
260.0 0.142655042373
265.0 0.142413050847
270.0 0.142208262712
275.0 0.142136652542
280.0 0.142159915254
285.0 0.142276525424
290.0 0.142480084746
295.0 0.142748008475
300.0 0.143073771186
305.0 0.143463813559
310.0 0.143801694915
315.0 0.144266059322
320.0 0.144683474576
325.0 0.145061694915
330.0 0.145408771186
335.0 0.145703855932
340.0 0.145922118644
345.0 0.146053177966
350.0 0.146082161017
355.0 0.145995762712
360.0 0.145779322034
365.0 0.14541970339
370.0 0.144906016949
375.0 0.144225254237
380.0 0.143367754237
385.0 0.142323432203
390.0 0.141080508475
395.0 0.139629364407
400.0 0.137961101695
405.0 0.136067542373
410.0 0.133941652542
415.0 0.131575974576
420.0 0.128964745763
425.0 0.126104067797
430.0 0.122990466102
435.0 0.119621483051
440.0 0.11599779661
445.0 0.112119576271
450.0 0.107987711864
455.0 0.103605974576
460.0 0.0989780932203
465.0 0.0941096610169
470.0 0.0890059745763
475.0 0.0836744915254
480.0 0.078123559322
485.0 0.0723624152542
490.0 0.0663998728814
495.0 0.0602488983051
500.0 0.0539237288136
505.0 0.0474391525424
510.0 0.0408133940678
515.0 0.0340664110169
520.0 0.0272178305085
525.0 0.0202906864407
530.0 0.0133095254237
535.0 0.00630075
540.0 -0.000707767372881
545.0 -0.00768846610169
550.0 -0.0146114237288
555.0 -0.021446279661
560.0 -0.0281638389831
565.0 -0.0347375211864
570.0 -0.0411357754237
575.0 -0.0473238135593
580.0 -0.0532485169492
585.0 -0.0588737288136
590.0 -0.0646049576271
595.0 -0.0694324576271
600.0 -0.0744957627119
605.0 -0.0788436440678
610.0 -0.0829778389831
615.0 -0.0866386016949
620.0 -0.0901401271186
625.0 -0.0932552966102
630.0 -0.0955696610169
635.0 -0.0981118644068
640.0 -0.100175169492
645.0 -0.101704364407
650.0 -0.102882923729
655.0 -0.103890847458
660.0 -0.104583559322
665.0 -0.105027161017
670.0 -0.105096525424
675.0 -0.104986059322
680.0 -0.10467470339
685.0 -0.104121567797
690.0 -0.103414745763
695.0 -0.102575720339
700.0 -0.101600338983
705.0 -0.100491822034
710.0 -0.0992818644068
715.0 -0.0979905932203
720.0 -0.0966899152542
725.0 -0.0952577542373
730.0 -0.0937899152542
735.0 -0.0922753813559
740.0 -0.0907415677966
745.0 -0.0890957627119
750.0 -0.0874971186441
755.0 -0.0858621186441
760.0 -0.084198220339
765.0 -0.0825430508475
770.0 -0.0809115677966
775.0 -0.0792274152542
780.0 -0.0776088983051
785.0 -0.0759832627119
790.0 -0.0742973305085
795.0 -0.0726544915254
800.0 -0.0709324576271
805.0 -0.0692663135593
810.0 -0.0677855508475
815.0 -0.0663062288136
820.0 -0.0647686016949
825.0 -0.0631345338983
830.0 -0.061461779661
835.0 -0.0598728813559
840.0 -0.0583672457627
845.0 -0.0567641525424
850.0 -0.0552372457627
855.0 -0.0538367372881
860.0 -0.0525036440678
865.0 -0.0511814830508
870.0 -0.0497512288136
875.0 -0.0482108474576
880.0 -0.0468395762712
885.0 -0.0456583050847
890.0 -0.0443786864407
895.0 -0.0430236864407
900.0 -0.041726720339
905.0 -0.040600690678
910.0 -0.0394041949153
915.0 -0.0381708008475
920.0 -0.0370488940678
925.0 -0.035914529661
930.0 -0.0348006779661
935.0 -0.0336909491525
940.0 -0.0326281355932
945.0 -0.0315967245763
950.0 -0.030570720339
955.0 -0.0296018771186
960.0 -0.0286142627119
965.0 -0.0276608050847
970.0 -0.0267238644068
975.0 -0.0257983559322
980.0 -0.0248932372881
985.0 -0.0239937711864
990.0 -0.0231218050847
995.0 -0.0222696610169
1000.0 -0.0213896355932
1005.0 -0.0205965254237
1010.0 -0.0198007288136
1015.0 -0.0190772288136
1020.0 -0.0183432330508
1025.0 -0.0176295084746
1030.0 -0.016835559322
1035.0 -0.0161664533898
1040.0 -0.015482309322
1045.0 -0.0148261355932
1050.0 -0.0142361525424
1055.0 -0.0135960805085
1060.0 -0.0130285762712
1065.0 -0.0124932584746
1070.0 -0.0118708177966
1075.0 -0.0114777372881
1080.0 -0.0110437669492
1085.0 -0.0105036567797
1090.0 -0.0100476228814
1095.0 -0.00970271186441
1100.0 -0.00929789830508
1105.0 -0.00893908898305
1110.0 -0.0086046440678
1115.0 -0.0083451440678
1120.0 -0.00806505932203
1125.0 -0.00785920762712
1130.0 -0.00765191525424
1135.0 -0.00749258474576
1140.0 -0.00735754661017
1145.0 -0.00726163135593
1150.0 -0.00718085169492
1155.0 -0.00715763559322
1160.0 -0.00718122881356
1165.0 -0.00720857627119
1170.0 -0.00726238559322
1175.0 -0.00735469067797
1180.0 -0.00748083474576
1185.0 -0.00764167372881
1190.0 -0.00782366949153
1195.0 -0.00803376271186
1200.0 -0.00827894491525
1205.0 -0.00856370338983
1210.0 -0.00887041525424
1215.0 -0.00918925847458
1220.0 -0.00953641101695
1225.0 -0.00991298305085
1230.0 -0.0103303559322
1235.0 -0.0107683855932
1240.0 -0.0112251228814
1245.0 -0.0116939237288
1250.0 -0.012180029661
1255.0 -0.0126863771186
1260.0 -0.0132110338983
1265.0 -0.0137514533898
1270.0 -0.0143378135593
1275.0 -0.0148984322034
1280.0 -0.0154599830508
1285.0 -0.0160080508475
1290.0 -0.0166020974576
1295.0 -0.0172219576271
1300.0 -0.0178394830508
1305.0 -0.0184659788136
1310.0 -0.0190638601695
1315.0 -0.0196882118644
1320.0 -0.0203042584746
1325.0 -0.0209577076271
1330.0 -0.021562470339
1335.0 -0.022202440678
1340.0 -0.0228155466102
1345.0 -0.0234493050847
1350.0 -0.0240529830508
1355.0 -0.0246753898305
1360.0 -0.0252709576271
1365.0 -0.0258591483051
1370.0 -0.0264592923729
1375.0 -0.0270481355932
1380.0 -0.0276270211864
1385.0 -0.0281945338983
1390.0 -0.0287525254237
1395.0 -0.029301
1400.0 -0.0298341525424
1405.0 -0.0303726398305
1410.0 -0.030868309322
1415.0 -0.0313817415254
1420.0 -0.0318603432203
1425.0 -0.0323480466102
1430.0 -0.032792029661
1435.0 -0.0332567457627
1440.0 -0.0336351483051
1445.0 -0.0340787288136
1450.0 -0.0345233644068
1455.0 -0.0349386864407
1460.0 -0.0352865720339
1465.0 -0.0356423389831
1470.0 -0.0359787288136
1475.0 -0.0362992881356
1480.0 -0.0365862161017
1485.0 -0.0368763728814
1490.0 -0.0371635932203
1495.0 -0.0374099661017
1500.0 -0.0376551822034
1505.0 -0.0379099237288
1510.0 -0.0381032669492
1515.0 -0.0382916059322
1520.0 -0.0384779237288
1525.0 -0.0386573728814
1530.0 -0.0387840762712
1535.0 -0.0389137330508
1540.0 -0.0390391822034
1545.0 -0.039145470339
1550.0 -0.0392274788136
1555.0 -0.039308529661
1560.0 -0.0393662966102
1565.0 -0.0394185847458
1570.0 -0.0394496610169
1575.0 -0.0394770338983
1580.0 -0.0394825932203
1585.0 -0.0394881567797
1590.0 -0.039469690678
1595.0 -0.0394492754237
1600.0 -0.0394111483051
1605.0 -0.0393718474576
1610.0 -0.0393160805085
1615.0 -0.0392546567797
1620.0 -0.0391773813559
1625.0 -0.0391061144068
1630.0 -0.0390090508475
1635.0 -0.0389172033898
1640.0 -0.038814279661
1645.0 -0.0387213559322
1650.0 -0.0385989576271
1655.0 -0.0384814957627
1660.0 -0.0383544533898
1665.0 -0.0382308940678
1670.0 -0.0380878813559
1675.0 -0.0379563686441
1680.0 -0.0378069745763
1685.0 -0.037665720339
1690.0 -0.0375083686441
1695.0 -0.0373593220339
1700.0 -0.0371985974576
1705.0 -0.037037470339
1710.0 -0.0368832627119
1715.0 -0.0367246440678
1720.0 -0.0365625805085
1725.0 -0.0363915847458
1730.0 -0.0362164194915
1735.0 -0.0360496101695
1740.0 -0.0358808305085
1745.0 -0.0357122838983
1750.0 -0.0355434745763
1755.0 -0.0353772372881
1760.0 -0.0352102330508
1765.0 -0.0350397838983
1770.0 -0.0348755042373
1775.0 -0.0347195762712
1780.0 -0.0345552627119
1785.0 -0.034383190678
1790.0 -0.0342227118644
1795.0 -0.0340608050847
1800.0 -0.0339046440678
1805.0 -0.0337503983051
1810.0 -0.0336038262712
1815.0 -0.03344975
1820.0 -0.033305809322
1825.0 -0.0331574067797
1830.0 -0.0330097923729
1835.0 -0.0328781991525
1840.0 -0.0327461864407
1845.0 -0.032609809322
1850.0 -0.0324783305085
1855.0 -0.0323506355932
1860.0 -0.0322318983051
1865.0 -0.0321204915254
1870.0 -0.031996779661
1875.0 -0.0318732330508
1880.0 -0.0317715550847
1885.0 -0.0316381355932
1890.0 -0.0315769110169
1895.0 -0.0314851694915
1900.0 -0.0313616779661
1905.0 -0.03127675
1910.0 -0.0311811737288
1915.0 -0.0311135932203
1920.0 -0.0310295805085
1925.0 -0.0309618771186
1930.0 -0.0308939618644
1935.0 -0.0308269067797
1940.0 -0.0307661779661
1945.0 -0.0306951737288
1950.0 -0.030651970339
1955.0 -0.0306041525424
1960.0 -0.0305530635593
1965.0 -0.030506190678
1970.0 -0.0304694322034
1975.0 -0.0304376822034
1980.0 -0.0303994830508
1985.0 -0.0303758177966
1990.0 -0.0303529067797
1995.0 -0.0303227245763
2000.0 -0.0303138050847
2005.0 -0.0302932076271
2010.0 -0.0302826779661
2015.0 -0.0302746822034
2020.0 -0.0302693983051
2025.0 -0.0302690381356
2030.0 -0.0302675762712
2035.0 -0.0302746567797
2040.0 -0.0302886652542
2045.0 -0.030295970339
2050.0 -0.0303071313559
2055.0 -0.0303180720339
2060.0 -0.0303313898305
2065.0 -0.0303538601695
2070.0 -0.0303780762712
2075.0 -0.0304014576271
2080.0 -0.030432779661
2085.0 -0.030464
2090.0 -0.0304945847458
2095.0 -0.0305248728814
2100.0 -0.0305618050847
2105.0 -0.0306001398305
2110.0 -0.0306382923729
2115.0 -0.0306744788136
2120.0 -0.0307180847458
2125.0 -0.0307628135593
2130.0 -0.0308064322034
2135.0 -0.0308470338983
2140.0 -0.0308958432203
2145.0 -0.0309452923729
2150.0 -0.0309929576271
2155.0 -0.0310366779661
2160.0 -0.0310890635593
2165.0 -0.0311416610169
2170.0 -0.0311919110169
2175.0 -0.0312375127119
2180.0 -0.0312919364407
2185.0 -0.0313497161017
2190.0 -0.0314002966102
2195.0 -0.031444220339
2200.0 -0.0314973474576
2205.0 -0.0315518559322
2210.0 -0.0316104576271
2215.0 -0.0316510466102
2220.0 -0.0317074237288
2225.0 -0.0317609237288
2230.0 -0.0318045720339
2235.0 -0.0318570847458
2240.0 -0.031904
2245.0 -0.0319567415254
2250.0 -0.0320057627119
2255.0 -0.0320502161017
2260.0 -0.0320987415254
2265.0 -0.032148779661
2270.0 -0.0321890381356
2275.0 -0.0322353050847
2280.0 -0.032279220339
2285.0 -0.0323241652542
2290.0 -0.0323666144068
2295.0 -0.0324030466102
2300.0 -0.0324445720339
2305.0 -0.03248
2310.0 -0.0325206652542
2315.0 -0.0325560466102
2320.0 -0.0325892033898
2325.0 -0.0326264322034
2330.0 -0.0326576779661
2335.0 -0.0326887881356
2340.0 -0.0327273855932
2345.0 -0.0327453262712
2350.0 -0.0327772754237
2355.0 -0.032807059322
2360.0 -0.0328290254237
2365.0 -0.0328539957627
2370.0 -0.0328795847458
2375.0 -0.0329022288136
2380.0 -0.0329214788136
2385.0 -0.0329394915254
2390.0 -0.0329583898305
2395.0 -0.032976
2400.0 -0.0329923389831
2405.0 -0.0330079491525
2410.0 -0.0330196059322
2415.0 -0.0330328008475
2420.0 -0.0330440508475
2425.0 -0.0330548644068
2430.0 -0.0330632161017
2435.0 -0.033071309322
2440.0 -0.0330783432203
2445.0 -0.0330846271186
2450.0 -0.0330888855932
2455.0 -0.033093029661
2460.0 -0.0330959576271
2465.0 -0.033097779661
2470.0 -0.0330986991525
2475.0 -0.0330989745763
2480.0 -0.0330983262712
2485.0 -0.0330960847458
2490.0 -0.0330940211864
2495.0 -0.0330908305085
2500.0 -0.0330869915254
2505.0 -0.0330812415254
2510.0 -0.0330765254237
2515.0 -0.0330695042373
2520.0 -0.0330633050847
2525.0 -0.033056279661
2530.0 -0.0330482966102
2535.0 -0.0330399067797
2540.0 -0.0330268432203
2545.0 -0.0330216144068
2550.0 -0.0330099152542
2555.0 -0.0329992161017
2560.0 -0.0329878177966
2565.0 -0.0329761059322
2570.0 -0.0329665974576
2575.0 -0.0329518940678
2580.0 -0.0329403559322
2585.0 -0.0329295847458
2590.0 -0.0329151864407
2595.0 -0.0329000720339
2600.0 -0.0328886949153
2605.0 -0.0328739618644
2610.0 -0.0328611313559
2615.0 -0.0328451313559
2620.0 -0.0328346398305
2625.0 -0.0328191610169
2630.0 -0.0328030762712
2635.0 -0.0327883898305
2640.0 -0.0327724279661
2645.0 -0.0327605254237
2650.0 -0.0327472627119
2655.0 -0.0327315211864
2660.0 -0.0327150381356
2665.0 -0.0327037881356
2670.0 -0.032691809322
2675.0 -0.0326691864407
2680.0 -0.0326668940678
2685.0 -0.032648440678
2690.0 -0.0326304872881
2695.0 -0.0326248008475
2700.0 -0.0326050847458
2705.0 -0.0325917669492
2710.0 -0.0325858813559
2715.0 -0.0325634194915
2720.0 -0.0325629067797
2725.0 -0.0325452033898
2730.0 -0.032526440678
2735.0 -0.0325269067797
2740.0 -0.0325073983051
2745.0 -0.0325003008475
2750.0 -0.0324892245763
2755.0 -0.0324731355932
2760.0 -0.0324728389831
2765.0 -0.0324568940678
2770.0 -0.0324485550847
2775.0 -0.0324423347458
2780.0 -0.0324278389831
2785.0 -0.0324268516949
2790.0 -0.0324142330508
2795.0 -0.0324052245763
2800.0 -0.0324017457627
2805.0 -0.0323902627119
2810.0 -0.0323885127119
2815.0 -0.0323794110169
2820.0 -0.0323716610169
2825.0 -0.0323693050847
2830.0 -0.0323613771186
2835.0 -0.0323580677966
2840.0 -0.0323529491525
2845.0 -0.0323472033898
2850.0 -0.0323451525424
2855.0 -0.0323401398305
2860.0 -0.0323368389831
2865.0 -0.0323342754237
2870.0 -0.0323308305085
2875.0 -0.0323289957627
2880.0 -0.0323263474576
2885.0 -0.0323243813559
2890.0 -0.0323234830508
2895.0 -0.0323212923729
2900.0 -0.0323209576271
2905.0 -0.0323199449153
2910.0 -0.0323190889831
2915.0 -0.0323201652542
2920.0 -0.0323185550847
2925.0 -0.0323194279661
2930.0 -0.0323214364407
2935.0 -0.0323195677966
2940.0 -0.0323220084746
2945.0 -0.0323238855932
2950.0 -0.03232325
2955.0 -0.0323266101695
2960.0 -0.0323283516949
2965.0 -0.0323285466102
2970.0 -0.0323331186441
2975.0 -0.0323336313559
2980.0 -0.0323359152542
2985.0 -0.0323409872881
2990.0 -0.0323408474576
2995.0 -0.0323446355932
3000.0 -0.0323498135593
3005.0 -0.0323498220339
3010.0 -0.0323545254237
3015.0 -0.0323604322034
3020.0 -0.0323593940678
3025.0 -0.0323657881356
3030.0 -0.0323702372881
3035.0 -0.0323714449153
3040.0 -0.0323771694915
3045.0 -0.0323813135593
3050.0 -0.0323826398305
3055.0 -0.0323900211864
3060.0 -0.0323910889831
3065.0 -0.0323956694915
3070.0 -0.0324023728814
3075.0 -0.0324031398305
3080.0 -0.0324086271186
3085.0 -0.0324156440678
3090.0 -0.0324148898305
3095.0 -0.0324221610169
3100.0 -0.0324265635593
3105.0 -0.0324280720339
3110.0 -0.0324356228814
3115.0 -0.0324362118644
3120.0 -0.0324415127119
3125.0 -0.0324485381356
3130.0 -0.0324478262712
3135.0 -0.0324547415254
3140.0 -0.0324586525424
3145.0 -0.0324604067797
3150.0 -0.0324672076271
3155.0 -0.0324674957627
3160.0 -0.0324727288136
3165.0 -0.0324786440678
3170.0 -0.0324781864407
3175.0 -0.0324843855932
3180.0 -0.0324852838983
3185.0 -0.0324911271186
3190.0 -0.032489809322
3195.0 -0.0324985932203
3200.0 -0.0324955550847
3205.0 -0.0325041271186
3210.0 -0.03250325
3215.0 -0.0325087966102
3220.0 -0.0325106059322
3225.0 -0.0325132754237
3230.0 -0.0325162542373
3235.0 -0.0325182838983
3240.0 -0.0325211779661
3245.0 -0.0325224194915
3250.0 -0.0325255423729
3255.0 -0.0325264110169
3260.0 -0.0325298601695
3265.0 -0.0325294152542
3270.0 -0.0325334745763
3275.0 -0.0325333135593
3280.0 -0.0325362923729
3285.0 -0.0325367076271
3290.0 -0.0325390508475
3295.0 -0.0325398644068
3300.0 -0.0325414491525
3305.0 -0.0325425932203
3310.0 -0.0325432415254
3315.0 -0.0325446313559
3320.0 -0.0325449194915
3325.0 -0.032546029661
3330.0 -0.0325463813559
3335.0 -0.0325470508475
3340.0 -0.0325473262712
3345.0 -0.0325479067797
3350.0 -0.032548029661
3355.0 -0.0325483516949
3360.0 -0.032548529661
3365.0 -0.0325485889831
3370.0 -0.0325486567797
3375.0 -0.0325486610169
3380.0 -0.0325487288136
3385.0 -0.032548470339
3390.0 -0.0325479788136
3395.0 -0.0325480720339
3400.0 -0.0325472372881
3405.0 -0.0325475423729
3410.0 -0.0325463813559
3415.0 -0.0325463516949
3420.0 -0.0325454322034
3425.0 -0.0325456016949
3430.0 -0.0325441016949
3435.0 -0.0325442330508
3440.0 -0.0325429618644
3445.0 -0.0325416949153
3450.0 -0.0325417033898
3455.0 -0.0325403855932
3460.0 -0.0325402076271
3465.0 -0.0325379025424
3470.0 -0.0325391949153
3475.0 -0.0325361144068
3480.0 -0.0325366228814
3485.0 -0.0325334661017
3490.0 -0.0325344661017
3495.0 -0.032532220339
3500.0 -0.0325323559322
3505.0 -0.0325302838983
3510.0 -0.0325301101695
3515.0 -0.0325280847458
3520.0 -0.0325278771186
3525.0 -0.0325247627119
3530.0 -0.0325254025424
3535.0 -0.0325255084746
3540.0 -0.0325218347458
3545.0 -0.0325230466102
3550.0 -0.0325198686441
3555.0 -0.0325201355932
3560.0 -0.0325181313559
3565.0 -0.0325175
3570.0 -0.0325157754237
3575.0 -0.0325142627119
3580.0 -0.0325145084746
3585.0 -0.0325111059322
3590.0 -0.0325116059322
3595.0 -0.0325121144068
3600.0 -0.032506809322
3605.0 -0.0325096779661
3610.0 -0.0325100677966
3615.0 -0.0325040338983
3620.0 -0.032505970339
3625.0 -0.0325060677966
3630.0 -0.0325013686441
3635.0 -0.0325022033898
3640.0 -0.0325029915254
3645.0 -0.0325018135593
3650.0 -0.0324985466102
3655.0 -0.0324988389831
3660.0 -0.0324989830508
3665.0 -0.0324981779661
3670.0 -0.032495529661
3675.0 -0.0324950508475
3680.0 -0.0324948644068
3685.0 -0.032494690678
3690.0 -0.0324943135593
3695.0 -0.0324933516949
3700.0 -0.0324921101695
3705.0 -0.0324914661017
3710.0 -0.032491059322
3715.0 -0.0324908516949
3720.0 -0.0324904322034
3725.0 -0.0324898262712
3730.0 -0.0324892245763
3735.0 -0.0324885381356
3740.0 -0.0324882542373
3745.0 -0.0324880974576
3750.0 -0.0324878262712
3755.0 -0.0324874661017
3760.0 -0.0324871779661
3765.0 -0.0324867245763
3770.0 -0.0324862542373
3775.0 -0.0324861864407
3780.0 -0.0324859364407
3785.0 -0.0324859322034
3790.0 -0.0324854872881
3795.0 -0.032485279661
3800.0 -0.0324852118644
3805.0 -0.0324850381356
3810.0 -0.0324850338983
3815.0 -0.0324850762712
3820.0 -0.0324848771186
3825.0 -0.0324846864407
3830.0 -0.0324847330508
3835.0 -0.0324847033898
3840.0 -0.0324848432203
3845.0 -0.0324848516949
3850.0 -0.0324847711864
3855.0 -0.0324849830508
3860.0 -0.032485
3865.0 -0.0324849872881
3870.0 -0.0324851313559
3875.0 -0.0324854533898
3880.0 -0.0324854745763
3885.0 -0.0324853940678
3890.0 -0.0324854237288
3895.0 -0.0324856567797
3900.0 -0.0324858432203
3905.0 -0.0324860381356
3910.0 -0.0324861440678
3915.0 -0.032486309322
3920.0 -0.0324866398305
3925.0 -0.0324869788136
3930.0 -0.0324870805085
3935.0 -0.0324870677966
3940.0 -0.0324873432203
3945.0 -0.0324875211864
3950.0 -0.0324878686441
3955.0 -0.0324880889831
3960.0 -0.0324883516949
3965.0 -0.0324888305085
3970.0 -0.0324889533898
3975.0 -0.0324891355932
3980.0 -0.0324892457627
3985.0 -0.0324895254237
3990.0 -0.0324900084746
3995.0 -0.0324901186441
4000.0 -0.0324905932203
4005.0 -0.0324907711864
4010.0 -0.0324909618644
4015.0 -0.0324913220339
4020.0 -0.0324915254237
4025.0 -0.0324918220339
4030.0 -0.0324921271186
4035.0 -0.0324924364407
4040.0 -0.0324926398305
4045.0 -0.0324928728814
4050.0 -0.0324931694915
4055.0 -0.032493529661
4060.0 -0.0324938389831
4065.0 -0.0324942838983
4070.0 -0.0324943644068
4075.0 -0.0324945932203
4080.0 -0.0324948559322
4085.0 -0.0324951610169
4090.0 -0.0324954618644
4095.0 -0.0324955169492
4100.0 -0.0324960762712
4105.0 -0.03249625
4110.0 -0.0324964661017
4115.0 -0.0324968601695
4120.0 -0.0324969661017
4125.0 -0.0324972711864
4130.0 -0.0324975211864
4135.0 -0.0324976567797
4140.0 -0.0324978347458
4145.0 -0.0324980338983
4150.0 -0.0324983389831
4155.0 -0.0324986483051
4160.0 -0.0324988262712
4165.0 -0.0324991949153
4170.0 -0.0324992372881
4175.0 -0.0324993983051
4180.0 -0.0324995550847
4185.0 -0.0324996144068
4190.0 -0.0324999237288
4195.0 -0.0325000381356
4200.0 -0.0325003644068
4205.0 -0.0325004872881
4210.0 -0.0325006313559
4215.0 -0.0325007966102
4220.0 -0.0325008728814
4225.0 -0.0325009957627
4230.0 -0.0325011355932
4235.0 -0.032501190678
4240.0 -0.0325014491525
4245.0 -0.0325014067797
4250.0 -0.0325015720339
4255.0 -0.0325016567797
4260.0 -0.0325017372881
4265.0 -0.032501970339
4270.0 -0.0325019322034
4275.0 -0.0325021525424
4280.0 -0.0325021694915
4285.0 -0.0325022711864
4290.0 -0.0325023559322
4295.0 -0.0325022161017
4300.0 -0.0325024618644
4305.0 -0.0325023898305
4310.0 -0.0325026144068
4315.0 -0.0325026016949
4320.0 -0.0325026398305
4325.0 -0.0325027076271
4330.0 -0.0325026610169
4335.0 -0.0325027542373
4340.0 -0.0325026779661
4345.0 -0.0325026949153
4350.0 -0.0325028728814
4355.0 -0.0325028983051
4360.0 -0.0325029872881
4365.0 -0.032502809322
4370.0 -0.0325028050847
4375.0 -0.0325027669492
4380.0 -0.0325027288136
4385.0 -0.0325028262712
4390.0 -0.0325028347458
4395.0 -0.0325028305085
4400.0 -0.0325028177966
4405.0 -0.0325026864407
4410.0 -0.0325026610169
4415.0 -0.0325025889831
4420.0 -0.0325026313559
4425.0 -0.0325025847458
4430.0 -0.0325025084746
4435.0 -0.0325024872881
4440.0 -0.0325023135593
4445.0 -0.0325023983051
4450.0 -0.0325023855932
4455.0 -0.0325023177966
4460.0 -0.0325021991525
4465.0 -0.0325020127119
4470.0 -0.0325020974576
4475.0 -0.032501970339
4480.0 -0.0325019872881
4485.0 -0.0325020466102
4490.0 -0.0325019449153
4495.0 -0.0325019576271
4500.0 -0.0325017245763
4505.0 -0.0325015974576
4510.0 -0.0325015974576
4515.0 -0.0325016016949
4520.0 -0.0325017711864
4525.0 -0.032501690678
4530.0 -0.0325015889831
4535.0 -0.0325015254237
4540.0 -0.0325013559322
4545.0 -0.0325013474576
4550.0 -0.0325011864407
4555.0 -0.0325012711864
4560.0 -0.0325012415254
4565.0 -0.0325011949153
4570.0 -0.0325012330508
4575.0 -0.0325010042373
4580.0 -0.0325009449153
4585.0 -0.0325008855932
4590.0 -0.0325009279661
4595.0 -0.0325008262712
4600.0 -0.0325007076271
4605.0 -0.0325006144068
4610.0 -0.0325005211864
4615.0 -0.0325005508475
4620.0 -0.0325004915254
4625.0 -0.0325003686441
4630.0 -0.0325003940678
4635.0 -0.0325003813559
4640.0 -0.0325003177966
4645.0 -0.0325001483051
4650.0 -0.0324999830508
4655.0 -0.0324999915254
4660.0 -0.0324999110169
4665.0 -0.0325001186441
4670.0 -0.0324999279661
4675.0 -0.0324999237288
4680.0 -0.0325000084746
4685.0 -0.032499779661
4690.0 -0.0324997966102
4695.0 -0.0324994788136
4700.0 -0.0324995084746
4705.0 -0.0324996991525
4710.0 -0.0324996652542
4715.0 -0.0324995677966
4720.0 -0.0324993686441
4725.0 -0.0324995211864
4730.0 -0.0324993813559
4735.0 -0.0324993898305
4740.0 -0.0324992966102
4745.0 -0.0324991271186
4750.0 -0.0324991567797
4755.0 -0.0324992457627
4760.0 -0.0324994025424
4765.0 -0.0324991567797
4770.0 -0.0324990720339
4775.0 -0.0324991398305
4780.0 -0.0324990720339
4785.0 -0.032498940678
4790.0 -0.0324987838983
4795.0 -0.0324991059322
4800.0 -0.0324991991525
4805.0 -0.0324989067797
4810.0 -0.0324986822034
4815.0 -0.0324988644068
4820.0 -0.0324989830508
4825.0 -0.0324987245763
4830.0 -0.0324987542373
4835.0 -0.0324985847458
4840.0 -0.0324988771186
4845.0 -0.0324988262712
4850.0 -0.0324986525424
4855.0 -0.0324988432203
4860.0 -0.0324988686441
4865.0 -0.0324986779661
4870.0 -0.0324985762712
4875.0 -0.0324986059322
4880.0 -0.0324986059322
4885.0 -0.0324984237288
4890.0 -0.0324985805085
4895.0 -0.0324990720339
4900.0 -0.0324988898305
4905.0 -0.0324985889831
4910.0 -0.0324982076271
4915.0 -0.0324983855932
4920.0 -0.0324988220339
4925.0 -0.0324988432203
4930.0 -0.0324988898305
4935.0 -0.0324988008475
4940.0 -0.0324983728814
4945.0 -0.0324983559322
4950.0 -0.032498779661
4955.0 -0.0324991144068
4960.0 -0.0324988644068
4965.0 -0.0324983813559
4970.0 -0.0324987076271
4975.0 -0.0324986652542
4980.0 -0.032498690678
4985.0 -0.0324987669492
4990.0 -0.0324990762712
4995.0 -0.0324988644068
5000.0 -0.0324987838983
