/*--------------------------------*- C++ -*----------------------------------*\
| =========                 |                                                 |
| \\      /  F ield         | OpenFOAM: The Open Source CFD Toolbox           |
|  \\    /   O peration     | Version:  2.3.0                                 |
|   \\  /    A nd           | Web:      www.OpenFOAM.org                      |
|    \\/     M anipulation  |                                                 |
\*---------------------------------------------------------------------------*/
FoamFile
{
    version     2.0;
    format      ascii;
    class       volScalarField;
    location    "10000";
    object      nut;
}
// * * * * * * * * * * * * * * * * * * * * * * * * * * * * * * * * * * * * * //

dimensions      [0 2 -1 0 0 0 0];

internalField   nonuniform List<scalar> 
6710
(
0.0562546
0.0505875
0.0457316
0.041836
0.0388527
0.0360835
0.0333078
0.0306174
0.0280136
0.0254607
0.0229821
0.0210139
0.0639631
0.0597676
0.0561165
0.0529926
0.0504135
0.0483739
0.0468448
0.0457815
0.0451258
0.0448208
0.0448137
0.0450545
0.0704903
0.0674792
0.0649221
0.0627885
0.0610611
0.0597175
0.0587284
0.058058
0.057669
0.0575219
0.0575796
0.0578064
0.0759744
0.0737667
0.0719232
0.070399
0.0691708
0.0682171
0.0675141
0.067038
0.0667649
0.0666715
0.0667362
0.0669378
0.0805168
0.0788834
0.0775141
0.076377
0.0754555
0.0747341
0.0741983
0.0738326
0.0736234
0.0735575
0.0736219
0.073804
0.0842858
0.0830693
0.0820232
0.0811421
0.0804192
0.0798466
0.0794158
0.0791188
0.0789479
0.0788965
0.0789572
0.0791227
0.0874714
0.0865272
0.0857013
0.0849951
0.0844062
0.0839329
0.083573
0.0833222
0.0831771
0.0831345
0.083191
0.0833431
0.0901557
0.0894048
0.0887351
0.0881534
0.0876586
0.0872539
0.0869429
0.0867254
0.0865995
0.0865629
0.0866151
0.086756
0.0924217
0.0918228
0.0912622
0.0907747
0.0903499
0.0899911
0.089714
0.0895212
0.0894109
0.0893805
0.0894268
0.089558
0.0943514
0.0938808
0.0933844
0.0929743
0.0926094
0.0922758
0.0920202
0.0918453
0.0917479
0.0917287
0.0917633
0.0918851
0.0225865
0.0263741
0.0288211
0.0313543
0.0343983
0.0380622
0.0423368
0.0471686
0.0524886
0.05822
0.0642794
0.0706227
0.0454608
0.0460783
0.0470297
0.0483698
0.0501476
0.0523983
0.0551395
0.0583685
0.0620617
0.0661769
0.0706623
0.0755003
0.058163
0.0586763
0.059411
0.0603986
0.0616693
0.0632516
0.0651688
0.067437
0.0700619
0.0730378
0.0763495
0.0800083
0.0672551
0.0677036
0.0683186
0.069118
0.0701195
0.0713406
0.0727976
0.074504
0.0764707
0.0787027
0.0812017
0.0839916
0.0740914
0.0744935
0.0750302
0.075711
0.0765453
0.0775427
0.0787124
0.0800627
0.0816018
0.0833363
0.0852729
0.0874377
0.0793857
0.0797517
0.0802318
0.0808304
0.0815514
0.0823989
0.0833765
0.0844883
0.0857381
0.0871301
0.0886701
0.0903879
0.0835864
0.0839237
0.0843609
0.084899
0.0855383
0.0862789
0.0871206
0.088064
0.0891098
0.0902584
0.0915118
0.0928876
0.0869829
0.0872971
0.0877008
0.0881927
0.0887706
0.0894312
0.0901728
0.0909922
0.091889
0.0928596
0.0939053
0.0950372
0.0897717
0.0900671
0.0904436
0.090899
0.0914298
0.0920271
0.0926933
0.0934168
0.0942028
0.095038
0.095928
0.0968776
0.0920868
0.0923665
0.0927195
0.093142
0.0936338
0.0941748
0.0947849
0.0954284
0.0961338
0.0968637
0.0976355
0.0984428
0.0701656
0.0599696
0.0514375
0.0440471
0.0374106
0.0314749
0.0264955
0.0227601
0.0196365
0.0165468
0.0132674
0.00955093
0.0751979
0.0675979
0.0615447
0.0567128
0.0521751
0.0476414
0.0430425
0.0384048
0.033717
0.0288973
0.0238349
0.0184117
0.0811175
0.076105
0.0718875
0.0676606
0.0632814
0.0587082
0.053917
0.0488722
0.0435337
0.0378556
0.0317875
0.025282
0.0873506
0.0835818
0.0797658
0.0757084
0.0713664
0.0667204
0.0617448
0.0564026
0.0506495
0.044435
0.0377081
0.0304235
0.0928986
0.0894597
0.0858058
0.0818406
0.0775266
0.0728356
0.0677325
0.0621743
0.0561107
0.0494841
0.0422362
0.0343078
0.0973211
0.0940758
0.0905427
0.0866588
0.0823814
0.0776707
0.0724812
0.0667609
0.0604495
0.0534819
0.0457886
0.0373007
0.100848
0.0977547
0.0943352
0.0905335
0.0863012
0.0815883
0.0763385
0.0704894
0.0639726
0.0567125
0.0486299
0.039649
0.103689
0.100734
0.0974257
0.0937075
0.0895245
0.0848201
0.0795266
0.0735715
0.066878
0.0593605
0.0509325
0.0415122
0.106
0.10318
0.0999813
0.0963471
0.0922111
0.0875238
0.0821992
0.0761553
0.0693053
0.0615574
0.0528143
0.0429935
0.107925
0.105215
0.102116
0.0985756
0.0944705
0.0898099
0.0844667
0.078352
0.071364
0.0634064
0.0543621
0.0441325
0.00528142
0.00203308
0.00185537
0.00248278
0.00326638
0.00441202
0.00606095
0.00816076
0.0107798
0.013997
0.0178986
0.022591
0.0123374
0.00588683
0.00271737
0.00314062
0.00414435
0.00548224
0.0072384
0.00937629
0.0119564
0.0150423
0.0187104
0.0230394
0.0180907
0.0100502
0.00423926
0.00392284
0.00512787
0.00663187
0.00847901
0.0106458
0.0131792
0.01613
0.0195574
0.0235145
0.0223637
0.0133668
0.005983
0.00480018
0.00614332
0.0077837
0.00970573
0.0118916
0.0143743
0.0171955
0.0204148
0.0241523
0.0255162
0.0158039
0.00757377
0.00572499
0.00714234
0.00890148
0.0108849
0.0130816
0.0155159
0.018225
0.0212633
0.0246887
0.0278711
0.0175775
0.00888753
0.00664622
0.0081072
0.00996591
0.0120001
0.0142028
0.0165934
0.0192013
0.0220605
0.0251836
0.0296574
0.0188801
0.00994083
0.00752998
0.00902855
0.010968
0.0130443
0.0152507
0.0176005
0.0201118
0.0227982
0.0256607
0.0310264
0.0198495
0.0107894
0.00835855
0.00989818
0.0119031
0.0140152
0.0162233
0.0185335
0.0209516
0.0234796
0.0261193
0.0320677
0.0205771
0.0115074
0.0091236
0.010705
0.0127725
0.0149171
0.0171226
0.0193917
0.0217223
0.0241078
0.0265522
0.032713
0.0207919
0.0117848
0.00982547
0.0115243
0.0135858
0.0157006
0.0179
0.0201587
0.0224123
0.0246595
0.0269451
0.00100479
0.0034646
0.00748067
0.0120035
0.0166551
0.0213257
0.025931
0.0303611
0.0346215
0.0390433
0.0437596
0.0494012
0.000744416
0.0021792
0.00547718
0.00911973
0.0129006
0.0169038
0.0211654
0.0256091
0.0301313
0.0347298
0.0394989
0.0448873
0.000445965
0.00138062
0.00350425
0.00674504
0.0112628
0.015634
0.0198577
0.0240326
0.0282159
0.0324625
0.036893
0.0418293
0.000470749
0.00112704
0.0028748
0.00556994
0.00954576
0.0143208
0.0190657
0.0236279
0.0279133
0.0319308
0.0358636
0.0401198
0.000427433
0.000985047
0.00250608
0.00483521
0.00824853
0.0130068
0.0181178
0.0231572
0.0279355
0.0322422
0.0360381
0.0397003
0.00041849
0.000891794
0.00226001
0.0043633
0.00744774
0.0118293
0.0171133
0.0225087
0.0277758
0.0326306
0.0367719
0.0402506
0.000406003
0.000825032
0.00208082
0.00401691
0.0068509
0.0108783
0.0161553
0.0217954
0.0274353
0.0328124
0.0375348
0.0412954
0.000400665
0.00077798
0.00195239
0.00376712
0.00641879
0.0101843
0.0153093
0.0210998
0.0270302
0.0328375
0.0381529
0.0425355
0.000397606
0.000745178
0.00186093
0.00358809
0.00610657
0.00967825
0.014609
0.0204794
0.026639
0.0327934
0.0386144
0.0436074
0.000397537
0.000722524
0.00179652
0.00346045
0.00588146
0.00930898
0.0140614
0.0199647
0.0263137
0.0327555
0.0389909
0.044559
0.000399144
0.000706996
0.00175146
0.00336999
0.0057193
0.00903842
0.0136431
0.0195497
0.0260623
0.0327512
0.0393208
0.0453265
0.000401847
0.000696301
0.00172008
0.00330609
0.00560284
0.00884039
0.0133272
0.0192179
0.0258808
0.0327994
0.0396592
0.0460307
0.000404925
0.00068848
0.00169719
0.00325925
0.00551693
0.00869285
0.0130867
0.0189456
0.0257501
0.0328988
0.0400445
0.0467832
0.000407914
0.000682065
0.0016787
0.00322161
0.00544823
0.00857521
0.0128944
0.018707
0.0256358
0.0330098
0.0404338
0.0475118
0.000410595
0.000676317
0.00166238
0.00318868
0.00538853
0.00847352
0.0127283
0.0184823
0.0255086
0.0330906
0.0407697
0.0481339
0.000412898
0.000670901
0.00164737
0.00315875
0.00533492
0.00838335
0.0125826
0.0182754
0.0253799
0.0331664
0.0411192
0.0488536
0.000414755
0.000665544
0.00163268
0.00312967
0.00528337
0.00829748
0.0124451
0.0180732
0.0252277
0.0331978
0.0413932
0.0493838
0.000416185
0.000660238
0.00161818
0.00310107
0.00523297
0.00821424
0.0123132
0.0178769
0.025057
0.0332
0.0416502
0.0499705
0.00041721
0.000655021
0.00160383
0.00307241
0.00518263
0.00813135
0.012182
0.0176785
0.0248531
0.0331426
0.0418289
0.0504283
0.000417897
0.00065001
0.00159015
0.003044
0.005133
0.00805019
0.0120544
0.0174853
0.0246299
0.0330356
0.0419423
0.0508366
0.000418301
0.000645112
0.00157678
0.00301586
0.00508396
0.00797028
0.0119294
0.0172963
0.0243942
0.0328837
0.0419803
0.0511219
0.000418546
0.000640466
0.00156401
0.0029891
0.00503735
0.00789446
0.0118113
0.0171184
0.0241631
0.0327155
0.0419899
0.0513929
0.000418688
0.000636139
0.00155195
0.0029638
0.00499312
0.00782232
0.0116987
0.0169482
0.0239329
0.0325209
0.041938
0.0515356
0.000418831
0.000632301
0.00154112
0.00294095
0.00495295
0.00775649
0.0115957
0.0167924
0.0237191
0.0323321
0.0418863
0.0517066
0.000419022
0.000628961
0.00153161
0.00292073
0.00491714
0.00769732
0.0115022
0.0166499
0.0235193
0.0321453
0.0418204
0.0518305
0.000419238
0.00062604
0.00152336
0.00290319
0.00488604
0.00764561
0.0114198
0.0165225
0.0233361
0.0319639
0.0417464
0.051932
0.000419446
0.000623411
0.00151608
0.00288792
0.00485921
0.00760118
0.0113489
0.0164124
0.0231753
0.0318001
0.0416837
0.0520441
0.000419679
0.000620944
0.0015094
0.00287414
0.0048355
0.00756259
0.011288
0.0163184
0.0230379
0.0316592
0.0416435
0.0521918
0.000419891
0.000618489
0.00150287
0.00286091
0.00481321
0.00752729
0.0112335
0.0162359
0.0229177
0.0315345
0.0416114
0.0523418
0.00041997
0.000615934
0.0014962
0.00284744
0.0047907
0.00749214
0.0111811
0.016159
0.0228092
0.0314212
0.0415791
0.0524606
0.000419946
0.000613364
0.00148942
0.00283357
0.00476718
0.0074553
0.0111264
0.0160808
0.022702
0.0313111
0.0415476
0.0525711
0.000419887
0.000610882
0.00148272
0.00281973
0.00474326
0.00741704
0.0110684
0.0159969
0.0225878
0.0311939
0.0415213
0.0527226
0.000419786
0.000608528
0.00147636
0.00280636
0.00471971
0.00737833
0.0110077
0.015905
0.0224545
0.0310354
0.0414342
0.0528097
0.000419569
0.000606277
0.00147032
0.00279373
0.00469741
0.00734168
0.0109498
0.0158152
0.0223175
0.0308471
0.0412591
0.0527032
0.000419303
0.00060418
0.00146458
0.00278174
0.00467637
0.00730727
0.0108961
0.0157338
0.022197
0.0306875
0.0411263
0.0526804
0.000419036
0.000602309
0.00145936
0.00277076
0.00465683
0.00727514
0.0108456
0.0156577
0.0220863
0.0305453
0.0410227
0.052737
0.000418768
0.000600741
0.00145488
0.00276105
0.00463916
0.00724532
0.010798
0.0155842
0.021977
0.0303991
0.0408964
0.0527205
0.000418547
0.000599553
0.00145133
0.00275308
0.00462418
0.00721954
0.0107559
0.0155176
0.0218742
0.0302529
0.0407502
0.0526541
0.000418447
0.000598775
0.0014488
0.00274712
0.00461256
0.00719893
0.0107216
0.0154629
0.0217897
0.0301319
0.0406288
0.052607
0.000418471
0.000598534
0.00144757
0.00274345
0.00460446
0.00718336
0.0106941
0.0154177
0.0217193
0.0300347
0.0405475
0.0526276
0.000418565
0.000598801
0.00144774
0.00274243
0.00460048
0.00717376
0.0106749
0.0153828
0.0216611
0.0299496
0.0404751
0.0526578
0.000418755
0.000599572
0.00144924
0.00274398
0.00460091
0.0071708
0.0106648
0.0153597
0.0216163
0.0298765
0.0404046
0.0526692
0.000419034
0.000600753
0.00145195
0.00274814
0.00460591
0.00717537
0.0106659
0.0153524
0.0215923
0.0298286
0.0403585
0.0527017
0.000419382
0.000602373
0.00145586
0.00275457
0.00461492
0.00718661
0.0106781
0.0153619
0.0215927
0.0298123
0.040345
0.0527594
0.000419782
0.000604426
0.00146085
0.00276294
0.00462707
0.00720308
0.0106991
0.0153866
0.0216181
0.0298351
0.0403842
0.0528557
0.000420262
0.000607005
0.00146698
0.00277326
0.00464208
0.00722352
0.0107258
0.0154206
0.0216601
0.0298897
0.040488
0.0530617
0.000420805
0.000610213
0.0014746
0.00278596
0.00466028
0.00724775
0.0107564
0.0154582
0.0217062
0.0299508
0.0406131
0.0533756
0.00042131
0.000614119
0.00148387
0.00280143
0.00468235
0.00727667
0.0107918
0.0154988
0.0217498
0.0299958
0.0406845
0.0535418
0.00042179
0.000618804
0.00149506
0.00282046
0.00470991
0.00731312
0.0108365
0.0155494
0.0218024
0.0300465
0.0407603
0.0537504
0.000422258
0.00062419
0.00150812
0.00284323
0.00474382
0.00735935
0.0108947
0.0156172
0.0218735
0.0301116
0.0408306
0.0539283
0.000422626
0.00063026
0.001523
0.00286948
0.00478374
0.00741526
0.0109679
0.0157064
0.0219736
0.0302114
0.0409279
0.0541041
0.000422862
0.000636963
0.00153952
0.00289877
0.00482885
0.00747981
0.011055
0.0158175
0.0221068
0.0303596
0.0410908
0.0543512
0.000422995
0.000644372
0.00155773
0.00293103
0.00487855
0.00755119
0.0111526
0.0159455
0.0222678
0.0305529
0.0413243
0.0547097
0.000422985
0.000652769
0.00157787
0.00296624
0.00493231
0.00762798
0.0112569
0.0160825
0.0224425
0.0307695
0.0415903
0.0550534
0.000422665
0.000661843
0.00159982
0.00300485
0.00499123
0.00771101
0.011368
0.0162253
0.0226216
0.030993
0.0418897
0.0555938
0.000422028
0.000672009
0.00162452
0.00304805
0.00505665
0.00780266
0.0114892
0.0163774
0.0228027
0.0311973
0.0421101
0.0559431
0.000421124
0.000683234
0.00165156
0.00309541
0.00512908
0.00790526
0.0116254
0.0165478
0.0230029
0.031414
0.0423201
0.0561991
0.00041982
0.000695381
0.00168083
0.00314736
0.00520959
0.00802039
0.0117803
0.0167454
0.0232408
0.0316801
0.0425859
0.0564804
0.000418049
0.00070873
0.0017129
0.00320393
0.00529685
0.00814572
0.0119513
0.0169684
0.0235192
0.0320108
0.0429549
0.0569016
0.000415747
0.000723477
0.00174785
0.00326476
0.00539035
0.00827971
0.0121335
0.0172067
0.0238205
0.0323797
0.0433935
0.0574295
0.000412793
0.000739771
0.00178623
0.0033314
0.00549214
0.00842364
0.0123262
0.0174539
0.0241275
0.0327533
0.0438493
0.0580488
0.000409163
0.000758161
0.00182902
0.00340515
0.00560384
0.00858008
0.0125326
0.0177123
0.0244353
0.0331008
0.0442154
0.0584024
0.000404687
0.000778588
0.00187642
0.00348729
0.00572908
0.00875579
0.0127639
0.0179998
0.0247718
0.0334666
0.044574
0.0587164
0.000399246
0.000801587
0.00192953
0.00357929
0.00586936
0.00895328
0.0130255
0.0183279
0.0251591
0.0338883
0.0449687
0.0589329
0.000392759
0.000827533
0.00198865
0.00368114
0.00602502
0.00917351
0.0133191
0.0186998
0.0256089
0.034407
0.0455426
0.0595788
0.000385146
0.000856545
0.0020538
0.00379345
0.00619657
0.0094154
0.0136404
0.0191053
0.0260963
0.0349628
0.0461327
0.0601279
0.0003768
0.000889844
0.00212694
0.00391839
0.00638613
0.00968092
0.013991
0.0195456
0.0266227
0.0355621
0.0467837
0.0608183
0.000368822
0.000928694
0.00220952
0.00405808
0.00659688
0.00997449
0.0143746
0.0200204
0.0271797
0.0361766
0.0474096
0.0613745
0.000362471
0.000975034
0.00230457
0.00421763
0.00683621
0.0103049
0.0148022
0.0205425
0.0277815
0.0368269
0.0480585
0.0619665
0.000358182
0.00103209
0.00241692
0.00440428
0.00711343
0.0106842
0.015288
0.0211276
0.0284429
0.0375199
0.0487074
0.0624405
0.000335273
0.00110015
0.00255516
0.00463451
0.00745095
0.0111399
0.015863
0.0218099
0.0292016
0.0383026
0.0494418
0.0630484
0.000257143
0.00117635
0.0027319
0.00493581
0.00789115
0.0117238
0.0165842
0.0226466
0.0301074
0.0392083
0.0502475
0.0636155
0.00023663
0.00127683
0.00297024
0.00535098
0.00850854
0.0125505
0.0175991
0.0237938
0.0313063
0.0403688
0.0512569
0.0643642
0.000269828
0.00146547
0.0033912
0.00606175
0.00953255
0.0138871
0.0192146
0.0256061
0.0331771
0.0421031
0.0526814
0.0653641
0.000375869
0.00216111
0.0047386
0.0080317
0.012041
0.0168261
0.0224655
0.0290165
0.036532
0.0451367
0.0551183
0.066996
0.00106711
0.00434464
0.00849509
0.0132876
0.0186293
0.0244604
0.0307198
0.0373455
0.044272
0.0514272
0.0587517
0.0662168
0.000219787
0.00196418
0.00487913
0.00868231
0.0133289
0.0187624
0.0249113
0.0316715
0.0389305
0.0465662
0.054458
0.0625023
0.000619353
0.00177654
0.00410125
0.00723543
0.0112073
0.0160217
0.0216646
0.0280845
0.0351939
0.0428703
0.0509665
0.059347
0.000632137
0.00157134
0.00358898
0.0063266
0.00984591
0.0141944
0.0194013
0.0254614
0.0323245
0.0398917
0.0480175
0.0565307
0.000647432
0.0013724
0.00316339
0.00561912
0.0088123
0.0128089
0.017663
0.0234004
0.0300039
0.0374027
0.0454675
0.0540209
0.000653399
0.00122427
0.0028449
0.00508534
0.0080247
0.0117377
0.0162936
0.0217398
0.0280861
0.0352897
0.0432437
0.0517842
0.000656458
0.00111601
0.00260292
0.00467207
0.007406
0.0108834
0.0151837
0.0203695
0.0264719
0.0334725
0.0412893
0.0497778
0.000658009
0.0010319
0.00240938
0.00433737
0.00690064
0.0101791
0.0142584
0.0192127
0.0250889
0.0318896
0.0395563
0.0479638
0.000659543
0.000964183
0.00225009
0.00405924
0.00647809
0.00958578
0.0134724
0.0182198
0.0238877
0.0304959
0.0380067
0.0463135
0.000660979
0.000908593
0.00211664
0.00382428
0.0061191
0.0090786
0.0127954
0.0173574
0.0228345
0.029262
0.0366239
0.0448506
0.000662217
0.000862104
0.00200281
0.00362231
0.00580946
0.00863887
0.012205
0.0166003
0.0219027
0.0281603
0.0353724
0.0434714
0.000663271
0.000822608
0.00190454
0.00344715
0.00553876
0.00825289
0.0116844
0.0159288
0.0210705
0.027167
0.0342302
0.0422031
0.000664216
0.000788727
0.00181892
0.00329384
0.00529965
0.00791076
0.011221
0.0153282
0.0203214
0.0262668
0.0331886
0.0410557
0.000665142
0.000760346
0.00174358
0.00315813
0.00508656
0.00760488
0.0108052
0.0147869
0.0196429
0.0254462
0.0322313
0.0399736
0.000667047
0.000744398
0.00167665
0.00303682
0.00489515
0.00732935
0.0104295
0.0142959
0.0190246
0.0246944
0.0313491
0.0389774
0.000670633
0.000742922
0.00161677
0.00292759
0.00472204
0.00707961
0.0100881
0.0138484
0.0184596
0.0240066
0.0305472
0.0381076
0.000675163
0.000748033
0.00156294
0.00282861
0.00456452
0.00685193
0.00977614
0.0134385
0.0179404
0.0233709
0.0297911
0.0371946
0.000679724
0.000754142
0.00151437
0.00273842
0.00442042
0.00664331
0.00948978
0.0130614
0.0174613
0.0227825
0.0290944
0.0364326
0.000683873
0.000759342
0.00147032
0.00265579
0.0042879
0.00645132
0.00922584
0.012713
0.017017
0.0222334
0.0284313
0.0356139
0.000687534
0.000763379
0.00143027
0.00258009
0.00416655
0.00627395
0.00898151
0.0123897
0.0166034
0.0217198
0.0278128
0.0349179
0.000690763
0.000766407
0.00139377
0.00251057
0.00405482
0.00610952
0.00875452
0.0120886
0.0162172
0.0212397
0.0272371
0.0342606
0.000693618
0.000768625
0.00136059
0.0024465
0.00395141
0.00595661
0.00854297
0.0118076
0.0158563
0.0207914
0.026702
0.0336574
0.000696185
0.000770449
0.00133221
0.00238726
0.00385527
0.0058139
0.00834531
0.0115447
0.0155185
0.0203721
0.0262003
0.0330743
0.000698667
0.00077311
0.0013147
0.00233251
0.00376559
0.00568036
0.00816015
0.0112983
0.0152018
0.0199784
0.0257259
0.0325138
0.000701283
0.000777771
0.00131036
0.00228208
0.00368171
0.00555511
0.00798638
0.0110669
0.0149041
0.0196071
0.0252751
0.031975
0.000704117
0.000784348
0.00131414
0.00223572
0.00360316
0.00543745
0.00782298
0.0108491
0.0146233
0.0192551
0.0248436
0.0314512
0.000707091
0.000791908
0.0013207
0.00219301
0.00352945
0.00532662
0.00766901
0.0106437
0.0143577
0.0189215
0.0244362
0.0309835
0.00071006
0.000799454
0.00132709
0.00215347
0.00346018
0.00522208
0.00752367
0.0104494
0.0141064
0.0186054
0.0240507
0.0305264
0.000712923
0.000806436
0.00133218
0.0021166
0.00339505
0.00512377
0.00738619
0.0102657
0.0138683
0.0183055
0.0236822
0.0300773
0.000715595
0.000812582
0.00133581
0.00208218
0.00333381
0.00503137
0.00725615
0.0100914
0.0136419
0.0180189
0.023326
0.029633
0.000718107
0.000818047
0.00133807
0.00205001
0.00327622
0.00494413
0.00713276
0.00992577
0.0134265
0.017746
0.0229908
0.029258
0.00072053
0.000822769
0.0013391
0.00201976
0.00322191
0.00486163
0.00701555
0.00976818
0.0132211
0.0174859
0.0226709
0.0288675
0.000722788
0.000826877
0.00133911
0.00199133
0.00317061
0.00478336
0.00690396
0.00961804
0.0130255
0.0172378
0.0223636
0.0284891
0.000724883
0.000830417
0.00133829
0.00196459
0.00312196
0.00470893
0.00679773
0.00947485
0.0128384
0.0169992
0.0220635
0.0281056
0.000726882
0.000833645
0.00133691
0.00193984
0.00307588
0.00463814
0.00669632
0.00933794
0.0126594
0.0167716
0.0217854
0.0278155
0.000728881
0.000836564
0.00133529
0.00191822
0.00303219
0.00457065
0.00659938
0.00920703
0.0124881
0.0165529
0.0215098
0.0274333
0.000730809
0.000839308
0.00133426
0.00190236
0.00299086
0.0045063
0.00650674
0.00908179
0.012324
0.016344
0.0212555
0.0271907
0.000732695
0.000842227
0.00133487
0.0018943
0.00295209
0.00444489
0.00641817
0.00896193
0.0121672
0.0161448
0.0210106
0.026871
0.00073464
0.00084553
0.00133771
0.00189324
0.00291591
0.00438637
0.00633342
0.00884726
0.0120171
0.0159542
0.0207756
0.0265962
0.000736711
0.000849427
0.00134271
0.00189665
0.00288224
0.00433053
0.00625236
0.00873754
0.0118737
0.0157719
0.0205486
0.0263084
0.00073886
0.000853709
0.00134931
0.00190223
0.0028508
0.00427738
0.00617534
0.00863268
0.0117364
0.0155969
0.02033
0.0260382
0.00074108
0.000858421
0.00135687
0.00190848
0.00282148
0.00422689
0.00610199
0.00853212
0.0116046
0.0154287
0.0201184
0.0257729
0.000743452
0.000863243
0.00136471
0.00191452
0.002794
0.0041789
0.00603196
0.0084359
0.0114784
0.0152668
0.0199144
0.0255226
0.000745851
0.000868051
0.00137245
0.00191992
0.00276808
0.00413316
0.00596507
0.00834376
0.011357
0.015111
0.0197197
0.0252925
0.000748266
0.000872699
0.00137984
0.00192457
0.00274363
0.00408968
0.00590128
0.00825525
0.0112403
0.0149612
0.0195325
0.0250625
0.000750645
0.00087711
0.00138668
0.00192844
0.00272044
0.00404804
0.00583986
0.00817015
0.0111283
0.0148174
0.0193508
0.0248305
0.000753056
0.000881327
0.00139295
0.00193145
0.0026985
0.00400854
0.0057813
0.00808872
0.0110206
0.0146788
0.0191776
0.0246337
0.000755446
0.000885245
0.00139866
0.00193378
0.00267753
0.00397058
0.00572499
0.00801031
0.0109172
0.0145461
0.0190124
0.0244324
0.000757856
0.00088899
0.00140378
0.00193548
0.00265783
0.00393455
0.00567134
0.00793533
0.010818
0.0144192
0.0188546
0.0242401
0.000760371
0.000892541
0.00140843
0.0019366
0.00263923
0.00390037
0.00562017
0.00786349
0.0107231
0.0142974
0.0187008
0.0240395
0.000762887
0.000896003
0.0014128
0.0019374
0.00262187
0.00386752
0.00557094
0.00779474
0.0106324
0.0141806
0.0185531
0.0238593
0.000765404
0.000899169
0.00141666
0.00193797
0.00260652
0.00383647
0.00552424
0.00772921
0.0105455
0.0140687
0.0184121
0.0236883
0.000768014
0.000902256
0.0014203
0.0019386
0.00259376
0.00380723
0.0054798
0.00766644
0.0104624
0.0139617
0.0182776
0.023524
0.000770708
0.000905417
0.00142401
0.0019398
0.00258451
0.00377942
0.00543718
0.00760659
0.0103833
0.0138597
0.0181479
0.0233552
0.000773408
0.000908353
0.00142765
0.00194194
0.00257957
0.00375375
0.0053971
0.00754999
0.0103079
0.0137619
0.0180242
0.0232026
0.000776284
0.000911548
0.00143171
0.00194526
0.00257829
0.00372968
0.00535891
0.00749614
0.0102361
0.0136688
0.0179035
0.023036
0.000779343
0.000914783
0.00143617
0.00194999
0.00258047
0.00370788
0.00532328
0.00744569
0.010168
0.0135802
0.017791
0.0229167
0.000782522
0.000918244
0.00144125
0.00195598
0.00258493
0.00368811
0.00529
0.00739818
0.0101036
0.0134966
0.0176862
0.0227922
0.000785848
0.00092194
0.00144702
0.00196305
0.0025907
0.00366992
0.00525879
0.00735371
0.0100434
0.0134183
0.0175874
0.0226629
0.000789351
0.000925733
0.00145306
0.00197087
0.00259755
0.0036538
0.00523012
0.00731238
0.00998686
0.0133448
0.0174932
0.0225411
0.000793196
0.000929775
0.00145957
0.00197917
0.00260478
0.00363952
0.00520387
0.00727416
0.00993456
0.0132769
0.01741
0.0224666
0.000797248
0.000934066
0.00146654
0.00198786
0.00261212
0.00362674
0.00517987
0.00723925
0.00988677
0.0132146
0.01733
0.0223376
0.00080151
0.000938338
0.00147353
0.0019967
0.00261974
0.00361596
0.00515872
0.00720795
0.00984347
0.0131587
0.0172643
0.0223102
0.000806116
0.000942783
0.00148068
0.00200552
0.00262715
0.00360676
0.00514005
0.00718018
0.00980536
0.0131099
0.0172033
0.0221892
0.000811055
0.000947317
0.00148786
0.00201436
0.0026348
0.00359968
0.00512455
0.00715677
0.00977269
0.0130674
0.0171468
0.0221152
0.00081634
0.000951941
0.00149512
0.00202313
0.00264245
0.00359475
0.00511248
0.0071378
0.00974587
0.013032
0.0171007
0.0220647
0.000822123
0.000956904
0.00150258
0.00203198
0.00265024
0.00359193
0.00510375
0.00712375
0.00972565
0.0130045
0.0170595
0.0219676
0.000828514
0.000961781
0.00150984
0.0020408
0.00265847
0.00359195
0.00509945
0.00711562
0.00971266
0.012985
0.0170278
0.0219366
0.000835616
0.000966905
0.00151724
0.00204965
0.00266708
0.00359516
0.0051001
0.00711405
0.00970799
0.0129755
0.0170107
0.0219249
0.000843582
0.000972463
0.00152508
0.00205886
0.0026764
0.00360203
0.00510658
0.00712053
0.00971359
0.0129786
0.017011
0.0219268
0.000852645
0.000978003
0.00153277
0.00206833
0.00268685
0.00361381
0.00512054
0.00713684
0.0097313
0.0129967
0.0170282
0.0219333
0.000863488
0.000985271
0.0015423
0.00207927
0.00269936
0.00363338
0.00514546
0.00716694
0.0097658
0.0130341
0.0170673
0.0219878
0.000873914
0.000986501
0.00154703
0.00208737
0.00271097
0.00365564
0.00517741
0.0072086
0.00981623
0.0130922
0.0171325
0.022056
0.000933005
0.00103087
0.00157966
0.00211826
0.00274672
0.00372691
0.00526523
0.00730777
0.00992272
0.013201
0.0172399
0.0221548
0.000234714
0.000834448
0.00151317
0.002057
0.0026791
0.00365976
0.00520744
0.00726633
0.00990522
0.013218
0.0172991
0.0222444
0.138367
0.111378
0.125775
0.14008
0.105134
0.139241
0.100634
0.170869
0.04921
0.135626
0.137883
0.129892
0.13477
0.0475457
0.147477
0.0819588
0.137673
0.0511628
0.072064
0.0541187
0.0740976
0.137059
0.0973588
0.118489
0.191327
0.139787
0.0361541
0.363954
0.106542
0.121172
0.120451
0.10585
0.108469
0.135361
0.131459
0.0766091
0.0924372
0.0579829
0.162252
0.126132
0.138076
0.116261
0.122474
0.119479
0.087698
0.138354
0.139226
0.132986
0.140043
0.140537
0.165403
0.0565168
0.130985
0.132127
0.136558
0.0754535
0.138506
0.138386
0.0825763
0.13373
0.136056
0.129839
0.0578016
0.139566
0.109436
0.136387
0.133423
0.137816
0.138242
0.110584
0.124735
0.100631
0.0920523
0.138211
0.143936
0.103393
0.114982
0.128867
0.137509
0.140093
0.129809
0.107623
0.139032
0.130122
0.0539064
0.114555
0.136756
0.141027
0.135264
0.13776
0.0813562
0.106973
0.135895
0.10737
0.111418
0.150364
0.0646395
0.114051
0.140082
0.0672755
0.105832
0.125249
0.110254
0.109957
0.13711
0.0990811
0.138509
0.134822
0.137445
0.173068
0.139999
0.106459
0.0672135
0.0382651
0.116769
0.139952
0.0826203
0.134409
0.0983652
0.108623
0.124746
0.132044
0.045588
0.132118
0.114127
0.134049
0.140104
0.0963522
0.0641998
0.135526
0.141333
0.104642
0.107497
0.121845
0.0618823
0.108147
0.0793074
0.137555
0.113715
0.138533
0.0746035
0.0976786
0.0985524
0.130761
0.137821
0.0980334
0.136468
0.136829
0.140201
0.0725598
0.0996854
0.13906
0.102354
0.134199
0.0344692
0.133496
0.137621
0.0357219
0.121863
0.137749
0.100668
0.0751069
0.138672
0.0897786
0.120704
0.140003
0.137939
0.0492014
0.0739567
0.115878
0.0912867
0.13775
0.112866
0.134843
0.138144
0.0921147
0.100193
0.122961
0.129822
0.262771
0.100683
0.135784
0.0844369
0.125627
0.140011
0.138797
0.155194
0.0188064
0.0912874
0.129201
0.0538454
0.0520239
0.130757
0.131374
0.120874
0.105953
0.134668
0.0975356
0.0536575
0.139644
0.128253
0.150695
0.13352
0.10769
0.133127
0.122099
0.138918
0.0890164
0.133359
0.138895
0.113666
0.0873876
0.0633602
0.108749
0.122127
0.137922
0.129071
0.0827529
0.0779365
0.133229
0.0822622
0.124914
0.178799
0.139429
0.136274
0.0939054
0.126446
0.0475853
0.187422
0.144354
0.136444
0.0439552
0.104125
0.049514
0.0554561
0.0513749
0.137108
0.135959
0.172708
0.0775558
0.111031
0.0927331
0.0913603
0.136652
0.0711186
0.101417
0.0599492
0.054537
0.139942
0.268524
0.137874
0.122877
0.093537
0.139154
0.140093
0.0782799
0.061865
0.116834
0.138734
0.0699042
0.137585
0.0668648
0.0509468
0.141618
0.0405016
0.122086
0.0907192
0.131376
0.0649411
0.0777211
0.0930359
0.134101
0.136269
0.0991334
0.140096
0.0796958
0.139573
0.0279425
0.120118
0.0690568
0.0329797
0.0481263
0.138899
0.0982611
0.140018
0.155747
0.139889
0.0811009
0.0934092
0.0903769
0.206477
0.139971
0.0952475
0.123221
0.129877
0.115191
0.110012
0.138428
0.0561496
0.123416
0.122569
0.0899542
0.138769
0.110243
0.137909
0.139705
0.084544
0.131336
0.110602
0.0927821
0.0408035
0.0865177
0.109879
0.135442
0.120893
0.0935879
0.0905248
0.0996061
0.136099
0.116718
0.147823
0.113298
0.0716459
0.138468
0.0930432
0.13653
0.118589
0.112861
0.129584
0.120634
0.1317
0.0563822
0.340364
0.0576788
0.134908
0.116281
0.136898
0.139995
0.170788
0.121311
0.0318558
0.0892632
0.0775597
0.115973
0.12014
0.137373
0.0665407
0.162423
0.0909246
0.103712
0.0909232
0.134721
0.0646666
0.0571157
0.133835
0.0652434
0.115319
0.125151
0.136163
0.0966327
0.0653592
0.138657
0.187108
0.129837
0.0995001
0.163633
0.137642
0.129396
0.139741
0.0340081
0.134306
0.123786
0.139622
0.120513
0.0711111
0.335423
0.134714
0.134063
0.104881
0.0939803
0.0868966
0.0887485
0.132821
0.056642
0.114777
0.0865173
0.115108
0.0529848
0.139366
0.0603186
0.0890005
0.10389
0.161071
0.13007
0.138978
0.105972
0.150824
0.101147
0.134897
0.106833
0.138024
0.136953
0.137955
0.0917001
0.123387
0.0784276
0.143861
0.0445545
0.161132
0.133838
0.350753
0.0813411
0.128597
0.161619
0.101588
0.0798306
0.0540997
0.0654737
0.037587
0.0955687
0.125462
0.0304699
0.0352796
0.0653065
0.123878
0.134647
0.0391883
0.114031
0.137683
0.0919339
0.081795
0.134725
0.130196
0.138903
0.1131
0.134722
0.0782054
0.137534
0.136597
0.0958911
0.123343
0.0739328
0.137374
0.133134
0.130165
0.140331
0.139224
0.101077
0.0925432
0.0508995
0.0886988
0.106066
0.114048
0.1438
0.126201
0.136009
0.346217
0.042987
0.155804
0.13187
0.057832
0.136205
0.138374
0.143945
0.138289
0.155001
0.132178
0.0860674
0.322382
0.0274091
0.137676
0.165236
0.101557
0.134332
0.136339
0.123386
0.306563
0.136237
0.141389
0.123734
0.138018
0.0870969
0.122552
0.11727
0.0656705
0.115098
0.100712
0.0653817
0.117614
0.14009
0.137238
0.137341
0.128006
0.142889
0.154228
0.150023
0.135978
0.135561
0.0501883
0.117697
0.115444
0.137345
0.119315
0.102879
0.1335
0.112402
0.0557963
0.0871351
0.0316304
0.0860835
0.111529
0.139117
0.13336
0.114953
0.163397
0.0452667
0.0849819
0.0652701
0.139831
0.0294782
0.089154
0.0608196
0.139301
0.136455
0.132091
0.137072
0.0912066
0.137148
0.0315451
0.0418427
0.137882
0.0702682
0.138438
0.139836
0.103529
0.139965
0.12041
0.108974
0.059076
0.0276343
0.111576
0.152534
0.071137
0.143297
0.140061
0.111691
0.202642
0.136145
0.131212
0.0630112
0.0683658
0.110373
0.0436964
0.13419
0.138037
0.122946
0.106717
0.0416042
0.119762
0.132337
0.136971
0.0847569
0.0721973
0.128142
0.137199
0.114161
0.105562
0.124524
0.139608
0.138595
0.13515
0.136197
0.136314
0.127794
0.139755
0.11862
0.0283148
0.105308
0.0601693
0.114948
0.125802
0.137097
0.0863919
0.0299896
0.116484
0.13771
0.110664
0.114955
0.109395
0.119214
0.135316
0.139992
0.0957097
0.110335
0.0855769
0.140087
0.112238
0.0195447
0.0855307
0.0879609
0.138158
0.13121
0.133216
0.137759
0.0612807
0.139012
0.137443
0.0197322
0.138588
0.117467
0.138816
0.0537659
0.139567
0.231406
0.138888
0.120724
0.15816
0.128894
0.0987287
0.0880453
0.11739
0.139834
0.106392
0.0414773
0.113887
0.0450324
0.0962259
0.110191
0.0831764
0.0943386
0.115222
0.110641
0.13084
0.135973
0.0650654
0.0820851
0.0706222
0.169136
0.0540401
0.137055
0.0407193
0.140072
0.0819147
0.101319
0.134703
0.132905
0.139914
0.0633488
0.105274
0.132928
0.0286554
0.0496784
0.137095
0.06472
0.139523
0.030453
0.136554
0.137267
0.131388
0.13502
0.117756
0.139505
0.0513542
0.137179
0.0890958
0.141429
0.127503
0.133326
0.0421235
0.105124
0.0470348
0.159936
0.0776493
0.0809203
0.0948414
0.139404
0.0317322
0.0701112
0.171822
0.0932034
0.137035
0.0961315
0.0852447
0.13864
0.0624052
0.136159
0.107854
0.101754
0.0413804
0.0812915
0.11173
0.0836075
0.0926151
0.133724
0.0963927
0.129168
0.12481
0.137478
0.136238
0.109574
0.138747
0.0844606
0.122668
0.0929751
0.128687
0.0984285
0.139667
0.111263
0.102831
0.094716
0.138384
0.150064
0.124516
0.140397
0.133904
0.132941
0.126257
0.148258
0.0877533
0.0739026
0.118255
0.109021
0.136515
0.129051
0.0758926
0.0736989
0.124029
0.0685428
0.139432
0.118278
0.0148759
0.144
0.139858
0.137916
0.0501025
0.0982178
0.111784
0.135248
0.0944735
0.0776987
0.116713
0.215604
0.129028
0.0766144
0.139302
0.116203
0.136896
0.139799
0.0742365
0.0430289
0.139956
0.0834919
0.0445237
0.127119
0.145487
0.0690098
0.0556067
0.136183
0.0920112
0.113128
0.0758488
0.0882989
0.128641
0.106962
0.160061
0.077597
0.0934796
0.148122
0.0796453
0.0583148
0.089163
0.119191
0.117937
0.138007
0.0929668
0.137137
0.0663032
0.133781
0.125539
0.0473547
0.0545147
0.0706574
0.0791435
0.125476
0.10682
0.131633
0.0635522
0.0846828
0.139886
0.1316
0.0467725
0.139578
0.0920634
0.136146
0.0890945
0.209343
0.103103
0.12857
0.133517
0.116775
0.138718
0.0855271
0.139381
0.0957756
0.154352
0.046908
0.13998
0.171582
0.0952912
0.126319
0.028532
0.138782
0.0860694
0.0387959
0.133421
0.0432477
0.0637185
0.131843
0.127549
0.154011
0.0964119
0.0964121
0.112138
0.113926
0.0376515
0.134075
0.132555
0.117882
0.101169
0.129753
0.0306636
0.135251
0.136243
0.127198
0.138363
0.122534
0.09617
0.159838
0.131162
0.10624
0.102061
0.139658
0.0285895
0.139529
0.139026
0.122238
0.138505
0.139226
0.126105
0.134925
0.0579881
0.134501
0.176638
0.0593587
0.154478
0.098376
0.123886
0.14155
0.13652
0.133552
0.115118
0.112583
0.0689326
0.126384
0.102842
0.118571
0.0611943
0.12937
0.138061
0.134032
0.0884115
0.129748
0.200483
0.135869
0.0932239
0.139752
0.167335
0.118155
0.0987691
0.129925
0.0969225
0.116695
0.113852
0.0693405
0.0935444
0.16856
0.1378
0.138633
0.113351
0.139663
0.114535
0.130749
0.1393
0.0871208
0.0644276
0.0501645
0.139035
0.110055
0.137374
0.117369
0.12245
0.102546
0.251684
0.137159
0.125419
0.348719
0.139755
0.229984
0.0995098
0.138163
0.159578
0.132077
0.0542616
0.104246
0.0878354
0.135556
0.111034
0.0834591
0.114581
0.0994637
0.137747
0.133802
0.118552
0.0795729
0.136858
0.140841
0.0720592
0.0778047
0.131433
0.112285
0.0864489
0.0784639
0.137178
0.132112
0.148948
0.103217
0.0645783
0.139885
0.139945
0.139686
0.0968052
0.134312
0.106983
0.139585
0.161915
0.0884879
0.0839428
0.138729
0.120805
0.121842
0.0657086
0.085073
0.138648
0.123152
0.0483594
0.127672
0.13878
0.0706837
0.0311148
0.370743
0.132631
0.118038
0.139972
0.131564
0.131218
0.0837523
0.0605007
0.0865727
0.100354
0.0652119
0.118122
0.140013
0.114999
0.131895
0.0269833
0.117252
0.133036
0.140091
0.11354
0.137542
0.129809
0.131212
0.12578
0.100009
0.0338707
0.054433
0.0894042
0.103368
0.0437313
0.138263
0.133245
0.129834
0.0540816
0.0918123
0.0810985
0.0952972
0.137127
0.136239
0.136384
0.154405
0.136387
0.13823
0.0666461
0.0829956
0.1091
0.0586838
0.129065
0.103787
0.113753
0.107511
0.140053
0.0556568
0.0946731
0.0987405
0.132952
0.133285
0.138466
0.0251693
0.117917
0.134227
0.0359889
0.0683513
0.0875072
0.0909222
0.110244
0.131813
0.12984
0.137145
0.140087
0.120229
0.0767962
0.127602
0.102306
0.124045
0.0989536
0.130899
0.134967
0.0772209
0.0840763
0.140889
0.138409
0.133594
0.160886
0.0581239
0.0716276
0.087461
0.174776
0.0695312
0.0915788
0.0658211
0.0445787
0.0987702
0.170671
0.0987188
0.136657
0.161976
0.15364
0.155806
0.139433
0.0779954
0.105061
0.161917
0.132796
0.136776
0.132387
0.136478
0.166089
0.0770888
0.134421
0.0281756
0.0924342
0.120591
0.0763568
0.136264
0.13402
0.0473404
0.34909
0.135332
0.137753
0.0888522
0.0373748
0.105299
0.387625
0.122622
0.167526
0.0276588
0.0880097
0.0313457
0.0503444
0.0934334
0.113359
0.131826
0.133264
0.13819
0.0375679
0.139496
0.124186
0.139031
0.128878
0.117627
0.0296769
0.0871852
0.121505
0.13163
0.131789
0.151914
0.296961
0.0265313
0.0712118
0.0697328
0.113694
0.0942045
0.0945951
0.130327
0.0955429
0.130322
0.112859
0.115144
0.0838548
0.137724
0.0363543
0.110447
0.275622
0.103698
0.106222
0.137109
0.130564
0.136797
0.103843
0.118012
0.0399036
0.126502
0.149639
0.130637
0.0875698
0.136235
0.165135
0.080363
0.122547
0.115083
0.127761
0.115332
0.124953
0.120983
0.139603
0.0712812
0.0610372
0.109151
0.123645
0.138734
0.0362034
0.0479694
0.156892
0.139709
0.0945233
0.133387
0.135637
0.0634201
0.0765156
0.136705
0.124093
0.0767714
0.0499175
0.0929645
0.0836716
0.121645
0.103465
0.13889
0.114748
0.125095
0.0849846
0.0963302
0.138419
0.17221
0.135565
0.10937
0.0870754
0.127579
0.125541
0.13862
0.0902337
0.102994
0.132236
0.128785
0.138012
0.0668861
0.0943611
0.131904
0.100588
0.0988367
0.135438
0.13511
0.137528
0.118874
0.0408287
0.173685
0.0334273
0.140014
0.0678361
0.0432943
0.0760432
0.127565
0.0679579
0.139211
0.0939819
0.0977491
0.123575
0.122683
0.140065
0.138049
0.13891
0.0325326
0.119688
0.0664872
0.0781388
0.0980317
0.175247
0.072931
0.13571
0.0660505
0.0619524
0.139399
0.13953
0.0747742
0.138576
0.0457192
0.135145
0.0427658
0.134466
0.120045
0.106158
0.137534
0.134407
0.131234
0.0910413
0.137645
0.372265
0.128042
0.139262
0.0460982
0.0361407
0.126605
0.130864
0.139346
0.0580512
0.125262
0.120971
0.0336179
0.0816848
0.0973302
0.0538399
0.0794086
0.146779
0.137567
0.145664
0.12613
0.129264
0.0855252
0.117319
0.111801
0.140099
0.0427457
0.135006
0.101036
0.139759
0.104843
0.0733654
0.131589
0.0408016
0.158256
0.0574224
0.131662
0.0700011
0.0766754
0.14934
0.130595
0.123129
0.0892026
0.0865638
0.112838
0.049938
0.134273
0.350391
0.134334
0.10772
0.136619
0.129781
0.0806569
0.0645224
0.130582
0.117659
0.139415
0.138683
0.137223
0.139584
0.13403
0.0704813
0.0596699
0.101175
0.150876
0.0948838
0.0513532
0.0787805
0.138036
0.132772
0.122082
0.142011
0.287622
0.140921
0.0256159
0.080007
0.0616254
0.132831
0.142765
0.0743724
0.11915
0.123035
0.106277
0.140856
0.119455
0.147509
0.126918
0.0663762
0.0657078
0.140089
0.134153
0.139223
0.142899
0.135554
0.141229
0.139967
0.111626
0.139787
0.135059
0.0483546
0.135388
0.137736
0.114821
0.0739965
0.139565
0.027299
0.139913
0.0211148
0.0709741
0.138129
0.0809406
0.115856
0.0975208
0.125258
0.129213
0.313028
0.137347
0.0554093
0.13154
0.125572
0.136475
0.138385
0.135774
0.128804
0.163101
0.122767
0.127332
0.139753
0.0932578
0.140042
0.0956027
0.139503
0.115427
0.0643192
0.0752489
0.139086
0.120418
0.115967
0.257514
0.0832383
0.0538681
0.132734
0.061715
0.0591766
0.0666484
0.126404
0.0555222
0.102042
0.138933
0.136758
0.144697
0.0825245
0.012204
0.103463
0.133842
0.0803458
0.124215
0.136937
0.138769
0.0746602
0.136329
0.139324
0.133189
0.139869
0.0357614
0.140032
0.0774758
0.139174
0.123711
0.138746
0.11208
0.0721436
0.0766808
0.0789384
0.110798
0.137581
0.0776618
0.119099
0.135808
0.0932628
0.0615211
0.0649831
0.0802734
0.137846
0.140016
0.128329
0.0961351
0.140086
0.174158
0.101284
0.0842812
0.136228
0.148526
0.0945838
0.0577782
0.124338
0.139873
0.0900079
0.139495
0.0604319
0.129718
0.126308
0.166287
0.0913226
0.0735136
0.110396
0.139096
0.148158
0.043836
0.125031
0.131948
0.131822
0.139731
0.137626
0.0741806
0.110952
0.0967145
0.140985
0.122122
0.0820781
0.0605722
0.0840448
0.138887
0.138811
0.12948
0.0879698
0.135383
0.0773017
0.0358673
0.139564
0.132314
0.0827319
0.0696706
0.0337441
0.0936516
0.0705296
0.158513
0.137515
0.136459
0.0333028
0.131175
0.139589
0.0978464
0.0889105
0.111849
0.141169
0.139897
0.0720436
0.101083
0.125757
0.0952449
0.118838
0.0290903
0.149789
0.140627
0.0401185
0.0404559
0.11459
0.195986
0.13606
0.0490109
0.0405793
0.0365279
0.138747
0.0319189
0.13524
0.139806
0.152581
0.0924483
0.0373716
0.129769
0.0584355
0.100153
0.0870523
0.139774
0.122747
0.169889
0.0988098
0.135914
0.132284
0.0753628
0.10768
0.138408
0.0620212
0.138502
0.138377
0.0642443
0.11371
0.136609
0.127204
0.111343
0.12627
0.139282
0.125552
0.137595
0.0768003
0.134298
0.115791
0.0658133
0.104425
0.0963536
0.14008
0.137338
0.13869
0.044031
0.128738
0.0955477
0.0948183
0.140087
0.0441887
0.139681
0.125107
0.0699004
0.0911591
0.135587
0.0756825
0.0943942
0.108899
0.0969021
0.085548
0.139123
0.0971361
0.220685
0.111378
0.136875
0.135329
0.106282
0.139389
0.130756
0.028146
0.123596
0.0994942
0.122128
0.0592489
0.0912474
0.136822
0.0833831
0.0913327
0.124898
0.0678632
0.352986
0.0974915
0.0786837
0.0119629
0.040434
0.140094
0.117267
0.136714
0.0664717
0.139149
0.137977
0.134778
0.139936
0.0655538
0.138885
0.0985298
0.122559
0.0889903
0.148929
0.140094
0.134616
0.111909
0.0345382
0.0355137
0.137188
0.150174
0.10417
0.162908
0.158336
0.128139
0.102593
0.137607
0.120429
0.139163
0.100446
0.0934152
0.138016
0.136541
0.126066
0.116447
0.0802861
0.0618508
0.0903758
0.139487
0.133381
0.0805994
0.139958
0.139956
0.101887
0.139775
0.1176
0.136792
0.0876342
0.100104
0.113218
0.117453
0.120517
0.109298
0.0417927
0.119736
0.128415
0.0443372
0.124238
0.101704
0.122615
0.122509
0.0899269
0.154178
0.0980154
0.138694
0.14579
0.135476
0.257877
0.0701703
0.234529
0.135772
0.0614851
0.128812
0.0622814
0.138033
0.12288
0.105752
0.172619
0.157962
0.0959639
0.113827
0.0331697
0.158384
0.103144
0.137621
0.119092
0.0551354
0.100644
0.0969089
0.114092
0.138365
0.0981582
0.139784
0.128028
0.0884969
0.092101
0.140118
0.0615437
0.100827
0.0220097
0.139167
0.133088
0.0955881
0.0385187
0.104881
0.144284
0.107112
0.0570753
0.137816
0.13914
0.148018
0.118508
0.120239
0.0934153
0.133872
0.117698
0.113242
0.0635074
0.123769
0.120156
0.140003
0.0288551
0.0760638
0.0827866
0.134051
0.136871
0.103439
0.103215
0.0814012
0.153477
0.0861144
0.0652494
0.0810481
0.100562
0.109845
0.101039
0.0486476
0.0771891
0.073157
0.0450478
0.13019
0.0274836
0.140021
0.140094
0.104984
0.07558
0.111698
0.105656
0.105796
0.03856
0.102692
0.155336
0.138891
0.136511
0.043016
0.137492
0.0883336
0.124824
0.138821
0.137507
0.128015
0.135895
0.138754
0.0967906
0.132259
0.0751609
0.0548985
0.102348
0.140255
0.140074
0.0757661
0.134344
0.0529303
0.0596824
0.153341
0.0286606
0.082354
0.0938535
0.137736
0.116506
0.13366
0.360067
0.120584
0.118437
0.0948402
0.359356
0.088884
0.136752
0.0732853
0.139816
0.0553773
0.11284
0.0295834
0.131456
0.108765
0.123487
0.0868711
0.118059
0.13729
0.14294
0.140068
0.136848
0.101404
0.0441395
0.0800443
0.140043
0.136124
0.116329
0.137086
0.165118
0.12354
0.0782853
0.101207
0.119322
0.0735792
0.134119
0.12494
0.0783388
0.100564
0.0462313
0.072298
0.133822
0.142272
0.136893
0.0391516
0.0734041
0.136714
0.0498884
0.12638
0.139968
0.17413
0.134866
0.120907
0.122508
0.140092
0.139383
0.117456
0.256551
0.0828822
0.0780015
0.125179
0.237385
0.0516719
0.127799
0.0562083
0.105894
0.126467
0.106875
0.106016
0.0524843
0.114624
0.0318562
0.0254952
0.139202
0.0935066
0.130048
0.0437478
0.0934388
0.033185
0.135946
0.166445
0.139442
0.13959
0.027635
0.122659
0.0913416
0.13343
0.0948492
0.0743324
0.121229
0.0820376
0.037944
0.135974
0.0766251
0.0779756
0.0272517
0.0950365
0.108913
0.0634443
0.0876662
0.157718
0.145217
0.152551
0.138619
0.136435
0.0701945
0.0484226
0.12321
0.1398
0.128899
0.15348
0.140007
0.111505
0.107829
0.109762
0.108728
0.148535
0.103966
0.121745
0.0568832
0.0333259
0.138864
0.119262
0.036814
0.115618
0.132132
0.12126
0.150657
0.0351683
0.0492212
0.0976936
0.0431436
0.0468685
0.0666201
0.136646
0.0910498
0.121631
0.0848134
0.0744154
0.0713848
0.067508
0.123316
0.130834
0.144826
0.120596
0.137137
0.0721142
0.123406
0.0951925
0.128444
0.0832492
0.047621
0.0982404
0.0925225
0.0191062
0.105525
0.166374
0.131033
0.135634
0.182635
0.136448
0.104242
0.107946
0.133809
0.1318
0.1375
0.0348101
0.108935
0.120093
0.038348
0.137185
0.0711034
0.04567
0.0879362
0.0324663
0.0904339
0.225232
0.136589
0.123042
0.0554117
0.133032
0.138737
0.0863195
0.135441
0.137728
0.120856
0.133024
0.109126
0.0317695
0.137659
0.137036
0.104821
0.0728929
0.135684
0.126849
0.107779
0.0771281
0.218275
0.102927
0.139625
0.145344
0.0696337
0.0818759
0.0965503
0.136375
0.108395
0.139837
0.110992
0.114303
0.135707
0.0467142
0.137225
0.102603
0.0433532
0.137842
0.138811
0.0949162
0.0360917
0.110421
0.0925955
0.0608351
0.0322237
0.0912436
0.135414
0.0751476
0.0724745
0.0829468
0.0285293
0.103684
0.122967
0.117457
0.09286
0.0796935
0.148146
0.0515363
0.121583
0.125621
0.143079
0.150335
0.102129
0.139882
0.107968
0.0668648
0.134857
0.122692
0.133185
0.335496
0.132322
0.136195
0.1033
0.139583
0.10414
0.136775
0.135399
0.126415
0.0758096
0.101213
0.131166
0.133453
0.131388
0.108238
0.0786269
0.112883
0.0314725
0.115658
0.0622298
0.0913838
0.138246
0.130242
0.0515287
0.0998395
0.12911
0.103935
0.136944
0.114465
0.126076
0.0339582
0.0579796
0.133121
0.122272
0.0970937
0.139971
0.115482
0.0822371
0.164021
0.0502178
0.119559
0.133347
0.152067
0.0811681
0.130966
0.139729
0.137547
0.110619
0.0831561
0.166168
0.1391
0.103308
0.139298
0.135053
0.128015
0.136007
0.136567
0.0739181
0.140091
0.137097
0.124002
0.150711
0.092526
0.0659325
0.149348
0.13907
0.155151
0.129513
0.0970172
0.317822
0.140014
0.0566583
0.127262
0.104694
0.0990925
0.0824325
0.115174
0.0721132
0.0967653
0.102647
0.126235
0.0689126
0.0339975
0.117355
0.0645966
0.108855
0.0748851
0.101048
0.0862482
0.0343568
0.105441
0.0395828
0.136901
0.133147
0.15786
0.0638648
0.109933
0.104581
0.109245
0.134225
0.0972558
0.126115
0.137853
0.133077
0.128019
0.109708
0.140024
0.139317
0.0731234
0.138535
0.0355573
0.21707
0.118957
0.137497
0.0335188
0.129107
0.123648
0.147155
0.0910761
0.05819
0.133401
0.100685
0.0557712
0.0920606
0.133494
0.133169
0.118885
0.0949651
0.127123
0.0733781
0.0279778
0.0623125
0.0967137
0.101088
0.12681
0.135669
0.137902
0.0688384
0.102355
0.100715
0.0355551
0.132556
0.146757
0.110462
0.0910033
0.0726126
0.13062
0.0393319
0.13436
0.13469
0.101558
0.127788
0.081313
0.0949663
0.128296
0.0579635
0.136948
0.0869286
0.0771306
0.0694574
0.156422
0.139888
0.0950785
0.0947409
0.0662354
0.135862
0.133963
0.0983737
0.112748
0.0770598
0.0843067
0.0505313
0.03474
0.137264
0.133458
0.134779
0.148808
0.135448
0.114415
0.140021
0.158394
0.0735699
0.139165
0.108149
0.260928
0.0611347
0.120939
0.13876
0.0309245
0.096733
0.0705777
0.131784
0.105584
0.121333
0.0803773
0.13695
0.138127
0.100992
0.0920628
0.135597
0.100568
0.200395
0.0726489
0.160878
0.0334132
0.162885
0.138248
0.0505132
0.120935
0.135821
0.120155
0.107842
0.100521
0.0989456
0.0342671
0.128538
0.0871591
0.0282514
0.137352
0.0352272
0.121286
0.229745
0.0419463
0.0436728
0.035154
0.103187
0.051412
0.135957
0.139094
0.131581
0.0381931
0.15442
0.121455
0.0700553
0.0994817
0.129675
0.140084
0.112034
0.112921
0.138373
0.133087
0.125982
0.13164
0.220237
0.0602308
0.154495
0.0870975
0.0473282
0.0794975
0.0934572
0.113153
0.0963931
0.0927433
0.139213
0.040565
0.138894
0.137569
0.117756
0.0721568
0.048083
0.0935442
0.0538863
0.0723802
0.12424
0.137108
0.0750557
0.0804851
0.132424
0.114914
0.135693
0.111163
0.05333
0.314616
0.109604
0.0943136
0.137518
0.13005
0.131085
0.13248
0.106814
0.0675274
0.0778859
0.139238
0.119892
0.134856
0.301449
0.0879936
0.0731924
0.140016
0.0943005
0.0680568
0.0945897
0.139121
0.127111
0.0343422
0.138264
0.0394642
0.0847694
0.132648
0.139495
0.0439877
0.137316
0.123826
0.137891
0.138455
0.137014
0.0655278
0.11972
0.111971
0.123314
0.135915
0.105274
0.0463208
0.131546
0.136971
0.114467
0.0445421
0.122649
0.110345
0.0706547
0.127252
0.137542
0.0694899
0.107079
0.107496
0.109717
0.129628
0.121898
0.132039
0.12992
0.0412251
0.0854059
0.0947574
0.095163
0.11413
0.135752
0.185751
0.0846084
0.136628
0.139197
0.132756
0.110091
0.192656
0.103671
0.0616856
0.149678
0.0979793
0.168735
0.138751
0.0753632
0.102224
0.0925907
0.0575814
0.121261
0.114378
0.13847
0.138591
0.134188
0.0519493
0.128275
0.130163
0.0965841
0.134615
0.368094
0.133299
0.118255
0.0174088
0.0894029
0.12307
0.140086
0.123209
0.137155
0.0143015
0.13096
0.118275
0.103985
0.137885
0.107522
0.128352
0.108507
0.139339
0.108275
0.106223
0.119884
0.0654084
0.123322
0.100558
0.087804
0.106335
0.127445
0.0838386
0.100641
0.0901052
0.116684
0.0927448
0.140068
0.137045
0.0707104
0.106672
0.113782
0.140472
0.0852947
0.123022
0.0493986
0.0588162
0.12357
0.038028
0.0917178
0.07645
0.121294
0.126972
0.140071
0.0315575
0.0379835
0.0840364
0.0997397
0.0623453
0.0347861
0.0334375
0.139852
0.0859824
0.152264
0.111888
0.140106
0.139569
0.129755
0.0498418
0.0678484
0.0819283
0.10551
0.130673
0.0788035
0.140002
0.138124
0.137895
0.0616485
0.036902
0.0597601
0.097733
0.126659
0.125964
0.0529837
0.201069
0.0295581
0.0324553
0.138123
0.111671
0.0724753
0.0836372
0.0771717
0.0806382
0.0330089
0.138144
0.113836
0.160328
0.0708669
0.126965
0.139491
0.130066
0.138527
0.121541
0.0837477
0.0677339
0.132675
0.0706695
0.0476045
0.0954788
0.107223
0.0474728
0.0834303
0.0567967
0.138755
0.060101
0.0702623
0.0402082
0.129126
0.140028
0.0659045
0.246323
0.0778033
0.122065
0.143359
0.053422
0.13502
0.125307
0.139769
0.0849679
0.0892773
0.103147
0.0636051
0.0630667
0.120479
0.0574301
0.131749
0.0752423
0.0595289
0.13271
0.0593056
0.115209
0.109352
0.132633
0.139388
0.0989157
0.115555
0.139922
0.0662267
0.139098
0.140077
0.0437278
0.0822175
0.136938
0.139952
0.13264
0.0870749
0.136453
0.0786317
0.100837
0.0736622
0.1391
0.0478191
0.0685742
0.137136
0.137507
0.141468
0.0941367
0.0787745
0.2734
0.120157
0.130084
0.108593
0.131803
0.138045
0.111055
0.11007
0.164314
0.140031
0.119682
0.102181
0.136291
0.0369161
0.138067
0.14135
0.107353
0.133353
0.0146288
0.138942
0.0936477
0.132646
0.134366
0.0563157
0.113161
0.13107
0.146753
0.137076
0.0566196
0.13776
0.138465
0.131722
0.113979
0.0585231
0.127718
0.140053
0.126479
0.130793
0.090865
0.0767326
0.0481251
0.139954
0.140531
0.0286493
0.120176
0.0986749
0.0997657
0.0278715
0.0304138
0.136222
0.104767
0.100239
0.114156
0.138429
0.137281
0.1005
0.0999254
0.070149
0.13832
0.129327
0.0535813
0.131017
0.0285144
0.139983
0.113595
0.139928
0.0178356
0.104847
0.135057
0.127548
0.0597792
0.134623
0.072066
0.127694
0.0672512
0.137206
0.0540593
0.070138
0.0898564
0.0304308
0.0533749
0.0776747
0.0584081
0.0816825
0.132441
0.123439
0.132878
0.13673
0.133845
0.0813745
0.0947033
0.142212
0.113763
0.162288
0.107614
0.14098
0.124573
0.0919049
0.111642
0.028895
0.0476585
0.0408364
0.0992746
0.352162
0.0867146
0.137513
0.0674919
0.140039
0.0578356
0.120391
0.0274055
0.139731
0.0879929
0.112406
0.124315
0.0723121
0.135667
0.0740669
0.11141
0.0363448
0.0908404
0.171108
0.111387
0.162267
0.135704
0.140087
0.163246
0.135361
0.0269232
0.364502
0.134681
0.118477
0.109857
0.0615422
0.0939498
0.0531187
0.0793752
0.233107
0.136828
0.0894507
0.0969913
0.139268
0.0319451
0.140037
0.0739081
0.139596
0.131557
0.130826
0.135751
0.10096
0.0637437
0.0519967
0.12979
0.137302
0.0560026
0.0623511
0.0812594
0.032506
0.082598
0.0334471
0.137484
0.122648
0.157719
0.118322
0.0276941
0.0619154
0.127966
0.0567351
0.0963629
0.0517777
0.0917806
0.138773
0.124457
0.308383
0.133979
0.137719
0.0501972
0.0378053
0.0743287
0.0638348
0.0304682
0.137124
0.108759
0.0580718
0.100467
0.137981
0.0759151
0.0105775
0.0868287
0.137987
0.132703
0.0595857
0.0566244
0.116235
0.117583
0.147492
0.0887902
0.0700421
0.108582
0.149685
0.0424164
0.131421
0.133826
0.0652476
0.0772688
0.101914
0.127339
0.0422297
0.0668977
0.0872992
0.136258
0.139702
0.13024
0.0526075
0.108391
0.131758
0.103355
0.139308
0.138029
0.12582
0.0499631
0.0473285
0.0224778
0.103348
0.0825146
0.0451751
0.135825
0.0810554
0.125785
0.15453
0.118073
0.0864552
0.0479001
0.122072
0.0567633
0.126049
0.0839214
0.0508537
0.130581
0.104931
0.110592
0.126666
0.137249
0.250331
0.13732
0.193841
0.138134
0.0950993
0.0353666
0.120638
0.0446344
0.090552
0.139976
0.123583
0.140045
0.138282
0.0911149
0.0881512
0.167542
0.149029
0.138281
0.119029
0.0534335
0.139045
0.138035
0.0749878
0.11748
0.226412
0.162887
0.100519
0.127449
0.0631185
0.0957572
0.0767482
0.0440766
0.109509
0.115759
0.122894
0.0502173
0.0607798
0.0384663
0.0625879
0.14001
0.080001
0.0748659
0.132687
0.083061
0.133414
0.328472
0.0783256
0.0433572
0.0572616
0.0239605
0.14004
0.115305
0.103095
0.0621882
0.038816
0.290981
0.10919
0.0371677
0.108832
0.131263
0.127571
0.0728724
0.127167
0.101192
0.131464
0.137695
0.133542
0.13538
0.136735
0.0949206
0.116135
0.116802
0.0300214
0.138005
0.12223
0.118412
0.114188
0.0957197
0.0820759
0.051841
0.0146362
0.136431
0.13502
0.138996
0.0459126
0.0782843
0.0917929
0.138207
0.0937974
0.0940219
0.138351
0.0862526
0.139189
0.137125
0.127815
0.106966
0.11564
0.0632272
0.0667102
0.0790429
0.0698901
0.135966
0.13441
0.140069
0.0870907
0.114688
0.105762
0.108302
0.10465
0.139614
0.308177
0.0964863
0.139452
0.110179
0.0362099
0.13388
0.0626328
0.125479
0.138253
0.114958
0.0496502
0.0983862
0.0766926
0.138884
0.0752703
0.113269
0.135465
0.116642
0.0967623
0.140027
0.0377218
0.107682
0.0829561
0.105941
0.154487
0.0704481
0.106699
0.138475
0.13809
0.123022
0.254976
0.0694025
0.103142
0.13782
0.0912474
0.139706
0.138315
0.0871477
0.13846
0.202103
0.0996479
0.0830364
0.134972
0.138123
0.115935
0.139541
0.138815
0.38452
0.121715
0.102567
0.0950968
0.0948304
0.0933279
0.052706
0.0778343
0.0460943
0.145369
0.117219
0.0626836
0.138822
0.0548523
0.0766943
0.100823
0.0746956
0.11144
0.168032
0.0823778
0.105486
0.0376811
0.0680382
0.131847
0.0769895
0.090669
0.124344
0.121325
0.126724
0.0502006
0.146972
0.116535
0.0732099
0.138452
0.0629162
0.0971983
0.111843
0.0897869
0.136142
0.136448
0.131803
0.0832316
0.0168218
0.0955775
0.1591
0.165486
0.138466
0.147836
0.104397
0.0261246
0.109591
0.131124
0.0413963
0.109414
0.0495708
0.127438
0.0958865
0.137228
0.0887449
0.135855
0.099034
0.125092
0.0599965
0.0643485
0.117943
0.136345
0.104697
0.132787
0.0924535
0.0975493
0.145719
0.0560415
0.0663031
0.13899
0.139864
0.134696
0.0264293
0.107236
0.129085
0.238077
0.0782835
0.0946085
0.0292238
0.0622329
0.0708589
0.0720866
0.0988187
0.127765
0.157218
0.147352
0.138356
0.124475
0.128528
0.0922527
0.139971
0.0885153
0.13345
0.138857
0.133413
0.137138
0.135618
0.125774
0.0765301
0.137403
0.100923
0.0499981
0.135908
0.0822806
0.0247759
0.127955
0.138071
0.13832
0.0498219
0.252845
0.137411
0.10008
0.14546
0.139515
0.103841
0.122798
0.133932
0.349052
0.0928932
0.110472
0.140058
0.126255
0.198748
0.140007
0.0319532
0.140008
0.130795
0.0158358
0.134304
0.0961328
0.121331
0.132994
0.126721
0.0676255
0.101429
0.115664
0.158561
0.169419
0.10131
0.138313
0.134874
0.131595
0.0987661
0.093162
0.099496
0.0921291
0.124212
0.137436
0.0595463
0.168062
0.13442
0.138209
0.200493
0.138068
0.0256362
0.136846
0.128628
0.0606013
0.0900179
0.121661
0.136372
0.136817
0.13593
0.12754
0.0536529
0.0896482
0.151421
0.105131
0.0884979
0.130861
0.12955
0.132028
0.0955957
0.139295
0.0842839
0.15834
0.128917
0.132772
0.140504
0.146641
0.125146
0.0492352
0.124536
0.166976
0.172479
0.0639048
0.131244
0.0639921
0.109596
0.0839211
0.138337
0.088756
0.0934327
0.140076
0.138775
0.136681
0.0940066
0.0483677
0.146218
0.127959
0.129895
0.150346
0.144213
0.155649
0.132692
0.139456
0.141191
0.0347311
0.207971
0.143958
0.110903
0.132719
0.140148
0.0706992
0.117391
0.027417
0.139803
0.0602865
0.146554
0.11569
0.0477758
0.137187
0.12881
0.114126
0.0994305
0.0495555
0.137322
0.212628
0.133905
0.0617509
0.0972214
0.121966
0.136199
0.140104
0.138587
0.304898
0.0957704
0.0209827
0.136904
0.13099
0.134987
0.0314963
0.0413844
0.132923
0.0277608
0.117012
0.13675
0.092573
0.106733
0.093778
0.0869356
0.137609
0.117503
0.137465
0.112947
0.134795
0.0837281
0.110888
0.0762971
0.145226
0.0972836
0.1015
0.292051
0.117952
0.124137
0.130562
0.105051
0.121344
0.135087
0.124183
0.0744043
0.0989605
0.138108
0.130526
0.13386
0.0400414
0.139019
0.0232395
0.119414
0.0821361
0.127752
0.155865
0.109434
0.0810856
0.0963495
0.0497445
0.0980726
0.13742
0.13294
0.140039
0.103913
0.0972577
0.137534
0.106313
0.0975612
0.0612773
0.151057
0.101619
0.137705
0.139857
0.0537755
0.133923
0.0990623
0.0493858
0.159621
0.137909
0.130682
0.120661
0.137351
0.122159
0.303101
0.115595
0.040987
0.103136
0.108489
0.0273843
0.136645
0.131875
0.0158672
0.0964228
0.0937396
0.128203
0.0766026
0.0116213
0.138297
0.127327
0.136693
0.127864
0.138764
0.0872482
0.105737
0.128424
0.0866961
0.0792876
0.132454
0.0943174
0.113638
0.129208
0.137806
0.103509
0.0291875
0.146977
0.0984545
0.129851
0.106356
0.122948
0.0980992
0.123477
0.161295
0.138477
0.138124
0.0810091
0.136749
0.125481
0.135
0.106461
0.110257
0.137979
0.0623481
0.0192262
0.0929236
0.134288
0.0758857
0.127469
0.112137
0.131045
0.0803471
0.111404
0.121355
0.136324
0.136092
0.112033
0.139499
0.138067
0.126622
0.0771494
0.145497
0.107369
0.0847687
0.139081
0.0420086
0.0871284
0.118407
0.0657938
0.126113
0.0758069
0.0610464
0.049326
0.106046
0.13807
0.0612843
0.0141883
0.139936
0.133113
0.115177
0.133481
0.0792697
0.139388
0.0384201
0.13238
0.0329563
0.334676
0.0957102
0.104413
0.0550635
0.134614
0.135821
0.113977
0.0310245
0.133814
0.0686817
0.126521
0.0742036
0.0861254
0.0118137
0.119304
0.123616
0.134872
0.137733
0.138693
0.140056
0.137561
0.110427
0.126612
0.102947
0.0380196
0.136362
0.118431
0.137994
0.144077
0.0805085
0.0693786
0.116045
0.139529
0.0394803
0.140034
0.184512
0.128264
0.125607
0.0703963
0.126296
0.137359
0.139279
0.136736
0.0943778
0.084591
0.13143
0.0489588
0.139869
0.109673
0.297723
0.0986577
0.139298
0.127477
0.0438641
0.140033
0.0491741
0.0457244
0.054995
0.127649
0.128386
0.0486865
0.123584
0.13214
0.136256
0.125618
0.132585
0.0803415
0.128973
0.100362
0.082851
0.137768
0.130684
0.102321
0.138324
0.120681
0.106462
0.0768898
0.0980413
0.0462477
0.0710324
0.134685
0.102551
0.10085
0.138421
0.145727
0.11578
0.122648
0.252633
0.0637356
0.109806
0.138108
0.164952
0.093991
0.099677
0.138783
0.132246
0.0915403
0.0743729
0.112561
0.0654084
0.136791
0.0975296
0.0770469
0.139638
0.0628236
0.079985
0.0938973
0.105271
0.0690091
0.125383
0.083937
0.0654483
0.101778
0.0274076
0.0780272
0.0996884
0.112956
0.0815353
0.105567
0.0957959
0.0663151
0.11084
0.0642281
0.122743
0.143556
0.0857317
0.10956
0.112041
0.0883972
0.072171
0.124093
0.135086
0.0685254
0.0966025
0.0996307
0.0972969
0.0659956
0.137386
0.135991
0.0678399
0.0953303
0.0881403
0.139909
0.138953
0.044692
0.139126
0.140058
0.126572
0.136793
0.140355
0.137757
0.100153
0.139484
0.13814
0.136952
0.140078
0.0540268
0.0480555
0.141858
0.137896
0.081151
0.151832
0.0664722
0.139545
0.133887
0.0247053
0.129231
0.0997708
0.102334
0.116867
0.134479
0.137999
0.114044
0.0661758
0.134844
0.120644
0.0403028
0.10547
0.138057
0.0650228
0.127562
0.12107
0.0759026
0.136382
0.135149
0.174715
0.112527
0.0854855
0.0974404
0.123078
0.130276
0.104309
0.130828
0.125116
0.0245075
0.0542487
0.0786953
0.0717086
0.112254
0.124735
0.0956762
0.0824656
0.0618672
0.0517935
0.0997529
0.11327
0.0483925
0.133647
0.137747
0.0314219
0.112938
0.0637321
0.135933
0.136648
0.0579934
0.135751
0.11417
0.104109
0.130261
0.158727
0.137482
0.101115
0.100027
0.0769887
0.137943
0.0853708
0.0857016
0.10722
0.112031
0.0951847
0.0787402
0.0955663
0.137582
0.140015
0.137213
0.139632
0.133157
0.0883618
0.127394
0.137503
0.100156
0.139971
0.102956
0.138091
0.106886
0.0614354
0.0386365
0.137951
0.125579
0.109082
0.138337
0.139231
0.167634
0.133433
0.12461
0.165452
0.1172
0.0693805
0.170727
0.136789
0.106565
0.101929
0.0707563
0.137803
0.142437
0.137838
0.137481
0.136533
0.321313
0.358456
0.111684
0.138024
0.0999916
0.0870019
0.131888
0.228545
0.0855972
0.106502
0.124192
0.135623
0.103277
0.133265
0.141019
0.144363
0.128569
0.14713
0.0702282
0.120609
0.136876
0.137957
0.0993578
0.135674
0.160363
0.0685033
0.0953518
0.061599
0.139572
0.0426848
0.138488
0.138215
0.100097
0.139065
0.0688157
0.0982219
0.139203
0.108227
0.0551348
0.139025
0.122743
0.0936751
0.144591
0.137427
0.0629969
0.157056
0.105269
0.0820251
0.150191
0.0758941
0.101674
0.129202
0.0443793
0.135778
0.107927
0.139048
0.0721581
0.0921274
0.124126
0.130698
0.127137
0.117
0.0279268
0.137019
0.137914
0.13306
0.131874
0.129936
0.129526
0.129365
0.124348
0.0677717
0.110325
0.108326
0.0830157
0.0887481
0.135415
0.139891
0.135041
0.139048
0.0853769
0.116396
0.1318
0.0731894
0.136174
0.125547
0.0971206
0.0850988
0.131408
0.0501462
0.0786119
0.117325
0.120003
0.105752
0.044394
0.133312
0.134782
0.0746302
0.126121
0.121203
0.137543
0.137917
0.10316
0.0928437
0.160353
0.131885
0.138508
0.137542
0.0871766
0.159854
0.113125
0.117428
0.0658945
0.121294
0.0532991
0.0652611
0.129545
0.138596
0.136148
0.140081
0.132489
0.103978
0.0566362
0.131171
0.0342074
0.0612484
0.078681
0.0360702
0.127973
0.138903
0.110162
0.0799157
0.113932
0.0950449
0.0984898
0.0485016
0.150329
0.123356
0.139998
0.13491
0.0423236
0.0805284
0.12759
0.0944498
0.129794
0.0893954
0.0449246
0.0762644
0.0838084
0.139867
0.104887
0.131901
0.0541261
0.123121
0.0853035
0.137061
0.137056
0.0417163
0.103418
0.0708932
0.182978
0.0584924
0.0861806
0.128154
0.137759
0.123834
0.151634
0.152138
0.113027
0.0780177
0.138139
0.0867054
0.10648
0.0441915
0.0521916
0.0743279
0.0571749
0.0559179
0.131899
0.141492
0.106028
0.138666
0.110048
0.0890724
0.0684131
0.118708
0.072984
0.123914
0.0497522
0.16819
0.134117
0.0613032
0.15891
0.138426
0.0458065
0.0759047
0.139686
0.126115
0.0557894
0.0339907
0.360919
0.125494
0.12644
0.13813
0.104601
0.126318
0.138701
0.137689
0.121003
0.119709
0.112082
0.125505
0.138024
0.139873
0.132717
0.157627
0.137102
0.138698
0.121275
0.131802
0.137532
0.137768
0.138186
0.137323
0.127306
0.0379718
0.128669
0.0967226
0.096977
0.0266741
0.0167842
0.0645835
0.0897965
0.306127
0.137324
0.096065
0.0511526
0.137942
0.169395
0.0963625
0.127977
0.110927
0.117654
0.110052
0.120327
0.127362
0.103023
0.0750251
0.134997
0.138375
0.104648
0.0870276
0.128694
0.0975656
0.0491295
0.139936
0.0858084
0.100076
0.0840363
0.126548
0.0994451
0.107974
0.145433
0.0381886
0.104323
0.140113
0.137716
0.127126
0.137988
0.108676
0.139364
0.138929
0.0755927
0.0980698
0.136841
0.139621
0.112788
0.136974
0.136308
0.0908913
0.138651
0.135309
0.0635392
0.136697
0.140058
0.0589753
0.0906522
0.133427
0.0517026
0.0970224
0.100337
0.140996
0.0823251
0.0685478
0.139184
0.107311
0.0696795
0.125915
0.0979288
0.138103
0.0793989
0.0613914
0.0849741
0.136158
0.106708
0.0714793
0.128109
0.138855
0.0891201
0.116397
0.0963741
0.0836607
0.137196
0.0997625
0.105963
0.137333
0.138177
0.11259
0.133911
0.13703
0.113544
0.114413
0.120035
0.159341
0.0464913
0.125078
0.137528
0.014426
0.119663
0.144666
0.129132
0.129953
0.127336
0.0716311
0.0642849
0.13866
0.137656
0.0607689
0.135101
0.0452185
0.132056
0.138796
0.134711
0.0982507
0.031974
0.128993
0.13814
0.140946
0.105767
0.0946414
0.0398431
0.134208
0.138261
0.0365436
0.125367
0.0760896
0.137534
0.0758124
0.116016
0.134187
0.104805
0.156578
0.149809
0.126543
0.0225503
0.103825
0.0533416
0.153798
0.0408084
0.141498
0.0874595
0.0994748
0.143067
0.0946106
0.364507
0.131975
0.115873
0.083289
0.286275
0.103752
0.134842
0.330719
0.0780156
0.13045
0.0605474
0.0258309
0.139808
0.115205
0.117691
0.141125
0.0957901
0.13812
0.108984
0.130268
0.0789089
0.115196
0.194436
0.125885
0.104347
0.123366
0.133852
0.139659
0.12194
0.0968063
0.0587247
0.107863
0.139958
0.136729
0.21962
0.103929
0.0941351
0.0920875
0.138969
0.138965
0.107719
0.138439
0.246329
0.136101
0.12435
0.0977792
0.135963
0.139709
0.116393
0.0804716
0.067131
0.0595481
0.13991
0.153668
0.0711106
0.0485519
0.0987575
0.136363
0.10263
0.0691001
0.105187
0.132816
0.0783513
0.0647144
0.138897
0.118181
0.138663
0.137786
0.128247
0.0799278
0.116754
0.128195
0.102912
0.163904
0.134208
0.137891
0.139116
0.0781612
0.108265
0.135545
0.153439
0.136
0.113393
0.138678
0.128342
0.139414
0.139194
0.130968
0.135522
0.134195
0.0960264
0.0891857
0.0350293
0.12187
0.110044
0.11512
0.106009
0.138361
0.13743
0.107126
0.13816
0.135313
0.137638
0.139239
0.0883879
0.0988192
0.140131
0.127977
0.0815792
0.1221
0.0691143
0.138281
0.138228
0.107781
0.153163
0.114162
0.134891
0.137704
0.109742
0.137794
0.124954
0.0749493
0.055988
0.0893725
0.0553715
0.0751778
0.136321
0.116267
0.159614
0.0604271
0.121688
0.139998
0.128977
0.101041
0.135403
0.060137
0.135106
0.133916
0.102606
0.0427589
0.124012
0.0601119
0.0630383
0.138904
0.177596
0.0970482
0.0444552
0.139789
0.128586
0.0641591
0.137393
0.13579
0.139215
0.137739
0.125053
0.138034
0.0785739
0.138611
0.127954
0.144683
0.129659
0.100041
0.0389869
0.0680119
0.0551022
0.130206
0.130986
0.116263
0.100488
0.11256
0.139538
0.0754988
0.0201055
0.104321
0.114262
0.104118
0.138192
0.13801
0.171983
0.133284
0.121208
0.132926
0.108392
0.134024
0.13988
0.133464
0.115485
0.116451
0.131967
0.099694
0.0888671
0.11831
0.110577
0.103832
0.0889819
0.0793204
0.129863
0.139419
0.136816
0.100772
0.156354
0.132378
0.135755
0.0985634
0.118488
0.115753
0.100483
0.133858
0.135036
0.0991934
0.139374
0.125559
0.11298
0.140084
0.120794
0.0585101
0.139978
0.104362
0.11623
0.125963
0.140107
0.0548609
0.137834
0.107017
0.128102
0.102807
0.107632
0.128827
0.0437881
0.134894
0.146757
0.0321335
0.139457
0.0981513
0.0865077
0.106084
0.0219194
0.135839
0.0618209
0.143382
0.13754
0.136991
0.120362
0.139193
0.0493686
0.106613
0.0972993
0.122177
0.09885
0.146949
0.138002
0.143575
0.129609
0.109129
0.0463897
0.139383
0.103915
0.0968987
0.106574
0.103369
0.137813
0.100065
0.0557428
0.067159
0.10147
0.124049
0.13801
0.117935
0.139903
0.164983
0.137649
0.104284
0.137975
0.0305355
0.114604
0.0877002
0.0496044
0.0954444
0.0979986
0.0641704
0.137931
0.139032
0.0566709
0.0928138
0.10241
0.069477
0.0291588
0.11925
0.0408636
0.102499
0.152628
0.128482
0.115196
0.227701
0.0967223
0.100576
0.15408
0.101199
0.114739
0.0661036
0.123288
0.136465
0.095416
0.124026
0.053516
0.0875948
0.35415
0.137377
0.0773254
0.0952992
0.0558296
0.139537
0.0406854
0.110619
0.126529
0.092906
0.157103
0.113159
0.147591
0.110571
0.127821
0.139735
0.11575
0.0792012
0.0736292
0.126407
0.0991661
0.138073
0.134277
0.113652
0.129904
0.13915
0.136639
0.128991
0.137882
0.161822
0.13847
0.132679
0.135445
0.0833601
0.138041
0.138295
0.138082
0.127521
0.133477
0.138461
0.141265
0.107649
0.125796
0.103326
0.139838
0.130544
0.0974327
0.0982757
0.134941
0.12269
0.0965302
0.10077
0.110156
0.138415
0.101112
0.139459
0.13816
0.0971173
0.119358
0.105352
0.123334
0.0922191
0.127796
0.0761698
0.104462
0.138609
0.136892
0.0235221
0.108048
0.118042
0.135668
0.231568
0.093667
0.13931
0.0962084
0.155752
0.0964382
0.0545942
0.110767
0.0601486
0.110991
0.0253332
0.118668
0.0954114
0.118824
0.134412
0.0595377
0.159683
0.139638
0.137139
0.139646
0.095266
0.153504
0.130283
0.139592
0.0598748
0.136526
0.118043
0.154304
0.0991425
0.114161
0.123507
0.133618
0.137018
0.131787
0.0789908
0.122832
0.0416778
0.137194
0.116954
0.138714
0.128449
0.127356
0.0222857
0.0192166
0.143539
0.115162
0.116454
0.166255
0.125361
0.0666873
0.138071
0.111511
0.142382
0.0870753
0.0983876
0.105456
0.0818292
0.121405
0.0988945
0.0872124
0.134366
0.127166
0.043645
0.0600484
0.139718
0.0251385
0.13096
0.110692
0.0757484
0.138414
0.122627
0.115946
0.127935
0.106254
)
;

boundaryField
{
    wings
    {
        type            nutUSpaldingWallFunction;
        Cmu             0.09;
        kappa           0.41;
        E               9.8;
        value           nonuniform List<scalar> 
150
(
1.58012e-05
1.3383e-05
2.38104e-05
2.73401e-05
3.04876e-05
3.27007e-05
3.40687e-05
3.50636e-05
3.58646e-05
3.65003e-05
3.70119e-05
3.74295e-05
3.77771e-05
3.80693e-05
3.83191e-05
3.85403e-05
3.8741e-05
3.89249e-05
3.90937e-05
3.92485e-05
3.9391e-05
3.95218e-05
3.96421e-05
3.97546e-05
3.98605e-05
3.99623e-05
4.00618e-05
4.01605e-05
4.0258e-05
4.03532e-05
4.04449e-05
4.05415e-05
4.06334e-05
4.07225e-05
4.0808e-05
4.08995e-05
4.09874e-05
4.10724e-05
4.11591e-05
4.12483e-05
4.1339e-05
4.14284e-05
4.15287e-05
4.16293e-05
4.17324e-05
4.18363e-05
4.19448e-05
4.20559e-05
4.21686e-05
4.22929e-05
4.24167e-05
4.25442e-05
4.268e-05
4.28196e-05
4.29629e-05
4.3115e-05
4.32794e-05
4.34488e-05
4.36271e-05
4.38141e-05
4.40239e-05
4.42426e-05
4.44758e-05
4.47316e-05
4.50072e-05
4.53069e-05
4.56354e-05
4.60075e-05
4.64256e-05
4.68985e-05
4.74482e-05
4.81042e-05
4.89519e-05
4.98182e-05
5.27921e-05
6.26173e-06
3.44293e-05
1.76085e-05
2.18031e-05
1.98445e-05
2.01266e-05
1.98326e-05
1.98755e-05
1.99349e-05
2.01251e-05
2.03757e-05
2.06709e-05
2.09745e-05
2.12632e-05
2.1526e-05
2.17608e-05
2.1964e-05
2.21356e-05
2.22754e-05
2.23858e-05
2.24717e-05
2.25409e-05
2.25965e-05
2.26457e-05
2.26928e-05
2.27375e-05
2.27787e-05
2.28234e-05
2.28675e-05
2.29041e-05
2.29329e-05
2.29605e-05
2.29828e-05
2.29949e-05
2.30007e-05
2.30034e-05
2.3002e-05
2.29985e-05
2.30004e-05
2.30045e-05
2.30088e-05
2.30153e-05
2.30249e-05
2.30361e-05
2.3047e-05
2.30612e-05
2.30725e-05
2.30736e-05
2.30651e-05
2.30493e-05
2.30211e-05
2.29772e-05
2.292e-05
2.28428e-05
2.2738e-05
2.25978e-05
2.24285e-05
2.22193e-05
2.19646e-05
2.16568e-05
2.12836e-05
2.08373e-05
2.03044e-05
1.96693e-05
1.89154e-05
1.80163e-05
1.69411e-05
1.56506e-05
1.4093e-05
1.21922e-05
9.85254e-06
7.02433e-06
3.63154e-06
3.03984e-07
2.12133e-06
)
;
    }
    outlet
    {
        type            freestream;
        freestreamValue uniform 0.14;
        value           nonuniform List<scalar> 
20
(
0.129822
0.129071
0.133838
0.137443
0.133552
0.134421
0.387625
0.136459
0.136714
0.136195
0.200395
0.135752
0.38452
0.136345
0.145719
0.147352
0.133413
0.321313
0.228545
0.330719
)
;
    }
    tunnel
    {
        type            nutUSpaldingWallFunction;
        Cmu             0.09;
        kappa           0.41;
        E               9.8;
        value           nonuniform List<scalar> 
40
(
0.00743499
0.0088987
0.00665931
0.00750925
0.00708246
0.00849178
0.0103733
0.00945419
0.00637033
0.0108877
0.00912682
0.00674216
0.00841919
0.00693708
0.00875258
0.0107951
0.00669423
0.00821567
0.00746938
0.00690313
0.00690862
0.00775847
0.00663306
0.00753112
0.00734319
0.00827192
0.00672074
0.00801059
0.00656983
0.00656043
0.00647573
0.00812502
0.00812928
0.00710261
0.0114011
0.00908359
0.00577054
0.00672681
0.00714498
0.00561112
)
;
    }
    inlet
    {
        type            freestream;
        freestreamValue uniform 0.14;
        value           uniform 0.14;
    }
    defaultFaces
    {
        type            empty;
    }
}


// ************************************************************************* //
