/*--------------------------------*- C++ -*----------------------------------*\
| =========                 |                                                 |
| \\      /  F ield         | OpenFOAM: The Open Source CFD Toolbox           |
|  \\    /   O peration     | Version:  2.3.0                                 |
|   \\  /    A nd           | Web:      www.OpenFOAM.org                      |
|    \\/     M anipulation  |                                                 |
\*---------------------------------------------------------------------------*/
FoamFile
{
    version     2.0;
    format      ascii;
    class       volScalarField;
    location    "10000";
    object      p;
}
// * * * * * * * * * * * * * * * * * * * * * * * * * * * * * * * * * * * * * //

dimensions      [0 2 -2 0 0 0 0];

internalField   nonuniform List<scalar> 
6710
(
0.0021594
0.310135
1.32508
3.05535
5.75051
9.69533
15.23
23.2107
34.2936
46.0734
54.8283
71.6976
19.0619
22.4913
27.1601
33.405
41.4106
51.2912
63.0538
76.6278
91.743
107.909
124.786
141.971
33.878
39.4071
45.3963
52.1815
59.6695
67.8122
76.5209
85.6764
95.0996
104.604
114.037
123.243
44.9434
50.9343
57.1978
64.0877
71.4974
79.3393
87.4976
95.8386
104.207
112.442
120.384
127.89
53.2445
58.895
64.7701
70.9217
77.3334
83.9526
90.7194
97.5613
104.393
111.124
117.658
123.915
60.1292
64.8862
70.2262
75.7643
81.509
87.4091
93.4152
99.4718
105.518
111.48
117.284
122.867
64.9671
69.1357
73.9539
78.907
84.0311
89.2878
94.6437
100.062
105.492
110.875
116.151
121.26
68.3252
72.1991
76.5937
81.0784
85.7363
90.524
95.4094
100.363
105.336
110.296
115.195
119.967
71.4842
74.8651
78.7409
82.7893
87.0523
91.4294
95.942
100.565
105.211
109.884
114.493
119.006
74.8307
77.2433
80.9181
84.505
88.3803
92.2921
96.4384
100.855
105.375
109.977
114.33
118.584
123.317
151.478
170.242
185.193
197.513
206.942
213.316
216.648
217.114
215.107
211.588
207.726
157.419
169.878
180.128
188.389
194.695
199.102
201.763
202.9
202.73
201.463
199.624
197.646
132.232
141.172
149.889
158.109
165.61
172.202
177.724
182.053
185.099
186.861
187.668
187.8
134.972
141.768
148.272
154.358
159.912
164.846
169.093
172.609
175.354
177.315
178.69
179.578
129.929
135.792
141.477
146.886
151.928
156.53
160.627
164.172
167.12
169.451
171.284
172.666
128.23
133.419
138.417
143.154
147.572
151.618
155.258
158.463
161.212
163.487
165.397
166.99
126.189
130.952
135.521
139.844
143.877
147.575
150.925
153.897
156.496
158.694
160.583
162.199
124.585
129.034
133.279
137.284
141.025
144.449
147.578
150.343
152.807
154.892
156.724
158.347
123.414
127.659
131.692
135.507
139.076
142.238
145.186
147.691
150.015
151.882
153.609
155.096
122.769
126.78
130.587
134.26
137.705
140.546
143.159
145.283
147.445
149.089
150.742
152.069
-29.1203
-30.6298
-31.9482
-32.946
-33.499
-33.5225
-33.0116
-31.9997
-30.4929
-28.4809
-25.4999
-19.0463
-26.8496
-28.3118
-29.515
-30.3131
-30.5968
-30.2672
-29.1856
-27.1892
-24.1082
-19.7628
-14.1456
-7.64187
-24.0011
-25.2159
-26.1578
-26.6293
-26.5139
-25.7376
-24.204
-21.8128
-18.4869
-14.2249
-9.17481
-3.77765
-20.7796
-21.6405
-22.2506
-22.4103
-22.0191
-21.0259
-19.3714
-17.0082
-13.9282
-10.184
-5.93785
-1.4769
-17.4643
-18.0604
-18.4243
-18.3692
-17.8228
-16.7466
-15.098
-12.854
-10.0187
-6.64641
-2.85951
1.12254
-14.0771
-14.6484
-14.8496
-14.6493
-14.0196
-12.9345
-11.3503
-9.24391
-6.61136
-3.5009
-0.00836835
3.68815
-10.8199
-11.4705
-11.5903
-11.3128
-10.6381
-9.58685
-8.08178
-6.10645
-3.64194
-0.748714
2.50638
5.9778
-7.8531
-8.57731
-8.66917
-8.36496
-7.63318
-6.61828
-5.17084
-3.28875
-0.874887
1.89129
5.02418
8.3944
-4.93124
-5.87047
-6.11685
-5.8971
-5.03963
-4.1406
-2.83673
-1.16683
1.20575
3.75382
6.63305
9.76234
-0.878756
-2.49273
-3.31554
-2.82445
-1.11019
-0.141396
1.15323
2.85648
5.31836
7.66912
10.83
14.5572
-5.62197
0.942006
5.3139
9.6174
13.9464
18.1865
22.3605
26.5282
30.7504
35.0589
39.3992
43.9246
-0.689279
3.75899
6.592
9.61409
13.0007
16.6942
20.61
24.6663
28.8196
33.0525
37.284
41.5148
1.48758
6.43993
9.86992
12.7493
15.7032
18.8069
22.0645
25.4648
29.0037
32.6894
36.4609
40.1632
2.97417
7.47771
11.0818
14.0024
16.9407
19.9306
22.982
26.1018
29.2962
32.5817
36.0188
39.5135
5.10668
9.0685
12.5068
15.3079
18.1141
20.9519
23.8281
26.7454
29.7033
32.6928
35.7855
39.1398
7.4002
11.0443
14.3242
17.0252
19.6812
22.3414
25.0122
27.7011
30.4131
33.134
35.9099
38.9326
9.48747
12.9367
16.0993
18.728
21.2608
23.7757
26.2733
28.7624
31.2512
33.7303
36.2297
38.8998
11.7923
15.0768
18.0031
20.3988
22.7423
25.1074
27.4574
29.7805
32.0827
34.3586
36.6418
39.0461
13.0416
16.4278
19.4276
21.7566
24.0018
26.2851
28.5344
30.7211
32.8672
34.9662
37.0765
39.2885
18.0081
21.1079
22.6778
23.3943
25.1812
27.3857
29.5995
31.6394
33.6315
35.5758
37.5906
39.7133
-181.753
-167.279
-150.733
-136.964
-122.389
-106.183
-89.7382
-73.8466
-58.9067
-45.5476
-34.4043
-25.7094
-103.152
-103.114
-102.041
-100.59
-99.3234
-97.408
-93.715
-87.8112
-79.6563
-69.5001
-58.0784
-47.0443
-109.277
-109.133
-109.104
-108.686
-107.313
-104.848
-101.424
-96.7683
-90.3998
-82.2349
-72.3719
-62.1961
-101.385
-101.348
-101.226
-101.008
-100.631
-99.9325
-98.6233
-96.5301
-93.3127
-88.3109
-81.0078
-73.0134
-100.512
-100.492
-100.46
-100.365
-100.147
-99.708
-98.8745
-97.4358
-95.168
-91.6916
-86.2434
-80.0506
-98.3469
-98.328
-98.2838
-98.1968
-98.0408
-97.775
-97.3169
-96.5131
-95.1524
-92.8939
-88.9988
-83.5973
-97.3081
-97.2912
-97.2568
-97.1878
-97.0655
-96.8587
-96.515
-95.9438
-94.9982
-93.4727
-90.9161
-87.8588
-96.4045
-96.3874
-96.3524
-96.2873
-96.1801
-96.008
-95.7383
-95.3154
-94.6387
-93.5803
-91.8284
-89.4154
-95.8696
-95.8538
-95.8225
-95.7656
-95.674
-95.5295
-95.3096
-94.9789
-94.4665
-93.6692
-92.4304
-92.0534
-95.5074
-95.494
-95.466
-95.4164
-95.3384
-95.2182
-95.0379
-94.7722
-94.3704
-93.7635
-92.8422
-92.3823
-95.2841
-95.2733
-95.2497
-95.2082
-95.1439
-95.0457
-94.8989
-94.6841
-94.3637
-93.8794
-93.1478
-92.862
-95.1179
-95.1098
-95.0911
-95.0584
-95.0085
-94.9329
-94.8197
-94.6539
-94.407
-94.0272
-93.4552
-93.3333
-94.9418
-94.9361
-94.9216
-94.8966
-94.8591
-94.8026
-94.7176
-94.5926
-94.4084
-94.1291
-93.683
-93.215
-94.7156
-94.7112
-94.6993
-94.6786
-94.6475
-94.6005
-94.5283
-94.4197
-94.2559
-94.0025
-93.5707
-92.6771
-94.4342
-94.4309
-94.4214
-94.405
-94.3806
-94.3436
-94.2866
-94.2
-94.0685
-93.8616
-93.515
-93.0377
-94.0833
-94.0807
-94.0729
-94.0595
-94.0395
-94.009
-93.9609
-93.8857
-93.7689
-93.5915
-93.2946
-92.3647
-93.6652
-93.6633
-93.6572
-93.6469
-93.6316
-93.6084
-93.5716
-93.5134
-93.4209
-93.2681
-93.0034
-92.6758
-93.1759
-93.1745
-93.1696
-93.1613
-93.1489
-93.1298
-93.0989
-93.0479
-92.964
-92.8275
-92.5834
-91.8508
-92.6206
-92.6197
-92.6161
-92.6098
-92.6007
-92.5868
-92.5645
-92.5279
-92.4672
-92.3581
-92.1684
-92.1289
-92.0045
-92.0035
-91.9998
-91.9933
-91.9835
-91.9681
-91.9431
-91.9012
-91.8298
-91.705
-91.4777
-90.9718
-91.3492
-91.3482
-91.345
-91.3393
-91.3306
-91.3172
-91.2955
-91.2599
-91.2014
-91.1036
-90.9493
-90.769
-90.6591
-90.6579
-90.6546
-90.6485
-90.6388
-90.6237
-90.5995
-90.5598
-90.495
-90.3883
-90.2155
-89.8859
-89.9548
-89.9534
-89.95
-89.9437
-89.9337
-89.9181
-89.8934
-89.8536
-89.79
-89.6859
-89.5081
-89.1914
-89.2412
-89.2398
-89.2363
-89.2299
-89.2199
-89.2042
-89.1794
-89.14
-89.0774
-88.9785
-88.8247
-88.5314
-88.5234
-88.5222
-88.519
-88.513
-88.5034
-88.4882
-88.4643
-88.4265
-88.3667
-88.2727
-88.1265
-87.8806
-87.8063
-87.805
-87.802
-87.7962
-87.7871
-87.7725
-87.7496
-87.7134
-87.6564
-87.5665
-87.4201
-87.1492
-87.0907
-87.0892
-87.0863
-87.081
-87.0727
-87.0595
-87.0387
-87.0058
-86.954
-86.8719
-86.7347
-86.4913
-86.37
-86.369
-86.3667
-86.3624
-86.3557
-86.3451
-86.3281
-86.3006
-86.2568
-86.1866
-86.0694
-85.8681
-85.6394
-85.6388
-85.6371
-85.634
-85.629
-85.6209
-85.6075
-85.5857
-85.5505
-85.4952
-85.4065
-85.2655
-84.8988
-84.8983
-84.897
-84.8945
-84.8903
-84.8834
-84.8714
-84.8508
-84.8157
-84.7584
-84.6584
-84.3733
-84.1492
-84.1485
-84.1474
-84.1456
-84.1429
-84.1384
-84.1305
-84.1162
-84.0906
-84.045
-83.9741
-83.982
-83.3809
-83.3806
-83.3799
-83.3789
-83.3774
-83.3748
-83.3695
-83.3588
-83.3384
-83.3041
-83.2467
-83.0317
-82.5942
-82.5943
-82.5942
-82.594
-82.5936
-82.5926
-82.5899
-82.584
-82.572
-82.5488
-82.504
-82.5016
-81.7929
-81.7929
-81.7929
-81.7926
-81.7919
-81.7901
-81.7857
-81.7766
-81.759
-81.7252
-81.6458
-81.4078
-80.9847
-80.9844
-80.9842
-80.984
-80.9836
-80.9824
-80.9794
-80.9726
-80.9585
-80.9301
-80.8779
-80.8379
-80.1632
-80.163
-80.1629
-80.1628
-80.1624
-80.1612
-80.1581
-80.1515
-80.1382
-80.1144
-80.0804
-80.0766
-79.3362
-79.3362
-79.3362
-79.3361
-79.3353
-79.3332
-79.3284
-79.3186
-79.3001
-79.2688
-79.207
-78.9487
-78.511
-78.5106
-78.5104
-78.5101
-78.5093
-78.5073
-78.5029
-78.4944
-78.4789
-78.4497
-78.4002
-78.4605
-77.6841
-77.684
-77.6837
-77.6832
-77.682
-77.6793
-77.6736
-77.6623
-77.6416
-77.6057
-77.5388
-77.331
-76.8599
-76.8598
-76.8598
-76.8598
-76.8596
-76.8582
-76.8546
-76.847
-76.8326
-76.8064
-76.7686
-76.8072
-76.0331
-76.0332
-76.0336
-76.0341
-76.0341
-76.033
-76.0294
-76.0216
-76.0064
-75.9797
-75.9374
-75.8742
-75.2091
-75.2091
-75.2093
-75.2097
-75.21
-75.2094
-75.2064
-75.1993
-75.1854
-75.1612
-75.1233
-75.0717
-74.3796
-74.3798
-74.3804
-74.3815
-74.3825
-74.3828
-74.3809
-74.3749
-74.3618
-74.3383
-74.2999
-74.2305
-73.5465
-73.5469
-73.5479
-73.5497
-73.5518
-73.5534
-73.5533
-73.5494
-73.539
-73.5189
-73.4848
-73.4431
-72.7078
-72.7083
-72.7096
-72.7122
-72.7157
-72.7194
-72.7219
-72.7211
-72.7139
-72.6955
-72.6511
-72.5069
-71.8538
-71.855
-71.8573
-71.8617
-71.8681
-71.8761
-71.8851
-71.894
-71.9008
-71.9017
-71.8962
-71.9494
-70.974
-70.9756
-70.9788
-70.9847
-70.9932
-71.0045
-71.0181
-71.0337
-71.05
-71.0665
-71.09
-71.1756
-70.0644
-70.0663
-70.0704
-70.0776
-70.0878
-70.1011
-70.1171
-70.135
-70.1534
-70.1716
-70.1855
-70.1013
-69.1254
-69.1273
-69.1319
-69.1404
-69.1527
-69.169
-69.1892
-69.2127
-69.2384
-69.2635
-69.2901
-69.3767
-68.1457
-68.1486
-68.155
-68.1657
-68.1809
-68.2008
-68.2254
-68.2543
-68.2869
-68.3223
-68.3601
-68.403
-67.1348
-67.1371
-67.1435
-67.1554
-67.1728
-67.196
-67.2253
-67.2602
-67.2997
-67.3426
-67.3809
-67.3455
-66.0675
-66.0709
-66.0792
-66.0942
-66.1162
-66.1459
-66.1838
-66.2303
-66.2848
-66.3457
-66.4165
-66.5292
-64.9418
-64.9468
-64.9578
-64.9767
-65.0036
-65.0401
-65.0871
-65.1454
-65.2152
-65.2954
-65.3916
-65.5701
-63.7606
-63.7652
-63.777
-63.7984
-63.8297
-63.8728
-63.9294
-64.0007
-64.0871
-64.1884
-64.2961
-64.2927
-62.4896
-62.496
-62.5109
-62.5373
-62.5758
-62.629
-62.6998
-62.7913
-62.9067
-63.0471
-63.219
-63.5544
-61.129
-61.1367
-61.1545
-61.1852
-61.2291
-61.2896
-61.3695
-61.4721
-61.6003
-61.7567
-61.9514
-62.1792
-59.6827
-59.6908
-59.7102
-59.7443
-59.7938
-59.862
-59.9521
-60.0673
-60.2095
-60.3804
-60.5818
-60.7543
-58.1303
-58.1409
-58.1646
-58.2052
-58.2637
-58.3437
-58.4494
-58.5849
-58.7533
-58.9566
-59.1922
-59.4364
-56.4808
-56.4922
-56.519
-56.5656
-56.633
-56.726
-56.8497
-57.0091
-57.2079
-57.4476
-57.7233
-57.9673
-54.7031
-54.7171
-54.7489
-54.8038
-54.8832
-54.9932
-55.1405
-55.332
-55.5735
-55.8701
-56.2347
-56.6814
-52.7878
-52.8051
-52.8434
-52.908
-53.0009
-53.1294
-53.3013
-53.5251
-53.8079
-54.157
-54.5827
-55.0104
-50.7357
-50.7553
-50.7988
-50.873
-50.9799
-51.128
-51.3267
-51.586
-51.9151
-52.3228
-52.8126
-53.3291
-48.5256
-48.5491
-48.6001
-48.6862
-48.8102
-48.9813
-49.2102
-49.5074
-49.8821
-50.3407
-50.8734
-51.2883
-46.1582
-46.1869
-46.2481
-46.3497
-46.4952
-46.6962
-46.9651
-47.3144
-47.7553
-48.2932
-48.9257
-49.6716
-43.631
-43.6647
-43.7359
-43.8545
-44.0248
-44.26
-44.5745
-44.9825
-45.4957
-46.1207
-46.8435
-47.4579
-40.9275
-40.9688
-41.0548
-41.1959
-41.3982
-41.677
-42.0496
-42.5328
-43.1398
-43.8728
-44.7155
-45.6885
-38.0595
-38.1088
-38.2113
-38.3786
-38.618
-38.9481
-39.3886
-39.9581
-40.6701
-41.5283
-42.5043
-43.3826
-35.0287
-35.0897
-35.2144
-35.415
-35.7015
-36.0959
-36.6206
-37.296
-38.1352
-39.1363
-40.2604
-41.3646
-31.8788
-31.9541
-32.1064
-32.3477
-32.6919
-33.164
-33.7892
-34.5882
-35.5695
-36.722
-37.9743
-39.0439
-28.6393
-28.7359
-28.9263
-29.2231
-29.6444
-30.2196
-30.9756
-31.9316
-33.089
-34.4208
-35.8181
-36.9803
-25.3774
-25.5043
-25.7522
-26.129
-26.6598
-27.3768
-28.3064
-29.4586
-30.8168
-32.3277
-33.8514
-35.0275
-22.4957
-22.6471
-22.9584
-23.4301
-24.0925
-24.9787
-26.1062
-27.4659
-29.0122
-30.6542
-32.2118
-33.3657
-20.1918
-20.374
-20.7825
-21.4042
-22.2538
-23.3532
-24.7019
-26.261
-27.9415
-29.6038
-31.0364
-31.9388
-17.6331
-17.9793
-18.6402
-19.6309
-20.9359
-22.5374
-24.3482
-26.2181
-27.9736
-29.448
-30.4782
-30.8863
-18.4418
-21.4285
-23.7608
-25.4055
-26.6306
-27.658
-28.5629
-29.3711
-30.0405
-30.471
-30.5337
-30.0967
366.724
361.648
352.889
340.368
324.654
306.777
288.062
269.913
253.423
239.086
227.11
217.762
276.168
276.935
275.863
274.013
271.521
268.121
263.419
257.161
249.345
240.274
230.719
221.61
261.712
262.205
261.677
260.716
259.097
256.695
253.407
249.147
243.819
237.358
230.014
222.44
261.621
261.098
259.892
258.31
256.221
253.527
250.129
245.955
240.954
235.093
228.48
221.532
248.862
248.526
247.984
247.188
246.039
244.442
242.278
239.417
235.734
231.13
225.624
219.54
237.667
237.527
237.319
236.924
236.297
235.357
233.999
232.095
229.506
226.088
221.762
216.714
230.252
230.148
229.97
229.633
229.125
228.38
227.316
225.833
223.811
221.114
217.623
213.4
223.781
223.699
223.546
223.268
222.855
222.254
221.399
220.206
218.573
216.376
213.49
209.914
217.664
217.605
217.492
217.282
216.968
216.504
215.837
214.894
213.586
211.8
209.408
206.393
212.173
212.131
212.043
211.878
211.629
211.259
210.724
209.963
208.9
207.437
205.456
202.936
207.259
207.225
207.151
207.014
206.806
206.496
206.05
205.414
204.523
203.29
201.595
199.357
202.746
202.719
202.657
202.541
202.365
202.103
201.724
201.185
200.426
199.372
197.914
195.957
198.56
198.539
198.486
198.388
198.238
198.014
197.691
197.231
196.582
195.679
194.43
192.746
194.662
194.645
194.6
194.516
194.386
194.194
193.915
193.516
192.954
192.17
191.076
189.566
191.009
190.998
190.96
190.886
190.774
190.605
190.361
190.013
189.521
188.835
187.881
186.554
187.572
187.565
187.532
187.467
187.368
187.22
187.005
186.698
186.264
185.66
184.832
183.678
184.32
184.316
184.287
184.23
184.141
184.009
183.817
183.542
183.153
182.606
181.851
180.795
181.232
181.23
181.204
181.153
181.073
180.955
180.782
180.536
180.188
179.698
179.027
178.128
178.289
178.287
178.264
178.219
178.147
178.04
177.885
177.664
177.351
176.91
176.299
175.497
175.474
175.473
175.452
175.411
175.347
175.25
175.109
174.909
174.627
174.229
173.68
172.986
172.772
172.771
172.752
172.715
172.656
172.568
172.44
172.258
172.001
171.639
171.136
170.506
170.171
170.169
170.152
170.119
170.065
169.984
169.867
169.7
169.464
169.132
168.668
168.096
167.657
167.657
167.642
167.611
167.562
167.488
167.38
167.226
167.009
166.704
166.275
165.747
165.227
165.227
165.214
165.186
165.141
165.072
164.972
164.83
164.629
164.347
163.95
163.472
162.871
162.871
162.86
162.835
162.793
162.729
162.637
162.505
162.319
162.058
161.689
161.26
160.58
160.581
160.572
160.55
160.511
160.452
160.367
160.245
160.073
159.83
159.486
159.097
158.353
158.354
158.346
158.326
158.29
158.236
158.157
158.045
157.887
157.666
157.354
157.029
156.184
156.185
156.177
156.158
156.124
156.074
156
155.896
155.75
155.548
155.26
154.957
154.058
154.059
154.052
154.034
154.003
153.956
153.887
153.789
153.652
153.462
153.189
152.892
151.973
151.973
151.967
151.951
151.923
151.878
151.814
151.721
151.592
151.411
151.15
150.867
149.929
149.93
149.924
149.909
149.882
149.841
149.78
149.693
149.572
149.403
149.163
148.93
147.927
147.927
147.92
147.906
147.88
147.84
147.782
147.701
147.586
147.428
147.199
146.979
145.952
145.952
145.946
145.932
145.908
145.87
145.815
145.738
145.63
145.481
145.264
145.066
144.001
144.001
143.996
143.984
143.962
143.926
143.875
143.802
143.699
143.556
143.347
143.162
142.08
142.08
142.075
142.064
142.043
142.01
141.961
141.892
141.795
141.66
141.463
141.322
140.188
140.187
140.181
140.17
140.15
140.118
140.072
140.007
139.916
139.79
139.599
139.487
138.309
138.309
138.304
138.294
138.276
138.246
138.203
138.143
138.06
137.947
137.774
137.681
136.442
136.442
136.439
136.431
136.415
136.387
136.348
136.292
136.214
136.11
135.941
135.79
134.598
134.597
134.593
134.585
134.569
134.542
134.505
134.452
134.379
134.284
134.132
133.943
132.755
132.755
132.751
132.745
132.73
132.705
132.67
132.62
132.553
132.465
132.338
132.127
130.918
130.918
130.915
130.909
130.896
130.873
130.84
130.793
130.73
130.647
130.543
130.349
129.083
129.084
129.082
129.076
129.064
129.042
129.011
128.966
128.904
128.819
128.715
128.554
127.259
127.259
127.255
127.249
127.237
127.215
127.184
127.14
127.079
126.994
126.885
126.773
125.43
125.43
125.427
125.422
125.41
125.39
125.36
125.318
125.262
125.183
125.077
125.008
123.599
123.599
123.597
123.592
123.581
123.563
123.535
123.496
123.444
123.373
123.271
123.217
121.77
121.77
121.766
121.761
121.751
121.733
121.707
121.671
121.622
121.558
121.461
121.426
119.929
119.929
119.926
119.921
119.912
119.896
119.871
119.838
119.795
119.738
119.652
119.654
118.078
118.078
118.075
118.07
118.062
118.047
118.025
117.995
117.956
117.907
117.826
117.828
116.208
116.209
116.207
116.203
116.197
116.184
116.164
116.137
116.102
116.06
115.99
115.997
114.332
114.332
114.328
114.324
114.317
114.305
114.286
114.262
114.231
114.195
114.132
114.141
112.42
112.421
112.42
112.418
112.413
112.402
112.386
112.366
112.34
112.311
112.262
112.291
110.506
110.504
110.499
110.494
110.488
110.478
110.463
110.445
110.423
110.402
110.365
110.4
108.54
108.539
108.536
108.533
108.529
108.52
108.507
108.492
108.475
108.459
108.432
108.476
106.528
106.53
106.53
106.529
106.528
106.523
106.513
106.503
106.49
106.481
106.464
106.527
104.515
104.512
104.507
104.503
104.5
104.493
104.485
104.477
104.47
104.47
104.466
104.57
102.423
102.423
102.422
102.421
102.42
102.417
102.412
102.408
102.408
102.416
102.424
102.563
100.281
100.282
100.282
100.283
100.286
100.286
100.285
100.287
100.295
100.315
100.335
100.515
98.1148
98.1124
98.1079
98.1054
98.1055
98.1053
98.1059
98.1116
98.1256
98.1564
98.1867
98.3771
95.8422
95.8436
95.8437
95.8455
95.85
95.8539
95.8592
95.8707
95.8928
95.9363
95.9835
96.1861
93.5271
93.5252
93.5211
93.5204
93.5246
93.5302
93.5394
93.5576
93.5902
93.6503
93.7256
93.9697
91.1046
91.1041
91.1026
91.1044
91.111
91.1206
91.1354
91.1621
91.2077
91.287
91.3955
91.7085
88.5727
88.5749
88.5761
88.5812
88.5927
88.6082
88.6309
88.6682
88.7285
88.8261
88.9549
89.347
85.9637
85.9618
85.9584
85.9607
85.9718
85.99
86.0189
86.0672
86.1459
86.2724
86.4403
86.9555
83.1949
83.1946
83.194
83.1995
83.2144
83.2389
83.277
83.3391
83.4388
83.5962
83.7872
84.3479
80.2543
80.2569
80.2598
80.2702
80.2929
80.3276
80.3794
80.4603
80.5867
80.7854
81.0256
81.5762
77.173
77.1713
77.1703
77.179
77.2032
77.2449
77.3102
77.4135
77.573
77.823
78.1495
78.7438
73.8271
73.8306
73.8362
73.8525
73.8877
73.9443
74.0312
74.1659
74.3707
74.6828
75.1144
75.9061
70.2554
70.2539
70.2551
70.2721
70.3149
70.3875
70.5012
70.6776
70.9449
71.3413
71.8868
72.9368
66.3068
66.3092
66.318
66.3463
66.4061
66.5057
66.6593
66.8945
67.2465
67.7584
68.4364
69.6782
61.9225
61.9292
61.9461
61.9886
62.0746
62.2145
62.4284
62.7497
63.2218
63.8961
64.773
66.2368
57.0295
57.0339
57.0512
57.1078
57.2257
57.4219
57.7233
58.1716
58.8183
59.721
60.8823
62.6681
51.3038
51.3058
51.3472
51.4412
51.6269
51.9296
52.3854
53.0447
53.9636
55.1972
56.7421
58.9753
44.4044
44.4891
44.545
44.7192
45.0418
45.5451
46.2747
47.2846
48.6262
50.3392
52.3942
55.1371
35.8721
35.503
35.719
36.1505
36.8253
37.7941
39.0872
40.7354
42.7615
45.1759
47.9209
51.3036
23.0989
23.7379
24.6184
25.6397
27.0962
28.964
31.2128
33.8254
36.7823
40.0569
43.5577
47.5181
88.0237
-4.11829
73.3253
88.1865
-71.4754
93.0964
141.816
49.6282
190.955
78.9837
74.7105
56.8483
82.3254
165.701
-8.2346
77.3762
-49.0697
57.045
139.742
57.0237
-4.27928
90.4134
84.6739
15.5795
78.0294
83.1351
51.7844
85.7469
-11.4771
139.135
120.504
128.278
83.6418
58.1695
-14.6707
70.3419
137.103
-37.2777
73.6993
28.192
88.7159
148.66
43.0084
140.197
-73.1002
90.899
93.6225
-43.3851
89.9306
88.5709
87.8848
182.186
43.5066
56.6157
103.031
-47.16
75.1899
-10.2264
-83.1381
93.1593
-55.0287
-41.0141
132.563
86.0054
63.0829
65.4732
53.7639
75.0625
89.7511
103.034
-38.1489
-73.6951
-68.1621
83.4744
0.351246
-72.6815
-43.8748
-54.7342
87.457
87.425
119.276
165.525
85.1921
74.0876
-92.559
104.189
101.585
86.9332
86.8246
98.6093
71.5226
-54.6695
86.1315
-63.1957
99.5337
-24.753
213.359
-62.9726
87.5929
213.367
36.9307
106.397
14.7623
159.626
87.5082
-57.6512
92.6391
89.3464
72.2395
86.8359
84.7242
159.1
109.774
158.171
-67.2694
83.5967
196.826
106.921
156.998
145.726
94.9518
52.3624
55.1824
62.9278
150.896
79.2634
89.1646
-73.4272
-80.7308
85.595
72.8384
117.23
139.431
1.20163
-89.9383
120.338
-44.8928
68.658
-55.0849
96.0362
155.173
9.38824
-37.3662
43.0509
72.6083
-62.2777
98.3582
67.3481
-49.4183
-75.2114
-15.5451
94.4533
-18.2575
55.032
142.449
91.8376
70.8617
46.1062
82.6756
86.9045
78.2238
-48.528
78.4094
-71.198
135.481
84.6032
72.3913
-86.8403
-62.6449
4.09781
-47.0251
73.4517
116.606
97.3303
78.7089
-57.7388
124.821
65.0665
82.3337
63.7919
76.9187
-48.245
-36.6936
66.7405
90.3943
90.4594
-23.098
34.9289
-15.6427
122.51
106.567
126.368
-57.4491
81.1455
62.1768
5.51266
107.955
130.519
156.908
81.338
59.1815
89.3834
86.3945
84.7762
90.2473
51.0212
92.2936
-29.8471
87.4168
93.3059
141.122
27.5705
157.736
83.3185
17.6938
95.5398
82.3494
109.191
-62.4969
-15.6219
-75.734
129.169
73.975
89.5828
101.249
48.3798
96.8245
-48.7627
74.4783
79.0535
74.7348
179.216
56.2623
155.087
120.701
55.6345
-2.44476
80.0738
39.2313
104.712
83.2402
-71.1878
80.8207
88.3066
-81.3446
-21.199
-57.2608
113.943
91.2567
79.0482
69.2959
70.7922
178.036
90.0391
89.9628
-77.5797
-82.0662
122.386
77.7481
101.949
75.4879
-68.4012
-71.6188
85.0077
48.6576
84.3388
-25.6868
92.9032
-46.3973
191.355
-36.521
102.073
85.9774
133.591
88.6349
-46.9685
92.9059
44.6462
116.866
-34.0155
45.999
-66.5249
79.6669
85.2367
84.0411
73.6386
83.3685
80.559
-8.35526
-2.41372
77.0949
84.3121
15.4458
134.628
76.8221
100.486
82.7543
87.6394
59.2166
83.2481
17.4163
186.796
92.8961
-73.5788
90.0171
92.6161
-30.9034
51.1702
13.278
145.306
92.47
-63.27
75.6719
75.8631
131.681
-22.1531
130.512
17.1125
65.3986
30.529
27.5319
2.8319
-54.971
90.2961
-25.4875
79.9071
-64.6172
-53.2134
92.2639
143.468
94.4085
-89.3309
90.5597
188.746
58.5631
9.95181
100.44
83.5078
46.6295
-10.1962
43.5904
-79.1753
-42.5959
-8.52838
12.0229
95.9287
74.3744
6.04552
11.7175
161.732
73.5447
86.1711
-67.3932
-74.3404
53.5182
-73.8905
152.367
109.078
78.6967
-46.6525
65.431
88.6556
86.2574
99.533
-59.1756
14.6079
68.9646
117.469
92.3353
44.6871
75.8693
31.178
91.1848
84.6999
-59.7821
87.4806
87.9245
54.0526
34.904
-76.8986
-35.4342
-31.6719
76.0491
75.487
147.738
-23.1493
2.75669
200.195
80.0474
168.095
118.002
169.221
-6.56026
84.0946
94.3995
-11.2809
78.5806
0.929628
60.9004
13.8171
87.6516
96.9082
73.4001
-76.689
99.7858
83.511
74.9169
51.8448
32.5698
80.7277
76.1036
-40.1181
126.169
-7.33791
40.0135
156.55
12.6014
150.911
115.022
-22.9815
25.8567
47.8219
97.6667
-40.5765
97.0044
99.6522
54.7864
-54.9511
71.9254
125.443
23.4056
-48.4738
40.8352
93.1528
144.857
59.1571
185.578
71.2995
62.7348
166.408
137.798
-85.6346
70.9503
64.208
113.209
77.2386
89.1039
142.765
-23.0397
-35.8478
55.6821
-9.74709
-23.0796
39.8128
-47.7187
79.3446
70.7441
145.133
28.1001
86.6059
72.4115
91.1384
85.461
75.8312
74.7747
8.85142
107.601
-81.8754
88.7101
70.2833
84.474
6.5909
156.51
84.7703
63.7395
128.976
75.5747
73.2161
80.549
76.7864
85.9003
-72.7352
-55.7426
12.4986
64.4978
20.2768
51.2487
-76.9486
125.668
87.8926
88.2446
89.1324
120.351
-37.3429
49.7599
80.7847
102.778
64.8795
58.5965
137.976
97.7209
100.139
127.248
-6.4646
81.8939
120.264
122.918
128.014
49.8217
-37.2753
-3.60367
90.3792
15.9015
78.3047
2.02324
140.435
-71.4427
-29.3593
84.4387
108.288
-21.3715
-88.5649
79.0486
85.8024
85.202
96.4948
75.8946
72.3784
124.604
110.225
73.5923
121.18
87.7142
91.698
106.223
84.3632
123.637
60.8892
-83.1014
89.0162
158.972
38.6704
-87.4782
91.8051
89.4162
90.1883
70.9492
102.917
67.6172
-79.063
71.3626
42.1226
-72.5891
78.8249
70.414
36.8106
-71.8716
65.6057
35.2653
-34.1878
86.834
152.985
-62.8203
83.9679
85.8064
9.21733
-8.81213
24.2211
80.2957
73.4324
67.0032
88.3395
89.1018
40.5253
81.6182
98.8221
96.0795
-70.7202
210.84
101.556
86.6259
74.0892
164.598
113.885
-48.9045
69.9181
-10.1956
83.2448
161.151
85.6079
86.8275
85.7724
138.547
129.954
-64.1848
85.7187
85.9792
34.4269
76.9594
-48.1618
89.6234
85.904
86.0028
88.0946
183.831
78.4542
81.7611
42.3321
94.8819
78.2444
-52.8067
-82.9101
91.7922
71.038
81.2648
84.9984
89.4996
97.5788
154.516
-80.4036
41.7786
90.0756
-51.3986
52.4567
108.538
-77.2557
-72.4201
108.417
-38.5102
-74.5147
74.9726
159.002
114.222
76.3799
66.9528
-59.7201
-51.8922
22.6397
99.6901
88.4435
50.0746
84.6416
175.392
87.7806
-45.8764
54.492
84.0669
-83.4178
165.426
75.6574
100.306
71.6972
86.3917
-80.2084
83.4731
117.54
72.4393
76.6398
-55.796
87.2058
69.2537
84.3278
181.018
68.8878
74.21
86.2438
34.5342
72.2999
50.614
-58.8903
93.0763
85.2227
-46.9705
-44.1715
-2.53016
85.5903
43.8026
174.828
61.1921
132.011
75.9854
141.233
-33.7858
73.9451
171.452
77.4103
-71.4444
94.2006
169.417
-84.2067
19.0481
70.6975
183.293
96.9764
107.423
79.2876
85.7239
95.1035
88.8312
-32.9002
95.2314
81.3241
123.646
-27.7143
83.7918
160.274
90.2495
-4.57473
-45.4113
161.969
88.868
-25.0081
50.9778
-46.6724
56.8529
95.0639
-63.1082
44.6536
-51.4695
185.01
-65.1776
-69.7054
-16.0565
50.4751
-75.0932
199.092
82.6315
-73.9995
80.6801
57.9431
29.2143
-36.9865
90.8469
73.9846
-79.4397
139.763
150.948
105.623
181.32
141.517
119.001
87.5362
80.7899
81.2235
79.4481
90.5842
77.9022
-41.2848
-54.6818
51.9506
90.8604
-77.7802
118.314
82.7454
110.731
-18.996
-92.8801
95.1168
-18.8458
143.803
171.796
-44.759
116.929
-1.45972
19.2402
-78.5119
-28.1093
18.461
122.415
-92.399
-76.8926
87.0031
85.8933
88.5413
-29.7582
75.1796
-61.1355
84.447
85.0588
-69.5939
-36.6559
-36.3511
-31.0256
126.573
-6.05144
62.6827
91.1165
120.589
91.4667
95.8903
74.3599
80.9094
-11.7287
85.2819
98.7331
93.1116
-11.3607
66.3891
-51.2582
-16.296
73.9571
-37.741
84.199
-78.4964
75.8731
54.8902
91.2173
80.8126
96.4282
85.9851
41.5257
78.7211
-33.3714
137.32
107.963
107.704
122.373
-56.916
95.1765
83.9698
27.9296
79.5683
53.3833
-67.4114
47.2583
98.2603
98.6591
16.0171
166.818
-58.0878
25.1861
98.1731
69.2234
120.718
78.7058
21.3007
-18.8203
27.9219
45.995
160.957
102.876
77.4961
41.1502
92.5739
79.7384
3.07779
77.2647
79.4713
93.0468
74.3704
152.467
19.6488
85.1873
81.1889
-17.134
-71.2362
10.0131
-25.7476
68.5905
80.4522
4.00266
-65.5695
168.405
91.3103
-36.3638
81.9174
110.899
88.6881
94.6973
91.4697
123.675
86.2878
85.4591
74.5123
-77.9578
86.2026
73.4183
104.778
161.365
59.9772
122.716
31.2223
69.1395
-62.8743
-31.8114
77.1422
73.2093
78.514
6.10662
92.0286
-67.5589
44.2962
84.5416
189.198
155.208
86.2729
94.6184
87.6863
85.4848
92.3406
89.4539
83.0424
97.5622
67.0846
81.4337
77.7377
82.1962
72.3843
79.6156
70.7811
-13.7363
66.7639
135.931
120.078
144.333
78.5646
117.722
-39.06
130.89
147.823
71.6578
56.4115
38.0956
69.519
78.0735
87.8701
105.048
-68.6089
102.757
-46.7844
113.353
-53.6915
74.777
46.8568
-33.3195
95.1102
-85.3343
90.4026
83.2655
83.6443
-52.6175
109.082
-6.67575
74.7473
-0.807019
-82.0437
194.348
89.8122
20.9294
118.774
125.142
82.5966
90.2445
90.0327
110.819
86.7754
89.822
-78.9275
46.0697
81.9941
-25.6678
19.5599
72.8145
80.6797
116.189
105.664
-91.7622
88.2864
32.0356
-75.5215
27.9333
86.1061
112.181
103.26
84.3724
-67.0726
-8.70957
86.5311
126.539
88.9863
44.9198
86.137
119.549
139.213
95.4736
-69.8008
109.913
152.458
-68.7462
96.5826
-28.6608
122.603
-85.1197
-13.799
-15.174
27.4478
76.6842
86.2226
103.125
-23.1958
95.9075
-5.32065
-69.4595
-83.1298
38.1726
66.5978
104.553
109.417
81.1883
-64.6672
87.1327
84.2614
162.119
99.6442
1.89064
64.982
94.292
39.1498
140.51
79.7007
113.143
-82.5237
-73.8495
-35.2803
2.46957
80.6005
70.8654
72.7031
88.7651
16.6156
136.981
-57.0282
52.0239
119.05
-69.7501
91.3163
57.2739
-73.4023
184.067
75.568
91.1146
57.742
22.8632
-65.7439
107.312
-54.1415
55.6789
179.664
-75.5235
-55.804
61.2347
32.8467
96.6736
129.504
96.239
76.0942
-27.4286
88.3019
80.4362
-14.3479
152.055
2.25771
58.9032
101.491
52.148
92.6222
87.2463
-76.3484
79.6453
93.9005
168.43
15.9528
-10.5136
78.0906
59.2003
160.949
76.5897
106.845
86.0179
-80.223
154.281
-73.4095
80.188
-57.1681
20.9724
57.4973
-28.842
83.1156
193.743
66.8384
-66.986
99.8152
77.3013
89.3729
48.9472
81.9941
135.357
90.4859
94.5617
87.492
112.127
42.6145
89.8975
84.3286
47.633
-7.24813
83.6611
37.2234
-87.3692
-86.1045
153.051
150.894
20.7973
-55.173
60.5785
102.35
9.33165
84.2187
-78.082
-46.1835
54.6915
-69.3115
90.5121
-8.09962
136.735
71.2207
65.1226
64.8851
19.6573
2.29995
162.473
80.0565
89.1111
62.4239
140.33
101.845
11.7942
74.018
-9.31312
87.1129
126.452
4.81106
78.3071
19.0548
90.9412
-77.5434
133.811
33.6405
82.3675
78.0988
150.151
55.0307
-20.8536
82.3626
86.4061
81.9391
88.3516
88.2009
67.6323
67.6921
49.5676
203.856
124.404
-16.1825
184.113
-61.7157
-45.3655
94.3952
15.2867
35.0437
-60.846
-16.1938
90.8646
75.2532
60.3983
95.8773
-69.9226
81.4545
126.213
75.2071
107.494
80.0113
16.7303
44.3095
90.2116
142.156
22.7278
46.0225
114.817
163.67
62.9081
99.9602
83.7078
36.0462
49.6253
92.5118
138.785
86.948
-20.2281
151.026
-78.9322
-51.219
-66.5873
81.2679
-27.2304
3.81674
37.1718
25.7829
87.5517
72.947
77.2327
132.228
-65.657
-77.4188
-34.5516
133.951
78.3335
-57.1436
104.747
173.418
-29.2853
-33.4306
86.054
-84.5569
90.0693
64.4904
105.958
51.763
96.4293
43.1237
10.5529
99.1225
71.7371
43.6907
50.7609
98.844
84.1111
69.4819
80.4693
-86.7844
57.5043
5.73685
119.442
93.3219
-79.5964
116.651
48.4394
60.16
48.5845
177.486
164.445
91.2161
102.021
72.2111
4.23192
35.339
36.8715
48.7395
-23.6252
-1.6521
89.7272
90.1952
79.3262
2.07718
81.8836
167.472
-57.4444
59.6451
56.7652
10.1733
58.7451
49.8191
-42.8871
126.561
-35.6361
58.0582
105.887
174.785
22.287
72.9479
63.7225
90.53
74.8554
53.9114
118.567
77.072
84.4157
99.4704
-80.8759
81.9819
108.088
83.7671
86.6355
67.366
90.8145
53.0578
-64.3743
62.8023
-57.616
-6.23787
-68.7746
69.8038
-70.7992
72.9163
82.0933
27.8081
-3.86245
67.0959
-43.8408
44.7033
-85.8901
140.983
-3.19114
-44.3492
205.928
86.752
18.0417
42.6519
73.7456
-67.0308
-30.6549
84.7213
137.774
127.841
87.9741
80.6719
87.4574
76.7902
-45.7181
-46.6405
84.3474
110.496
82.6551
57.2771
53.8159
72.8662
81.8274
83.9869
132.935
91.7617
63.7553
91.222
34.3503
196.732
73.2945
-66.7464
12.4843
-6.36129
100.946
123.669
69.0486
40.2769
-72.1743
110.832
90.6527
85.295
79.0332
76.927
52.01
-0.856503
68.1341
89.8535
83.8929
120.324
89.7783
127.52
81.4094
72.1177
77.3948
159.869
78.2171
142.183
8.44255
90.916
89.4128
76.8425
50.8501
-90.313
-86.3748
196.929
83.5376
-48.2723
-51.5767
87.9296
-1.06094
-28.0707
138.472
26.9707
165.018
77.514
-83.8965
120.469
91.3116
74.8093
-22.9865
82.409
79.338
89.015
92.1101
146.343
90.2355
32.121
81.7807
75.3234
80.4549
96.315
-85.4142
-26.0658
151.58
16.9582
69.4997
-51.0335
-59.5096
77.4384
7.66834
-86.1475
68.4203
-70.9711
71.4546
90.1034
83.4966
45.3057
86.4329
89.0279
-74.3251
76.2972
90.0614
-15.8868
64.5052
69.4517
-36.6109
88.2485
171.897
87.3612
106.308
123.335
-7.18054
28.0014
-26.2496
124.378
10.5563
93.5142
93.454
133.772
-57.4125
80.322
107.965
91.8647
74.1658
-50.8939
46.4715
173.528
87.0137
-5.56148
-70.1701
197.748
-77.4666
91.5399
95.4243
96.3858
-64.1918
61.205
-85.5767
107.893
85.6211
73.8969
30.0691
-88.3982
44.1465
-66.5645
-60.4433
83.6922
86.4219
85.8893
61.6983
94.2034
82.495
172.744
188.041
-5.26526
91.9529
83.2657
111.875
136.987
104.824
84.5705
142.793
40.9911
11.9529
80.3613
141.364
139.353
4.49359
87.7885
65.7445
100.559
119.811
88.7661
77.0695
87.9104
72.3084
82.1254
-29.5118
-17.6563
66.0637
42.4486
165.754
14.3693
-28.7757
84.1721
73.6783
30.4112
-3.34247
-51.3331
116.889
8.63559
24.4051
94.8746
85.0521
77.1985
76.361
74.687
2.97233
86.4574
116.114
30.3227
83.7965
93.6088
123.722
81.523
200.647
79.649
9.47312
-71.5074
93.7863
34.5588
87.1443
67.9756
90.4284
155.036
43.6902
76.1485
75.8268
88.62
156.658
81.0716
39.9889
-85.8699
174.346
98.6342
72.6358
-6.91705
153.226
-50.2998
-35.444
86.451
162.751
64.2933
82.7666
95.2972
90.8508
152.806
81.5446
49.1323
39.923
24.4766
110.281
84.3228
-90.1988
92.2828
85.6188
-78.4152
141.703
-32.5054
190.441
75.3949
-67.5464
-32.6845
26.3122
164.759
89.252
23.2925
76.4923
97.7689
91.5223
71.3204
82.3906
-28.8866
63.7409
80.1756
8.70928
88.004
60.3034
87.9962
87.2662
91.897
4.88093
53.5529
46.4686
73.351
-33.6197
92.1049
44.7146
-4.90027
93.1139
-57.9773
95.8862
84.768
90.6044
-13.783
5.98677
70.6628
73.7652
40.4777
84.7093
24.3384
-84.3133
149.028
92.2378
81.4972
190.832
88.846
87.8581
12.7808
90.3823
47.9352
71.3317
159.608
108.332
84.023
146.601
22.4298
116.263
143.193
27.0473
110.524
136.951
-61.3115
46.1333
138.808
56.5776
82.1727
25.987
83.6952
8.44295
74.7772
87.3134
68.1666
69.8018
83.3735
100.638
108.307
41.3216
-0.0117601
89.0931
85.3515
123.531
67.1337
-15.7076
82.7884
84.8149
72.7544
75.3695
-76.7559
74.713
13.5304
173.835
170.986
0.846765
74.8411
96.3808
155.411
91.437
73.5798
-61.4133
-79.3489
90.3967
161.112
172.936
22.4181
80.8404
79.7262
-16.761
75.3722
83.3779
78.4254
106.161
5.8143
98.5959
90.0512
8.39282
101.522
12.6732
176.59
78.6374
84.7601
38.1177
-82.8602
-52.2264
44.3915
83.5927
41.0749
-32.8368
2.25895
65.4134
99.8667
126.243
116.054
133.749
14.3231
101.442
-74.8485
-27.4509
-19.0431
142.071
173.242
60.9798
-85.9916
97.7331
-60.492
81.1654
60.4489
89.2242
88.0588
-67.059
-51.397
86.0627
8.81804
-12.0237
59.8274
60.222
81.9987
76.3927
99.6808
96.062
79.1264
182.882
29.634
90.8817
84.9404
69.0317
104.541
76.2104
23.4346
89.0417
-49.3289
162.403
-23.5599
84.4784
88.6843
79.0079
77.2803
-58.8745
14.7807
4.58052
91.379
38.245
177.294
75.8686
133.948
59.2931
72.9515
74.0595
20.3626
-20.0546
77.1281
154.417
77.6678
-56.8949
90.1973
-93.298
1.6432
110.247
71.5336
81.0574
25.3978
147.584
110.383
94.0381
-11.9487
89.4833
65.7022
134.407
153.182
-71.0449
88.2541
104.157
124.966
90.5645
88.0629
-62.4548
-81.2821
165.495
7.48317
-78.7224
107.51
131.514
24.4248
-19.6914
158.632
170.32
102.278
-35.1373
70.4976
160.289
10.0371
84.9143
60.1551
40.0806
86.6924
96.3007
79.2648
105.371
58.1702
89.2214
82.2564
137.534
85.1367
163.271
-69.8531
123.81
78.4434
196.774
-50.6908
92.5066
102.893
128.639
-0.569834
53.9742
56.1074
-10.0586
43.699
44.7049
74.2673
-34.1766
118.282
121.341
-28.5414
67.9096
104.866
69.1506
91.2213
82.9186
54.2769
-66.575
63.5432
104.54
126.727
67.6352
101.963
195.447
47.5764
72.5147
-74.9897
130.3
51.086
84.0127
-35.2098
202.124
-21.9202
78.804
-38.802
78.503
3.03565
63.0009
-1.9373
-58.5855
-51.162
83.3244
51.924
92.6921
89.9145
-3.93742
-67.8354
-1.66829
84.1816
-37.4893
146.683
16.8852
-48.5588
70.4878
87.6079
-67.0264
152.204
152.791
49.4601
40.9288
75.182
144.421
91.8065
-80.1199
146.785
55.3803
-86.0247
64.0198
-78.5979
-65.0207
-39.2649
-83.5995
-82.3242
132.15
84.7805
103.691
98.364
78.9242
66.3072
190.93
118.343
-16.3589
39.3194
144.451
130.429
-16.7217
166.39
32.3985
162.695
77.6658
75.3536
78.2094
74.3305
101.97
81.5348
127.764
82.2292
78.5685
73.1863
85.3904
22.1075
16.29
125.657
86.1683
67.3444
132.203
86.6852
47.6136
-77.247
73.4374
65.4506
98.6513
159.498
102.004
73.247
54.6565
58.9864
97.3636
78.7807
83.7406
83.7289
43.0279
72.7822
65.6196
-15.4268
-79.225
98.6589
129.053
96.0892
-74.3544
78.283
38.0293
89.2878
-26.2308
76.9355
-27.2647
159.089
71.1732
154.015
92.3388
-61.9605
24.2173
69.5574
113.06
73.614
162.518
56.7256
89.3578
89.0736
158.016
148.254
145.089
174.886
-87.3343
65.1911
-7.25477
59.9491
-78.0962
29.5087
194.576
41.6307
-23.323
132.075
145.56
-31.2118
-29.3519
-5.73885
103.874
134.574
45.5442
80.5892
75.9235
131.761
83.8367
-6.94526
-50.1234
56.5897
114.852
71.6817
86.592
105.213
80.5629
130.204
92.3764
-3.0616
78.394
102.621
9.23301
-43.9763
149.25
99.4285
85.6479
97.8543
-60.4182
0.038908
4.14272
43.734
24.9859
130.459
12.5522
88.5295
52.1996
66.4732
-17.4975
-49.5088
111.279
87.5509
1.98502
110.186
75.5259
117.696
-54.7595
-51.1612
140.809
90.0343
35.3252
83.3597
-1.23778
138.758
88.2196
99.4101
-31.8469
194.618
88.9898
87.2118
84.9749
135.517
192.997
36.652
80.7605
61.0328
91.8953
65.9139
100.182
95.4609
88.749
-84.3853
86.7724
66.3906
23.1211
-29.4386
-65.3832
-86.5774
83.478
93.5562
-25.2253
111.747
32.7402
72.2419
84.3276
87.1826
-12.5927
-53.6831
-29.8431
180.963
34.6666
206.873
26.4087
-26.6505
49.486
144.715
47.3491
-2.80288
70.0507
16.3377
87.1209
81.5666
-18.6852
91.4322
139.946
68.9847
74.008
52.106
11.2385
-83.9919
141.111
-25.9188
5.83145
62.2163
-72.2307
96.3896
93.7112
50.057
75.5243
1.72245
90.0179
82.0088
-82.7349
96.2273
120.419
82.5031
93.1305
70.0331
56.4162
80.3895
59.0958
98.7894
-82.3336
97.5575
62.2319
-4.44258
185.719
-38.1256
108.109
96.0907
24.9336
166.437
105.428
-82.4738
79.0358
145.993
145.047
150.24
126.616
66.2082
72.4183
12.7015
-43.2757
82.058
109.905
67.6318
-31.5289
107.363
161.098
-55.106
-51.5775
49.2252
89.5558
108.798
71.6947
120.711
-63.807
20.4171
125.975
103.367
77.249
-79.0306
198.9
-83.7937
74.6917
82.6785
129.89
87.5819
-80.2509
83.812
82.8894
91.6502
-21.1912
-39.8835
-75.7465
-50.4201
103.896
70.1416
52.0781
70.7818
71.8728
101.932
151.906
90.124
-10.1138
-86.1445
82.2759
94.2319
75.2239
96.2126
138.935
76.4736
44.3333
-62.5741
71.0765
46.8885
134.505
-0.896589
2.43856
101.401
72.712
-68.1587
-27.7116
94.2863
174.547
84.4199
-70.0423
-7.95798
93.5747
0.977609
91.8912
-90.3486
137.22
99.3112
142.93
145.376
157.088
54.493
46.6441
89.3252
177.05
41.3516
70.1675
45.9692
126.614
89.7312
149.14
50.1219
111.619
29.8696
172.421
61.1925
90.7097
77.7726
123.836
54.319
-49.9653
154.533
89.2424
-58.4641
85.9374
-6.64838
82.4708
89.3658
86.8042
28.8272
-44.1248
77.7501
177.807
25.8773
40.525
6.60317
16.7236
-22.1212
24.1386
170.988
-3.33449
91.225
72.0797
79.6166
68.1732
8.8207
8.99782
-80.2081
-5.06069
178.084
22.6426
85.0718
71.1378
-70.8583
148.719
90.9738
56.3028
66.6031
-67.5523
-49.3059
85.5422
-6.30042
119.892
85.7199
48.3615
32.3997
113.459
112.898
-63.8111
96.3826
79.966
91.7974
55.6713
70.3757
-72.9691
80.6645
89.8251
168.695
205.912
123.387
78.2581
34.539
23.4179
76.4462
127.451
-40.6355
48.4554
88.5736
87.8891
72.7412
21.3992
98.1743
95.967
73.0833
-72.1473
113.461
-35.0499
102.864
62.4403
-37.2061
67.7484
2.11832
85.212
31.2911
52.317
-18.1248
156.311
79.6097
125.261
67.5034
-64.4901
-28.2411
19.3893
158.569
93.9634
52.2375
55.0822
96.4071
135.409
-82.5086
-78.9636
-57.5631
10.4202
80.1065
90.9877
169.845
76.1017
80.5602
102.977
69.2217
74.5028
82.3733
19.8615
-16.4049
20.1047
74.0943
89.473
-40.8819
145.906
115.438
-92.7233
80.3138
-65.688
88.3695
76.0803
63.3238
-78.53
77.2632
105.496
170.732
109.335
88.1444
84.1104
9.00055
32.0838
83.3862
4.92781
89.6398
78.2833
88.3557
27.0379
68.7074
52.4979
137.216
70.3168
154.614
126.297
109.398
82.5747
-11.4469
-11.5006
82.4509
81.7301
32.7517
-19.9599
-35.4468
-11.9523
50.6765
73.977
26.7917
-38.174
89.6782
173.017
89.0771
75.863
-72.2198
50.7806
47.5804
76.4051
-54.1001
128.182
108.838
-77.6718
40.3678
94.9732
-25.5329
116.973
-51.3253
109.974
86.2146
43.3639
49.6572
158.009
151.961
-80.0273
99.6453
48.1726
90.5234
-76.8432
72.8209
-14.3547
89.6084
92.1425
45.0412
55.2315
-67.095
-41.0623
142.826
45.7238
181.587
89.4098
96.7865
86.6308
-85.2583
116.856
-88.8706
143.198
78.8764
27.2414
-86.8267
90.4626
40.7761
135.577
75.6348
150.436
-58.0749
131.586
-47.7323
-32.8721
130.195
72.7706
131.059
66.2083
146.767
71.2684
14.0072
47.6479
93.5301
95.6581
72.8529
16.1613
84.5158
67.9951
163.421
91.8436
149.262
-83.7015
177.543
89.862
75.129
-87.7477
158.404
112.52
38.003
85.2437
4.92022
71.9559
166.778
38.4788
-4.5618
140.588
77.65
67.187
90.1263
-54.2892
-16.6854
141.654
-76.5212
115.867
105.346
191.334
79.4713
-54.2542
-88.7457
96.8292
174.984
-41.3543
-16.2378
7.4555
93.4911
168.587
-1.5942
84.161
-64.9922
91.2904
85.7249
-80.8229
-36.4904
86.2371
83.0933
113.934
-2.99801
86.1629
6.45388
-10.7217
208.478
81.5611
57.9606
-85.8783
85.8115
85.225
-32.6627
95.7311
-41.9599
70.497
109.13
70.9873
160.24
118.163
72.1302
-3.1296
-3.13858
-2.82743
87.9329
98.6259
100.694
100.602
78.3837
86.6063
86.3797
-7.96396
67.5655
30.03
90.9518
-27.1894
109.473
60.1124
-66.1435
-56.3552
120.135
2.17318
100.853
-89.3509
70.368
74.2079
87.2132
140.29
169.599
52.6062
85.0867
29.2282
85.6582
-10.2455
-73.3257
148.225
80.7958
81.3919
98.2543
96.6723
174.833
18.0191
41.3552
115.726
75.7173
10.3967
85.3263
58.6945
74.097
71.7291
128.77
-13.7168
72.5857
88.9528
108.085
128.484
51.3958
102.33
84.1198
8.28106
82.8239
31.8873
-10.2259
88.8051
33.9123
193.721
58.1176
129.323
44.1762
-72.0904
-39.3634
81.5624
77.0153
-22.6999
119.296
-89.5956
107.471
125.558
-52.4679
80.4194
126.206
111.281
87.2263
70.3748
168.291
-62.5026
27.9213
-46.5012
74.4781
80.4893
89.6396
-3.99158
6.50568
-5.66023
104.328
168.017
167.092
175.79
79.2081
72.7543
92.2114
68.0149
89.533
-28.293
85.3982
73.1756
-45.0715
183.931
18.0563
112.879
151.467
83.3378
176.587
-69.391
8.85086
23.5723
73.3859
28.1607
87.7216
84.7992
86.718
11.8698
76.8415
81.8458
80.063
-56.4006
148.903
53.4844
-85.587
99.7217
167.021
-48.5878
81.8933
86.6945
-22.4874
-50.8913
87.8221
126.332
89.2256
1.55009
90.2955
101.581
48.8263
61.8525
153.533
188.358
-78.7497
79.5294
85.9852
58.8868
-83.5202
13.7076
128.094
-16.5331
137.222
88.0384
21.0294
-18.7748
84.4613
76.0054
-60.7379
32.9144
149.411
73.9481
57.3646
-39.1899
17.3587
78.4015
73.748
111.649
72.6741
-89.3402
49.4247
145.019
-86.5048
121.023
87.055
-30.8162
208.501
-18.9289
70.1131
-37.2429
22.9117
76.6972
24.0105
-29.6892
65.4856
137.451
75.968
108.219
31.1521
72.0553
206.706
64.0742
83.0259
67.0184
83.7316
100.694
83.1019
-87.4238
-75.2035
31.5133
171.809
0.472207
180.726
63.8535
81.7807
87.146
115.733
30.2125
50.0646
79.1404
92.3675
96.9945
27.4137
104.806
128.92
26.6098
5.9882
69.7896
122.934
86.4793
-83.0279
42.3436
-14.1738
134.305
-66.8158
187.995
28.7706
-41.7184
113.236
195.061
152.888
45.7743
97.7082
0.172418
58.046
-39.1624
79.9354
73.713
88.4358
72.3509
17.8106
105.866
143.604
101.607
174.766
90.0165
114.166
85.4661
73.3943
-29.4181
-23.6886
19.9807
76.5652
71.4537
83.314
-62.8714
76.2835
71.5994
100.531
-63.7302
81.6124
74.888
-19.7447
71.571
-41.3218
78.3262
179.187
125.158
155.049
31.7326
-60.2831
95.6479
143.687
48.0834
-78.0456
87.8905
69.3732
-47.639
49.4395
11.5054
93.7919
78.1163
200.485
174.097
-59.4963
36.6903
84.8641
145.31
135.257
-77.907
86.6565
69.2815
-66.8687
122.071
147.853
105.752
-59.2839
-54.0895
124.496
172.172
115.863
90.6268
69.1243
84.4939
74.9551
-70.991
-58.6241
141.199
50.0973
73.9721
17.2777
-54.498
128.019
178.518
-66.4739
-58.0035
19.7123
68.8107
63.1043
93.0897
-84.9348
-82.9462
103.774
97.2275
34.7888
88.2982
90.0623
-74.5479
93.7192
66.074
85.339
90.6333
-1.91643
-73.2968
105.82
51.7943
74.7175
64.263
72.5159
86.7384
-82.2493
1.02091
-8.9488
-60.122
10.687
92.8749
78.547
138.468
91.1449
151.616
45.7323
97.7885
-89.9543
-36.7208
90.016
-39.1544
177.482
145.45
-38.3354
79.6566
81.0666
51.9767
94.3129
115.639
-72.7297
83.9135
156.295
112.496
97.438
84.616
1.92751
88.9071
9.22458
91.6021
74.9532
41.4736
82.4808
92.9982
-7.72097
85.5691
40.3489
88.3315
74.9542
-79.4618
73.9887
82.0859
155.923
-53.529
81.415
71.5066
24.0338
80.9579
77.406
91.2372
80.1922
-12.7125
-77.9154
7.55301
-57.7015
-69.6195
-78.5233
52.1809
91.1655
83.6762
162.865
94.7406
-89.6515
73.4275
-66.079
148.415
59.586
76.7437
124.847
167.908
20.3938
-54.022
86.7603
-67.7745
59.5304
-39.4586
30.7839
35.891
88.9871
86.9937
-47.525
67.0712
76.1989
93.6107
117.445
56.7213
83.8426
84.2573
97.5163
52.5352
-68.9665
30.613
181.743
16.6428
24.7999
75.9464
88.8591
84.7775
38.8302
5.31233
80.6856
32.4731
148.845
-67.8118
46.0669
136.08
77.5458
-57.7347
86.6681
95.2796
45.079
-46.899
62.9224
43.7031
87.867
86.5533
93.1104
-4.72562
80.1612
89.8487
205.831
166.599
89.9771
85.6282
55.1614
39.0029
-4.14571
48.6171
76.2474
-45.6844
5.21471
43.934
113.388
-87.7583
-23.6379
49.2925
91.4467
-16.8622
82.9827
71.8047
24.1838
85.6684
-41.885
84.6587
-69.0744
87.5184
91.5364
82.7721
81.6943
58.9636
82.2847
81.3756
98.772
125.269
150.22
60.2202
-77.3099
43.8266
37.155
92.8554
75.8068
144.396
79.1376
85.6248
95.9148
73.4922
80.7368
0.856293
-65.7762
-36.1351
95.2988
1.71983
133.326
84.2324
-58.7611
68.7218
85.3694
53.4171
88.6358
95.4156
30.4246
94.5461
-59.8866
24.4458
106.97
115.929
114.922
119.521
43.9362
83.9671
73.2793
-5.69694
87.2181
69.7001
53.0945
42.4216
76.8945
-75.9944
-80.2827
30.5433
85.42
155.186
71.5709
103.469
97.2653
87.7987
75.3025
37.91
92.3173
81.7536
200.314
165.439
83.3096
87.5699
66.9424
79.6812
33.3844
28.3137
96.2222
78.5222
145.66
-24.8089
52.6599
66.39
100.86
-43.8371
90.9284
116.022
7.5042
38.0322
5.921
10.2518
77.0218
134.031
18.139
-52.8575
26.9533
107.233
-66.7889
58.3326
136.161
54.2316
94.3503
72.0334
10.4509
11.2962
89.9514
95.1178
64.1291
116.125
54.9919
63.0208
83.9195
80.9175
-5.08219
82.7804
98.5044
69.6061
92.7644
89.8568
140.432
77.6858
90.6028
138.435
52.0933
15.9171
209.219
117.957
48.0555
89.0537
138.972
-40.0353
1.56116
142.112
88.6812
89.8622
-4.31216
-72.2434
55.0083
99.2732
73.6638
109.021
-66.8925
-1.03498
-29.8514
60.8723
90.2001
73.5327
89.1484
75.568
35.0169
77.7319
55.4949
99.1823
42.3397
54.2446
114.597
86.5947
84.0341
76.3999
60.4798
-63.8537
103.811
92.4094
72.7992
145.117
99.7434
155.768
79.4103
-59.6547
8.81529
-73.0658
86.6715
165.353
111.742
71.0956
128.275
60.4467
98.2078
46.3638
83.2018
92.7674
-44.6705
-73.9908
78.6561
89.3298
108.882
95.396
52.9438
-23.0124
36.0914
-15.8109
73.5996
48.7347
-1.57832
126.97
118.741
81.1526
68.0666
77.34
98.0695
110.449
86.5437
169.078
122.405
94.1044
131.294
41.2521
-86.6183
4.07397
3.02731
85.5042
82.3444
57.7838
105.849
147.317
72.6986
90.3261
88.2357
120.535
29.8841
85.9343
111.957
87.5782
72.7763
128.736
34.0967
81.5781
67.127
73.651
81.3358
30.447
179.996
112.123
-20.045
6.49231
24.5888
93.5821
37.5557
64.0202
32.5208
78.7058
12.5189
83.798
35.4233
-35.9102
173.403
110.709
182.018
-67.3801
79.5856
77
99.4594
106.304
20.8999
79.6376
40.5718
70.5786
46.9798
10.4794
76.9321
65.32
75.0919
86.7661
-2.53265
84.8697
82.6184
64.097
-11.8086
82.9881
73.8275
212.44
37.226
56.5266
55.3385
-84.8074
37.9025
33.9608
118.624
80.3719
154.928
85.465
67.461
76.6642
84.0254
90.4569
73.1028
82.9996
40.926
-40.8095
-2.30178
-71.8783
79.6391
130.333
78.6326
8.47602
-86.6941
52.0842
70.3533
-14.5315
63.3217
-10.1327
91.161
-83.0715
28.3358
90.3171
82.7244
85.9273
111.352
161.545
82.8359
81.8879
91.6419
81.1346
86.9696
112.773
89.2617
-59.1588
92.6319
59.9823
82.5097
122.81
74.0689
-89.4444
57.1754
-46.2445
-5.71342
25.7816
146.284
27.8488
107.831
97.4823
91.9743
86.059
67.4344
0.0738814
3.73896
149.413
49.9174
62.4029
30.2872
79.0944
77.5689
-47.4864
-79.2422
65.85
76.9794
101.913
90.4355
90.2775
76.3569
131.217
136.005
32.9829
67.3497
92.858
83.5989
91.9114
-73.8207
44.5054
120.874
91.1309
-1.9564
87.3101
-75.2677
92.5431
82.6997
176.699
85.8584
117.55
182.138
169.139
32.5916
76.6342
97.7157
43.9047
83.7661
61.6267
28.911
52.6547
27.4567
61.1457
82.9114
-52.4328
83.9988
-41.8959
-15.2211
73.1999
33.7268
160.188
-83.298
64.6359
103.659
162.994
93.8113
109.696
-14.7378
77.3992
14.1408
30.1182
94.0994
73.9031
102.408
-49.6414
95.9591
19.4305
13.9917
25.2313
77.3501
114.772
78.3606
-51.2964
147.005
-73.3648
94.3331
126.455
-35.9739
83.288
64.7892
-61.8583
-27.5609
107.189
86.3862
31.0576
-0.176469
178.97
140.223
46.1346
-80.4898
-75.6384
26.9643
85.8139
-43.9073
4.23376
-65.935
122.86
148.173
79.8013
-41.5855
184.826
-19.3131
12.1973
-31.5409
117.041
32.4167
67.6152
-85.4747
-14.9945
82.9019
52.9515
-72.0695
88.8644
62.9355
13.6645
133.018
188.757
89.7431
78.8058
69.1092
79.0183
88.5888
88.5338
93.3422
86.2366
89.3726
5.27496
79.7686
77.3743
79.0812
86.4147
203.153
-90.9773
84.6828
76.1964
-43.0811
-27.2383
184.614
91.5371
88.6242
14.124
54.292
158.704
153.817
13.3879
66.1956
91.4862
48.4254
-88.6944
57.6471
-26.6789
131.287
148.706
95.0444
98.443
88.0106
-3.14788
119.665
69.9962
104.178
76.5778
-57.5672
-84.0829
-68.9102
137.814
12.3097
21.0812
109.293
88.9622
38.1184
-92.0901
146.426
83.0402
90.4606
85.3249
14.7616
126.927
60.6123
-55.6478
-60.7193
-23.7804
36.6849
81.8486
71.9821
42.8151
40.8177
-71.3001
93.3448
80.859
-54.0067
68.1344
19.553
80.1788
-1.18271
-10.2967
85.1097
-17.7549
-11.8234
83.7884
73.0498
57.1113
80.8014
84.7737
93.2109
81.3214
-78.551
2.3663
85.8573
86.6942
70.2773
92.4944
60.1838
-11.0887
41.2095
84.946
173.881
85.5983
-67.431
93.7745
23.7041
-49.3454
84.4312
86.3276
82.4426
-18.9969
75.3246
78.4327
16.2716
112.272
83.7708
9.52275
147.8
-84.9398
36.2724
71.4372
57.5592
83.434
66.3565
85.5937
21.9662
89.3335
88.344
64.1169
83.85
72.7474
131.782
89.6683
48.3751
-57.3157
71.9608
89.0356
10.8719
62.3389
134.413
69.7273
-5.64113
50.9547
96.6638
-5.57814
106.194
-36.0732
-56.3437
125.563
75.2617
69.6485
144.825
71.1757
5.2984
-88.1057
69.8872
119.992
91.1235
79.4635
89.6641
74.3924
86.8979
77.456
-70.7559
0.542695
92.1046
99.4912
111.231
92.2012
-32.1213
107.673
-19.9659
68.8396
61.6167
94.5579
132.438
64.8154
17.137
-64.8518
46.3269
90.6421
57.8112
104.616
-47.6074
78.7239
183.049
156.039
92.9497
100.852
58.8462
50.3025
41.599
69.3958
97.4328
57.1513
80.5049
102.558
36.564
38.3077
87.6284
-64.8224
82.716
77.259
-45.8851
-71.6343
79.3179
87.0573
95.2956
90.4286
-34.0783
83.7866
46.4585
84.9876
62.5868
54.5567
-71.9279
72.9367
77.0119
78.1293
77.7723
84.4015
27.5004
1.88688
76.3097
53.7489
101.678
76.8422
78.0909
84.8911
84.9399
73.1566
0.936128
1.10942
71.8294
88.0857
88.6204
91.3948
-71.0925
-5.17248
-13.1591
84.5204
204.196
99.0173
118.631
153.155
50.1546
81.033
65.0332
85.1912
48.649
-68.0993
-85.506
82.0485
101.706
70.4988
-78.7879
118.467
86.2536
75.4195
-69.6918
194.031
-62.6823
-54.8772
104.118
25.9745
83.3957
-43.4837
90.8288
83.8839
105.654
-23.5772
119.154
7.09799
88.0763
2.99166
115.07
-86.0874
-24.9038
85.1704
77.3297
10.4798
146.731
84.6737
-55.9546
98.4659
85.8855
98.0912
158.531
65.4431
87.4195
-89.1703
-40.8482
58.6281
89.2537
41.5922
-8.84314
-18.7781
154.426
-67.9634
81.2749
-36.2228
3.9142
85.4219
183.859
164.941
-82.1994
108.927
27.2357
87.3859
0.835922
89.5276
81.5515
184.267
-57.8406
-55.5921
-49.8728
86.161
133.945
38.8529
74.3804
-55.9465
81.6851
91.8878
126.944
-84.0654
92.2237
-18.7314
-18.9848
56.5151
75.8136
81.7751
131.626
89.7767
11.9848
62.208
89.5171
89.1616
16.3468
51.3961
101.737
87.2788
89.6704
72.3711
55.3099
0.666564
86.8456
89.888
59.5438
90.1843
93.1031
71.0795
73.8924
97.1766
15.9846
130.515
79.2006
118.401
109.259
22.1939
25.9747
-69.5799
83.1328
90.3322
83.34
114.625
133.024
87.2805
74.4104
13.5616
106.705
-4.55458
-63.0087
-62.2222
134.921
129.068
153.107
200.343
69.1582
76.9713
17.0337
-34.9422
63.9877
19.5131
170.364
90.6886
189.919
120.402
-58.5797
65.0251
166.612
-9.9339
19.2616
133.088
-74.6645
85.7204
89.3161
-60.256
89.0381
7.57716
78.9291
83.6556
-58.5255
112.139
97.907
90.8543
108.769
72.0019
85.9035
79.5495
74.6839
92.0308
-55.8467
79.8029
87.0772
127.703
183.969
51.7012
-90.8095
35.2943
3.41795
-17.8436
188.876
-87.2345
78.1721
142.08
-62.0965
1.11922
23.594
72.9799
-37.4188
-81.7689
-79.2972
97.745
-67.0985
66.4808
43.8094
81.3
-66.2313
-5.22881
92.6476
-45.1214
89.6118
149.275
68.4868
69.0576
73.024
83.3475
111.384
66.842
88.8326
148.452
15.1046
73.1471
136.281
104.195
91.0349
25.2173
13.0417
-43.4328
39.8832
41.3579
129.087
-70.414
72.293
76.113
89.1382
60.0484
75.5525
57.903
111.787
79.143
79.4049
47.5479
133.875
110.776
90.8033
76.4947
37.5473
-23.1618
62.5754
56.5909
89.9102
134.866
57.7372
13.1361
88.6631
114.498
82.5014
110.197
-1.59036
86.3542
-1.22782
44.3421
31.1035
14.3855
130.757
-12.5944
103.881
-18.9959
-66.4276
-60.393
76.691
101.763
80.2755
58.39
82.7495
2.38775
85.47
137.158
-34.273
89.8786
109.618
40.9161
60.7872
41.1424
90.8937
95.0721
6.61592
89.9267
103.06
74.3728
135.23
89.9425
-66.119
92.4341
82.3697
131.845
27.4325
105.684
88.2562
84.5741
7.36901
152.312
75.8277
46.1392
90.027
79.1415
72.3713
79.1545
-15.4609
-60.1364
77.0279
90.3419
76.8191
76.4648
78.814
92.2462
122.418
-12.9604
84.4203
80.6337
-68.2007
112.294
118.499
-72.5428
86.3431
89.1628
-45.3539
80.9948
-8.52645
85.6504
159.846
94.3091
168.226
88.0238
34.5746
-88.3827
76.125
131.073
89.7264
88.0063
124.187
-88.6365
82.4195
55.6082
-56.1638
59.86
61.0859
89.0543
78.4748
-65.0899
91.452
58.8572
56.3585
90.9104
-2.46644
75.4051
85.2418
90.5685
77.3992
88.0779
96.1893
68.8149
-10.2179
188.569
45.924
139.719
-38.4535
-38.7229
70.4031
74.3465
67.5494
123.672
73.5812
106.551
96.2089
90.1584
74.9711
9.24287
7.34645
87.5519
-65.8711
86.6883
64.0783
72.9707
73.8135
89.0597
73.3476
120.711
89.0026
32.048
18.1535
88.6812
134.301
74.541
59.2508
-76.1085
61.3144
-68.8507
78.9364
150.531
99.0143
62.6935
5.534
87.5278
101.04
78.4261
106.765
64.1561
-25.6723
81.5679
64.7307
43.9413
75.8367
61.7087
-88.8958
89.8518
76.83
134.762
53.4891
90.5184
122.21
-87.8987
67.9573
61.0447
87.7307
69.1464
129.741
73.4595
19.8224
84.0972
65.1281
73.6009
121.427
61.9979
48.7466
63.7712
142.376
83.2688
-26.3577
-14.2082
56.9933
65.5947
91.3378
93.0623
33.5811
83.5326
95.1958
-40.1185
75.269
87.0522
59.2059
79.6828
128.117
101.338
45.814
85.199
91.899
113.135
2.07426
66.464
80.5961
-15.1708
75.9185
-0.696992
73.1732
155.778
186.251
114.852
85.1397
91.5232
72.7709
19.1208
-3.54978
115.625
61.0291
91.0221
57.3656
112.875
-70.3733
-20.4776
85.6065
105.342
89.915
132.063
-3.40485
85.1995
38.178
32.7429
90.0784
122.552
139.284
20.5026
84.9296
62.9604
69.0973
-69.5983
103.052
-72.5854
26.0001
86.8958
116.471
62.0793
-13.9688
50.4027
92.9214
-19.9835
-52.3103
66.1611
35.6349
96.9406
18.3248
34.0564
88.4444
99.8656
114.311
90.8691
60.1547
-10.6944
-53.0409
34.6775
-9.64957
83.7737
88.7501
57.9674
114.413
-7.84706
185.254
90.4108
144.335
86.4325
80.3174
-11.4035
87.4131
-73.1646
95.0876
-87.0093
163.556
24.5935
86.8992
96.5204
91.6609
52.6973
68.1651
-71.2296
89.6188
45.0468
136.741
-44.128
83.4863
105.528
42.2901
-13.7631
73.1449
77.2077
128.978
185.83
30.9483
65.5599
41.4278
-24.1711
99.5135
24.5136
63.6118
35.1878
16.4399
89.8228
-57.2052
147.423
-21.0059
26.0177
133.72
-90.2288
-36.4915
75.8506
111.552
133.417
64.3577
135.494
78.0055
88.3964
69.8435
-66.3547
60.0531
82.5219
51.3746
125.621
129.367
-21.6434
-8.34168
139.279
-22.467
69.1735
63.7432
90.2188
79.7792
86.6239
39.4785
103.609
101.277
75.4974
67.3813
125.347
62.4627
90.3213
94.3066
56.5942
73.5459
5.95799
91.8899
48.7223
89.8068
-79.6346
92.0791
71.9788
86.2002
54.7562
50.8478
72.4462
85.9506
103.265
98.7858
32.9356
84.636
88.3195
-70.8979
76.4406
104.667
108.955
69.6591
-64.5521
-3.00817
95.1503
24.0929
90.7241
73.8959
80.3384
66.5791
157.047
137.486
74.0438
113.459
-44.2086
-41.5681
76.9917
98.6474
37.1622
-56.8395
94.0762
104.292
88.4863
-49.5845
89.9679
99.5998
-14.7319
95.9684
144.235
-2.96992
-63.4876
84.0029
39.2037
0.607897
-68.4107
-36.7393
103.558
60.5216
-12.2667
85.0435
65.6006
76.6577
80.5402
84.1663
82.4071
90.0773
72.7703
84.1516
75.4079
80.258
115.73
-48.1658
131.701
53.8422
66.0287
85.5325
200.817
86.4279
50.5409
96.7133
83.8851
94.6165
83.3345
-2.82038
36.2511
33.6916
83.6013
45.2025
61.477
9.71852
-0.889709
160.982
74.1049
83.4849
28.9678
-63.7109
73.2864
28.9293
-41.0548
77.1988
67.7168
172.264
85.7293
101.011
82.5926
-70.4745
85.2495
42.787
112.557
22.599
77.7343
91.3188
83.7929
77.0987
99.0283
151.996
)
;

boundaryField
{
    wings
    {
        type            zeroGradient;
    }
    outlet
    {
        type            freestreamPressure;
    }
    tunnel
    {
        type            zeroGradient;
    }
    inlet
    {
        type            freestreamPressure;
    }
    defaultFaces
    {
        type            empty;
    }
}


// ************************************************************************* //
