1	0.000946067
2	0.00156788
3	0.00165798
4	0.00162042
5	0.00137883
6	0.0010081
7	0.000716521
8	0.00103492
9	0.000823854
10	0.000511
11	0.000690014
12	0.000452912
13	0.000355201
14	0.000425145
15	0.000269587
16	0.000259672
17	0.000281076
18	0.000232191
19	0.000198626
20	0.00016855
21	0.000155338
22	9.9606e-05
23	0.000127758
24	0.000110806
25	8.77013e-05
26	9.32244e-05
27	3.57743e-05
28	3.74217e-05
29	6.2703e-05
30	3.34139e-05
31	3.61734e-05
32	2.38028e-05
33	1.91586e-05
34	3.00616e-05
35	2.97283e-05
36	2.61603e-05
37	2.13611e-05
38	2.15571e-05
39	1.59252e-05
40	1.6551e-05
41	1.68889e-05
42	1.00338e-05
43	1.52435e-05
44	1.39433e-05
45	1.35672e-05
46	1.35096e-05
47	1.2956e-05
48	1.10438e-05
49	9.44117e-06
50	1.09475e-05
51	9.34243e-06
52	6.42629e-06
53	6.95392e-06
54	7.55543e-06
55	7.70177e-06
56	7.24069e-06
57	5.96227e-06
58	6.0606e-06
59	6.08625e-06
60	6.45844e-06
61	6.3126e-06
62	6.39375e-06
63	6.2726e-06
64	6.16719e-06
65	6.53058e-06
66	5.50275e-06
67	5.55858e-06
68	5.85654e-06
69	6.10475e-06
70	6.24401e-06
71	6.19155e-06
72	6.08265e-06
73	6.00119e-06
74	6.06202e-06
75	6.1841e-06
76	6.28442e-06
77	6.25342e-06
78	6.16111e-06
79	6.09104e-06
80	6.12512e-06
81	6.24577e-06
82	4.46675e-06
83	2.95442e-06
84	2.73553e-06
85	6.12977e-06
86	2.98646e-06
87	3.22999e-06
88	3.32456e-06
89	3.32922e-06
90	3.32212e-06
91	3.34352e-06
92	3.39648e-06
93	3.45211e-06
94	3.49175e-06
95	3.5108e-06
96	3.52326e-06
97	3.54237e-06
98	3.56499e-06
99	3.58357e-06
100	3.58324e-06
101	3.80719e-06
102	3.20158e-06
103	3.1829e-06
104	3.30652e-06
105	3.46521e-06
106	3.92065e-06
107	3.24411e-06
108	3.19736e-06
109	3.28466e-06
110	3.43465e-06
111	3.95991e-06
112	3.2539e-06
113	3.23933e-06
114	3.3251e-06
115	3.75019e-06
116	3.23464e-06
117	3.30772e-06
118	3.56005e-06
119	3.21384e-06
120	3.28392e-06
121	3.73445e-06
122	3.14344e-06
123	3.21658e-06
124	3.69387e-06
125	3.10074e-06
126	3.21553e-06
127	3.04233e-06
128	3.43255e-06
129	2.97093e-06
130	3.26397e-06
131	2.90342e-06
132	3.30719e-06
133	2.81846e-06
134	3.1965e-06
135	2.74712e-06
136	3.19846e-06
137	2.24544e-06
138	2.20267e-06
139	2.39163e-06
140	2.50687e-06
141	2.34569e-06
142	2.38085e-06
143	2.21255e-06
144	2.25984e-06
145	2.10608e-06
146	2.19387e-06
147	2.07028e-06
148	2.15072e-06
149	1.98808e-06
150	2.0334e-06
151	1.89621e-06
152	3.05294e-06
153	2.84821e-06
154	2.97372e-06
155	2.54236e-06
156	2.75384e-06
157	2.83289e-06
158	2.73842e-06
159	2.60078e-06
160	2.60976e-06
161	2.73204e-06
162	2.47852e-06
163	2.45526e-06
164	2.52787e-06
165	2.17906e-06
166	2.07157e-06
167	2.28434e-06
168	2.46437e-06
169	2.20071e-06
170	2.13293e-06
171	1.93931e-06
172	1.79224e-06
173	1.79673e-06
174	1.92824e-06
175	1.97693e-06
176	1.98085e-06
177	1.92833e-06
178	1.85049e-06
179	1.71124e-06
180	1.6695e-06
181	1.66285e-06
182	1.74717e-06
183	1.78855e-06
184	1.80156e-06
185	1.77228e-06
186	1.72483e-06
187	1.64922e-06
188	1.63127e-06
189	1.63594e-06
190	1.69558e-06
191	1.7188e-06
192	1.72484e-06
193	1.71224e-06
194	1.69547e-06
195	1.68552e-06
196	1.6831e-06
197	1.68381e-06
198	1.6826e-06
199	1.67702e-06
200	1.6678e-06
201	1.65738e-06
202	1.64851e-06
203	1.6348e-06
204	1.62595e-06
205	1.62093e-06
206	1.61759e-06
207	1.61445e-06
208	1.60998e-06
209	1.60194e-06
210	1.59187e-06
211	1.61068e-06
212	1.62053e-06
213	1.63116e-06
214	1.63005e-06
215	1.61722e-06
216	1.60174e-06
217	1.59186e-06
218	1.5903e-06
219	1.59445e-06
220	1.59977e-06
221	1.60223e-06
222	1.60139e-06
223	1.59867e-06
224	1.59711e-06
225	1.59784e-06
226	1.60132e-06
227	1.60536e-06
228	1.60828e-06
229	1.60769e-06
230	1.60567e-06
231	1.60248e-06
232	1.78036e-06
233	1.55252e-06
234	1.55378e-06
235	1.80706e-06
236	1.7944e-06
237	1.47426e-06
238	1.76217e-06
239	1.714e-06
240	1.60866e-06
241	1.50306e-06
242	1.70605e-06
243	1.53075e-06
244	1.73421e-06
245	1.51273e-06
246	1.75299e-06
247	1.52684e-06
248	1.57322e-06
249	1.60333e-06
250	1.5912e-06
251	1.87902e-06
252	1.53462e-06
253	1.51314e-06
254	1.59423e-06
255	1.6582e-06
256	1.62351e-06
257	1.61576e-06
258	1.64828e-06
259	1.59746e-06
260	1.62256e-06
261	1.69325e-06
262	1.7603e-06
263	1.65073e-06
264	1.7294e-06
265	1.9755e-06
266	1.72283e-06
267	1.79761e-06
268	1.9725e-06
269	1.73609e-06
270	1.68738e-06
271	1.87529e-06
272	1.78074e-06
273	1.68978e-06
274	1.84968e-06
275	1.80082e-06
276	1.69859e-06
277	7.24346e-07
278	1.64035e-06
279	1.87334e-06
280	1.74818e-06
281	1.81211e-06
282	1.83108e-06
283	1.84141e-06
284	1.82515e-06
285	1.76814e-06
286	1.7477e-06
287	7.51638e-07
288	1.74951e-06
289	2.03576e-06
290	1.76821e-06
291	1.84517e-06
292	1.82731e-06
293	2.02828e-06
294	1.79787e-06
295	1.79634e-06
296	1.77309e-06
297	1.81369e-06
298	1.9074e-06
299	1.84128e-06
300	7.85145e-07
301	1.99151e-06
302	1.77036e-06
303	1.82719e-06
304	1.92172e-06
305	1.89148e-06
306	1.90357e-06
307	1.84967e-06
308	1.86474e-06
309	2.04721e-06
310	1.91692e-06
311	8.81646e-07
312	1.89945e-06
313	1.87089e-06
314	1.8762e-06
315	1.95125e-06
316	1.97241e-06
317	8.63592e-07
318	1.87164e-06
319	1.89761e-06
320	2.05343e-06
321	2.02212e-06
322	9.59951e-07
323	8.62033e-07
324	1.90816e-06
325	2.00599e-06
326	2.06855e-06
327	2.0279e-06
328	1.70803e-06
329	1.97034e-06
330	8.03227e-07
331	2.03601e-06
332	2.07977e-06
333	2.03931e-06
334	2.06851e-06
335	8.70805e-07
336	1.99121e-06
337	1.75025e-06
338	1.90245e-06
339	1.75524e-06
340	8.95644e-07
341	8.57014e-07
342	2.04088e-06
343	8.3542e-07
344	1.68275e-06
345	1.58196e-06
346	1.36062e-06
347	9.23319e-07
348	2.0974e-06
349	8.85805e-07
350	2.04482e-06
351	1.7024e-06
352	1.79079e-06
353	1.7055e-06
354	2.11015e-06
355	9.61881e-07
356	2.10783e-06
357	9.59408e-07
358	1.75512e-06
359	1.55427e-06
360	1.45263e-06
361	2.10117e-06
362	9.56424e-07
363	1.05275e-06
364	8.75245e-07
365	9.60423e-07
366	2.09931e-06
367	2.10801e-06
368	1.74888e-06
369	1.6249e-06
370	1.87975e-06
371	1.7896e-06
372	1.6434e-06
373	2.05022e-06
374	8.97461e-07
375	2.07283e-06
376	1.70259e-06
377	1.82471e-06
378	1.85603e-06
379	2.07613e-06
380	1.48608e-06
381	2.03471e-06
382	2.01867e-06
383	2.02113e-06
384	8.2669e-07
385	7.94325e-07
386	2.06293e-06
387	1.90902e-06
388	1.83222e-06
389	2.03718e-06
390	2.01455e-06
391	1.81919e-06
392	1.94415e-06
393	8.87651e-07
394	1.99678e-06
395	1.8226e-06
396	1.91109e-06
397	1.93044e-06
398	2.02314e-06
399	2.02533e-06
400	1.85177e-06
401	7.81121e-07
402	2.04672e-06
403	1.67018e-06
404	1.96003e-06
405	1.93907e-06
406	1.77143e-06
407	1.90584e-06
408	1.9027e-06
409	2.1078e-06
410	1.93126e-06
411	1.73197e-06
412	2.01858e-06
413	2.025e-06
414	1.96796e-06
415	7.51245e-07
416	1.76043e-06
417	2.02789e-06
418	1.97006e-06
419	2.02408e-06
420	1.5745e-06
421	1.77674e-06
422	1.85888e-06
423	2.0413e-06
424	1.76699e-06
425	2.04797e-06
426	9.12294e-07
427	1.79647e-06
428	1.66812e-06
429	2.08117e-06
430	2.12115e-06
431	1.61388e-06
432	2.15505e-06
433	1.37425e-06
434	1.53816e-06
435	2.04215e-06
436	1.56726e-06
437	1.17439e-06
438	9.71474e-07
439	1.00231e-06
440	9.41887e-07
441	1.02634e-06
442	1.13962e-06
443	1.18937e-06
444	1.16125e-06
445	1.09237e-06
446	1.04656e-06
447	1.05164e-06
448	1.08832e-06
449	1.1221e-06
450	1.12817e-06
451	1.11003e-06
452	1.09202e-06
453	1.09148e-06
454	1.10641e-06
455	1.12337e-06
456	1.13051e-06
457	1.12726e-06
458	1.12271e-06
459	1.12439e-06
460	1.13231e-06
461	1.14147e-06
462	1.14708e-06
463	1.14877e-06
464	1.14984e-06
465	1.15296e-06
466	1.15841e-06
467	1.16432e-06
468	1.1689e-06
469	1.17203e-06
470	1.17488e-06
471	1.17851e-06
472	1.18301e-06
473	1.18763e-06
474	1.19177e-06
475	1.19541e-06
476	1.19894e-06
477	1.20265e-06
478	1.20655e-06
479	1.21039e-06
480	1.21405e-06
481	1.21752e-06
482	1.22093e-06
483	1.22437e-06
484	1.22781e-06
485	1.23123e-06
486	1.23458e-06
487	1.23781e-06
488	1.24101e-06
489	1.24428e-06
490	1.24761e-06
491	1.25088e-06
492	1.25401e-06
493	1.2571e-06
494	1.26013e-06
495	1.26319e-06
496	1.2663e-06
497	1.26943e-06
498	1.27254e-06
499	1.27567e-06
500	1.27885e-06
501	1.28205e-06
502	1.28528e-06
503	1.28857e-06
504	1.29182e-06
505	1.29504e-06
506	1.29817e-06
507	1.30138e-06
508	1.30462e-06
509	1.30798e-06
510	1.31133e-06
511	1.31476e-06
512	1.31817e-06
513	1.32166e-06
514	1.32511e-06
515	1.32865e-06
516	1.33221e-06
517	1.33593e-06
518	1.33965e-06
519	1.3435e-06
520	1.34731e-06
521	1.35122e-06
522	1.35511e-06
523	1.35917e-06
524	1.36316e-06
525	1.3673e-06
526	1.37138e-06
527	1.37562e-06
528	1.37983e-06
529	1.38424e-06
530	1.38853e-06
531	1.3929e-06
532	2.78268e-06
533	1.55681e-06
534	1.73476e-06
535	1.4839e-06
536	1.48669e-06
537	2.73906e-06
538	1.44702e-06
539	1.66966e-06
540	2.80522e-06
541	1.6936e-06
542	1.81857e-06
543	1.518e-06
544	1.47337e-06
545	1.86035e-06
546	1.52167e-06
547	1.48755e-06
548	2.72403e-06
549	1.52172e-06
550	1.74331e-06
551	1.51273e-06
552	1.55677e-06
553	1.49011e-06
554	1.8983e-06
555	1.56514e-06
556	1.53874e-06
557	2.76932e-06
558	1.54122e-06
559	1.77283e-06
560	2.92966e-06
561	1.72281e-06
562	1.85226e-06
563	2.95044e-06
564	1.6258e-06
565	1.7709e-06
566	1.96446e-06
567	1.72411e-06
568	1.60255e-06
569	1.94935e-06
570	1.58061e-06
571	1.58657e-06
572	2.97816e-06
573	1.59543e-06
574	1.82064e-06
575	2.97239e-06
576	1.75648e-06
577	1.89838e-06
578	1.59309e-06
579	1.60313e-06
580	2.01409e-06
581	1.69211e-06
582	1.61094e-06
583	2.01133e-06
584	1.69495e-06
585	1.63878e-06
586	2.97986e-06
587	1.58476e-06
588	1.8595e-06
589	1.64199e-06
590	1.6888e-06
591	1.58884e-06
592	1.99676e-06
593	1.69511e-06
594	1.65122e-06
595	1.58025e-06
596	2.97982e-06
597	1.67588e-06
598	1.92148e-06
599	1.72733e-06
600	1.72393e-06
601	1.57246e-06
602	1.9745e-06
603	1.73854e-06
604	1.70389e-06
605	1.58857e-06
606	1.53614e-06
607	1.54923e-06
608	1.58856e-06
609	1.60641e-06
610	1.59006e-06
611	1.56598e-06
612	1.55836e-06
613	1.5678e-06
614	1.58157e-06
615	1.58782e-06
616	1.5849e-06
617	1.58018e-06
618	1.58086e-06
619	1.58798e-06
620	1.59779e-06
621	1.60574e-06
622	1.61048e-06
623	1.61419e-06
624	1.62008e-06
625	1.62955e-06
626	1.64159e-06
627	1.65443e-06
628	1.66677e-06
629	1.67885e-06
630	1.76409e-06
631	1.9416e-06
632	1.995e-06
633	1.81951e-06
634	1.63153e-06
635	3.02736e-06
636	2.56645e-06
637	2.27184e-06
638	1.73815e-06
639	1.5289e-06
640	2.31237e-06
641	2.37255e-06
642	2.53214e-06
643	3.14574e-06
644	2.73703e-06
645	3.29035e-06
646	2.62745e-06
647	3.38832e-06
648	3.11186e-06
649	3.39416e-06
650	2.79783e-06
651	3.42209e-06
652	2.90925e-06
653	3.51977e-06
654	3.23341e-06
655	3.44921e-06
656	2.79657e-06
657	3.57242e-06
658	3.18705e-06
659	3.6956e-06
660	3.37605e-06
661	3.53238e-06
662	2.8867e-06
663	3.79683e-06
664	3.45386e-06
665	3.9006e-06
666	2.48943e-06
667	2.36934e-06
668	2.83849e-06
669	3.87703e-06
670	3.7784e-06
671	4.07784e-06
672	3.6644e-06
673	2.52301e-06
674	3.95206e-06
675	2.97018e-06
676	2.28015e-06
677	2.78871e-06
678	4.24405e-06
679	4.42591e-06
680	4.21425e-06
681	2.90298e-06
682	2.32891e-06
683	4.00905e-06
684	2.64466e-06
685	3.25773e-06
686	3.86416e-06
687	3.59234e-06
688	3.18982e-06
689	3.58172e-06
690	3.35281e-06
691	3.38672e-06
692	3.49157e-06
693	3.47997e-06
694	3.4185e-06
695	3.43828e-06
696	3.52692e-06
697	3.62389e-06
698	3.67568e-06
699	3.6767e-06
700	3.6787e-06
701	3.71691e-06
702	3.78263e-06
703	3.84846e-06
704	3.88796e-06
705	3.90887e-06
706	3.93101e-06
707	3.97001e-06
708	4.02096e-06
709	4.06929e-06
710	4.10545e-06
711	4.13346e-06
712	4.16454e-06
713	4.20275e-06
714	4.24458e-06
715	4.28408e-06
716	4.31837e-06
717	4.34933e-06
718	4.38092e-06
719	4.41507e-06
720	4.45048e-06
721	4.48436e-06
722	4.51477e-06
723	4.54255e-06
724	4.37448e-06
725	5.41139e-06
726	4.8696e-06
727	4.362e-06
728	5.33148e-06
729	4.97268e-06
730	4.49261e-06
731	5.53693e-06
732	5.0534e-06
733	4.51248e-06
734	5.54575e-06
735	5.14035e-06
736	4.60467e-06
737	5.67275e-06
738	5.19998e-06
739	4.62753e-06
740	5.69353e-06
741	4.77958e-06
742	5.89738e-06
743	4.78005e-06
744	5.8368e-06
745	4.78666e-06
746	5.02243e-06
747	6.37016e-06
748	4.89509e-06
749	5.025e-06
750	5.18967e-06
751	5.2873e-06
752	5.32808e-06
753	5.33112e-06
754	5.31864e-06
755	5.31267e-06
756	5.32083e-06
757	5.33554e-06
758	5.34536e-06
759	5.34629e-06
760	5.34027e-06
761	5.33357e-06
762	5.32981e-06
763	5.32826e-06
764	5.32629e-06
765	5.32553e-06
766	5.32715e-06
767	6.74027e-06
768	4.92486e-06
769	5.01254e-06
770	5.2046e-06
771	6.68716e-06
772	4.97897e-06
773	5.00838e-06
774	5.1327e-06
775	5.2227e-06
776	6.6571e-06
777	4.83137e-06
778	4.85945e-06
779	5.04689e-06
780	5.17165e-06
781	6.62091e-06
782	4.769e-06
783	4.76311e-06
784	4.94845e-06
785	5.08699e-06
786	6.49932e-06
787	4.68274e-06
788	4.66965e-06
789	4.84656e-06
790	4.98654e-06
791	6.3552e-06
792	4.56993e-06
793	4.55503e-06
794	4.73474e-06
795	4.88086e-06
796	6.20452e-06
797	4.45126e-06
798	4.42891e-06
799	4.61709e-06
800	4.77495e-06
801	6.02381e-06
802	4.31258e-06
803	4.27976e-06
804	4.46773e-06
805	4.63555e-06
806	5.81307e-06
807	4.15918e-06
808	4.11587e-06
809	4.29857e-06
810	4.4741e-06
811	5.57691e-06
812	6.43428e-06
813	6.06958e-06
814	3.69464e-06
815	6.27834e-06
816	6.32162e-06
817	6.18075e-06
818	5.49441e-06
819	6.20877e-06
820	5.27602e-06
821	5.59732e-06
822	5.49893e-06
823	4.68917e-06
824	3.52668e-06
825	5.98625e-06
826	5.9014e-06
827	4.94731e-06
828	5.93558e-06
829	4.35959e-06
830	4.80801e-06
831	4.503e-06
832	5.79994e-06
833	5.1878e-06
834	3.35002e-06
835	5.5192e-06
836	4.96652e-06
837	5.62133e-06
838	5.60719e-06
839	4.80829e-06
840	5.51217e-06
841	4.2926e-06
842	5.40294e-06
843	5.38388e-06
844	4.34449e-06
845	5.29667e-06
846	5.25583e-06
847	5.23623e-06
848	4.24118e-06
849	5.15806e-06
850	5.15827e-06
851	5.11873e-06
852	5.05761e-06
853	5.00176e-06
854	4.9558e-06
855	4.91953e-06
856	4.89339e-06
857	4.8804e-06
858	4.88319e-06
859	2.42195e-06
860	4.70538e-06
861	4.66464e-06
862	4.64386e-06
863	4.64111e-06
864	2.27738e-06
865	4.58129e-06
866	4.57492e-06
867	2.22016e-06
868	4.42317e-06
869	4.4153e-06
870	2.12415e-06
871	4.36626e-06
872	2.0289e-06
873	4.27206e-06
874	2.02863e-06
875	4.18958e-06
876	1.95038e-06
877	4.18014e-06
878	1.71837e-06
879	1.92488e-06
880	3.97773e-06
881	1.821e-06
882	1.88253e-06
883	3.92706e-06
884	1.58786e-06
885	2.93148e-06
886	3.07523e-06
887	1.73569e-06
888	1.50883e-06
889	1.55221e-06
890	1.71258e-06
891	1.76722e-06
892	3.59208e-06
893	2.98839e-06
894	2.58267e-06
895	1.42098e-06
896	2.47788e-06
897	3.38154e-06
898	1.37586e-06
899	2.49389e-06
900	3.26888e-06
901	1.35539e-06
902	2.50654e-06
903	3.21275e-06
904	2.56777e-06
905	3.15659e-06
906	2.65271e-06
907	1.53351e-06
908	1.28132e-06
909	2.21595e-06
910	1.37385e-06
911	1.23836e-06
912	2.50623e-06
913	1.31626e-06
914	1.21635e-06
915	2.39273e-06
916	1.2008e-06
917	2.31614e-06
918	1.22817e-06
919	1.98872e-06
920	1.13428e-06
921	1.9737e-06
922	1.16844e-06
923	2.24171e-06
924	1.11888e-06
925	2.16375e-06
926	1.10989e-06
927	2.13426e-06
928	1.90938e-06
929	1.04433e-06
930	1.87079e-06
931	1.6469e-06
932	1.06877e-06
933	2.07804e-06
934	1.79709e-06
935	1.08992e-06
936	1.96052e-06
937	1.93162e-06
938	1.47884e-06
939	1.00234e-06
940	1.95344e-06
941	1.85017e-06
942	1.47578e-06
943	1.47135e-06
944	1.62562e-06
945	1.58906e-06
946	1.56941e-06
947	1.57352e-06
948	1.55673e-06
949	1.53694e-06
950	1.5403e-06
951	1.55645e-06
952	1.56462e-06
953	1.55578e-06
954	1.54242e-06
955	1.54094e-06
956	1.54917e-06
957	1.55607e-06
958	1.55472e-06
959	1.54821e-06
960	1.54499e-06
961	1.54774e-06
962	1.55221e-06
963	1.55332e-06
964	1.55068e-06
965	1.54767e-06
966	1.5477e-06
967	1.55006e-06
968	1.55174e-06
969	1.55103e-06
970	1.54875e-06
971	1.54749e-06
972	1.54823e-06
973	1.54989e-06
974	1.5505e-06
975	1.54952e-06
976	1.54839e-06
977	1.54827e-06
978	1.54949e-06
979	1.55055e-06
980	1.55057e-06
981	1.54994e-06
982	1.54971e-06
983	1.55064e-06
984	1.55179e-06
985	1.5526e-06
986	1.55267e-06
987	1.55267e-06
988	1.55308e-06
989	1.55415e-06
990	1.55549e-06
991	1.5566e-06
992	1.55732e-06
993	1.55796e-06
994	1.55907e-06
995	1.56077e-06
996	8.27588e-07
997	1.02755e-06
998	1.17385e-06
999	1.16341e-06
1000	1.54518e-06
1001	1.32368e-06
1002	1.12058e-06
1003	1.45363e-06
1004	1.24279e-06
1005	1.1689e-06
1006	1.53919e-06
1007	1.3718e-06
1008	1.18487e-06
1009	1.46631e-06
1010	1.22666e-06
1011	1.14064e-06
1012	1.5324e-06
1013	1.39387e-06
1014	1.20311e-06
1015	1.45761e-06
1016	1.20547e-06
1017	1.57624e-06
1018	1.42806e-06
1019	1.21571e-06
1020	1.27384e-06
1021	1.57997e-06
1022	1.60145e-06
1023	1.54157e-06
1024	1.25606e-06
1025	1.52483e-06
1026	1.48784e-06
1027	1.27952e-06
1028	1.27729e-06
1029	1.56799e-06
1030	1.42444e-06
1031	1.63103e-06
1032	1.40811e-06
1033	1.65105e-06
1034	1.42059e-06
1035	1.63988e-06
1036	1.43484e-06
1037	1.6467e-06
1038	1.42455e-06
1039	1.6699e-06
1040	1.61445e-06
1041	1.63805e-06
1042	1.58633e-06
1043	1.5754e-06
1044	1.7175e-06
1045	1.73093e-06
1046	1.73087e-06
1047	1.74555e-06
1048	1.73329e-06
1049	1.51157e-06
1050	1.78248e-06
1051	1.493e-06
1052	1.63189e-06
1053	1.71706e-06
1054	1.6727e-06
1055	1.64524e-06
1056	1.5033e-06
1057	1.417e-06
1058	1.64226e-06
1059	1.78403e-06
1060	1.39218e-06
1061	1.76606e-06
1062	1.65772e-06
1063	1.84697e-06
1064	1.50072e-06
1065	1.69296e-06
1066	1.74343e-06
1067	1.71056e-06
1068	1.83382e-06
1069	1.80221e-06
1070	1.83511e-06
1071	1.71549e-06
1072	1.70518e-06
1073	1.67092e-06
1074	1.67828e-06
1075	1.48474e-06
1076	1.89563e-06
1077	1.64844e-06
1078	1.57259e-06
1079	1.77752e-06
1080	1.71065e-06
1081	1.78166e-06
1082	1.74144e-06
1083	1.95414e-06
1084	1.80388e-06
1085	1.53377e-06
1086	1.83727e-06
1087	1.77253e-06
1088	1.81282e-06
1089	1.67481e-06
1090	1.86481e-06
1091	2.03934e-06
1092	1.82009e-06
1093	1.77311e-06
1094	1.83136e-06
1095	1.9169e-06
1096	1.90784e-06
1097	1.85567e-06
1098	1.93746e-06
1099	1.97058e-06
1100	2.0176e-06
1101	1.64405e-06
1102	1.91298e-06
1103	1.59236e-06
1104	1.78366e-06
1105	2.05259e-06
1106	1.90058e-06
1107	1.85139e-06
1108	1.90368e-06
1109	2.08876e-06
1110	1.74519e-06
1111	1.98903e-06
1112	1.64418e-06
1113	1.90632e-06
1114	1.63147e-06
1115	1.96695e-06
1116	1.68147e-06
1117	1.9539e-06
1118	1.66292e-06
1119	1.94436e-06
1120	1.65461e-06
1121	1.97486e-06
1122	1.68728e-06
1123	1.96608e-06
1124	1.67815e-06
1125	1.97167e-06
1126	1.67985e-06
1127	1.98791e-06
1128	1.69838e-06
1129	1.98019e-06
1130	1.69254e-06
1131	1.99211e-06
1132	1.70107e-06
1133	2.00036e-06
1134	1.71122e-06
1135	1.99579e-06
1136	1.70833e-06
1137	2.00921e-06
1138	1.71954e-06
1139	2.01364e-06
1140	1.72493e-06
1141	2.01357e-06
1142	1.72522e-06
1143	2.02602e-06
1144	1.73628e-06
1145	2.0282e-06
1146	1.7393e-06
1147	2.03115e-06
1148	1.74189e-06
1149	2.04093e-06
1150	1.75124e-06
1151	2.04146e-06
1152	1.75279e-06
1153	2.04641e-06
1154	1.75772e-06
1155	2.05411e-06
1156	1.76571e-06
1157	2.05603e-06
1158	1.76824e-06
1159	2.06322e-06
1160	1.77517e-06
1161	2.06913e-06
1162	1.78171e-06
1163	2.07205e-06
1164	1.78507e-06
1165	2.07927e-06
1166	1.79208e-06
1167	2.08281e-06
1168	1.79606e-06
1169	2.08587e-06
1170	1.79957e-06
1171	2.09128e-06
1172	1.80537e-06
1173	2.09349e-06
1174	1.8083e-06
1175	2.0974e-06
1176	1.8127e-06
1177	2.1021e-06
1178	1.81807e-06
1179	2.10422e-06
1180	1.82114e-06
1181	2.10789e-06
1182	1.82502e-06
1183	2.10875e-06
1184	1.82733e-06
1185	2.10804e-06
1186	1.82907e-06
1187	2.11094e-06
1188	1.8334e-06
1189	2.11232e-06
1190	1.83614e-06
1191	2.11289e-06
1192	1.83801e-06
1193	2.11529e-06
1194	1.84183e-06
1195	2.11635e-06
1196	1.84428e-06
1197	2.26197e-06
1198	2.19203e-06
1199	2.1947e-06
1200	2.23433e-06
1201	2.36477e-06
1202	1.89827e-06
1203	2.22699e-06
1204	2.07981e-06
1205	2.17923e-06
1206	9.8727e-07
1207	2.22331e-06
1208	1.87741e-06
1209	1.9662e-06
1210	1.84674e-06
1211	2.35993e-06
1212	2.34713e-06
1213	2.09803e-06
1214	2.23952e-06
1215	2.16499e-06
1216	1.82536e-06
1217	2.03863e-06
1218	2.33903e-06
1219	1.93472e-06
1220	2.21026e-06
1221	2.11547e-06
1222	2.18135e-06
1223	2.13394e-06
1224	1.82001e-06
1225	2.28641e-06
1226	1.95066e-06
1227	2.18162e-06
1228	1.50611e-06
1229	2.20305e-06
1230	2.22685e-06
1231	2.18725e-06
1232	1.79726e-06
1233	1.79945e-06
1234	1.86974e-06
1235	1.93217e-06
1236	1.95217e-06
1237	1.93462e-06
1238	1.91956e-06
1239	1.93342e-06
1240	1.96115e-06
1241	1.97929e-06
1242	1.97827e-06
1243	1.96942e-06
1244	2.15679e-06
1245	2.19302e-06
1246	1.94722e-06
1247	2.17976e-06
1248	2.06755e-06
1249	1.99326e-06
1250	2.16822e-06
1251	2.16997e-06
1252	2.01391e-06
1253	2.16409e-06
1254	2.07786e-06
1255	2.17441e-06
1256	2.191e-06
1257	2.16825e-06
1258	2.16191e-06
1259	2.16434e-06
1260	2.09496e-06
1261	2.16028e-06
1262	2.13391e-06
1263	2.15267e-06
1264	2.13647e-06
1265	2.15558e-06
1266	2.17149e-06
1267	2.19861e-06
1268	2.01399e-06
1269	2.13302e-06
1270	2.15091e-06
1271	2.13573e-06
1272	1.99176e-06
1273	2.12605e-06
1274	2.14117e-06
1275	2.15132e-06
1276	1.89011e-06
1277	2.13203e-06
1278	2.13917e-06
1279	2.11358e-06
1280	1.86989e-06
1281	2.12658e-06
1282	2.13682e-06
1283	2.09647e-06
1284	1.78127e-06
1285	2.12473e-06
1286	1.56329e-06
1287	1.66796e-06
1288	1.55041e-06
1289	1.49994e-06
1290	1.54399e-06
1291	1.54017e-06
1292	1.52314e-06
1293	1.52009e-06
1294	1.51742e-06
1295	1.50999e-06
1296	1.50512e-06
1297	1.49793e-06
1298	1.49405e-06
1299	1.48978e-06
1300	1.48133e-06
1301	1.47768e-06
1302	1.47149e-06
1303	1.46777e-06
1304	1.46431e-06
1305	1.45925e-06
1306	1.4542e-06
1307	1.44929e-06
1308	1.44804e-06
1309	1.43399e-06
1310	1.43487e-06
1311	1.4311e-06
1312	1.42536e-06
1313	1.41969e-06
1314	1.41471e-06
1315	2.07609e-06
1316	1.70218e-06
1317	1.1432e-06
1318	1.9819e-06
1319	1.47611e-06
1320	1.10004e-06
1321	1.94091e-06
1322	1.54065e-06
1323	1.10798e-06
1324	1.9367e-06
1325	1.48463e-06
1326	1.09564e-06
1327	1.91475e-06
1328	1.45731e-06
1329	1.09519e-06
1330	1.90926e-06
1331	1.42032e-06
1332	1.08983e-06
1333	1.89003e-06
1334	1.13674e-06
1335	1.95471e-06
1336	1.12371e-06
1337	1.89274e-06
1338	1.1106e-06
1339	1.87538e-06
1340	1.11638e-06
1341	1.8983e-06
1342	1.11007e-06
1343	1.86038e-06
1344	1.09918e-06
1345	1.82807e-06
1346	1.09476e-06
1347	1.82586e-06
1348	1.08929e-06
1349	1.79575e-06
1350	1.08191e-06
1351	1.76542e-06
1352	1.07446e-06
1353	1.74753e-06
1354	1.06675e-06
1355	1.71855e-06
1356	1.05911e-06
1357	1.69042e-06
1358	1.05188e-06
1359	1.66723e-06
1360	1.04404e-06
1361	1.64003e-06
1362	1.03649e-06
1363	1.61299e-06
1364	1.02935e-06
1365	1.58613e-06
1366	1.02312e-06
1367	1.56078e-06
1368	1.01722e-06
1369	1.53672e-06
1370	1.01123e-06
1371	1.51299e-06
1372	1.00578e-06
1373	1.49067e-06
1374	1.00063e-06
1375	1.46811e-06
1376	9.96241e-07
1377	1.4465e-06
1378	9.93118e-07
1379	1.09888e-06
1380	1.87954e-06
1381	9.64944e-07
1382	1.03425e-06
1383	1.6087e-06
1384	1.00292e-06
1385	1.09508e-06
1386	1.86232e-06
1387	9.37641e-07
1388	1.07986e-06
1389	1.581e-06
1390	1.05304e-06
1391	1.11506e-06
1392	1.83017e-06
1393	9.73347e-07
1394	8.94216e-07
1395	1.0902e-06
1396	1.01347e-06
1397	1.7125e-06
1398	9.10244e-07
1399	9.53311e-07
1400	1.60985e-06
1401	9.62756e-07
1402	1.10895e-06
1403	1.60021e-06
1404	9.6007e-07
1405	9.70203e-07
1406	1.5477e-06
1407	9.89299e-07
1408	9.03901e-07
1409	1.03454e-06
1410	1.70317e-06
1411	1.1083e-06
1412	9.79315e-07
1413	1.06258e-06
1414	1.70218e-06
1415	1.10397e-06
1416	9.29818e-07
1417	1.04299e-06
1418	1.67659e-06
1419	1.10312e-06
1420	9.1021e-07
1421	1.02321e-06
1422	1.63839e-06
1423	9.53411e-07
1424	9.20159e-07
1425	1.10033e-06
1426	1.01092e-06
1427	1.04725e-06
1428	1.59777e-06
1429	1.63767e-06
1430	1.00125e-06
1431	1.62381e-06
1432	1.02579e-06
1433	1.61075e-06
1434	1.01649e-06
1435	1.75507e-06
1436	1.04593e-06
1437	1.55488e-06
1438	1.0324e-06
1439	1.72669e-06
1440	9.09584e-07
1441	1.6681e-06
1442	1.05754e-06
1443	1.00849e-06
1444	1.07128e-06
1445	9.37511e-07
1446	1.00804e-06
1447	9.84971e-07
1448	1.05436e-06
1449	1.01341e-06
1450	1.03342e-06
1451	9.65642e-07
1452	1.00765e-06
1453	9.4252e-07
1454	1.00585e-06
1455	9.44244e-07
1456	9.96016e-07
1457	9.70044e-07
1458	9.71613e-07
1459	1.03776e-06
1460	9.85253e-07
1461	9.47452e-07
1462	9.26068e-07
1463	1.01231e-06
1464	1.01976e-06
1465	9.26712e-07
1466	9.65487e-07
1467	1.02393e-06
1468	8.74192e-07
1469	9.6477e-07
1470	9.81909e-07
1471	1.01893e-06
1472	8.77713e-07
1473	9.69439e-07
1474	9.97963e-07
1475	9.31443e-07
1476	9.99727e-07
1477	9.75764e-07
1478	8.47185e-07
1479	9.90963e-07
1480	8.60311e-07
1481	9.86904e-07
1482	8.67853e-07
1483	9.98624e-07
1484	8.87708e-07
1485	9.94181e-07
1486	8.84542e-07
1487	9.99341e-07
1488	8.98138e-07
1489	1.0067e-06
1490	9.12369e-07
1491	1.01188e-06
1492	9.2291e-07
1493	1.01932e-06
1494	9.36083e-07
1495	1.02776e-06
1496	9.53397e-07
1497	9.12129e-07
1498	9.15011e-07
1499	1.01614e-06
1500	9.65596e-07
1501	9.32498e-07
1502	9.40689e-07
1503	1.02558e-06
1504	9.81823e-07
1505	9.52317e-07
1506	9.57982e-07
1507	9.03181e-07
1508	9.4337e-07
1509	9.16815e-07
1510	9.69475e-07
1511	9.37604e-07
1512	9.68768e-07
1513	9.29277e-07
1514	9.67897e-07
1515	9.36427e-07
1516	9.78393e-07
1517	9.53715e-07
1518	8.41065e-07
1519	8.87916e-07
1520	9.56571e-07
1521	9.52195e-07
1522	8.65006e-07
1523	9.00912e-07
1524	9.56364e-07
1525	9.50537e-07
1526	8.70735e-07
1527	9.08413e-07
1528	9.64807e-07
1529	9.72791e-07
1530	8.89525e-07
1531	9.12582e-07
1532	9.64574e-07
1533	9.82715e-07
1534	9.11726e-07
1535	9.25922e-07
1536	8.19459e-07
1537	8.85083e-07
1538	8.4484e-07
1539	9.27083e-07
1540	8.66079e-07
1541	9.16732e-07
1542	8.41935e-07
1543	9.04263e-07
1544	8.56255e-07
1545	9.24844e-07
1546	8.71176e-07
1547	9.25456e-07
1548	8.65345e-07
1549	9.21126e-07
1550	8.74384e-07
1551	9.33657e-07
1552	8.87713e-07
1553	9.39371e-07
1554	8.90662e-07
1555	9.39911e-07
1556	8.98134e-07
1557	9.48667e-07
1558	9.08556e-07
1559	9.56187e-07
1560	9.15697e-07
1561	9.58788e-07
1562	9.22666e-07
1563	9.65335e-07
1564	9.32685e-07
1565	9.7313e-07
1566	1.18557e-06
1567	8.88554e-07
1568	8.36265e-07
1569	8.8862e-07
1570	1.06353e-06
1571	9.30627e-07
1572	9.17845e-07
1573	1.06957e-06
1574	8.50954e-07
1575	8.89138e-07
1576	1.02855e-06
1577	9.1933e-07
1578	1.10452e-06
1579	8.97693e-07
1580	9.75712e-07
1581	8.24749e-07
1582	9.11729e-07
1583	8.40426e-07
1584	9.31746e-07
1585	8.97359e-07
1586	1.00155e-06
1587	8.33891e-07
1588	9.06798e-07
1589	8.1192e-07
1590	8.84318e-07
1591	8.06202e-07
1592	8.98369e-07
1593	8.18319e-07
1594	8.96598e-07
1595	1.36825e-06
1596	1.23781e-06
1597	1.05636e-06
1598	8.2745e-07
1599	1.10159e-06
1600	1.08562e-06
1601	1.07018e-06
1602	9.69741e-07
1603	1.27677e-06
1604	1.17467e-06
1605	9.95908e-07
1606	1.42091e-06
1607	1.2564e-06
1608	1.10844e-06
1609	1.10885e-06
1610	1.11324e-06
1611	1.48806e-06
1612	1.04763e-06
1613	1.23179e-06
1614	1.33483e-06
1615	1.14773e-06
1616	1.53925e-06
1617	1.55891e-06
1618	1.09083e-06
1619	9.2501e-07
1620	1.48961e-06
1621	1.44544e-06
1622	1.37229e-06
1623	8.67777e-07
1624	1.60709e-06
1625	1.49753e-06
1626	1.28368e-06
1627	9.68866e-07
1628	9.61351e-07
1629	1.59261e-06
1630	1.20978e-06
1631	1.45175e-06
1632	1.55582e-06
1633	1.02995e-06
1634	1.44654e-06
1635	1.57513e-06
1636	1.67329e-06
1637	1.68958e-06
1638	1.28157e-06
1639	1.0745e-06
1640	1.6739e-06
1641	1.78624e-06
1642	1.68169e-06
1643	1.54603e-06
1644	1.04022e-06
1645	1.1048e-06
1646	1.85536e-06
1647	1.68649e-06
1648	1.61588e-06
1649	1.26346e-06
1650	1.8621e-06
1651	1.65207e-06
1652	1.50807e-06
1653	1.93119e-06
1654	1.72189e-06
1655	1.49111e-06
1656	1.85792e-06
1657	1.67092e-06
1658	1.5274e-06
1659	2.01394e-06
1660	1.81069e-06
1661	1.5828e-06
1662	1.33624e-06
1663	1.44186e-06
1664	1.47527e-06
1665	1.49508e-06
1666	1.47832e-06
1667	1.38843e-06
1668	1.40645e-06
1669	1.40495e-06
1670	1.46942e-06
1671	1.49274e-06
1672	1.51872e-06
1673	1.47196e-06
1674	1.49408e-06
1675	1.48256e-06
1676	1.53093e-06
1677	1.53893e-06
1678	1.56965e-06
1679	1.53938e-06
1680	1.56495e-06
1681	1.55222e-06
1682	1.59137e-06
1683	1.59057e-06
1684	1.61991e-06
1685	1.64203e-06
1686	1.94117e-06
1687	1.72478e-06
1688	1.58534e-06
1689	1.8797e-06
1690	1.74405e-06
1691	1.68305e-06
1692	1.99391e-06
1693	1.7137e-06
1694	2.01325e-06
1695	1.71553e-06
1696	2.00389e-06
1697	1.73891e-06
1698	2.04972e-06
1699	1.75357e-06
1700	2.05919e-06
1701	1.76254e-06
1702	2.06669e-06
1703	1.77637e-06
1704	2.0916e-06
1705	1.78375e-06
1706	2.10031e-06
1707	1.79103e-06
1708	2.1099e-06
1709	1.80094e-06
1710	2.12577e-06
1711	1.80735e-06
1712	2.13393e-06
1713	1.81386e-06
1714	2.14328e-06
1715	1.82068e-06
1716	2.15418e-06
1717	1.82516e-06
1718	2.16096e-06
1719	1.82938e-06
1720	2.16841e-06
1721	1.83316e-06
1722	1.87808e-06
1723	2.36165e-06
1724	1.78537e-06
1725	1.88645e-06
1726	1.93674e-06
1727	2.45976e-06
1728	1.80397e-06
1729	1.88109e-06
1730	1.93212e-06
1731	2.02868e-06
1732	2.02676e-06
1733	2.05754e-06
1734	2.02044e-06
1735	2.04295e-06
1736	2.01488e-06
1737	2.05106e-06
1738	2.52495e-06
1739	1.8637e-06
1740	1.84933e-06
1741	1.9829e-06
1742	2.02041e-06
1743	2.07729e-06
1744	2.56898e-06
1745	1.81762e-06
1746	1.76234e-06
1747	1.93524e-06
1748	1.99959e-06
1749	2.58645e-06
1750	1.78595e-06
1751	1.8104e-06
1752	1.86934e-06
1753	1.99893e-06
1754	2.50162e-06
1755	1.83874e-06
1756	1.78963e-06
1757	1.90836e-06
1758	1.95452e-06
1759	2.48777e-06
1760	1.74134e-06
1761	1.78253e-06
1762	1.843e-06
1763	1.96286e-06
1764	2.4538e-06
1765	1.77728e-06
1766	1.7264e-06
1767	1.84845e-06
1768	1.90603e-06
1769	2.42601e-06
1770	1.68456e-06
1771	1.70881e-06
1772	1.77559e-06
1773	1.89256e-06
1774	2.37397e-06
1775	1.70334e-06
1776	1.65628e-06
1777	1.76624e-06
1778	1.83251e-06
1779	2.32424e-06
1780	1.61133e-06
1781	1.62684e-06
1782	1.69143e-06
1783	1.80696e-06
1784	2.26448e-06
1785	1.61353e-06
1786	1.5686e-06
1787	1.668e-06
1788	1.74147e-06
1789	2.19912e-06
1790	1.53411e-06
1791	1.5353e-06
1792	1.5974e-06
1793	1.70163e-06
1794	2.12775e-06
1795	1.5176e-06
1796	1.48371e-06
1797	1.55757e-06
1798	1.63489e-06
1799	2.04538e-06
1800	1.45484e-06
1801	1.44365e-06
1802	1.49426e-06
1803	1.57848e-06
1804	1.62901e-06
1805	1.64646e-06
1806	1.63825e-06
1807	1.62309e-06
1808	1.60313e-06
1809	1.58979e-06
1810	1.58283e-06
1811	1.58036e-06
1812	1.57625e-06
1813	1.56757e-06
1814	1.55333e-06
1815	1.53671e-06
1816	1.51975e-06
1817	1.50503e-06
1818	1.49321e-06
1819	1.48196e-06
1820	1.46863e-06
1821	1.45231e-06
1822	1.43398e-06
1823	1.4152e-06
1824	1.39693e-06
1825	1.3791e-06
1826	1.36125e-06
1827	1.34275e-06
1828	2.26949e-06
1829	1.68862e-06
1830	1.18453e-06
1831	1.87404e-06
1832	1.28826e-06
1833	2.17823e-06
1834	1.60439e-06
1835	1.09179e-06
1836	1.2376e-06
1837	2.08983e-06
1838	1.67315e-06
1839	1.065e-06
1840	1.18736e-06
1841	2.00265e-06
1842	1.19706e-06
1843	1.88022e-06
1844	1.08802e-06
1845	1.17334e-06
1846	1.96047e-06
1847	1.13218e-06
1848	1.5714e-06
1849	1.03509e-06
1850	1.13011e-06
1851	1.86893e-06
1852	1.06321e-06
1853	1.10806e-06
1854	1.76629e-06
1855	9.89519e-07
1856	1.04349e-06
1857	1.54977e-06
1858	9.71739e-07
1859	1.03416e-06
1860	1.53207e-06
1861	9.11163e-07
1862	9.55981e-07
1863	1.03595e-06
1864	1.64229e-06
1865	8.44669e-07
1866	8.41923e-07
1867	9.43792e-07
1868	1.01746e-06
1869	1.62203e-06
1870	7.55613e-07
1871	7.59077e-07
1872	8.95171e-07
1873	9.62578e-07
1874	1.40943e-06
1875	1.33874e-06
1876	1.33027e-06
1877	7.29706e-07
1878	7.35781e-07
1879	8.00037e-07
1880	7.38985e-07
1881	7.00144e-07
1882	8.24735e-07
1883	8.31213e-07
1884	7.82585e-07
1885	7.09678e-07
1886	6.88897e-07
1887	7.18423e-07
1888	7.17335e-07
1889	6.95603e-07
1890	6.73945e-07
1891	6.70408e-07
1892	6.64242e-07
1893	6.54175e-07
1894	6.46179e-07
1895	6.41768e-07
1896	6.58202e-07
1897	1.21958e-06
1898	7.67517e-07
1899	7.29856e-07
1900	6.80412e-07
1901	1.24252e-06
1902	6.44092e-07
1903	6.28179e-07
1904	6.13904e-07
1905	1.2016e-06
1906	6.65837e-07
1907	6.11993e-07
1908	1.20372e-06
1909	6.09733e-07
1910	1.0992e-06
1911	5.93913e-07
1912	5.90017e-07
1913	1.15595e-06
1914	5.89737e-07
1915	1.09076e-06
1916	6.04468e-07
1917	1.08528e-06
1918	5.42383e-07
1919	1.07456e-06
1920	6.02317e-07
1921	1.04878e-06
1922	5.69237e-07
1923	1.06011e-06
1924	5.99766e-07
1925	9.50639e-07
1926	5.69012e-07
1927	1.06345e-06
1928	7.66912e-07
1929	4.92969e-07
1930	1.00917e-06
1931	8.77844e-07
1932	5.0284e-07
1933	1.00286e-06
1934	8.22597e-07
1935	5.07922e-07
1936	9.82553e-07
1937	8.83332e-07
1938	5.088e-07
1939	9.74575e-07
1940	8.76566e-07
1941	1.01553e-06
1942	1.0214e-06
1943	9.84023e-07
1944	4.87087e-07
1945	8.78087e-07
1946	8.67255e-07
1947	8.18893e-07
1948	7.26333e-07
1949	7.46033e-07
1950	7.70515e-07
1951	7.80439e-07
1952	7.88044e-07
1953	7.73511e-07
1954	7.60822e-07
1955	7.61572e-07
1956	7.76122e-07
1957	7.84545e-07
1958	7.86128e-07
1959	7.78266e-07
1960	7.77062e-07
1961	7.80622e-07
1962	7.89303e-07
1963	7.91814e-07
1964	7.91922e-07
1965	7.88983e-07
1966	7.91333e-07
1967	7.94454e-07
1968	7.99021e-07
1969	7.99186e-07
1970	7.9928e-07
1971	7.98467e-07
1972	8.01186e-07
1973	8.03325e-07
1974	8.05852e-07
1975	8.05483e-07
1976	8.05719e-07
1977	8.05689e-07
1978	8.07966e-07
1979	8.09546e-07
1980	8.1129e-07
1981	8.11211e-07
1982	8.11884e-07
1983	8.12499e-07
1984	8.14645e-07
1985	8.16123e-07
1986	8.17606e-07
1987	8.17895e-07
1988	8.18742e-07
1989	8.19762e-07
1990	8.218e-07
1991	8.23383e-07
1992	8.24843e-07
1993	8.25581e-07
1994	8.26679e-07
1995	8.27956e-07
1996	8.2988e-07
1997	8.31614e-07
1998	8.33165e-07
1999	8.34287e-07
2000	6.91581e-07
2001	7.53998e-07
2002	7.66799e-07
2003	6.86633e-07
2004	8.46148e-07
2005	7.55558e-07
2006	8.21793e-07
2007	7.31356e-07
2008	8.36251e-07
2009	7.30427e-07
2010	8.57424e-07
2011	7.61161e-07
2012	8.42925e-07
2013	7.42053e-07
2014	8.54049e-07
2015	7.47205e-07
2016	8.6246e-07
2017	7.59964e-07
2018	8.5558e-07
2019	7.50845e-07
2020	8.67866e-07
2021	7.59077e-07
2022	8.71711e-07
2023	7.64244e-07
2024	8.70372e-07
2025	7.61254e-07
2026	8.81794e-07
2027	7.69627e-07
2028	8.84678e-07
2029	7.72481e-07
2030	8.86856e-07
2031	7.73234e-07
2032	8.96406e-07
2033	7.80942e-07
2034	8.99593e-07
2035	7.83788e-07
2036	9.04193e-07
2037	7.8702e-07
2038	9.12397e-07
2039	7.93728e-07
2040	9.16215e-07
2041	7.96924e-07
2042	9.22007e-07
2043	8.01439e-07
2044	9.28813e-07
2045	8.07258e-07
2046	9.32993e-07
2047	8.10866e-07
2048	9.3927e-07
2049	8.16053e-07
2050	9.4564e-07
2051	8.21568e-07
2052	9.50744e-07
2053	8.25872e-07
2054	9.57171e-07
2055	8.31006e-07
2056	9.62516e-07
2057	8.355e-07
2058	9.66983e-07
2059	8.3931e-07
2060	9.72189e-07
2061	8.43885e-07
2062	9.76638e-07
2063	8.48105e-07
2064	9.81162e-07
2065	8.52402e-07
2066	9.86352e-07
2067	8.57257e-07
2068	9.91111e-07
2069	8.61746e-07
2070	9.96157e-07
2071	8.66403e-07
2072	1.00134e-06
2073	8.71223e-07
2074	1.00618e-06
2075	8.75894e-07
2076	1.01132e-06
2077	8.80822e-07
2078	1.01639e-06
2079	8.85806e-07
2080	1.02135e-06
2081	8.90773e-07
2082	1.02666e-06
2083	8.95944e-07
2084	1.03198e-06
2085	9.01122e-07
2086	1.03743e-06
2087	9.06358e-07
2088	1.04302e-06
2089	9.11655e-07
2090	1.04845e-06
2091	9.1685e-07
2092	1.05393e-06
2093	9.22044e-07
2094	1.05946e-06
2095	9.27322e-07
2096	1.06482e-06
2097	9.32517e-07
2098	1.07018e-06
2099	9.37696e-07
2100	1.07542e-06
2101	9.42855e-07
2102	1.08051e-06
2103	9.47961e-07
2104	1.08556e-06
2105	9.53078e-07
2106	1.09048e-06
2107	9.58119e-07
2108	1.0954e-06
2109	9.63083e-07
2110	1.10028e-06
2111	9.68006e-07
2112	1.1051e-06
2113	1.18352e-06
2114	1.17338e-06
2115	1.17576e-06
2116	1.15751e-06
2117	1.1892e-06
2118	1.1512e-06
2119	1.19976e-06
2120	1.18846e-06
2121	1.1731e-06
2122	1.12649e-06
2123	1.15432e-06
2124	1.20037e-06
2125	1.1966e-06
2126	1.17335e-06
2127	1.13375e-06
2128	1.16351e-06
2129	1.19033e-06
2130	1.20488e-06
2131	1.18196e-06
2132	1.11874e-06
2133	9.68622e-07
2134	1.04875e-06
2135	1.15721e-06
2136	1.18889e-06
2137	1.17795e-06
2138	1.12163e-06
2139	1.05279e-06
2140	1.09302e-06
2141	1.15882e-06
2142	1.17928e-06
2143	1.16519e-06
2144	1.11888e-06
2145	1.09432e-06
2146	1.12388e-06
2147	1.15976e-06
2148	1.16695e-06
2149	1.14873e-06
2150	1.11938e-06
2151	1.11681e-06
2152	1.28436e-06
2153	1.22867e-06
2154	1.21042e-06
2155	1.28541e-06
2156	8.38199e-07
2157	1.26059e-06
2158	1.24584e-06
2159	1.21941e-06
2160	1.27497e-06
2161	1.29112e-06
2162	1.22608e-06
2163	1.21881e-06
2164	1.24091e-06
2165	8.57196e-07
2166	1.28677e-06
2167	1.2492e-06
2168	1.20417e-06
2169	1.27471e-06
2170	1.26121e-06
2171	1.27192e-06
2172	1.26036e-06
2173	1.161e-06
2174	1.24818e-06
2175	1.28103e-06
2176	7.794e-07
2177	1.29107e-06
2178	1.24759e-06
2179	9.86105e-07
2180	1.27616e-06
2181	1.1798e-06
2182	1.24847e-06
2183	1.20525e-06
2184	1.01049e-06
2185	1.266e-06
2186	1.26675e-06
2187	1.23628e-06
2188	1.02879e-06
2189	8.75966e-07
2190	1.06061e-06
2191	1.12672e-06
2192	1.1117e-06
2193	1.04802e-06
2194	1.00988e-06
2195	1.03087e-06
2196	1.05374e-06
2197	1.05419e-06
2198	1.0376e-06
2199	1.0242e-06
2200	1.02198e-06
2201	1.02497e-06
2202	1.02415e-06
2203	1.01926e-06
2204	1.01315e-06
2205	1.00888e-06
2206	1.00631e-06
2207	1.00374e-06
2208	1.00055e-06
2209	9.96298e-07
2210	9.9267e-07
2211	9.88963e-07
2212	9.86357e-07
2213	9.82699e-07
2214	9.79776e-07
2215	9.75565e-07
2216	9.72823e-07
2217	9.68778e-07
2218	9.66326e-07
2219	9.62031e-07
2220	9.596e-07
2221	9.55167e-07
2222	9.53042e-07
2223	9.48578e-07
2224	9.46534e-07
2225	9.41653e-07
2226	9.3957e-07
2227	9.34701e-07
2228	9.3315e-07
2229	9.28476e-07
2230	9.27207e-07
2231	9.22432e-07
2232	9.212e-07
2233	9.16238e-07
2234	9.15093e-07
2235	9.1008e-07
2236	9.09067e-07
2237	9.0397e-07
2238	9.03052e-07
2239	8.97926e-07
2240	8.97098e-07
2241	7.18543e-07
2242	7.10355e-07
2243	7.66919e-07
2244	7.68555e-07
2245	7.55504e-07
2246	7.46614e-07
2247	7.50006e-07
2248	7.619e-07
2249	7.74039e-07
2250	7.81604e-07
2251	7.84746e-07
2252	7.83493e-07
2253	7.79353e-07
2254	7.74608e-07
2255	7.7193e-07
2256	7.71433e-07
2257	7.71656e-07
2258	7.70517e-07
2259	7.67533e-07
2260	7.63036e-07
2261	7.58594e-07
2262	7.54908e-07
2263	7.52091e-07
2264	7.49304e-07
2265	7.46192e-07
2266	7.42555e-07
2267	7.3882e-07
2268	7.35076e-07
2269	7.31444e-07
2270	7.2765e-07
2271	7.23659e-07
2272	7.19385e-07
2273	7.15021e-07
2274	7.10627e-07
2275	7.06298e-07
2276	7.01942e-07
2277	6.97526e-07
2278	6.92993e-07
2279	6.8839e-07
2280	6.83524e-07
2281	6.78517e-07
2282	6.73645e-07
2283	6.6892e-07
2284	6.6409e-07
2285	6.58987e-07
2286	6.53721e-07
2287	6.48638e-07
2288	6.44019e-07
2289	6.3978e-07
2290	6.35586e-07
2291	6.31089e-07
2292	6.26257e-07
2293	6.21275e-07
2294	6.16425e-07
2295	6.11799e-07
2296	6.0737e-07
2297	1.13435e-06
2298	6.10884e-07
2299	9.421e-07
2300	6.2394e-07
2301	1.05319e-06
2302	6.10038e-07
2303	9.41189e-07
2304	5.88421e-07
2305	8.84182e-07
2306	5.97959e-07
2307	9.4121e-07
2308	5.78271e-07
2309	6.39186e-07
2310	5.95276e-07
2311	5.88332e-07
2312	1.03901e-06
2313	4.93975e-07
2314	5.94137e-07
2315	1.03598e-06
2316	5.91689e-07
2317	8.62216e-07
2318	5.23105e-07
2319	5.9664e-07
2320	1.00009e-06
2321	5.45974e-07
2322	5.86613e-07
2323	9.56915e-07
2324	5.18276e-07
2325	5.72138e-07
2326	9.11703e-07
2327	5.12794e-07
2328	5.64453e-07
2329	8.89017e-07
2330	4.96401e-07
2331	5.50237e-07
2332	8.37525e-07
2333	4.89315e-07
2334	5.43937e-07
2335	5.96195e-07
2336	9.97132e-07
2337	4.60692e-07
2338	5.25479e-07
2339	5.02674e-07
2340	5.84364e-07
2341	9.95367e-07
2342	4.6399e-07
2343	8.74788e-07
2344	9.78236e-07
2345	5.16967e-07
2346	4.97209e-07
2347	5.10398e-07
2348	5.43817e-07
2349	8.08716e-07
2350	4.78538e-07
2351	7.95708e-07
2352	9.49653e-07
2353	4.56093e-07
2354	4.42049e-07
2355	5.01155e-07
2356	4.84911e-07
2357	4.64374e-07
2358	4.68679e-07
2359	4.86494e-07
2360	4.84503e-07
2361	4.89659e-07
2362	4.86151e-07
2363	4.85101e-07
2364	4.81291e-07
2365	4.88938e-07
2366	4.30198e-07
2367	4.87883e-07
2368	4.43548e-07
2369	4.27001e-07
2370	4.80237e-07
2371	4.30539e-07
2372	4.24276e-07
2373	4.14414e-07
2374	4.7359e-07
2375	4.61061e-07
2376	4.30381e-07
2377	4.12487e-07
2378	4.01661e-07
2379	4.13131e-07
2380	4.15224e-07
2381	4.13163e-07
2382	4.14294e-07
2383	4.13671e-07
2384	4.1601e-07
2385	4.15519e-07
2386	4.19783e-07
2387	4.19592e-07
2388	4.24621e-07
2389	4.23325e-07
2390	4.29983e-07
2391	4.28531e-07
2392	6.84456e-07
2393	4.37975e-07
2394	4.02512e-07
2395	7.4212e-07
2396	4.06558e-07
2397	3.96675e-07
2398	7.00653e-07
2399	4.15728e-07
2400	4.60798e-07
2401	4.24027e-07
2402	7.41832e-07
2403	4.15635e-07
2404	4.12021e-07
2405	6.95032e-07
2406	4.83538e-07
2407	4.09409e-07
2408	4.82014e-07
2409	7.25942e-07
2410	4.97123e-07
2411	4.18831e-07
2412	4.95191e-07
2413	4.47888e-07
2414	5.00665e-07
2415	4.21581e-07
2416	4.56406e-07
2417	7.00239e-07
2418	4.35402e-07
2419	4.52129e-07
2420	4.97695e-07
2421	4.75259e-07
2422	4.97316e-07
2423	4.25241e-07
2424	4.67151e-07
2425	4.46107e-07
2426	5.00182e-07
2427	4.7102e-07
2428	5.0312e-07
2429	4.53669e-07
2430	4.86537e-07
2431	4.58432e-07
2432	4.99665e-07
2433	4.73605e-07
2434	5.05585e-07
2435	4.69431e-07
2436	4.97283e-07
2437	4.69541e-07
2438	5.01597e-07
2439	4.78349e-07
2440	5.06952e-07
2441	4.79723e-07
2442	5.0396e-07
2443	4.79263e-07
2444	5.04446e-07
2445	4.83385e-07
2446	5.07651e-07
2447	4.85858e-07
2448	5.07149e-07
2449	4.85872e-07
2450	5.06543e-07
2451	4.87413e-07
2452	5.0772e-07
2453	5.82127e-07
2454	4.52961e-07
2455	4.24619e-07
2456	4.6051e-07
2457	4.66093e-07
2458	5.03161e-07
2459	5.91533e-07
2460	4.49695e-07
2461	4.1009e-07
2462	4.43049e-07
2463	4.56984e-07
2464	5.34785e-07
2465	5.06163e-07
2466	4.40441e-07
2467	4.15396e-07
2468	4.46315e-07
2469	4.91913e-07
2470	4.27582e-07
2471	4.39415e-07
2472	3.94473e-07
2473	4.2672e-07
2474	4.31912e-07
2475	4.54992e-07
2476	6.19904e-07
2477	5.68752e-07
2478	4.43348e-07
2479	5.99497e-07
2480	4.9607e-07
2481	4.70291e-07
2482	5.77007e-07
2483	5.45239e-07
2484	4.3906e-07
2485	6.30426e-07
2486	5.23988e-07
2487	4.79727e-07
2488	5.42689e-07
2489	5.22388e-07
2490	4.31537e-07
2491	6.3989e-07
2492	5.43415e-07
2493	4.9239e-07
2494	5.28686e-07
2495	5.08944e-07
2496	6.66564e-07
2497	4.27317e-07
2498	5.12881e-07
2499	6.46875e-07
2500	4.33482e-07
2501	5.85143e-07
2502	5.65953e-07
2503	5.80211e-07
2504	4.52337e-07
2505	4.56504e-07
2506	3.88005e-07
2507	6.60376e-07
2508	4.67254e-07
2509	4.39278e-07
2510	4.79599e-07
2511	4.86967e-07
2512	6.74894e-07
2513	4.62356e-07
2514	5.23115e-07
2515	6.89676e-07
2516	6.43178e-07
2517	7.33762e-07
2518	7.17332e-07
2519	4.7421e-07
2520	4.60986e-07
2521	6.76868e-07
2522	4.58358e-07
2523	7.50849e-07
2524	6.9409e-07
2525	6.27165e-07
2526	5.00683e-07
2527	7.25804e-07
2528	6.98199e-07
2529	7.92821e-07
2530	7.55722e-07
2531	5.91878e-07
2532	5.03396e-07
2533	7.14734e-07
2534	7.46985e-07
2535	6.95751e-07
2536	6.78649e-07
2537	5.01686e-07
2538	5.37486e-07
2539	5.57536e-07
2540	5.77974e-07
2541	5.71954e-07
2542	8.29026e-07
2543	7.26984e-07
2544	6.20892e-07
2545	7.65935e-07
2546	6.7844e-07
2547	6.15768e-07
2548	8.51452e-07
2549	7.49133e-07
2550	6.60389e-07
2551	8.13725e-07
2552	7.17622e-07
2553	6.39381e-07
2554	8.6897e-07
2555	7.68182e-07
2556	6.87108e-07
2557	5.91148e-07
2558	5.9965e-07
2559	6.04248e-07
2560	6.05316e-07
2561	6.16451e-07
2562	9.2394e-07
2563	8.18015e-07
2564	7.2205e-07
2565	5.99643e-07
2566	9.33178e-07
2567	8.15431e-07
2568	7.8078e-07
2569	6.24804e-07
2570	6.32038e-07
2571	6.39124e-07
2572	6.40941e-07
2573	6.60755e-07
2574	6.406e-07
2575	6.45306e-07
2576	6.85266e-07
2577	7.73986e-07
2578	6.95024e-07
2579	6.60675e-07
2580	7.59949e-07
2581	6.94915e-07
2582	7.00677e-07
2583	7.97298e-07
2584	7.15291e-07
2585	8.14995e-07
2586	7.12471e-07
2587	8.0219e-07
2588	7.19097e-07
2589	8.20793e-07
2590	7.23075e-07
2591	8.2715e-07
2592	7.22741e-07
2593	8.245e-07
2594	7.26783e-07
2595	8.3443e-07
2596	7.28988e-07
2597	8.3872e-07
2598	7.2976e-07
2599	8.39769e-07
2600	7.32624e-07
2601	8.4629e-07
2602	7.3408e-07
2603	8.49398e-07
2604	7.3495e-07
2605	7.43085e-07
2606	9.25174e-07
2607	7.04956e-07
2608	7.54229e-07
2609	7.67134e-07
2610	9.67684e-07
2611	7.12456e-07
2612	7.52171e-07
2613	7.65798e-07
2614	9.686e-07
2615	7.19827e-07
2616	7.59872e-07
2617	7.7125e-07
2618	8.17245e-07
2619	9.99461e-07
2620	7.45701e-07
2621	7.24342e-07
2622	7.85366e-07
2623	8.00985e-07
2624	8.31719e-07
2625	1.02786e-06
2626	7.29599e-07
2627	7.03621e-07
2628	7.73927e-07
2629	8.02341e-07
2630	1.03492e-06
2631	7.15539e-07
2632	7.30397e-07
2633	7.54069e-07
2634	8.08753e-07
2635	1.01146e-06
2636	7.43051e-07
2637	7.24126e-07
2638	7.73727e-07
2639	7.94485e-07
2640	1.01261e-06
2641	7.06692e-07
2642	7.23599e-07
2643	7.51942e-07
2644	8.00101e-07
2645	1.01017e-06
2646	7.23779e-07
2647	7.07098e-07
2648	7.56306e-07
2649	7.84073e-07
2650	1.00656e-06
2651	6.95609e-07
2652	7.04897e-07
2653	7.37514e-07
2654	7.84209e-07
2655	9.98081e-07
2656	7.03989e-07
2657	6.91582e-07
2658	7.37148e-07
2659	7.70697e-07
2660	9.88481e-07
2661	6.82574e-07
2662	6.85095e-07
2663	7.2145e-07
2664	7.65849e-07
2665	9.77499e-07
2666	6.81573e-07
2667	6.73116e-07
2668	7.14546e-07
2669	7.53555e-07
2670	9.63477e-07
2671	6.6674e-07
2672	6.6364e-07
2673	7.0114e-07
2674	7.44002e-07
2675	9.48966e-07
2676	6.59143e-07
2677	6.52721e-07
2678	6.89988e-07
2679	7.31511e-07
2680	9.31565e-07
2681	6.47983e-07
2682	6.42599e-07
2683	6.77779e-07
2684	7.19431e-07
2685	9.13238e-07
2686	6.38279e-07
2687	6.32376e-07
2688	6.64575e-07
2689	7.04882e-07
2690	8.92168e-07
2691	6.26996e-07
2692	6.20928e-07
2693	6.49995e-07
2694	6.88363e-07
2695	8.69038e-07
2696	6.15515e-07
2697	6.10116e-07
2698	6.3499e-07
2699	6.70512e-07
2700	6.94937e-07
2701	7.03537e-07
2702	7.02391e-07
2703	6.9717e-07
2704	6.9042e-07
2705	6.8558e-07
2706	6.83799e-07
2707	6.84219e-07
2708	6.84598e-07
2709	6.83343e-07
2710	6.79158e-07
2711	6.73256e-07
2712	6.67352e-07
2713	6.63199e-07
2714	6.60269e-07
2715	6.57561e-07
2716	6.53543e-07
2717	6.48446e-07
2718	6.42655e-07
2719	6.37296e-07
2720	6.3222e-07
2721	6.27418e-07
2722	6.22051e-07
2723	6.16293e-07
2724	6.09929e-07
2725	6.03782e-07
2726	5.97659e-07
2727	5.91683e-07
2728	5.8522e-07
2729	5.78676e-07
2730	5.71805e-07
2731	5.65053e-07
2732	5.57974e-07
2733	5.50911e-07
2734	5.43473e-07
2735	5.3621e-07
2736	9.48185e-07
2737	5.36586e-07
2738	8.75336e-07
2739	5.33347e-07
2740	8.82552e-07
2741	5.24762e-07
2742	8.4952e-07
2743	5.0669e-07
2744	7.66841e-07
2745	5.02916e-07
2746	7.84985e-07
2747	4.93975e-07
2748	7.4041e-07
2749	4.8386e-07
2750	7.01242e-07
2751	4.80488e-07
2752	7.02462e-07
2753	4.69e-07
2754	5.09697e-07
2755	8.57182e-07
2756	4.67024e-07
2757	4.85778e-07
2758	7.73083e-07
2759	4.45416e-07
2760	4.77315e-07
2761	7.75146e-07
2762	4.31067e-07
2763	4.5729e-07
2764	6.89366e-07
2765	4.16937e-07
2766	4.47252e-07
2767	6.64841e-07
2768	3.98542e-07
2769	4.26755e-07
2770	4.63162e-07
2771	7.51151e-07
2772	3.67082e-07
2773	3.71505e-07
2774	4.23933e-07
2775	6.28433e-07
2776	3.63105e-07
2777	3.77814e-07
2778	4.11977e-07
2779	4.37569e-07
2780	6.61418e-07
2781	3.47326e-07
2782	6.71751e-07
2783	7.00463e-07
2784	3.72596e-07
2785	3.42117e-07
2786	3.40308e-07
2787	3.63305e-07
2788	3.79813e-07
2789	3.87449e-07
2790	3.87525e-07
2791	3.8102e-07
2792	3.68055e-07
2793	3.50521e-07
2794	3.34467e-07
2795	3.26986e-07
2796	3.25528e-07
2797	3.22688e-07
2798	3.15197e-07
2799	3.07084e-07
2800	3.0275e-07
2801	3.00459e-07
2802	2.97142e-07
2803	2.93776e-07
2804	2.90859e-07
2805	2.97504e-07
2806	5.35321e-07
2807	3.50015e-07
2808	3.37621e-07
2809	2.96608e-07
2810	5.66241e-07
2811	3.09663e-07
2812	2.97334e-07
2813	2.74471e-07
2814	5.52625e-07
2815	3.09353e-07
2816	2.76289e-07
2817	2.88439e-07
2818	5.31329e-07
2819	2.91516e-07
2820	2.81074e-07
2821	5.37402e-07
2822	2.88396e-07
2823	4.7352e-07
2824	2.55118e-07
2825	2.61612e-07
2826	5.16592e-07
2827	2.76736e-07
2828	4.78609e-07
2829	2.86471e-07
2830	4.19223e-07
2831	2.42039e-07
2832	4.94593e-07
2833	2.79864e-07
2834	4.24116e-07
2835	2.45946e-07
2836	4.76103e-07
2837	2.38153e-07
2838	4.70095e-07
2839	2.40818e-07
2840	4.58744e-07
2841	2.51762e-07
2842	4.77369e-07
2843	2.4705e-07
2844	4.65617e-07
2845	3.40064e-07
2846	2.42062e-07
2847	4.67189e-07
2848	3.91906e-07
2849	2.25351e-07
2850	4.41394e-07
2851	3.85693e-07
2852	2.38941e-07
2853	4.56468e-07
2854	4.04277e-07
2855	2.302e-07
2856	4.35629e-07
2857	4.07464e-07
2858	3.15224e-07
2859	3.37188e-07
2860	3.54383e-07
2861	3.51262e-07
2862	3.47168e-07
2863	3.47823e-07
2864	3.46142e-07
2865	3.46231e-07
2866	3.47438e-07
2867	3.51287e-07
2868	3.52393e-07
2869	3.52701e-07
2870	3.51716e-07
2871	3.53506e-07
2872	3.55232e-07
2873	3.57622e-07
2874	3.57949e-07
2875	3.58832e-07
2876	3.59207e-07
2877	3.61195e-07
2878	3.62425e-07
2879	3.6411e-07
2880	3.6452e-07
2881	3.65734e-07
2882	3.66534e-07
2883	3.68283e-07
2884	3.69183e-07
2885	3.70441e-07
2886	3.7092e-07
2887	3.72119e-07
2888	3.72924e-07
2889	3.74347e-07
2890	3.7509e-07
2891	3.76198e-07
2892	3.76795e-07
2893	3.77994e-07
2894	3.78853e-07
2895	3.80147e-07
2896	3.80937e-07
2897	3.82047e-07
2898	3.82785e-07
2899	3.84003e-07
2900	3.84944e-07
2901	3.86181e-07
2902	3.87035e-07
2903	3.88137e-07
2904	3.89004e-07
2905	3.19819e-07
2906	3.64013e-07
2907	3.54308e-07
2908	3.19946e-07
2909	4.00267e-07
2910	3.59753e-07
2911	3.94783e-07
2912	3.51515e-07
2913	3.97125e-07
2914	3.44352e-07
2915	4.08812e-07
2916	3.62958e-07
2917	4.04367e-07
2918	3.55797e-07
2919	4.06841e-07
2920	4.01202e-07
2921	3.81686e-07
2922	4.22913e-07
2923	3.5691e-07
2924	4.0118e-07
2925	3.94842e-07
2926	4.1328e-07
2927	3.89537e-07
2928	4.26958e-07
2929	3.59414e-07
2930	4.07735e-07
2931	3.98661e-07
2932	4.19052e-07
2933	3.93223e-07
2934	4.35554e-07
2935	4.45824e-07
2936	3.67542e-07
2937	3.49359e-07
2938	4.03913e-07
2939	4.25664e-07
2940	4.08776e-07
2941	4.59128e-07
2942	4.63023e-07
2943	3.95279e-07
2944	3.60097e-07
2945	4.21768e-07
2946	4.09093e-07
2947	4.64094e-07
2948	4.67844e-07
2949	3.85046e-07
2950	3.60168e-07
2951	4.18771e-07
2952	4.05187e-07
2953	4.75426e-07
2954	4.0568e-07
2955	4.01192e-07
2956	3.64003e-07
2957	4.23838e-07
2958	4.11568e-07
2959	4.84408e-07
2960	5.00407e-07
2961	4.39605e-07
2962	4.43528e-07
2963	3.80746e-07
2964	3.80293e-07
2965	5.04689e-07
2966	4.43741e-07
2967	4.4378e-07
2968	3.84631e-07
2969	4.88281e-07
2970	4.19364e-07
2971	5.01534e-07
2972	4.34132e-07
2973	4.55874e-07
2974	3.90989e-07
2975	5.07568e-07
2976	4.40661e-07
2977	5.01824e-07
2978	4.34758e-07
2979	4.73591e-07
2980	4.09021e-07
2981	5.21193e-07
2982	4.51922e-07
2983	5.04166e-07
2984	4.39724e-07
2985	4.94534e-07
2986	4.29692e-07
2987	5.29608e-07
2988	4.58358e-07
2989	5.08972e-07
2990	4.46004e-07
2991	5.14578e-07
2992	4.47955e-07
2993	5.34317e-07
2994	4.63383e-07
2995	5.17271e-07
2996	4.53864e-07
2997	5.30825e-07
2998	4.62623e-07
2999	5.37932e-07
3000	4.68802e-07
3001	5.28286e-07
3002	4.6356e-07
3003	5.42847e-07
3004	4.74006e-07
3005	5.42772e-07
3006	4.75212e-07
3007	5.40895e-07
3008	4.74605e-07
3009	5.52794e-07
3010	4.83508e-07
3011	5.49894e-07
3012	4.82799e-07
3013	5.53324e-07
3014	4.8567e-07
3015	5.60817e-07
3016	4.91697e-07
3017	5.85419e-07
3018	5.79153e-07
3019	5.59381e-07
3020	5.42373e-07
3021	5.63273e-07
3022	5.80115e-07
3023	5.83022e-07
3024	5.79456e-07
3025	5.57691e-07
3026	5.37939e-07
3027	5.56778e-07
3028	5.78214e-07
3029	5.84652e-07
3030	5.81179e-07
3031	5.65183e-07
3032	5.53846e-07
3033	5.65457e-07
3034	5.80206e-07
3035	5.8531e-07
3036	5.81337e-07
3037	5.7015e-07
3038	5.64903e-07
3039	5.72549e-07
3040	5.81536e-07
3041	5.84057e-07
3042	5.79892e-07
3043	5.72853e-07
3044	5.71181e-07
3045	5.76372e-07
3046	5.81662e-07
3047	5.82535e-07
3048	5.79086e-07
3049	5.75039e-07
3050	5.74951e-07
3051	5.78262e-07
3052	5.80807e-07
3053	5.80243e-07
3054	5.77438e-07
3055	5.7533e-07
3056	5.75823e-07
3057	5.77611e-07
3058	5.78269e-07
3059	5.76977e-07
3060	5.7492e-07
3061	6.28172e-07
3062	6.39551e-07
3063	6.30633e-07
3064	5.81446e-07
3065	6.27269e-07
3066	6.13772e-07
3067	6.21975e-07
3068	6.0076e-07
3069	5.35125e-07
3070	6.32754e-07
3071	6.39846e-07
3072	6.34261e-07
3073	5.76727e-07
3074	6.3096e-07
3075	6.20653e-07
3076	6.18859e-07
3077	5.75107e-07
3078	5.02621e-07
3079	5.18408e-07
3080	5.63126e-07
3081	5.80052e-07
3082	5.6963e-07
3083	5.43512e-07
3084	5.31228e-07
3085	5.42171e-07
3086	5.54293e-07
3087	5.54483e-07
3088	5.44475e-07
3089	5.3538e-07
3090	5.35245e-07
3091	5.39458e-07
3092	5.4031e-07
3093	5.36181e-07
3094	5.31029e-07
3095	5.28846e-07
3096	5.2905e-07
3097	5.2857e-07
3098	5.2612e-07
3099	5.22957e-07
3100	5.2069e-07
3101	5.19394e-07
3102	5.18038e-07
3103	5.16027e-07
3104	5.13704e-07
3105	5.11645e-07
3106	5.09941e-07
3107	5.08262e-07
3108	5.06349e-07
3109	5.04277e-07
3110	5.02243e-07
3111	5.00315e-07
3112	4.98436e-07
3113	4.96515e-07
3114	4.94538e-07
3115	4.9256e-07
3116	4.90612e-07
3117	4.88682e-07
3118	4.8675e-07
3119	4.84812e-07
3120	4.82864e-07
3121	4.80927e-07
3122	4.78998e-07
3123	4.77081e-07
3124	4.75172e-07
3125	4.73264e-07
3126	4.7136e-07
3127	4.69473e-07
3128	4.676e-07
3129	4.65728e-07
3130	4.63864e-07
3131	4.62002e-07
3132	4.60134e-07
3133	4.5827e-07
3134	4.56415e-07
3135	4.54571e-07
3136	4.52734e-07
3137	4.50904e-07
3138	3.60432e-07
3139	3.59159e-07
3140	3.87567e-07
3141	3.89094e-07
3142	3.8308e-07
3143	3.78604e-07
3144	3.79533e-07
3145	3.84637e-07
3146	3.89975e-07
3147	3.93299e-07
3148	3.94439e-07
3149	3.93576e-07
3150	3.91235e-07
3151	3.88649e-07
3152	3.86948e-07
3153	3.86345e-07
3154	3.86174e-07
3155	3.85479e-07
3156	3.83762e-07
3157	3.81083e-07
3158	3.78338e-07
3159	3.76138e-07
3160	3.74438e-07
3161	3.72803e-07
3162	3.70836e-07
3163	3.68471e-07
3164	3.65937e-07
3165	3.63485e-07
3166	3.61191e-07
3167	3.58943e-07
3168	3.56586e-07
3169	3.54049e-07
3170	3.51364e-07
3171	3.48611e-07
3172	3.45847e-07
3173	3.43084e-07
3174	3.40301e-07
3175	3.37474e-07
3176	3.34593e-07
3177	3.31662e-07
3178	3.28698e-07
3179	3.25719e-07
3180	3.22749e-07
3181	3.19799e-07
3182	3.16876e-07
3183	3.1397e-07
3184	3.11075e-07
3185	3.08193e-07
3186	3.05329e-07
3187	3.02487e-07
3188	5.56978e-07
3189	3.05163e-07
3190	4.76291e-07
3191	3.083e-07
3192	5.14791e-07
3193	3.02432e-07
3194	4.72014e-07
3195	2.91222e-07
3196	4.32594e-07
3197	2.94687e-07
3198	4.61424e-07
3199	2.86167e-07
3200	3.13953e-07
3201	2.923e-07
3202	5.33892e-07
3203	2.60479e-07
3204	2.82276e-07
3205	4.62349e-07
3206	2.8816e-07
3207	4.35793e-07
3208	2.60776e-07
3209	2.89449e-07
3210	4.81958e-07
3211	2.64665e-07
3212	2.83659e-07
3213	4.56867e-07
3214	2.53004e-07
3215	2.764e-07
3216	4.34618e-07
3217	2.48522e-07
3218	2.70863e-07
3219	4.1542e-07
3220	2.40198e-07
3221	2.63291e-07
3222	2.88029e-07
3223	4.81929e-07
3224	2.23613e-07
3225	2.34291e-07
3226	2.69545e-07
3227	4.33155e-07
3228	2.20408e-07
3229	2.37159e-07
3230	2.64284e-07
3231	4.03089e-07
3232	2.17413e-07
3233	3.772e-07
3234	4.61074e-07
3235	2.2856e-07
3236	2.16787e-07
3237	2.33437e-07
3238	2.51957e-07
3239	2.63129e-07
3240	3.91374e-07
3241	3.73474e-07
3242	3.94529e-07
3243	2.13761e-07
3244	3.76154e-07
3245	4.0377e-07
3246	2.08383e-07
3247	3.95631e-07
3248	3.99754e-07
3249	2.13233e-07
3250	3.95299e-07
3251	3.74016e-07
3252	2.16374e-07
3253	3.91464e-07
3254	3.67364e-07
3255	2.23939e-07
3256	3.80135e-07
3257	3.50402e-07
3258	1.93403e-07
3259	3.68647e-07
3260	3.52681e-07
3261	3.32562e-07
3262	2.19815e-07
3263	2.03431e-07
3264	2.06644e-07
3265	3.43324e-07
3266	2.19784e-07
3267	2.17563e-07
3268	1.83477e-07
3269	1.84991e-07
3270	2.06808e-07
3271	1.98243e-07
3272	1.88046e-07
3273	1.90719e-07
3274	3.17754e-07
3275	2.01392e-07
3276	1.86627e-07
3277	3.53964e-07
3278	1.71474e-07
3279	1.80925e-07
3280	3.29174e-07
3281	1.70738e-07
3282	1.97522e-07
3283	1.9467e-07
3284	3.38768e-07
3285	1.72028e-07
3286	1.9353e-07
3287	2.9496e-07
3288	1.90812e-07
3289	1.84243e-07
3290	3.34827e-07
3291	1.75733e-07
3292	2.96093e-07
3293	1.57173e-07
3294	3.07793e-07
3295	1.57475e-07
3296	2.97557e-07
3297	1.52862e-07
3298	3.03954e-07
3299	1.60969e-07
3300	2.96148e-07
3301	1.56075e-07
3302	2.96631e-07
3303	1.60602e-07
3304	2.99375e-07
3305	1.6255e-07
3306	3.03055e-07
3307	1.62876e-07
3308	3.03087e-07
3309	1.65455e-07
3310	3.0776e-07
3311	1.6701e-07
3312	3.09827e-07
3313	1.67644e-07
3314	3.09597e-07
3315	2.29074e-07
3316	1.58158e-07
3317	3.01645e-07
3318	2.54499e-07
3319	1.57221e-07
3320	2.98691e-07
3321	2.53716e-07
3322	3.09894e-07
3323	3.03475e-07
3324	2.60431e-07
3325	3.08414e-07
3326	3.0962e-07
3327	2.83327e-07
3328	3.02984e-07
3329	2.95619e-07
3330	2.49142e-07
3331	2.62747e-07
3332	2.9668e-07
3333	3.02674e-07
3334	2.86517e-07
3335	2.82055e-07
3336	2.76282e-07
3337	2.78155e-07
3338	2.7546e-07
3339	2.83947e-07
3340	2.94196e-07
3341	2.86599e-07
3342	2.8326e-07
3343	2.87181e-07
3344	2.86503e-07
3345	2.92569e-07
3346	2.91175e-07
3347	2.86177e-07
3348	2.87789e-07
3349	2.62203e-07
3350	2.45329e-07
3351	2.93961e-07
3352	2.57978e-07
3353	2.90484e-07
3354	2.73379e-07
3355	2.98471e-07
3356	2.92824e-07
3357	2.75685e-07
3358	2.85547e-07
3359	3.01272e-07
3360	2.5799e-07
3361	2.76221e-07
3362	3.03629e-07
3363	2.66225e-07
3364	2.87998e-07
3365	3.09353e-07
3366	2.69793e-07
3367	2.80758e-07
3368	2.49557e-07
3369	2.59782e-07
3370	2.6256e-07
3371	2.6734e-07
3372	2.91242e-07
3373	2.70556e-07
3374	3.02309e-07
3375	2.87765e-07
3376	2.82318e-07
3377	3.10477e-07
3378	2.52061e-07
3379	2.7673e-07
3380	2.7966e-07
3381	2.77902e-07
3382	2.88558e-07
3383	2.67453e-07
3384	3.1012e-07
3385	2.65082e-07
3386	2.57178e-07
3387	2.95345e-07
3388	2.98101e-07
3389	3.07396e-07
3390	3.07932e-07
3391	2.94592e-07
3392	3.16836e-07
3393	2.37651e-07
3394	2.65211e-07
3395	3.0778e-07
3396	3.02716e-07
3397	3.21059e-07
3398	2.65602e-07
3399	2.98778e-07
3400	2.8706e-07
3401	3.11904e-07
3402	3.1134e-07
3403	3.36532e-07
3404	3.18526e-07
3405	2.69089e-07
3406	3.28016e-07
3407	2.8255e-07
3408	2.55188e-07
3409	2.98081e-07
3410	2.6648e-07
3411	3.4436e-07
3412	3.00832e-07
3413	3.46659e-07
3414	2.9494e-07
3415	3.33383e-07
3416	2.85058e-07
3417	3.54257e-07
3418	3.05363e-07
3419	3.52845e-07
3420	3.03477e-07
3421	3.4931e-07
3422	2.99393e-07
3423	3.64102e-07
3424	3.12728e-07
3425	3.61687e-07
3426	3.11604e-07
3427	3.63243e-07
3428	3.11996e-07
3429	3.73596e-07
3430	3.20751e-07
3431	3.71606e-07
3432	3.20326e-07
3433	3.75675e-07
3434	3.23239e-07
3435	3.82714e-07
3436	3.29238e-07
3437	3.82119e-07
3438	3.29767e-07
3439	3.87164e-07
3440	3.33755e-07
3441	3.91875e-07
3442	3.38008e-07
3443	3.92622e-07
3444	3.39399e-07
3445	3.97687e-07
3446	3.43544e-07
3447	4.01093e-07
3448	3.46749e-07
3449	4.02952e-07
3450	3.4879e-07
3451	4.07494e-07
3452	3.52613e-07
3453	4.10101e-07
3454	3.5524e-07
3455	4.12593e-07
3456	3.57705e-07
3457	4.16438e-07
3458	3.61093e-07
3459	4.18677e-07
3460	3.63456e-07
3461	4.21439e-07
3462	3.66081e-07
3463	4.24595e-07
3464	3.69005e-07
3465	4.2669e-07
3466	3.71271e-07
3467	4.2942e-07
3468	3.73848e-07
3469	2.83645e-07
3470	3.26596e-07
3471	2.79138e-07
3472	3.39001e-07
3473	2.86518e-07
3474	3.48412e-07
3475	2.82636e-07
3476	3.35485e-07
3477	2.85191e-07
3478	3.45094e-07
3479	2.87178e-07
3480	3.4688e-07
3481	2.86144e-07
3482	3.43684e-07
3483	2.88581e-07
3484	3.49155e-07
3485	2.89209e-07
3486	3.49438e-07
3487	2.89335e-07
3488	3.49331e-07
3489	2.90991e-07
3490	3.06124e-07
3491	3.18787e-07
3492	3.25907e-07
3493	3.28793e-07
3494	3.2941e-07
3495	3.29346e-07
3496	3.29742e-07
3497	3.30926e-07
3498	4.17876e-07
3499	2.94262e-07
3500	3.00383e-07
3501	3.19708e-07
3502	3.32518e-07
3503	4.29382e-07
3504	2.9611e-07
3505	2.93951e-07
3506	3.13189e-07
3507	3.30392e-07
3508	4.26773e-07
3509	2.99445e-07
3510	2.98727e-07
3511	3.15391e-07
3512	3.31111e-07
3513	4.24855e-07
3514	2.9897e-07
3515	2.9926e-07
3516	3.16364e-07
3517	3.3205e-07
3518	4.26e-07
3519	2.98118e-07
3520	2.97865e-07
3521	3.15512e-07
3522	3.31911e-07
3523	4.26416e-07
3524	2.97366e-07
3525	2.96663e-07
3526	3.14383e-07
3527	3.3124e-07
3528	4.25554e-07
3529	2.96233e-07
3530	2.95378e-07
3531	3.1314e-07
3532	3.30365e-07
3533	4.24042e-07
3534	2.94704e-07
3535	2.93604e-07
3536	3.11314e-07
3537	3.28853e-07
3538	4.21655e-07
3539	2.92594e-07
3540	2.91251e-07
3541	3.08852e-07
3542	3.26725e-07
3543	4.18591e-07
3544	2.90189e-07
3545	2.88583e-07
3546	3.06165e-07
3547	3.24352e-07
3548	4.15175e-07
3549	2.87593e-07
3550	2.85966e-07
3551	3.03012e-07
3552	3.21363e-07
3553	4.10767e-07
3554	2.84731e-07
3555	2.82766e-07
3556	2.9924e-07
3557	3.1771e-07
3558	4.05547e-07
3559	2.81625e-07
3560	2.79638e-07
3561	2.95374e-07
3562	3.13665e-07
3563	3.99681e-07
3564	2.78199e-07
3565	2.76145e-07
3566	2.9104e-07
3567	3.09022e-07
3568	3.93119e-07
3569	2.74542e-07
3570	2.72452e-07
3571	2.86261e-07
3572	3.03716e-07
3573	3.85776e-07
3574	2.70681e-07
3575	2.68636e-07
3576	2.81132e-07
3577	2.97776e-07
3578	3.77634e-07
3579	2.66666e-07
3580	2.64732e-07
3581	2.75698e-07
3582	2.91221e-07
3583	3.02042e-07
3584	3.0594e-07
3585	3.05747e-07
3586	3.03833e-07
3587	3.01341e-07
3588	2.99501e-07
3589	2.98924e-07
3590	2.9921e-07
3591	2.99619e-07
3592	2.9934e-07
3593	2.97875e-07
3594	2.95546e-07
3595	2.93241e-07
3596	2.91622e-07
3597	2.90638e-07
3598	2.89708e-07
3599	2.88305e-07
3600	2.86357e-07
3601	2.84176e-07
3602	2.82114e-07
3603	2.80281e-07
3604	2.78539e-07
3605	2.76688e-07
3606	2.74639e-07
3607	2.72436e-07
3608	2.70174e-07
3609	2.6791e-07
3610	2.65688e-07
3611	2.63514e-07
3612	2.61266e-07
3613	2.58845e-07
3614	2.56285e-07
3615	2.53673e-07
3616	2.51043e-07
3617	2.48376e-07
3618	2.45633e-07
3619	2.42802e-07
3620	2.39917e-07
3621	2.37029e-07
3622	2.34176e-07
3623	4.15014e-07
3624	2.33772e-07
3625	3.81366e-07
3626	2.32319e-07
3627	3.86145e-07
3628	2.28666e-07
3629	3.71886e-07
3630	2.21017e-07
3631	3.3724e-07
3632	2.19889e-07
3633	3.46117e-07
3634	2.16232e-07
3635	3.27567e-07
3636	2.12059e-07
3637	3.11594e-07
3638	2.1086e-07
3639	3.12531e-07
3640	2.06211e-07
3641	2.25034e-07
3642	3.80306e-07
3643	2.06707e-07
3644	2.15396e-07
3645	3.48256e-07
3646	1.97369e-07
3647	2.11997e-07
3648	3.49248e-07
3649	1.92111e-07
3650	2.04375e-07
3651	3.18227e-07
3652	1.85365e-07
3653	1.99557e-07
3654	3.05922e-07
3655	1.78292e-07
3656	1.9209e-07
3657	2.08808e-07
3658	3.45358e-07
3659	1.66991e-07
3660	1.67776e-07
3661	1.91657e-07
3662	2.97298e-07
3663	1.63907e-07
3664	1.71611e-07
3665	1.88346e-07
3666	2.74599e-07
3667	1.52132e-07
3668	1.64107e-07
3669	1.80912e-07
3670	1.91878e-07
3671	2.91541e-07
3672	2.61658e-07
3673	2.739e-07
3674	1.48508e-07
3675	2.64245e-07
3676	2.87021e-07
3677	1.45344e-07
3678	1.45531e-07
3679	1.46651e-07
3680	1.52351e-07
3681	1.59972e-07
3682	1.41901e-07
3683	1.50176e-07
3684	1.4265e-07
3685	1.55513e-07
3686	1.44674e-07
3687	1.5702e-07
3688	1.39834e-07
3689	1.35415e-07
3690	1.36405e-07
3691	1.37314e-07
3692	1.37266e-07
3693	1.36995e-07
3694	1.36852e-07
3695	2.2573e-07
3696	3.06382e-07
3697	2.30365e-07
3698	1.47383e-07
3699	1.31414e-07
3700	2.41307e-07
3701	1.37591e-07
3702	1.30821e-07
3703	1.45368e-07
3704	2.14867e-07
3705	3.06761e-07
3706	2.4755e-07
3707	3.06702e-07
3708	2.5225e-07
3709	1.27055e-07
3710	1.39435e-07
3711	2.94638e-07
3712	2.57229e-07
3713	2.93096e-07
3714	3.03358e-07
3715	2.56913e-07
3716	3.03248e-07
3717	2.99387e-07
3718	2.5459e-07
3719	3.07122e-07
3720	2.93787e-07
3721	2.95204e-07
3722	2.89765e-07
3723	2.86013e-07
3724	2.84195e-07
3725	2.83288e-07
3726	2.82099e-07
3727	2.78279e-07
3728	2.7177e-07
3729	2.67062e-07
3730	2.65259e-07
3731	2.64015e-07
3732	2.60996e-07
3733	2.55945e-07
3734	2.50647e-07
3735	2.46825e-07
3736	2.44395e-07
3737	2.41912e-07
3738	2.38165e-07
3739	2.33336e-07
3740	2.28557e-07
3741	2.24563e-07
3742	2.21455e-07
3743	2.70975e-07
3744	2.44742e-07
3745	2.54446e-07
3746	2.47398e-07
3747	2.39398e-07
3748	2.38015e-07
3749	2.42165e-07
3750	2.46888e-07
3751	2.46496e-07
3752	2.41502e-07
3753	2.37225e-07
3754	2.35667e-07
3755	2.36051e-07
3756	2.36876e-07
3757	2.35991e-07
3758	2.33248e-07
3759	2.30638e-07
3760	2.29295e-07
3761	2.28849e-07
3762	2.28544e-07
3763	2.27547e-07
3764	2.25771e-07
3765	2.24025e-07
3766	2.22982e-07
3767	2.22544e-07
3768	2.22256e-07
3769	2.21657e-07
3770	2.20665e-07
3771	2.19632e-07
3772	2.18971e-07
3773	2.18716e-07
3774	2.1861e-07
3775	2.1833e-07
3776	2.17783e-07
3777	2.1716e-07
3778	2.16721e-07
3779	2.16532e-07
3780	2.16465e-07
3781	2.16325e-07
3782	2.16026e-07
3783	2.15656e-07
3784	2.15382e-07
3785	2.15273e-07
3786	2.15272e-07
3787	2.15255e-07
3788	2.15154e-07
3789	2.15002e-07
3790	2.14903e-07
3791	2.14891e-07
3792	2.14957e-07
3793	2.15052e-07
3794	2.15133e-07
3795	2.15196e-07
3796	2.15296e-07
3797	2.15475e-07
3798	2.15714e-07
3799	2.1598e-07
3800	2.16255e-07
3801	2.16535e-07
3802	2.16829e-07
3803	2.17184e-07
3804	2.1759e-07
3805	2.18016e-07
3806	2.18454e-07
3807	2.18894e-07
3808	2.1937e-07
3809	2.19871e-07
3810	2.2041e-07
3811	2.2099e-07
3812	2.21586e-07
3813	2.22206e-07
3814	2.2284e-07
3815	2.23484e-07
3816	2.24164e-07
3817	2.24888e-07
3818	2.25632e-07
3819	2.26394e-07
3820	2.27195e-07
3821	2.28009e-07
3822	2.64352e-07
3823	2.68039e-07
3824	2.70789e-07
3825	2.71937e-07
3826	2.72439e-07
3827	2.73407e-07
3828	2.75071e-07
3829	2.76943e-07
3830	2.78544e-07
3831	2.79804e-07
3832	2.80981e-07
3833	2.82279e-07
3834	2.83717e-07
3835	2.85168e-07
3836	2.86543e-07
3837	2.87863e-07
3838	2.89187e-07
3839	2.90537e-07
3840	2.91892e-07
3841	2.93221e-07
3842	2.94508e-07
3843	2.95778e-07
3844	2.97064e-07
3845	2.98362e-07
3846	2.99654e-07
3847	3.00918e-07
3848	3.02149e-07
3849	3.03362e-07
3850	3.04574e-07
3851	3.05784e-07
3852	3.07004e-07
3853	3.08217e-07
3854	3.09422e-07
3855	2.32703e-07
3856	3.0131e-07
3857	2.95816e-07
3858	2.38564e-07
3859	2.67338e-07
3860	2.7226e-07
3861	2.34956e-07
3862	2.80631e-07
3863	2.85017e-07
3864	2.43867e-07
3865	2.75821e-07
3866	2.81303e-07
3867	2.70236e-07
3868	2.63008e-07
3869	2.45579e-07
3870	2.91215e-07
3871	2.33713e-07
3872	2.7863e-07
3873	2.93772e-07
3874	2.85577e-07
3875	2.71888e-07
3876	2.71572e-07
3877	2.5272e-07
3878	2.36982e-07
3879	2.72486e-07
3880	2.95233e-07
3881	2.99297e-07
3882	2.87433e-07
3883	2.79863e-07
3884	2.8353e-07
3885	2.92621e-07
3886	2.9973e-07
3887	2.98597e-07
3888	2.92131e-07
3889	2.89614e-07
3890	2.93469e-07
3891	2.99576e-07
3892	3.03201e-07
3893	3.01865e-07
3894	2.98212e-07
3895	2.97277e-07
3896	3.00271e-07
3897	3.04509e-07
3898	3.06842e-07
3899	3.06119e-07
3900	3.04227e-07
3901	3.04008e-07
3902	3.06123e-07
3903	3.08965e-07
3904	2.49456e-07
3905	2.73995e-07
3906	2.65008e-07
3907	2.54878e-07
3908	2.6689e-07
3909	2.73916e-07
3910	2.74217e-07
3911	2.72889e-07
3912	2.63844e-07
3913	2.48885e-07
3914	2.57363e-07
3915	2.70137e-07
3916	2.74389e-07
3917	2.73802e-07
3918	2.66983e-07
3919	2.58085e-07
3920	2.61949e-07
3921	2.70607e-07
3922	2.74562e-07
3923	2.73936e-07
3924	2.68733e-07
3925	2.63749e-07
3926	2.66314e-07
3927	2.71831e-07
3928	2.74503e-07
3929	2.73495e-07
3930	2.69653e-07
3931	2.67134e-07
3932	2.69131e-07
3933	2.72551e-07
3934	2.73952e-07
3935	2.72673e-07
3936	2.70055e-07
3937	2.69004e-07
3938	2.70512e-07
3939	2.72429e-07
3940	2.72812e-07
3941	2.71526e-07
3942	2.69927e-07
3943	2.69643e-07
3944	2.70633e-07
3945	2.71474e-07
3946	2.71216e-07
3947	2.70123e-07
3948	2.69234e-07
3949	2.95172e-07
3950	2.99652e-07
3951	2.95477e-07
3952	2.74243e-07
3953	2.9474e-07
3954	2.87144e-07
3955	2.91063e-07
3956	2.8193e-07
3957	2.5305e-07
3958	2.97267e-07
3959	2.99452e-07
3960	2.97042e-07
3961	2.71955e-07
3962	3.08472e-07
3963	3.03161e-07
3964	3.01053e-07
3965	2.88692e-07
3966	2.16175e-07
3967	3.00632e-07
3968	2.98734e-07
3969	2.97679e-07
3970	2.71953e-07
3971	2.98715e-07
3972	2.86475e-07
3973	2.83413e-07
3974	2.61013e-07
3975	2.34739e-07
3976	2.43327e-07
3977	2.58717e-07
3978	2.62982e-07
3979	2.57184e-07
3980	2.48174e-07
3981	2.45619e-07
3982	2.49111e-07
3983	2.5177e-07
3984	2.50608e-07
3985	2.47121e-07
3986	2.44683e-07
3987	2.44538e-07
3988	2.45021e-07
3989	2.44471e-07
3990	2.42863e-07
3991	2.41242e-07
3992	2.403e-07
3993	2.39761e-07
3994	2.39038e-07
3995	2.37956e-07
3996	2.36765e-07
3997	2.35726e-07
3998	2.34844e-07
3999	2.33962e-07
4000	2.32985e-07
4001	2.3195e-07
4002	2.30936e-07
4003	2.29974e-07
4004	2.29033e-07
4005	2.28078e-07
4006	2.27094e-07
4007	2.26105e-07
4008	2.25133e-07
4009	2.24178e-07
4010	2.23223e-07
4011	2.22259e-07
4012	2.21291e-07
4013	2.20331e-07
4014	2.19378e-07
4015	2.1843e-07
4016	2.17479e-07
4017	2.16526e-07
4018	2.15574e-07
4019	2.14626e-07
4020	2.13682e-07
4021	2.1274e-07
4022	2.11797e-07
4023	2.95926e-07
4024	2.7046e-07
4025	2.96643e-07
4026	2.43223e-07
4027	2.95714e-07
4028	2.26296e-07
4029	2.94466e-07
4030	2.485e-07
4031	2.94014e-07
4032	2.23696e-07
4033	2.93311e-07
4034	2.25536e-07
4035	2.92093e-07
4036	2.22953e-07
4037	2.91428e-07
4038	3.06139e-07
4039	2.87985e-07
4040	2.41906e-07
4041	2.9528e-07
4042	2.98506e-07
4043	2.9172e-07
4044	2.40905e-07
4045	2.84614e-07
4046	2.84583e-07
4047	2.86405e-07
4048	2.26995e-07
4049	2.86408e-07
4050	2.85834e-07
4051	2.84322e-07
4052	2.8362e-07
4053	3.05188e-07
4054	2.76215e-07
4055	2.78658e-07
4056	2.84743e-07
4057	2.87424e-07
4058	2.83674e-07
4059	2.79445e-07
4060	2.76966e-07
4061	2.76553e-07
4062	2.77392e-07
4063	2.78373e-07
4064	2.7903e-07
4065	2.79499e-07
4066	2.79959e-07
4067	2.80425e-07
4068	2.80866e-07
4069	2.81456e-07
4070	2.82697e-07
4071	2.84709e-07
4072	2.86475e-07
4073	2.86906e-07
4074	2.86362e-07
4075	2.86e-07
4076	2.86575e-07
4077	2.87795e-07
4078	2.88606e-07
4079	2.88489e-07
4080	2.88014e-07
4081	2.879e-07
4082	2.88244e-07
4083	2.88583e-07
4084	2.88568e-07
4085	2.88316e-07
4086	2.8809e-07
4087	2.87974e-07
4088	2.87884e-07
4089	2.87739e-07
4090	2.8751e-07
4091	2.87201e-07
4092	2.86857e-07
4093	2.86524e-07
4094	2.86204e-07
4095	2.85849e-07
4096	2.85426e-07
4097	2.84951e-07
4098	2.84458e-07
4099	2.83964e-07
4100	2.83458e-07
4101	2.82914e-07
4102	2.82329e-07
4103	2.81717e-07
4104	2.81086e-07
4105	2.80439e-07
4106	2.79765e-07
4107	2.79058e-07
4108	2.78322e-07
4109	2.7756e-07
4110	2.80107e-07
4111	2.40039e-07
4112	2.62941e-07
4113	2.57596e-07
4114	2.56587e-07
4115	2.73105e-07
4116	2.55164e-07
4117	2.72142e-07
4118	2.66383e-07
4119	2.68453e-07
4120	2.38252e-07
4121	2.67069e-07
4122	2.61871e-07
4123	2.64737e-07
4124	2.54872e-07
4125	2.60985e-07
4126	2.57263e-07
4127	2.59967e-07
4128	2.52716e-07
4129	2.50332e-07
4130	2.28099e-07
4131	2.27119e-07
4132	2.52232e-07
4133	2.52049e-07
4134	2.38561e-07
4135	2.34781e-07
4136	2.24334e-07
4137	2.45213e-07
4138	2.34197e-07
4139	2.35525e-07
4140	2.35518e-07
4141	2.11493e-07
4142	2.3755e-07
4143	2.3799e-07
4144	2.27442e-07
4145	2.25393e-07
4146	2.19588e-07
4147	2.12877e-07
4148	2.00478e-07
4149	2.04317e-07
4150	2.11859e-07
4151	2.16e-07
4152	2.12335e-07
4153	2.05335e-07
4154	2.02705e-07
4155	2.05788e-07
4156	2.09728e-07
4157	2.10768e-07
4158	2.08236e-07
4159	2.05257e-07
4160	2.0427e-07
4161	2.05417e-07
4162	2.07207e-07
4163	2.07898e-07
4164	2.07267e-07
4165	2.06523e-07
4166	2.06466e-07
4167	2.06984e-07
4168	2.07607e-07
4169	2.07981e-07
4170	2.08178e-07
4171	2.0854e-07
4172	2.09173e-07
4173	2.09031e-07
4174	2.09003e-07
4175	2.08956e-07
4176	2.66559e-07
4177	1.86487e-07
4178	1.91904e-07
4179	1.73638e-07
4180	2.09001e-07
4181	2.90394e-07
4182	1.87949e-07
4183	1.85486e-07
4184	1.69451e-07
4185	2.02657e-07
4186	2.78808e-07
4187	1.68496e-07
4188	1.50273e-07
4189	1.72265e-07
4190	1.92112e-07
4191	2.41291e-07
4192	1.84988e-07
4193	1.78429e-07
4194	1.80964e-07
4195	2.24887e-07
4196	1.75259e-07
4197	1.80965e-07
4198	2.27618e-07
4199	1.60616e-07
4200	1.67487e-07
4201	2.05085e-07
4202	1.75263e-07
4203	1.8077e-07
4204	2.34066e-07
4205	1.55033e-07
4206	1.58228e-07
4207	1.73045e-07
4208	2.18831e-07
4209	3.10241e-07
4210	1.36589e-07
4211	1.48931e-07
4212	3.04285e-07
4213	1.60099e-07
4214	3.02399e-07
4215	1.53925e-07
4216	2.9761e-07
4217	1.32462e-07
4218	3.05953e-07
4219	1.43564e-07
4220	2.96001e-07
4221	3.04816e-07
4222	1.23523e-07
4223	1.20569e-07
4224	2.97236e-07
4225	3.04411e-07
4226	1.49233e-07
4227	2.84729e-07
4228	2.97714e-07
4229	1.21903e-07
4230	1.20969e-07
4231	2.90841e-07
4232	2.95279e-07
4233	2.66054e-07
4234	3.04617e-07
4235	2.92104e-07
4236	1.269e-07
4237	2.86995e-07
4238	3.00322e-07
4239	2.33487e-07
4240	2.96606e-07
4241	2.49814e-07
4242	3.1085e-07
4243	3.10098e-07
4244	3.11779e-07
4245	2.43402e-07
4246	2.33423e-07
4247	2.82304e-07
4248	2.00962e-07
4249	2.01166e-07
4250	3.11528e-07
4251	2.53023e-07
4252	2.96976e-07
4253	2.3357e-07
4254	2.98903e-07
4255	1.59241e-07
4256	1.91787e-07
4257	2.24146e-07
4258	3.04825e-07
4259	2.5875e-07
4260	3.06652e-07
4261	2.38831e-07
4262	1.74718e-07
4263	1.4977e-07
4264	1.73256e-07
4265	1.93739e-07
4266	1.9489e-07
4267	1.76244e-07
4268	1.77685e-07
4269	1.82373e-07
4270	1.88234e-07
4271	1.9377e-07
4272	1.91467e-07
4273	1.85504e-07
4274	1.86692e-07
4275	1.91107e-07
4276	1.95978e-07
4277	1.98151e-07
4278	1.95659e-07
4279	1.93298e-07
4280	1.95161e-07
4281	1.99005e-07
4282	2.0225e-07
4283	2.02812e-07
4284	2.01277e-07
4285	2.00995e-07
4286	2.03112e-07
4287	2.06028e-07
4288	2.0791e-07
4289	2.08004e-07
4290	2.07558e-07
4291	2.08335e-07
4292	2.10367e-07
4293	2.12644e-07
4294	2.13697e-07
4295	2.64763e-07
4296	2.69427e-07
4297	2.75323e-07
4298	2.83948e-07
4299	2.93378e-07
4300	3.03427e-07
4301	1.92708e-07
4302	3.05038e-07
4303	3.08199e-07
4304	3.04434e-07
4305	3.04236e-07
4306	3.1122e-07
4307	1.97872e-07
4308	1.97648e-07
4309	2.94441e-07
4310	2.29552e-07
4311	2.27032e-07
4312	2.65894e-07
4313	2.39447e-07
4314	2.28142e-07
4315	2.36061e-07
4316	2.39378e-07
4317	2.39279e-07
4318	2.38513e-07
4319	2.38686e-07
4320	2.39924e-07
4321	2.41953e-07
4322	2.43834e-07
4323	2.44654e-07
4324	2.4474e-07
4325	2.45234e-07
4326	2.46579e-07
4327	2.48233e-07
4328	2.49457e-07
4329	2.50075e-07
4330	2.52518e-07
4331	1.99575e-07
4332	2.05649e-07
4333	2.04403e-07
4334	2.0356e-07
4335	2.05703e-07
4336	2.09087e-07
4337	2.11337e-07
4338	2.11899e-07
4339	2.11807e-07
4340	2.12241e-07
4341	2.13459e-07
4342	2.1488e-07
4343	2.15847e-07
4344	2.16241e-07
4345	2.16485e-07
4346	2.17048e-07
4347	2.17991e-07
4348	2.18991e-07
4349	2.19707e-07
4350	2.20101e-07
4351	2.20434e-07
4352	2.20976e-07
4353	2.21744e-07
4354	2.22534e-07
4355	2.23144e-07
4356	2.23562e-07
4357	2.9058e-07
4358	2.45734e-07
4359	2.39719e-07
4360	2.26082e-07
4361	2.87742e-07
4362	2.4029e-07
4363	2.40611e-07
4364	2.3272e-07
4365	2.92033e-07
4366	2.45147e-07
4367	2.41654e-07
4368	2.323e-07
4369	2.94585e-07
4370	2.47332e-07
4371	2.44574e-07
4372	2.34304e-07
4373	2.95696e-07
4374	2.48044e-07
4375	2.45804e-07
4376	2.3635e-07
4377	2.29122e-07
4378	2.2946e-07
4379	2.34235e-07
4380	2.3798e-07
4381	2.3783e-07
4382	2.34926e-07
4383	2.32886e-07
4384	2.33672e-07
4385	2.36097e-07
4386	2.3784e-07
4387	2.37628e-07
4388	2.36217e-07
4389	2.35453e-07
4390	2.36195e-07
4391	2.37687e-07
4392	2.38631e-07
4393	2.38439e-07
4394	2.37688e-07
4395	2.37418e-07
4396	2.38008e-07
4397	2.38937e-07
4398	2.39454e-07
4399	2.39312e-07
4400	2.38928e-07
4401	2.38882e-07
4402	2.39313e-07
4403	2.39869e-07
4404	2.40134e-07
4405	2.40029e-07
4406	2.3984e-07
4407	2.39879e-07
4408	2.40171e-07
4409	2.40487e-07
4410	2.40602e-07
4411	2.40514e-07
4412	2.40413e-07
4413	2.40459e-07
4414	2.40632e-07
4415	2.40785e-07
4416	2.40804e-07
4417	2.40715e-07
4418	2.40638e-07
4419	2.4065e-07
4420	2.4072e-07
4421	2.40754e-07
4422	2.407e-07
4423	2.4059e-07
4424	2.40496e-07
4425	2.40452e-07
4426	2.4043e-07
4427	2.40372e-07
4428	2.40257e-07
4429	2.40114e-07
4430	2.39983e-07
4431	2.39878e-07
4432	2.39774e-07
4433	2.39642e-07
4434	2.39474e-07
4435	2.3929e-07
4436	2.39114e-07
4437	2.38946e-07
4438	2.3877e-07
4439	2.38572e-07
4440	2.38351e-07
4441	2.3812e-07
4442	2.3789e-07
4443	2.37658e-07
4444	2.37413e-07
4445	2.37147e-07
4446	2.36865e-07
4447	2.36575e-07
4448	2.36281e-07
4449	2.35983e-07
4450	2.35633e-07
4451	2.35363e-07
4452	2.35029e-07
4453	2.34682e-07
4454	2.3433e-07
4455	2.33974e-07
4456	2.33613e-07
4457	2.33242e-07
4458	2.3286e-07
4459	2.32469e-07
4460	2.32073e-07
4461	2.3167e-07
4462	2.3126e-07
4463	2.30843e-07
4464	2.30422e-07
4465	2.29996e-07
4466	2.29559e-07
4467	2.89239e-07
4468	2.43199e-07
4469	2.92652e-07
4470	2.44155e-07
4471	2.88803e-07
4472	2.38747e-07
4473	2.87898e-07
4474	2.39461e-07
4475	2.8718e-07
4476	2.92003e-07
4477	2.4996e-07
4478	2.86997e-07
4479	2.8837e-07
4480	2.43913e-07
4481	2.84102e-07
4482	2.86587e-07
4483	2.91628e-07
4484	2.50801e-07
4485	2.81402e-07
4486	2.81046e-07
4487	2.85948e-07
4488	2.90705e-07
4489	2.92403e-07
4490	2.50004e-07
4491	2.73931e-07
4492	2.7287e-07
4493	2.79128e-07
4494	2.85018e-07
4495	2.86899e-07
4496	2.45374e-07
4497	2.68277e-07
4498	2.66649e-07
4499	2.72644e-07
4500	2.78367e-07
4501	2.79835e-07
4502	2.37858e-07
4503	2.6152e-07
4504	2.59653e-07
4505	2.65176e-07
4506	2.70442e-07
4507	2.71585e-07
4508	2.28949e-07
4509	2.54312e-07
4510	2.52386e-07
4511	2.57281e-07
4512	2.61918e-07
4513	2.62742e-07
4514	2.1923e-07
4515	2.46722e-07
4516	2.44717e-07
4517	2.48834e-07
4518	2.52735e-07
4519	2.5325e-07
4520	2.08861e-07
4521	2.38824e-07
4522	2.36796e-07
4523	2.39908e-07
4524	2.42826e-07
4525	2.42911e-07
4526	2.4135e-07
4527	2.39763e-07
4528	2.38421e-07
4529	2.36722e-07
4530	2.3447e-07
4531	2.32171e-07
4532	2.3035e-07
4533	2.2898e-07
4534	2.27564e-07
4535	2.25628e-07
4536	2.23122e-07
4537	2.20367e-07
4538	2.17679e-07
4539	2.15111e-07
4540	2.12498e-07
4541	2.09669e-07
4542	2.06583e-07
4543	2.03301e-07
4544	1.99901e-07
4545	1.9646e-07
4546	1.9307e-07
4547	1.89834e-07
4548	1.86839e-07
4549	1.84112e-07
4550	1.81618e-07
4551	1.79296e-07
4552	1.77107e-07
4553	1.75049e-07
4554	1.73114e-07
4555	1.71289e-07
4556	1.69546e-07
4557	1.67861e-07
4558	1.66232e-07
4559	1.64653e-07
4560	1.63115e-07
4561	1.61615e-07
4562	1.60148e-07
4563	1.58712e-07
4564	1.57304e-07
4565	1.55921e-07
4566	1.54563e-07
4567	1.47749e-07
4568	1.72785e-07
4569	1.73336e-07
4570	1.66508e-07
4571	1.6251e-07
4572	1.50424e-07
4573	1.52038e-07
4574	1.48578e-07
4575	1.66774e-07
4576	1.66004e-07
4577	1.66821e-07
4578	1.61042e-07
4579	1.55513e-07
4580	1.51223e-07
4581	1.45324e-07
4582	1.6034e-07
4583	1.56578e-07
4584	1.60673e-07
4585	1.51486e-07
4586	1.53011e-07
4587	1.43428e-07
4588	1.42368e-07
4589	1.36203e-07
4590	1.36598e-07
4591	1.40511e-07
4592	1.43357e-07
4593	1.4293e-07
4594	1.40446e-07
4595	1.3869e-07
4596	3.10784e-07
4597	1.36933e-07
4598	1.39209e-07
4599	2.83969e-07
4600	1.43233e-07
4601	1.41411e-07
4602	1.28467e-07
4603	1.37308e-07
4604	1.27281e-07
4605	1.34922e-07
4606	1.29035e-07
4607	1.33363e-07
4608	1.25956e-07
4609	3.06603e-07
4610	2.81974e-07
4611	3.08277e-07
4612	2.67088e-07
4613	1.30579e-07
4614	2.83518e-07
4615	2.6074e-07
4616	3.02653e-07
4617	2.69034e-07
4618	2.89658e-07
4619	2.49537e-07
4620	2.93756e-07
4621	2.59457e-07
4622	2.85759e-07
4623	2.69798e-07
4624	2.8264e-07
4625	2.49325e-07
4626	2.82391e-07
4627	2.52859e-07
4628	2.74537e-07
4629	2.47199e-07
4630	2.70718e-07
4631	2.36521e-07
4632	2.70044e-07
4633	2.32835e-07
4634	2.65065e-07
4635	2.2933e-07
4636	2.60997e-07
4637	2.22267e-07
4638	2.50657e-07
4639	2.55855e-07
4640	2.22204e-07
4641	2.42635e-07
4642	2.51082e-07
4643	2.11831e-07
4644	2.29124e-07
4645	2.48359e-07
4646	2.18626e-07
4647	2.33762e-07
4648	2.37289e-07
4649	2.26854e-07
4650	2.33194e-07
4651	2.2967e-07
4652	2.29809e-07
4653	2.26651e-07
4654	2.26018e-07
4655	2.24995e-07
4656	2.24449e-07
4657	2.23462e-07
4658	2.22346e-07
4659	2.21314e-07
4660	2.20474e-07
4661	2.19721e-07
4662	2.1895e-07
4663	2.18186e-07
4664	2.17504e-07
4665	2.1693e-07
4666	2.16388e-07
4667	2.15821e-07
4668	2.1529e-07
4669	2.14934e-07
4670	2.14724e-07
4671	1.93456e-07
4672	2.01953e-07
4673	2.29534e-07
4674	2.12843e-07
4675	2.40897e-07
4676	2.46494e-07
4677	2.42478e-07
4678	2.36301e-07
4679	1.96681e-07
4680	2.29007e-07
4681	1.89492e-07
4682	2.21172e-07
4683	2.05572e-07
4684	2.49214e-07
4685	2.20835e-07
4686	2.3763e-07
4687	1.94503e-07
4688	2.04482e-07
4689	2.03041e-07
4690	1.95026e-07
4691	2.13521e-07
4692	2.32112e-07
4693	2.30909e-07
4694	2.63118e-07
4695	2.6798e-07
4696	2.35913e-07
4697	1.98875e-07
4698	2.07707e-07
4699	2.18436e-07
4700	2.25126e-07
4701	2.41557e-07
4702	2.87599e-07
4703	2.14091e-07
4704	2.72112e-07
4705	2.2481e-07
4706	2.21843e-07
4707	2.46233e-07
4708	2.31645e-07
4709	2.5663e-07
4710	2.20008e-07
4711	2.3374e-07
4712	2.29885e-07
4713	2.25972e-07
4714	2.42678e-07
4715	2.60571e-07
4716	2.97706e-07
4717	2.25016e-07
4718	2.21957e-07
4719	2.3213e-07
4720	2.51133e-07
4721	2.63753e-07
4722	3.01965e-07
4723	2.42025e-07
4724	2.24684e-07
4725	2.2914e-07
4726	2.70542e-07
4727	2.62103e-07
4728	2.54463e-07
4729	2.36242e-07
4730	2.48523e-07
4731	2.38154e-07
4732	2.50789e-07
4733	2.56766e-07
4734	2.96851e-07
4735	2.38095e-07
4736	2.53861e-07
4737	2.50344e-07
4738	2.62443e-07
4739	2.64185e-07
4740	2.64893e-07
4741	2.56977e-07
4742	2.63845e-07
4743	2.88207e-07
4744	2.77896e-07
4745	2.20738e-07
4746	2.58058e-07
4747	2.62105e-07
4748	2.6713e-07
4749	2.63918e-07
4750	2.87842e-07
4751	2.95177e-07
4752	2.30343e-07
4753	2.61656e-07
4754	2.72362e-07
4755	2.83506e-07
4756	2.82865e-07
4757	2.10692e-07
4758	2.31403e-07
4759	2.39761e-07
4760	2.37646e-07
4761	2.32426e-07
4762	2.3245e-07
4763	2.38497e-07
4764	2.46348e-07
4765	2.51732e-07
4766	2.52535e-07
4767	2.50063e-07
4768	2.48338e-07
4769	2.50076e-07
4770	2.54431e-07
4771	2.58788e-07
4772	2.61028e-07
4773	2.60787e-07
4774	2.59672e-07
4775	2.5986e-07
4776	2.62089e-07
4777	2.65338e-07
4778	2.68018e-07
4779	2.69221e-07
4780	2.69223e-07
4781	2.69196e-07
4782	2.70179e-07
4783	2.72255e-07
4784	2.74664e-07
4785	2.76531e-07
4786	2.77509e-07
4787	2.77943e-07
4788	2.78531e-07
4789	1.40607e-07
4790	3.07999e-07
4791	1.612e-07
4792	3.08784e-07
4793	3.05809e-07
4794	3.06972e-07
4795	1.5232e-07
4796	1.69567e-07
4797	2.10138e-07
4798	1.974e-07
4799	3.06643e-07
4800	1.65369e-07
4801	1.78396e-07
4802	1.92111e-07
4803	2.56465e-07
4804	1.83142e-07
4805	1.84486e-07
4806	2.48215e-07
4807	1.78071e-07
4808	1.87257e-07
4809	2.50733e-07
4810	1.82773e-07
4811	1.87938e-07
4812	2.56151e-07
4813	1.81645e-07
4814	1.88146e-07
4815	2.51805e-07
4816	1.82879e-07
4817	1.89358e-07
4818	2.57328e-07
4819	1.8329e-07
4820	1.89481e-07
4821	2.54475e-07
4822	1.83657e-07
4823	1.90297e-07
4824	2.57386e-07
4825	1.84065e-07
4826	1.90477e-07
4827	2.56257e-07
4828	1.84369e-07
4829	1.91028e-07
4830	2.57484e-07
4831	1.84534e-07
4832	1.91137e-07
4833	2.56978e-07
4834	1.8473e-07
4835	1.91461e-07
4836	2.57403e-07
4837	1.84742e-07
4838	1.91505e-07
4839	2.56957e-07
4840	1.84782e-07
4841	1.91623e-07
4842	2.56924e-07
4843	1.84648e-07
4844	1.91549e-07
4845	2.56324e-07
4846	1.8455e-07
4847	1.91509e-07
4848	2.55943e-07
4849	1.84299e-07
4850	1.91315e-07
4851	2.55119e-07
4852	1.84069e-07
4853	1.91141e-07
4854	2.5445e-07
4855	1.83733e-07
4856	1.90835e-07
4857	2.53425e-07
4858	1.83367e-07
4859	1.90514e-07
4860	2.5248e-07
4861	1.82895e-07
4862	1.90081e-07
4863	2.5125e-07
4864	1.82393e-07
4865	1.89621e-07
4866	2.50051e-07
4867	1.81781e-07
4868	1.8904e-07
4869	2.48588e-07
4870	1.81137e-07
4871	1.88435e-07
4872	2.47152e-07
4873	1.80405e-07
4874	1.87721e-07
4875	2.4547e-07
4876	1.7964e-07
4877	1.86979e-07
4878	2.43806e-07
4879	1.78781e-07
4880	1.86125e-07
4881	2.41903e-07
4882	1.77893e-07
4883	1.8525e-07
4884	2.40032e-07
4885	1.76911e-07
4886	1.84263e-07
4887	2.37928e-07
4888	1.75912e-07
4889	1.83262e-07
4890	2.35892e-07
4891	1.74811e-07
4892	1.82132e-07
4893	2.336e-07
4894	1.73701e-07
4895	1.81011e-07
4896	2.31427e-07
4897	1.72476e-07
4898	1.79743e-07
4899	2.28941e-07
4900	1.71282e-07
4901	1.78522e-07
4902	2.26614e-07
4903	1.69959e-07
4904	1.77123e-07
4905	1.86616e-07
4906	2.50839e-07
4907	1.66841e-07
4908	1.67468e-07
4909	1.79345e-07
4910	2.34257e-07
4911	1.7002e-07
4912	1.73792e-07
4913	1.81692e-07
4914	2.41359e-07
4915	1.6308e-07
4916	1.64083e-07
4917	1.75156e-07
4918	2.27835e-07
4919	1.6407e-07
4920	1.67905e-07
4921	1.76401e-07
4922	2.29876e-07
4923	1.58284e-07
4924	1.59734e-07
4925	1.70096e-07
4926	1.79441e-07
4927	3.0827e-07
4928	1.7267e-07
4929	3.10654e-07
4930	1.30215e-07
4931	1.33204e-07
4932	1.33589e-07
4933	1.28706e-07
4934	1.42004e-07
4935	3.08664e-07
4936	1.35126e-07
4937	1.4565e-07
4938	1.59155e-07
4939	3.06459e-07
4940	1.3995e-07
4941	1.44708e-07
4942	3.08057e-07
4943	1.27848e-07
4944	1.30945e-07
4945	1.31792e-07
4946	1.27923e-07
4947	1.25432e-07
4948	1.24998e-07
4949	1.25353e-07
4950	1.25761e-07
4951	1.26515e-07
4952	1.28371e-07
4953	1.29943e-07
4954	1.29445e-07
4955	1.28322e-07
4956	1.27707e-07
4957	1.28053e-07
4958	1.29579e-07
4959	1.30929e-07
4960	1.30522e-07
4961	1.29486e-07
4962	1.29074e-07
4963	1.29578e-07
4964	1.30355e-07
4965	1.30419e-07
4966	1.29917e-07
4967	1.2957e-07
4968	1.29593e-07
4969	1.29741e-07
4970	1.29729e-07
4971	1.29552e-07
4972	1.29327e-07
4973	1.29124e-07
4974	1.28973e-07
4975	1.28859e-07
4976	1.28721e-07
4977	1.28505e-07
4978	1.28232e-07
4979	1.27963e-07
4980	1.27731e-07
4981	3.07128e-07
4982	3.01784e-07
4983	1.23362e-07
4984	2.77801e-07
4985	2.64195e-07
4986	3.06559e-07
4987	2.87602e-07
4988	2.67715e-07
4989	2.62698e-07
4990	2.99073e-07
4991	2.9864e-07
4992	2.73971e-07
4993	2.70926e-07
4994	2.58541e-07
4995	2.90933e-07
4996	2.91119e-07
4997	2.88291e-07
4998	2.61993e-07
4999	2.64702e-07
5000	2.53514e-07
