1	0.00400452
2	0.000703518
3	0.000826454
4	0.000197188
5	0.000180858
6	0.00015854
7	0.00013728
8	0.000119095
9	0.000105115
10	9.46444e-05
11	8.62975e-05
12	7.89814e-05
13	7.21863e-05
14	6.62664e-05
15	6.14156e-05
16	5.74308e-05
17	5.3957e-05
18	5.07218e-05
19	4.76688e-05
20	4.48921e-05
21	4.24824e-05
22	4.03751e-05
23	3.84577e-05
24	3.66214e-05
25	3.48785e-05
26	3.32514e-05
27	3.17714e-05
28	3.03969e-05
29	2.91299e-05
30	2.79163e-05
31	2.67785e-05
32	2.569e-05
33	2.46932e-05
34	2.37464e-05
35	2.28576e-05
36	2.2008e-05
37	2.12054e-05
38	2.04503e-05
39	1.97233e-05
40	1.90452e-05
41	1.83856e-05
42	1.7761e-05
43	1.71572e-05
44	1.65912e-05
45	1.60452e-05
46	1.55351e-05
47	1.5051e-05
48	1.45895e-05
49	1.4144e-05
50	1.37233e-05
51	1.33224e-05
52	1.29414e-05
53	1.25712e-05
54	1.22164e-05
55	1.18764e-05
56	1.15506e-05
57	1.12356e-05
58	1.0938e-05
59	1.0651e-05
60	1.03749e-05
61	1.01077e-05
62	9.85032e-06
63	9.6e-06
64	9.35764e-06
65	9.12293e-06
66	8.89669e-06
67	8.67848e-06
68	8.46881e-06
69	8.26581e-06
70	8.06952e-06
71	7.87752e-06
72	7.69156e-06
73	7.51155e-06
74	7.33737e-06
75	7.16966e-06
76	7.00897e-06
77	6.85492e-06
78	6.70323e-06
79	6.5557e-06
80	6.41398e-06
81	6.27589e-06
82	6.142e-06
83	6.01143e-06
84	5.88268e-06
85	5.75891e-06
86	5.6403e-06
87	5.52327e-06
88	5.40856e-06
89	5.29807e-06
90	5.19182e-06
91	5.08831e-06
92	4.98757e-06
93	4.88953e-06
94	4.79396e-06
95	4.69937e-06
96	4.60725e-06
97	4.51775e-06
98	4.43078e-06
99	4.34601e-06
100	4.26289e-06
101	4.18248e-06
102	4.10451e-06
103	4.02843e-06
104	3.95396e-06
105	3.88169e-06
106	3.81168e-06
107	3.74358e-06
108	3.67727e-06
109	3.61266e-06
110	3.54974e-06
111	3.48827e-06
112	3.42828e-06
113	3.36949e-06
114	3.31206e-06
115	3.25623e-06
116	3.20192e-06
117	3.14898e-06
118	3.09765e-06
119	3.04785e-06
120	2.99763e-06
121	2.94809e-06
122	2.89932e-06
123	2.8511e-06
124	2.80336e-06
125	2.75649e-06
126	2.71009e-06
127	2.66432e-06
128	2.61968e-06
129	2.57631e-06
130	2.5341e-06
131	2.49269e-06
132	2.45216e-06
133	2.4127e-06
134	2.37426e-06
135	2.33656e-06
136	2.29946e-06
137	2.263e-06
138	2.22729e-06
139	2.19238e-06
140	2.15832e-06
141	2.12451e-06
142	2.09146e-06
143	2.05917e-06
144	2.02775e-06
145	1.99697e-06
146	1.96596e-06
147	1.93555e-06
148	1.90589e-06
149	1.87685e-06
150	1.84832e-06
151	1.82008e-06
152	1.7926e-06
153	1.76579e-06
154	1.73972e-06
155	1.71436e-06
156	1.68946e-06
157	1.66469e-06
158	1.64092e-06
159	1.61792e-06
160	1.59548e-06
161	1.57355e-06
162	1.55251e-06
163	1.53095e-06
164	1.50981e-06
165	1.48921e-06
166	1.46911e-06
167	1.44938e-06
168	1.4301e-06
169	1.41119e-06
170	1.39235e-06
171	1.37348e-06
172	1.35568e-06
173	1.33839e-06
174	1.32145e-06
175	1.30487e-06
176	1.28865e-06
177	1.27278e-06
178	1.25728e-06
179	1.24211e-06
180	1.22728e-06
181	1.21277e-06
182	1.19856e-06
183	1.18441e-06
184	1.17048e-06
185	1.15688e-06
186	1.14354e-06
187	1.13047e-06
188	1.11771e-06
189	1.10533e-06
190	1.09328e-06
191	1.08154e-06
192	1.07003e-06
193	1.05861e-06
194	1.04759e-06
195	1.03693e-06
196	1.02659e-06
197	1.01654e-06
198	1.00676e-06
199	9.97209e-07
200	9.87936e-07
201	9.7894e-07
202	9.70187e-07
203	9.61477e-07
204	9.52696e-07
205	9.43947e-07
206	9.3529e-07
207	9.26722e-07
208	9.18251e-07
209	9.09873e-07
210	9.01584e-07
211	8.93386e-07
212	8.85293e-07
213	8.7731e-07
214	8.69459e-07
215	8.61726e-07
216	8.5411e-07
217	8.46652e-07
218	8.39347e-07
219	8.322e-07
220	8.25221e-07
221	8.18315e-07
222	8.11381e-07
223	8.04595e-07
224	7.98035e-07
225	7.91502e-07
226	7.84955e-07
227	7.78508e-07
228	7.72209e-07
229	7.66095e-07
230	7.6019e-07
231	7.54529e-07
232	7.49126e-07
233	7.43827e-07
234	7.38442e-07
235	7.33072e-07
236	7.27698e-07
237	7.22434e-07
238	7.17304e-07
239	7.12289e-07
240	7.07201e-07
241	7.02079e-07
242	6.97035e-07
243	6.92081e-07
244	6.87172e-07
245	6.82306e-07
246	6.77366e-07
247	6.72333e-07
248	6.67367e-07
249	6.62527e-07
250	6.57807e-07
251	6.53194e-07
252	6.48633e-07
253	6.44026e-07
254	6.39387e-07
255	6.34931e-07
256	6.3059e-07
257	6.26369e-07
258	6.22273e-07
259	6.18316e-07
260	6.14432e-07
261	6.1062e-07
262	6.06776e-07
263	6.03012e-07
264	5.99356e-07
265	5.95811e-07
266	5.92312e-07
267	5.888e-07
268	5.85357e-07
269	5.82091e-07
270	5.78979e-07
271	5.7598e-07
272	5.73026e-07
273	5.70099e-07
274	5.67154e-07
275	5.64191e-07
276	5.61185e-07
277	5.58174e-07
278	5.55162e-07
279	5.52146e-07
280	5.49179e-07
281	5.46311e-07
282	5.43551e-07
283	5.40879e-07
284	5.38265e-07
285	5.35692e-07
286	5.33145e-07
287	5.30651e-07
288	5.28212e-07
289	5.25835e-07
290	5.23501e-07
291	5.21232e-07
292	5.19028e-07
293	5.16894e-07
294	5.1482e-07
295	5.12764e-07
296	5.10694e-07
297	5.08612e-07
298	5.06597e-07
299	5.04663e-07
300	5.02778e-07
301	5.00926e-07
302	4.99127e-07
303	4.97377e-07
304	4.95656e-07
305	4.93993e-07
306	4.92362e-07
307	4.90643e-07
308	4.88862e-07
309	4.8719e-07
310	4.85645e-07
311	4.84196e-07
312	4.82774e-07
313	4.8137e-07
314	4.80009e-07
315	4.78715e-07
316	4.77464e-07
317	4.76256e-07
318	4.75102e-07
319	4.74014e-07
320	4.7291e-07
321	4.71771e-07
322	4.70637e-07
323	4.69483e-07
324	4.68281e-07
325	4.67098e-07
326	4.65929e-07
327	4.64751e-07
328	4.63574e-07
329	4.62392e-07
330	4.61237e-07
331	4.60092e-07
332	4.58906e-07
333	4.57659e-07
334	4.56421e-07
335	4.55246e-07
336	4.54164e-07
337	4.53171e-07
338	4.52259e-07
339	4.51385e-07
340	4.50549e-07
341	4.49734e-07
342	4.48929e-07
343	4.48108e-07
344	4.47261e-07
345	4.46425e-07
346	4.45606e-07
347	4.44858e-07
348	4.44151e-07
349	4.43444e-07
350	4.42726e-07
351	4.42004e-07
352	4.41292e-07
353	4.40547e-07
354	4.39774e-07
355	4.3901e-07
356	4.38268e-07
357	4.37515e-07
358	4.36718e-07
359	4.35968e-07
360	4.35227e-07
361	4.34473e-07
362	4.33714e-07
363	4.32939e-07
364	4.32177e-07
365	4.31407e-07
366	4.3058e-07
367	4.2975e-07
368	4.2897e-07
369	4.28232e-07
370	4.27523e-07
371	4.26823e-07
372	4.26111e-07
373	4.25396e-07
374	4.24686e-07
375	4.23975e-07
376	4.233e-07
377	4.22646e-07
378	4.21986e-07
379	4.2133e-07
380	4.20694e-07
381	4.20076e-07
382	4.19465e-07
383	4.18835e-07
384	4.18213e-07
385	4.17598e-07
386	4.16949e-07
387	4.16251e-07
388	4.15577e-07
389	4.1494e-07
390	4.14372e-07
391	4.13848e-07
392	4.1334e-07
393	4.12835e-07
394	4.12324e-07
395	4.11844e-07
396	4.11381e-07
397	4.10927e-07
398	4.10489e-07
399	4.10082e-07
400	4.09696e-07
401	4.09338e-07
402	4.08993e-07
403	4.08679e-07
404	4.08344e-07
405	4.07995e-07
406	4.07633e-07
407	4.07297e-07
408	4.07053e-07
409	4.06903e-07
410	4.06825e-07
411	4.06787e-07
412	4.06754e-07
413	4.06745e-07
414	4.06756e-07
415	4.06768e-07
416	4.06753e-07
417	4.06754e-07
418	4.06796e-07
419	4.06889e-07
420	4.07028e-07
421	4.07209e-07
422	4.07407e-07
423	4.0765e-07
424	4.07951e-07
425	4.08284e-07
426	4.08664e-07
427	4.09087e-07
428	4.09506e-07
429	4.09834e-07
430	4.10067e-07
431	4.10235e-07
432	4.10413e-07
433	4.10632e-07
434	4.10902e-07
435	4.11205e-07
436	4.11548e-07
437	4.11912e-07
438	4.12306e-07
439	4.12738e-07
440	4.13211e-07
441	4.13697e-07
442	4.142e-07
443	4.14738e-07
444	4.15307e-07
445	4.15902e-07
446	4.16522e-07
447	4.17159e-07
448	4.17818e-07
449	4.18486e-07
450	4.19175e-07
451	4.19885e-07
452	4.20618e-07
453	4.21381e-07
454	4.22166e-07
455	4.22993e-07
456	4.23834e-07
457	4.24684e-07
458	4.25543e-07
459	4.26411e-07
460	4.27278e-07
461	4.28129e-07
462	4.28924e-07
463	4.29716e-07
464	4.30599e-07
465	4.31634e-07
466	4.32694e-07
467	4.33742e-07
468	4.34782e-07
469	4.35798e-07
470	4.36813e-07
471	4.3784e-07
472	4.38879e-07
473	4.39927e-07
474	4.40979e-07
475	4.42054e-07
476	4.43122e-07
477	4.44185e-07
478	4.4526e-07
479	4.46328e-07
480	4.47386e-07
481	4.48447e-07
482	4.49511e-07
483	4.50579e-07
484	4.51644e-07
485	4.52692e-07
486	4.53734e-07
487	4.54782e-07
488	4.55836e-07
489	4.56888e-07
490	4.5792e-07
491	4.58948e-07
492	4.59973e-07
493	4.60993e-07
494	4.62005e-07
495	4.63004e-07
496	4.63994e-07
497	4.64974e-07
498	4.65974e-07
499	4.66994e-07
500	4.68037e-07
501	4.69089e-07
502	4.70137e-07
503	4.71175e-07
504	4.72216e-07
505	4.73273e-07
506	4.74323e-07
507	4.75379e-07
508	4.76452e-07
509	4.77522e-07
510	4.78573e-07
511	4.79626e-07
512	4.80725e-07
513	4.81856e-07
514	4.82987e-07
515	4.84168e-07
516	4.85388e-07
517	4.86625e-07
518	4.87854e-07
519	4.89076e-07
520	4.90296e-07
521	4.91487e-07
522	4.92662e-07
523	4.93827e-07
524	4.94996e-07
525	4.9616e-07
526	4.97325e-07
527	4.98473e-07
528	4.99607e-07
529	5.00719e-07
530	5.01825e-07
531	5.02928e-07
532	5.04013e-07
533	5.05091e-07
534	5.06151e-07
535	5.07205e-07
536	5.08293e-07
537	5.0936e-07
538	5.10406e-07
539	5.11442e-07
540	5.12455e-07
541	5.13464e-07
542	5.14482e-07
543	5.15512e-07
544	5.16533e-07
545	5.17531e-07
546	5.18483e-07
547	5.19389e-07
548	5.20269e-07
549	5.21166e-07
550	5.22049e-07
551	5.22895e-07
552	5.23733e-07
553	5.24576e-07
554	5.25403e-07
555	5.26205e-07
556	5.26975e-07
557	5.27747e-07
558	5.28534e-07
559	5.29282e-07
560	5.29998e-07
561	5.30719e-07
562	5.3139e-07
563	5.32005e-07
564	5.32579e-07
565	5.3309e-07
566	5.33552e-07
567	5.33979e-07
568	5.34385e-07
569	5.34776e-07
570	5.35139e-07
571	5.35458e-07
572	5.35776e-07
573	5.36077e-07
574	5.36344e-07
575	5.36601e-07
576	5.36872e-07
577	5.37155e-07
578	5.37454e-07
579	5.37754e-07
580	5.38049e-07
581	5.38343e-07
582	5.38628e-07
583	5.38903e-07
584	5.3916e-07
585	5.39424e-07
586	5.39685e-07
587	5.39951e-07
588	5.40181e-07
589	5.40437e-07
590	5.40728e-07
591	5.41037e-07
592	5.41356e-07
593	5.41697e-07
594	5.42056e-07
595	5.42406e-07
596	5.42764e-07
597	5.43128e-07
598	5.43497e-07
599	5.43878e-07
600	5.4426e-07
601	5.44653e-07
602	5.45042e-07
603	5.45415e-07
604	5.45783e-07
605	5.46139e-07
606	5.46521e-07
607	5.46933e-07
608	5.47344e-07
609	5.47745e-07
610	5.48137e-07
611	5.4852e-07
612	5.48876e-07
613	5.49208e-07
614	5.49536e-07
615	5.49864e-07
616	5.50182e-07
617	5.50495e-07
618	5.50766e-07
619	5.5096e-07
620	5.51116e-07
621	5.51243e-07
622	5.51289e-07
623	5.51184e-07
624	5.50997e-07
625	5.512e-07
626	5.51563e-07
627	5.51881e-07
628	5.52121e-07
629	5.5232e-07
630	5.52529e-07
631	5.52736e-07
632	5.52994e-07
633	5.53296e-07
634	5.53574e-07
635	5.53781e-07
636	5.53922e-07
637	5.54043e-07
638	5.54295e-07
639	5.54848e-07
640	5.55175e-07
641	5.55264e-07
642	5.55296e-07
643	5.55392e-07
644	5.55512e-07
645	5.55805e-07
646	5.56176e-07
647	5.566e-07
648	5.57125e-07
649	5.57766e-07
650	5.58421e-07
651	5.59146e-07
652	5.59843e-07
653	5.60501e-07
654	5.61108e-07
655	5.61768e-07
656	5.62463e-07
657	5.63035e-07
658	5.63454e-07
659	5.63834e-07
660	5.64275e-07
661	5.64859e-07
662	5.65593e-07
663	5.66541e-07
664	5.67677e-07
665	5.68916e-07
666	5.70152e-07
667	5.71256e-07
668	5.72243e-07
669	5.73172e-07
670	5.74114e-07
671	5.75021e-07
672	5.75939e-07
673	5.7682e-07
674	5.77753e-07
675	5.78763e-07
676	5.79982e-07
677	5.81268e-07
678	5.82445e-07
679	5.83368e-07
680	5.83986e-07
681	5.84867e-07
682	5.86071e-07
683	5.87243e-07
684	5.88402e-07
685	5.89523e-07
686	5.90623e-07
687	5.91703e-07
688	5.9274e-07
689	5.93827e-07
690	5.95018e-07
691	5.9684e-07
692	5.98316e-07
693	5.99343e-07
694	6.00261e-07
695	6.01212e-07
696	6.02178e-07
697	6.03182e-07
698	6.04328e-07
699	6.05622e-07
700	6.06985e-07
701	6.08382e-07
702	6.09765e-07
703	6.1111e-07
704	6.12424e-07
705	6.13735e-07
706	6.1505e-07
707	6.16354e-07
708	6.17773e-07
709	6.19178e-07
710	6.20375e-07
711	6.21633e-07
712	6.22969e-07
713	6.24371e-07
714	6.25847e-07
715	6.27343e-07
716	6.28784e-07
717	6.30089e-07
718	6.31284e-07
719	6.32269e-07
720	6.32709e-07
721	6.32481e-07
722	6.33133e-07
723	6.33619e-07
724	6.34434e-07
725	6.35614e-07
726	6.37252e-07
727	6.39233e-07
728	6.41379e-07
729	6.43646e-07
730	6.45875e-07
731	6.47814e-07
732	6.49628e-07
733	6.53689e-07
734	6.58014e-07
735	6.61745e-07
736	6.6524e-07
737	6.68582e-07
738	6.71799e-07
739	6.74701e-07
740	6.77203e-07
741	6.79535e-07
742	6.82996e-07
743	6.85904e-07
744	6.88061e-07
745	6.89807e-07
746	6.91152e-07
747	6.91912e-07
748	6.91628e-07
749	6.91558e-07
750	6.91523e-07
751	6.90483e-07
752	6.90481e-07
753	6.908e-07
754	6.90978e-07
755	6.90658e-07
756	6.90365e-07
757	6.92251e-07
758	6.95429e-07
759	6.99672e-07
760	7.03133e-07
761	7.05786e-07
762	7.08036e-07
763	7.10784e-07
764	7.12954e-07
765	7.13796e-07
766	7.13769e-07
767	7.13153e-07
768	7.12074e-07
769	7.1071e-07
770	7.09239e-07
771	7.0772e-07
772	7.06115e-07
773	7.04668e-07
774	7.03799e-07
775	7.03151e-07
776	7.02681e-07
777	7.02589e-07
778	7.02345e-07
779	7.01742e-07
780	7.00812e-07
781	6.99891e-07
782	6.99299e-07
783	6.98574e-07
784	6.9738e-07
785	6.95333e-07
786	6.91494e-07
787	6.9031e-07
788	6.8943e-07
789	6.88346e-07
790	6.87257e-07
791	6.86229e-07
792	6.84835e-07
793	6.8371e-07
794	6.85628e-07
795	6.86379e-07
796	6.86476e-07
797	6.86464e-07
798	6.85689e-07
799	6.84233e-07
800	6.82305e-07
801	6.80074e-07
802	6.77697e-07
803	6.75246e-07
804	6.72719e-07
805	6.69706e-07
806	6.66293e-07
807	6.65276e-07
808	6.64464e-07
809	6.64101e-07
810	6.64044e-07
811	6.65474e-07
812	6.63638e-07
813	6.61269e-07
814	6.59222e-07
815	6.58125e-07
816	6.56823e-07
817	6.55762e-07
818	6.55056e-07
819	6.54835e-07
820	6.54775e-07
821	6.55542e-07
822	6.56027e-07
823	6.57466e-07
824	6.57786e-07
825	6.57066e-07
826	6.54988e-07
827	6.52072e-07
828	6.516e-07
829	6.49975e-07
830	6.47924e-07
831	6.45178e-07
832	6.44736e-07
833	6.40651e-07
834	6.36816e-07
835	6.33584e-07
836	6.30579e-07
837	6.27807e-07
838	6.25316e-07
839	6.23015e-07
840	6.20688e-07
841	6.1827e-07
842	6.15685e-07
843	6.12936e-07
844	6.1e-07
845	6.0682e-07
846	6.03538e-07
847	6.00818e-07
848	5.98261e-07
849	5.95514e-07
850	5.92558e-07
851	5.89493e-07
852	5.8642e-07
853	5.83398e-07
854	5.80438e-07
855	5.77529e-07
856	5.74541e-07
857	5.71522e-07
858	5.68323e-07
859	5.64519e-07
860	5.60184e-07
861	5.57313e-07
862	5.55301e-07
863	5.53752e-07
864	5.51918e-07
865	5.49833e-07
866	5.47846e-07
867	5.46009e-07
868	5.44188e-07
869	5.42328e-07
870	5.40389e-07
871	5.38608e-07
872	5.38157e-07
873	5.37653e-07
874	5.36503e-07
875	5.34786e-07
876	5.32615e-07
877	5.29987e-07
878	5.26881e-07
879	5.23173e-07
880	5.18226e-07
881	5.14583e-07
882	5.12633e-07
883	5.10546e-07
884	5.08348e-07
885	5.06137e-07
886	5.03797e-07
887	5.01292e-07
888	4.98697e-07
889	4.97724e-07
890	4.96433e-07
891	4.93668e-07
892	4.90509e-07
893	4.87369e-07
894	4.84422e-07
895	4.81715e-07
896	4.79194e-07
897	4.76775e-07
898	4.74402e-07
899	4.72008e-07
900	4.69617e-07
901	4.67226e-07
902	4.64802e-07
903	4.62398e-07
904	4.59954e-07
905	4.57529e-07
906	4.5513e-07
907	4.52835e-07
908	4.50577e-07
909	4.48412e-07
910	4.46334e-07
911	4.44301e-07
912	4.42338e-07
913	4.40448e-07
914	4.38599e-07
915	4.36723e-07
916	4.34848e-07
917	4.32922e-07
918	4.30975e-07
919	4.29016e-07
920	4.27049e-07
921	4.25051e-07
922	4.23145e-07
923	4.21291e-07
924	4.19535e-07
925	4.17847e-07
926	4.16264e-07
927	4.14751e-07
928	4.13352e-07
929	4.1219e-07
930	4.11308e-07
931	4.104e-07
932	4.09466e-07
933	4.08546e-07
934	4.07725e-07
935	4.06998e-07
936	4.06329e-07
937	4.05775e-07
938	4.05287e-07
939	4.04863e-07
940	4.04481e-07
941	4.04169e-07
942	4.03929e-07
943	4.03759e-07
944	4.03653e-07
945	4.03592e-07
946	4.03574e-07
947	4.03693e-07
948	4.03873e-07
949	4.03931e-07
950	4.03939e-07
951	4.03988e-07
952	4.04059e-07
953	4.042e-07
954	4.04364e-07
955	4.04578e-07
956	4.04832e-07
957	4.05119e-07
958	4.05429e-07
959	4.05779e-07
960	4.06154e-07
961	4.0654e-07
962	4.06961e-07
963	4.07389e-07
964	4.07842e-07
965	4.08384e-07
966	4.08929e-07
967	4.09492e-07
968	4.10044e-07
969	4.10588e-07
970	4.11122e-07
971	4.1165e-07
972	4.12176e-07
973	4.12693e-07
974	4.13195e-07
975	4.1369e-07
976	4.14159e-07
977	4.14598e-07
978	4.14988e-07
979	4.15353e-07
980	4.15687e-07
981	4.15985e-07
982	4.1626e-07
983	4.16536e-07
984	4.16811e-07
985	4.17089e-07
986	4.17381e-07
987	4.17687e-07
988	4.17999e-07
989	4.18318e-07
990	4.18634e-07
991	4.18957e-07
992	4.19282e-07
993	4.19622e-07
994	4.19965e-07
995	4.20319e-07
996	4.20684e-07
997	4.21058e-07
998	4.21439e-07
999	4.21828e-07
1000	4.22223e-07
1001	4.22625e-07
1002	4.23034e-07
1003	4.23456e-07
1004	4.23874e-07
1005	4.24304e-07
1006	4.24742e-07
1007	4.25184e-07
1008	4.25628e-07
1009	4.26076e-07
1010	4.2651e-07
1011	4.26945e-07
1012	4.27366e-07
1013	4.27781e-07
1014	4.28188e-07
1015	4.28591e-07
1016	4.28973e-07
1017	4.29354e-07
1018	4.29727e-07
1019	4.30099e-07
1020	4.3047e-07
1021	4.30833e-07
1022	4.31192e-07
1023	4.31557e-07
1024	4.31919e-07
1025	4.32284e-07
1026	4.32643e-07
1027	4.32996e-07
1028	4.33338e-07
1029	4.33676e-07
1030	4.33998e-07
1031	4.34319e-07
1032	4.34628e-07
1033	4.34934e-07
1034	4.35237e-07
1035	4.35546e-07
1036	4.35853e-07
1037	4.36164e-07
1038	4.36479e-07
1039	4.36801e-07
1040	4.37124e-07
1041	4.37454e-07
1042	4.37783e-07
1043	4.38118e-07
1044	4.38449e-07
1045	4.3879e-07
1046	4.39127e-07
1047	4.39472e-07
1048	4.39809e-07
1049	4.40157e-07
1050	4.40492e-07
1051	4.40829e-07
1052	4.41146e-07
1053	4.41436e-07
1054	4.41681e-07
1055	4.41882e-07
1056	4.42028e-07
1057	4.42122e-07
1058	4.42159e-07
1059	4.42156e-07
1060	4.42105e-07
1061	4.42012e-07
1062	4.41887e-07
1063	4.41735e-07
1064	4.4155e-07
1065	4.41343e-07
1066	4.4109e-07
1067	4.40796e-07
1068	4.40444e-07
1069	4.40046e-07
1070	4.39588e-07
1071	4.39088e-07
1072	4.38536e-07
1073	4.37963e-07
1074	4.37371e-07
1075	4.36783e-07
1076	4.36207e-07
1077	4.35675e-07
1078	4.35171e-07
1079	4.34703e-07
1080	4.34267e-07
1081	4.33872e-07
1082	4.33511e-07
1083	4.33194e-07
1084	4.32913e-07
1085	4.32676e-07
1086	4.3246e-07
1087	4.32284e-07
1088	4.32127e-07
1089	4.32013e-07
1090	4.31923e-07
1091	4.3187e-07
1092	4.31835e-07
1093	4.31831e-07
1094	4.31841e-07
1095	4.31869e-07
1096	4.31896e-07
1097	4.31939e-07
1098	4.31975e-07
1099	4.3202e-07
1100	4.3205e-07
1101	4.3209e-07
1102	4.32109e-07
1103	4.32135e-07
1104	4.32149e-07
1105	4.32153e-07
1106	4.32143e-07
1107	4.32137e-07
1108	4.32116e-07
1109	4.32066e-07
1110	4.31999e-07
1111	4.3193e-07
1112	4.31846e-07
1113	4.31766e-07
1114	4.31669e-07
1115	4.31575e-07
1116	4.31466e-07
1117	4.31361e-07
1118	4.31243e-07
1119	4.31138e-07
1120	4.31023e-07
1121	4.30909e-07
1122	4.3078e-07
1123	4.30655e-07
1124	4.30517e-07
1125	4.30382e-07
1126	4.30231e-07
1127	4.30079e-07
1128	4.29913e-07
1129	4.29745e-07
1130	4.29556e-07
1131	4.29365e-07
1132	4.29152e-07
1133	4.2894e-07
1134	4.28712e-07
1135	4.28479e-07
1136	4.28234e-07
1137	4.27987e-07
1138	4.27724e-07
1139	4.27453e-07
1140	4.27157e-07
1141	4.26859e-07
1142	4.26539e-07
1143	4.26211e-07
1144	4.25845e-07
1145	4.25436e-07
1146	4.24945e-07
1147	4.24389e-07
1148	4.23765e-07
1149	4.23122e-07
1150	4.22462e-07
1151	4.2181e-07
1152	4.21145e-07
1153	4.20493e-07
1154	4.19839e-07
1155	4.19204e-07
1156	4.18574e-07
1157	4.17961e-07
1158	4.17343e-07
1159	4.16762e-07
1160	4.16249e-07
1161	4.15824e-07
1162	4.15447e-07
1163	4.15104e-07
1164	4.14727e-07
1165	4.143e-07
1166	4.13801e-07
1167	4.13253e-07
1168	4.12635e-07
1169	4.11978e-07
1170	4.11261e-07
1171	4.10505e-07
1172	4.09697e-07
1173	4.08866e-07
1174	4.08006e-07
1175	4.07178e-07
1176	4.06389e-07
1177	4.05725e-07
1178	4.05257e-07
1179	4.05007e-07
1180	4.04601e-07
1181	4.03701e-07
1182	4.02423e-07
1183	4.00959e-07
1184	3.99374e-07
1185	3.97763e-07
1186	3.96179e-07
1187	3.94712e-07
1188	3.93377e-07
1189	3.92188e-07
1190	3.91098e-07
1191	3.90082e-07
1192	3.89006e-07
1193	3.87906e-07
1194	3.8678e-07
1195	3.85736e-07
1196	3.84758e-07
1197	3.83846e-07
1198	3.8298e-07
1199	3.82159e-07
1200	3.8136e-07
1201	3.80564e-07
1202	3.79569e-07
1203	3.78046e-07
1204	3.76269e-07
1205	3.74624e-07
1206	3.73229e-07
1207	3.72099e-07
1208	3.71222e-07
1209	3.70591e-07
1210	3.70116e-07
1211	3.69732e-07
1212	3.69334e-07
1213	3.68885e-07
1214	3.68345e-07
1215	3.67747e-07
1216	3.67086e-07
1217	3.66397e-07
1218	3.65646e-07
1219	3.64841e-07
1220	3.63941e-07
1221	3.63026e-07
1222	3.62102e-07
1223	3.61247e-07
1224	3.6051e-07
1225	3.59944e-07
1226	3.59195e-07
1227	3.57859e-07
1228	3.56503e-07
1229	3.55373e-07
1230	3.54472e-07
1231	3.53818e-07
1232	3.53362e-07
1233	3.53127e-07
1234	3.53113e-07
1235	3.53364e-07
1236	3.53571e-07
1237	3.53358e-07
1238	3.52989e-07
1239	3.52627e-07
1240	3.52189e-07
1241	3.51623e-07
1242	3.50913e-07
1243	3.50113e-07
1244	3.49241e-07
1245	3.48082e-07
1246	3.46624e-07
1247	3.45605e-07
1248	3.44969e-07
1249	3.44586e-07
1250	3.44279e-07
1251	3.43957e-07
1252	3.43562e-07
1253	3.43099e-07
1254	3.42582e-07
1255	3.42033e-07
1256	3.41444e-07
1257	3.40647e-07
1258	3.39348e-07
1259	3.3806e-07
1260	3.36952e-07
1261	3.35931e-07
1262	3.34962e-07
1263	3.34073e-07
1264	3.33303e-07
1265	3.32684e-07
1266	3.32202e-07
1267	3.31826e-07
1268	3.31495e-07
1269	3.31156e-07
1270	3.30758e-07
1271	3.30272e-07
1272	3.2966e-07
1273	3.28934e-07
1274	3.28127e-07
1275	3.27286e-07
1276	3.26436e-07
1277	3.25574e-07
1278	3.24711e-07
1279	3.2387e-07
1280	3.23045e-07
1281	3.2224e-07
1282	3.21464e-07
1283	3.20733e-07
1284	3.20053e-07
1285	3.19445e-07
1286	3.18934e-07
1287	3.18525e-07
1288	3.18032e-07
1289	3.17307e-07
1290	3.16449e-07
1291	3.15478e-07
1292	3.14382e-07
1293	3.13212e-07
1294	3.12017e-07
1295	3.10857e-07
1296	3.09774e-07
1297	3.08794e-07
1298	3.079e-07
1299	3.07096e-07
1300	3.06313e-07
1301	3.0556e-07
1302	3.04828e-07
1303	3.04122e-07
1304	3.03435e-07
1305	3.02786e-07
1306	3.02187e-07
1307	3.01662e-07
1308	3.01242e-07
1309	3.00986e-07
1310	3.00763e-07
1311	2.99946e-07
1312	2.98584e-07
1313	2.97231e-07
1314	2.95953e-07
1315	2.94747e-07
1316	2.93622e-07
1317	2.92597e-07
1318	2.91674e-07
1319	2.90877e-07
1320	2.90182e-07
1321	2.8958e-07
1322	2.89013e-07
1323	2.88458e-07
1324	2.87941e-07
1325	2.8746e-07
1326	2.86992e-07
1327	2.86536e-07
1328	2.86097e-07
1329	2.85669e-07
1330	2.85245e-07
1331	2.84827e-07
1332	2.8435e-07
1333	2.83533e-07
1334	2.8241e-07
1335	2.81463e-07
1336	2.80716e-07
1337	2.80077e-07
1338	2.79475e-07
1339	2.78912e-07
1340	2.784e-07
1341	2.77957e-07
1342	2.77585e-07
1343	2.7727e-07
1344	2.76984e-07
1345	2.7671e-07
1346	2.76413e-07
1347	2.76079e-07
1348	2.75701e-07
1349	2.75279e-07
1350	2.74815e-07
1351	2.74328e-07
1352	2.73817e-07
1353	2.73298e-07
1354	2.7277e-07
1355	2.7224e-07
1356	2.71704e-07
1357	2.71172e-07
1358	2.70644e-07
1359	2.70124e-07
1360	2.69607e-07
1361	2.69097e-07
1362	2.68592e-07
1363	2.68097e-07
1364	2.67601e-07
1365	2.671e-07
1366	2.66583e-07
1367	2.66049e-07
1368	2.65501e-07
1369	2.64941e-07
1370	2.6437e-07
1371	2.6379e-07
1372	2.63213e-07
1373	2.62641e-07
1374	2.62081e-07
1375	2.61529e-07
1376	2.60989e-07
1377	2.60453e-07
1378	2.59928e-07
1379	2.59414e-07
1380	2.58909e-07
1381	2.58407e-07
1382	2.57925e-07
1383	2.57444e-07
1384	2.56979e-07
1385	2.56504e-07
1386	2.56035e-07
1387	2.55553e-07
1388	2.55077e-07
1389	2.54572e-07
1390	2.54079e-07
1391	2.53549e-07
1392	2.53022e-07
1393	2.52469e-07
1394	2.51914e-07
1395	2.51332e-07
1396	2.50784e-07
1397	2.50211e-07
1398	2.49655e-07
1399	2.49067e-07
1400	2.48495e-07
1401	2.47916e-07
1402	2.4736e-07
1403	2.46774e-07
1404	2.46222e-07
1405	2.45647e-07
1406	2.45098e-07
1407	2.44555e-07
1408	2.44036e-07
1409	2.43505e-07
1410	2.43018e-07
1411	2.4254e-07
1412	2.42096e-07
1413	2.41661e-07
1414	2.41281e-07
1415	2.40914e-07
1416	2.4059e-07
1417	2.4029e-07
1418	2.40067e-07
1419	2.3988e-07
1420	2.39718e-07
1421	2.39479e-07
1422	2.39163e-07
1423	2.38738e-07
1424	2.38276e-07
1425	2.37751e-07
1426	2.37219e-07
1427	2.36653e-07
1428	2.36103e-07
1429	2.3553e-07
1430	2.34987e-07
1431	2.34441e-07
1432	2.33975e-07
1433	2.33522e-07
1434	2.33177e-07
1435	2.32888e-07
1436	2.32722e-07
1437	2.32631e-07
1438	2.32717e-07
1439	2.32909e-07
1440	2.33011e-07
1441	2.32653e-07
1442	2.32076e-07
1443	2.3139e-07
1444	2.30722e-07
1445	2.30066e-07
1446	2.29464e-07
1447	2.28856e-07
1448	2.28281e-07
1449	2.27704e-07
1450	2.27198e-07
1451	2.26699e-07
1452	2.26235e-07
1453	2.25796e-07
1454	2.25423e-07
1455	2.25068e-07
1456	2.24754e-07
1457	2.24443e-07
1458	2.24157e-07
1459	2.2387e-07
1460	2.23637e-07
1461	2.23367e-07
1462	2.23039e-07
1463	2.22524e-07
1464	2.22034e-07
1465	2.21647e-07
1466	2.21433e-07
1467	2.21316e-07
1468	2.2131e-07
1469	2.21308e-07
1470	2.21305e-07
1471	2.21206e-07
1472	2.21082e-07
1473	2.20886e-07
1474	2.20688e-07
1475	2.20422e-07
1476	2.20133e-07
1477	2.19792e-07
1478	2.19492e-07
1479	2.19193e-07
1480	2.18952e-07
1481	2.18704e-07
1482	2.18502e-07
1483	2.18304e-07
1484	2.18188e-07
1485	2.18116e-07
1486	2.18109e-07
1487	2.18101e-07
1488	2.18134e-07
1489	2.18154e-07
1490	2.18206e-07
1491	2.18221e-07
1492	2.18255e-07
1493	2.18263e-07
1494	2.18285e-07
1495	2.1827e-07
1496	2.18272e-07
1497	2.18243e-07
1498	2.18237e-07
1499	2.18196e-07
1500	2.18187e-07
1501	2.18185e-07
1502	2.18224e-07
1503	2.18195e-07
1504	2.18048e-07
1505	2.1789e-07
1506	2.17839e-07
1507	2.17787e-07
1508	2.17774e-07
1509	2.17743e-07
1510	2.17761e-07
1511	2.17764e-07
1512	2.17806e-07
1513	2.17828e-07
1514	2.17903e-07
1515	2.17959e-07
1516	2.18076e-07
1517	2.18221e-07
1518	2.18391e-07
1519	2.18542e-07
1520	2.18713e-07
1521	2.18845e-07
1522	2.19006e-07
1523	2.19139e-07
1524	2.19312e-07
1525	2.19466e-07
1526	2.19657e-07
1527	2.19842e-07
1528	2.20165e-07
1529	2.20615e-07
1530	2.20992e-07
1531	2.21137e-07
1532	2.21226e-07
1533	2.21286e-07
1534	2.21415e-07
1535	2.21551e-07
1536	2.21734e-07
1537	2.219e-07
1538	2.22105e-07
1539	2.22284e-07
1540	2.22499e-07
1541	2.2268e-07
1542	2.22889e-07
1543	2.23065e-07
1544	2.2327e-07
1545	2.2344e-07
1546	2.23638e-07
1547	2.23802e-07
1548	2.23994e-07
1549	2.24151e-07
1550	2.2434e-07
1551	2.24495e-07
1552	2.24679e-07
1553	2.24831e-07
1554	2.25009e-07
1555	2.25151e-07
1556	2.25319e-07
1557	2.25458e-07
1558	2.25622e-07
1559	2.25754e-07
1560	2.25918e-07
1561	2.26049e-07
1562	2.26207e-07
1563	2.26334e-07
1564	2.26489e-07
1565	2.26612e-07
1566	2.2676e-07
1567	2.26884e-07
1568	2.27026e-07
1569	2.27133e-07
1570	2.27258e-07
1571	2.27356e-07
1572	2.27472e-07
1573	2.27555e-07
1574	2.27664e-07
1575	2.27741e-07
1576	2.27848e-07
1577	2.27936e-07
1578	2.28056e-07
1579	2.28173e-07
1580	2.28329e-07
1581	2.28477e-07
1582	2.28667e-07
1583	2.28841e-07
1584	2.29034e-07
1585	2.29194e-07
1586	2.29365e-07
1587	2.29495e-07
1588	2.29622e-07
1589	2.29702e-07
1590	2.29778e-07
1591	2.29811e-07
1592	2.29856e-07
1593	2.29882e-07
1594	2.29945e-07
1595	2.3e-07
1596	2.30083e-07
1597	2.30151e-07
1598	2.30239e-07
1599	2.30296e-07
1600	2.30364e-07
1601	2.30405e-07
1602	2.30468e-07
1603	2.3051e-07
1604	2.30569e-07
1605	2.30626e-07
1606	2.30736e-07
1607	2.30861e-07
1608	2.31032e-07
1609	2.31177e-07
1610	2.31326e-07
1611	2.3146e-07
1612	2.3165e-07
1613	2.3188e-07
1614	2.32206e-07
1615	2.32533e-07
1616	2.32875e-07
1617	2.33165e-07
1618	2.33427e-07
1619	2.3361e-07
1620	2.33739e-07
1621	2.3377e-07
1622	2.33733e-07
1623	2.33585e-07
1624	2.33354e-07
1625	2.33015e-07
1626	2.32594e-07
1627	2.32048e-07
1628	2.31418e-07
1629	2.30728e-07
1630	2.30193e-07
1631	2.29932e-07
1632	2.29985e-07
1633	2.3023e-07
1634	2.30636e-07
1635	2.31142e-07
1636	2.3175e-07
1637	2.32406e-07
1638	2.33122e-07
1639	2.33822e-07
1640	2.34495e-07
1641	2.35086e-07
1642	2.35605e-07
1643	2.36018e-07
1644	2.36373e-07
1645	2.36654e-07
1646	2.36932e-07
1647	2.3718e-07
1648	2.37437e-07
1649	2.37703e-07
1650	2.37989e-07
1651	2.38273e-07
1652	2.38568e-07
1653	2.38839e-07
1654	2.39109e-07
1655	2.39366e-07
1656	2.39636e-07
1657	2.39914e-07
1658	2.40346e-07
1659	2.41033e-07
1660	2.41808e-07
1661	2.42477e-07
1662	2.43087e-07
1663	2.43773e-07
1664	2.44604e-07
1665	2.45447e-07
1666	2.46223e-07
1667	2.46866e-07
1668	2.47377e-07
1669	2.47746e-07
1670	2.4802e-07
1671	2.48193e-07
1672	2.48302e-07
1673	2.48351e-07
1674	2.48379e-07
1675	2.48401e-07
1676	2.4846e-07
1677	2.48554e-07
1678	2.48703e-07
1679	2.48876e-07
1680	2.49079e-07
1681	2.49287e-07
1682	2.49511e-07
1683	2.49731e-07
1684	2.4997e-07
1685	2.50203e-07
1686	2.50434e-07
1687	2.50648e-07
1688	2.5085e-07
1689	2.51028e-07
1690	2.5119e-07
1691	2.51324e-07
1692	2.51435e-07
1693	2.51517e-07
1694	2.51558e-07
1695	2.51563e-07
1696	2.51524e-07
1697	2.51459e-07
1698	2.51395e-07
1699	2.51378e-07
1700	2.51402e-07
1701	2.51456e-07
1702	2.51499e-07
1703	2.51536e-07
1704	2.51567e-07
1705	2.51602e-07
1706	2.51627e-07
1707	2.5168e-07
1708	2.51748e-07
1709	2.51871e-07
1710	2.5205e-07
1711	2.52314e-07
1712	2.52636e-07
1713	2.53046e-07
1714	2.53515e-07
1715	2.54046e-07
1716	2.54593e-07
1717	2.55171e-07
1718	2.55743e-07
1719	2.56338e-07
1720	2.56929e-07
1721	2.57545e-07
1722	2.58161e-07
1723	2.58828e-07
1724	2.59484e-07
1725	2.60139e-07
1726	2.60751e-07
1727	2.61333e-07
1728	2.61838e-07
1729	2.62271e-07
1730	2.62589e-07
1731	2.6281e-07
1732	2.62893e-07
1733	2.62872e-07
1734	2.62721e-07
1735	2.62478e-07
1736	2.62041e-07
1737	2.61255e-07
1738	2.60218e-07
1739	2.59833e-07
1740	2.60366e-07
1741	2.61246e-07
1742	2.62207e-07
1743	2.63296e-07
1744	2.64407e-07
1745	2.6553e-07
1746	2.66632e-07
1747	2.67875e-07
1748	2.69068e-07
1749	2.70162e-07
1750	2.71096e-07
1751	2.71901e-07
1752	2.72771e-07
1753	2.74354e-07
1754	2.75485e-07
1755	2.76628e-07
1756	2.78113e-07
1757	2.78947e-07
1758	2.79202e-07
1759	2.79248e-07
1760	2.79233e-07
1761	2.79177e-07
1762	2.78897e-07
1763	2.78459e-07
1764	2.78827e-07
1765	2.79123e-07
1766	2.78953e-07
1767	2.7854e-07
1768	2.78009e-07
1769	2.77478e-07
1770	2.7695e-07
1771	2.76565e-07
1772	2.761e-07
1773	2.75595e-07
1774	2.75027e-07
1775	2.74426e-07
1776	2.73765e-07
1777	2.73572e-07
1778	2.73498e-07
1779	2.72451e-07
1780	2.7107e-07
1781	2.6969e-07
1782	2.68355e-07
1783	2.67065e-07
1784	2.65736e-07
1785	2.64583e-07
1786	2.63875e-07
1787	2.63431e-07
1788	2.63242e-07
1789	2.63326e-07
1790	2.63604e-07
1791	2.63974e-07
1792	2.64344e-07
1793	2.64653e-07
1794	2.64847e-07
1795	2.64966e-07
1796	2.64953e-07
1797	2.64819e-07
1798	2.64562e-07
1799	2.64184e-07
1800	2.63664e-07
1801	2.62949e-07
1802	2.61957e-07
1803	2.60776e-07
1804	2.60185e-07
1805	2.60301e-07
1806	2.60444e-07
1807	2.60574e-07
1808	2.60761e-07
1809	2.60962e-07
1810	2.61097e-07
1811	2.61123e-07
1812	2.61003e-07
1813	2.60731e-07
1814	2.60372e-07
1815	2.59965e-07
1816	2.59503e-07
1817	2.5902e-07
1818	2.58525e-07
1819	2.58021e-07
1820	2.57499e-07
1821	2.56944e-07
1822	2.56351e-07
1823	2.55749e-07
1824	2.55257e-07
1825	2.55189e-07
1826	2.55394e-07
1827	2.55414e-07
1828	2.5523e-07
1829	2.54923e-07
1830	2.54487e-07
1831	2.53916e-07
1832	2.5319e-07
1833	2.52302e-07
1834	2.51286e-07
1835	2.50178e-07
1836	2.4904e-07
1837	2.47928e-07
1838	2.46894e-07
1839	2.45964e-07
1840	2.45135e-07
1841	2.44412e-07
1842	2.43777e-07
1843	2.43199e-07
1844	2.42648e-07
1845	2.42105e-07
1846	2.41553e-07
1847	2.40993e-07
1848	2.40408e-07
1849	2.39801e-07
1850	2.39163e-07
1851	2.38508e-07
1852	2.3782e-07
1853	2.37095e-07
1854	2.36323e-07
1855	2.35512e-07
1856	2.34649e-07
1857	2.33743e-07
1858	2.3281e-07
1859	2.31841e-07
1860	2.30849e-07
1861	2.29841e-07
1862	2.28825e-07
1863	2.27806e-07
1864	2.26781e-07
1865	2.2576e-07
1866	2.24734e-07
1867	2.23709e-07
1868	2.22692e-07
1869	2.21682e-07
1870	2.20666e-07
1871	2.19643e-07
1872	2.1862e-07
1873	2.17605e-07
1874	2.16595e-07
1875	2.15598e-07
1876	2.14627e-07
1877	2.13689e-07
1878	2.12765e-07
1879	2.11826e-07
1880	2.10848e-07
1881	2.09838e-07
1882	2.08806e-07
1883	2.07772e-07
1884	2.06743e-07
1885	2.05737e-07
1886	2.04759e-07
1887	2.03798e-07
1888	2.02856e-07
1889	2.01935e-07
1890	2.01035e-07
1891	2.00175e-07
1892	1.99335e-07
1893	1.98527e-07
1894	1.97734e-07
1895	1.96966e-07
1896	1.96229e-07
1897	1.95506e-07
1898	1.94805e-07
1899	1.94112e-07
1900	1.93431e-07
1901	1.92746e-07
1902	1.92069e-07
1903	1.91387e-07
1904	1.90705e-07
1905	1.90021e-07
1906	1.89366e-07
1907	1.88705e-07
1908	1.88033e-07
1909	1.87377e-07
1910	1.86717e-07
1911	1.8607e-07
1912	1.85422e-07
1913	1.84765e-07
1914	1.84117e-07
1915	1.83471e-07
1916	1.82833e-07
1917	1.82198e-07
1918	1.81573e-07
1919	1.80953e-07
1920	1.80348e-07
1921	1.79749e-07
1922	1.79173e-07
1923	1.78618e-07
1924	1.78104e-07
1925	1.77591e-07
1926	1.77135e-07
1927	1.76762e-07
1928	1.76415e-07
1929	1.76103e-07
1930	1.75856e-07
1931	1.75696e-07
1932	1.75565e-07
1933	1.75452e-07
1934	1.75358e-07
1935	1.75289e-07
1936	1.75223e-07
1937	1.75145e-07
1938	1.75043e-07
1939	1.74927e-07
1940	1.74805e-07
1941	1.74683e-07
1942	1.74603e-07
1943	1.74591e-07
1944	1.74649e-07
1945	1.74887e-07
1946	1.75198e-07
1947	1.75459e-07
1948	1.75586e-07
1949	1.75581e-07
1950	1.75545e-07
1951	1.75562e-07
1952	1.75648e-07
1953	1.7581e-07
1954	1.76019e-07
1955	1.76256e-07
1956	1.76504e-07
1957	1.7676e-07
1958	1.77012e-07
1959	1.77266e-07
1960	1.77516e-07
1961	1.77769e-07
1962	1.78015e-07
1963	1.7826e-07
1964	1.78507e-07
1965	1.78755e-07
1966	1.78999e-07
1967	1.79244e-07
1968	1.79487e-07
1969	1.7973e-07
1970	1.79966e-07
1971	1.80201e-07
1972	1.80434e-07
1973	1.80667e-07
1974	1.80895e-07
1975	1.81124e-07
1976	1.81349e-07
1977	1.81558e-07
1978	1.81769e-07
1979	1.81993e-07
1980	1.82223e-07
1981	1.82464e-07
1982	1.82704e-07
1983	1.82943e-07
1984	1.83174e-07
1985	1.83405e-07
1986	1.83626e-07
1987	1.83846e-07
1988	1.84058e-07
1989	1.84271e-07
1990	1.84474e-07
1991	1.84675e-07
1992	1.84866e-07
1993	1.85052e-07
1994	1.85225e-07
1995	1.85396e-07
1996	1.85555e-07
1997	1.85711e-07
1998	1.85858e-07
1999	1.86005e-07
2000	1.86143e-07
2001	1.8628e-07
2002	1.86402e-07
2003	1.86522e-07
2004	1.86634e-07
2005	1.8675e-07
2006	1.86862e-07
2007	1.86976e-07
2008	1.87087e-07
2009	1.87203e-07
2010	1.87318e-07
2011	1.87441e-07
2012	1.87563e-07
2013	1.87694e-07
2014	1.87825e-07
2015	1.87967e-07
2016	1.88111e-07
2017	1.88267e-07
2018	1.88425e-07
2019	1.88594e-07
2020	1.88761e-07
2021	1.88938e-07
2022	1.89111e-07
2023	1.89295e-07
2024	1.89481e-07
2025	1.89675e-07
2026	1.89866e-07
2027	1.90065e-07
2028	1.90261e-07
2029	1.90462e-07
2030	1.90657e-07
2031	1.90856e-07
2032	1.91049e-07
2033	1.91246e-07
2034	1.91436e-07
2035	1.91628e-07
2036	1.91814e-07
2037	1.92004e-07
2038	1.92184e-07
2039	1.92356e-07
2040	1.92504e-07
2041	1.92627e-07
2042	1.92697e-07
2043	1.92709e-07
2044	1.92652e-07
2045	1.92553e-07
2046	1.92431e-07
2047	1.92336e-07
2048	1.92287e-07
2049	1.92312e-07
2050	1.92405e-07
2051	1.92571e-07
2052	1.92781e-07
2053	1.9301e-07
2054	1.93246e-07
2055	1.93471e-07
2056	1.9366e-07
2057	1.93808e-07
2058	1.93905e-07
2059	1.93955e-07
2060	1.93955e-07
2061	1.93915e-07
2062	1.93837e-07
2063	1.93733e-07
2064	1.93599e-07
2065	1.93451e-07
2066	1.93289e-07
2067	1.93122e-07
2068	1.92951e-07
2069	1.92784e-07
2070	1.92623e-07
2071	1.92469e-07
2072	1.92324e-07
2073	1.92187e-07
2074	1.92059e-07
2075	1.9194e-07
2076	1.91828e-07
2077	1.91718e-07
2078	1.91614e-07
2079	1.91512e-07
2080	1.9141e-07
2081	1.91304e-07
2082	1.91193e-07
2083	1.91072e-07
2084	1.9093e-07
2085	1.90747e-07
2086	1.90505e-07
2087	1.90202e-07
2088	1.89887e-07
2089	1.89613e-07
2090	1.89411e-07
2091	1.89267e-07
2092	1.89167e-07
2093	1.8908e-07
2094	1.88994e-07
2095	1.88893e-07
2096	1.88776e-07
2097	1.88639e-07
2098	1.8849e-07
2099	1.88322e-07
2100	1.88142e-07
2101	1.87943e-07
2102	1.8773e-07
2103	1.87499e-07
2104	1.87258e-07
2105	1.86998e-07
2106	1.86731e-07
2107	1.86441e-07
2108	1.86138e-07
2109	1.85823e-07
2110	1.85507e-07
2111	1.8518e-07
2112	1.84853e-07
2113	1.84518e-07
2114	1.84189e-07
2115	1.83856e-07
2116	1.83531e-07
2117	1.83203e-07
2118	1.82887e-07
2119	1.82574e-07
2120	1.8228e-07
2121	1.81993e-07
2122	1.81724e-07
2123	1.81458e-07
2124	1.81214e-07
2125	1.80975e-07
2126	1.80754e-07
2127	1.80537e-07
2128	1.80333e-07
2129	1.80129e-07
2130	1.79932e-07
2131	1.79729e-07
2132	1.79532e-07
2133	1.79319e-07
2134	1.79107e-07
2135	1.78877e-07
2136	1.78645e-07
2137	1.784e-07
2138	1.78161e-07
2139	1.77915e-07
2140	1.7768e-07
2141	1.77447e-07
2142	1.77238e-07
2143	1.77046e-07
2144	1.76898e-07
2145	1.76786e-07
2146	1.76732e-07
2147	1.76688e-07
2148	1.76564e-07
2149	1.76225e-07
2150	1.75694e-07
2151	1.75022e-07
2152	1.74246e-07
2153	1.73371e-07
2154	1.72439e-07
2155	1.71472e-07
2156	1.70542e-07
2157	1.69666e-07
2158	1.68894e-07
2159	1.68222e-07
2160	1.6766e-07
2161	1.6719e-07
2162	1.66818e-07
2163	1.66505e-07
2164	1.6626e-07
2165	1.66056e-07
2166	1.65906e-07
2167	1.65782e-07
2168	1.6566e-07
2169	1.65551e-07
2170	1.65469e-07
2171	1.65383e-07
2172	1.65307e-07
2173	1.65221e-07
2174	1.65133e-07
2175	1.65032e-07
2176	1.64928e-07
2177	1.64809e-07
2178	1.64693e-07
2179	1.64563e-07
2180	1.64423e-07
2181	1.64266e-07
2182	1.64097e-07
2183	1.639e-07
2184	1.63647e-07
2185	1.63237e-07
2186	1.62645e-07
2187	1.61989e-07
2188	1.6138e-07
2189	1.60826e-07
2190	1.60338e-07
2191	1.59927e-07
2192	1.59622e-07
2193	1.59432e-07
2194	1.59344e-07
2195	1.59344e-07
2196	1.5941e-07
2197	1.59503e-07
2198	1.59596e-07
2199	1.59668e-07
2200	1.59708e-07
2201	1.59711e-07
2202	1.5968e-07
2203	1.59618e-07
2204	1.5953e-07
2205	1.59419e-07
2206	1.59281e-07
2207	1.59123e-07
2208	1.58942e-07
2209	1.58752e-07
2210	1.58543e-07
2211	1.58326e-07
2212	1.58099e-07
2213	1.57875e-07
2214	1.57654e-07
2215	1.57443e-07
2216	1.5724e-07
2217	1.57061e-07
2218	1.56903e-07
2219	1.56786e-07
2220	1.56701e-07
2221	1.56646e-07
2222	1.56551e-07
2223	1.56362e-07
2224	1.56049e-07
2225	1.5564e-07
2226	1.55141e-07
2227	1.54589e-07
2228	1.54001e-07
2229	1.53426e-07
2230	1.52882e-07
2231	1.52407e-07
2232	1.51984e-07
2233	1.51618e-07
2234	1.51284e-07
2235	1.50979e-07
2236	1.50675e-07
2237	1.50381e-07
2238	1.50077e-07
2239	1.49775e-07
2240	1.4946e-07
2241	1.49142e-07
2242	1.488e-07
2243	1.48437e-07
2244	1.48055e-07
2245	1.47661e-07
2246	1.47243e-07
2247	1.46817e-07
2248	1.46376e-07
2249	1.45938e-07
2250	1.45493e-07
2251	1.45057e-07
2252	1.44626e-07
2253	1.44206e-07
2254	1.43793e-07
2255	1.43394e-07
2256	1.43001e-07
2257	1.42621e-07
2258	1.42249e-07
2259	1.41889e-07
2260	1.41516e-07
2261	1.41099e-07
2262	1.40594e-07
2263	1.40034e-07
2264	1.39466e-07
2265	1.38929e-07
2266	1.38453e-07
2267	1.38057e-07
2268	1.37765e-07
2269	1.37579e-07
2270	1.37482e-07
2271	1.37454e-07
2272	1.37465e-07
2273	1.37496e-07
2274	1.37529e-07
2275	1.37561e-07
2276	1.37593e-07
2277	1.3764e-07
2278	1.37709e-07
2279	1.37806e-07
2280	1.37897e-07
2281	1.379e-07
2282	1.37724e-07
2283	1.37378e-07
2284	1.36938e-07
2285	1.3645e-07
2286	1.35922e-07
2287	1.35351e-07
2288	1.34752e-07
2289	1.34143e-07
2290	1.33547e-07
2291	1.32984e-07
2292	1.32468e-07
2293	1.32005e-07
2294	1.31586e-07
2295	1.31202e-07
2296	1.3084e-07
2297	1.30489e-07
2298	1.30145e-07
2299	1.29802e-07
2300	1.2946e-07
2301	1.29114e-07
2302	1.28775e-07
2303	1.28416e-07
2304	1.28033e-07
2305	1.27655e-07
2306	1.27283e-07
2307	1.26916e-07
2308	1.26554e-07
2309	1.26194e-07
2310	1.25838e-07
2311	1.25493e-07
2312	1.25155e-07
2313	1.24828e-07
2314	1.24508e-07
2315	1.24201e-07
2316	1.23907e-07
2317	1.23618e-07
2318	1.23333e-07
2319	1.23048e-07
2320	1.2277e-07
2321	1.22496e-07
2322	1.22222e-07
2323	1.21938e-07
2324	1.21627e-07
2325	1.21244e-07
2326	1.20763e-07
2327	1.20224e-07
2328	1.19677e-07
2329	1.19154e-07
2330	1.18676e-07
2331	1.1824e-07
2332	1.17845e-07
2333	1.17494e-07
2334	1.17197e-07
2335	1.16964e-07
2336	1.16781e-07
2337	1.16634e-07
2338	1.16505e-07
2339	1.1638e-07
2340	1.1626e-07
2341	1.16132e-07
2342	1.15991e-07
2343	1.15818e-07
2344	1.15627e-07
2345	1.15427e-07
2346	1.15216e-07
2347	1.14999e-07
2348	1.14776e-07
2349	1.1455e-07
2350	1.14327e-07
2351	1.14094e-07
2352	1.13862e-07
2353	1.13642e-07
2354	1.13425e-07
2355	1.13207e-07
2356	1.12987e-07
2357	1.12771e-07
2358	1.12559e-07
2359	1.12351e-07
2360	1.12148e-07
2361	1.11947e-07
2362	1.11748e-07
2363	1.11552e-07
2364	1.11364e-07
2365	1.1118e-07
2366	1.11002e-07
2367	1.10826e-07
2368	1.1065e-07
2369	1.10479e-07
2370	1.10312e-07
2371	1.10142e-07
2372	1.09972e-07
2373	1.09809e-07
2374	1.09655e-07
2375	1.09503e-07
2376	1.09348e-07
2377	1.09203e-07
2378	1.09059e-07
2379	1.08915e-07
2380	1.08775e-07
2381	1.0864e-07
2382	1.08507e-07
2383	1.08375e-07
2384	1.08243e-07
2385	1.08118e-07
2386	1.08e-07
2387	1.07892e-07
2388	1.07788e-07
2389	1.07687e-07
2390	1.07583e-07
2391	1.0748e-07
2392	1.07378e-07
2393	1.07286e-07
2394	1.07195e-07
2395	1.07111e-07
2396	1.07035e-07
2397	1.06956e-07
2398	1.06876e-07
2399	1.06822e-07
2400	1.06774e-07
2401	1.06733e-07
2402	1.06688e-07
2403	1.06661e-07
2404	1.06618e-07
2405	1.06588e-07
2406	1.0655e-07
2407	1.0653e-07
2408	1.06502e-07
2409	1.06496e-07
2410	1.06481e-07
2411	1.06484e-07
2412	1.06478e-07
2413	1.06495e-07
2414	1.06497e-07
2415	1.06528e-07
2416	1.06539e-07
2417	1.06575e-07
2418	1.06598e-07
2419	1.06645e-07
2420	1.06682e-07
2421	1.06743e-07
2422	1.0679e-07
2423	1.06864e-07
2424	1.06925e-07
2425	1.07012e-07
2426	1.0709e-07
2427	1.07192e-07
2428	1.07277e-07
2429	1.07381e-07
2430	1.07473e-07
2431	1.0759e-07
2432	1.07709e-07
2433	1.07855e-07
2434	1.07991e-07
2435	1.08159e-07
2436	1.08313e-07
2437	1.08489e-07
2438	1.08646e-07
2439	1.08825e-07
2440	1.08982e-07
2441	1.09157e-07
2442	1.0931e-07
2443	1.09479e-07
2444	1.09627e-07
2445	1.09793e-07
2446	1.09939e-07
2447	1.10102e-07
2448	1.10245e-07
2449	1.10406e-07
2450	1.10546e-07
2451	1.10704e-07
2452	1.10842e-07
2453	1.10999e-07
2454	1.11139e-07
2455	1.11295e-07
2456	1.11426e-07
2457	1.11574e-07
2458	1.11702e-07
2459	1.11847e-07
2460	1.11975e-07
2461	1.12117e-07
2462	1.12236e-07
2463	1.12369e-07
2464	1.12483e-07
2465	1.12614e-07
2466	1.12727e-07
2467	1.12854e-07
2468	1.12959e-07
2469	1.1308e-07
2470	1.13186e-07
2471	1.13304e-07
2472	1.13404e-07
2473	1.13515e-07
2474	1.13609e-07
2475	1.13714e-07
2476	1.13798e-07
2477	1.13892e-07
2478	1.13971e-07
2479	1.14061e-07
2480	1.1413e-07
2481	1.14213e-07
2482	1.14277e-07
2483	1.1435e-07
2484	1.14407e-07
2485	1.14475e-07
2486	1.14524e-07
2487	1.14587e-07
2488	1.14633e-07
2489	1.14693e-07
2490	1.14738e-07
2491	1.14796e-07
2492	1.14841e-07
2493	1.14904e-07
2494	1.14952e-07
2495	1.15015e-07
2496	1.15065e-07
2497	1.15132e-07
2498	1.15188e-07
2499	1.15264e-07
2500	1.15328e-07
2501	1.15409e-07
2502	1.15479e-07
2503	1.15569e-07
2504	1.15649e-07
2505	1.15748e-07
2506	1.15837e-07
2507	1.15945e-07
2508	1.16043e-07
2509	1.16163e-07
2510	1.16272e-07
2511	1.16397e-07
2512	1.16512e-07
2513	1.1664e-07
2514	1.16758e-07
2515	1.1689e-07
2516	1.17011e-07
2517	1.17145e-07
2518	1.17269e-07
2519	1.17405e-07
2520	1.17526e-07
2521	1.17657e-07
2522	1.17772e-07
2523	1.17894e-07
2524	1.18e-07
2525	1.18111e-07
2526	1.18206e-07
2527	1.18303e-07
2528	1.18384e-07
2529	1.18468e-07
2530	1.18534e-07
2531	1.18605e-07
2532	1.18659e-07
2533	1.18717e-07
2534	1.1876e-07
2535	1.18806e-07
2536	1.1884e-07
2537	1.1888e-07
2538	1.18907e-07
2539	1.18941e-07
2540	1.18967e-07
2541	1.19e-07
2542	1.19025e-07
2543	1.19057e-07
2544	1.19081e-07
2545	1.19113e-07
2546	1.19138e-07
2547	1.19171e-07
2548	1.19198e-07
2549	1.19232e-07
2550	1.1926e-07
2551	1.19298e-07
2552	1.19332e-07
2553	1.19376e-07
2554	1.19415e-07
2555	1.19464e-07
2556	1.19509e-07
2557	1.19559e-07
2558	1.19604e-07
2559	1.1965e-07
2560	1.19686e-07
2561	1.19721e-07
2562	1.19742e-07
2563	1.19761e-07
2564	1.19762e-07
2565	1.19755e-07
2566	1.19722e-07
2567	1.19674e-07
2568	1.19595e-07
2569	1.19491e-07
2570	1.19345e-07
2571	1.19163e-07
2572	1.18933e-07
2573	1.18677e-07
2574	1.18433e-07
2575	1.18287e-07
2576	1.18275e-07
2577	1.18373e-07
2578	1.18522e-07
2579	1.18702e-07
2580	1.18898e-07
2581	1.19118e-07
2582	1.19341e-07
2583	1.19556e-07
2584	1.19738e-07
2585	1.19879e-07
2586	1.19965e-07
2587	1.2e-07
2588	1.19989e-07
2589	1.1994e-07
2590	1.19859e-07
2591	1.19755e-07
2592	1.19633e-07
2593	1.19499e-07
2594	1.19356e-07
2595	1.19205e-07
2596	1.19048e-07
2597	1.18883e-07
2598	1.18741e-07
2599	1.18619e-07
2600	1.18498e-07
2601	1.18383e-07
2602	1.18285e-07
2603	1.18203e-07
2604	1.18142e-07
2605	1.18097e-07
2606	1.1807e-07
2607	1.18053e-07
2608	1.18048e-07
2609	1.1805e-07
2610	1.18065e-07
2611	1.18087e-07
2612	1.18124e-07
2613	1.18164e-07
2614	1.18213e-07
2615	1.18261e-07
2616	1.18321e-07
2617	1.184e-07
2618	1.18559e-07
2619	1.18857e-07
2620	1.19295e-07
2621	1.19743e-07
2622	1.20126e-07
2623	1.2042e-07
2624	1.20643e-07
2625	1.20789e-07
2626	1.20868e-07
2627	1.20859e-07
2628	1.20774e-07
2629	1.20609e-07
2630	1.20395e-07
2631	1.20142e-07
2632	1.19889e-07
2633	1.19639e-07
2634	1.19425e-07
2635	1.19238e-07
2636	1.19095e-07
2637	1.18976e-07
2638	1.18886e-07
2639	1.18806e-07
2640	1.18746e-07
2641	1.18688e-07
2642	1.18638e-07
2643	1.18582e-07
2644	1.18531e-07
2645	1.18471e-07
2646	1.18414e-07
2647	1.18348e-07
2648	1.18284e-07
2649	1.18207e-07
2650	1.18128e-07
2651	1.18039e-07
2652	1.17945e-07
2653	1.17835e-07
2654	1.17717e-07
2655	1.17587e-07
2656	1.17453e-07
2657	1.17304e-07
2658	1.1715e-07
2659	1.16984e-07
2660	1.16827e-07
2661	1.16658e-07
2662	1.16482e-07
2663	1.16294e-07
2664	1.16097e-07
2665	1.15885e-07
2666	1.1566e-07
2667	1.15412e-07
2668	1.15141e-07
2669	1.14841e-07
2670	1.14519e-07
2671	1.142e-07
2672	1.13946e-07
2673	1.13796e-07
2674	1.13758e-07
2675	1.13809e-07
2676	1.1393e-07
2677	1.14084e-07
2678	1.14241e-07
2679	1.1437e-07
2680	1.1445e-07
2681	1.14471e-07
2682	1.14434e-07
2683	1.14341e-07
2684	1.14208e-07
2685	1.14045e-07
2686	1.13868e-07
2687	1.13674e-07
2688	1.13471e-07
2689	1.13258e-07
2690	1.13038e-07
2691	1.12808e-07
2692	1.12566e-07
2693	1.12312e-07
2694	1.12051e-07
2695	1.11799e-07
2696	1.11542e-07
2697	1.11277e-07
2698	1.11007e-07
2699	1.10727e-07
2700	1.10439e-07
2701	1.10137e-07
2702	1.09822e-07
2703	1.09492e-07
2704	1.0915e-07
2705	1.08797e-07
2706	1.08439e-07
2707	1.08072e-07
2708	1.07702e-07
2709	1.07325e-07
2710	1.06947e-07
2711	1.06566e-07
2712	1.0619e-07
2713	1.05816e-07
2714	1.05453e-07
2715	1.05107e-07
2716	1.04799e-07
2717	1.04558e-07
2718	1.04416e-07
2719	1.0437e-07
2720	1.04393e-07
2721	1.04441e-07
2722	1.04486e-07
2723	1.04492e-07
2724	1.04441e-07
2725	1.04314e-07
2726	1.04114e-07
2727	1.03848e-07
2728	1.03534e-07
2729	1.03184e-07
2730	1.0281e-07
2731	1.02414e-07
2732	1.0201e-07
2733	1.01606e-07
2734	1.01231e-07
2735	1.00923e-07
2736	1.00719e-07
2737	1.00615e-07
2738	1.00585e-07
2739	1.00605e-07
2740	1.00665e-07
2741	1.0075e-07
2742	1.0084e-07
2743	1.00908e-07
2744	1.00936e-07
2745	1.00909e-07
2746	1.00825e-07
2747	1.0069e-07
2748	1.00514e-07
2749	1.00302e-07
2750	1.00067e-07
2751	9.98116e-08
2752	9.95445e-08
2753	9.92669e-08
2754	9.89837e-08
2755	9.86889e-08
2756	9.83946e-08
2757	9.8093e-08
2758	9.77877e-08
2759	9.74757e-08
2760	9.71662e-08
2761	9.68491e-08
2762	9.65308e-08
2763	9.62036e-08
2764	9.5881e-08
2765	9.55626e-08
2766	9.52583e-08
2767	9.49453e-08
2768	9.46343e-08
2769	9.43177e-08
2770	9.40028e-08
2771	9.36826e-08
2772	9.33639e-08
2773	9.30394e-08
2774	9.27128e-08
2775	9.23788e-08
2776	9.20438e-08
2777	9.17012e-08
2778	9.13625e-08
2779	9.10207e-08
2780	9.06846e-08
2781	9.03528e-08
2782	9.00222e-08
2783	8.96942e-08
2784	8.93713e-08
2785	8.90489e-08
2786	8.8731e-08
2787	8.84132e-08
2788	8.81017e-08
2789	8.77886e-08
2790	8.74812e-08
2791	8.71761e-08
2792	8.68764e-08
2793	8.65789e-08
2794	8.6286e-08
2795	8.59955e-08
2796	8.57102e-08
2797	8.5425e-08
2798	8.51456e-08
2799	8.4872e-08
2800	8.46092e-08
2801	8.43518e-08
2802	8.41111e-08
2803	8.38815e-08
2804	8.36709e-08
2805	8.34767e-08
2806	8.33076e-08
2807	8.31595e-08
2808	8.30345e-08
2809	8.29214e-08
2810	8.28158e-08
2811	8.27059e-08
2812	8.25863e-08
2813	8.24446e-08
2814	8.22889e-08
2815	8.21152e-08
2816	8.192e-08
2817	8.17021e-08
2818	8.14724e-08
2819	8.12309e-08
2820	8.09836e-08
2821	8.0728e-08
2822	8.0483e-08
2823	8.02384e-08
2824	8.00071e-08
2825	7.97802e-08
2826	7.9567e-08
2827	7.93658e-08
2828	7.91773e-08
2829	7.89991e-08
2830	7.88295e-08
2831	7.86715e-08
2832	7.85275e-08
2833	7.8389e-08
2834	7.82554e-08
2835	7.81335e-08
2836	7.80247e-08
2837	7.79286e-08
2838	7.78481e-08
2839	7.77737e-08
2840	7.77115e-08
2841	7.76561e-08
2842	7.76145e-08
2843	7.75761e-08
2844	7.75407e-08
2845	7.75096e-08
2846	7.74873e-08
2847	7.74644e-08
2848	7.74556e-08
2849	7.74484e-08
2850	7.74483e-08
2851	7.74509e-08
2852	7.74612e-08
2853	7.7474e-08
2854	7.74962e-08
2855	7.75152e-08
2856	7.75381e-08
2857	7.75662e-08
2858	7.761e-08
2859	7.76642e-08
2860	7.77289e-08
2861	7.77978e-08
2862	7.78778e-08
2863	7.79583e-08
2864	7.80556e-08
2865	7.81553e-08
2866	7.82657e-08
2867	7.83708e-08
2868	7.84786e-08
2869	7.85819e-08
2870	7.86886e-08
2871	7.87918e-08
2872	7.88967e-08
2873	7.89975e-08
2874	7.91007e-08
2875	7.91987e-08
2876	7.92994e-08
2877	7.93952e-08
2878	7.94933e-08
2879	7.95874e-08
2880	7.96837e-08
2881	7.97739e-08
2882	7.98654e-08
2883	7.99518e-08
2884	8.00403e-08
2885	8.01246e-08
2886	8.02117e-08
2887	8.02939e-08
2888	8.03776e-08
2889	8.04557e-08
2890	8.05345e-08
2891	8.06096e-08
2892	8.0688e-08
2893	8.07628e-08
2894	8.08414e-08
2895	8.09158e-08
2896	8.09921e-08
2897	8.10638e-08
2898	8.11389e-08
2899	8.12092e-08
2900	8.12831e-08
2901	8.13542e-08
2902	8.14283e-08
2903	8.14974e-08
2904	8.15698e-08
2905	8.16382e-08
2906	8.17112e-08
2907	8.17815e-08
2908	8.18568e-08
2909	8.19306e-08
2910	8.20111e-08
2911	8.20889e-08
2912	8.21722e-08
2913	8.22524e-08
2914	8.23395e-08
2915	8.24248e-08
2916	8.25168e-08
2917	8.26055e-08
2918	8.26994e-08
2919	8.27912e-08
2920	8.28886e-08
2921	8.29829e-08
2922	8.30805e-08
2923	8.31756e-08
2924	8.32734e-08
2925	8.33678e-08
2926	8.34659e-08
2927	8.35629e-08
2928	8.36642e-08
2929	8.37643e-08
2930	8.38675e-08
2931	8.39694e-08
2932	8.40754e-08
2933	8.41801e-08
2934	8.42889e-08
2935	8.4398e-08
2936	8.45128e-08
2937	8.46259e-08
2938	8.47458e-08
2939	8.48649e-08
2940	8.49904e-08
2941	8.51098e-08
2942	8.52339e-08
2943	8.53503e-08
2944	8.54627e-08
2945	8.55605e-08
2946	8.56462e-08
2947	8.57082e-08
2948	8.57525e-08
2949	8.57695e-08
2950	8.57671e-08
2951	8.57431e-08
2952	8.57085e-08
2953	8.56595e-08
2954	8.56104e-08
2955	8.55581e-08
2956	8.55138e-08
2957	8.54754e-08
2958	8.54519e-08
2959	8.54365e-08
2960	8.54356e-08
2961	8.54422e-08
2962	8.54573e-08
2963	8.54752e-08
2964	8.54979e-08
2965	8.5519e-08
2966	8.55437e-08
2967	8.55618e-08
2968	8.55778e-08
2969	8.55872e-08
2970	8.55947e-08
2971	8.55936e-08
2972	8.55916e-08
2973	8.55806e-08
2974	8.55644e-08
2975	8.5541e-08
2976	8.55165e-08
2977	8.54847e-08
2978	8.54521e-08
2979	8.54129e-08
2980	8.53718e-08
2981	8.53252e-08
2982	8.52786e-08
2983	8.52265e-08
2984	8.51745e-08
2985	8.51173e-08
2986	8.50597e-08
2987	8.49983e-08
2988	8.49369e-08
2989	8.48699e-08
2990	8.48021e-08
2991	8.47277e-08
2992	8.46501e-08
2993	8.4565e-08
2994	8.44751e-08
2995	8.43756e-08
2996	8.42688e-08
2997	8.41507e-08
2998	8.40241e-08
2999	8.38697e-08
3000	8.37024e-08
3001	8.3523e-08
3002	8.33352e-08
3003	8.31373e-08
3004	8.29355e-08
3005	8.27306e-08
3006	8.25288e-08
3007	8.23314e-08
3008	8.21434e-08
3009	8.19638e-08
3010	8.17965e-08
3011	8.16398e-08
3012	8.14959e-08
3013	8.13618e-08
3014	8.12409e-08
3015	8.11323e-08
3016	8.10378e-08
3017	8.09545e-08
3018	8.08836e-08
3019	8.08231e-08
3020	8.07714e-08
3021	8.07278e-08
3022	8.06918e-08
3023	8.06617e-08
3024	8.06367e-08
3025	8.06151e-08
3026	8.0596e-08
3027	8.05791e-08
3028	8.05641e-08
3029	8.05498e-08
3030	8.0536e-08
3031	8.05214e-08
3032	8.05044e-08
3033	8.04849e-08
3034	8.04601e-08
3035	8.04261e-08
3036	8.03748e-08
3037	8.02946e-08
3038	8.01718e-08
3039	8.00018e-08
3040	7.97893e-08
3041	7.95482e-08
3042	7.9299e-08
3043	7.90579e-08
3044	7.88381e-08
3045	7.86519e-08
3046	7.85075e-08
3047	7.8411e-08
3048	7.83617e-08
3049	7.83546e-08
3050	7.83807e-08
3051	7.84287e-08
3052	7.84873e-08
3053	7.85463e-08
3054	7.85981e-08
3055	7.86373e-08
3056	7.86613e-08
3057	7.86689e-08
3058	7.86597e-08
3059	7.86344e-08
3060	7.85961e-08
3061	7.85434e-08
3062	7.84786e-08
3063	7.84038e-08
3064	7.83201e-08
3065	7.82267e-08
3066	7.81291e-08
3067	7.80264e-08
3068	7.79199e-08
3069	7.78097e-08
3070	7.7695e-08
3071	7.75796e-08
3072	7.74623e-08
3073	7.73436e-08
3074	7.72238e-08
3075	7.71081e-08
3076	7.69932e-08
3077	7.68804e-08
3078	7.67697e-08
3079	7.66616e-08
3080	7.65566e-08
3081	7.64542e-08
3082	7.63553e-08
3083	7.62601e-08
3084	7.61702e-08
3085	7.60866e-08
3086	7.60079e-08
3087	7.59351e-08
3088	7.58691e-08
3089	7.58107e-08
3090	7.57561e-08
3091	7.57075e-08
3092	7.56688e-08
3093	7.56388e-08
3094	7.56146e-08
3095	7.55898e-08
3096	7.55558e-08
3097	7.55009e-08
3098	7.541e-08
3099	7.52749e-08
3100	7.50946e-08
3101	7.48752e-08
3102	7.46273e-08
3103	7.43647e-08
3104	7.41021e-08
3105	7.38525e-08
3106	7.36264e-08
3107	7.34276e-08
3108	7.32565e-08
3109	7.31113e-08
3110	7.29878e-08
3111	7.28788e-08
3112	7.27798e-08
3113	7.26872e-08
3114	7.2598e-08
3115	7.25118e-08
3116	7.2425e-08
3117	7.23377e-08
3118	7.22488e-08
3119	7.21574e-08
3120	7.20645e-08
3121	7.19698e-08
3122	7.18706e-08
3123	7.17671e-08
3124	7.16595e-08
3125	7.15461e-08
3126	7.14271e-08
3127	7.13035e-08
3128	7.11759e-08
3129	7.10442e-08
3130	7.09093e-08
3131	7.07698e-08
3132	7.06284e-08
3133	7.04835e-08
3134	7.03354e-08
3135	7.01851e-08
3136	7.0033e-08
3137	6.98733e-08
3138	6.97036e-08
3139	6.95312e-08
3140	6.93574e-08
3141	6.91836e-08
3142	6.90103e-08
3143	6.88397e-08
3144	6.86734e-08
3145	6.85117e-08
3146	6.83557e-08
3147	6.8203e-08
3148	6.8053e-08
3149	6.79054e-08
3150	6.77588e-08
3151	6.76156e-08
3152	6.74747e-08
3153	6.73348e-08
3154	6.71952e-08
3155	6.70561e-08
3156	6.69173e-08
3157	6.67789e-08
3158	6.66429e-08
3159	6.65075e-08
3160	6.63729e-08
3161	6.62384e-08
3162	6.61039e-08
3163	6.59697e-08
3164	6.58357e-08
3165	6.57019e-08
3166	6.55681e-08
3167	6.54345e-08
3168	6.52993e-08
3169	6.51624e-08
3170	6.50232e-08
3171	6.48816e-08
3172	6.47387e-08
3173	6.45907e-08
3174	6.44351e-08
3175	6.42656e-08
3176	6.40749e-08
3177	6.38584e-08
3178	6.36176e-08
3179	6.33557e-08
3180	6.30806e-08
3181	6.28039e-08
3182	6.25368e-08
3183	6.22904e-08
3184	6.2072e-08
3185	6.18861e-08
3186	6.17324e-08
3187	6.16075e-08
3188	6.15038e-08
3189	6.14144e-08
3190	6.13336e-08
3191	6.12556e-08
3192	6.11748e-08
3193	6.10886e-08
3194	6.09954e-08
3195	6.08968e-08
3196	6.07919e-08
3197	6.06823e-08
3198	6.05661e-08
3199	6.04458e-08
3200	6.03209e-08
3201	6.01907e-08
3202	6.00558e-08
3203	5.99174e-08
3204	5.97751e-08
3205	5.96289e-08
3206	5.94795e-08
3207	5.93289e-08
3208	5.91786e-08
3209	5.90279e-08
3210	5.88757e-08
3211	5.87233e-08
3212	5.85687e-08
3213	5.84126e-08
3214	5.82593e-08
3215	5.81062e-08
3216	5.79525e-08
3217	5.77994e-08
3218	5.76465e-08
3219	5.74952e-08
3220	5.73464e-08
3221	5.71995e-08
3222	5.7053e-08
3223	5.6908e-08
3224	5.67679e-08
3225	5.66305e-08
3226	5.64949e-08
3227	5.63644e-08
3228	5.62403e-08
3229	5.61165e-08
3230	5.59942e-08
3231	5.58731e-08
3232	5.57555e-08
3233	5.56393e-08
3234	5.55272e-08
3235	5.54184e-08
3236	5.53101e-08
3237	5.52043e-08
3238	5.51017e-08
3239	5.50032e-08
3240	5.49072e-08
3241	5.48134e-08
3242	5.47203e-08
3243	5.46291e-08
3244	5.45363e-08
3245	5.4451e-08
3246	5.43723e-08
3247	5.42916e-08
3248	5.42116e-08
3249	5.4133e-08
3250	5.40508e-08
3251	5.39674e-08
3252	5.38826e-08
3253	5.37903e-08
3254	5.36942e-08
3255	5.35918e-08
3256	5.34778e-08
3257	5.33535e-08
3258	5.32186e-08
3259	5.30708e-08
3260	5.29137e-08
3261	5.27479e-08
3262	5.25765e-08
3263	5.24007e-08
3264	5.22255e-08
3265	5.20511e-08
3266	5.18868e-08
3267	5.17259e-08
3268	5.15681e-08
3269	5.14148e-08
3270	5.12776e-08
3271	5.11501e-08
3272	5.10294e-08
3273	5.09171e-08
3274	5.08144e-08
3275	5.07224e-08
3276	5.0638e-08
3277	5.05584e-08
3278	5.04851e-08
3279	5.04125e-08
3280	5.03431e-08
3281	5.02831e-08
3282	5.02246e-08
3283	5.01641e-08
3284	5.01116e-08
3285	5.0063e-08
3286	5.0018e-08
3287	4.99762e-08
3288	4.99392e-08
3289	4.98993e-08
3290	4.98616e-08
3291	4.9831e-08
3292	4.97999e-08
3293	4.97756e-08
3294	4.97554e-08
3295	4.97405e-08
3296	4.97302e-08
3297	4.97246e-08
3298	4.97173e-08
3299	4.97148e-08
3300	4.97117e-08
3301	4.97112e-08
3302	4.97091e-08
3303	4.97131e-08
3304	4.97212e-08
3305	4.97368e-08
3306	4.9754e-08
3307	4.97755e-08
3308	4.97982e-08
3309	4.98239e-08
3310	4.98522e-08
3311	4.98828e-08
3312	4.9916e-08
3313	4.99509e-08
3314	4.99866e-08
3315	5.00239e-08
3316	5.00665e-08
3317	5.01112e-08
3318	5.01577e-08
3319	5.02134e-08
3320	5.02747e-08
3321	5.03438e-08
3322	5.04141e-08
3323	5.04867e-08
3324	5.0562e-08
3325	5.06384e-08
3326	5.07152e-08
3327	5.07919e-08
3328	5.08671e-08
3329	5.09407e-08
3330	5.10139e-08
3331	5.10878e-08
3332	5.11616e-08
3333	5.12357e-08
3334	5.13098e-08
3335	5.13834e-08
3336	5.14569e-08
3337	5.15298e-08
3338	5.16026e-08
3339	5.16744e-08
3340	5.17467e-08
3341	5.18187e-08
3342	5.18891e-08
3343	5.19596e-08
3344	5.20301e-08
3345	5.20993e-08
3346	5.21689e-08
3347	5.22376e-08
3348	5.23041e-08
3349	5.23708e-08
3350	5.24354e-08
3351	5.25001e-08
3352	5.25656e-08
3353	5.263e-08
3354	5.26927e-08
3355	5.27534e-08
3356	5.28132e-08
3357	5.28723e-08
3358	5.29302e-08
3359	5.29866e-08
3360	5.30419e-08
3361	5.3095e-08
3362	5.3146e-08
3363	5.31978e-08
3364	5.32479e-08
3365	5.32971e-08
3366	5.33464e-08
3367	5.33938e-08
3368	5.34416e-08
3369	5.34881e-08
3370	5.35361e-08
3371	5.35848e-08
3372	5.36332e-08
3373	5.36823e-08
3374	5.37298e-08
3375	5.37775e-08
3376	5.38267e-08
3377	5.38759e-08
3378	5.39263e-08
3379	5.39767e-08
3380	5.4026e-08
3381	5.40754e-08
3382	5.41238e-08
3383	5.41724e-08
3384	5.42195e-08
3385	5.42669e-08
3386	5.43138e-08
3387	5.43583e-08
3388	5.44032e-08
3389	5.44482e-08
3390	5.44927e-08
3391	5.45353e-08
3392	5.45769e-08
3393	5.46174e-08
3394	5.46568e-08
3395	5.46959e-08
3396	5.47371e-08
3397	5.47789e-08
3398	5.48236e-08
3399	5.48699e-08
3400	5.49185e-08
3401	5.49696e-08
3402	5.5026e-08
3403	5.50878e-08
3404	5.51569e-08
3405	5.52344e-08
3406	5.53193e-08
3407	5.54138e-08
3408	5.55176e-08
3409	5.56294e-08
3410	5.57468e-08
3411	5.5869e-08
3412	5.59938e-08
3413	5.61155e-08
3414	5.62335e-08
3415	5.63433e-08
3416	5.64438e-08
3417	5.6533e-08
3418	5.66118e-08
3419	5.66782e-08
3420	5.67338e-08
3421	5.67769e-08
3422	5.68113e-08
3423	5.6836e-08
3424	5.68539e-08
3425	5.68655e-08
3426	5.68736e-08
3427	5.68775e-08
3428	5.68796e-08
3429	5.68789e-08
3430	5.68775e-08
3431	5.68744e-08
3432	5.68719e-08
3433	5.68679e-08
3434	5.68642e-08
3435	5.68594e-08
3436	5.68547e-08
3437	5.68487e-08
3438	5.68437e-08
3439	5.68373e-08
3440	5.68312e-08
3441	5.68234e-08
3442	5.68183e-08
3443	5.68121e-08
3444	5.68067e-08
3445	5.67998e-08
3446	5.67929e-08
3447	5.67834e-08
3448	5.67748e-08
3449	5.67643e-08
3450	5.67538e-08
3451	5.67412e-08
3452	5.67289e-08
3453	5.67142e-08
3454	5.66988e-08
3455	5.66806e-08
3456	5.6662e-08
3457	5.66409e-08
3458	5.66196e-08
3459	5.65959e-08
3460	5.65717e-08
3461	5.6545e-08
3462	5.65173e-08
3463	5.64862e-08
3464	5.64542e-08
3465	5.64189e-08
3466	5.63827e-08
3467	5.63437e-08
3468	5.63049e-08
3469	5.6264e-08
3470	5.62213e-08
3471	5.61774e-08
3472	5.61315e-08
3473	5.60847e-08
3474	5.60367e-08
3475	5.59876e-08
3476	5.59368e-08
3477	5.58851e-08
3478	5.58322e-08
3479	5.57793e-08
3480	5.57254e-08
3481	5.56714e-08
3482	5.56162e-08
3483	5.55611e-08
3484	5.55057e-08
3485	5.54511e-08
3486	5.53963e-08
3487	5.53422e-08
3488	5.52884e-08
3489	5.52357e-08
3490	5.51841e-08
3491	5.51339e-08
3492	5.50848e-08
3493	5.50369e-08
3494	5.49899e-08
3495	5.49442e-08
3496	5.48998e-08
3497	5.48568e-08
3498	5.48144e-08
3499	5.4773e-08
3500	5.47317e-08
3501	5.46901e-08
3502	5.46486e-08
3503	5.46072e-08
3504	5.45653e-08
3505	5.45216e-08
3506	5.44759e-08
3507	5.44277e-08
3508	5.43773e-08
3509	5.43247e-08
3510	5.42683e-08
3511	5.42079e-08
3512	5.41439e-08
3513	5.40753e-08
3514	5.40019e-08
3515	5.3923e-08
3516	5.38387e-08
3517	5.37487e-08
3518	5.36527e-08
3519	5.35505e-08
3520	5.34419e-08
3521	5.33262e-08
3522	5.32048e-08
3523	5.30789e-08
3524	5.29512e-08
3525	5.28234e-08
3526	5.27007e-08
3527	5.25873e-08
3528	5.24902e-08
3529	5.24166e-08
3530	5.23688e-08
3531	5.2347e-08
3532	5.23483e-08
3533	5.2367e-08
3534	5.2396e-08
3535	5.24257e-08
3536	5.24486e-08
3537	5.24601e-08
3538	5.24553e-08
3539	5.24333e-08
3540	5.2394e-08
3541	5.23403e-08
3542	5.2276e-08
3543	5.22033e-08
3544	5.21258e-08
3545	5.20437e-08
3546	5.19591e-08
3547	5.18735e-08
3548	5.17926e-08
3549	5.17127e-08
3550	5.16327e-08
3551	5.15524e-08
3552	5.14717e-08
3553	5.13915e-08
3554	5.1312e-08
3555	5.12313e-08
3556	5.11503e-08
3557	5.10709e-08
3558	5.09916e-08
3559	5.09128e-08
3560	5.08338e-08
3561	5.07556e-08
3562	5.06765e-08
3563	5.05977e-08
3564	5.05202e-08
3565	5.04422e-08
3566	5.03643e-08
3567	5.02866e-08
3568	5.02101e-08
3569	5.01348e-08
3570	5.00594e-08
3571	4.99851e-08
3572	4.99114e-08
3573	4.98381e-08
3574	4.97668e-08
3575	4.96956e-08
3576	4.96245e-08
3577	4.95541e-08
3578	4.94861e-08
3579	4.94193e-08
3580	4.93557e-08
3581	4.92982e-08
3582	4.92415e-08
3583	4.91877e-08
3584	4.91351e-08
3585	4.90819e-08
3586	4.90266e-08
3587	4.89682e-08
3588	4.89065e-08
3589	4.88412e-08
3590	4.87729e-08
3591	4.87017e-08
3592	4.8628e-08
3593	4.85525e-08
3594	4.84754e-08
3595	4.83957e-08
3596	4.83139e-08
3597	4.82303e-08
3598	4.81461e-08
3599	4.8061e-08
3600	4.79728e-08
3601	4.7882e-08
3602	4.77889e-08
3603	4.76935e-08
3604	4.75966e-08
3605	4.74974e-08
3606	4.7396e-08
3607	4.72922e-08
3608	4.71869e-08
3609	4.70799e-08
3610	4.69706e-08
3611	4.68595e-08
3612	4.6748e-08
3613	4.66367e-08
3614	4.65234e-08
3615	4.64087e-08
3616	4.62921e-08
3617	4.61742e-08
3618	4.60556e-08
3619	4.59363e-08
3620	4.58164e-08
3621	4.56956e-08
3622	4.55754e-08
3623	4.54548e-08
3624	4.53338e-08
3625	4.52106e-08
3626	4.50873e-08
3627	4.49644e-08
3628	4.4843e-08
3629	4.47223e-08
3630	4.46029e-08
3631	4.44852e-08
3632	4.43717e-08
3633	4.42626e-08
3634	4.41591e-08
3635	4.40629e-08
3636	4.39753e-08
3637	4.38977e-08
3638	4.38307e-08
3639	4.3773e-08
3640	4.37213e-08
3641	4.36717e-08
3642	4.362e-08
3643	4.35627e-08
3644	4.34935e-08
3645	4.34105e-08
3646	4.33126e-08
3647	4.32e-08
3648	4.30729e-08
3649	4.29338e-08
3650	4.27842e-08
3651	4.26289e-08
3652	4.24693e-08
3653	4.23076e-08
3654	4.21443e-08
3655	4.19808e-08
3656	4.1817e-08
3657	4.1655e-08
3658	4.1496e-08
3659	4.13397e-08
3660	4.1184e-08
3661	4.10286e-08
3662	4.08773e-08
3663	4.0727e-08
3664	4.05771e-08
3665	4.04271e-08
3666	4.02786e-08
3667	4.01324e-08
3668	3.99895e-08
3669	3.98477e-08
3670	3.97065e-08
3671	3.9567e-08
3672	3.94275e-08
3673	3.92875e-08
3674	3.91487e-08
3675	3.90094e-08
3676	3.88725e-08
3677	3.87377e-08
3678	3.86023e-08
3679	3.8467e-08
3680	3.83332e-08
3681	3.82011e-08
3682	3.80698e-08
3683	3.79398e-08
3684	3.78095e-08
3685	3.76798e-08
3686	3.75501e-08
3687	3.74234e-08
3688	3.72989e-08
3689	3.71773e-08
3690	3.70576e-08
3691	3.69391e-08
3692	3.68202e-08
3693	3.67021e-08
3694	3.65886e-08
3695	3.64762e-08
3696	3.63658e-08
3697	3.62572e-08
3698	3.61493e-08
3699	3.60429e-08
3700	3.59374e-08
3701	3.58371e-08
3702	3.57392e-08
3703	3.56452e-08
3704	3.55553e-08
3705	3.54702e-08
3706	3.53877e-08
3707	3.53062e-08
3708	3.52268e-08
3709	3.51499e-08
3710	3.50759e-08
3711	3.50027e-08
3712	3.49351e-08
3713	3.48718e-08
3714	3.48075e-08
3715	3.47476e-08
3716	3.4696e-08
3717	3.46485e-08
3718	3.46079e-08
3719	3.45688e-08
3720	3.45297e-08
3721	3.44957e-08
3722	3.44648e-08
3723	3.44368e-08
3724	3.44121e-08
3725	3.43909e-08
3726	3.4375e-08
3727	3.43637e-08
3728	3.43551e-08
3729	3.43506e-08
3730	3.4348e-08
3731	3.43481e-08
3732	3.43515e-08
3733	3.43567e-08
3734	3.4363e-08
3735	3.43707e-08
3736	3.43824e-08
3737	3.43976e-08
3738	3.44183e-08
3739	3.44423e-08
3740	3.44682e-08
3741	3.45007e-08
3742	3.45333e-08
3743	3.45659e-08
3744	3.45992e-08
3745	3.46314e-08
3746	3.46625e-08
3747	3.46935e-08
3748	3.47248e-08
3749	3.47564e-08
3750	3.47886e-08
3751	3.48203e-08
3752	3.48517e-08
3753	3.48828e-08
3754	3.49136e-08
3755	3.49451e-08
3756	3.49766e-08
3757	3.50075e-08
3758	3.50377e-08
3759	3.50679e-08
3760	3.50986e-08
3761	3.5129e-08
3762	3.51589e-08
3763	3.51887e-08
3764	3.52183e-08
3765	3.5247e-08
3766	3.52755e-08
3767	3.53035e-08
3768	3.53312e-08
3769	3.53583e-08
3770	3.53854e-08
3771	3.54121e-08
3772	3.54388e-08
3773	3.54657e-08
3774	3.54922e-08
3775	3.55184e-08
3776	3.5544e-08
3777	3.55694e-08
3778	3.55948e-08
3779	3.56196e-08
3780	3.56435e-08
3781	3.56663e-08
3782	3.56891e-08
3783	3.5712e-08
3784	3.57352e-08
3785	3.57579e-08
3786	3.57799e-08
3787	3.5801e-08
3788	3.58215e-08
3789	3.58421e-08
3790	3.58627e-08
3791	3.58832e-08
3792	3.59036e-08
3793	3.59237e-08
3794	3.59438e-08
3795	3.59643e-08
3796	3.59848e-08
3797	3.60056e-08
3798	3.60279e-08
3799	3.6051e-08
3800	3.60751e-08
3801	3.61002e-08
3802	3.61268e-08
3803	3.61541e-08
3804	3.61824e-08
3805	3.62121e-08
3806	3.6243e-08
3807	3.62745e-08
3808	3.63067e-08
3809	3.63396e-08
3810	3.63734e-08
3811	3.6408e-08
3812	3.64432e-08
3813	3.64786e-08
3814	3.65143e-08
3815	3.65499e-08
3816	3.65855e-08
3817	3.66214e-08
3818	3.66576e-08
3819	3.66947e-08
3820	3.67319e-08
3821	3.67692e-08
3822	3.68061e-08
3823	3.68431e-08
3824	3.68797e-08
3825	3.69162e-08
3826	3.69525e-08
3827	3.69886e-08
3828	3.70247e-08
3829	3.70611e-08
3830	3.70978e-08
3831	3.71346e-08
3832	3.71717e-08
3833	3.72083e-08
3834	3.72448e-08
3835	3.72806e-08
3836	3.73161e-08
3837	3.73515e-08
3838	3.73867e-08
3839	3.74215e-08
3840	3.74554e-08
3841	3.74884e-08
3842	3.7521e-08
3843	3.75532e-08
3844	3.7585e-08
3845	3.76161e-08
3846	3.76464e-08
3847	3.7676e-08
3848	3.77051e-08
3849	3.77336e-08
3850	3.77617e-08
3851	3.77893e-08
3852	3.78166e-08
3853	3.78432e-08
3854	3.78693e-08
3855	3.78954e-08
3856	3.79197e-08
3857	3.79439e-08
3858	3.79675e-08
3859	3.79898e-08
3860	3.80117e-08
3861	3.80336e-08
3862	3.80537e-08
3863	3.80732e-08
3864	3.80921e-08
3865	3.81099e-08
3866	3.8127e-08
3867	3.81435e-08
3868	3.81577e-08
3869	3.81717e-08
3870	3.8184e-08
3871	3.81964e-08
3872	3.82076e-08
3873	3.82186e-08
3874	3.82287e-08
3875	3.82381e-08
3876	3.82464e-08
3877	3.82545e-08
3878	3.82613e-08
3879	3.82671e-08
3880	3.82727e-08
3881	3.82778e-08
3882	3.82815e-08
3883	3.82839e-08
3884	3.82852e-08
3885	3.82859e-08
3886	3.82862e-08
3887	3.82861e-08
3888	3.8285e-08
3889	3.82829e-08
3890	3.82796e-08
3891	3.82754e-08
3892	3.82702e-08
3893	3.8264e-08
3894	3.82568e-08
3895	3.82483e-08
3896	3.82386e-08
3897	3.8228e-08
3898	3.8216e-08
3899	3.82029e-08
3900	3.81886e-08
3901	3.81735e-08
3902	3.81574e-08
3903	3.81402e-08
3904	3.81227e-08
3905	3.81031e-08
3906	3.80832e-08
3907	3.80623e-08
3908	3.80401e-08
3909	3.80167e-08
3910	3.79921e-08
3911	3.79663e-08
3912	3.79392e-08
3913	3.79109e-08
3914	3.78818e-08
3915	3.78522e-08
3916	3.78223e-08
3917	3.7792e-08
3918	3.77609e-08
3919	3.77291e-08
3920	3.76966e-08
3921	3.7664e-08
3922	3.76318e-08
3923	3.75996e-08
3924	3.75673e-08
3925	3.75348e-08
3926	3.7502e-08
3927	3.74688e-08
3928	3.74355e-08
3929	3.74019e-08
3930	3.7367e-08
3931	3.733e-08
3932	3.72905e-08
3933	3.72482e-08
3934	3.72022e-08
3935	3.71511e-08
3936	3.70939e-08
3937	3.70297e-08
3938	3.6958e-08
3939	3.68787e-08
3940	3.67917e-08
3941	3.66984e-08
3942	3.66e-08
3943	3.64976e-08
3944	3.63934e-08
3945	3.62891e-08
3946	3.61862e-08
3947	3.60864e-08
3948	3.59913e-08
3949	3.59009e-08
3950	3.58163e-08
3951	3.57372e-08
3952	3.5663e-08
3953	3.55921e-08
3954	3.55263e-08
3955	3.54639e-08
3956	3.5404e-08
3957	3.53465e-08
3958	3.52904e-08
3959	3.52364e-08
3960	3.51837e-08
3961	3.51315e-08
3962	3.50787e-08
3963	3.5027e-08
3964	3.49765e-08
3965	3.49269e-08
3966	3.48771e-08
3967	3.48268e-08
3968	3.47772e-08
3969	3.47282e-08
3970	3.46794e-08
3971	3.4629e-08
3972	3.45758e-08
3973	3.4523e-08
3974	3.44704e-08
3975	3.44173e-08
3976	3.43646e-08
3977	3.43121e-08
3978	3.42599e-08
3979	3.42078e-08
3980	3.41557e-08
3981	3.41033e-08
3982	3.40507e-08
3983	3.39984e-08
3984	3.39457e-08
3985	3.38933e-08
3986	3.38414e-08
3987	3.379e-08
3988	3.3739e-08
3989	3.36887e-08
3990	3.36387e-08
3991	3.35888e-08
3992	3.35398e-08
3993	3.34915e-08
3994	3.34437e-08
3995	3.3396e-08
3996	3.33476e-08
3997	3.32993e-08
3998	3.32514e-08
3999	3.3203e-08
4000	3.31545e-08
4001	3.31062e-08
4002	3.30583e-08
4003	3.30113e-08
4004	3.29647e-08
4005	3.29175e-08
4006	3.287e-08
4007	3.28228e-08
4008	3.27758e-08
4009	3.27285e-08
4010	3.26813e-08
4011	3.2635e-08
4012	3.25884e-08
4013	3.25421e-08
4014	3.24951e-08
4015	3.24479e-08
4016	3.24005e-08
4017	3.23529e-08
4018	3.23054e-08
4019	3.22583e-08
4020	3.22109e-08
4021	3.21631e-08
4022	3.21113e-08
4023	3.20559e-08
4024	3.19999e-08
4025	3.1942e-08
4026	3.1884e-08
4027	3.1825e-08
4028	3.17674e-08
4029	3.17105e-08
4030	3.16555e-08
4031	3.16012e-08
4032	3.1548e-08
4033	3.14942e-08
4034	3.14405e-08
4035	3.13863e-08
4036	3.13318e-08
4037	3.12765e-08
4038	3.12201e-08
4039	3.1163e-08
4040	3.11054e-08
4041	3.10462e-08
4042	3.09871e-08
4043	3.09272e-08
4044	3.0867e-08
4045	3.08059e-08
4046	3.07435e-08
4047	3.06796e-08
4048	3.06151e-08
4049	3.05496e-08
4050	3.0483e-08
4051	3.04157e-08
4052	3.03478e-08
4053	3.02789e-08
4054	3.02102e-08
4055	3.01404e-08
4056	3.00697e-08
4057	2.99988e-08
4058	2.99272e-08
4059	2.98547e-08
4060	2.97818e-08
4061	2.97089e-08
4062	2.96355e-08
4063	2.9562e-08
4064	2.94878e-08
4065	2.94133e-08
4066	2.93382e-08
4067	2.92629e-08
4068	2.91878e-08
4069	2.91123e-08
4070	2.90369e-08
4071	2.89618e-08
4072	2.88867e-08
4073	2.88114e-08
4074	2.87351e-08
4075	2.86583e-08
4076	2.85819e-08
4077	2.85061e-08
4078	2.84309e-08
4079	2.83565e-08
4080	2.82826e-08
4081	2.82089e-08
4082	2.81356e-08
4083	2.80622e-08
4084	2.79892e-08
4085	2.79161e-08
4086	2.78426e-08
4087	2.77687e-08
4088	2.76946e-08
4089	2.76209e-08
4090	2.75482e-08
4091	2.74752e-08
4092	2.74029e-08
4093	2.73314e-08
4094	2.726e-08
4095	2.71884e-08
4096	2.71164e-08
4097	2.70448e-08
4098	2.69738e-08
4099	2.69035e-08
4100	2.68329e-08
4101	2.67615e-08
4102	2.66899e-08
4103	2.66179e-08
4104	2.65452e-08
4105	2.6473e-08
4106	2.63999e-08
4107	2.63256e-08
4108	2.62509e-08
4109	2.61761e-08
4110	2.61001e-08
4111	2.60228e-08
4112	2.59455e-08
4113	2.58653e-08
4114	2.57844e-08
4115	2.57004e-08
4116	2.56139e-08
4117	2.55269e-08
4118	2.54389e-08
4119	2.535e-08
4120	2.52599e-08
4121	2.51702e-08
4122	2.50801e-08
4123	2.49909e-08
4124	2.49036e-08
4125	2.48188e-08
4126	2.47365e-08
4127	2.46557e-08
4128	2.45769e-08
4129	2.45023e-08
4130	2.44307e-08
4131	2.43625e-08
4132	2.42975e-08
4133	2.42336e-08
4134	2.41716e-08
4135	2.41106e-08
4136	2.40528e-08
4137	2.39976e-08
4138	2.39416e-08
4139	2.38872e-08
4140	2.38344e-08
4141	2.3783e-08
4142	2.37332e-08
4143	2.36832e-08
4144	2.36329e-08
4145	2.35848e-08
4146	2.35385e-08
4147	2.34948e-08
4148	2.34512e-08
4149	2.34074e-08
4150	2.33637e-08
4151	2.332e-08
4152	2.32771e-08
4153	2.32361e-08
4154	2.31961e-08
4155	2.3156e-08
4156	2.31173e-08
4157	2.30807e-08
4158	2.30459e-08
4159	2.3012e-08
4160	2.29785e-08
4161	2.29456e-08
4162	2.29133e-08
4163	2.28827e-08
4164	2.2854e-08
4165	2.28253e-08
4166	2.27981e-08
4167	2.27731e-08
4168	2.27503e-08
4169	2.27301e-08
4170	2.27122e-08
4171	2.26951e-08
4172	2.26781e-08
4173	2.26618e-08
4174	2.26466e-08
4175	2.26332e-08
4176	2.2622e-08
4177	2.26153e-08
4178	2.26077e-08
4179	2.26016e-08
4180	2.25982e-08
4181	2.25977e-08
4182	2.26008e-08
4183	2.26006e-08
4184	2.26002e-08
4185	2.26025e-08
4186	2.2608e-08
4187	2.26178e-08
4188	2.26271e-08
4189	2.26362e-08
4190	2.26475e-08
4191	2.26616e-08
4192	2.26786e-08
4193	2.26964e-08
4194	2.27133e-08
4195	2.27323e-08
4196	2.27559e-08
4197	2.2783e-08
4198	2.28135e-08
4199	2.28462e-08
4200	2.28796e-08
4201	2.29131e-08
4202	2.29473e-08
4203	2.29815e-08
4204	2.30158e-08
4205	2.30512e-08
4206	2.30857e-08
4207	2.312e-08
4208	2.31544e-08
4209	2.3189e-08
4210	2.32241e-08
4211	2.32574e-08
4212	2.32904e-08
4213	2.33242e-08
4214	2.33575e-08
4215	2.33917e-08
4216	2.34251e-08
4217	2.34591e-08
4218	2.34916e-08
4219	2.3525e-08
4220	2.35571e-08
4221	2.35895e-08
4222	2.36225e-08
4223	2.36538e-08
4224	2.36845e-08
4225	2.37157e-08
4226	2.37479e-08
4227	2.3779e-08
4228	2.38099e-08
4229	2.38407e-08
4230	2.38698e-08
4231	2.38981e-08
4232	2.3926e-08
4233	2.39534e-08
4234	2.39806e-08
4235	2.40084e-08
4236	2.40355e-08
4237	2.40611e-08
4238	2.40866e-08
4239	2.41122e-08
4240	2.41372e-08
4241	2.41627e-08
4242	2.41876e-08
4243	2.42116e-08
4244	2.42356e-08
4245	2.42593e-08
4246	2.4283e-08
4247	2.43061e-08
4248	2.43293e-08
4249	2.43525e-08
4250	2.43756e-08
4251	2.43995e-08
4252	2.44235e-08
4253	2.44479e-08
4254	2.44724e-08
4255	2.44975e-08
4256	2.45222e-08
4257	2.45469e-08
4258	2.45716e-08
4259	2.45961e-08
4260	2.46208e-08
4261	2.46455e-08
4262	2.46705e-08
4263	2.46953e-08
4264	2.47196e-08
4265	2.47437e-08
4266	2.47678e-08
4267	2.47915e-08
4268	2.48151e-08
4269	2.48384e-08
4270	2.48614e-08
4271	2.4884e-08
4272	2.49065e-08
4273	2.49287e-08
4274	2.49502e-08
4275	2.49709e-08
4276	2.49912e-08
4277	2.50111e-08
4278	2.50311e-08
4279	2.5051e-08
4280	2.50704e-08
4281	2.50891e-08
4282	2.51074e-08
4283	2.51251e-08
4284	2.51423e-08
4285	2.5159e-08
4286	2.51749e-08
4287	2.51902e-08
4288	2.52051e-08
4289	2.52194e-08
4290	2.52333e-08
4291	2.52467e-08
4292	2.52596e-08
4293	2.52718e-08
4294	2.52833e-08
4295	2.52942e-08
4296	2.53048e-08
4297	2.5315e-08
4298	2.53245e-08
4299	2.53333e-08
4300	2.53416e-08
4301	2.53498e-08
4302	2.53569e-08
4303	2.53639e-08
4304	2.53706e-08
4305	2.53767e-08
4306	2.53822e-08
4307	2.53877e-08
4308	2.53923e-08
4309	2.53961e-08
4310	2.54002e-08
4311	2.54036e-08
4312	2.54063e-08
4313	2.54085e-08
4314	2.54099e-08
4315	2.54107e-08
4316	2.54113e-08
4317	2.54115e-08
4318	2.54112e-08
4319	2.54102e-08
4320	2.54086e-08
4321	2.54066e-08
4322	2.54042e-08
4323	2.54014e-08
4324	2.5398e-08
4325	2.53942e-08
4326	2.539e-08
4327	2.53855e-08
4328	2.53809e-08
4329	2.53765e-08
4330	2.5372e-08
4331	2.53681e-08
4332	2.53642e-08
4333	2.5361e-08
4334	2.53587e-08
4335	2.53571e-08
4336	2.53566e-08
4337	2.53573e-08
4338	2.53589e-08
4339	2.53617e-08
4340	2.53656e-08
4341	2.53706e-08
4342	2.53766e-08
4343	2.53836e-08
4344	2.53916e-08
4345	2.54e-08
4346	2.54086e-08
4347	2.54169e-08
4348	2.54247e-08
4349	2.54317e-08
4350	2.54374e-08
4351	2.54417e-08
4352	2.54442e-08
4353	2.5445e-08
4354	2.54438e-08
4355	2.54404e-08
4356	2.54349e-08
4357	2.54266e-08
4358	2.54165e-08
4359	2.54044e-08
4360	2.53902e-08
4361	2.53734e-08
4362	2.53556e-08
4363	2.53361e-08
4364	2.53151e-08
4365	2.52925e-08
4366	2.52692e-08
4367	2.52445e-08
4368	2.52186e-08
4369	2.51912e-08
4370	2.51635e-08
4371	2.51351e-08
4372	2.51058e-08
4373	2.50753e-08
4374	2.50443e-08
4375	2.50125e-08
4376	2.49799e-08
4377	2.49467e-08
4378	2.49132e-08
4379	2.48793e-08
4380	2.48448e-08
4381	2.48097e-08
4382	2.47743e-08
4383	2.47386e-08
4384	2.47025e-08
4385	2.4666e-08
4386	2.46292e-08
4387	2.45923e-08
4388	2.45552e-08
4389	2.45177e-08
4390	2.44799e-08
4391	2.44425e-08
4392	2.44054e-08
4393	2.43686e-08
4394	2.43317e-08
4395	2.42947e-08
4396	2.42578e-08
4397	2.4221e-08
4398	2.41843e-08
4399	2.41477e-08
4400	2.41114e-08
4401	2.4075e-08
4402	2.40384e-08
4403	2.4002e-08
4404	2.39658e-08
4405	2.39298e-08
4406	2.38936e-08
4407	2.38576e-08
4408	2.38217e-08
4409	2.37861e-08
4410	2.37504e-08
4411	2.37149e-08
4412	2.36794e-08
4413	2.36437e-08
4414	2.36078e-08
4415	2.35717e-08
4416	2.35357e-08
4417	2.34997e-08
4418	2.34635e-08
4419	2.34273e-08
4420	2.3391e-08
4421	2.33545e-08
4422	2.33177e-08
4423	2.32806e-08
4424	2.32437e-08
4425	2.32067e-08
4426	2.31699e-08
4427	2.31331e-08
4428	2.30964e-08
4429	2.30595e-08
4430	2.30226e-08
4431	2.2986e-08
4432	2.29491e-08
4433	2.29122e-08
4434	2.28752e-08
4435	2.28383e-08
4436	2.2801e-08
4437	2.27649e-08
4438	2.27302e-08
4439	2.26955e-08
4440	2.26611e-08
4441	2.26267e-08
4442	2.25922e-08
4443	2.25577e-08
4444	2.25236e-08
4445	2.24896e-08
4446	2.24556e-08
4447	2.24216e-08
4448	2.23876e-08
4449	2.23533e-08
4450	2.23191e-08
4451	2.22845e-08
4452	2.225e-08
4453	2.22153e-08
4454	2.21804e-08
4455	2.2145e-08
4456	2.21096e-08
4457	2.20741e-08
4458	2.20382e-08
4459	2.2002e-08
4460	2.19658e-08
4461	2.19293e-08
4462	2.18929e-08
4463	2.18599e-08
4464	2.18271e-08
4465	2.1795e-08
4466	2.17635e-08
4467	2.17316e-08
4468	2.16991e-08
4469	2.16652e-08
4470	2.16296e-08
4471	2.15925e-08
4472	2.15543e-08
4473	2.15153e-08
4474	2.14761e-08
4475	2.14363e-08
4476	2.13965e-08
4477	2.13564e-08
4478	2.13158e-08
4479	2.12752e-08
4480	2.12345e-08
4481	2.11934e-08
4482	2.11522e-08
4483	2.1111e-08
4484	2.10694e-08
4485	2.10272e-08
4486	2.09852e-08
4487	2.09431e-08
4488	2.09006e-08
4489	2.08578e-08
4490	2.08147e-08
4491	2.07718e-08
4492	2.07286e-08
4493	2.06851e-08
4494	2.06414e-08
4495	2.05978e-08
4496	2.05537e-08
4497	2.05095e-08
4498	2.04649e-08
4499	2.04201e-08
4500	2.0375e-08
4501	2.03299e-08
4502	2.02849e-08
4503	2.02401e-08
4504	2.01953e-08
4505	2.01503e-08
4506	2.01048e-08
4507	2.00591e-08
4508	2.0013e-08
4509	1.99671e-08
4510	1.99214e-08
4511	1.98759e-08
4512	1.98302e-08
4513	1.97844e-08
4514	1.97386e-08
4515	1.96924e-08
4516	1.9646e-08
4517	1.95992e-08
4518	1.9552e-08
4519	1.95043e-08
4520	1.94568e-08
4521	1.94097e-08
4522	1.93628e-08
4523	1.93159e-08
4524	1.92694e-08
4525	1.9223e-08
4526	1.9176e-08
4527	1.91288e-08
4528	1.90812e-08
4529	1.90331e-08
4530	1.8985e-08
4531	1.89366e-08
4532	1.88881e-08
4533	1.88396e-08
4534	1.87913e-08
4535	1.87424e-08
4536	1.86937e-08
4537	1.86448e-08
4538	1.85954e-08
4539	1.85459e-08
4540	1.84966e-08
4541	1.84479e-08
4542	1.83989e-08
4543	1.83493e-08
4544	1.82992e-08
4545	1.82485e-08
4546	1.8198e-08
4547	1.81474e-08
4548	1.80965e-08
4549	1.80455e-08
4550	1.79954e-08
4551	1.79459e-08
4552	1.78959e-08
4553	1.7846e-08
4554	1.77958e-08
4555	1.77449e-08
4556	1.76938e-08
4557	1.76423e-08
4558	1.7591e-08
4559	1.75398e-08
4560	1.74884e-08
4561	1.74364e-08
4562	1.73845e-08
4563	1.73326e-08
4564	1.7281e-08
4565	1.72294e-08
4566	1.71788e-08
4567	1.71281e-08
4568	1.70765e-08
4569	1.70247e-08
4570	1.69735e-08
4571	1.6923e-08
4572	1.68728e-08
4573	1.68226e-08
4574	1.6773e-08
4575	1.67231e-08
4576	1.66723e-08
4577	1.66226e-08
4578	1.65736e-08
4579	1.65256e-08
4580	1.64779e-08
4581	1.64307e-08
4582	1.63839e-08
4583	1.6337e-08
4584	1.62909e-08
4585	1.62465e-08
4586	1.62041e-08
4587	1.61623e-08
4588	1.61225e-08
4589	1.60833e-08
4590	1.60434e-08
4591	1.60034e-08
4592	1.59643e-08
4593	1.59263e-08
4594	1.58887e-08
4595	1.58528e-08
4596	1.58179e-08
4597	1.57849e-08
4598	1.5753e-08
4599	1.57211e-08
4600	1.56914e-08
4601	1.56623e-08
4602	1.56349e-08
4603	1.56088e-08
4604	1.55835e-08
4605	1.55596e-08
4606	1.5537e-08
4607	1.55175e-08
4608	1.54994e-08
4609	1.54812e-08
4610	1.54634e-08
4611	1.54469e-08
4612	1.54307e-08
4613	1.54168e-08
4614	1.54027e-08
4615	1.53928e-08
4616	1.53856e-08
4617	1.53788e-08
4618	1.53749e-08
4619	1.53707e-08
4620	1.53683e-08
4621	1.53651e-08
4622	1.53633e-08
4623	1.53625e-08
4624	1.53638e-08
4625	1.53664e-08
4626	1.53714e-08
4627	1.53776e-08
4628	1.53855e-08
4629	1.53934e-08
4630	1.54022e-08
4631	1.54105e-08
4632	1.54207e-08
4633	1.5431e-08
4634	1.5443e-08
4635	1.54549e-08
4636	1.5469e-08
4637	1.54833e-08
4638	1.55005e-08
4639	1.55183e-08
4640	1.55393e-08
4641	1.55617e-08
4642	1.55848e-08
4643	1.56078e-08
4644	1.56317e-08
4645	1.56558e-08
4646	1.56791e-08
4647	1.57029e-08
4648	1.57265e-08
4649	1.57497e-08
4650	1.57733e-08
4651	1.57964e-08
4652	1.58195e-08
4653	1.58425e-08
4654	1.58654e-08
4655	1.58887e-08
4656	1.5912e-08
4657	1.59348e-08
4658	1.5957e-08
4659	1.59794e-08
4660	1.60018e-08
4661	1.60239e-08
4662	1.60459e-08
4663	1.60676e-08
4664	1.6089e-08
4665	1.611e-08
4666	1.61307e-08
4667	1.61509e-08
4668	1.61706e-08
4669	1.61902e-08
4670	1.62096e-08
4671	1.62283e-08
4672	1.62472e-08
4673	1.62649e-08
4674	1.62832e-08
4675	1.63009e-08
4676	1.63187e-08
4677	1.63365e-08
4678	1.63539e-08
4679	1.63717e-08
4680	1.63891e-08
4681	1.64054e-08
4682	1.64223e-08
4683	1.64385e-08
4684	1.64552e-08
4685	1.64734e-08
4686	1.64904e-08
4687	1.65072e-08
4688	1.65244e-08
4689	1.65414e-08
4690	1.6559e-08
4691	1.65771e-08
4692	1.65941e-08
4693	1.66117e-08
4694	1.66292e-08
4695	1.66466e-08
4696	1.66643e-08
4697	1.6682e-08
4698	1.66991e-08
4699	1.67161e-08
4700	1.67327e-08
4701	1.67487e-08
4702	1.67646e-08
4703	1.6781e-08
4704	1.67959e-08
4705	1.68116e-08
4706	1.68268e-08
4707	1.68412e-08
4708	1.6856e-08
4709	1.68703e-08
4710	1.68835e-08
4711	1.68968e-08
4712	1.69105e-08
4713	1.69234e-08
4714	1.69354e-08
4715	1.69476e-08
4716	1.69595e-08
4717	1.69719e-08
4718	1.69835e-08
4719	1.69948e-08
4720	1.70057e-08
4721	1.70167e-08
4722	1.70273e-08
4723	1.70379e-08
4724	1.70474e-08
4725	1.70563e-08
4726	1.70649e-08
4727	1.70736e-08
4728	1.7082e-08
4729	1.70894e-08
4730	1.70965e-08
4731	1.71039e-08
4732	1.71108e-08
4733	1.7117e-08
4734	1.71229e-08
4735	1.7129e-08
4736	1.71341e-08
4737	1.71389e-08
4738	1.71439e-08
4739	1.7148e-08
4740	1.71521e-08
4741	1.71558e-08
4742	1.7159e-08
4743	1.71619e-08
4744	1.71645e-08
4745	1.71669e-08
4746	1.71685e-08
4747	1.71698e-08
4748	1.71708e-08
4749	1.7172e-08
4750	1.71725e-08
4751	1.71728e-08
4752	1.71732e-08
4753	1.71723e-08
4754	1.71714e-08
4755	1.71704e-08
4756	1.7169e-08
4757	1.71672e-08
4758	1.71651e-08
4759	1.71627e-08
4760	1.71598e-08
4761	1.71563e-08
4762	1.71523e-08
4763	1.7148e-08
4764	1.71433e-08
4765	1.71383e-08
4766	1.7133e-08
4767	1.71272e-08
4768	1.71211e-08
4769	1.71147e-08
4770	1.71079e-08
4771	1.71008e-08
4772	1.70933e-08
4773	1.70855e-08
4774	1.70776e-08
4775	1.70692e-08
4776	1.70605e-08
4777	1.70513e-08
4778	1.70418e-08
4779	1.7032e-08
4780	1.70218e-08
4781	1.70115e-08
4782	1.70007e-08
4783	1.69894e-08
4784	1.6978e-08
4785	1.69661e-08
4786	1.6954e-08
4787	1.69417e-08
4788	1.69291e-08
4789	1.69169e-08
4790	1.69031e-08
4791	1.689e-08
4792	1.68762e-08
4793	1.68624e-08
4794	1.68484e-08
4795	1.6834e-08
4796	1.68186e-08
4797	1.68029e-08
4798	1.67873e-08
4799	1.67715e-08
4800	1.6756e-08
4801	1.67394e-08
4802	1.67225e-08
4803	1.67053e-08
4804	1.66884e-08
4805	1.6671e-08
4806	1.6653e-08
4807	1.66351e-08
4808	1.66166e-08
4809	1.65979e-08
4810	1.65793e-08
4811	1.65603e-08
4812	1.65408e-08
4813	1.65213e-08
4814	1.65013e-08
4815	1.64809e-08
4816	1.64607e-08
4817	1.64401e-08
4818	1.64193e-08
4819	1.63986e-08
4820	1.63775e-08
4821	1.63561e-08
4822	1.63348e-08
4823	1.63132e-08
4824	1.62911e-08
4825	1.62694e-08
4826	1.62474e-08
4827	1.6225e-08
4828	1.6203e-08
4829	1.61806e-08
4830	1.61581e-08
4831	1.61359e-08
4832	1.61134e-08
4833	1.60905e-08
4834	1.60678e-08
4835	1.60449e-08
4836	1.60218e-08
4837	1.5999e-08
4838	1.5976e-08
4839	1.59529e-08
4840	1.59301e-08
4841	1.59073e-08
4842	1.58845e-08
4843	1.58619e-08
4844	1.58376e-08
4845	1.58132e-08
4846	1.57893e-08
4847	1.57653e-08
4848	1.57415e-08
4849	1.57181e-08
4850	1.56943e-08
4851	1.56704e-08
4852	1.5647e-08
4853	1.56234e-08
4854	1.55996e-08
4855	1.5576e-08
4856	1.5552e-08
4857	1.5528e-08
4858	1.55044e-08
4859	1.54807e-08
4860	1.54568e-08
4861	1.54332e-08
4862	1.54096e-08
4863	1.53861e-08
4864	1.53632e-08
4865	1.53401e-08
4866	1.53168e-08
4867	1.52937e-08
4868	1.52704e-08
4869	1.52473e-08
4870	1.52244e-08
4871	1.52015e-08
4872	1.51785e-08
4873	1.51557e-08
4874	1.51328e-08
4875	1.51102e-08
4876	1.50878e-08
4877	1.50653e-08
4878	1.5043e-08
4879	1.50212e-08
4880	1.49991e-08
4881	1.49768e-08
4882	1.49545e-08
4883	1.49317e-08
4884	1.4909e-08
4885	1.48868e-08
4886	1.48647e-08
4887	1.48424e-08
4888	1.48204e-08
4889	1.47982e-08
4890	1.47757e-08
4891	1.47534e-08
4892	1.47308e-08
4893	1.47083e-08
4894	1.46865e-08
4895	1.46643e-08
4896	1.46417e-08
4897	1.46195e-08
4898	1.45969e-08
4899	1.45742e-08
4900	1.45516e-08
4901	1.45286e-08
4902	1.45056e-08
4903	1.44831e-08
4904	1.44602e-08
4905	1.44353e-08
4906	1.44086e-08
4907	1.43818e-08
4908	1.43541e-08
4909	1.43258e-08
4910	1.42977e-08
4911	1.42702e-08
4912	1.42431e-08
4913	1.42165e-08
4914	1.419e-08
4915	1.41645e-08
4916	1.41393e-08
4917	1.4114e-08
4918	1.40884e-08
4919	1.40631e-08
4920	1.40375e-08
4921	1.40114e-08
4922	1.39851e-08
4923	1.39591e-08
4924	1.39327e-08
4925	1.3906e-08
4926	1.38795e-08
4927	1.38526e-08
4928	1.38262e-08
4929	1.37985e-08
4930	1.37709e-08
4931	1.37427e-08
4932	1.37145e-08
4933	1.36867e-08
4934	1.36592e-08
4935	1.36316e-08
4936	1.36043e-08
4937	1.35756e-08
4938	1.35465e-08
4939	1.35173e-08
4940	1.3489e-08
4941	1.34602e-08
4942	1.34311e-08
4943	1.34029e-08
4944	1.33738e-08
4945	1.3345e-08
4946	1.33165e-08
4947	1.3288e-08
4948	1.32592e-08
4949	1.32303e-08
4950	1.32009e-08
4951	1.31711e-08
4952	1.31411e-08
4953	1.31116e-08
4954	1.30821e-08
4955	1.30527e-08
4956	1.30231e-08
4957	1.29931e-08
4958	1.29627e-08
4959	1.29322e-08
4960	1.29017e-08
4961	1.28713e-08
4962	1.28413e-08
4963	1.28111e-08
4964	1.27812e-08
4965	1.27511e-08
4966	1.27207e-08
4967	1.26903e-08
4968	1.26596e-08
4969	1.26286e-08
4970	1.25973e-08
4971	1.2566e-08
4972	1.25346e-08
4973	1.25032e-08
4974	1.24719e-08
4975	1.24406e-08
4976	1.24095e-08
4977	1.23781e-08
4978	1.23463e-08
4979	1.23146e-08
4980	1.22831e-08
4981	1.22516e-08
4982	1.222e-08
4983	1.21885e-08
4984	1.21557e-08
4985	1.21229e-08
4986	1.20907e-08
4987	1.20581e-08
4988	1.20253e-08
4989	1.19925e-08
4990	1.19602e-08
4991	1.19279e-08
4992	1.18955e-08
4993	1.18636e-08
4994	1.1832e-08
4995	1.18006e-08
4996	1.17681e-08
4997	1.17354e-08
4998	1.17025e-08
4999	1.16703e-08
5000	1.1638e-08
