1	1
2	0.806138
3	0.625888
4	0.522034
5	0.48809
6	0.395937
7	0.306484
8	0.344185
9	0.266156
10	0.228161
11	0.241107
12	0.177619
13	0.163191
14	0.168955
15	0.121852
16	0.123949
17	0.118653
18	0.0852341
19	0.0912779
20	0.0820779
21	0.0596719
22	0.0640259
23	0.0559851
24	0.0417369
25	0.0426893
26	0.0371915
27	0.0292092
28	0.0282555
29	0.024975
30	0.020591
31	0.0188307
32	0.0166562
33	0.0144616
34	0.0126874
35	0.0116039
36	0.0104102
37	0.00893932
38	0.00857798
39	0.0081551
40	0.00678364
41	0.00625944
42	0.00610037
43	0.00553816
44	0.00519
45	0.00496608
46	0.00469152
47	0.00450041
48	0.00428826
49	0.00409171
50	0.00401685
51	0.00388813
52	0.00375452
53	0.00364432
54	0.00354905
55	0.0034819
56	0.00341109
57	0.00332396
58	0.00326363
59	0.00318232
60	0.00310159
61	0.00303634
62	0.00299368
63	0.00293602
64	0.00288341
65	0.00282724
66	0.00277545
67	0.0027269
68	0.00268719
69	0.00264745
70	0.00260871
71	0.002564
72	0.00252652
73	0.00248533
74	0.00244842
75	0.00241022
76	0.00237659
77	0.00234214
78	0.00231044
79	0.00227885
80	0.00224875
81	0.00221971
82	0.00219295
83	0.00216706
84	0.00214261
85	0.00211711
86	0.00209317
87	0.00207126
88	0.00205065
89	0.00203029
90	0.00201081
91	0.00199246
92	0.00197565
93	0.0019594
94	0.00194413
95	0.00192895
96	0.0019138
97	0.00189864
98	0.00188316
99	0.00186746
100	0.00185028
101	0.00183396
102	0.00181836
103	0.00180467
104	0.0017899
105	0.0017761
106	0.00176203
107	0.00174816
108	0.00173391
109	0.00171974
110	0.00170441
111	0.00169014
112	0.00167399
113	0.00165876
114	0.00164172
115	0.00162578
116	0.00160848
117	0.00159234
118	0.00157462
119	0.00155794
120	0.00154028
121	0.00152336
122	0.00150555
123	0.001488
124	0.00146964
125	0.00145149
126	0.00143295
127	0.00141495
128	0.00139659
129	0.0013785
130	0.00136
131	0.00134191
132	0.00132393
133	0.00130639
134	0.00128861
135	0.00127149
136	0.00125403
137	0.00123765
138	0.00122084
139	0.00120461
140	0.00118806
141	0.00117323
142	0.00115798
143	0.00114378
144	0.00112857
145	0.00111467
146	0.00110043
147	0.00108802
148	0.00107526
149	0.00106344
150	0.00105124
151	0.00103989
152	0.00102873
153	0.001017
154	0.00100716
155	0.000996198
156	0.000986714
157	0.000977486
158	0.000968528
159	0.000960693
160	0.000952441
161	0.000944891
162	0.00093789
163	0.000931423
164	0.000924787
165	0.00091859
166	0.000912267
167	0.000906578
168	0.000901553
169	0.000896751
170	0.000891938
171	0.000886991
172	0.000882476
173	0.000878447
174	0.000874465
175	0.000870862
176	0.000867743
177	0.000864927
178	0.000862211
179	0.000859448
180	0.000856549
181	0.000853789
182	0.00085145
183	0.000849596
184	0.000847941
185	0.000846195
186	0.000844199
187	0.000842139
188	0.000840046
189	0.000838146
190	0.000836311
191	0.000834567
192	0.000832706
193	0.000830671
194	0.000828389
195	0.000825847
196	0.000823169
197	0.000820557
198	0.000817918
199	0.000815277
200	0.000812547
201	0.000809651
202	0.000806589
203	0.000802837
204	0.000799476
205	0.000796216
206	0.000792835
207	0.000789273
208	0.000785476
209	0.000781432
210	0.000777238
211	0.000773157
212	0.000769478
213	0.00076624
214	0.000763062
215	0.000759622
216	0.000756073
217	0.000752521
218	0.00074907
219	0.000745686
220	0.000742297
221	0.00073891
222	0.000735587
223	0.000732236
224	0.000728977
225	0.000725769
226	0.000722716
227	0.000719837
228	0.000717068
229	0.000714208
230	0.000711312
231	0.000708359
232	0.000705611
233	0.000702794
234	0.000700382
235	0.000698462
236	0.00069631
237	0.000693763
238	0.000691462
239	0.000689158
240	0.000686782
241	0.000684337
242	0.000682253
243	0.000680173
244	0.000678401
245	0.000676692
246	0.000675137
247	0.00067382
248	0.000672939
249	0.000672007
250	0.000671657
251	0.000670653
252	0.000669964
253	0.000669107
254	0.000668904
255	0.000668627
256	0.000668345
257	0.000667569
258	0.000667041
259	0.000666723
260	0.000666861
261	0.000667062
262	0.000667608
263	0.000667808
264	0.000668009
265	0.000668412
266	0.000668688
267	0.00066882
268	0.000669626
269	0.000670103
270	0.00067034
271	0.000670722
272	0.00067102
273	0.000671514
274	0.000672365
275	0.000672728
276	0.000673087
277	0.000673783
278	0.000673953
279	0.000674546
280	0.000675725
281	0.000676863
282	0.000678353
283	0.000679857
284	0.000680712
285	0.000681002
286	0.000681579
287	0.000682633
288	0.000683134
289	0.000683409
290	0.000683703
291	0.000684062
292	0.000685155
293	0.000686432
294	0.000686933
295	0.00068697
296	0.000687627
297	0.000688867
298	0.000689761
299	0.000690605
300	0.000691371
301	0.000691465
302	0.000691726
303	0.000692159
304	0.000693405
305	0.000694365
306	0.000694709
307	0.000694884
308	0.000694952
309	0.000695437
310	0.000695713
311	0.000695784
312	0.000695531
313	0.000695633
314	0.000695908
315	0.000696566
316	0.000696858
317	0.000697048
318	0.000696676
319	0.000696849
320	0.000697437
321	0.000698115
322	0.000698496
323	0.000698274
324	0.000697615
325	0.000697321
326	0.000697579
327	0.000698003
328	0.00069793
329	0.000697106
330	0.000696126
331	0.000695566
332	0.000695571
333	0.000696239
334	0.000696602
335	0.000696264
336	0.000695238
337	0.000694645
338	0.000694734
339	0.000695119
340	0.000695255
341	0.000694864
342	0.000694065
343	0.000693848
344	0.000694053
345	0.000693917
346	0.000693662
347	0.00069348
348	0.000693262
349	0.0006934
350	0.000692866
351	0.000692566
352	0.000692804
353	0.000693095
354	0.000693107
355	0.000693468
356	0.000693229
357	0.000693108
358	0.000692955
359	0.000693067
360	0.000693096
361	0.000693049
362	0.000693381
363	0.000692965
364	0.000692398
365	0.000691928
366	0.000691831
367	0.000692576
368	0.000693017
369	0.000692253
370	0.000691425
371	0.000690767
372	0.000690273
373	0.000689897
374	0.000689837
375	0.000688903
376	0.000688062
377	0.000687296
378	0.000686626
379	0.000686164
380	0.000686167
381	0.000685666
382	0.00068497
383	0.000684532
384	0.000684301
385	0.00068338
386	0.000682646
387	0.000682812
388	0.000683446
389	0.000683698
390	0.000683928
391	0.000683702
392	0.000683053
393	0.000682905
394	0.000682439
395	0.000682295
396	0.00068257
397	0.000682793
398	0.000682612
399	0.00068249
400	0.000681936
401	0.000681445
402	0.000680886
403	0.000681502
404	0.000682032
405	0.000682789
406	0.000683111
407	0.000683064
408	0.000683379
409	0.000684002
410	0.000684543
411	0.000684695
412	0.000685056
413	0.000685741
414	0.00068652
415	0.000686741
416	0.000686492
417	0.000686752
418	0.000687809
419	0.00068943
420	0.000690343
421	0.000690775
422	0.000691144
423	0.000691729
424	0.000692943
425	0.00069406
426	0.000695204
427	0.000695931
428	0.000696663
429	0.000697489
430	0.000698642
431	0.000700135
432	0.00070145
433	0.0007026
434	0.000703229
435	0.000704012
436	0.000705163
437	0.000706516
438	0.000707929
439	0.000709424
440	0.000710577
441	0.000711626
442	0.000712705
443	0.000713958
444	0.000715502
445	0.000717016
446	0.000718365
447	0.000719619
448	0.000720904
449	0.000722429
450	0.000724084
451	0.00072573
452	0.00072738
453	0.000728853
454	0.000730342
455	0.000731944
456	0.000733639
457	0.000735444
458	0.000737224
459	0.000738976
460	0.000740724
461	0.000742486
462	0.000744269
463	0.000746095
464	0.000747926
465	0.000749711
466	0.000751468
467	0.00075319
468	0.000754919
469	0.000756667
470	0.000758434
471	0.000760159
472	0.000761904
473	0.000763671
474	0.000765422
475	0.00076723
476	0.000769115
477	0.000770935
478	0.000772747
479	0.000774514
480	0.000776279
481	0.000777994
482	0.000779762
483	0.000781575
484	0.000783483
485	0.000785328
486	0.000787284
487	0.000789366
488	0.000791611
489	0.000793905
490	0.000796224
491	0.000798511
492	0.000800799
493	0.000803001
494	0.00080524
495	0.000807527
496	0.000809897
497	0.00081222
498	0.000814519
499	0.000816781
500	0.000819011
501	0.00082128
502	0.000823624
503	0.000825946
504	0.000828337
505	0.000830697
506	0.000833071
507	0.00083546
508	0.000837779
509	0.000840082
510	0.000842362
511	0.000844674
512	0.000846918
513	0.000849148
514	0.000851327
515	0.000853498
516	0.000855578
517	0.000857684
518	0.000859875
519	0.000862135
520	0.000864365
521	0.000866615
522	0.000868811
523	0.000871161
524	0.000873531
525	0.00087587
526	0.000878081
527	0.000880269
528	0.000882342
529	0.000884409
530	0.000886403
531	0.000888407
532	0.000890353
533	0.00089239
534	0.000894305
535	0.00089618
536	0.000897991
537	0.000899698
538	0.000901477
539	0.000903314
540	0.000904939
541	0.000906805
542	0.000908701
543	0.000910558
544	0.000912179
545	0.000913812
546	0.000915449
547	0.00091723
548	0.000918909
549	0.000920679
550	0.000922265
551	0.000923765
552	0.000925468
553	0.000927149
554	0.000928674
555	0.00093007
556	0.000931463
557	0.000932745
558	0.000934003
559	0.000935117
560	0.000936058
561	0.000937289
562	0.000938638
563	0.000939766
564	0.000940661
565	0.000941543
566	0.0009423
567	0.000943383
568	0.000944599
569	0.00094561
570	0.000946311
571	0.000946971
572	0.000947522
573	0.000948214
574	0.000948672
575	0.000948966
576	0.000949366
577	0.000949839
578	0.000950106
579	0.000950274
580	0.000950331
581	0.000950452
582	0.000950694
583	0.000950753
584	0.000950624
585	0.000950596
586	0.000950495
587	0.000950397
588	0.000950146
589	0.000949778
590	0.000949643
591	0.000949485
592	0.00094922
593	0.000948895
594	0.000948703
595	0.000948506
596	0.000948195
597	0.000947898
598	0.000947633
599	0.000947472
600	0.00094741
601	0.000947214
602	0.000946832
603	0.000946402
604	0.000946291
605	0.000946346
606	0.000946314
607	0.000946164
608	0.000946038
609	0.000946024
610	0.000946144
611	0.000946268
612	0.000946364
613	0.000946518
614	0.000946884
615	0.000947484
616	0.000948277
617	0.000949225
618	0.000950283
619	0.000951537
620	0.000953031
621	0.000954666
622	0.000956352
623	0.000958037
624	0.000959829
625	0.000961706
626	0.000963816
627	0.000966113
628	0.000968665
629	0.000971485
630	0.000974479
631	0.0009776
632	0.000981224
633	0.000985313
634	0.000989643
635	0.000993974
636	0.000998423
637	0.00100301
638	0.00100889
639	0.00101482
640	0.00102032
641	0.00102538
642	0.00103087
643	0.00103816
644	0.00104533
645	0.00105197
646	0.00105865
647	0.00106482
648	0.00107208
649	0.00108029
650	0.00108854
651	0.0010958
652	0.00110319
653	0.00111086
654	0.00111931
655	0.00112847
656	0.00113733
657	0.00114506
658	0.00115328
659	0.00116246
660	0.00117207
661	0.00118203
662	0.0011914
663	0.00119928
664	0.0012081
665	0.00121881
666	0.00123012
667	0.00124148
668	0.00125142
669	0.00126033
670	0.00127028
671	0.00128226
672	0.00129448
673	0.0013069
674	0.00131794
675	0.00132884
676	0.00133899
677	0.00135121
678	0.00136369
679	0.00137589
680	0.00138767
681	0.00139988
682	0.00141149
683	0.00142287
684	0.00143381
685	0.0014448
686	0.00145736
687	0.00147062
688	0.0014839
689	0.00149623
690	0.00150751
691	0.00151932
692	0.00153209
693	0.00154544
694	0.00155862
695	0.00157109
696	0.00158284
697	0.00159446
698	0.00160658
699	0.00161912
700	0.00163182
701	0.00164412
702	0.00165606
703	0.00166813
704	0.00168043
705	0.00169288
706	0.00170522
707	0.0017173
708	0.00172911
709	0.00174071
710	0.00175233
711	0.00176389
712	0.00177519
713	0.00178617
714	0.00179691
715	0.00180741
716	0.0018178
717	0.00182808
718	0.00183808
719	0.00184803
720	0.00185824
721	0.0018685
722	0.00187896
723	0.001889
724	0.0018985
725	0.00190754
726	0.00191627
727	0.0019252
728	0.00193361
729	0.00194129
730	0.0019493
731	0.00195721
732	0.00196542
733	0.00197399
734	0.00198253
735	0.00199095
736	0.00199875
737	0.00200613
738	0.00201338
739	0.00202085
740	0.00202806
741	0.00203469
742	0.0020413
743	0.00204663
744	0.00205178
745	0.00205655
746	0.00206113
747	0.00206592
748	0.00207075
749	0.00207644
750	0.00208121
751	0.0020851
752	0.00208943
753	0.00209304
754	0.00209562
755	0.00209757
756	0.00209997
757	0.00210287
758	0.00210561
759	0.00210744
760	0.00210902
761	0.00211134
762	0.00211416
763	0.00211746
764	0.00212089
765	0.00212404
766	0.00212692
767	0.00212933
768	0.00213203
769	0.00213449
770	0.00213552
771	0.00213597
772	0.0021365
773	0.00213746
774	0.0021379
775	0.00213774
776	0.00213698
777	0.00213655
778	0.00213657
779	0.0021357
780	0.00213455
781	0.00213367
782	0.00213321
783	0.00213294
784	0.00213177
785	0.0021298
786	0.00212783
787	0.0021269
788	0.00212524
789	0.00212227
790	0.00211883
791	0.00211557
792	0.00211336
793	0.00211168
794	0.00210943
795	0.00210584
796	0.00210222
797	0.00209939
798	0.00209666
799	0.00209231
800	0.00208692
801	0.00208136
802	0.00207696
803	0.00207263
804	0.00206716
805	0.00206126
806	0.00205522
807	0.00205006
808	0.00204508
809	0.00203885
810	0.00203183
811	0.00202469
812	0.00201795
813	0.00201118
814	0.00200415
815	0.00199523
816	0.0019856
817	0.00197842
818	0.00197227
819	0.00196515
820	0.00195588
821	0.00194745
822	0.00193979
823	0.00193234
824	0.00192403
825	0.00191494
826	0.00190449
827	0.00189486
828	0.00188499
829	0.00187344
830	0.00186187
831	0.00185079
832	0.0018402
833	0.00182996
834	0.00181972
835	0.00180892
836	0.00179674
837	0.00178534
838	0.00177341
839	0.00176194
840	0.00175071
841	0.00173899
842	0.00172759
843	0.00171599
844	0.00170481
845	0.00169374
846	0.00168226
847	0.00167122
848	0.00166027
849	0.00164928
850	0.00163779
851	0.0016264
852	0.00161526
853	0.00160407
854	0.00159296
855	0.00158156
856	0.00156988
857	0.00155799
858	0.00154623
859	0.00153433
860	0.00152258
861	0.00151035
862	0.00149881
863	0.00148768
864	0.00147645
865	0.00146463
866	0.00145214
867	0.00144013
868	0.00142861
869	0.00141683
870	0.00140537
871	0.00139382
872	0.00138173
873	0.00136992
874	0.00135823
875	0.00134672
876	0.00133476
877	0.00132272
878	0.00131012
879	0.00129786
880	0.00128551
881	0.00127326
882	0.00126192
883	0.00125019
884	0.00123822
885	0.00122663
886	0.00121476
887	0.00120344
888	0.00119238
889	0.00118086
890	0.00116888
891	0.00115706
892	0.00114613
893	0.00113533
894	0.00112466
895	0.00111375
896	0.00110265
897	0.00109083
898	0.00107993
899	0.00106969
900	0.0010591
901	0.00104843
902	0.00103812
903	0.00102717
904	0.00101671
905	0.0010066
906	0.000996653
907	0.00098648
908	0.00097636
909	0.000965892
910	0.000955275
911	0.000945519
912	0.00093598
913	0.000925909
914	0.00091656
915	0.000906974
916	0.000896958
917	0.000887884
918	0.000878729
919	0.000869892
920	0.000860998
921	0.000852119
922	0.000843159
923	0.00083462
924	0.000825952
925	0.000817837
926	0.000809609
927	0.00080157
928	0.000793134
929	0.000785393
930	0.000777904
931	0.000769999
932	0.000762355
933	0.00075493
934	0.000747491
935	0.000740362
936	0.000733353
937	0.000725821
938	0.000719113
939	0.000712541
940	0.000705905
941	0.000698878
942	0.0006925
943	0.000686215
944	0.000679934
945	0.000673568
946	0.000667344
947	0.000661242
948	0.000655285
949	0.000649349
950	0.000643535
951	0.000637706
952	0.000631937
953	0.000626181
954	0.000620545
955	0.000615042
956	0.000609692
957	0.000604407
958	0.000599302
959	0.000594207
960	0.000589365
961	0.000584639
962	0.000580081
963	0.000575437
964	0.000570942
965	0.000566541
966	0.000562285
967	0.000557982
968	0.000554017
969	0.000550105
970	0.000546434
971	0.000542838
972	0.000539418
973	0.000536004
974	0.000532767
975	0.000529573
976	0.000526524
977	0.000523571
978	0.000520838
979	0.000518138
980	0.000515576
981	0.000513162
982	0.000510859
983	0.000508719
984	0.000506698
985	0.000504688
986	0.000502776
987	0.000500953
988	0.000499238
989	0.000497522
990	0.000495957
991	0.000494614
992	0.000493467
993	0.000492321
994	0.000491327
995	0.000490382
996	0.000489564
997	0.000488773
998	0.00048802
999	0.00048732
1000	0.000486987
1001	0.000486543
1002	0.000486291
1003	0.000486138
1004	0.000485943
1005	0.000485863
1006	0.000486212
1007	0.000486545
1008	0.000487065
1009	0.000487765
1010	0.000488398
1011	0.000488933
1012	0.000489928
1013	0.000491075
1014	0.000492592
1015	0.000494011
1016	0.000495344
1017	0.000496426
1018	0.000497959
1019	0.000499987
1020	0.000502195
1021	0.000503856
1022	0.000505173
1023	0.00050691
1024	0.000509322
1025	0.000511699
1026	0.000513437
1027	0.000515009
1028	0.000516566
1029	0.000518744
1030	0.000521061
1031	0.00052341
1032	0.000525509
1033	0.00052738
1034	0.000529308
1035	0.000531481
1036	0.000533699
1037	0.000535956
1038	0.000537986
1039	0.00053998
1040	0.000541986
1041	0.000544214
1042	0.000546484
1043	0.000548764
1044	0.000550983
1045	0.000553232
1046	0.000555415
1047	0.000557616
1048	0.000559788
1049	0.000562068
1050	0.000564588
1051	0.000566999
1052	0.000569306
1053	0.000571366
1054	0.000573178
1055	0.000575195
1056	0.000577635
1057	0.000580391
1058	0.000583079
1059	0.000585251
1060	0.000586992
1061	0.000588846
1062	0.000591099
1063	0.000593911
1064	0.0005967
1065	0.000599162
1066	0.000600907
1067	0.000602325
1068	0.000603995
1069	0.000606872
1070	0.000610111
1071	0.000613043
1072	0.000614691
1073	0.000615609
1074	0.000616846
1075	0.00061915
1076	0.000621824
1077	0.000624564
1078	0.000626886
1079	0.000628584
1080	0.000629504
1081	0.000631284
1082	0.000633759
1083	0.000636568
1084	0.000638908
1085	0.000640504
1086	0.000641556
1087	0.000642986
1088	0.000645089
1089	0.000647781
1090	0.000650146
1091	0.000652023
1092	0.000653447
1093	0.000655263
1094	0.000657083
1095	0.000658867
1096	0.00066084
1097	0.000662801
1098	0.000664613
1099	0.000666311
1100	0.000668023
1101	0.000670107
1102	0.000672495
1103	0.000674523
1104	0.000676109
1105	0.00067756
1106	0.000678899
1107	0.000681228
1108	0.000683711
1109	0.0006857
1110	0.000687171
1111	0.000689091
1112	0.000690699
1113	0.000692748
1114	0.000694501
1115	0.000696401
1116	0.000698093
1117	0.000700085
1118	0.000701826
1119	0.000703701
1120	0.000705328
1121	0.000707122
1122	0.000708808
1123	0.000710736
1124	0.000712346
1125	0.000714056
1126	0.000715492
1127	0.000717144
1128	0.000718631
1129	0.000720378
1130	0.000721854
1131	0.000723433
1132	0.000724736
1133	0.000726243
1134	0.000727594
1135	0.000729115
1136	0.000730428
1137	0.000731808
1138	0.000732995
1139	0.000734349
1140	0.000735532
1141	0.000736872
1142	0.000737999
1143	0.000739222
1144	0.000740306
1145	0.000741505
1146	0.000742547
1147	0.00074365
1148	0.000744608
1149	0.00074571
1150	0.000746635
1151	0.000747716
1152	0.000748594
1153	0.000749546
1154	0.000750305
1155	0.000751135
1156	0.000751836
1157	0.000752638
1158	0.000753304
1159	0.0007541
1160	0.000754841
1161	0.000755716
1162	0.000756499
1163	0.00075738
1164	0.000758172
1165	0.000759064
1166	0.00075987
1167	0.00076075
1168	0.000761533
1169	0.000762331
1170	0.000762994
1171	0.00076366
1172	0.000764179
1173	0.000764709
1174	0.000765046
1175	0.000765424
1176	0.000765642
1177	0.00076594
1178	0.000766151
1179	0.000766462
1180	0.000766723
1181	0.000767
1182	0.000767097
1183	0.000767112
1184	0.000767026
1185	0.000766965
1186	0.000766955
1187	0.000767052
1188	0.000767162
1189	0.000767289
1190	0.000767429
1191	0.000767562
1192	0.000767674
1193	0.000767787
1194	0.000767876
1195	0.000767932
1196	0.000767959
1197	0.000767975
1198	0.000768085
1199	0.000768186
1200	0.000767724
1201	0.000767384
1202	0.000767332
1203	0.000767761
1204	0.000767697
1205	0.000767155
1206	0.000765726
1207	0.000764765
1208	0.000764345
1209	0.000764697
1210	0.000765343
1211	0.000765145
1212	0.000764208
1213	0.000763789
1214	0.000763853
1215	0.000763546
1216	0.000762665
1217	0.000761678
1218	0.000760706
1219	0.000759899
1220	0.000760283
1221	0.000760199
1222	0.000759756
1223	0.000757899
1224	0.000756256
1225	0.000755836
1226	0.000755923
1227	0.000755987
1228	0.000755338
1229	0.000752791
1230	0.000751428
1231	0.000751058
1232	0.000751412
1233	0.000751331
1234	0.000750932
1235	0.000750353
1236	0.000750088
1237	0.000750126
1238	0.000750241
1239	0.000749879
1240	0.000749139
1241	0.00074812
1242	0.000747247
1243	0.000746526
1244	0.000746063
1245	0.000745638
1246	0.000745263
1247	0.000744725
1248	0.000743959
1249	0.000743697
1250	0.000743575
1251	0.000742917
1252	0.000742633
1253	0.000742236
1254	0.000741321
1255	0.000740611
1256	0.000739812
1257	0.000739298
1258	0.000738753
1259	0.000738013
1260	0.0007367
1261	0.000735504
1262	0.000734322
1263	0.000733763
1264	0.000733306
1265	0.000733063
1266	0.000732497
1267	0.000731869
1268	0.000731389
1269	0.00073101
1270	0.000729978
1271	0.000728787
1272	0.00072799
1273	0.000727292
1274	0.000726164
1275	0.000725056
1276	0.000724271
1277	0.000723566
1278	0.000722256
1279	0.000721045
1280	0.000720179
1281	0.000719445
1282	0.000718122
1283	0.000716945
1284	0.000716068
1285	0.00071533
1286	0.000714
1287	0.000713092
1288	0.000712116
1289	0.000711245
1290	0.000710212
1291	0.000709229
1292	0.000708075
1293	0.000706964
1294	0.000705744
1295	0.000704613
1296	0.000703372
1297	0.000702207
1298	0.000701017
1299	0.000699914
1300	0.000698761
1301	0.000697651
1302	0.000696482
1303	0.000695348
1304	0.000694157
1305	0.000693024
1306	0.000691805
1307	0.00069066
1308	0.000689252
1309	0.000688048
1310	0.000686947
1311	0.000686123
1312	0.000685171
1313	0.00068426
1314	0.000682964
1315	0.000681705
1316	0.000680205
1317	0.000679171
1318	0.000677768
1319	0.000676353
1320	0.00067495
1321	0.000673883
1322	0.000672608
1323	0.000671775
1324	0.000670756
1325	0.000669728
1326	0.000668602
1327	0.000667531
1328	0.000666241
1329	0.00066523
1330	0.000664133
1331	0.000663073
1332	0.000662018
1333	0.000661176
1334	0.000660232
1335	0.000659683
1336	0.00065881
1337	0.00065807
1338	0.000656899
1339	0.000655907
1340	0.000654759
1341	0.000653965
1342	0.000652971
1343	0.000652276
1344	0.000651261
1345	0.000650471
1346	0.000649391
1347	0.000648602
1348	0.000647477
1349	0.000646608
1350	0.000645377
1351	0.000644423
1352	0.000643148
1353	0.000642235
1354	0.000641009
1355	0.000640139
1356	0.000638918
1357	0.000638014
1358	0.000636715
1359	0.000635775
1360	0.000634446
1361	0.000633516
1362	0.00063219
1363	0.000631265
1364	0.000629957
1365	0.000629088
1366	0.000627845
1367	0.000627045
1368	0.000625835
1369	0.000625053
1370	0.000623836
1371	0.000623086
1372	0.000621875
1373	0.000621136
1374	0.000619868
1375	0.000619142
1376	0.000617812
1377	0.000617159
1378	0.00061582
1379	0.000615268
1380	0.000613977
1381	0.000613407
1382	0.000612375
1383	0.000612013
1384	0.000610795
1385	0.000610602
1386	0.000609922
1387	0.000609466
1388	0.000608894
1389	0.000608117
1390	0.000606937
1391	0.000606467
1392	0.000605359
1393	0.000604725
1394	0.000603666
1395	0.000602807
1396	0.000601127
1397	0.00060071
1398	0.000599795
1399	0.000599585
1400	0.000598045
1401	0.00059676
1402	0.000595575
1403	0.000595143
1404	0.000593964
1405	0.000593586
1406	0.00059215
1407	0.000591126
1408	0.000590027
1409	0.000589258
1410	0.00058788
1411	0.000587343
1412	0.000586601
1413	0.000585638
1414	0.00058403
1415	0.000583404
1416	0.000582637
1417	0.000581714
1418	0.000580114
1419	0.000579442
1420	0.000578784
1421	0.00057802
1422	0.000576543
1423	0.000575908
1424	0.000575215
1425	0.000574667
1426	0.00057321
1427	0.000571853
1428	0.000570972
1429	0.000570779
1430	0.000569868
1431	0.000569208
1432	0.000567676
1433	0.000567108
1434	0.00056543
1435	0.000565155
1436	0.000564471
1437	0.000564285
1438	0.000562348
1439	0.000561498
1440	0.000560713
1441	0.000560462
1442	0.00055922
1443	0.00055847
1444	0.000557364
1445	0.000556625
1446	0.000555342
1447	0.000554274
1448	0.000552984
1449	0.000552133
1450	0.000550931
1451	0.000549941
1452	0.000548481
1453	0.00054736
1454	0.000546018
1455	0.000545103
1456	0.000543867
1457	0.000542909
1458	0.000541608
1459	0.0005405
1460	0.00053883
1461	0.000538214
1462	0.000536968
1463	0.000536274
1464	0.000534844
1465	0.000534213
1466	0.000532758
1467	0.000532028
1468	0.000530621
1469	0.000529943
1470	0.000528564
1471	0.000527491
1472	0.000525502
1473	0.000524575
1474	0.000523466
1475	0.000522752
1476	0.000521074
1477	0.000520074
1478	0.000518588
1479	0.000517868
1480	0.000516639
1481	0.000515574
1482	0.000513916
1483	0.000512639
1484	0.000511098
1485	0.000510026
1486	0.000508615
1487	0.000507514
1488	0.000506006
1489	0.000504824
1490	0.000503327
1491	0.000502169
1492	0.000500689
1493	0.00049949
1494	0.00049801
1495	0.000496812
1496	0.000495314
1497	0.000494059
1498	0.000492516
1499	0.000491153
1500	0.000489456
1501	0.000488041
1502	0.000486433
1503	0.000485005
1504	0.000483282
1505	0.000481869
1506	0.000480345
1507	0.000479017
1508	0.000477446
1509	0.000476049
1510	0.000474546
1511	0.000473263
1512	0.000471826
1513	0.000470503
1514	0.000468951
1515	0.00046752
1516	0.000465941
1517	0.000464575
1518	0.000463127
1519	0.000461818
1520	0.00046032
1521	0.000458951
1522	0.000457571
1523	0.000456373
1524	0.000454958
1525	0.000453575
1526	0.000452134
1527	0.000450923
1528	0.000449541
1529	0.000448195
1530	0.000446778
1531	0.000445568
1532	0.000444174
1533	0.000442903
1534	0.000441646
1535	0.000440333
1536	0.000439094
1537	0.000437639
1538	0.000436528
1539	0.000435238
1540	0.000434375
1541	0.00043315
1542	0.000432191
1543	0.000430839
1544	0.000429903
1545	0.000428676
1546	0.000427834
1547	0.000426603
1548	0.000425701
1549	0.000424407
1550	0.000423586
1551	0.000422485
1552	0.00042177
1553	0.000420718
1554	0.000420062
1555	0.000419031
1556	0.000418445
1557	0.000417481
1558	0.000416961
1559	0.000416066
1560	0.00041564
1561	0.00041483
1562	0.000414513
1563	0.000413861
1564	0.000413684
1565	0.000413135
1566	0.000413019
1567	0.000412581
1568	0.000412539
1569	0.000412076
1570	0.000412141
1571	0.000412005
1572	0.000412473
1573	0.000412478
1574	0.000412877
1575	0.000412974
1576	0.000413609
1577	0.000413861
1578	0.000414661
1579	0.000415119
1580	0.000415969
1581	0.000416406
1582	0.000417312
1583	0.00041795
1584	0.000419054
1585	0.00041992
1586	0.000421257
1587	0.00042213
1588	0.000423383
1589	0.000424361
1590	0.000425832
1591	0.00042712
1592	0.000428913
1593	0.000430465
1594	0.000432495
1595	0.00043424
1596	0.000436463
1597	0.000438484
1598	0.000441055
1599	0.000443133
1600	0.000445383
1601	0.000447225
1602	0.000449899
1603	0.000452356
1604	0.00045499
1605	0.000457195
1606	0.000459967
1607	0.000462573
1608	0.000465764
1609	0.000468862
1610	0.000472036
1611	0.000474685
1612	0.000477741
1613	0.000480791
1614	0.000484257
1615	0.000487068
1616	0.000490177
1617	0.000493183
1618	0.000496893
1619	0.000500405
1620	0.000503976
1621	0.000506833
1622	0.000509844
1623	0.000513046
1624	0.000516826
1625	0.000520385
1626	0.00052425
1627	0.000528045
1628	0.000531707
1629	0.000534849
1630	0.000538273
1631	0.000542071
1632	0.000546379
1633	0.000549589
1634	0.000552523
1635	0.000554681
1636	0.000557538
1637	0.000561113
1638	0.000565596
1639	0.000569808
1640	0.00057356
1641	0.000576734
1642	0.000580441
1643	0.000584603
1644	0.000589502
1645	0.000593293
1646	0.000596413
1647	0.000599124
1648	0.000602942
1649	0.000607332
1650	0.000611596
1651	0.000614815
1652	0.000618071
1653	0.000621691
1654	0.000625859
1655	0.000629946
1656	0.000634225
1657	0.00063768
1658	0.000641223
1659	0.000644874
1660	0.000648827
1661	0.000652631
1662	0.000656878
1663	0.000660316
1664	0.000663607
1665	0.000666668
1666	0.000670539
1667	0.000674406
1668	0.000678456
1669	0.000681865
1670	0.000685358
1671	0.000688568
1672	0.000692214
1673	0.000695608
1674	0.000699106
1675	0.000702102
1676	0.00070533
1677	0.000708348
1678	0.000711692
1679	0.000714834
1680	0.000718156
1681	0.000721098
1682	0.000724245
1683	0.000727122
1684	0.000730302
1685	0.000733195
1686	0.000736298
1687	0.000739126
1688	0.000742318
1689	0.000744975
1690	0.00074771
1691	0.000750425
1692	0.000753505
1693	0.000756103
1694	0.000759071
1695	0.000761702
1696	0.000764713
1697	0.00076736
1698	0.000770674
1699	0.000773256
1700	0.000776331
1701	0.000778562
1702	0.000781241
1703	0.0007832
1704	0.000785765
1705	0.000787742
1706	0.000790395
1707	0.000792332
1708	0.00079485
1709	0.000796678
1710	0.00079915
1711	0.000800924
1712	0.000803336
1713	0.000805007
1714	0.000807197
1715	0.000808611
1716	0.000810547
1717	0.000811814
1718	0.000813704
1719	0.000814891
1720	0.000816723
1721	0.000817811
1722	0.000819611
1723	0.000820635
1724	0.000822214
1725	0.00082321
1726	0.000824817
1727	0.00082566
1728	0.000827321
1729	0.00082835
1730	0.000829921
1731	0.00083072
1732	0.000832266
1733	0.000833163
1734	0.00083477
1735	0.000835496
1736	0.00083684
1737	0.000837337
1738	0.000838467
1739	0.000838916
1740	0.0008397
1741	0.000839476
1742	0.000840098
1743	0.000840369
1744	0.000841695
1745	0.000842507
1746	0.00084368
1747	0.000843536
1748	0.000843815
1749	0.000843569
1750	0.000844426
1751	0.000844561
1752	0.000844986
1753	0.000844328
1754	0.000844708
1755	0.000844643
1756	0.000845471
1757	0.000844858
1758	0.000844941
1759	0.000844561
1760	0.000845361
1761	0.000845323
1762	0.000845464
1763	0.000844433
1764	0.000844087
1765	0.000843146
1766	0.000843108
1767	0.000841923
1768	0.000841228
1769	0.000839841
1770	0.000839589
1771	0.000838664
1772	0.000838061
1773	0.000836265
1774	0.000835281
1775	0.000833645
1776	0.000833008
1777	0.000831123
1778	0.000829723
1779	0.000827653
1780	0.000826715
1781	0.000825104
1782	0.000823918
1783	0.000821618
1784	0.000820118
1785	0.000817935
1786	0.00081673
1787	0.000814467
1788	0.00081284
1789	0.000810431
1790	0.000809231
1791	0.000807294
1792	0.000806005
1793	0.000803556
1794	0.00080226
1795	0.00080031
1796	0.0007993
1797	0.000796982
1798	0.000795058
1799	0.000792415
1800	0.000790658
1801	0.000788436
1802	0.000786179
1803	0.000783133
1804	0.000780825
1805	0.000778504
1806	0.000776665
1807	0.000774669
1808	0.000772666
1809	0.000770284
1810	0.000767908
1811	0.000765376
1812	0.000762914
1813	0.000760315
1814	0.000757767
1815	0.000755232
1816	0.000752677
1817	0.000749966
1818	0.000747301
1819	0.000744554
1820	0.000741854
1821	0.000739055
1822	0.000736269
1823	0.000733329
1824	0.000730422
1825	0.000727421
1826	0.000724493
1827	0.000721554
1828	0.00071883
1829	0.000716056
1830	0.000713436
1831	0.000710104
1832	0.00070653
1833	0.000703093
1834	0.000699893
1835	0.000696957
1836	0.000693703
1837	0.000689974
1838	0.000686351
1839	0.000683373
1840	0.00068026
1841	0.000676719
1842	0.000673133
1843	0.000669977
1844	0.000666902
1845	0.000663568
1846	0.000660155
1847	0.000656631
1848	0.000653502
1849	0.000650178
1850	0.000646731
1851	0.000643069
1852	0.000639518
1853	0.000636169
1854	0.000632685
1855	0.000628954
1856	0.00062535
1857	0.000621532
1858	0.000617767
1859	0.000614051
1860	0.000610297
1861	0.000606387
1862	0.000602645
1863	0.000598678
1864	0.000594759
1865	0.000590859
1866	0.00058721
1867	0.000583243
1868	0.000579185
1869	0.000575241
1870	0.000571559
1871	0.000567898
1872	0.000563952
1873	0.000559686
1874	0.00055589
1875	0.000552221
1876	0.000548614
1877	0.000544825
1878	0.000540982
1879	0.000536838
1880	0.000532759
1881	0.000528751
1882	0.000525231
1883	0.000521644
1884	0.000518081
1885	0.000514264
1886	0.000510399
1887	0.000506426
1888	0.000502666
1889	0.000498997
1890	0.000495456
1891	0.000491724
1892	0.000487962
1893	0.000484105
1894	0.000480443
1895	0.000476764
1896	0.000473214
1897	0.000469558
1898	0.000465905
1899	0.000462435
1900	0.000459003
1901	0.000455377
1902	0.000451502
1903	0.00044809
1904	0.000444735
1905	0.000441125
1906	0.000437564
1907	0.000434211
1908	0.000430907
1909	0.000427215
1910	0.000423958
1911	0.000420445
1912	0.000417173
1913	0.0004137
1914	0.00041032
1915	0.000407031
1916	0.000403701
1917	0.00040041
1918	0.000397088
1919	0.000393861
1920	0.000390704
1921	0.0003875
1922	0.000384216
1923	0.000381059
1924	0.000378027
1925	0.000374864
1926	0.000371608
1927	0.000368501
1928	0.000365628
1929	0.000362635
1930	0.000359697
1931	0.000356585
1932	0.000353902
1933	0.000351061
1934	0.00034829
1935	0.00034544
1936	0.000342687
1937	0.00033979
1938	0.000337138
1939	0.000334331
1940	0.000331627
1941	0.000328908
1942	0.000326371
1943	0.000323808
1944	0.000321386
1945	0.000318704
1946	0.000316151
1947	0.000313748
1948	0.000311605
1949	0.000309305
1950	0.000307118
1951	0.000304836
1952	0.000302767
1953	0.000300654
1954	0.000298785
1955	0.000296859
1956	0.000295136
1957	0.000293273
1958	0.000291604
1959	0.000289891
1960	0.000288371
1961	0.000286775
1962	0.000285343
1963	0.000283817
1964	0.000282448
1965	0.000280977
1966	0.000279679
1967	0.000278298
1968	0.000277151
1969	0.000275917
1970	0.000274836
1971	0.000273667
1972	0.0002727
1973	0.000271672
1974	0.000270869
1975	0.000269974
1976	0.00026925
1977	0.000268554
1978	0.000268074
1979	0.000267506
1980	0.000267094
1981	0.000266628
1982	0.000266323
1983	0.000265938
1984	0.000265693
1985	0.000265347
1986	0.000265177
1987	0.000264986
1988	0.000265012
1989	0.000265003
1990	0.000265189
1991	0.000265336
1992	0.00026562
1993	0.000265827
1994	0.000266257
1995	0.000266597
1996	0.000267096
1997	0.000267519
1998	0.000268107
1999	0.000268672
2000	0.000269386
2001	0.000270009
2002	0.000270869
2003	0.000271735
2004	0.00027262
2005	0.000273607
2006	0.00027474
2007	0.000275605
2008	0.000276558
2009	0.000277434
2010	0.00027854
2011	0.000279604
2012	0.00028084
2013	0.000281875
2014	0.000282999
2015	0.000283997
2016	0.000285229
2017	0.00028639
2018	0.000287698
2019	0.00028883
2020	0.000290088
2021	0.000291248
2022	0.000292603
2023	0.000293856
2024	0.000295252
2025	0.000296468
2026	0.000297805
2027	0.000299033
2028	0.000300474
2029	0.000301802
2030	0.0003033
2031	0.000304628
2032	0.000306093
2033	0.000307414
2034	0.000308906
2035	0.000310284
2036	0.000311812
2037	0.000313238
2038	0.000314769
2039	0.000316198
2040	0.000317733
2041	0.000319163
2042	0.000320688
2043	0.000322103
2044	0.000323596
2045	0.000324993
2046	0.000326476
2047	0.000327873
2048	0.000329355
2049	0.000330767
2050	0.000332271
2051	0.000333717
2052	0.000335251
2053	0.00033669
2054	0.00033817
2055	0.000339542
2056	0.00034094
2057	0.000342245
2058	0.000343549
2059	0.000344739
2060	0.000345939
2061	0.000347084
2062	0.000348251
2063	0.000349335
2064	0.000350439
2065	0.000351467
2066	0.000352521
2067	0.000353513
2068	0.000354537
2069	0.000355498
2070	0.000356497
2071	0.000357437
2072	0.000358425
2073	0.000359385
2074	0.000360379
2075	0.000361327
2076	0.000362322
2077	0.000363287
2078	0.000364305
2079	0.000365288
2080	0.00036631
2081	0.000367307
2082	0.000368349
2083	0.000369349
2084	0.000370376
2085	0.000371365
2086	0.000372381
2087	0.000373357
2088	0.000374361
2089	0.00037533
2090	0.000376333
2091	0.000377291
2092	0.000378282
2093	0.000379213
2094	0.000380178
2095	0.000381082
2096	0.000382023
2097	0.000382895
2098	0.000383797
2099	0.000384638
2100	0.00038551
2101	0.000386319
2102	0.000387156
2103	0.00038794
2104	0.000388736
2105	0.000389499
2106	0.000390248
2107	0.000390993
2108	0.000391703
2109	0.000392425
2110	0.000393101
2111	0.00039378
2112	0.000394418
2113	0.00039506
2114	0.000395614
2115	0.000396394
2116	0.000397032
2117	0.000397629
2118	0.000398018
2119	0.00039854
2120	0.000398971
2121	0.000399707
2122	0.00040023
2123	0.000400799
2124	0.000400796
2125	0.000401298
2126	0.000402057
2127	0.00040302
2128	0.000403624
2129	0.000403803
2130	0.000403932
2131	0.000404682
2132	0.000405422
2133	0.000406216
2134	0.000406456
2135	0.000406655
2136	0.000406943
2137	0.000407727
2138	0.000408425
2139	0.000409129
2140	0.000409327
2141	0.000409591
2142	0.000409903
2143	0.00041062
2144	0.000411227
2145	0.000411861
2146	0.000412152
2147	0.000412594
2148	0.000413034
2149	0.000413726
2150	0.00041416
2151	0.000414471
2152	0.000414337
2153	0.00041412
2154	0.000414254
2155	0.000414533
2156	0.000414215
2157	0.000414417
2158	0.000414439
2159	0.000414734
2160	0.00041499
2161	0.00041492
2162	0.000414846
2163	0.000415294
2164	0.000415469
2165	0.000415455
2166	0.000415515
2167	0.000415863
2168	0.000416296
2169	0.00041679
2170	0.00041657
2171	0.000416511
2172	0.000416745
2173	0.000417289
2174	0.000417751
2175	0.000417822
2176	0.000417828
2177	0.000418216
2178	0.000418488
2179	0.000418966
2180	0.000419201
2181	0.000418915
2182	0.000418756
2183	0.00041894
2184	0.000419252
2185	0.000419421
2186	0.000419115
2187	0.000418912
2188	0.000418789
2189	0.000418587
2190	0.000418205
2191	0.000417938
2192	0.000417913
2193	0.000418129
2194	0.000418423
2195	0.000418591
2196	0.000418667
2197	0.000418679
2198	0.00041874
2199	0.000418769
2200	0.000418769
2201	0.000418639
2202	0.000418482
2203	0.000418248
2204	0.000418092
2205	0.00041793
2206	0.000417832
2207	0.000417654
2208	0.000417514
2209	0.00041729
2210	0.000417117
2211	0.000416867
2212	0.000416656
2213	0.000416349
2214	0.000416073
2215	0.000415716
2216	0.000415403
2217	0.000415029
2218	0.000414722
2219	0.000414356
2220	0.000414041
2221	0.00041367
2222	0.000413329
2223	0.000412919
2224	0.000412484
2225	0.000411935
2226	0.000411376
2227	0.000410757
2228	0.000410172
2229	0.000409581
2230	0.000409044
2231	0.000408514
2232	0.000408024
2233	0.000407541
2234	0.000407085
2235	0.000406645
2236	0.000406201
2237	0.000405758
2238	0.000405293
2239	0.000404817
2240	0.00040432
2241	0.000403827
2242	0.000403329
2243	0.000402821
2244	0.000402323
2245	0.000401864
2246	0.000401332
2247	0.000400735
2248	0.00040008
2249	0.000399524
2250	0.000399035
2251	0.000398579
2252	0.000398046
2253	0.000397462
2254	0.000396806
2255	0.000396155
2256	0.000395473
2257	0.000394779
2258	0.000394025
2259	0.000393305
2260	0.000392566
2261	0.000391853
2262	0.000391103
2263	0.000390341
2264	0.000389532
2265	0.000388754
2266	0.000387992
2267	0.000387297
2268	0.000386636
2269	0.000386027
2270	0.000385423
2271	0.000384843
2272	0.00038425
2273	0.00038366
2274	0.00038304
2275	0.000382405
2276	0.000381735
2277	0.000381045
2278	0.000380368
2279	0.000379686
2280	0.000378952
2281	0.000378166
2282	0.000377396
2283	0.000376635
2284	0.000375827
2285	0.000374939
2286	0.000373978
2287	0.000373028
2288	0.000372035
2289	0.000371052
2290	0.00037008
2291	0.000369142
2292	0.000368234
2293	0.000367349
2294	0.000366476
2295	0.000365613
2296	0.000364744
2297	0.000363851
2298	0.000362935
2299	0.00036209
2300	0.000361132
2301	0.000360141
2302	0.000359153
2303	0.000358287
2304	0.000357388
2305	0.000356493
2306	0.0003555
2307	0.000354546
2308	0.000353561
2309	0.000352612
2310	0.00035159
2311	0.000350542
2312	0.000349532
2313	0.000348551
2314	0.000347597
2315	0.000346402
2316	0.000345299
2317	0.000344473
2318	0.000343582
2319	0.000342613
2320	0.000341458
2321	0.000340348
2322	0.000339477
2323	0.000338517
2324	0.000337446
2325	0.000336462
2326	0.000335406
2327	0.000334386
2328	0.000333541
2329	0.000332581
2330	0.000331504
2331	0.000330487
2332	0.000329332
2333	0.000328156
2334	0.000327147
2335	0.00032607
2336	0.000324995
2337	0.00032399
2338	0.000323141
2339	0.000322124
2340	0.000320649
2341	0.000319637
2342	0.000318876
2343	0.000318138
2344	0.00031685
2345	0.000315564
2346	0.000314575
2347	0.000313519
2348	0.000312339
2349	0.000311173
2350	0.000310123
2351	0.000309183
2352	0.000307838
2353	0.000306663
2354	0.000305687
2355	0.00030456
2356	0.000303258
2357	0.000301805
2358	0.000300572
2359	0.000299545
2360	0.00029851
2361	0.000297375
2362	0.000296161
2363	0.000294935
2364	0.000293767
2365	0.000292627
2366	0.000291497
2367	0.00029028
2368	0.000289138
2369	0.0002879
2370	0.000286658
2371	0.000285531
2372	0.000284287
2373	0.000282993
2374	0.000281852
2375	0.000280704
2376	0.000279421
2377	0.000278028
2378	0.000276928
2379	0.000275836
2380	0.000274639
2381	0.000273338
2382	0.00027207
2383	0.000270815
2384	0.000269624
2385	0.000268385
2386	0.000267189
2387	0.000265931
2388	0.000264756
2389	0.000263491
2390	0.000262337
2391	0.000261053
2392	0.000259914
2393	0.000258646
2394	0.000257589
2395	0.000256226
2396	0.000254972
2397	0.000253726
2398	0.000252703
2399	0.000251488
2400	0.00025058
2401	0.000249452
2402	0.000248203
2403	0.000247128
2404	0.000246213
2405	0.000245188
2406	0.000243908
2407	0.000242824
2408	0.00024155
2409	0.000240391
2410	0.000239437
2411	0.000238247
2412	0.000237063
2413	0.000235627
2414	0.000234756
2415	0.00023356
2416	0.000232547
2417	0.0002311
2418	0.000230095
2419	0.000228785
2420	0.000227794
2421	0.000226524
2422	0.000225613
2423	0.000224329
2424	0.000223339
2425	0.000222012
2426	0.000221117
2427	0.000220044
2428	0.000219308
2429	0.000218231
2430	0.000217445
2431	0.000216349
2432	0.000215595
2433	0.000214569
2434	0.000213854
2435	0.000212849
2436	0.000212141
2437	0.000211145
2438	0.000210452
2439	0.000209532
2440	0.000208927
2441	0.000208044
2442	0.000207417
2443	0.000206526
2444	0.000205932
2445	0.000205117
2446	0.000204564
2447	0.000203782
2448	0.000203244
2449	0.000202478
2450	0.000201936
2451	0.000201186
2452	0.000200671
2453	0.000199966
2454	0.000199518
2455	0.00019886
2456	0.000198408
2457	0.000197824
2458	0.000197535
2459	0.000197157
2460	0.000196993
2461	0.000196611
2462	0.000196338
2463	0.000195938
2464	0.00019581
2465	0.000195629
2466	0.000195638
2467	0.000195475
2468	0.000195478
2469	0.000195422
2470	0.000195532
2471	0.000195643
2472	0.000195861
2473	0.000196024
2474	0.000196281
2475	0.000196485
2476	0.000196832
2477	0.000197164
2478	0.000197676
2479	0.000198232
2480	0.000198707
2481	0.000199191
2482	0.000199764
2483	0.000200361
2484	0.000201022
2485	0.000201802
2486	0.000202477
2487	0.000203247
2488	0.000204077
2489	0.000204945
2490	0.000205802
2491	0.000206775
2492	0.000207645
2493	0.000208704
2494	0.000209751
2495	0.000210816
2496	0.000211798
2497	0.000212922
2498	0.000213993
2499	0.000215226
2500	0.000216273
2501	0.000217485
2502	0.00021856
2503	0.000219792
2504	0.000220969
2505	0.000222299
2506	0.000223478
2507	0.000224706
2508	0.000225851
2509	0.000227217
2510	0.000228478
2511	0.000229878
2512	0.000231128
2513	0.000232523
2514	0.000233792
2515	0.000235243
2516	0.000236484
2517	0.000237985
2518	0.000239257
2519	0.000240817
2520	0.000242157
2521	0.000243639
2522	0.000244789
2523	0.00024624
2524	0.000247488
2525	0.000249191
2526	0.000250623
2527	0.000252148
2528	0.000253152
2529	0.000254581
2530	0.000255807
2531	0.000257741
2532	0.000259171
2533	0.000260632
2534	0.000261527
2535	0.000262944
2536	0.000264145
2537	0.000266145
2538	0.000267368
2539	0.000268723
2540	0.000269506
2541	0.000270973
2542	0.000272138
2543	0.000273872
2544	0.000275047
2545	0.000276719
2546	0.0002776
2547	0.000278995
2548	0.000280006
2549	0.000281618
2550	0.000282747
2551	0.000284399
2552	0.00028528
2553	0.000286603
2554	0.000287527
2555	0.00028904
2556	0.000290098
2557	0.000291718
2558	0.00029262
2559	0.000293929
2560	0.000294713
2561	0.000296172
2562	0.000297239
2563	0.00029882
2564	0.00029988
2565	0.000301458
2566	0.000302334
2567	0.000303595
2568	0.00030448
2569	0.00030615
2570	0.000307226
2571	0.000308574
2572	0.000309276
2573	0.000310557
2574	0.000311499
2575	0.000312992
2576	0.000313885
2577	0.000315067
2578	0.00031572
2579	0.000316971
2580	0.000317755
2581	0.000319012
2582	0.000319826
2583	0.000321083
2584	0.0003219
2585	0.000323208
2586	0.000323995
2587	0.000325223
2588	0.00032594
2589	0.000327104
2590	0.000327806
2591	0.000328973
2592	0.000329631
2593	0.000330698
2594	0.000331272
2595	0.00033228
2596	0.000332825
2597	0.000333817
2598	0.000334314
2599	0.000335246
2600	0.000335726
2601	0.000336651
2602	0.000337125
2603	0.000338055
2604	0.000338519
2605	0.000339393
2606	0.000339812
2607	0.000340605
2608	0.000341013
2609	0.000341792
2610	0.00034215
2611	0.000342974
2612	0.000343439
2613	0.000344241
2614	0.000344601
2615	0.000345384
2616	0.000345821
2617	0.000346598
2618	0.000346916
2619	0.00034761
2620	0.000347933
2621	0.00034868
2622	0.000348929
2623	0.000349606
2624	0.000349929
2625	0.000350771
2626	0.000351185
2627	0.000351923
2628	0.00035195
2629	0.000352343
2630	0.000352334
2631	0.000352936
2632	0.000353083
2633	0.000353496
2634	0.000353324
2635	0.00035366
2636	0.000353644
2637	0.000354166
2638	0.000354067
2639	0.000354343
2640	0.000354105
2641	0.000354477
2642	0.000354413
2643	0.000354707
2644	0.00035449
2645	0.000354786
2646	0.000354744
2647	0.000355236
2648	0.000355113
2649	0.000355314
2650	0.000355082
2651	0.000355404
2652	0.000355331
2653	0.000355505
2654	0.000355097
2655	0.00035517
2656	0.000354891
2657	0.000355169
2658	0.00035477
2659	0.000354739
2660	0.000354221
2661	0.000354347
2662	0.000354046
2663	0.000354044
2664	0.000353426
2665	0.00035328
2666	0.000352836
2667	0.000352883
2668	0.000352375
2669	0.000352049
2670	0.000351428
2671	0.000351224
2672	0.000350853
2673	0.000350596
2674	0.000350008
2675	0.000349727
2676	0.000349389
2677	0.000349366
2678	0.000348926
2679	0.000348496
2680	0.000347877
2681	0.000347562
2682	0.000347162
2683	0.000346737
2684	0.000345948
2685	0.000345366
2686	0.000344748
2687	0.000344437
2688	0.000343751
2689	0.000343099
2690	0.000342301
2691	0.000341838
2692	0.000341309
2693	0.00034076
2694	0.000339843
2695	0.000339166
2696	0.000338541
2697	0.000338221
2698	0.000337474
2699	0.000336746
2700	0.000335847
2701	0.000335275
2702	0.000334557
2703	0.000333971
2704	0.000333073
2705	0.000332303
2706	0.000331341
2707	0.0003306
2708	0.000329673
2709	0.000328929
2710	0.000327956
2711	0.000327152
2712	0.00032614
2713	0.000325326
2714	0.000324314
2715	0.00032349
2716	0.000322402
2717	0.000321507
2718	0.000320433
2719	0.000319599
2720	0.00031859
2721	0.000317788
2722	0.000316753
2723	0.000315895
2724	0.000314785
2725	0.000313867
2726	0.000312738
2727	0.000311795
2728	0.00031063
2729	0.000309676
2730	0.000308491
2731	0.000307494
2732	0.00030627
2733	0.000305253
2734	0.000304021
2735	0.000303002
2736	0.000301797
2737	0.000300901
2738	0.000299938
2739	0.000299147
2740	0.000298084
2741	0.000297214
2742	0.000296159
2743	0.00029525
2744	0.000294053
2745	0.000292993
2746	0.000291701
2747	0.0002906
2748	0.000289285
2749	0.000288153
2750	0.000286798
2751	0.000285627
2752	0.000284249
2753	0.000283053
2754	0.000281645
2755	0.00028041
2756	0.00027891
2757	0.000277743
2758	0.000276243
2759	0.000274888
2760	0.000273372
2761	0.000272068
2762	0.000270537
2763	0.000269299
2764	0.000267772
2765	0.000266421
2766	0.000264923
2767	0.000263607
2768	0.000262061
2769	0.000260805
2770	0.000259246
2771	0.00025789
2772	0.000256341
2773	0.000255084
2774	0.000253464
2775	0.000251998
2776	0.000250427
2777	0.000249182
2778	0.000247598
2779	0.000246167
2780	0.000244568
2781	0.000243263
2782	0.000241791
2783	0.00024029
2784	0.000238744
2785	0.000237506
2786	0.000235925
2787	0.00023445
2788	0.000232793
2789	0.000231506
2790	0.000230049
2791	0.000228771
2792	0.000227209
2793	0.000225842
2794	0.000224268
2795	0.000222951
2796	0.000221438
2797	0.000220151
2798	0.000218648
2799	0.000217361
2800	0.000215843
2801	0.00021454
2802	0.00021303
2803	0.000211763
2804	0.000210287
2805	0.000209018
2806	0.00020754
2807	0.000206243
2808	0.000204894
2809	0.000203718
2810	0.000202263
2811	0.000200835
2812	0.000199443
2813	0.000198239
2814	0.000196737
2815	0.00019537
2816	0.000193941
2817	0.000192667
2818	0.000191099
2819	0.000189741
2820	0.000188296
2821	0.000187028
2822	0.000185434
2823	0.000184207
2824	0.000182701
2825	0.000181461
2826	0.000179982
2827	0.000178694
2828	0.000177306
2829	0.00017602
2830	0.00017463
2831	0.000173355
2832	0.000171998
2833	0.000170852
2834	0.000169544
2835	0.000168321
2836	0.000167007
2837	0.000165909
2838	0.000164604
2839	0.000163467
2840	0.000162166
2841	0.000161075
2842	0.000159835
2843	0.000158778
2844	0.000157538
2845	0.000156483
2846	0.000155277
2847	0.000154247
2848	0.000153054
2849	0.000152109
2850	0.000150975
2851	0.000150016
2852	0.000148933
2853	0.000148053
2854	0.000146994
2855	0.000146166
2856	0.000145126
2857	0.000144297
2858	0.000143345
2859	0.000142568
2860	0.000141613
2861	0.000140853
2862	0.000139935
2863	0.000139248
2864	0.000138423
2865	0.000137788
2866	0.000137002
2867	0.000136405
2868	0.000135664
2869	0.000135115
2870	0.000134405
2871	0.000133874
2872	0.00013318
2873	0.000132662
2874	0.000132005
2875	0.000131525
2876	0.000130892
2877	0.00013043
2878	0.000129825
2879	0.000129448
2880	0.000128947
2881	0.000128647
2882	0.000128219
2883	0.000127962
2884	0.000127564
2885	0.000127375
2886	0.00012707
2887	0.000126938
2888	0.000126686
2889	0.000126606
2890	0.000126393
2891	0.000126351
2892	0.000126185
2893	0.000126216
2894	0.000126124
2895	0.000126229
2896	0.000126225
2897	0.000126409
2898	0.000126475
2899	0.000126705
2900	0.000126803
2901	0.000127063
2902	0.00012721
2903	0.000127506
2904	0.000127698
2905	0.000128044
2906	0.000128268
2907	0.000128656
2908	0.00012895
2909	0.000129338
2910	0.000129669
2911	0.000130221
2912	0.000130603
2913	0.000131118
2914	0.000131481
2915	0.000132046
2916	0.000132519
2917	0.000133166
2918	0.00013364
2919	0.000134241
2920	0.000134709
2921	0.00013537
2922	0.000135938
2923	0.000136629
2924	0.000137231
2925	0.000137869
2926	0.000138423
2927	0.000139094
2928	0.00013977
2929	0.000140533
2930	0.00014118
2931	0.000141805
2932	0.000142359
2933	0.000143026
2934	0.000143762
2935	0.000144582
2936	0.000145268
2937	0.000145959
2938	0.000146492
2939	0.000147097
2940	0.000147843
2941	0.000148767
2942	0.000149464
2943	0.000150223
2944	0.000150736
2945	0.000151349
2946	0.000151894
2947	0.000152797
2948	0.000153604
2949	0.000154421
2950	0.000154936
2951	0.000155406
2952	0.000155764
2953	0.000156584
2954	0.000157415
2955	0.000158277
2956	0.000158812
2957	0.000159252
2958	0.000159612
2959	0.00016047
2960	0.000161372
2961	0.000162284
2962	0.000162956
2963	0.000163455
2964	0.000163826
2965	0.000164423
2966	0.000165271
2967	0.000166304
2968	0.000166996
2969	0.000167517
2970	0.000167911
2971	0.00016865
2972	0.000169421
2973	0.000170314
2974	0.000170929
2975	0.000171434
2976	0.000171911
2977	0.000172672
2978	0.000173372
2979	0.000174133
2980	0.000174637
2981	0.00017512
2982	0.000175616
2983	0.000176355
2984	0.000176981
2985	0.000177634
2986	0.000178072
2987	0.000178568
2988	0.000179059
2989	0.000179734
2990	0.000180267
2991	0.000180827
2992	0.000181219
2993	0.000181725
2994	0.000182202
2995	0.000182826
2996	0.000183304
2997	0.000183822
2998	0.000184225
2999	0.000184748
3000	0.0001852
3001	0.00018575
3002	0.000186163
3003	0.000186631
3004	0.000187021
3005	0.000187526
3006	0.000187947
3007	0.000188442
3008	0.000188822
3009	0.000189265
3010	0.000189642
3011	0.000190112
3012	0.000190491
3013	0.000190924
3014	0.000191271
3015	0.00019169
3016	0.00019205
3017	0.000192489
3018	0.000192897
3019	0.000193314
3020	0.000193703
3021	0.00019402
3022	0.000194339
3023	0.00019478
3024	0.000195292
3025	0.000195785
3026	0.000196195
3027	0.000196501
3028	0.000196808
3029	0.000197214
3030	0.000197697
3031	0.000198171
3032	0.000198557
3033	0.000198849
3034	0.000199139
3035	0.000199493
3036	0.000199897
3037	0.000200286
3038	0.000200596
3039	0.000200818
3040	0.000201004
3041	0.000201199
3042	0.000201418
3043	0.000201632
3044	0.000201824
3045	0.000202007
3046	0.000202227
3047	0.000202508
3048	0.000202836
3049	0.000203178
3050	0.000203501
3051	0.000203802
3052	0.000204091
3053	0.000204382
3054	0.00020467
3055	0.000204937
3056	0.000205171
3057	0.00020538
3058	0.000205578
3059	0.000205772
3060	0.00020596
3061	0.000206135
3062	0.000206247
3063	0.000206448
3064	0.000206699
3065	0.000206881
3066	0.000206804
3067	0.000206784
3068	0.000206866
3069	0.000207024
3070	0.000207114
3071	0.000207034
3072	0.000207052
3073	0.000207184
3074	0.00020732
3075	0.000207233
3076	0.000207201
3077	0.000207237
3078	0.000207313
3079	0.000207319
3080	0.000207269
3081	0.000207226
3082	0.000207243
3083	0.000207298
3084	0.000207326
3085	0.000207295
3086	0.000207235
3087	0.000207197
3088	0.000207193
3089	0.000207198
3090	0.000207181
3091	0.000207135
3092	0.000207076
3093	0.000207024
3094	0.000206983
3095	0.000206939
3096	0.000206881
3097	0.000206803
3098	0.000206705
3099	0.000206596
3100	0.000206465
3101	0.000206319
3102	0.000206164
3103	0.000206002
3104	0.000205848
3105	0.000205705
3106	0.000205573
3107	0.000205454
3108	0.000205346
3109	0.000205244
3110	0.000205141
3111	0.000205034
3112	0.00020493
3113	0.000204816
3114	0.00020469
3115	0.000204551
3116	0.000204402
3117	0.000204252
3118	0.000204094
3119	0.00020393
3120	0.000203761
3121	0.000203587
3122	0.000203405
3123	0.000203215
3124	0.000203019
3125	0.000202813
3126	0.000202596
3127	0.000202366
3128	0.000202125
3129	0.000201876
3130	0.000201618
3131	0.000201352
3132	0.000201076
3133	0.000200797
3134	0.000200509
3135	0.000200212
3136	0.000199907
3137	0.000199592
3138	0.000199266
3139	0.000198943
3140	0.000198608
3141	0.000198305
3142	0.000198016
3143	0.000197692
3144	0.000197321
3145	0.000196933
3146	0.000196566
3147	0.000196233
3148	0.000195911
3149	0.000195569
3150	0.000195202
3151	0.000194826
3152	0.00019445
3153	0.000194077
3154	0.000193704
3155	0.000193327
3156	0.000192944
3157	0.000192532
3158	0.00019211
3159	0.000191699
3160	0.000191292
3161	0.000190888
3162	0.000190486
3163	0.000190081
3164	0.000189671
3165	0.00018926
3166	0.000188848
3167	0.000188433
3168	0.000188015
3169	0.000187592
3170	0.000187164
3171	0.00018673
3172	0.000186289
3173	0.000185842
3174	0.000185392
3175	0.000184933
3176	0.000184463
3177	0.000183979
3178	0.000183481
3179	0.000182973
3180	0.000182458
3181	0.000181941
3182	0.000181424
3183	0.000180915
3184	0.000180418
3185	0.000179935
3186	0.000179461
3187	0.000178986
3188	0.000178507
3189	0.000178037
3190	0.000177589
3191	0.00017709
3192	0.000176555
3193	0.000176015
3194	0.000175519
3195	0.000175003
3196	0.000174469
3197	0.000173894
3198	0.000173338
3199	0.00017277
3200	0.000172223
3201	0.000171653
3202	0.000171073
3203	0.000170506
3204	0.000169979
3205	0.000169334
3206	0.000168657
3207	0.000168036
3208	0.00016742
3209	0.000166803
3210	0.000166134
3211	0.000165458
3212	0.000164872
3213	0.000164249
3214	0.000163592
3215	0.000162977
3216	0.000162323
3217	0.000161662
3218	0.000161062
3219	0.000160415
3220	0.000159741
3221	0.000159124
3222	0.000158458
3223	0.000157789
3224	0.000157145
3225	0.00015656
3226	0.000155869
3227	0.000155128
3228	0.000154476
3229	0.000153905
3230	0.000153241
3231	0.000152528
3232	0.000151857
3233	0.000151268
3234	0.000150553
3235	0.000149899
3236	0.000149304
3237	0.000148632
3238	0.000147872
3239	0.000147168
3240	0.000146549
3241	0.000145953
3242	0.000145315
3243	0.000144657
3244	0.000144007
3245	0.000143186
3246	0.000142524
3247	0.000141956
3248	0.000141261
3249	0.000140584
3250	0.000139974
3251	0.000139197
3252	0.000138517
3253	0.000137914
3254	0.000137155
3255	0.000136456
3256	0.000135828
3257	0.000135022
3258	0.000134294
3259	0.000133618
3260	0.000132851
3261	0.000132091
3262	0.000131358
3263	0.000130605
3264	0.000129802
3265	0.000129016
3266	0.00012816
3267	0.000127524
3268	0.000126875
3269	0.000126152
3270	0.000125363
3271	0.000124598
3272	0.000123933
3273	0.000123274
3274	0.000122589
3275	0.000121905
3276	0.000121254
3277	0.000120584
3278	0.000119843
3279	0.000119205
3280	0.000118552
3281	0.000117851
3282	0.000117229
3283	0.000116578
3284	0.000115841
3285	0.000115202
3286	0.000114599
3287	0.000113944
3288	0.000113181
3289	0.000112544
3290	0.000111874
3291	0.000111242
3292	0.000110596
3293	0.000109895
3294	0.000109226
3295	0.000108577
3296	0.000107938
3297	0.000107274
3298	0.000106616
3299	0.000105958
3300	0.000105339
3301	0.000104718
3302	0.000104095
3303	0.000103478
3304	0.00010289
3305	0.000102326
3306	0.000101768
3307	0.000101203
3308	0.000100647
3309	0.000100104
3310	9.9601e-05
3311	9.91044e-05
3312	9.86162e-05
3313	9.81259e-05
3314	9.76427e-05
3315	9.71661e-05
3316	9.67118e-05
3317	9.62447e-05
3318	9.57744e-05
3319	9.53485e-05
3320	9.4914e-05
3321	9.44784e-05
3322	9.40796e-05
3323	9.36902e-05
3324	9.33069e-05
3325	9.29293e-05
3326	9.2566e-05
3327	9.22322e-05
3328	9.18721e-05
3329	9.14886e-05
3330	9.11162e-05
3331	9.07873e-05
3332	9.04821e-05
3333	9.01842e-05
3334	8.99088e-05
3335	8.96369e-05
3336	8.93338e-05
3337	8.90547e-05
3338	8.88368e-05
3339	8.86324e-05
3340	8.84447e-05
3341	8.82785e-05
3342	8.8112e-05
3343	8.79243e-05
3344	8.78106e-05
3345	8.77379e-05
3346	8.76562e-05
3347	8.76087e-05
3348	8.75534e-05
3349	8.74759e-05
3350	8.74776e-05
3351	8.7481e-05
3352	8.75807e-05
3353	8.76773e-05
3354	8.77522e-05
3355	8.77773e-05
3356	8.78706e-05
3357	8.8071e-05
3358	8.8275e-05
3359	8.84449e-05
3360	8.86156e-05
3361	8.87831e-05
3362	8.89646e-05
3363	8.92101e-05
3364	8.95179e-05
3365	8.98044e-05
3366	9.01066e-05
3367	9.03995e-05
3368	9.06547e-05
3369	9.09647e-05
3370	9.12646e-05
3371	9.16428e-05
3372	9.20857e-05
3373	9.25402e-05
3374	9.29403e-05
3375	9.32734e-05
3376	9.37565e-05
3377	9.42588e-05
3378	9.47749e-05
3379	9.52635e-05
3380	9.56941e-05
3381	9.61017e-05
3382	9.65473e-05
3383	9.70996e-05
3384	9.7713e-05
3385	9.82948e-05
3386	9.88087e-05
3387	9.92601e-05
3388	9.96536e-05
3389	0.000100184
3390	0.000100838
3391	0.000101515
3392	0.000102027
3393	0.000102495
3394	0.000102923
3395	0.000103419
3396	0.000104008
3397	0.000104705
3398	0.000105327
3399	0.000105871
3400	0.000106302
3401	0.000106735
3402	0.000107222
3403	0.000107873
3404	0.000108582
3405	0.00010914
3406	0.000109635
3407	0.000110059
3408	0.000110579
3409	0.000111172
3410	0.000111733
3411	0.000112278
3412	0.00011282
3413	0.000113425
3414	0.000113993
3415	0.000114565
3416	0.000115067
3417	0.000115587
3418	0.000116128
3419	0.000116757
3420	0.000117332
3421	0.000117906
3422	0.000118393
3423	0.000118914
3424	0.000119445
3425	0.000120055
3426	0.000120602
3427	0.000121154
3428	0.000121624
3429	0.000122135
3430	0.000122632
3431	0.000123209
3432	0.00012374
3433	0.00012428
3434	0.000124755
3435	0.000125282
3436	0.00012578
3437	0.00012634
3438	0.000126839
3439	0.00012737
3440	0.000127841
3441	0.000128373
3442	0.000128858
3443	0.000129398
3444	0.000129875
3445	0.000130391
3446	0.000130841
3447	0.000131345
3448	0.000131799
3449	0.000132303
3450	0.000132745
3451	0.000133239
3452	0.000133674
3453	0.00013417
3454	0.000134616
3455	0.000135108
3456	0.000135539
3457	0.000136019
3458	0.00013644
3459	0.000136912
3460	0.000137319
3461	0.000137775
3462	0.000138168
3463	0.000138616
3464	0.000139003
3465	0.000139445
3466	0.000139819
3467	0.000140247
3468	0.000140607
3469	0.000141023
3470	0.000141397
3471	0.00014172
3472	0.000142038
3473	0.000142386
3474	0.000142768
3475	0.000143138
3476	0.000143481
3477	0.000143782
3478	0.000144081
3479	0.000144386
3480	0.000144716
3481	0.000145028
3482	0.00014533
3483	0.000145606
3484	0.000145882
3485	0.000146154
3486	0.000146441
3487	0.000146716
3488	0.000146984
3489	0.000147233
3490	0.000147484
3491	0.000147736
3492	0.000147985
3493	0.000148237
3494	0.000148496
3495	0.000148745
3496	0.000148978
3497	0.000149201
3498	0.000149423
3499	0.000149677
3500	0.000149907
3501	0.000150092
3502	0.000150271
3503	0.000150465
3504	0.000150697
3505	0.000150929
3506	0.000151092
3507	0.000151225
3508	0.000151374
3509	0.000151576
3510	0.000151799
3511	0.00015195
3512	0.000152055
3513	0.000152158
3514	0.000152308
3515	0.000152485
3516	0.000152598
3517	0.000152677
3518	0.000152751
3519	0.000152866
3520	0.000153004
3521	0.000153075
3522	0.000153105
3523	0.000153138
3524	0.000153219
3525	0.000153327
3526	0.000153367
3527	0.000153364
3528	0.000153371
3529	0.000153436
3530	0.000153546
3531	0.000153591
3532	0.000153587
3533	0.000153592
3534	0.00015365
3535	0.000153741
3536	0.000153744
3537	0.000153677
3538	0.000153608
3539	0.000153585
3540	0.000153598
3541	0.000153529
3542	0.000153392
3543	0.000153266
3544	0.000153202
3545	0.000153226
3546	0.000153166
3547	0.000153029
3548	0.000152901
3549	0.000152833
3550	0.00015281
3551	0.000152701
3552	0.000152524
3553	0.000152359
3554	0.000152259
3555	0.00015221
3556	0.000152077
3557	0.00015188
3558	0.000151702
3559	0.000151587
3560	0.000151521
3561	0.000151371
3562	0.000151153
3563	0.000150952
3564	0.000150815
3565	0.000150724
3566	0.000150547
3567	0.000150302
3568	0.000150072
3569	0.000149905
3570	0.000149784
3571	0.000149587
3572	0.00014932
3573	0.000149066
3574	0.000148881
3575	0.000148751
3576	0.000148535
3577	0.000148243
3578	0.000147965
3579	0.000147756
3580	0.000147601
3581	0.000147359
3582	0.000147046
3583	0.000146757
3584	0.000146533
3585	0.000146337
3586	0.000146109
3587	0.000145826
3588	0.000145513
3589	0.000145205
3590	0.000144913
3591	0.000144628
3592	0.000144336
3593	0.00014403
3594	0.000143709
3595	0.000143383
3596	0.000143055
3597	0.000142725
3598	0.000142394
3599	0.000142057
3600	0.000141713
3601	0.000141362
3602	0.000141004
3603	0.00014064
3604	0.000140272
3605	0.000139899
3606	0.000139521
3607	0.000139137
3608	0.000138745
3609	0.00013835
3610	0.000137958
3611	0.000137572
3612	0.000137182
3613	0.00013678
3614	0.000136367
3615	0.000135945
3616	0.000135516
3617	0.00013508
3618	0.000134643
3619	0.0001342
3620	0.000133755
3621	0.000133304
3622	0.000132847
3623	0.000132386
3624	0.00013193
3625	0.000131493
3626	0.00013102
3627	0.000130517
3628	0.000130017
3629	0.000129552
3630	0.000129077
3631	0.000128594
3632	0.00012809
3633	0.000127588
3634	0.000127086
3635	0.000126596
3636	0.000126095
3637	0.0001256
3638	0.000125097
3639	0.000124606
3640	0.000124102
3641	0.000123608
3642	0.000123099
3643	0.000122568
3644	0.000122089
3645	0.000121553
3646	0.00012097
3647	0.000120419
3648	0.000119862
3649	0.000119296
3650	0.00011876
3651	0.000118185
3652	0.000117585
3653	0.00011702
3654	0.000116436
3655	0.000115845
3656	0.000115289
3657	0.0001147
3658	0.000114104
3659	0.000113522
3660	0.000112982
3661	0.00011238
3662	0.00011174
3663	0.000111151
3664	0.000110622
3665	0.000110043
3666	0.000109425
3667	0.000108825
3668	0.000108269
3669	0.000107659
3670	0.000107034
3671	0.000106453
3672	0.000105894
3673	0.000105326
3674	0.000104743
3675	0.000104159
3676	0.000103464
3677	0.000102883
3678	0.000102354
3679	0.000101781
3680	0.000101117
3681	0.000100495
3682	9.99063e-05
3683	9.93183e-05
3684	9.87713e-05
3685	9.81917e-05
3686	9.76334e-05
3687	9.7026e-05
3688	9.64596e-05
3689	9.58599e-05
3690	9.52941e-05
3691	9.47325e-05
3692	9.41558e-05
3693	9.35655e-05
3694	9.29701e-05
3695	9.23821e-05
3696	9.18126e-05
3697	9.12571e-05
3698	9.07307e-05
3699	9.01637e-05
3700	8.95629e-05
3701	8.88997e-05
3702	8.8366e-05
3703	8.78315e-05
3704	8.72779e-05
3705	8.66435e-05
3706	8.61085e-05
3707	8.5605e-05
3708	8.5068e-05
3709	8.45107e-05
3710	8.39473e-05
3711	8.33863e-05
3712	8.27547e-05
3713	8.22992e-05
3714	8.17892e-05
3715	8.12149e-05
3716	8.06766e-05
3717	8.0119e-05
3718	7.95025e-05
3719	7.90189e-05
3720	7.84992e-05
3721	7.794e-05
3722	7.73563e-05
3723	7.68161e-05
3724	7.6307e-05
3725	7.57957e-05
3726	7.52802e-05
3727	7.47517e-05
3728	7.42323e-05
3729	7.37234e-05
3730	7.32186e-05
3731	7.27241e-05
3732	7.22325e-05
3733	7.1741e-05
3734	7.12505e-05
3735	7.07723e-05
3736	7.0298e-05
3737	6.98255e-05
3738	6.9362e-05
3739	6.89021e-05
3740	6.8446e-05
3741	6.80046e-05
3742	6.75787e-05
3743	6.71622e-05
3744	6.68085e-05
3745	6.64595e-05
3746	6.6052e-05
3747	6.56091e-05
3748	6.51688e-05
3749	6.47678e-05
3750	6.4417e-05
3751	6.4088e-05
3752	6.37581e-05
3753	6.34093e-05
3754	6.30546e-05
3755	6.27196e-05
3756	6.24141e-05
3757	6.21307e-05
3758	6.18495e-05
3759	6.15568e-05
3760	6.12625e-05
3761	6.09776e-05
3762	6.07129e-05
3763	6.04613e-05
3764	6.0215e-05
3765	5.9968e-05
3766	5.97222e-05
3767	5.94764e-05
3768	5.92408e-05
3769	5.90287e-05
3770	5.88416e-05
3771	5.8675e-05
3772	5.85215e-05
3773	5.83728e-05
3774	5.82282e-05
3775	5.80953e-05
3776	5.79986e-05
3777	5.79137e-05
3778	5.78351e-05
3779	5.77683e-05
3780	5.77083e-05
3781	5.7655e-05
3782	5.76176e-05
3783	5.75964e-05
3784	5.75924e-05
3785	5.76174e-05
3786	5.76547e-05
3787	5.77065e-05
3788	5.77662e-05
3789	5.78289e-05
3790	5.79035e-05
3791	5.79942e-05
3792	5.81029e-05
3793	5.82148e-05
3794	5.83282e-05
3795	5.84471e-05
3796	5.85764e-05
3797	5.87124e-05
3798	5.88561e-05
3799	5.90166e-05
3800	5.92002e-05
3801	5.94095e-05
3802	5.96253e-05
3803	5.98546e-05
3804	6.0097e-05
3805	6.03411e-05
3806	6.05924e-05
3807	6.08549e-05
3808	6.11185e-05
3809	6.13819e-05
3810	6.16509e-05
3811	6.19379e-05
3812	6.22263e-05
3813	6.25166e-05
3814	6.281e-05
3815	6.31087e-05
3816	6.34166e-05
3817	6.37304e-05
3818	6.40431e-05
3819	6.43553e-05
3820	6.46698e-05
3821	6.49838e-05
3822	6.53003e-05
3823	6.56199e-05
3824	6.59549e-05
3825	6.62946e-05
3826	6.66275e-05
3827	6.69454e-05
3828	6.72581e-05
3829	6.75759e-05
3830	6.79038e-05
3831	6.8238e-05
3832	6.85676e-05
3833	6.88896e-05
3834	6.92065e-05
3835	6.95232e-05
3836	6.98442e-05
3837	7.01709e-05
3838	7.04971e-05
3839	7.08233e-05
3840	7.11477e-05
3841	7.14735e-05
3842	7.17992e-05
3843	7.21307e-05
3844	7.2462e-05
3845	7.27909e-05
3846	7.31167e-05
3847	7.3441e-05
3848	7.37663e-05
3849	7.40979e-05
3850	7.44266e-05
3851	7.47545e-05
3852	7.50809e-05
3853	7.54048e-05
3854	7.57308e-05
3855	7.60558e-05
3856	7.6394e-05
3857	7.66434e-05
3858	7.69368e-05
3859	7.73027e-05
3860	7.76714e-05
3861	7.80115e-05
3862	7.83296e-05
3863	7.85706e-05
3864	7.88465e-05
3865	7.92081e-05
3866	7.9593e-05
3867	7.99511e-05
3868	8.02599e-05
3869	8.0526e-05
3870	8.0806e-05
3871	8.10311e-05
3872	8.13374e-05
3873	8.16889e-05
3874	8.2063e-05
3875	8.2414e-05
3876	8.26895e-05
3877	8.28993e-05
3878	8.31494e-05
3879	8.33672e-05
3880	8.36418e-05
3881	8.39985e-05
3882	8.4377e-05
3883	8.46903e-05
3884	8.49017e-05
3885	8.50749e-05
3886	8.53e-05
3887	8.56e-05
3888	8.59339e-05
3889	8.62305e-05
3890	8.64555e-05
3891	8.66431e-05
3892	8.68566e-05
3893	8.71194e-05
3894	8.74045e-05
3895	8.76682e-05
3896	8.78886e-05
3897	8.80855e-05
3898	8.82923e-05
3899	8.85262e-05
3900	8.87713e-05
3901	8.90029e-05
3902	8.92097e-05
3903	8.9402e-05
3904	8.95981e-05
3905	8.9834e-05
3906	8.99893e-05
3907	9.0141e-05
3908	9.0291e-05
3909	9.04607e-05
3910	9.06787e-05
3911	9.09179e-05
3912	9.11334e-05
3913	9.13044e-05
3914	9.14232e-05
3915	9.15431e-05
3916	9.17146e-05
3917	9.19262e-05
3918	9.21297e-05
3919	9.22899e-05
3920	9.23975e-05
3921	9.24989e-05
3922	9.26358e-05
3923	9.28074e-05
3924	9.29849e-05
3925	9.31323e-05
3926	9.32391e-05
3927	9.33374e-05
3928	9.34559e-05
3929	9.35997e-05
3930	9.37486e-05
3931	9.38752e-05
3932	9.39734e-05
3933	9.40607e-05
3934	9.41568e-05
3935	9.42666e-05
3936	9.43777e-05
3937	9.44738e-05
3938	9.45536e-05
3939	9.4625e-05
3940	9.47007e-05
3941	9.47843e-05
3942	9.48683e-05
3943	9.49445e-05
3944	9.50133e-05
3945	9.50815e-05
3946	9.51545e-05
3947	9.52329e-05
3948	9.53123e-05
3949	9.53896e-05
3950	9.54425e-05
3951	9.55413e-05
3952	9.56707e-05
3953	9.57768e-05
3954	9.57684e-05
3955	9.5786e-05
3956	9.5855e-05
3957	9.59629e-05
3958	9.60461e-05
3959	9.60467e-05
3960	9.60867e-05
3961	9.61785e-05
3962	9.62712e-05
3963	9.62529e-05
3964	9.6276e-05
3965	9.6353e-05
3966	9.64317e-05
3967	9.64271e-05
3968	9.63493e-05
3969	9.63573e-05
3970	9.64437e-05
3971	9.65296e-05
3972	9.64882e-05
3973	9.64491e-05
3974	9.64254e-05
3975	9.64299e-05
3976	9.64248e-05
3977	9.64044e-05
3978	9.6376e-05
3979	9.63547e-05
3980	9.63406e-05
3981	9.63216e-05
3982	9.629e-05
3983	9.62512e-05
3984	9.62153e-05
3985	9.61829e-05
3986	9.61472e-05
3987	9.61021e-05
3988	9.60489e-05
3989	9.59931e-05
3990	9.5938e-05
3991	9.5883e-05
3992	9.58242e-05
3993	9.57597e-05
3994	9.5692e-05
3995	9.5622e-05
3996	9.55513e-05
3997	9.54794e-05
3998	9.54052e-05
3999	9.53273e-05
4000	9.52452e-05
4001	9.51625e-05
4002	9.50778e-05
4003	9.49914e-05
4004	9.49038e-05
4005	9.48172e-05
4006	9.4727e-05
4007	9.46334e-05
4008	9.45351e-05
4009	9.44336e-05
4010	9.43314e-05
4011	9.42283e-05
4012	9.41223e-05
4013	9.40127e-05
4014	9.38995e-05
4015	9.37826e-05
4016	9.36625e-05
4017	9.35387e-05
4018	9.34111e-05
4019	9.32797e-05
4020	9.31446e-05
4021	9.3007e-05
4022	9.2866e-05
4023	9.27199e-05
4024	9.25611e-05
4025	9.24542e-05
4026	9.23088e-05
4027	9.21798e-05
4028	9.19925e-05
4029	9.18358e-05
4030	9.16577e-05
4031	9.15276e-05
4032	9.13595e-05
4033	9.12132e-05
4034	9.10189e-05
4035	9.08535e-05
4036	9.06598e-05
4037	9.0504e-05
4038	9.03143e-05
4039	9.01368e-05
4040	9.00023e-05
4041	8.98552e-05
4042	8.95977e-05
4043	8.93202e-05
4044	8.9088e-05
4045	8.89442e-05
4046	8.87667e-05
4047	8.8562e-05
4048	8.83331e-05
4049	8.81156e-05
4050	8.78707e-05
4051	8.7652e-05
4052	8.74496e-05
4053	8.72493e-05
4054	8.70394e-05
4055	8.68577e-05
4056	8.66224e-05
4057	8.63517e-05
4058	8.60709e-05
4059	8.58266e-05
4060	8.56252e-05
4061	8.5419e-05
4062	8.51805e-05
4063	8.49164e-05
4064	8.46486e-05
4065	8.43932e-05
4066	8.41477e-05
4067	8.39023e-05
4068	8.36482e-05
4069	8.33856e-05
4070	8.31205e-05
4071	8.28569e-05
4072	8.25935e-05
4073	8.23298e-05
4074	8.20628e-05
4075	8.17926e-05
4076	8.15204e-05
4077	8.12469e-05
4078	8.09719e-05
4079	8.06962e-05
4080	8.04185e-05
4081	8.01384e-05
4082	7.98567e-05
4083	7.95722e-05
4084	7.92842e-05
4085	7.89935e-05
4086	7.87032e-05
4087	7.84149e-05
4088	7.81252e-05
4089	7.78319e-05
4090	7.75354e-05
4091	7.72365e-05
4092	7.69354e-05
4093	7.66332e-05
4094	7.63301e-05
4095	7.60263e-05
4096	7.57197e-05
4097	7.54108e-05
4098	7.50986e-05
4099	7.47847e-05
4100	7.44687e-05
4101	7.41509e-05
4102	7.38315e-05
4103	7.35102e-05
4104	7.31883e-05
4105	7.28643e-05
4106	7.25377e-05
4107	7.22094e-05
4108	7.18785e-05
4109	7.15454e-05
4110	7.12101e-05
4111	7.08789e-05
4112	7.05034e-05
4113	7.01929e-05
4114	6.98286e-05
4115	6.95467e-05
4116	6.92233e-05
4117	6.87978e-05
4118	6.84216e-05
4119	6.8081e-05
4120	6.77699e-05
4121	6.74241e-05
4122	6.71132e-05
4123	6.67684e-05
4124	6.64129e-05
4125	6.60551e-05
4126	6.57307e-05
4127	6.54053e-05
4128	6.50783e-05
4129	6.47313e-05
4130	6.43886e-05
4131	6.40305e-05
4132	6.3687e-05
4133	6.34117e-05
4134	6.30833e-05
4135	6.26752e-05
4136	6.22831e-05
4137	6.20354e-05
4138	6.17491e-05
4139	6.1381e-05
4140	6.08958e-05
4141	6.06136e-05
4142	6.03518e-05
4143	6.0017e-05
4144	5.96295e-05
4145	5.91817e-05
4146	5.88311e-05
4147	5.85519e-05
4148	5.82819e-05
4149	5.79477e-05
4150	5.75448e-05
4151	5.71389e-05
4152	5.6809e-05
4153	5.64977e-05
4154	5.61765e-05
4155	5.58306e-05
4156	5.54753e-05
4157	5.51426e-05
4158	5.48263e-05
4159	5.45043e-05
4160	5.41681e-05
4161	5.38247e-05
4162	5.34883e-05
4163	5.3165e-05
4164	5.28451e-05
4165	5.25206e-05
4166	5.21911e-05
4167	5.18617e-05
4168	5.15357e-05
4169	5.12123e-05
4170	5.08888e-05
4171	5.05619e-05
4172	5.02351e-05
4173	4.98988e-05
4174	4.95634e-05
4175	4.92335e-05
4176	4.89181e-05
4177	4.86317e-05
4178	4.8308e-05
4179	4.79676e-05
4180	4.75774e-05
4181	4.73766e-05
4182	4.72057e-05
4183	4.69092e-05
4184	4.65951e-05
4185	4.61499e-05
4186	4.59265e-05
4187	4.58188e-05
4188	4.55734e-05
4189	4.52333e-05
4190	4.48619e-05
4191	4.45905e-05
4192	4.44592e-05
4193	4.42708e-05
4194	4.40244e-05
4195	4.37244e-05
4196	4.34372e-05
4197	4.32343e-05
4198	4.30402e-05
4199	4.285e-05
4200	4.26438e-05
4201	4.2418e-05
4202	4.22058e-05
4203	4.20378e-05
4204	4.1871e-05
4205	4.16992e-05
4206	4.15125e-05
4207	4.13119e-05
4208	4.11271e-05
4209	4.0988e-05
4210	4.08999e-05
4211	4.07201e-05
4212	4.05276e-05
4213	4.03533e-05
4214	4.02573e-05
4215	4.01685e-05
4216	4.00348e-05
4217	3.99015e-05
4218	3.97542e-05
4219	3.96269e-05
4220	3.95522e-05
4221	3.95006e-05
4222	3.9466e-05
4223	3.93749e-05
4224	3.9282e-05
4225	3.91647e-05
4226	3.91878e-05
4227	3.92066e-05
4228	3.92209e-05
4229	3.92048e-05
4230	3.91442e-05
4231	3.90605e-05
4232	3.90411e-05
4233	3.91628e-05
4234	3.93117e-05
4235	3.94309e-05
4236	3.94647e-05
4237	3.94241e-05
4238	3.93558e-05
4239	3.94432e-05
4240	3.96434e-05
4241	3.98687e-05
4242	3.9988e-05
4243	4.00283e-05
4244	3.99818e-05
4245	4.00991e-05
4246	4.0305e-05
4247	4.05176e-05
4248	4.06453e-05
4249	4.06865e-05
4250	4.07498e-05
4251	4.09152e-05
4252	4.11631e-05
4253	4.14268e-05
4254	4.16173e-05
4255	4.17339e-05
4256	4.18157e-05
4257	4.19682e-05
4258	4.22092e-05
4259	4.25088e-05
4260	4.27639e-05
4261	4.2969e-05
4262	4.31246e-05
4263	4.32885e-05
4264	4.34584e-05
4265	4.36578e-05
4266	4.39094e-05
4267	4.41935e-05
4268	4.44526e-05
4269	4.4661e-05
4270	4.48414e-05
4271	4.50482e-05
4272	4.52998e-05
4273	4.55755e-05
4274	4.58319e-05
4275	4.60467e-05
4276	4.62469e-05
4277	4.647e-05
4278	4.67245e-05
4279	4.69916e-05
4280	4.724e-05
4281	4.74587e-05
4282	4.76683e-05
4283	4.78944e-05
4284	4.81402e-05
4285	4.83912e-05
4286	4.86316e-05
4287	4.88593e-05
4288	4.90849e-05
4289	4.93174e-05
4290	4.95552e-05
4291	4.97892e-05
4292	5.0018e-05
4293	5.02434e-05
4294	5.04734e-05
4295	5.07106e-05
4296	5.09536e-05
4297	5.12146e-05
4298	5.14691e-05
4299	5.17036e-05
4300	5.19238e-05
4301	5.2149e-05
4302	5.23963e-05
4303	5.25975e-05
4304	5.28284e-05
4305	5.30904e-05
4306	5.33424e-05
4307	5.35698e-05
4308	5.37968e-05
4309	5.39901e-05
4310	5.41579e-05
4311	5.44155e-05
4312	5.46799e-05
4313	5.49184e-05
4314	5.51325e-05
4315	5.53261e-05
4316	5.55183e-05
4317	5.5736e-05
4318	5.59806e-05
4319	5.62233e-05
4320	5.64419e-05
4321	5.66388e-05
4322	5.6834e-05
4323	5.70455e-05
4324	5.72707e-05
4325	5.74978e-05
4326	5.7715e-05
4327	5.79238e-05
4328	5.81292e-05
4329	5.83378e-05
4330	5.85502e-05
4331	5.8765e-05
4332	5.89912e-05
4333	5.91901e-05
4334	5.93727e-05
4335	5.95629e-05
4336	5.97672e-05
4337	5.99784e-05
4338	6.01871e-05
4339	6.03844e-05
4340	6.05707e-05
4341	6.07532e-05
4342	6.09387e-05
4343	6.11276e-05
4344	6.13142e-05
4345	6.14933e-05
4346	6.16653e-05
4347	6.18321e-05
4348	6.19996e-05
4349	6.21698e-05
4350	6.23399e-05
4351	6.25051e-05
4352	6.26638e-05
4353	6.28177e-05
4354	6.29679e-05
4355	6.31166e-05
4356	6.3264e-05
4357	6.34107e-05
4358	6.35488e-05
4359	6.37055e-05
4360	6.38637e-05
4361	6.39962e-05
4362	6.40846e-05
4363	6.42029e-05
4364	6.43378e-05
4365	6.44722e-05
4366	6.45767e-05
4367	6.46903e-05
4368	6.48064e-05
4369	6.49143e-05
4370	6.49992e-05
4371	6.51115e-05
4372	6.52318e-05
4373	6.53379e-05
4374	6.54114e-05
4375	6.55058e-05
4376	6.56117e-05
4377	6.57122e-05
4378	6.57918e-05
4379	6.5857e-05
4380	6.59284e-05
4381	6.60195e-05
4382	6.61204e-05
4383	6.62115e-05
4384	6.6282e-05
4385	6.6342e-05
4386	6.64063e-05
4387	6.64819e-05
4388	6.65638e-05
4389	6.66397e-05
4390	6.67013e-05
4391	6.67538e-05
4392	6.68076e-05
4393	6.68672e-05
4394	6.69292e-05
4395	6.69862e-05
4396	6.70331e-05
4397	6.70727e-05
4398	6.71133e-05
4399	6.71566e-05
4400	6.72007e-05
4401	6.72407e-05
4402	6.72737e-05
4403	6.73023e-05
4404	6.73298e-05
4405	6.73569e-05
4406	6.73839e-05
4407	6.74076e-05
4408	6.74282e-05
4409	6.74457e-05
4410	6.74607e-05
4411	6.74741e-05
4412	6.74863e-05
4413	6.74953e-05
4414	6.74996e-05
4415	6.75006e-05
4416	6.74995e-05
4417	6.74966e-05
4418	6.74919e-05
4419	6.7486e-05
4420	6.74781e-05
4421	6.74677e-05
4422	6.74548e-05
4423	6.74409e-05
4424	6.74246e-05
4425	6.74059e-05
4426	6.73843e-05
4427	6.736e-05
4428	6.73338e-05
4429	6.73058e-05
4430	6.7275e-05
4431	6.72424e-05
4432	6.7207e-05
4433	6.71691e-05
4434	6.71287e-05
4435	6.70855e-05
4436	6.70395e-05
4437	6.69916e-05
4438	6.69414e-05
4439	6.68891e-05
4440	6.68341e-05
4441	6.67764e-05
4442	6.67178e-05
4443	6.66574e-05
4444	6.65945e-05
4445	6.65287e-05
4446	6.64599e-05
4447	6.63891e-05
4448	6.6316e-05
4449	6.62401e-05
4450	6.61626e-05
4451	6.60837e-05
4452	6.60027e-05
4453	6.5919e-05
4454	6.58331e-05
4455	6.57459e-05
4456	6.56563e-05
4457	6.55644e-05
4458	6.54705e-05
4459	6.53758e-05
4460	6.52783e-05
4461	6.51785e-05
4462	6.5076e-05
4463	6.49709e-05
4464	6.48651e-05
4465	6.47594e-05
4466	6.46529e-05
4467	6.4544e-05
4468	6.44283e-05
4469	6.43387e-05
4470	6.42332e-05
4471	6.41206e-05
4472	6.39813e-05
4473	6.38498e-05
4474	6.37104e-05
4475	6.35908e-05
4476	6.34618e-05
4477	6.33352e-05
4478	6.3207e-05
4479	6.30655e-05
4480	6.29195e-05
4481	6.2777e-05
4482	6.26276e-05
4483	6.24838e-05
4484	6.23439e-05
4485	6.22016e-05
4486	6.20472e-05
4487	6.18836e-05
4488	6.17205e-05
4489	6.15661e-05
4490	6.14161e-05
4491	6.12616e-05
4492	6.1094e-05
4493	6.09154e-05
4494	6.07395e-05
4495	6.058e-05
4496	6.04339e-05
4497	6.02806e-05
4498	6.01061e-05
4499	5.99162e-05
4500	5.97286e-05
4501	5.95567e-05
4502	5.93929e-05
4503	5.92209e-05
4504	5.90251e-05
4505	5.88177e-05
4506	5.86189e-05
4507	5.84385e-05
4508	5.82648e-05
4509	5.80787e-05
4510	5.78651e-05
4511	5.76446e-05
4512	5.74364e-05
4513	5.72466e-05
4514	5.70632e-05
4515	5.6866e-05
4516	5.66381e-05
4517	5.64081e-05
4518	5.61935e-05
4519	5.59961e-05
4520	5.58031e-05
4521	5.55978e-05
4522	5.53565e-05
4523	5.51173e-05
4524	5.48957e-05
4525	5.469e-05
4526	5.44849e-05
4527	5.4264e-05
4528	5.40261e-05
4529	5.37857e-05
4530	5.35542e-05
4531	5.33312e-05
4532	5.31076e-05
4533	5.28761e-05
4534	5.26362e-05
4535	5.2394e-05
4536	5.2154e-05
4537	5.19162e-05
4538	5.16771e-05
4539	5.14336e-05
4540	5.11858e-05
4541	5.0936e-05
4542	5.06865e-05
4543	5.0438e-05
4544	5.0189e-05
4545	4.99384e-05
4546	4.96854e-05
4547	4.94305e-05
4548	4.91742e-05
4549	4.89171e-05
4550	4.86601e-05
4551	4.84028e-05
4552	4.81464e-05
4553	4.78885e-05
4554	4.763e-05
4555	4.73716e-05
4556	4.71132e-05
4557	4.68555e-05
4558	4.65967e-05
4559	4.63372e-05
4560	4.60784e-05
4561	4.58187e-05
4562	4.55583e-05
4563	4.52982e-05
4564	4.50388e-05
4565	4.47798e-05
4566	4.45204e-05
4567	4.42598e-05
4568	4.40023e-05
4569	4.37446e-05
4570	4.34673e-05
4571	4.31938e-05
4572	4.29532e-05
4573	4.27152e-05
4574	4.24705e-05
4575	4.2237e-05
4576	4.19961e-05
4577	4.1714e-05
4578	4.14087e-05
4579	4.11408e-05
4580	4.09039e-05
4581	4.06672e-05
4582	4.04476e-05
4583	4.02115e-05
4584	3.99236e-05
4585	3.9611e-05
4586	3.9342e-05
4587	3.91167e-05
4588	3.88883e-05
4589	3.86736e-05
4590	3.84278e-05
4591	3.81483e-05
4592	3.78721e-05
4593	3.76334e-05
4594	3.74152e-05
4595	3.71861e-05
4596	3.69363e-05
4597	3.6702e-05
4598	3.64538e-05
4599	3.62064e-05
4600	3.59308e-05
4601	3.57208e-05
4602	3.54884e-05
4603	3.52146e-05
4604	3.49611e-05
4605	3.47252e-05
4606	3.45054e-05
4607	3.42772e-05
4608	3.40447e-05
4609	3.38023e-05
4610	3.35933e-05
4611	3.3407e-05
4612	3.32271e-05
4613	3.29991e-05
4614	3.27675e-05
4615	3.24864e-05
4616	3.22489e-05
4617	3.20906e-05
4618	3.19066e-05
4619	3.17123e-05
4620	3.14621e-05
4621	3.1265e-05
4622	3.10408e-05
4623	3.08525e-05
4624	3.06559e-05
4625	3.04767e-05
4626	3.0279e-05
4627	3.01153e-05
4628	2.99194e-05
4629	2.97434e-05
4630	2.95499e-05
4631	2.93912e-05
4632	2.9216e-05
4633	2.90703e-05
4634	2.88916e-05
4635	2.87454e-05
4636	2.85734e-05
4637	2.8441e-05
4638	2.82889e-05
4639	2.81752e-05
4640	2.80436e-05
4641	2.78775e-05
4642	2.77566e-05
4643	2.76403e-05
4644	2.74998e-05
4645	2.74041e-05
4646	2.73021e-05
4647	2.71588e-05
4648	2.70472e-05
4649	2.69428e-05
4650	2.68354e-05
4651	2.67444e-05
4652	2.66495e-05
4653	2.65589e-05
4654	2.64699e-05
4655	2.63905e-05
4656	2.63231e-05
4657	2.62646e-05
4658	2.62075e-05
4659	2.61533e-05
4660	2.61071e-05
4661	2.60694e-05
4662	2.60362e-05
4663	2.60065e-05
4664	2.59799e-05
4665	2.59598e-05
4666	2.59413e-05
4667	2.59323e-05
4668	2.59332e-05
4669	2.59472e-05
4670	2.59688e-05
4671	2.5998e-05
4672	2.60234e-05
4673	2.60826e-05
4674	2.61479e-05
4675	2.62358e-05
4676	2.63045e-05
4677	2.63608e-05
4678	2.64096e-05
4679	2.64544e-05
4680	2.6499e-05
4681	2.65458e-05
4682	2.65254e-05
4683	2.66041e-05
4684	2.67421e-05
4685	2.69304e-05
4686	2.70772e-05
4687	2.71917e-05
4688	2.713e-05
4689	2.71648e-05
4690	2.73241e-05
4691	2.75368e-05
4692	2.77333e-05
4693	2.7802e-05
4694	2.78844e-05
4695	2.8027e-05
4696	2.82037e-05
4697	2.83768e-05
4698	2.84926e-05
4699	2.85332e-05
4700	2.85685e-05
4701	2.86921e-05
4702	2.89081e-05
4703	2.91893e-05
4704	2.94383e-05
4705	2.9522e-05
4706	2.95665e-05
4707	2.96076e-05
4708	2.9711e-05
4709	2.99256e-05
4710	3.01676e-05
4711	3.02835e-05
4712	3.03866e-05
4713	3.05409e-05
4714	3.07015e-05
4715	3.08434e-05
4716	3.10137e-05
4717	3.11942e-05
4718	3.13968e-05
4719	3.15206e-05
4720	3.15696e-05
4721	3.15979e-05
4722	3.17926e-05
4723	3.20768e-05
4724	3.23564e-05
4725	3.24845e-05
4726	3.24557e-05
4727	3.24594e-05
4728	3.26405e-05
4729	3.29125e-05
4730	3.31484e-05
4731	3.3251e-05
4732	3.33174e-05
4733	3.3411e-05
4734	3.35432e-05
4735	3.37623e-05
4736	3.40107e-05
4737	3.41864e-05
4738	3.42517e-05
4739	3.43273e-05
4740	3.4388e-05
4741	3.45638e-05
4742	3.48236e-05
4743	3.50311e-05
4744	3.51656e-05
4745	3.52688e-05
4746	3.53819e-05
4747	3.54771e-05
4748	3.56034e-05
4749	3.57547e-05
4750	3.5952e-05
4751	3.61343e-05
4752	3.629e-05
4753	3.64365e-05
4754	3.65152e-05
4755	3.65951e-05
4756	3.67159e-05
4757	3.68763e-05
4758	3.7035e-05
4759	3.71917e-05
4760	3.73218e-05
4761	3.74348e-05
4762	3.75513e-05
4763	3.76828e-05
4764	3.78273e-05
4765	3.79728e-05
4766	3.81084e-05
4767	3.8232e-05
4768	3.83467e-05
4769	3.84628e-05
4770	3.85872e-05
4771	3.87193e-05
4772	3.8852e-05
4773	3.89792e-05
4774	3.90959e-05
4775	3.92056e-05
4776	3.93167e-05
4777	3.94345e-05
4778	3.9557e-05
4779	3.96777e-05
4780	3.97913e-05
4781	3.98971e-05
4782	3.99992e-05
4783	4.01028e-05
4784	4.02103e-05
4785	4.03192e-05
4786	4.04252e-05
4787	4.05259e-05
4788	4.06216e-05
4789	4.07156e-05
4790	4.08269e-05
4791	4.08543e-05
4792	4.09192e-05
4793	4.10221e-05
4794	4.11871e-05
4795	4.13386e-05
4796	4.14088e-05
4797	4.14056e-05
4798	4.14075e-05
4799	4.15211e-05
4800	4.16898e-05
4801	4.18153e-05
4802	4.18678e-05
4803	4.1871e-05
4804	4.19086e-05
4805	4.20294e-05
4806	4.21401e-05
4807	4.22108e-05
4808	4.22634e-05
4809	4.23112e-05
4810	4.2361e-05
4811	4.24497e-05
4812	4.25349e-05
4813	4.25917e-05
4814	4.26609e-05
4815	4.2716e-05
4816	4.27577e-05
4817	4.2826e-05
4818	4.28917e-05
4819	4.29381e-05
4820	4.30063e-05
4821	4.3062e-05
4822	4.30982e-05
4823	4.31555e-05
4824	4.32096e-05
4825	4.32468e-05
4826	4.33069e-05
4827	4.33575e-05
4828	4.33881e-05
4829	4.3441e-05
4830	4.34869e-05
4831	4.35136e-05
4832	4.35642e-05
4833	4.36059e-05
4834	4.36262e-05
4835	4.36696e-05
4836	4.37053e-05
4837	4.37216e-05
4838	4.37617e-05
4839	4.37927e-05
4840	4.38025e-05
4841	4.38363e-05
4842	4.38618e-05
4843	4.38666e-05
4844	4.38966e-05
4845	4.39182e-05
4846	4.39187e-05
4847	4.39451e-05
4848	4.39617e-05
4849	4.3957e-05
4850	4.3979e-05
4851	4.39901e-05
4852	4.39806e-05
4853	4.39972e-05
4854	4.40033e-05
4855	4.39898e-05
4856	4.40016e-05
4857	4.40029e-05
4858	4.39846e-05
4859	4.39906e-05
4860	4.39863e-05
4861	4.39634e-05
4862	4.3966e-05
4863	4.39579e-05
4864	4.3931e-05
4865	4.39309e-05
4866	4.39195e-05
4867	4.38883e-05
4868	4.38839e-05
4869	4.38676e-05
4870	4.3832e-05
4871	4.3824e-05
4872	4.3803e-05
4873	4.37631e-05
4874	4.37508e-05
4875	4.37254e-05
4876	4.36815e-05
4877	4.3666e-05
4878	4.3638e-05
4879	4.35909e-05
4880	4.35719e-05
4881	4.35388e-05
4882	4.34875e-05
4883	4.34642e-05
4884	4.34268e-05
4885	4.33702e-05
4886	4.33429e-05
4887	4.33021e-05
4888	4.32425e-05
4889	4.32108e-05
4890	4.3165e-05
4891	4.3103e-05
4892	4.30689e-05
4893	4.30197e-05
4894	4.29539e-05
4895	4.29149e-05
4896	4.28612e-05
4897	4.27912e-05
4898	4.27477e-05
4899	4.26888e-05
4900	4.2613e-05
4901	4.25641e-05
4902	4.25006e-05
4903	4.24199e-05
4904	4.23674e-05
4905	4.22992e-05
4906	4.22208e-05
4907	4.21497e-05
4908	4.21139e-05
4909	4.20358e-05
4910	4.19283e-05
4911	4.18353e-05
4912	4.17991e-05
4913	4.17407e-05
4914	4.16497e-05
4915	4.15506e-05
4916	4.14944e-05
4917	4.14085e-05
4918	4.13019e-05
4919	4.12095e-05
4920	4.1156e-05
4921	4.107e-05
4922	4.09571e-05
4923	4.08488e-05
4924	4.07839e-05
4925	4.06878e-05
4926	4.05689e-05
4927	4.04661e-05
4928	4.04022e-05
4929	4.03582e-05
4930	4.0275e-05
4931	4.01652e-05
4932	3.99911e-05
4933	3.9792e-05
4934	3.96722e-05
4935	3.96246e-05
4936	3.96093e-05
4937	3.95666e-05
4938	3.94211e-05
4939	3.92253e-05
4940	3.91053e-05
4941	3.9054e-05
4942	3.89683e-05
4943	3.88397e-05
4944	3.87239e-05
4945	3.85713e-05
4946	3.8397e-05
4947	3.82558e-05
4948	3.81615e-05
4949	3.80794e-05
4950	3.79755e-05
4951	3.78406e-05
4952	3.76934e-05
4953	3.75566e-05
4954	3.74347e-05
4955	3.7321e-05
4956	3.72058e-05
4957	3.70827e-05
4958	3.69502e-05
4959	3.68127e-05
4960	3.66757e-05
4961	3.65434e-05
4962	3.64157e-05
4963	3.62891e-05
4964	3.61579e-05
4965	3.60198e-05
4966	3.5877e-05
4967	3.57356e-05
4968	3.55988e-05
4969	3.54647e-05
4970	3.5328e-05
4971	3.51863e-05
4972	3.50413e-05
4973	3.48959e-05
4974	3.47524e-05
4975	3.461e-05
4976	3.44666e-05
4977	3.43208e-05
4978	3.41729e-05
4979	3.4024e-05
4980	3.38748e-05
4981	3.37255e-05
4982	3.35932e-05
4983	3.34875e-05
4984	3.33605e-05
4985	3.31829e-05
4986	3.30023e-05
4987	3.29209e-05
4988	3.27788e-05
4989	3.25853e-05
4990	3.24083e-05
4991	3.22969e-05
4992	3.21438e-05
4993	3.19304e-05
4994	3.17687e-05
4995	3.16253e-05
4996	3.15197e-05
4997	3.13571e-05
4998	3.11525e-05
4999	3.09461e-05
5000	3.08205e-05
