5.0 -20.8785142322
10.0 -12.1369832534
15.0 -3.55990927881
20.0 0.0640170322034
25.0 0.936833281356
30.0 0.931326648729
35.0 0.858712197881
40.0 0.827441545339
45.0 0.832508494915
50.0 0.846047030085
55.0 0.858891627542
60.0 0.874922680085
65.0 0.890301733898
70.0 0.906091542797
75.0 0.923272228814
80.0 0.941531729661
85.0 0.960484652966
90.0 0.979923927966
95.0 0.999242905085
100.0 1.01826254703
105.0 1.03762847331
110.0 1.05566368305
115.0 1.07264979237
120.0 1.08838916864
125.0 1.10330456059
130.0 1.11633866059
135.0 1.12770149703
140.0 1.13761990424
145.0 1.14585513771
150.0 1.15227699449
155.0 1.15742130593
160.0 1.161121725
165.0 1.16347351314
170.0 1.16468532373
175.0 1.16483188432
180.0 1.16445092076
185.0 1.16340031907
190.0 1.16152521229
195.0 1.15912876017
200.0 1.15717541525
205.0 1.15407795
210.0 1.15091614746
215.0 1.14824971568
220.0 1.14510956737
225.0 1.14144251441
230.0 1.13822700551
235.0 1.13491886102
240.0 1.13161668475
245.0 1.12827205381
250.0 1.12500232034
255.0 1.12169633475
260.0 1.11836018347
265.0 1.1151381911
270.0 1.11192543898
275.0 1.10876538644
280.0 1.10587558856
285.0 1.1029681322
290.0 1.10021863517
295.0 1.0975912928
300.0 1.09507656229
305.0 1.09269668305
310.0 1.09053322161
315.0 1.0885253589
320.0 1.08668348263
325.0 1.08500227924
330.0 1.08341925805
335.0 1.08202020678
340.0 1.08087102924
345.0 1.07989522161
350.0 1.07900614746
355.0 1.07832391398
360.0 1.07781866271
365.0 1.077468975
370.0 1.07728355593
375.0 1.07726428941
380.0 1.07739784873
385.0 1.07765985042
390.0 1.07813059407
395.0 1.07870095847
400.0 1.07941989788
405.0 1.0803189572
410.0 1.08132293517
415.0 1.08244558814
420.0 1.08375493305
425.0 1.08513082797
430.0 1.08664595551
435.0 1.08826830932
440.0 1.08998667288
445.0 1.0917864161
450.0 1.09366903602
455.0 1.09560676822
460.0 1.09760238136
465.0 1.09963107754
470.0 1.10169393008
475.0 1.10376783475
480.0 1.10585513305
485.0 1.10793314237
490.0 1.11000335466
495.0 1.11204562585
500.0 1.11405975381
505.0 1.11602643898
510.0 1.11794632966
515.0 1.11980182034
520.0 1.12156305297
525.0 1.12327810297
530.0 1.12496118305
535.0 1.12653239958
540.0 1.12800809237
545.0 1.12938463686
550.0 1.13073261441
555.0 1.13204077331
560.0 1.13325766695
565.0 1.13426737966
570.0 1.13540660805
575.0 1.13645392754
580.0 1.13742527373
585.0 1.13837252585
590.0 1.13927645169
595.0 1.1401363839
600.0 1.1409699572
605.0 1.14173158432
610.0 1.14247152712
615.0 1.14317978856
620.0 1.14383883305
625.0 1.14445221992
630.0 1.14504224364
635.0 1.14559085169
640.0 1.14608093136
645.0 1.14657197076
650.0 1.1470214339
655.0 1.14744389237
660.0 1.14781884322
665.0 1.14819348559
670.0 1.14852951864
675.0 1.14883558178
680.0 1.14912718771
685.0 1.14939517881
690.0 1.14964320339
695.0 1.1498684589
700.0 1.15007755975
705.0 1.15026770339
710.0 1.1504332161
715.0 1.15060476992
720.0 1.15074533432
725.0 1.15088007288
730.0 1.15099441398
735.0 1.15110377415
740.0 1.15120036102
745.0 1.1512856089
750.0 1.15136189534
755.0 1.15143023008
760.0 1.15149171949
765.0 1.15154313686
770.0 1.15158940169
775.0 1.1516281339
780.0 1.15166255975
785.0 1.15169029788
790.0 1.15171415169
795.0 1.15173216356
800.0 1.15174840763
805.0 1.1517583839
810.0 1.15176743814
815.0 1.15177149449
820.0 1.15177420339
825.0 1.15177233602
830.0 1.15177081525
835.0 1.15176386907
840.0 1.15175853898
845.0 1.15174778263
850.0 1.15173779364
855.0 1.15172407203
860.0 1.15171111695
865.0 1.15169400381
870.0 1.15167765636
875.0 1.15165842203
880.0 1.15163868093
885.0 1.151616475
890.0 1.1515950339
895.0 1.15156985593
900.0 1.15154628941
905.0 1.15151856271
910.0 1.15149244619
915.0 1.15146301653
920.0 1.15143477288
925.0 1.15140830085
930.0 1.15137326907
935.0 1.15133831356
940.0 1.15130793305
945.0 1.15127127415
950.0 1.15123961398
955.0 1.15120760593
960.0 1.15116703941
965.0 1.15113248093
970.0 1.15109359831
975.0 1.15105648771
980.0 1.15102310678
985.0 1.15098175085
990.0 1.15094031017
995.0 1.15090530212
1000.0 1.15087444703
1005.0 1.15082883729
1010.0 1.15078992415
1015.0 1.15075405424
1020.0 1.15071428559
1025.0 1.15066951059
1030.0 1.15064202331
1035.0 1.15059597034
1040.0 1.15054983432
1045.0 1.15052284237
1050.0 1.15048008941
1055.0 1.15044970339
1060.0 1.1504077928
1065.0 1.15037189153
1070.0 1.15032192627
1075.0 1.15030381695
1080.0 1.15027037119
1085.0 1.15022005466
1090.0 1.15019592669
1095.0 1.15015492797
1100.0 1.15013206737
1105.0 1.15009615
1110.0 1.15006396229
1115.0 1.15002846568
1120.0 1.15000474915
1125.0 1.14995696059
1130.0 1.14993366398
1135.0 1.14990494068
1140.0 1.14987104831
1145.0 1.14984528686
1150.0 1.14981901992
1155.0 1.14978647542
1160.0 1.14976401907
1165.0 1.14973570975
1170.0 1.14971113178
1175.0 1.14968536229
1180.0 1.14966205297
1185.0 1.14963712839
1190.0 1.14961593559
1195.0 1.1495914322
1200.0 1.14957108475
1205.0 1.14954869788
1210.0 1.14952961949
1215.0 1.14950765424
1220.0 1.14948984449
1225.0 1.14946957246
1230.0 1.14945260847
1235.0 1.14943360551
1240.0 1.14941748729
1245.0 1.14939933008
1250.0 1.14938448093
1255.0 1.14936759322
1260.0 1.1493531661
1265.0 1.14933754788
1270.0 1.14932439025
1275.0 1.14930919449
1280.0 1.14929730636
1285.0 1.14928295636
1290.0 1.14927149068
1295.0 1.14925841059
1300.0 1.1492477911
1305.0 1.14923555678
1310.0 1.14922578347
1315.0 1.14921439534
1320.0 1.14920504449
1325.0 1.14919450297
1330.0 1.14918599831
1335.0 1.14917587924
1340.0 1.14916822119
1345.0 1.14915852458
1350.0 1.14915171271
1355.0 1.14914286271
1360.0 1.14913605042
1365.0 1.14912804661
1370.0 1.14912208051
1375.0 1.1491145
1380.0 1.14910853305
1385.0 1.14910179915
1390.0 1.14909625508
1395.0 1.14908994449
1400.0 1.14908524703
1405.0 1.14907893559
1410.0 1.14907466144
1415.0 1.14906877288
1420.0 1.14906492203
1425.0 1.14905988051
1430.0 1.14905602924
1435.0 1.14905141059
1440.0 1.14904798263
1445.0 1.14904336398
1450.0 1.14904078263
1455.0 1.14903658729
1460.0 1.14903400593
1465.0 1.1490302339
1470.0 1.14902765212
1475.0 1.14902430339
1480.0 1.14902214492
1485.0 1.14901879619
1490.0 1.14901706144
1495.0 1.14901413602
1500.0 1.14901282458
1505.0 1.14900989873
1510.0 1.14900858729
1515.0 1.14900608517
1520.0 1.14900519703
1525.0 1.14900269492
1530.0 1.14900180678
1535.0 1.14900015212
1540.0 1.14899926356
1545.0 1.14899760847
1550.0 1.14899714364
1555.0 1.14899506483
1560.0 1.14899502415
1565.0 1.14899336864
1570.0 1.14899332754
1575.0 1.14899167246
1580.0 1.14899163136
1585.0 1.14899039958
1590.0 1.14899035847
1595.0 1.14898912669
1600.0 1.14898950932
1605.0 1.14898827754
1610.0 1.14898823644
1615.0 1.14898742839
1620.0 1.14898781059
1625.0 1.14898657924
1630.0 1.14898738517
1635.0 1.14898615339
1640.0 1.14898695975
1645.0 1.14898615169
1650.0 1.1489865339
1655.0 1.14898572627
1660.0 1.1489865322
1665.0 1.14898572415
1670.0 1.14898653008
1675.0 1.14898572246
1680.0 1.14898652839
1685.0 1.14898572119
1690.0 1.14898652669
1695.0 1.1489861428
1700.0 1.14898652415
1705.0 1.1489861411
1710.0 1.14898694619
1715.0 1.14898656271
1720.0 1.14898736822
1725.0 1.14898656102
1730.0 1.14898571441
1735.0 1.14898693941
1740.0 1.1489882072
1745.0 1.14898866102
1750.0 1.1489869822
1755.0 1.14898820593
1760.0 1.14898865847
1765.0 1.14898778051
1770.0 1.14898782881
1775.0 1.14899034534
1780.0 1.14898904915
1785.0 1.14898905169
1790.0 1.14898824746
1795.0 1.14899034915
1800.0 1.14899119025
1805.0 1.14899118898
1810.0 1.14899161229
1815.0 1.14899161102
1820.0 1.1489916089
1825.0 1.14899245847
1830.0 1.14899160763
1835.0 1.14899288051
1840.0 1.14899203729
1845.0 1.14899036271
1850.0 1.14899120381
1855.0 1.14899200805
1860.0 1.14899330127
1865.0 1.14899372161
1870.0 1.14899120551
1875.0 1.14899414661
1880.0 1.1489954161
1885.0 1.14899372669
1890.0 1.14899415085
1895.0 1.14899498814
1900.0 1.14899372627
1905.0 1.14899499619
1910.0 1.14899625932
1915.0 1.14899454915
1920.0 1.14899626356
1925.0 1.14899416737
1930.0 1.14899668856
1935.0 1.14899289322
1940.0 1.14899668898
1945.0 1.14899668686
1950.0 1.14899753941
1955.0 1.14899538263
1960.0 1.14899710847
1965.0 1.14899753263
1970.0 1.14899796017
1975.0 1.14899710212
1980.0 1.14899922246
1985.0 1.14899795297
1990.0 1.14899837331
1995.0 1.14900007119
2000.0 1.14899710805
2005.0 1.14899964958
2010.0 1.14899837203
2015.0 1.14899627966
2020.0 1.14900176229
2025.0 1.14899585339
2030.0 1.14900006992
2035.0 1.14899837373
2040.0 1.14899710678
2045.0 1.14899919958
2050.0 1.14900472924
2055.0 1.14900048771
2060.0 1.1489988
2065.0 1.14899794873
2070.0 1.148998375
2075.0 1.14900049237
2080.0 1.14900303178
2085.0 1.14900134153
2090.0 1.14900176441
2095.0 1.1489996428
2100.0 1.14899964534
2105.0 1.14900091695
2110.0 1.14900176102
2115.0 1.14900176483
2120.0 1.14900345805
2125.0 1.14900133729
2130.0 1.14900006949
2135.0 1.14900133941
2140.0 1.14900176144
2145.0 1.14900176271
2150.0 1.14900472203
2155.0 1.14900388347
2160.0 1.14900048941
2165.0 1.14900261017
2170.0 1.1490026089
2175.0 1.14900091822
2180.0 1.14900345636
2185.0 1.14900515381
2190.0 1.14900091271
2195.0 1.14900176102
2200.0 1.14900049068
2205.0 1.14900345805
2210.0 1.14900472458
2215.0 1.14900430424
2220.0 1.1490026089
2225.0 1.14900133686
2230.0 1.14900133856
2235.0 1.14900345593
2240.0 1.14900430339
2245.0 1.14900387966
2250.0 1.14900303347
2255.0 1.14900345763
2260.0 1.14900048941
2265.0 1.14900345763
2270.0 1.14900430381
2275.0 1.14900472754
2280.0 1.14900387627
2285.0 1.14900133856
2290.0 1.14900260847
2295.0 1.14900430297
2300.0 1.14900430424
2305.0 1.14900345466
2310.0 1.14900345636
2315.0 1.1490030322
2320.0 1.14900260847
2325.0 1.14900430339
2330.0 1.14900472712
2335.0 1.14900388008
2340.0 1.14900260847
2345.0 1.14900345593
2350.0 1.14900345636
2355.0 1.14900345593
2360.0 1.14900387966
2365.0 1.14900430339
2370.0 1.14900345636
2375.0 1.1490030322
2380.0 1.14900430381
2385.0 1.14900388008
2390.0 1.14900387966
2395.0 1.14900345593
2400.0 1.14900388008
2405.0 1.14900345593
2410.0 1.14900345593
2415.0 1.14900430381
2420.0 1.14900345636
2425.0 1.14900135763
2430.0 1.14900557669
2435.0 1.14900218517
2440.0 1.14900345678
2445.0 1.14900388051
2450.0 1.14900430297
2455.0 1.14900345636
2460.0 1.14900430381
2465.0 1.14900303263
2470.0 1.1490034572
2475.0 1.14900430339
2480.0 1.14900388093
2485.0 1.14900388008
2490.0 1.14900388008
2495.0 1.14900388008
2500.0 1.14900345678
2505.0 1.14900345678
2510.0 1.14900430424
2515.0 1.14900388008
2520.0 1.14900345636
2525.0 1.14900345678
2530.0 1.14900345678
2535.0 1.14900388008
2540.0 1.14900430424
2545.0 1.14900345678
2550.0 1.14900303263
2555.0 1.14900388051
2560.0 1.14900388051
2565.0 1.14900388051
2570.0 1.14900388051
2575.0 1.14900345678
2580.0 1.14900345678
2585.0 1.14900388051
2590.0 1.14900388051
2595.0 1.14900345678
2600.0 1.14900388051
2605.0 1.14900388051
2610.0 1.14900345678
2615.0 1.14900388051
2620.0 1.14900388051
2625.0 1.14900345678
2630.0 1.14900345678
2635.0 1.1490034572
2640.0 1.14900388051
2645.0 1.14900388051
2650.0 1.14900388051
2655.0 1.14900345678
2660.0 1.14900345678
2665.0 1.14900345678
2670.0 1.14900388051
2675.0 1.14900345678
2680.0 1.14900345678
2685.0 1.14900388093
2690.0 1.14900345678
2695.0 1.1490034572
2700.0 1.14900345678
2705.0 1.1490034572
2710.0 1.14900345678
2715.0 1.14900388093
2720.0 1.1490034572
2725.0 1.1490034572
2730.0 1.14900388051
2735.0 1.14900388093
2740.0 1.1490034572
2745.0 1.1490034572
2750.0 1.1490034572
2755.0 1.1490034572
2760.0 1.1490034572
2765.0 1.14900388093
2770.0 1.1490034572
2775.0 1.1490034572
2780.0 1.1490034572
2785.0 1.1490034572
2790.0 1.1490034572
2795.0 1.1490034572
2800.0 1.1490034572
2805.0 1.1490034572
2810.0 1.1490034572
2815.0 1.1490034572
2820.0 1.1490034572
2825.0 1.1490034572
2830.0 1.1490034572
2835.0 1.1490034572
2840.0 1.1490034572
2845.0 1.1490034572
2850.0 1.1490034572
2855.0 1.1490034572
2860.0 1.1490034572
2865.0 1.1490034572
2870.0 1.1490034572
2875.0 1.1490034572
2880.0 1.1490034572
2885.0 1.14900388093
2890.0 1.1490034572
2895.0 1.14900303347
2900.0 1.1490034572
2905.0 1.1490034572
2910.0 1.1490034572
2915.0 1.1490034572
2920.0 1.1490034572
2925.0 1.1490034572
2930.0 1.1490034572
2935.0 1.1490034572
2940.0 1.1490034572
2945.0 1.1490034572
2950.0 1.1490034572
2955.0 1.1490034572
2960.0 1.1490034572
2965.0 1.1490034572
2970.0 1.1490034572
2975.0 1.1490034572
2980.0 1.1490034572
2985.0 1.1490034572
2990.0 1.1490034572
2995.0 1.1490034572
3000.0 1.1490034572
3005.0 1.1490034572
3010.0 1.1490034572
3015.0 1.1490034572
3020.0 1.1490034572
3025.0 1.1490034572
3030.0 1.1490034572
3035.0 1.1490034572
3040.0 1.1490034572
3045.0 1.1490034572
3050.0 1.14900303347
3055.0 1.1490034572
3060.0 1.1490034572
3065.0 1.14900303347
3070.0 1.1490034572
3075.0 1.1490034572
3080.0 1.1490034572
3085.0 1.1490034572
3090.0 1.1490034572
3095.0 1.1490034572
3100.0 1.14900303347
3105.0 1.14900388093
3110.0 1.1490034572
3115.0 1.1490034572
3120.0 1.1490034572
3125.0 1.1490034572
3130.0 1.1490034572
3135.0 1.1490034572
3140.0 1.1490034572
3145.0 1.1490034572
3150.0 1.1490034572
3155.0 1.1490034572
3160.0 1.14900345763
3165.0 1.1490034572
3170.0 1.14900345678
3175.0 1.1490034572
3180.0 1.1490034572
3185.0 1.14900345678
3190.0 1.14900303347
3195.0 1.1490034572
3200.0 1.14900345678
3205.0 1.1490034572
3210.0 1.1490034572
3215.0 1.14900345678
3220.0 1.14900303347
3225.0 1.14900345763
3230.0 1.14900388051
3235.0 1.1490034572
3240.0 1.1490030339
3245.0 1.14900345678
3250.0 1.1490034572
3255.0 1.1490030339
3260.0 1.14900345678
3265.0 1.14900388051
3270.0 1.1490030339
3275.0 1.1490034572
3280.0 1.1490034572
3285.0 1.1490030339
3290.0 1.1490034572
3295.0 1.14900388051
3300.0 1.14900345763
3305.0 1.14900303347
3310.0 1.14900345678
3315.0 1.1490034572
3320.0 1.1490034572
3325.0 1.14900345678
3330.0 1.14900345763
3335.0 1.14900345763
3340.0 1.14900345678
3345.0 1.1490034572
3350.0 1.14900345763
3355.0 1.14900345678
3360.0 1.1490034572
3365.0 1.14900345763
3370.0 1.14900388051
3375.0 1.1490034572
3380.0 1.1490030339
3385.0 1.14900345678
3390.0 1.14900345678
3395.0 1.1490030339
3400.0 1.14900388093
3405.0 1.14900345678
3410.0 1.14900345763
3415.0 1.1490034572
3420.0 1.14900345678
3425.0 1.1490030339
3430.0 1.1490034572
3435.0 1.14900388051
3440.0 1.14900345763
3445.0 1.1490034572
3450.0 1.14900345678
3455.0 1.1490034572
3460.0 1.1490030339
3465.0 1.14900345678
3470.0 1.1490034572
3475.0 1.14900345763
3480.0 1.1490034572
3485.0 1.14900345678
3490.0 1.1490030339
3495.0 1.14900345678
3500.0 1.14900345678
3505.0 1.1490030339
3510.0 1.1490034572
3515.0 1.14900345678
3520.0 1.14900345763
3525.0 1.1490034572
3530.0 1.14900345678
3535.0 1.1490030339
3540.0 1.1490034572
3545.0 1.14900388008
3550.0 1.1490034572
3555.0 1.14900345763
3560.0 1.14900388008
3565.0 1.1490030339
3570.0 1.1490030339
3575.0 1.14900388051
3580.0 1.1490034572
3585.0 1.14900345763
3590.0 1.14900345678
3595.0 1.14900345678
3600.0 1.1490030339
3605.0 1.14900388051
3610.0 1.14900388051
3615.0 1.1490030339
3620.0 1.1490034572
3625.0 1.14900388008
3630.0 1.1490030339
3635.0 1.14900303347
3640.0 1.14900388008
3645.0 1.14900345763
3650.0 1.1490034572
3655.0 1.14900345636
3660.0 1.1490034572
3665.0 1.1490030339
3670.0 1.14900345636
3675.0 1.1490034572
3680.0 1.14900345763
3685.0 1.14900345678
3690.0 1.14900345678
3695.0 1.14900345805
3700.0 1.14900345678
3705.0 1.14900303305
3710.0 1.14900345763
3715.0 1.14900388051
3720.0 1.14900303305
3725.0 1.1490030339
3730.0 1.14900388051
3735.0 1.14900303305
3740.0 1.1490030339
3745.0 1.14900388051
3750.0 1.14900345678
3755.0 1.14900303432
3760.0 1.14900388051
3765.0 1.14900345678
3770.0 1.1490030339
3775.0 1.14900388051
3780.0 1.14900388051
3785.0 1.1490030339
3790.0 1.1490034572
3795.0 1.14900388051
3800.0 1.1490030339
3805.0 1.1490034572
3810.0 1.14900388008
3815.0 1.14900345763
3820.0 1.1490034572
3825.0 1.14900345636
3830.0 1.1490034572
3835.0 1.1490030339
3840.0 1.14900345636
3845.0 1.14900345763
3850.0 1.14900345763
3855.0 1.14900345636
3860.0 1.1490034572
3865.0 1.14900345763
3870.0 1.14900345636
3875.0 1.1490034572
3880.0 1.14900345805
3885.0 1.14900345678
3890.0 1.14900303347
3895.0 1.14900345763
3900.0 1.14900345636
3905.0 1.14900303347
3910.0 1.14900345805
3915.0 1.14900388051
3920.0 1.14900303347
3925.0 1.14900345763
3930.0 1.14900345636
3935.0 1.14900303347
3940.0 1.14900345763
3945.0 1.14900388008
3950.0 1.14900303347
3955.0 1.14900345763
3960.0 1.14900388008
3965.0 1.14900303347
3970.0 1.14900388136
3975.0 1.14900345678
3980.0 1.14900303347
3985.0 1.14900345763
3990.0 1.14900388051
3995.0 1.1490030339
4000.0 1.1490034572
4005.0 1.14900345678
4010.0 1.1490034572
4015.0 1.14900345763
4020.0 1.14900388051
4025.0 1.1490034572
4030.0 1.14900345763
4035.0 1.14900345678
4040.0 1.1490034572
4045.0 1.1490034572
4050.0 1.14900345678
4055.0 1.1490034572
4060.0 1.14900345763
4065.0 1.14900345678
4070.0 1.1490034572
4075.0 1.14900345763
4080.0 1.14900303305
4085.0 1.1490034572
4090.0 1.14900388136
4095.0 1.14900303305
4100.0 1.1490034572
4105.0 1.14900388136
4110.0 1.14900303305
4115.0 1.1490034572
4120.0 1.14900388136
4125.0 1.14900345678
4130.0 1.14900345763
4135.0 1.14900388093
4140.0 1.14900303305
4145.0 1.14900345763
4150.0 1.14900388093
4155.0 1.14900303305
4160.0 1.14900345763
4165.0 1.14900388051
4170.0 1.14900303305
4175.0 1.14900388136
4180.0 1.14900345678
4185.0 1.14900303305
4190.0 1.14900345763
4195.0 1.14900388051
4200.0 1.14900303347
4205.0 1.14900388136
4210.0 1.14900345678
4215.0 1.1490030339
4220.0 1.14900388093
4225.0 1.14900345678
4230.0 1.14900345763
4235.0 1.14900388093
4240.0 1.14900303305
4245.0 1.1490030339
4250.0 1.1490034572
4255.0 1.14900345678
4260.0 1.14900345763
4265.0 1.1490034572
4270.0 1.1490034572
4275.0 1.14900345763
4280.0 1.1490034572
4285.0 1.14900345678
4290.0 1.1490034572
4295.0 1.14900345678
4300.0 1.1490034572
4305.0 1.1490034572
4310.0 1.14900303305
4315.0 1.14900388093
4320.0 1.1490034572
4325.0 1.14900345678
4330.0 1.14900388093
4335.0 1.1490034572
4340.0 1.14900303305
4345.0 1.14900388093
4350.0 1.14900303347
4355.0 1.14900303347
4360.0 1.14900388136
4365.0 1.14900303305
4370.0 1.14900388093
4375.0 1.14900430466
4380.0 1.14900260932
4385.0 1.1490034572
4390.0 1.1490034572
4395.0 1.14900260932
4400.0 1.14900388136
4405.0 1.1490034572
4410.0 1.14900303305
4415.0 1.14900430508
4420.0 1.14900303305
4425.0 1.1490034572
4430.0 1.14900388093
4435.0 1.14900260932
4440.0 1.14900388136
4445.0 1.1490034572
4450.0 1.14900303305
4455.0 1.14900388178
4460.0 1.14900303305
4465.0 1.14900303347
4470.0 1.14900388136
4475.0 1.14900303263
4480.0 1.14900303347
4485.0 1.14900345763
4490.0 1.14900303263
4495.0 1.14900345763
4500.0 1.1490034572
4505.0 1.14900303305
4510.0 1.14900345805
4515.0 1.14900388051
4520.0 1.14900303347
4525.0 1.14900345763
4530.0 1.14900345636
4535.0 1.1490030339
4540.0 1.14900388093
4545.0 1.14900345636
4550.0 1.14900261017
4555.0 1.14900388093
4560.0 1.14900345678
4565.0 1.1490030339
4570.0 1.14900430466
4575.0 1.14900345678
4580.0 1.1490030339
4585.0 1.14900388051
4590.0 1.14900303305
4595.0 1.1490030339
4600.0 1.14900430424
4605.0 1.14900303305
4610.0 1.14900345763
4615.0 1.14900388051
4620.0 1.14900260932
4625.0 1.1490030339
4630.0 1.14900388051
4635.0 1.14900303347
4640.0 1.14900345763
4645.0 1.14900388051
4650.0 1.14900303347
4655.0 1.14900345763
4660.0 1.14900388051
4665.0 1.14900303347
4670.0 1.1490034572
4675.0 1.14900388051
4680.0 1.14900303347
4685.0 1.14900345763
4690.0 1.14900388051
4695.0 1.1490030339
4700.0 1.1490034572
4705.0 1.14900345678
4710.0 1.1490034572
4715.0 1.1490034572
4720.0 1.14900345678
4725.0 1.14900345763
4730.0 1.14900303347
4735.0 1.14900345636
4740.0 1.14900345763
4745.0 1.1490034572
4750.0 1.14900345678
4755.0 1.14900345763
4760.0 1.1490034572
4765.0 1.14900345678
4770.0 1.14900345763
4775.0 1.1490034572
4780.0 1.14900303305
4785.0 1.14900345763
4790.0 1.14900388093
4795.0 1.14900303305
4800.0 1.14900345763
4805.0 1.1490034572
4810.0 1.14900345636
4815.0 1.14900345763
4820.0 1.14900388093
4825.0 1.14900303305
4830.0 1.14900345763
4835.0 1.14900388093
4840.0 1.14900345678
4845.0 1.14900345763
4850.0 1.14900388136
4855.0 1.14900303263
4860.0 1.1490030339
4865.0 1.14900388093
4870.0 1.14900345636
4875.0 1.1490030339
4880.0 1.14900345763
4885.0 1.14900345678
4890.0 1.1490030339
4895.0 1.1490034572
4900.0 1.14900345678
4905.0 1.14900303347
4910.0 1.1490034572
4915.0 1.14900345678
4920.0 1.1490030339
4925.0 1.14900345763
4930.0 1.14900345678
4935.0 1.1490030339
4940.0 1.1490034572
4945.0 1.14900345636
4950.0 1.14900345763
4955.0 1.14900345763
4960.0 1.14900345678
4965.0 1.1490034572
4970.0 1.14900345763
4975.0 1.14900345678
4980.0 1.1490034572
4985.0 1.14900345763
4990.0 1.14900345636
4995.0 1.1490034572
5000.0 1.14900345805
