/*--------------------------------*- C++ -*----------------------------------*\
| =========                 |                                                 |
| \\      /  F ield         | OpenFOAM: The Open Source CFD Toolbox           |
|  \\    /   O peration     | Version:  2.3.0                                 |
|   \\  /    A nd           | Web:      www.OpenFOAM.org                      |
|    \\/     M anipulation  |                                                 |
\*---------------------------------------------------------------------------*/
FoamFile
{
    version     2.0;
    format      ascii;
    class       volScalarField;
    location    "7000";
    object      p;
}
// * * * * * * * * * * * * * * * * * * * * * * * * * * * * * * * * * * * * * //

dimensions      [0 2 -2 0 0 0 0];

internalField   nonuniform List<scalar> 
6694
(
3.79348e-05
-7.41018
-13.207
-18.1207
-22.2288
-25.501
-27.4511
-26.8019
-22.2939
-15.0165
-5.11354
20.9271
17.0298
13.9669
12.5149
12.7347
15.208
20.4544
28.8004
40.2585
54.5115
71.1185
89.9885
110.513
31.8124
32.3726
34.2895
37.3873
41.6369
47.0066
53.4724
60.9555
69.2944
78.2798
87.6788
97.1894
42.7168
44.6839
47.6264
51.4978
56.3022
61.9798
68.4291
75.5022
83.0203
90.7749
98.5451
106.104
51.4124
53.9137
57.1056
60.8786
65.2161
70.0671
75.3697
81.0376
86.9716
93.0534
99.1565
105.158
58.1431
60.7238
63.8574
67.4134
71.3886
75.7457
80.4376
85.4009
90.5608
95.8307
101.118
106.33
63.3973
65.8384
68.7748
72.0263
75.5961
79.4665
83.6078
87.9763
92.521
97.178
101.868
106.524
67.3049
69.6584
72.408
75.4105
78.6708
82.1766
85.9125
89.8445
93.933
98.1521
102.407
106.673
70.9875
72.9953
75.4168
78.135
81.0895
84.2664
87.683
91.3282
95.1587
99.0707
103.009
107.022
74.5213
76.3973
78.2577
80.5624
83.118
85.9425
89.1095
92.5606
96.3586
100.147
103.875
107.753
80.8996
111.808
134.841
154.011
169.874
182.009
190.273
194.794
195.986
194.491
191.296
187.589
129.24
144.447
156.565
166.038
173.109
177.974
180.914
182.263
182.353
181.463
179.94
178.148
106.66
116.225
125.661
134.645
142.913
150.242
156.447
161.399
165.04
167.394
168.64
169.046
113.372
120.429
127.25
133.685
139.604
144.907
149.525
153.418
156.567
158.974
160.706
161.85
111.041
116.868
122.593
128.106
133.305
138.102
142.429
146.235
149.485
152.16
154.272
155.838
111.435
116.459
121.366
126.081
130.531
134.661
138.428
141.798
144.758
147.299
149.403
151.071
111.109
115.615
120.006
124.218
128.197
131.901
135.308
138.381
141.125
143.53
145.58
147.308
110.905
115.052
119.077
122.917
126.528
129.895
133.026
135.85
138.387
140.615
142.549
144.251
110.956
114.779
118.523
122.097
125.455
128.59
131.475
133.999
136.238
138.234
140.002
141.668
111.341
114.781
118.235
121.539
124.671
127.69
130.447
132.398
134.389
136.264
137.884
139.42
93.443
93.8
94.0259
94.1643
94.2229
94.2157
94.1623
94.0837
93.997
93.9276
93.9284
94.3668
94.0961
94.2853
94.3894
94.4742
94.5466
94.6104
94.6701
94.7291
94.7987
94.935
95.233
95.7408
94.6587
94.7976
94.8926
94.9894
95.0856
95.1759
95.2588
95.3372
95.4325
95.6167
96.0382
96.7262
95.2726
95.4443
95.5758
95.6966
95.8045
95.8979
95.9797
96.0596
96.1681
96.375
96.8166
97.516
95.8236
95.9632
96.086
96.1981
96.2987
96.3887
96.473
96.5634
96.6932
96.9279
97.3824
98.0716
96.1699
96.3231
96.4365
96.541
96.6338
96.7191
96.8052
96.9061
97.0569
97.3191
97.7902
98.4824
96.6001
96.6509
96.7452
96.8378
96.9164
96.9866
97.0664
97.1651
97.326
97.6042
98.0833
98.7739
96.895
96.9029
96.9919
97.084
97.1479
97.1915
97.2534
97.3288
97.5043
97.8293
98.3696
99.13
97.2654
97.1591
97.2422
97.3572
97.4129
97.3821
97.4667
97.4605
97.5943
97.8903
98.3994
99.1383
97.105
96.8313
97.1178
97.4778
97.5645
97.3922
97.3689
97.1584
97.3978
98.0345
98.9763
100.278
95.8006
96.6806
97.8709
98.9236
99.9421
100.905
101.831
102.762
103.742
104.794
105.907
107.09
96.6067
96.9692
97.6114
98.2836
99.1382
100.091
101.11
102.157
103.214
104.272
105.337
106.473
97.61
98.1107
98.7071
99.2765
99.9591
100.697
101.502
102.357
103.249
104.161
105.087
106.102
98.3513
98.9117
99.4875
100.042
100.662
101.3
101.973
102.676
103.414
104.178
104.974
105.872
98.8743
99.4407
99.9719
100.497
101.071
101.656
102.269
102.901
103.558
104.232
104.927
105.742
99.2893
99.8739
100.387
100.894
101.431
101.975
102.539
103.116
103.711
104.317
104.933
105.62
99.5927
100.213
100.742
101.258
101.778
102.294
102.816
103.344
103.883
104.428
104.977
105.587
100.022
100.659
101.152
101.636
102.121
102.596
103.077
103.561
104.052
104.545
105.038
105.553
100.007
100.681
101.275
101.898
102.384
102.844
103.296
103.748
104.201
104.652
105.097
105.578
101.582
101.963
102.073
102.48
102.758
103.102
103.499
103.923
104.356
104.787
105.203
105.642
-406.881
-371.526
-329.536
-293.658
-255.033
-212.113
-169.028
-129.044
-94.059
-65.0144
-41.854
-22.8305
-215.635
-214.192
-210.282
-204.78
-195.9
-182.191
-163.473
-140.221
-113.923
-86.9559
-61.719
-38.7294
-182.28
-182.322
-181.426
-177.785
-170.803
-160.646
-147.287
-130.698
-111.28
-89.99
-68.2806
-46.3269
-145.649
-145.687
-145.53
-144.644
-142.304
-137.757
-130.282
-119.362
-105.024
-87.9546
-69.5174
-49.6354
-122.674
-122.822
-122.938
-122.642
-121.358
-118.53
-113.644
-106.182
-95.789
-82.5169
-67.2702
-49.6873
-101.661
-101.79
-101.928
-101.89
-101.345
-99.8262
-96.8255
-91.822
-84.4007
-74.3648
-62.2055
-47.5865
-84.6036
-84.7387
-84.9177
-84.9908
-84.7277
-83.7969
-81.81
-78.3194
-72.8935
-65.2432
-55.569
-43.6743
-69.8095
-69.934
-70.1131
-70.2461
-70.178
-69.6568
-68.3665
-65.9374
-61.955
-56.0822
-48.3282
-38.4294
-57.0946
-57.2098
-57.3852
-57.5412
-57.5673
-57.276
-56.4158
-54.6937
-51.7504
-47.2293
-41.0296
-32.9102
-45.9842
-46.0891
-46.2549
-46.4199
-46.5036
-46.3631
-45.7935
-44.5571
-42.3618
-38.8749
-33.9413
-27.3092
-36.2252
-36.3205
-36.4755
-36.6398
-36.7541
-36.7093
-36.3376
-35.4431
-33.7891
-31.0879
-27.1674
-21.7694
-27.5853
-27.6711
-27.8154
-27.9746
-28.1041
-28.1204
-27.8854
-27.2342
-25.9706
-23.8495
-20.6836
-16.2451
-19.889
-19.9659
-20.0999
-20.2514
-20.3866
-20.4411
-20.3004
-19.8234
-18.8444
-17.1529
-14.5505
-10.8301
-12.9892
-13.058
-13.1825
-13.3255
-13.4611
-13.5395
-13.4655
-13.1169
-12.3525
-10.9903
-8.83384
-5.71508
-6.77092
-6.83244
-6.94792
-7.08227
-7.21558
-7.30932
-7.28426
-7.03458
-6.43973
-5.34555
-3.57017
-0.97289
-1.13731
-1.1939
-1.30042
-1.42596
-1.55526
-1.65799
-1.66781
-1.49254
-1.02761
-0.142547
1.32396
3.60045
3.98598
3.93292
3.83532
3.71863
3.59451
3.48701
3.45143
3.56734
3.92435
4.62998
5.80454
7.4841
8.66351
8.61408
8.5249
8.41677
8.29892
8.1906
8.13824
8.21141
8.48886
9.06097
10.0346
11.6066
12.9549
12.9089
12.8273
12.7273
12.6163
12.5101
12.4483
12.4927
12.7156
13.2022
14.0547
15.4169
16.9062
16.8633
16.7883
16.6956
16.591
16.4876
16.4189
16.4392
16.6136
17.0173
17.7388
18.8435
20.5563
20.5164
20.4474
20.3613
20.2627
20.1623
20.0886
20.089
20.221
20.5502
21.1566
22.0713
23.9395
23.9033
23.8399
23.76
23.6673
23.5708
23.4944
23.48
23.5788
23.8486
24.3615
25.1213
27.0876
27.0554
26.9969
26.9225
26.8355
26.7432
26.6661
26.6411
26.7147
26.9384
27.3772
28.0273
30.0262
29.9977
29.9434
29.8742
29.7926
29.7047
29.6285
29.5965
29.6515
29.8412
30.2287
30.8046
32.777
32.751
32.7007
32.6361
32.5594
32.4759
32.4009
32.3633
32.4018
32.56
32.8943
33.3663
35.3574
35.3331
35.2865
35.2261
35.1542
35.075
35.0019
34.9609
34.9875
35.1215
35.4157
35.8593
37.783
37.76
37.717
37.6607
37.5932
37.5183
37.4478
37.4046
37.4219
37.5373
37.8008
38.1697
40.0689
40.0472
40.0073
39.9546
39.8911
39.8201
39.7518
39.707
39.7155
39.812
40.0425
40.3778
42.2272
42.2069
42.1699
42.1206
42.0609
41.9936
41.9277
41.8815
41.8824
41.9626
42.1657
42.4577
44.2711
44.252
44.2176
44.1712
44.1148
44.0506
43.9864
43.9385
43.931
43.9925
44.1615
44.3891
46.2099
46.1921
46.1601
46.1166
46.0634
46.0025
45.9407
45.8926
45.8806
45.9294
46.0751
46.3647
48.0541
48.0377
48.0079
47.9671
47.917
47.8593
47.7999
47.7516
47.7354
47.7754
47.8937
47.9938
49.8107
49.7959
49.7681
49.7297
49.6823
49.627
49.569
49.519
49.4946
49.5163
49.6096
49.6405
51.4905
51.4772
51.4514
51.4156
51.3712
51.3194
51.265
51.2183
51.1966
51.2201
51.3256
51.5798
53.0988
53.0869
53.0629
53.0292
52.9872
52.938
52.8856
52.8387
52.8124
52.8255
52.8918
52.7933
54.6416
54.6308
54.6085
54.5769
54.5374
54.4909
54.4408
54.3949
54.3662
54.3701
54.4368
54.5713
56.126
56.1159
56.0951
56.0655
56.0285
55.9847
55.9374
55.8935
55.8652
55.8665
55.9121
55.891
57.5567
57.547
57.5276
57.5
57.4653
57.4244
57.3802
57.3395
57.314
57.3172
57.3709
57.4558
58.9357
58.9266
58.9085
58.8827
58.8504
58.8123
58.7711
58.7332
58.7096
58.7156
58.776
58.7803
60.2668
60.2581
60.2411
60.2169
60.1864
60.1505
60.1115
60.0751
60.051
60.0519
60.1028
60.1413
61.5539
61.5455
61.5296
61.5068
61.4782
61.4446
61.4083
61.3748
61.3538
61.3587
61.4153
61.5065
62.7984
62.7905
62.7756
62.7541
62.7272
62.6953
62.6607
62.628
62.6056
62.604
62.6392
62.6606
64.0037
63.9963
63.9823
63.9619
63.9365
63.9064
63.8734
63.8421
63.8206
63.8189
63.8498
63.9124
65.1734
65.1664
65.1532
65.1341
65.1101
65.0816
65.0504
65.0207
65.0002
65.0005
65.0371
65.0517
66.3095
66.3028
66.2903
66.2721
66.2491
66.2216
66.1912
66.1613
66.1379
66.1282
66.1414
66.127
67.4135
67.4073
67.3956
67.3785
67.3569
67.3311
67.3022
67.2736
67.2512
67.2432
67.2566
67.1897
68.4896
68.4837
68.4727
68.4566
68.4363
68.4119
68.3848
68.3577
68.3359
68.3275
68.3488
68.2751
69.5392
69.5337
69.5234
69.5083
69.4895
69.4671
69.4426
69.4194
69.4035
69.4024
69.4392
69.5691
70.562
70.5568
70.5472
70.5331
70.5154
70.4944
70.4714
70.4494
70.4341
70.4343
70.4586
70.3638
71.5593
71.5544
71.5453
71.5319
71.5149
71.4947
71.4723
71.4501
71.4323
71.4248
71.4454
71.4353
72.5336
72.529
72.5204
72.5078
72.4919
72.4731
72.4525
72.4329
72.4191
72.4175
72.4473
72.562
73.4865
73.4822
73.4741
73.4622
73.4472
73.4295
73.4103
73.392
73.3798
73.3813
73.4033
73.368
74.4173
74.4131
74.4053
74.3938
74.3792
74.3616
74.3416
74.3211
74.3028
74.291
74.2935
74.2261
75.3297
75.3258
75.3185
75.3077
75.2939
75.2775
75.2592
75.2414
75.2286
75.2264
75.2521
75.4647
76.2253
76.2216
76.2146
76.2042
76.1908
76.1745
76.1556
76.1351
76.115
76.0976
76.0713
75.8162
77.1043
77.1009
77.0943
77.0844
77.0715
77.0555
77.0365
77.0149
76.9909
76.9627
76.936
76.9246
77.9732
77.97
77.964
77.9553
77.9441
77.9308
77.9162
77.9023
77.8933
77.896
77.9311
78.0739
78.8285
78.8255
78.8199
78.8118
78.8015
78.7892
78.7757
78.7624
78.7517
78.7473
78.7487
78.5884
79.6677
79.6649
79.6598
79.6522
79.6426
79.6311
79.6186
79.6064
79.5972
79.5939
79.6122
79.7447
80.4944
80.4917
80.4868
80.4796
80.4706
80.4599
80.4483
80.4373
80.4302
80.4317
80.4448
80.3661
81.3078
81.3052
81.3006
81.2937
81.285
81.2745
81.263
81.2513
81.2414
81.2363
81.2446
81.2199
82.1084
82.106
82.1017
82.0952
82.087
82.077
82.0658
82.0544
82.0444
82.0382
82.0461
82.0517
82.8988
82.8966
82.8925
82.8863
82.8785
82.869
82.8582
82.8468
82.8361
82.8264
82.8192
82.7872
83.68
83.6778
83.674
83.6683
83.661
83.6522
83.6423
83.6322
83.6235
83.6181
83.619
83.6109
84.452
84.45
84.4465
84.4412
84.4346
84.4267
84.418
84.4095
84.4028
84.4007
84.4089
84.3853
85.2139
85.212
85.2088
85.204
85.198
85.1909
85.1829
85.1749
85.1675
85.1611
85.1579
85.103
85.9673
85.9656
85.9627
85.9585
85.9533
85.9474
85.9415
85.9367
85.9348
85.9374
85.9526
86.0051
86.7121
86.7105
86.7077
86.7039
86.6996
86.695
86.6911
86.6893
86.6918
86.7014
86.7188
86.6736
87.4425
87.441
87.4387
87.4355
87.4321
87.4291
87.4275
87.4288
87.4351
87.449
87.4773
87.4685
88.1618
88.1605
88.1585
88.156
88.1538
88.1526
88.1537
88.1584
88.1685
88.1843
88.2098
88.1811
88.8534
88.8521
88.8504
88.849
88.8494
88.8529
88.8611
88.8759
88.8989
88.9299
88.9709
88.9925
89.5475
89.547
89.547
89.5485
89.5533
89.5634
89.5808
89.6072
89.6429
89.6854
89.7311
89.6882
90.099
90.0947
90.0965
90.1065
90.129
90.1654
90.2166
90.2814
90.3559
90.4317
90.5001
90.4784
90.8332
90.8474
90.8627
90.8966
90.9477
91.0144
91.094
91.1813
91.2684
91.3445
91.4047
91.3822
90.3592
90.2429
90.4425
90.6919
90.939
91.1756
91.4021
91.6145
91.8077
91.9766
92.1224
92.1765
418.913
401.31
379.148
355.145
329.709
303.541
278.202
255.235
235.659
219.684
207.078
197.711
260.791
261.994
262.708
261.77
259.321
255.184
249.153
241.217
231.725
221.331
210.972
201.865
227.327
229.003
230.017
230.586
230.686
230.049
228.422
225.579
221.35
215.685
208.896
201.963
235.757
235.73
234.559
233.058
231.145
228.719
225.706
222.055
217.719
212.632
206.849
200.988
226.663
226.432
225.718
224.858
223.65
222.01
219.843
217.059
213.578
209.345
204.391
199.228
214.58
214.494
214.295
214.015
213.525
212.766
211.635
210.013
207.771
204.787
200.995
196.765
207.487
207.416
207.285
207.054
206.679
206.116
205.294
204.121
202.489
200.274
197.353
193.902
202.301
202.23
202.104
201.882
201.545
201.057
200.361
199.39
198.06
196.272
193.903
190.995
197.3
197.247
197.156
196.988
196.735
196.362
195.824
195.061
194
192.553
190.61
188.126
192.765
192.728
192.663
192.539
192.35
192.068
191.655
191.063
190.231
189.08
187.524
185.601
188.842
188.814
188.762
188.662
188.51
188.28
187.945
187.464
186.785
185.842
184.538
182.848
185.357
185.336
185.294
185.21
185.081
184.888
184.606
184.202
183.629
182.83
181.717
180.202
182.177
182.165
182.131
182.061
181.953
181.791
181.553
181.211
180.725
180.043
179.098
177.812
179.272
179.266
179.238
179.179
179.088
178.95
178.748
178.457
178.041
177.455
176.636
175.509
176.612
176.609
176.584
176.535
176.457
176.338
176.164
175.912
175.553
175.046
174.334
173.336
174.158
174.157
174.135
174.093
174.025
173.923
173.772
173.553
173.241
172.802
172.186
171.308
171.88
171.879
171.86
171.824
171.765
171.675
171.543
171.353
171.08
170.695
170.157
169.376
169.753
169.751
169.735
169.704
169.653
169.574
169.458
169.291
169.053
168.717
168.255
167.603
167.756
167.755
167.742
167.714
167.669
167.599
167.497
167.348
167.136
166.836
166.417
165.825
165.873
165.873
165.862
165.839
165.798
165.736
165.644
165.511
165.32
165.049
164.668
164.125
164.094
164.094
164.086
164.066
164.03
163.974
163.892
163.772
163.6
163.357
163.02
162.547
162.407
162.409
162.403
162.386
162.353
162.303
162.229
162.121
161.966
161.746
161.433
161.027
160.805
160.807
160.802
160.787
160.758
160.714
160.647
160.55
160.412
160.217
159.938
159.581
159.277
159.28
159.276
159.262
159.236
159.196
159.135
159.048
158.922
158.746
158.491
158.12
157.816
157.818
157.815
157.803
157.779
157.742
157.686
157.605
157.49
157.327
157.095
156.737
156.415
156.416
156.413
156.402
156.38
156.346
156.295
156.22
156.112
155.961
155.749
155.411
155.069
155.07
155.067
155.057
155.037
155.005
154.957
154.888
154.789
154.647
154.451
154.134
153.771
153.772
153.77
153.761
153.743
153.714
153.67
153.606
153.514
153.382
153.201
152.911
152.524
152.524
152.521
152.513
152.496
152.469
152.429
152.37
152.286
152.168
152.005
151.747
151.312
151.313
151.311
151.304
151.289
151.265
151.228
151.174
151.097
150.988
150.839
150.578
150.139
150.14
150.139
150.133
150.119
150.097
150.063
150.013
149.941
149.839
149.701
149.449
149.004
149.005
149.003
148.998
148.985
148.964
148.932
148.885
148.817
148.721
148.592
148.352
147.897
147.898
147.897
147.893
147.882
147.862
147.833
147.789
147.727
147.638
147.521
147.303
146.819
146.82
146.82
146.817
146.807
146.789
146.762
146.722
146.666
146.585
146.482
146.291
145.768
145.77
145.77
145.768
145.759
145.743
145.717
145.68
145.627
145.551
145.455
145.271
144.745
144.746
144.746
144.744
144.735
144.72
144.695
144.66
144.609
144.536
144.442
144.265
143.742
143.743
143.743
143.741
143.733
143.718
143.695
143.661
143.612
143.541
143.449
143.281
142.757
142.759
142.76
142.758
142.751
142.738
142.716
142.684
142.638
142.571
142.482
142.319
141.799
141.8
141.8
141.799
141.792
141.779
141.759
141.729
141.687
141.626
141.547
141.392
140.856
140.857
140.857
140.856
140.85
140.838
140.82
140.792
140.754
140.699
140.631
140.508
139.928
139.929
139.929
139.928
139.923
139.912
139.895
139.869
139.833
139.781
139.716
139.578
139.017
139.018
139.018
139.016
139.011
139
138.984
138.959
138.923
138.871
138.805
138.666
138.116
138.117
138.117
138.116
138.111
138.101
138.085
138.063
138.03
137.983
137.925
137.811
137.226
137.227
137.227
137.226
137.222
137.213
137.2
137.179
137.15
137.109
137.059
136.952
136.343
136.345
136.345
136.345
136.342
136.335
136.322
136.304
136.277
136.24
136.196
136.097
135.474
135.475
135.475
135.474
135.472
135.465
135.453
135.435
135.41
135.373
135.331
135.226
134.609
134.609
134.61
134.609
134.607
134.601
134.589
134.572
134.548
134.513
134.473
134.37
133.748
133.749
133.749
133.75
133.748
133.743
133.732
133.716
133.694
133.661
133.625
133.528
132.896
132.897
132.897
132.897
132.896
132.89
132.881
132.866
132.846
132.815
132.784
132.69
132.045
132.046
132.047
132.047
132.046
132.042
132.033
132.019
132.001
131.973
131.946
131.855
131.197
131.198
131.198
131.199
131.199
131.195
131.187
131.175
131.159
131.134
131.112
131.027
130.35
130.351
130.352
130.353
130.352
130.349
130.342
130.332
130.317
130.295
130.278
130.198
129.503
129.504
129.505
129.506
129.506
129.503
129.497
129.488
129.476
129.457
129.445
129.375
128.654
128.655
128.656
128.657
128.657
128.655
128.65
128.643
128.633
128.618
128.61
128.55
127.8
127.801
127.802
127.804
127.804
127.803
127.799
127.794
127.786
127.775
127.772
127.722
126.944
126.944
126.945
126.946
126.946
126.946
126.943
126.939
126.934
126.926
126.928
126.888
126.077
126.077
126.078
126.079
126.08
126.08
126.078
126.076
126.073
126.069
126.076
126.045
125.199
125.199
125.2
125.202
125.203
125.204
125.204
125.203
125.203
125.202
125.213
125.195
124.313
124.313
124.313
124.314
124.315
124.317
124.317
124.318
124.321
124.324
124.34
124.335
123.405
123.406
123.407
123.408
123.411
123.414
123.416
123.419
123.426
123.433
123.456
123.465
122.483
122.483
122.484
122.486
122.489
122.494
122.498
122.504
122.514
122.528
122.556
122.581
121.543
121.543
121.544
121.545
121.549
121.554
121.561
121.57
121.585
121.606
121.643
121.673
120.574
120.575
120.575
120.578
120.583
120.59
120.6
120.613
120.635
120.666
120.72
120.762
119.574
119.575
119.576
119.579
119.585
119.595
119.609
119.628
119.658
119.701
119.774
119.867
118.537
118.537
118.539
118.543
118.551
118.563
118.581
118.607
118.646
118.704
118.797
118.918
117.456
117.457
117.458
117.462
117.471
117.487
117.509
117.542
117.591
117.662
117.771
117.93
116.317
116.317
116.319
116.324
116.336
116.356
116.384
116.426
116.489
116.577
116.706
116.932
115.105
115.106
115.109
115.117
115.132
115.158
115.196
115.252
115.333
115.449
115.602
115.907
113.814
113.815
113.818
113.828
113.848
113.882
113.933
114.007
114.116
114.271
114.467
114.832
112.41
112.412
112.417
112.43
112.458
112.504
112.574
112.676
112.822
113.029
113.287
113.701
110.852
110.854
110.862
110.882
110.922
110.989
111.089
111.234
111.435
111.712
112.056
112.553
109.101
109.105
109.117
109.148
109.209
109.308
109.456
109.665
109.948
110.323
110.777
111.395
106.987
106.995
107.022
107.08
107.189
107.361
107.606
107.935
108.353
108.873
109.474
110.224
104.517
104.535
104.581
104.704
104.909
105.207
105.605
106.104
106.703
107.402
108.178
109.056
100.6
100.539
100.825
101.237
101.788
102.477
103.274
104.138
105.047
105.997
106.977
108.049
67.7439
71.1722
80.2776
170.269
75.7999
120.105
106.969
103.386
107.012
174.302
104.859
154.68
49.9787
112.182
53.1731
109.904
38.2374
107.207
125.508
105.501
123.977
120.787
125.005
147.967
129.952
110.359
120.302
105.4
84.7882
111.758
32.3709
127.732
112.674
106.522
85.0259
120.191
97.2699
58.4664
111.564
107.756
96.7493
84.8888
97.8155
144.626
105.212
116.505
140.864
110.299
126.757
104.421
92.2253
113.925
108.473
152.525
149.231
85.1648
109.881
93.7356
111.062
100.553
151.551
53.8852
90.2365
78.5506
107.599
141.364
71.0376
109.039
138.142
101.496
145.31
97.6144
41.9363
86.6099
151.09
98.5254
106.273
110.484
110.727
71.7722
74.1558
123.666
108.764
99.2476
100.354
120.759
85.1902
63.7527
83.0349
75.9223
109.735
52.5831
146.88
114.214
102.175
101.683
99.624
105.844
160.796
108.11
108.144
135.223
96.4683
0.915913
101.42
106.618
18.2128
110.274
102.43
65.5414
101.782
111.029
171.059
68.2578
65.8056
74.8878
50.7612
119.905
102.877
99.6003
96.099
86.4693
105.421
96.3031
120.539
46.9277
108.761
94.0678
135.824
116.59
109.658
94.1058
95.3818
74.107
110.018
111.786
109.293
104.308
68.8296
105.819
109.165
131.599
93.4629
29.2031
41.3982
109.637
164.684
123.33
151.089
80.8382
116.28
87.747
23.8455
97.5897
136.095
81.8705
75.7483
120.083
127.805
117.31
111.255
32.5887
107.436
128.192
27.6235
99.8272
83.5018
144.945
27.9355
109.857
187.565
104.732
102.414
106.774
157.108
163.441
79.1117
53.9221
157.769
114.171
95.7927
88.4959
112.411
96.0006
113.174
129.52
104.987
135.475
167.402
99.6016
102.354
108.811
133.019
148.842
106.521
136.886
103.212
115.513
36.4042
126.058
106.536
108.297
99.8471
118.985
20.8797
66.2365
126.975
100.555
117.729
96.0772
100.938
59.7797
104.828
66.041
115.669
104.822
147.522
171.512
27.0562
95.575
118.751
114.464
107.294
126.27
127.644
70.033
158.629
103.813
119.647
107.297
114.697
80.8475
86.991
110.728
71.2584
-22.3863
150.924
155.127
114.132
108.328
72.8767
84.876
113.271
135.019
96.5824
95.8888
91.7506
98.9133
92.6321
109.172
98.6157
119.466
98.8774
101.44
151.241
111.864
108.186
80.5346
108.447
90.9953
107.564
107.505
118.858
112.867
43.9654
94.9939
171.988
110.17
192.076
117.993
158.611
85.2923
48.6055
25.2533
151.311
101.444
105.608
101.224
111.185
51.8126
108.385
131.168
164.251
46.5972
108.619
119.298
84.4047
63.6585
163.86
83.7427
118.492
98.5424
103.998
54.7889
54.6411
132.54
91.1087
93.9836
161.981
89.2401
69.4624
104.759
137.568
116.577
45.4124
45.3907
166.551
133.551
112.168
94.1305
51.1542
162.464
112.031
71.7942
108.485
101.066
104.019
148.787
90.9047
108.501
136.719
83.4611
133.712
103.715
149.365
108.371
107.48
107.452
105.125
115.521
120.641
-6.45416
109.286
111.237
102.564
107.503
101.985
93.4496
83.3028
161.415
102.645
113.476
121.768
106.949
117.746
90.2075
118.973
126.938
133.85
87.7433
109.076
94.7858
106.855
149.075
101.608
94.4915
123.716
111.637
94.628
102.856
193.891
105.982
179.413
141.672
84.8996
110.514
109.11
83.1349
125.409
115.558
12.8551
74.7642
43.2272
105.122
145.472
94.922
134.39
95.1003
35.7445
127.406
8.98215
172.303
151.58
124.524
21.1717
97.7799
158.055
79.2783
124.408
111.777
146.627
98.8725
131.234
93.2173
51.6819
137.228
99.8124
84.4157
92.6031
110.438
102.333
102.45
107.467
125.234
110.401
120.381
62.3781
151.569
112.85
93.3823
111.515
64.3897
102.783
101.273
69.6994
190.028
153.958
86.8598
103.065
126.048
92.8021
108.472
-2.09951
102.332
142.238
102.686
109.436
85.9068
103.005
119.648
50.079
110.434
107.488
61.6299
108.363
148.07
1.85199
79.0554
103.797
114.383
122.63
111.548
96.0933
92.1197
74.8527
97.6518
-13.2741
118.772
95.6694
94.8538
117.166
105.677
86.5995
32.4074
49.1909
109.362
121.813
136.489
109.366
97.3987
157.114
163.655
126.899
123.584
93.2655
107.917
122.841
96.51
111.195
112.914
77.796
122.289
162.014
166.861
143.01
110.841
124.567
70.1217
17.4898
89.5685
91.9105
108.922
110.697
106.37
114.715
123.933
99.3201
114.931
178.401
99.3309
114
104.038
134.755
32.2869
94.3155
96.5652
109.811
108.746
103.726
77.6236
105.942
135.588
100.044
94.1973
107.011
102.044
37.0466
110.968
108.053
83.5494
131.934
98.6
122.193
139.694
93.7321
98.5975
109.852
71.5689
135.939
101.997
117.57
155.779
106.23
101.579
112.658
106.117
158.318
97.808
92.3543
114.54
101.623
127.762
101.046
109.912
42.613
49.3546
119.405
101.878
104.084
113.92
69.7903
86.808
143.82
117.887
149.97
96.1742
80.3356
141.145
111.876
98.5749
103.356
92.106
108.001
118.057
98.7069
101.426
113.024
178.211
100.135
98.4834
68.0038
109.09
89.7875
41.9423
105.816
32.0647
117.108
107.298
130.27
62.4348
110.024
71.8697
77.3693
106.503
111.181
10.3207
102.22
125.073
107.463
145.647
92.7706
151.268
101.425
103.213
121.953
101.388
110.093
106.834
100.71
97.9716
107.269
176.655
103.061
101.34
90.9475
66.8696
74.0158
110.53
109.532
109.227
95.7744
-1.72554
99.4157
135.068
101.663
88.8675
47.1304
108.678
121.832
48.4527
97.9278
16.7795
109.718
37.0105
88.1192
149.167
110.129
80.5483
132.101
101.663
106.588
96.5274
87.1953
111.445
101.971
110.314
78.2501
88.4993
123.357
135.448
102.104
103.286
136.279
-12.6519
115.515
80.9899
152.156
107.213
132.337
131.094
121.85
124.542
110.414
105.529
110.644
119.089
142.119
92.8457
147.085
104.722
99.6445
63.207
158.493
107.823
92.4115
101.937
75.6073
117.652
101.392
120.208
111.524
111.483
101.176
93.9376
100.741
179.338
159.763
103.009
65.9407
63.0808
168.468
125.152
41.4157
103.298
67.5355
141.663
110.474
103.778
148.201
83.5345
145.245
106.811
142.878
100.015
90.7674
80.7017
100.888
108.152
78.6293
103.931
109.646
114.964
111.007
69.7782
100.268
99.7302
88.8366
25.3913
104.296
104
85.0856
110.097
103.068
111.042
132.806
92.446
80.4663
185.956
91.4612
60.2976
118.57
105.708
104.584
126.928
131.032
114.941
50.4126
159.745
107.73
144.163
100.972
105.546
110.097
111.782
172.675
68.0882
42.3697
155.242
131.107
93.7493
110.853
34.5025
83.5933
95.1976
154.198
161.452
122.715
144.547
107.546
45.0944
61.3871
102.037
64.665
108.897
97.9018
114.662
155.66
129.5
137.805
90.5296
67.6509
100.869
85.2731
105.846
113.473
108.394
107.67
60.8748
107.55
150.501
159.509
144.832
95.7475
95.9788
104.429
58.427
168.804
109.285
128.485
96.5685
145.101
133.473
148.917
94.3621
85.858
113.788
93.9771
79.4481
111.267
104.304
132.299
87.9955
-12.7546
117.527
118.072
112.979
144.15
107.102
95.9735
95.3233
124.95
109.745
108.599
55.7742
90.4853
101.621
185.092
99.5535
80.2807
140.908
164.893
131.398
109.563
104.456
98.9878
146.944
125.461
47.0357
93.5742
55.9313
54.1281
33.8514
102.193
105.482
121.806
105.741
137.377
147.65
109.763
99.2223
117.214
166.573
83.1834
113.888
104.486
113.608
130.373
113.64
53.1581
83.8835
59.6326
91.0435
70.2239
3.1048
95.4103
69.3486
101.824
67.0061
85.7218
38.557
170.308
29.3665
93.1614
94.7059
87.0374
109.022
108.994
31.1196
114.809
101.651
110.216
152.509
137.233
116.925
113.467
85.055
103.871
137.48
91.7512
132.606
133.042
132.054
7.14372
107.532
133.498
7.02541
155.635
107.177
121.104
107.513
104.54
147.57
143.631
101.906
108.032
146.791
104.05
109.089
128.536
148.374
122.775
128.116
137.824
93.6342
59.4443
175.417
91.4348
96.895
112.112
68.5438
80.7717
82.5791
108.367
119.354
123.744
118.975
120.126
93.1577
107.525
142.769
123.915
82.8075
100.763
176.321
101.97
96.7189
47.3276
116.295
103.428
183.457
107.128
35.8533
88.2097
153.91
69.7522
167.046
64.9665
92.1476
96.73
96.1631
158.397
107.558
179.737
35.6777
132.486
36.7704
82.3919
102.648
108.658
61.7443
79.6338
134.81
99.8029
103.63
55.3445
84.7734
88.5623
145.306
158.916
107.586
43.0743
91.2948
145.265
115.772
140.569
74.8716
128.123
48.8224
143.55
93.5511
166.809
92.2681
111.088
108.364
109.959
111.131
98.5292
41.7421
111.625
114.274
100.972
111.247
75.0904
55.2965
76.7058
122.374
102.197
132.73
122.678
56.2553
69.6268
26.4327
135.632
72.4241
71.397
23.7246
100.111
100.717
91.8721
100.472
101.804
141.148
128.044
112.016
58.683
90.8628
49.6579
45.7211
68.4187
154.943
39.0822
103.841
14.2141
105.03
155.31
127.207
139.053
70.1888
132.643
101.288
132.739
126.906
125.266
131.795
108.772
109.187
148.794
153.807
100.803
94.9937
111.135
91.64
112.219
97.2253
108.887
91.2841
107.608
106.758
91.3962
99.6518
189.723
106.43
110.066
94.5808
136.096
92.3726
112.902
100.58
82.6462
110.201
128.881
39.7768
113.382
110.682
114.648
106.66
87.5557
112.582
106.895
106.979
90.4383
162.58
78.6647
104.252
93.8212
114.436
110.129
129.121
114.736
110.13
114.975
110.724
53.2777
89.1756
110.301
115.511
104.108
113.321
101.454
108.584
100.842
-22.3265
112.395
163.343
130.37
122.927
73.1818
104.979
61.6324
103.031
74.7167
110.2
59.6724
123.862
98.8929
112.083
104.869
107.597
125.36
96.65
114.117
138.216
106.701
44.0646
107.274
97.6631
152.953
116.393
107.471
92.025
121.214
86.4713
70.3866
28.3918
146.403
143.224
116.929
90.9908
156.06
109.143
99.3739
114.962
58.3033
87.3621
133.721
110.131
121.723
111.341
122.904
112.294
84.5171
44.7481
107.507
62.2555
114.1
98.1958
102.192
142.196
79.3858
108.049
108.927
33.0143
99.5705
114.137
82.1648
112.994
134.522
101.903
136.382
103.036
117.317
101.777
187.157
95.8073
140.593
105.753
156.419
100.707
147.492
114.31
100.789
123.709
115.894
109.09
95.925
133.573
102.464
108.646
107.055
103.298
116.455
95.8922
91.2994
96.4406
48.2863
139.36
39.1867
121.712
116.756
112.769
107.207
101.081
100.403
89.4495
111.231
153.755
44.4101
134.435
92.0529
79.7246
154.737
97.2974
93.9004
148.513
62.6769
108.522
167.395
92.9729
102.772
79.6922
96.7996
106.911
93.1505
112.466
137.022
108.818
107.85
96.2984
32.5472
126.873
101.171
110.018
111.9
73.5034
134.944
157.83
104.217
106.448
95.9555
115.657
125.033
123.284
105.046
85.3668
110.936
37.957
99.7811
158.966
89.9557
129.422
116.659
120.508
109.912
75.233
145.554
98.4697
102.901
61.534
101.43
180.672
88.4108
102.511
109.369
127.877
114.641
103.162
99.9677
93.3887
99.1812
89.6669
105.581
99.3764
97.467
102.282
79.1708
96.6694
134.41
106.997
151.204
100.854
95.0641
93.7104
111.143
86.4024
103.5
103.995
107.504
97.6829
63.3661
93.875
60.8704
107.518
123.15
75.5535
142.338
110.437
99.1755
94.6856
159.386
101.072
120.062
104.792
175.368
111.874
109.116
140.31
66.9756
106.497
116.389
97.8152
22.5176
154.978
102.877
109.321
102.846
67.6723
115.721
125.469
97.68
115.506
124.295
79.1723
113.033
93.5306
104.034
108.308
122.018
100.487
90.4356
108.705
114.626
97.972
91.5947
123.265
89.7399
89.7949
165.679
108.181
62.4429
82.8045
94.3263
108.53
101.806
50.9173
110.093
149.72
83.4757
101.005
116.848
142.579
97.1225
138.624
186.997
69.6194
97.0331
113.454
130.658
102.755
137.212
92.2899
111.026
103.732
109.17
88.5227
110.816
109.802
161.413
97.9974
128.58
114.591
107.263
109.56
125.583
86.7541
92.572
118.307
100.023
64.685
-24.2235
0.234608
157.483
90.7855
142.96
116.653
134.205
103.346
61.7241
115.53
116.85
86.9659
133.292
73.8327
114.189
111.664
30.6491
111.134
98.6525
95.0518
94.1014
43.946
114.996
132.072
-17.2937
109.73
82.3715
107.361
74.2022
50.6814
113.838
108.982
133.711
103.921
98.5982
104.337
104.775
80.865
99.4857
103.77
117.789
99.1581
96.4401
96.341
108.01
106.89
146.454
108.481
105.273
131.615
119.598
116.455
108.722
126.284
68.5359
100.765
80.8023
106.609
101.372
151.823
102.102
95.9341
155.16
90.0828
38.6182
105.95
80.6329
98.7552
115.199
78.9174
108.719
87.6512
107.752
93.4312
107.312
116.136
152.422
59.7724
112.219
101.66
105.903
111.936
102.43
138.974
79.3486
105.031
135.589
100.717
161.7
108.577
76.0764
118.841
88.557
56.0685
77.1357
127.758
164.178
135.001
89.617
121.097
65.2429
103.152
104.009
74.5608
109.792
133.862
148.22
109.311
138.04
67.235
59.0588
107.04
68.7676
107.797
105.895
96.4955
136.634
124.591
101.839
145.57
141.054
115.569
87.1837
75.3852
51.5948
86.9274
90.5362
139.777
101.312
141.511
94.8417
56.6575
148.216
107.424
93.4944
52.6988
100.796
137.603
98.172
89.5094
110.092
129.515
138.483
111.538
110.179
56.5385
107.411
103.155
95.6317
108.026
17.5969
157.478
115.758
58.3828
180.977
105.479
66.477
28.6414
81.8418
114.377
105.999
70.506
82.2444
110.511
75.9499
138.883
92.6468
115.89
108.76
100.646
125.427
108.571
109.972
131.355
141.483
169.499
138.305
193.017
77.5866
83.5216
104.557
161.928
108.294
93.6708
117.366
105.06
110.049
155.595
111.35
106.359
98.8031
109.776
89.0386
93.7837
135.234
138.906
85.848
139.089
152.819
67.8133
113.641
105.166
105.555
116.173
100.329
95.9729
105.177
104.262
110.042
100.43
94.0049
108.319
108.481
42.6798
78.312
63.2351
124.887
157.831
174.153
89.7828
139.449
155.34
118.672
99.0964
108.489
182.748
142.971
40.7454
98.6366
65.7595
98.6226
111.841
115.889
93.6159
156.787
85.951
109.931
124.723
108.605
158.339
120.498
110.186
101.858
139.219
90.8971
74.4466
98.5647
147.126
76.7086
110.517
106.245
105.114
107.491
131.142
102.696
85.7514
107.385
104.545
111.328
107.33
57.7533
107.668
113.403
131.902
93.7717
83.9605
161.367
136.901
100.824
108.042
84.9412
104.575
68.7075
108.163
108.376
64.7201
46.481
107.283
106.908
99.1021
130.252
119.804
124.066
92.8049
128.03
105.466
106.121
184.399
91.0617
109.522
105.894
105.087
142.835
105.094
151.298
72.1917
92.7825
153.305
110.294
166.147
98.3808
110.274
84.7182
139.744
33.7424
49.6193
90.919
70.1946
106.322
145.599
91.9164
180.431
104.805
119.81
84.401
106.841
113.055
88.9505
58.8516
114.344
90.61
108.814
71.4059
54.4702
35.404
52.4325
92.8205
145.956
55.7331
103.295
52.4204
141.984
5.77274
107.015
108.325
44.8747
90.6394
95.4844
109.1
72.0629
89.8199
62.6359
135.549
63.6255
120.39
105.941
98.9461
139.771
94.373
140.504
137.502
110.993
142.45
139.608
146.238
115.634
108.032
93.3699
-7.198
101.547
106.475
109.464
108.206
109.097
51.4843
94.9775
164.12
107.773
103.015
97.26
73.7112
140.825
115.452
98.1154
125.582
97.601
91.3604
61.4765
105.661
106.881
90.09
97.1717
101.206
99.5164
110.836
76.5397
137.909
107.553
102.59
102.768
103.368
35.5402
72.9122
119.708
93.0782
107.722
92.4942
87.3718
99.7985
141.355
100.941
120.041
118.668
136.609
185.002
155.804
106.729
101.372
124.061
58.9
106.165
112.914
100.71
106.201
104.269
86.6861
97.0504
64.5421
175.385
53.5145
56.0376
66.4933
106.816
61.921
149.332
109.019
145.216
106.899
110.051
113.115
134.91
99.9388
112.59
73.4551
100.698
152.546
133.646
106.957
86.9373
22.0335
82.5936
106.916
154.244
99.9495
146.669
23.3905
121.328
102.345
8.82029
122.608
82.8865
114.368
79.8901
104.678
68.749
105.165
90.7269
82.5687
90.915
114.427
101.524
110.864
113.892
119.962
41.3117
82.8641
139.488
121.233
110.407
124.149
133.571
109.493
56.5059
104.751
17.8328
165.387
94.4713
95.1081
126.124
73.2213
103.301
98.3881
77.7305
124.183
95.4251
36.0834
117.565
106.254
103.045
108.743
102.028
183.616
102.406
116.493
161.744
112.428
125.614
52.5329
113.079
147.489
100.383
139.499
76.9199
105.362
96.9154
16.0458
121.1
128.01
98.7374
34.7963
56.9802
32.6186
75.3111
54.8161
109.444
117.301
119.486
95.3682
41.8154
107.203
114.98
65.7332
0.164364
140.553
95.8752
97.256
83.3002
87.698
73.9024
123.244
128.363
72.3086
105.289
126.789
102.866
149.275
102.369
128.886
108.218
102.438
139.024
-18.6169
101.85
23.368
132.819
109.119
78.2165
105.486
111.576
107.397
106.356
112.001
107.596
39.4334
94.5354
81.4403
181.595
110.666
41.3874
86.2866
123.769
106.461
94.6165
108.755
127.065
167.338
154.638
109.464
165.466
60.4865
111.416
95.4895
104.186
164.962
106.369
105.438
109.521
111.733
106.881
144.095
42.7186
116.426
104.495
99.2489
115.665
107.131
34.2734
126.427
113.281
92.591
98.0049
119.484
115.19
117.768
91.3296
105.156
131.93
167.798
105.748
119.686
144.053
111.21
167.36
24.4228
75.1686
89.2235
155.103
131.251
120.577
41.7332
100.973
102.838
91.705
102.674
104.965
82.0465
132.889
140.178
102.538
106.487
98.7369
111.762
103.135
81.995
103.364
151.604
15.489
97.7421
98.3878
100.252
193.438
94.9384
113.001
102.454
103.609
83.989
141.545
130.62
111.53
110.05
105.497
111.075
50.5951
111.962
97.6447
116.165
109.07
146.203
106.384
95.019
97.46
107.793
110.072
122.756
142.735
136.723
14.7343
98.9904
76.6477
95.6437
118.58
85.208
150.162
66.0442
88.9173
120.004
92.3758
116.373
107.026
76.6353
118.348
109.265
131.185
65.7658
107.307
115.308
7.12998
121.781
95.4956
95.0443
65.0269
121.998
108.795
108.664
120.954
24.0602
95.6783
97.2601
80.4826
105.425
160.226
104.701
42.4478
110.317
160.068
101.707
159.737
105.886
43.7622
84.654
134.899
97.0856
115.381
100.686
106.772
143.22
70.4629
56.1617
91.8381
79.562
110.414
151.813
152.073
73.3094
92.7595
85.4302
103.777
100.486
104.289
104.751
83.9709
83.1384
98.1201
101.141
124.016
101.766
107.523
107.206
25.9968
102.24
144.926
94.9633
97.4071
54.8451
117.355
106.04
94.4326
124.471
102.615
101.3
109.747
130.052
106.109
106.061
51.414
123.652
117.364
140.918
109.662
87.6229
-2.41101
155.229
111.71
72.9345
40.729
111.127
183.579
85.7431
117.983
175.263
118.32
127.333
89.7697
87.7013
96.8269
58.877
102.022
111.757
109.852
-13.8402
82.3976
143.014
73.0682
108.801
59.5343
102.296
107.877
103.323
110.882
132.87
129.017
110.621
89.2548
85.5815
111.212
101.78
34.6668
97.2902
107.639
105.689
93.8758
117.889
122.856
107.495
105.297
120.76
96.2864
72.5698
104.818
105.86
67.3209
101.864
170.089
91.6722
131.179
114.805
118.111
109.008
129.146
97.9655
81.2688
84.5827
69.6789
109.589
179.05
149.759
115.018
159.481
120.022
-12.036
89.7679
90.8737
97.227
-13.1516
106.574
104.242
129.66
132.911
79.8984
109.263
107.322
108.27
111.041
109.835
92.2821
-19.7588
65.2589
130.524
98.7204
92.903
132.511
43.0472
97.1076
121.686
104.603
142.54
33.7054
79.8601
63.1558
138.904
68.9192
66.3222
76.497
124.228
144.92
13.1559
103.662
101.032
112.603
106.673
114.803
81.9944
129.143
117.359
87.9432
116.841
133.718
125.354
88.8324
104.092
125.95
107.321
130.41
143.094
82.1748
109.295
75.1942
111.517
122.956
126.7
109.611
104.176
107.1
105.98
104.226
109.118
111.654
168.657
108.473
65.8718
110.813
104.628
65.6465
97.7152
113.192
100.754
106.269
114.185
104.412
156.703
105.693
121.257
142.235
103.19
79.3464
102.95
92.1235
99.7629
72.7507
89.994
92.3415
148.612
101.874
143.418
77.5356
104.146
114.448
76.4374
120.424
101.098
108.018
109.642
104.432
101.456
92.764
108.296
152.436
108.51
97.4182
97.3054
108.764
81.6954
71.1023
118.509
131.034
148.199
102.338
89.7564
153.669
160.798
86.4719
109.81
101.474
132.05
77.8723
32.8366
109.872
102.483
129.429
140.388
79.3699
63.6836
70.5093
81.7734
49.1551
76.1586
105.38
54.2823
68.8248
89.8001
152.077
4.78977
111.759
113.692
170.63
77.0194
106.171
112.938
160.381
112.022
80.6905
105.686
78.0243
168.517
107.62
100.469
70.8009
106.551
83.3595
107.736
117.488
66.1423
7.105
100.897
62.3256
115.817
141.031
25.7625
119.349
147.3
111.966
69.8859
56.7385
48.7532
146.191
81.1244
128.711
120.761
115.565
55.6561
84.8347
136.962
102.056
108.646
105.309
68.0758
113.876
144.214
174.491
105.429
74.848
103.169
96.1915
168.39
161.661
96.167
107.151
60.7553
70.0137
57.5175
104.446
58.9106
108.802
99.7826
109.556
128.348
102.8
112.898
97.1721
102.717
143.151
106.702
60.7603
151.602
84.8951
132.347
107.068
104.29
101.96
123.365
155.855
45.6203
98.7486
78.8221
-23.0034
129.824
109.775
50.5256
108.065
149.088
109.64
105.465
93.8793
99.9799
143.497
113.73
137.522
82.0031
111.422
86.8192
138.248
105.193
81.9118
100.622
84.365
170.923
101.468
115.227
102.87
100.775
136.857
102.021
73.5718
104.791
45.6249
-27.9766
65.1828
105.767
106.652
84.0001
126.666
117.955
106.436
131.127
67.9374
174
150.435
97.5531
82.0803
102.568
104.413
109.508
105.219
92.0331
150.116
119.541
42.8917
127.927
135.739
119.583
89.4722
132.001
114.632
130.115
136.592
120.554
94.3485
73.2245
97.4263
115.284
139.451
126.135
98.5921
99.5548
82.4692
65.8906
106.648
92.3543
103.333
89.2011
95.2565
83.101
105.548
107.785
93.2774
73.2509
105.969
63.3693
59.4675
156.47
89.4709
120.851
134.869
100.213
92.4386
127.753
83.6467
74.6532
106.645
153.802
129.772
91.7012
69.6338
104.27
109.337
78.3546
183.02
104.187
157.069
75.5016
98.3567
93.4439
88.5327
100.134
103.415
98.8795
127.509
106.923
144.42
95.0005
166.435
20.9842
112.098
110.478
115.467
68.9281
125.827
112.27
105.802
71.855
100.605
95.0278
102.227
108.558
128.756
77.0988
109.763
81.8716
99.6767
57.7542
145.978
125.32
90.2365
51.9532
79.712
106.493
126.32
127.717
143.904
95.0263
149.546
120.098
85.9656
98.063
100.077
104.475
128.66
7.13675
169.004
111.53
106.285
105.454
153.177
123.527
115.215
26.5625
59.8772
108.178
109.346
110.556
106.519
86.9853
159.435
152.878
114.275
59.8141
128.625
130.756
69.721
73.5483
34.3101
168.02
112.706
56.1312
111.139
128.245
191.883
131.099
16.5492
59.5061
30.6335
139.949
95.0635
97.6518
99.837
77.2765
109.341
145.596
119.314
95.1687
92.0112
157.291
112.718
112.46
47.856
93.1213
108.034
149.882
103.079
111.134
122.368
105.97
149.072
108.478
105.838
105.459
77.5841
93.4043
144.76
128.744
51.4182
103.35
104.801
109.916
121.779
101.619
82.918
104.809
102.1
102.58
139.028
110.935
180.855
150.443
71.2172
99.0771
30.4687
107.992
176.617
85.7119
94.3953
171.662
86.8238
87.9773
136.217
71.1427
91.5917
134.789
105.069
150.144
7.5797
81.5652
110.09
138.918
79.2453
95.7651
122.614
108.562
45.9928
152.512
72.2057
101.389
149.024
121.692
107.585
68.7876
123.097
77.6412
89.6404
40.546
149.584
75.6662
116.699
55.1272
79.0218
112.678
92.2981
108.278
188.046
114.605
164.026
88.2036
120.785
102.77
110.682
110.808
124.498
107.65
108.031
97.4172
110.611
131.691
68.0435
86.2572
134.631
116.907
128.968
110.741
133.539
106.074
144.915
50.5677
115.362
112.197
103.653
149.067
142.781
91.7779
110.481
143.198
89.3176
86.5028
102.396
110.846
114.927
126.061
121.193
106.463
144.999
108.993
100.495
38.6536
140.888
117.287
114.132
126.304
70.7406
156.5
108.444
45.9262
96.2329
100.82
107.463
56.2181
100.864
143.349
66.469
141.29
15.4824
104.761
121.739
135.305
128.98
102.574
28.5728
98.8447
135.083
142.787
98.5556
144.552
81.0457
126.362
35.5929
88.4589
74.1343
102.722
101.757
80.5753
100.538
107.693
153.94
139.603
100.14
109.884
81.7791
109.351
99.7742
106.608
100.175
13.7292
94.773
145.464
120.733
69.7477
96.3316
101.707
79.9963
126.781
127.28
105.822
-35.9534
101.46
123.148
105.997
91.4387
164.867
107.638
104.716
109.092
115.335
115.573
112.908
4.20313
82.7471
120.26
107.964
110.773
111.027
87.2362
84.2924
108.05
76.165
112.975
97.4421
124.26
132.71
80.0369
108.991
177.535
153.069
65.7346
86.8501
121.759
117.806
126.554
88.5276
105.703
101.712
121.437
113.462
132.451
120.411
100.935
128.572
81.0584
-0.915182
108.995
105.152
105.796
71.4538
130.103
110.229
53.7173
92.7576
102.828
117.887
79.1323
94.7241
97.7681
103.676
109.079
167.953
104.898
83.9011
174.521
178.441
90.1809
64.5767
37.8535
107.652
47.4483
147.236
84.9448
138.98
110.199
103.353
85.9756
65.3633
108.401
111.352
57.2802
86.9817
60.0879
73.838
108.604
150.711
14.8237
113.189
102.975
122.076
116.034
139.472
110.202
108.024
103.125
137.466
101.354
74.2149
95.5985
62.1853
110.818
94.9992
64.5683
109.775
108.457
116.263
69.0052
110.859
37.1668
132.608
102.553
108.108
57.4304
120.996
135.645
108.993
132.797
98.8395
108.862
24.8806
98.0693
146.104
74.3823
107.289
154.353
107.934
119.07
140.986
62.2348
96.6955
122.533
113
97.6087
145.896
101.13
158.439
39.1348
85.7019
29.3836
138.49
104.053
102.721
125.921
105.24
141.939
99.2511
129.44
93.09
130.219
92.2078
110.238
118.479
112.628
146.642
118.234
134.607
90.3838
118.302
47.7151
135.214
93.4803
86.2572
105.15
73.8383
129.269
98.4381
29.7382
72.4222
141.465
149.037
102.672
106.942
19.7658
129.273
88.9897
101.792
118.899
94.6943
102.077
155.86
117.551
130.826
138.632
49.1154
170.061
123.654
110.026
105.48
134.243
111.833
28.4549
119.517
113.559
90.2546
91.7973
109.761
61.0648
81.715
107.352
74.1346
116.554
116.904
128.809
88.1659
99.0212
95.462
139.241
137.939
133.265
108.508
109.5
79.9136
96.9423
156.701
154.092
95.289
100.259
112.275
104.453
-37.1521
122.947
106.832
105.484
124.482
108.188
123.309
113.988
88.1566
20.5658
103.242
103.533
110.207
132.386
112.509
105.335
120.026
93.732
146.078
130.663
108.881
143.453
79.8471
103.246
125.025
99.8778
101.599
103.324
75.2624
119.415
111.04
105.058
118.833
94.6975
110.793
108.943
125.504
110.261
80.9331
83.667
121.644
105.322
110.99
91.1071
137.796
78.2074
108.536
158.503
106.666
71.9597
92.7689
63.0999
94.4409
130.107
9.88488
107.607
127.261
135.962
51.3658
134.909
99.6486
62.6034
153.715
107.077
108.756
96.5773
153.698
138.368
68.0329
98.5368
170.817
68.1917
110.935
24.5167
96.9389
151.608
105.238
7.217
105.175
103.584
133.27
160.397
123.091
106.007
100.437
132.409
88.2181
111.559
102.131
78.7398
102.147
79.1551
112.482
103.94
87.5989
104.753
87.5698
84.824
142.443
93.688
150.308
113.109
95.855
32.0958
106.493
107.106
69.1927
99.4155
86.5772
102.282
105.339
-20.5703
162.623
135.805
87.9838
104.623
77.5985
96.6197
116.562
97.0692
115.899
94.4516
161.668
107.939
83.4863
107.77
119.594
118.241
76.814
13.1862
147.328
89.4353
120.848
63.1516
102.011
51.8617
94.2393
110.354
102.214
124.609
166.091
122.521
136.908
122.973
108.213
105.929
107.151
159.637
59.5227
112.838
44.2173
115.335
63.5216
123.519
79.0258
64.4468
158.249
100.985
110.441
109.779
137.174
110.683
49.786
145.614
99.2674
73.2831
97.7492
51.4033
82.3296
153.75
78.6661
111.556
60.9356
78.6341
112.495
86.8286
106.051
118.325
-11.1554
97.5848
25.6838
90.904
110.112
96.6426
98.2939
95.4846
108.463
109.673
13.537
113.707
113.007
89.1842
156.699
129.971
100.23
104.404
67.1367
129.382
103.529
114.322
95.1296
99.5702
103.291
116.594
94.0103
88.2488
108.013
96.5378
47.4248
101.408
96.9413
58.8717
71.6183
106.531
142.126
136.862
105.866
100.425
147.532
77.9634
42.445
158.648
143.813
110.326
134.429
108.165
112.207
126.488
73.636
-36.5922
147.184
107.409
101.499
102.133
144.826
165.388
37.0309
104.638
107.46
154.439
73.1955
102.745
165.296
4.24652
111.996
102.485
73.5412
66.9689
98.4292
84.3874
144.819
0.918502
98.8004
110.563
116.543
106.487
108.988
89.8001
108.087
58.2711
141.264
106.981
119.369
163.53
88.1128
106.241
100.981
106.01
102.906
105.866
121.763
175.714
110.04
107.244
171.565
134.147
110.585
112.231
134.468
104.543
130.782
109.521
94.7849
116.471
111.561
93.2977
86.0115
113.285
6.91306
88.7967
103.769
104.462
170.985
103.068
101.576
118.806
121.553
141.19
110.064
110.049
129.628
101.336
86.7369
46.5626
103.863
96.9913
139.844
99.9294
98.2651
93.2338
82.0314
99.9219
120.308
114.029
94.4902
101.622
103.814
120.219
136.108
109.832
57.5819
91.4341
35.2031
98.9402
127.357
95.6575
72.2246
117.612
119.58
119.137
80.9605
109.263
103.469
1.80815
155.448
109.963
159.769
109.879
112.501
103.501
104.708
119.05
103.904
87.4549
111.969
84.6137
176.772
106.466
130.359
93.2858
87.9579
100.409
123.024
114.665
63.8109
106.089
99.6341
89.503
129.161
117.385
139.074
96.6632
109.652
96.2501
109.118
114.999
117.977
90.9475
121.64
101.923
129.145
137.898
104.716
91.7042
39.1695
87.5013
96.8361
99.1919
110.781
61.4328
95.9629
107.095
133.816
82.525
102.931
105.915
104.589
109.147
108.155
98.967
107.909
151.535
175.32
97.5384
119.224
108.196
103.307
-1.02925
31.8552
94.9149
125.821
97.6415
76.2007
79.0186
100.353
96.6027
108.293
78.3174
90.6797
140.223
102.488
-8.18777
104.095
188.097
135.062
115.314
151.523
103.327
87.2297
115.417
171.146
105.511
110.01
122.039
20.1966
105.621
112.191
158.553
86.6034
104.971
140.231
48.6073
58.3155
148.611
142.278
52.9561
100.141
24.5402
122.428
98.283
118.531
72.2313
124.721
107.391
138.583
97.1597
64.7371
114.098
144.389
95.424
107.087
113.934
122.377
110.145
140.404
110.23
103.828
59.0759
101.349
99.6012
117.892
-16.2114
118.933
100.662
47.1495
119.045
141.949
89.151
84.3208
86.4334
95.8177
104.957
103.637
82.1094
88.1861
3.21675
89.4674
-34.177
109.87
-3.23392
112.992
174.205
97.7517
114.995
44.7587
175.837
156.479
107.54
135.234
119.458
85.7691
111.045
-32.5682
98.4707
111.542
83.1675
97.2509
99.4129
117.019
98.558
101.088
123.665
98.7215
102.979
58.599
167.856
110.093
105.152
93.1306
81.2605
172.219
101.82
134.02
64.2332
94.5255
103.414
94.9676
118.594
-6.86081
86.643
106.444
54.4483
48.4581
52.9503
92.5279
141.644
108.672
73.8581
160.256
94.6319
-10.8364
159.25
138.677
77.6048
99.0259
136.865
106.21
124.018
31.3534
156.373
138.425
81.0295
104.448
164.588
107.465
63.4902
125.913
117.71
152.048
129.605
161.721
99.9293
96.8376
96.586
105.215
116.639
12.0587
106.16
114.962
-24.42
104.249
47.61
87.8981
131.467
144.696
91.4474
104.727
57.4856
136.146
98.2074
133.922
64.7459
85.8255
131.206
107.604
92.8862
62.0864
175.219
100.64
114.329
142.114
105.6
110.657
92.6461
124.691
123.568
107.759
127.277
104.83
90.6535
100.677
95.7523
58.8689
97.2327
109.981
24.7559
121.949
43.9487
150.646
142.986
110.467
128.551
163.068
98.1313
61.8792
54.752
97.7226
122.348
109.958
109.592
116.571
92.0559
102.594
72.0714
148.81
130.894
93.3581
88.3077
64.5712
90.9099
107.897
97.4343
40.3146
49.628
109.082
15.1002
137.784
57.5467
69.3823
127.895
110.196
103.61
116.671
161.743
97.1003
111.627
86.4164
88.5509
151.308
152.017
86.4377
128.051
122.278
113.524
150.098
148.603
99.4711
130.222
-26.9726
106.398
76.12
96.7095
97.2029
102.087
121.355
96.4906
105.521
106.641
109.347
104.059
100.317
133.342
94.3149
107.052
115.438
78.7644
131.652
125.627
112.292
133.947
92.6277
115.625
90.559
97.7277
110.153
83.0423
-8.78674
105.844
129.824
99.0223
109.388
119.534
107.96
107.39
106.284
110.502
119.054
56.0217
117.497
84.2964
140.007
118.781
100.142
76.2875
75.8164
103.147
187.843
181.506
165.181
112.213
100.041
106.795
130.943
79.0688
92.0074
90.0462
111.412
164.785
81.2614
113.441
99.5823
127.481
103.23
121.329
142.614
102.08
120.737
101.39
138.622
106.739
132.801
103.089
94.3319
77.1797
57.2122
107.667
83.171
72.4623
75.9609
101.865
56.2982
91.0084
137.109
112.805
53.5174
104.456
87.0302
110.407
-8.95948
103.634
128.877
112.205
106.397
142.118
88.6559
140.937
75.4633
107.848
98.6566
139.342
100.615
155.848
159.878
151.045
95.9205
183.945
55.6857
106.1
102.969
102.836
84.3622
77.2478
115.756
85.3565
-5.20675
78.2624
92.2445
99.558
76.3863
99.4835
110.913
103.49
139.873
91.0661
13.7381
97.5882
132.238
86.8059
102.768
162.857
71.2695
19.2179
142.254
106.967
148.82
110.116
97.4562
109.731
110.234
112.854
97.9658
103.558
109.868
66.6636
113.765
105.092
98.952
39.0477
127.528
102.066
105.233
104.104
107.628
97.5199
145.163
109.714
83.0233
112.146
103.879
107.127
87.8559
106.714
100.929
19.3587
44.3145
120.944
101.351
87.1672
101.929
109.376
94.3183
66.2142
112.916
68.7292
97.6816
63.2969
97.4995
54.6133
121.514
100.926
52.7613
86.711
159.254
110.368
95.1343
111.109
64.086
110.259
101.697
106.008
103.657
151.003
123.249
92.8508
121.843
135.736
68.9384
88.4251
143.769
72.2041
93.5313
95.5859
145.139
77.4799
156.281
106.989
123.232
152.072
118.65
94.1391
113.637
61.3618
87.3096
104.046
134.219
114.951
97.6698
70.4824
78.823
123.101
18.9493
102.423
90.1554
88.4298
131.23
110.036
152.669
106.817
90.5415
104.823
120.873
132.201
108.079
137.657
83.933
116.005
93.0158
108.588
110.088
107.661
102.482
40.4355
91.3227
113.887
125.539
138.419
104.852
97.7247
110.696
102.433
91.0931
92.6307
125.937
102.896
169.918
85.8311
96.6136
127.563
70.9258
87.0467
103.597
134.598
114.908
127.516
126.985
100.452
90.6405
124.6
78.8937
82.4402
97.2752
13.0004
165.141
105.707
105.837
111.494
103.623
84.7927
114.432
146.995
98.2678
148.834
104.972
88.0351
77.2301
95.4395
111.52
102.373
110.51
95.6736
128.005
97.8419
112.647
99.4979
157.482
120.511
102.055
109.176
104.376
110.138
97.6363
145.812
102.691
121.988
15.2934
146.867
105.226
96.9988
146.742
107.302
135.343
90.9439
122.017
87.0434
80.5547
84.7088
88.7653
92.2625
111.16
91.4404
108.35
95.3037
104.339
89.0771
104.986
80.4824
106.958
89.088
99.2302
108.948
116.669
98.2718
94.9501
107.895
69.1503
142.575
95.9298
132.032
46.3716
91.3209
152.415
95.2066
113.317
88.6269
105.171
90.0988
94.6706
106.1
126.564
72.3942
22.5126
130.054
105.011
115.59
100.232
94.9644
100.529
102.857
106.229
101.1
109.945
95.689
95.2366
137.048
77.8651
13.3389
100.2
128.957
101.503
59.6223
96.6016
97.2435
101.31
97.6369
96.2734
28.4014
62.765
116.363
103.001
105.427
94.3474
159.416
98.2037
98.5443
90.2527
122.533
107.543
117.693
121.083
113.269
96.9168
86.6798
95.5775
110.064
100.707
105.883
77.6309
101.756
125.373
93.0942
127.379
108.277
94.7322
161.904
114.441
88.6514
101.475
114.095
96.5
108.296
103.799
47.0475
114.088
118.378
40.801
88.7957
111.867
88.1404
49.3706
128.354
138.931
109.462
102.888
101.699
73.8958
109.764
103.35
97.7738
87.9089
106.799
82.0312
90.8783
99.0689
119.986
153.323
174.028
105.444
124.264
78.3338
140.128
171.269
110.93
108.091
129.684
104.983
110.246
77.5705
62.6656
105.069
127.096
96.2421
162.94
106.537
128.389
110.594
79.9343
77.7923
110.479
120.166
97.7092
96.5148
154.296
105.756
140.279
161.262
89.9955
33.4042
163.511
100.667
93.6696
117.815
56.4913
74.7272
131.004
112.848
112.657
158.251
51.0997
90.295
107.798
129.65
100.576
104.08
93.7552
101.198
126.532
96.002
116.773
109.909
153.351
91.7137
95.6313
49.3607
148.682
91.9572
130.565
99.4402
112.074
113.468
93.5845
57.2059
81.4185
121.128
110.53
113.561
161.87
41.8049
133.254
92.7983
85.5698
88.608
104.129
106.73
148.664
140.838
93.927
86.462
21.3763
53.0913
88.3339
116.618
83.2786
107.203
77.2203
100.999
104.351
147.627
99.5429
104.818
122.968
104.262
-6.13009
103.086
99.3555
124.207
95.0354
108.711
69.6037
105.174
107.543
124.164
153.963
92.568
118.871
146.957
132.491
56.9281
117.115
133.622
105.148
99.346
103.335
77.1232
99.0107
95.5626
108.95
140.157
125.525
113.297
147.41
177.839
106.967
110.214
111.571
110.436
167.346
140.792
76.2356
117.805
120.392
107.272
57.4961
108.727
108.93
114.196
123.622
103.972
98.5675
73.3314
9.42354
109.868
87.68
113.159
96.3731
107.357
6.70453
136.875
82.132
88.8022
104.485
107.717
96.7196
108.139
173.109
111.028
140.076
151.022
80.4456
110.282
90.4703
89.7757
83.0749
140.34
109.554
126.214
90.7992
167.653
107.433
64.1231
9.98926
78.8101
88.5442
106.136
122.442
105.986
117.606
95.3586
137.626
103.725
118.018
85.534
137.21
24.7367
75.9427
103.049
62.3531
88.0368
115.384
99.1554
141.008
96.0426
91.1682
146.438
85.5412
0.95685
97.7617
146.411
147.663
102.495
143.626
102.859
116.421
125.426
112.444
50.2861
128.179
93.4513
110.139
98.8966
97.597
124.85
170.054
134.724
101.824
61.1095
57.0846
104.522
77.5093
57.3197
136.072
94.9689
105.845
123.891
126.621
101.943
125.191
109.214
133.432
129.662
114.318
110.178
96.7216
92.1066
108.081
112.474
88.938
89.7624
97.64
87.7018
131.3
117.719
87.6611
87.0068
116.856
103.831
111.404
68.6358
108.626
110.124
133.83
30.7581
49.7722
121.89
114.931
111.108
110.607
107.231
95.158
106.758
116.975
101.937
131.485
85.6779
130.868
82.4162
109.796
98.2179
126.638
131.184
103.195
171.876
110.891
90.0147
108.42
146.352
103.355
120.043
112.097
74.5291
135.816
77.0347
163.494
159.228
97.6835
126.519
99.9153
110.272
111.09
69.51
150.163
106.735
96.3015
108.333
108.089
75.375
98.8969
118.643
93.4544
149.768
89.2278
99.7344
110.553
142.285
107.606
132.379
113.13
19.8303
83.6001
79.4156
95.8725
100.334
137.372
96.178
105.266
98.2172
107.058
81.8773
119.566
109.358
95.8993
105.167
139.545
116.517
140.99
95.1076
81.0353
109.731
106.134
116.02
110.972
75.2154
162.78
28.3892
82.2203
117.298
75.8925
170.156
117.842
106.466
105.625
103.987
113.053
132.506
108.936
78.7022
138.108
106.807
)
;

boundaryField
{
    wings
    {
        type            zeroGradient;
    }
    outlet
    {
        type            freestreamPressure;
    }
    tunnel
    {
        type            zeroGradient;
    }
    inlet
    {
        type            freestreamPressure;
    }
    defaultFaces
    {
        type            empty;
    }
}


// ************************************************************************* //
