5.0 -183.825385852
10.0 -113.530715076
15.0 -40.035273411
20.0 -5.96108038983
25.0 2.66405534322
30.0 3.18534260169
35.0 2.37493063559
40.0 1.81457401695
45.0 1.63561282203
50.0 1.64446337288
55.0 1.65665657203
60.0 1.66337619915
65.0 1.67283332203
70.0 1.6759235339
75.0 1.6828678178
80.0 1.68840107203
85.0 1.69370820763
90.0 1.70016740254
95.0 1.70627256356
100.0 1.71302444492
105.0 1.72024900847
110.0 1.72786855508
115.0 1.73589220763
120.0 1.74435070339
125.0 1.75287395763
130.0 1.76190200847
135.0 1.77124479661
140.0 1.78092587288
145.0 1.79073211441
150.0 1.80089125424
155.0 1.81135484322
160.0 1.82176936864
165.0 1.83239014407
170.0 1.84294636864
175.0 1.85339481059
180.0 1.86380384407
185.0 1.87402122881
190.0 1.88407988008
195.0 1.89365622331
200.0 1.90320496907
205.0 1.91205715847
210.0 1.92051135847
215.0 1.92845642246
220.0 1.93593531822
225.0 1.94281912627
230.0 1.9491036428
235.0 1.95502546017
240.0 1.96015702246
245.0 1.96462148941
250.0 1.96867876568
255.0 1.97210866907
260.0 1.97497985
265.0 1.9773179072
270.0 1.97912456653
275.0 1.98045208983
280.0 1.98131858602
285.0 1.98186422712
290.0 1.9820168161
295.0 1.9818749572
300.0 1.98145245593
305.0 1.98081136398
310.0 1.97999898263
315.0 1.97904908941
320.0 1.97799533475
325.0 1.97687693517
330.0 1.97570983008
335.0 1.97452946864
340.0 1.97336660424
345.0 1.97223752712
350.0 1.97112136271
355.0 1.97007778136
360.0 1.96907079746
365.0 1.96813242669
370.0 1.9672601
375.0 1.9664559928
380.0 1.96574899237
385.0 1.96512043517
390.0 1.964552125
395.0 1.96402972415
400.0 1.96364698475
405.0 1.96334756186
410.0 1.96315529492
415.0 1.96310409703
420.0 1.96318355466
425.0 1.96342242161
430.0 1.96384888093
435.0 1.96444933093
440.0 1.96523879322
445.0 1.96629478008
450.0 1.96751496059
455.0 1.96896122966
460.0 1.9706586572
465.0 1.97272048559
470.0 1.97491487161
475.0 1.97738624703
480.0 1.98012029661
485.0 1.9830656839
490.0 1.98637124619
495.0 1.98999843051
500.0 1.99386378814
505.0 1.99807116907
510.0 2.00252996949
515.0 2.00736434534
520.0 2.01246458856
525.0 2.01789717288
530.0 2.02379770551
535.0 2.02993987627
540.0 2.03645631229
545.0 2.04332704958
550.0 2.05053386822
555.0 2.05807078729
560.0 2.06591235127
565.0 2.07402083475
570.0 2.08234280169
575.0 2.09082863093
580.0 2.09944109619
585.0 2.10815013305
590.0 2.11686963305
595.0 2.12555856737
600.0 2.13416043432
605.0 2.14260964958
610.0 2.15091160763
615.0 2.15895835932
620.0 2.16696964746
625.0 2.17450493602
630.0 2.18157126992
635.0 2.188980675
640.0 2.19609822161
645.0 2.20292871483
650.0 2.20948217924
655.0 2.21570197034
660.0 2.22213624025
665.0 2.22829951314
670.0 2.23432976568
675.0 2.24004875
680.0 2.24573257034
685.0 2.25118727797
690.0 2.25662076483
695.0 2.26181962585
700.0 2.266981975
705.0 2.27192277076
710.0 2.27682235339
715.0 2.28150457458
720.0 2.28614004449
725.0 2.29056148898
730.0 2.29492384703
735.0 2.29907255593
740.0 2.30314561271
745.0 2.30700454746
750.0 2.31067465593
755.0 2.31439287881
760.0 2.31782943093
765.0 2.32104073814
770.0 2.3241122822
775.0 2.32705345127
780.0 2.32989338263
785.0 2.33256945381
790.0 2.33502008008
795.0 2.33729875169
800.0 2.3394265339
805.0 2.34139376229
810.0 2.34328846017
815.0 2.34491197881
820.0 2.34636549364
825.0 2.34770416186
830.0 2.34894569873
835.0 2.34994439788
840.0 2.3508353661
845.0 2.35167119237
850.0 2.35223826186
855.0 2.352794675
860.0 2.35325944915
865.0 2.35355761864
870.0 2.3537925411
875.0 2.35391254873
880.0 2.35390406102
885.0 2.35379252966
890.0 2.35361140508
895.0 2.35334546102
900.0 2.35299806356
905.0 2.352567975
910.0 2.35208398432
915.0 2.35153130381
920.0 2.35089803983
925.0 2.35022321483
930.0 2.34949959576
935.0 2.34871155466
940.0 2.34788405254
945.0 2.34701333559
950.0 2.34610528771
955.0 2.34515828729
960.0 2.34418159237
965.0 2.34317274746
970.0 2.34214057246
975.0 2.34108220805
980.0 2.34000602839
985.0 2.33890962203
990.0 2.33780048729
995.0 2.33667581483
1000.0 2.33554350339
1005.0 2.33439992203
1010.0 2.3332525161
1015.0 2.33209810847
1020.0 2.33094283856
1025.0 2.3297835678
1030.0 2.32862639661
1035.0 2.32746779661
1040.0 2.32631340847
1045.0 2.32515889788
1050.0 2.32401027712
1055.0 2.32286326017
1060.0 2.32172254153
1065.0 2.32058006822
1070.0 2.31945319958
1075.0 2.31832672669
1080.0 2.31719845847
1085.0 2.31608121271
1090.0 2.31496892966
1095.0 2.31385075
1100.0 2.31274809449
1105.0 2.31164381483
1110.0 2.31053680636
1115.0 2.30943837839
1120.0 2.30834142203
1125.0 2.3072348589
1130.0 2.30614032966
1135.0 2.3050404589
1140.0 2.30393394958
1145.0 2.30283228559
1150.0 2.30172778559
1155.0 2.30060864237
1160.0 2.29949810042
1165.0 2.29837842076
1170.0 2.29724615678
1175.0 2.29611619237
1180.0 2.29497957458
1185.0 2.29382279492
1190.0 2.29267334534
1195.0 2.29150965932
1200.0 2.29033085042
1205.0 2.28915178178
1210.0 2.28796394873
1215.0 2.28675254576
1220.0 2.28554763686
1225.0 2.28432635466
1230.0 2.28308826695
1235.0 2.28184905763
1240.0 2.28059897542
1245.0 2.27932446229
1250.0 2.27805645254
1255.0 2.27676993686
1260.0 2.27546620424
1265.0 2.27416217881
1270.0 2.27284645042
1275.0 2.27150669492
1280.0 2.27017431017
1285.0 2.26882297839
1290.0 2.2674565661
1295.0 2.26608984492
1300.0 2.26471228729
1305.0 2.26331237924
1310.0 2.26192156102
1315.0 2.26051177331
1320.0 2.25908989831
1325.0 2.25766853771
1330.0 2.25623764153
1335.0 2.25478691314
1340.0 2.25334657373
1345.0 2.25188851144
1350.0 2.25042178178
1355.0 2.24895681017
1360.0 2.24748403051
1365.0 2.24599351017
1370.0 2.24451341186
1375.0 2.24301556398
1380.0 2.24151162415
1385.0 2.2400094178
1390.0 2.23850028136
1395.0 2.23697592076
1400.0 2.23546370847
1405.0 2.23393499153
1410.0 2.23240275551
1415.0 2.23087349619
1420.0 2.22933564619
1425.0 2.22778847288
1430.0 2.22624712966
1435.0 2.22469814703
1440.0 2.22315331059
1445.0 2.22159913008
1450.0 2.22004868517
1455.0 2.21849015593
1460.0 2.21693664831
1465.0 2.21537673941
1470.0 2.21383076314
1475.0 2.21226185
1480.0 2.2106984089
1485.0 2.20913108475
1490.0 2.20758450381
1495.0 2.20601411186
1500.0 2.20445049322
1505.0 2.20288423644
1510.0 2.20133790678
1515.0 2.19976985847
1520.0 2.19821030975
1525.0 2.1966489428
1530.0 2.19510626314
1535.0 2.19353082076
1540.0 2.19200077542
1545.0 2.19047312246
1550.0 2.18891291356
1555.0 2.18734321907
1560.0 2.18583972034
1565.0 2.18429578347
1570.0 2.18277992203
1575.0 2.18122149153
1580.0 2.17973056271
1585.0 2.17818603093
1590.0 2.17667215042
1595.0 2.17516990975
1600.0 2.17364664576
1605.0 2.17215406907
1610.0 2.17067099746
1615.0 2.16920715297
1620.0 2.16774775254
1625.0 2.16625374364
1630.0 2.16478919958
1635.0 2.16331587754
1640.0 2.16187161949
1645.0 2.16045160424
1650.0 2.15903696102
1655.0 2.15758720424
1660.0 2.15616912076
1665.0 2.1547438661
1670.0 2.15334522966
1675.0 2.15197371144
1680.0 2.15058520085
1685.0 2.14921360975
1690.0 2.14782378559
1695.0 2.1464953428
1700.0 2.14516141102
1705.0 2.14379518475
1710.0 2.14245104237
1715.0 2.14115763093
1720.0 2.13983590763
1725.0 2.13851742966
1730.0 2.13725499322
1735.0 2.13595848347
1740.0 2.13467567246
1745.0 2.13343884449
1750.0 2.13217676229
1755.0 2.13092038051
1760.0 2.12971758898
1765.0 2.12848318008
1770.0 2.12726383305
1775.0 2.12608868686
1780.0 2.12489007331
1785.0 2.12370003941
1790.0 2.12256029619
1795.0 2.12139181441
1800.0 2.12023933305
1805.0 2.11912884534
1810.0 2.11799583263
1815.0 2.11689927458
1820.0 2.11577301737
1825.0 2.11469081017
1830.0 2.11361114237
1835.0 2.11256829364
1840.0 2.11150470466
1845.0 2.11045332797
1850.0 2.10942065254
1855.0 2.10839634915
1860.0 2.10738737797
1865.0 2.10638591314
1870.0 2.10539895212
1875.0 2.1044190589
1880.0 2.10345368263
1885.0 2.10249748051
1890.0 2.10155326695
1895.0 2.10061863983
1900.0 2.09969728263
1905.0 2.09878593093
1910.0 2.09788658136
1915.0 2.09699638729
1920.0 2.09611820212
1925.0 2.09525042966
1930.0 2.09439468729
1935.0 2.09354890763
1940.0 2.09271518898
1945.0 2.09189097881
1950.0 2.09107843686
1955.0 2.09027579831
1960.0 2.08944544831
1965.0 2.08868006102
1970.0 2.08793021229
1975.0 2.08717411017
1980.0 2.08642425212
1985.0 2.08568379153
1990.0 2.08495596017
1995.0 2.08423707458
2000.0 2.08352915085
2005.0 2.08283099364
2010.0 2.08214340339
2015.0 2.08146512669
2020.0 2.08079744746
2025.0 2.08013905254
2030.0 2.07949085975
2035.0 2.07885192331
2040.0 2.07822321864
2045.0 2.07760374153
2050.0 2.07699452542
2055.0 2.0763940839
2060.0 2.07580393305
2065.0 2.07522252797
2070.0 2.07461966271
2075.0 2.07404585593
2080.0 2.07354595805
2085.0 2.07300305085
2090.0 2.07245950678
2095.0 2.07193351949
2100.0 2.07141370551
2105.0 2.07090972288
2110.0 2.07040728263
2115.0 2.06992149068
2120.0 2.06943557797
2125.0 2.06895568983
2130.0 2.0685024072
2135.0 2.06804494746
2140.0 2.0675950589
2145.0 2.06717316695
2150.0 2.06673175339
2155.0 2.06630644237
2160.0 2.06590486949
2165.0 2.06550834407
2170.0 2.06510931737
2175.0 2.06471996864
2180.0 2.06433789831
2185.0 2.06396292924
2190.0 2.06358552712
2195.0 2.06322875212
2200.0 2.06288398559
2205.0 2.06253015127
2210.0 2.06220064746
2215.0 2.06187009237
2220.0 2.06155415805
2225.0 2.06123840763
2230.0 2.06093646737
2235.0 2.06063636907
2240.0 2.06034842373
2245.0 2.06006355424
2250.0 2.05978875763
2255.0 2.05951954025
2260.0 2.0592578928
2265.0 2.05900348093
2270.0 2.0587549839
2275.0 2.05851537627
2280.0 2.05828003093
2285.0 2.05805438093
2290.0 2.0578427822
2295.0 2.05760862924
2300.0 2.05740594576
2305.0 2.05721117627
2310.0 2.05699241356
2315.0 2.05684337924
2320.0 2.05664624322
2325.0 2.05647091017
2330.0 2.05632337797
2335.0 2.05614716483
2340.0 2.05597296017
2345.0 2.05583570508
2350.0 2.05570008602
2355.0 2.05552974492
2360.0 2.05542636144
2365.0 2.05527548432
2370.0 2.05518313814
2375.0 2.05505809576
2380.0 2.05495473432
2385.0 2.05484791017
2390.0 2.05475175339
2395.0 2.05465340254
2400.0 2.0545725
2405.0 2.05448559068
2410.0 2.05441443347
2415.0 2.05433938983
2420.0 2.05427755466
2425.0 2.05421395297
2430.0 2.05416144025
2435.0 2.05410843305
2440.0 2.0540660911
2445.0 2.05402325551
2450.0 2.05399023644
2455.0 2.05395757246
2460.0 2.05393387712
2465.0 2.05391053771
2470.0 2.05389658983
2475.0 2.05388257458
2480.0 2.05387752712
2485.0 2.05387241314
2490.0 2.05387668983
2495.0 2.05388047754
2500.0 2.05389280763
2505.0 2.05390507288
2510.0 2.05392630381
2515.0 2.05394704746
2520.0 2.0539763322
2525.0 2.05400513008
2530.0 2.05404246864
2535.0 2.05407889788
2540.0 2.05412386695
2545.0 2.05416835085
2550.0 2.05422095042
2555.0 2.05427221864
2560.0 2.05433498941
2565.0 2.05439685593
2570.0 2.05445751102
2575.0 2.05452531525
2580.0 2.05460207797
2585.0 2.05467200381
2590.0 2.05475300847
2595.0 2.0548335322
2600.0 2.05491793051
2605.0 2.05500608644
2610.0 2.05509642161
2615.0 2.05519051483
2620.0 2.05528721017
2625.0 2.05538639364
2630.0 2.05548902585
2635.0 2.05559414619
2640.0 2.05570229153
2645.0 2.05581292627
2650.0 2.05592616059
2655.0 2.05604188559
2660.0 2.05616020975
2665.0 2.056281025
2670.0 2.05640401483
2675.0 2.05652992034
2680.0 2.05665715254
2685.0 2.05678772458
2690.0 2.05691962288
2695.0 2.05705443814
2700.0 2.05719057839
2705.0 2.05732963729
2710.0 2.05747001949
2715.0 2.05761289788
2720.0 2.05775667542
2725.0 2.05790379661
2730.0 2.0580513928
2735.0 2.05820190975
2740.0 2.05835290085
2745.0 2.05850681398
2750.0 2.0586612
2755.0 2.05881808517
2760.0 2.0589754428
2765.0 2.05913572373
2770.0 2.05929605212
2775.0 2.05945888178
2780.0 2.05962175805
2785.0 2.05978755932
2790.0 2.05995298305
2795.0 2.06012090932
2800.0 2.06028888093
2805.0 2.06045935466
2810.0 2.06063496017
2815.0 2.0607995072
2820.0 2.0609785072
2825.0 2.06115153517
2830.0 2.06132799831
2835.0 2.06150103136
2840.0 2.0616804661
2845.0 2.06185477669
2850.0 2.06203591102
2855.0 2.06221149873
2860.0 2.06239475678
2865.0 2.06257119831
2870.0 2.0627557322
2875.0 2.06293345085
2880.0 2.06311926144
2885.0 2.06329783305
2890.0 2.06348449619
2895.0 2.06366392119
2900.0 2.06387008051
2905.0 2.06401773347
2910.0 2.06419762288
2915.0 2.06439104449
2920.0 2.06459763771
2925.0 2.06476055551
2930.0 2.06493155678
2935.0 2.06515931398
2940.0 2.06531845805
2945.0 2.06548901356
2950.0 2.06569096017
2955.0 2.06589330339
2960.0 2.06606262669
2965.0 2.06622853263
2970.0 2.06646184492
2975.0 2.06661716568
2980.0 2.06679454746
2985.0 2.06698758432
2990.0 2.06719633051
2995.0 2.06735971144
3000.0 2.06752947542
3005.0 2.06775388178
3010.0 2.06791687288
3015.0 2.06808534873
3020.0 2.06828097246
3025.0 2.06848335466
3030.0 2.06865186314
3035.0 2.06881357034
3040.0 2.06904055932
3045.0 2.06919761271
3050.0 2.06937078983
3055.0 2.06956428941
3060.0 2.06975781102
3065.0 2.06990258559
3070.0 2.07007534873
3075.0 2.07027775763
3080.0 2.07047213559
3085.0 2.07063810636
3090.0 2.07083376186
3095.0 2.07098236483
3100.0 2.0711492089
3105.0 2.0713228161
3110.0 2.07151127669
3115.0 2.07169633051
3120.0 2.07187292797
3125.0 2.07202959703
3130.0 2.07220153941
3135.0 2.07237431525
3140.0 2.07255134492
3145.0 2.07271141398
3150.0 2.07289988898
3155.0 2.0730667411
3160.0 2.07323318644
3165.0 2.07339877076
3170.0 2.07356394958
3175.0 2.07372911441
3180.0 2.07389811017
3185.0 2.07405310932
3190.0 2.07421024534
3195.0 2.07436651992
3200.0 2.07452789492
3205.0 2.07468078644
3210.0 2.07485530169
3215.0 2.07500311059
3220.0 2.0751539
3225.0 2.07531611992
3230.0 2.07547030254
3235.0 2.07561473093
3240.0 2.07577781568
3245.0 2.07592182331
3250.0 2.07606923263
3255.0 2.07622383729
3260.0 2.07637167415
3265.0 2.07651018136
3270.0 2.07666564873
3275.0 2.07680373602
3280.0 2.07694522288
3285.0 2.07709263475
3290.0 2.077234125
3295.0 2.07737179576
3300.0 2.07751413559
3305.0 2.07764248771
3310.0 2.07778355932
3315.0 2.07791911822
3320.0 2.07805722712
3325.0 2.07819278898
3330.0 2.07830886653
3335.0 2.07845036356
3340.0 2.07858000424
3345.0 2.07870497797
3350.0 2.07883462119
3355.0 2.07896044661
3360.0 2.07909348178
3365.0 2.07920405466
3370.0 2.07932904153
3375.0 2.07945105932
3380.0 2.07956757458
3385.0 2.07969510254
3390.0 2.07980950169
3395.0 2.07992262542
3400.0 2.08004295932
3405.0 2.08014422161
3410.0 2.08026625169
3415.0 2.08037768686
3420.0 2.08048531314
3425.0 2.08059632627
3430.0 2.08071031059
3435.0 2.08081539407
3440.0 2.08091412627
3445.0 2.08102005975
3450.0 2.08113023475
3455.0 2.08122981441
3460.0 2.08132473686
3465.0 2.08142516653
3470.0 2.08153026059
3475.0 2.08162518347
3480.0 2.08171587288
3485.0 2.08181122161
3490.0 2.08191123475
3495.0 2.08200107712
3500.0 2.08208838008
3505.0 2.08217822458
3510.0 2.08227273305
3515.0 2.08235791822
3520.0 2.08244141102
3525.0 2.08252617415
3530.0 2.08261560127
3535.0 2.08269570508
3540.0 2.08277538771
3545.0 2.08285506949
3550.0 2.08293941483
3555.0 2.08301486102
3560.0 2.08309624195
3565.0 2.08317084153
3570.0 2.08324629195
3575.0 2.08331877458
3580.0 2.08339210763
3585.0 2.0834595072
3590.0 2.08353877415
3595.0 2.08359303898
3600.0 2.08366510085
3605.0 2.08373292797
3610.0 2.08380160508
3615.0 2.08385502415
3620.0 2.08393260085
3625.0 2.08398941271
3630.0 2.08405427458
3635.0 2.08411575042
3640.0 2.08416366398
3645.0 2.08422302246
3650.0 2.08429381992
3655.0 2.08434385424
3660.0 2.08439007966
3665.0 2.08444392627
3670.0 2.08450540678
3675.0 2.08455078263
3680.0 2.0846211589
3685.0 2.08464195975
3690.0 2.0846890322
3695.0 2.08475898686
3700.0 2.0847891089
3705.0 2.08484126864
3710.0 2.084886225
3715.0 2.08492990932
3720.0 2.08496893305
3725.0 2.0850130428
3730.0 2.08505672797
3735.0 2.085088125
3740.0 2.0851335072
3745.0 2.08517592203
3750.0 2.08519926907
3755.0 2.08524211017
3760.0 2.08528622076
3765.0 2.08530066949
3770.0 2.08534774915
3775.0 2.08538592712
3780.0 2.08539995381
3785.0 2.08543898263
3790.0 2.08548055169
3795.0 2.0854844089
3800.0 2.08553064195
3805.0 2.08555653263
3810.0 2.08557056144
3815.0 2.08560959068
3820.0 2.08562743136
3825.0 2.08564569746
3830.0 2.08568345636
3835.0 2.0856894322
3840.0 2.08571702161
3845.0 2.08574588093
3850.0 2.08574973983
3855.0 2.08577775254
3860.0 2.08580110381
3865.0 2.08580411525
3870.0 2.08583382373
3875.0 2.08584446186
3880.0 2.08585552627
3885.0 2.08587760593
3890.0 2.08588739788
3895.0 2.08589549492
3900.0 2.08591884703
3905.0 2.08592143475
3910.0 2.08593292288
3915.0 2.08594864661
3920.0 2.08595293008
3925.0 2.08596102712
3930.0 2.08597632839
3935.0 2.08597552542
3940.0 2.0859857428
3945.0 2.08599468602
3950.0 2.08599557966
3955.0 2.08600155763
3960.0 2.08601092627
3965.0 2.08600715678
3970.0 2.08601525508
3975.0 2.0860174178
3980.0 2.08601704025
3985.0 2.08601920339
3990.0 2.08602306314
3995.0 2.08601844576
4000.0 2.0860218822
4005.0 2.08602023093
4010.0 2.08601815763
4015.0 2.08601608263
4020.0 2.08601612839
4025.0 2.08600981483
4030.0 2.08600858941
4035.0 2.08600397076
4040.0 2.08600062627
4045.0 2.08599261737
4050.0 2.08599054364
4055.0 2.08598295805
4060.0 2.08597876568
4065.0 2.08596990805
4070.0 2.08596359661
4075.0 2.08595473941
4080.0 2.08594800339
4085.0 2.08593872161
4090.0 2.08593156144
4095.0 2.08592058475
4100.0 2.08591215339
4105.0 2.08589948051
4110.0 2.08589104873
4115.0 2.08587922288
4120.0 2.08587036737
4125.0 2.08585642246
4130.0 2.08584502373
4135.0 2.08583065466
4140.0 2.08582052669
4145.0 2.08580615678
4150.0 2.08579518136
4155.0 2.08577953983
4160.0 2.08576602161
4165.0 2.08574910805
4170.0 2.08573813136
4175.0 2.08572037034
4180.0 2.08570727458
4185.0 2.08569078347
4190.0 2.08567683983
4195.0 2.08565950127
4200.0 2.08564301483
4205.0 2.08562398008
4210.0 2.08561088305
4215.0 2.08559100085
4220.0 2.08557578475
4225.0 2.08555674873
4230.0 2.08554195593
4235.0 2.08552080169
4240.0 2.08550515975
4245.0 2.08548442797
4250.0 2.08546666864
4255.0 2.08544466695
4260.0 2.08542860127
4265.0 2.08540871737
4270.0 2.08538968347
4275.0 2.08536852712
4280.0 2.08535161102
4285.0 2.08533003136
4290.0 2.08531014831
4295.0 2.08528814364
4300.0 2.08526910805
4305.0 2.08524625593
4310.0 2.0852280661
4315.0 2.08520606102
4320.0 2.08518829492
4325.0 2.08516289958
4330.0 2.0851451322
4335.0 2.08512185466
4340.0 2.08510027373
4345.0 2.08507614788
4350.0 2.08505710847
4355.0 2.08503552458
4360.0 2.08501563729
4365.0 2.08499066314
4370.0 2.08496865636
4375.0 2.08494452881
4380.0 2.08492591144
4385.0 2.08490263051
4390.0 2.0848823178
4395.0 2.08485734153
4400.0 2.08483490975
4405.0 2.08481035593
4410.0 2.08479131356
4415.0 2.08476760678
4420.0 2.08474729237
4425.0 2.08472189025
4430.0 2.08469945678
4435.0 2.08467447754
4440.0 2.08465500975
4445.0 2.08463130085
4450.0 2.08461056144
4455.0 2.0845851572
4460.0 2.08456229831
4465.0 2.0845377411
4470.0 2.08451784746
4475.0 2.08449413686
4480.0 2.08447339576
4485.0 2.08444798983
4490.0 2.08442555297
4495.0 2.08440056992
4500.0 2.08438279322
4505.0 2.08435738644
4510.0 2.08433282966
4515.0 2.08430996398
4520.0 2.08429091568
4525.0 2.08426762542
4530.0 2.08424306822
4535.0 2.0842180822
4540.0 2.08420072797
4545.0 2.08417574153
4550.0 2.08415457331
4555.0 2.0841274678
4560.0 2.08411053559
4565.0 2.08408724322
4570.0 2.08406480254
4575.0 2.08403854322
4580.0 2.08402245805
4585.0 2.08399831653
4590.0 2.08397672246
4595.0 2.08395046229
4600.0 2.08393437585
4605.0 2.0839106572
4610.0 2.08388948559
4615.0 2.08386407161
4620.0 2.08384798432
4625.0 2.08382468814
4630.0 2.08380393941
4635.0 2.08377894831
4640.0 2.08376413093
4645.0 2.08373998686
4650.0 2.08371711822
4655.0 2.08369721059
4660.0 2.08368027373
4665.0 2.0836548572
4670.0 2.08363537754
4675.0 2.0836188589
4680.0 2.08359429449
4685.0 2.08357311314
4690.0 2.08355914237
4695.0 2.08352990975
4700.0 2.08352059915
4705.0 2.08349475593
4710.0 2.08347442754
4715.0 2.08345833093
4720.0 2.08343672966
4725.0 2.08341766695
4730.0 2.08340030297
4735.0 2.08337869703
4740.0 2.08336175636
4745.0 2.08334184492
4750.0 2.08332363263
4755.0 2.08330456822
4760.0 2.08328720297
4765.0 2.08326771441
4770.0 2.08325077246
4775.0 2.08323128347
4780.0 2.08321476483
4785.0 2.08319569915
4790.0 2.08317960424
4795.0 2.08316096186
4800.0 2.08314444237
4805.0 2.08312622331
4810.0 2.08311055127
4815.0 2.08309233178
4820.0 2.08307665975
4825.0 2.08305886314
4830.0 2.08304361441
4835.0 2.0830258178
4840.0 2.08301099237
4845.0 2.08299361864
4850.0 2.08297836992
4855.0 2.08295972458
4860.0 2.08294913602
4865.0 2.08292794831
4870.0 2.08291820678
4875.0 2.08289828983
4880.0 2.08288727669
4885.0 2.08287032542
4890.0 2.08285677034
4895.0 2.08283939449
4900.0 2.08282880508
4905.0 2.08281185297
4910.0 2.08279829746
4915.0 2.08278515805
4920.0 2.08277075508
4925.0 2.0827567678
4930.0 2.08274448305
4935.0 2.08273049576
4940.0 2.08271693983
4945.0 2.08270464661
4950.0 2.08269236144
4955.0 2.08267795042
4960.0 2.08266778305
4965.0 2.08265294746
4970.0 2.08264193305
4975.0 2.08262752119
4980.0 2.08261904831
4985.0 2.08260421229
4990.0 2.0825953161
4995.0 2.08258175085
5000.0 2.08257115932
5005.0 2.08255844153
5010.0 2.08254954407
5015.0 2.08253597966
5020.0 2.08252750593
5025.0 2.08251394025
5030.0 2.08250673729
5035.0 2.08249401992
5040.0 2.08248512203
5045.0 2.08247367458
5050.0 2.08246477669
5055.0 2.08245460085
5060.0 2.08244570254
5065.0 2.08243467881
5070.0 2.08242747542
5075.0 2.08241518093
5080.0 2.08240882415
5085.0 2.08239822373
5090.0 2.08239017331
5095.0 2.08237914915
5100.0 2.08237406314
5105.0 2.08236346314
5110.0 2.08235583602
5115.0 2.08234650551
5120.0 2.08234099619
5125.0 2.08233039619
5130.0 2.08232446314
5135.0 2.08231555593
5140.0 2.08230962373
5145.0 2.08229944661
5150.0 2.08229563093
5155.0 2.08228630127
5160.0 2.08227994492
5165.0 2.08227146186
5170.0 2.08226764619
5175.0 2.08225874068
5180.0 2.08225273517
5185.0 2.08224500297
5190.0 2.08224210466
5195.0 2.08223361314
5200.0 2.08222899492
5205.0 2.08222145424
5210.0 2.08221761864
5215.0 2.08220875551
5220.0 2.08220786186
5225.0 2.08219984661
5230.0 2.08219514068
5235.0 2.08218754873
5240.0 2.08218665381
5245.0 2.08217906398
5250.0 2.08217478051
5255.0 2.08216888305
5260.0 2.08216714068
5265.0 2.08215955127
5270.0 2.08215696102
5275.0 2.08215191144
5280.0 2.08215016907
5285.0 2.08214257924
5290.0 2.08214125975
5295.0 2.0821366339
5300.0 2.08213404492
5305.0 2.08212730212
5310.0 2.08212725339
5315.0 2.08212262797
5320.0 2.08211961525
5325.0 2.08211371949
5330.0 2.0821145178
5335.0 2.08210946907
5340.0 2.08210688051
5345.0 2.08210183136
5350.0 2.08210305339
5355.0 2.08209800551
5360.0 2.08209584025
5365.0 2.08209163771
5370.0 2.08209286059
5375.0 2.08208781314
5380.0 2.08208649449
5385.0 2.08208356314
5390.0 2.08208436271
5395.0 2.08207931525
5400.0 2.08207884364
5405.0 2.08207675975
5410.0 2.08207755975
5415.0 2.08207208856
5420.0 2.08207288771
5425.0 2.08207080381
5430.0 2.08207160466
5435.0 2.08206655678
5440.0 2.08206820297
5445.0 2.08206696695
5450.0 2.08206692034
5455.0 2.08206229661
5460.0 2.08206478941
5465.0 2.08206313093
5470.0 2.08206308432
5475.0 2.0820593072
5480.0 2.08206307076
5485.0 2.08206014237
5490.0 2.08206009534
5495.0 2.08205758898
5500.0 2.08206135297
5505.0 2.08205800169
5510.0 2.08205880169
5515.0 2.08205798983
5520.0 2.08206133093
5525.0 2.08205755636
5530.0 2.08205920297
5535.0 2.08205923856
5540.0 2.08206215678
5545.0 2.0820583822
5550.0 2.08206129915
5555.0 2.08206133517
5560.0 2.08206383051
5565.0 2.08206047881
5570.0 2.08206381949
5575.0 2.08206428008
5580.0 2.08206550466
5585.0 2.08206342373
5590.0 2.08206761102
5595.0 2.08206722542
5600.0 2.08206845
5605.0 2.08206679237
5610.0 2.08207225127
5615.0 2.08207059492
5620.0 2.08207224322
5625.0 2.08207185636
5630.0 2.08207689237
5635.0 2.08207481271
5640.0 2.08207730805
5645.0 2.08207819195
5650.0 2.08208280508
5655.0 2.08207987839
5660.0 2.08208322034
5665.0 2.08208452839
5670.0 2.08208914195
5675.0 2.08208621568
5680.0 2.08209040424
5685.0 2.08209213644
5690.0 2.08209590339
5695.0 2.08209340042
5700.0 2.08209801271
5705.0 2.08209974534
5710.0 2.08210266525
5715.0 2.08210100932
5720.0 2.08210646864
5725.0 2.08210735508
5730.0 2.08210985127
5735.0 2.08210904237
5740.0 2.08211492585
5745.0 2.08211496525
5750.0 2.08211788559
5755.0 2.08211792331
5760.0 2.0821238072
5765.0 2.082123
5770.0 2.08212591992
5775.0 2.08212765212
5780.0 2.08213311356
5785.0 2.08213145932
5790.0 2.08213564958
5795.0 2.08213822924
5800.0 2.08214284449
5805.0 2.0821407661
5810.0 2.08214622669
5815.0 2.08214838347
5820.0 2.08215215212
5825.0 2.08215092034
5830.0 2.08215680466
5835.0 2.08215811525
5840.0 2.08216103602
5845.0 2.08216107542
5850.0 2.08216738347
5855.0 2.08216742373
5860.0 2.08217034492
5865.0 2.08217165424
5870.0 2.08217796314
5875.0 2.08217715678
5880.0 2.08218092458
5885.0 2.08218308136
5890.0 2.08218896737
5895.0 2.08218689025
5900.0 2.08219192839
5905.0 2.08219450932
5910.0 2.08219954915
5915.0 2.08219747119
5920.0 2.08220335636
5925.0 2.08220593814
5930.0 2.08220885975
5935.0 2.08220847669
5940.0 2.08221436144
5945.0 2.08221567331
5950.0 2.08221859534
5955.0 2.08221905847
5960.0 2.0822253678
5965.0 2.08222498559
5970.0 2.08222833093
5975.0 2.08223048814
5980.0 2.082236375
5985.0 2.08223472203
5990.0 2.08223933729
5995.0 2.08224234237
6000.0 2.08224738305
6005.0 2.08224530593
6010.0 2.08225119153
6015.0 2.08225335042
6020.0 2.08225669661
6025.0 2.08225631356
6030.0 2.08226262288
6035.0 2.08226308814
6040.0 2.08226643432
6045.0 2.08226689788
6050.0 2.08227320805
6055.0 2.08227282627
6060.0 2.08227617203
6065.0 2.08227790678
6070.0 2.08228379364
6075.0 2.08228256525
6080.0 2.08228675763
6085.0 2.08228933941
6090.0 2.08229438008
6095.0 2.08229272797
6100.0 2.08229819025
6105.0 2.08230077373
6110.0 2.08230284915
6115.0 2.08230246653
6120.0 2.08230920042
6125.0 2.08230924237
6130.0 2.08231301271
6135.0 2.08231305297
6140.0 2.08231978729
6145.0 2.08231813559
6150.0 2.08232190508
6155.0 2.08232406398
6160.0 2.08232952797
6165.0 2.08232787627
6170.0 2.0823324928
6175.0 2.08233465127
6180.0 2.08233926949
6185.0 2.08233761737
6190.0 2.08234308051
6195.0 2.0823448161
6200.0 2.08234816356
6205.0 2.08234693432
6210.0 2.08235282119
6215.0 2.08235371059
6220.0 2.08235663432
6225.0 2.08235625212
6230.0 2.08236256271
6235.0 2.08236175847
6240.0 2.08236468178
6245.0 2.08236641695
6250.0 2.08237230551
6255.0 2.08236980678
6260.0 2.08237442331
6265.0 2.0823761589
6270.0 2.08238077712
6275.0 2.08237870212
6280.0 2.08238374195
6285.0 2.08238547797
6290.0 2.08238840212
6295.0 2.08238717373
6300.0 2.08239306059
6305.0 2.08239352712
6310.0 2.08239602754
6315.0 2.08239564534
6320.0 2.08240153263
6325.0 2.08240072881
6330.0 2.08240322881
6335.0 2.08240411737
6340.0 2.08241000551
6345.0 2.08240750763
6350.0 2.08241127754
6355.0 2.08241343729
6360.0 2.08241763178
6365.0 2.08241513347
6370.0 2.08241975
6375.0 2.08242148644
6380.0 2.08242441102
6385.0 2.08242275932
6390.0 2.08242822288
6395.0 2.08242868941
6400.0 2.08243076653
6405.0 2.08242996144
6410.0 2.08243584873
6415.0 2.08243462161
6420.0 2.08243712203
6425.0 2.08243716356
6430.0 2.08244262839
6435.0 2.08244097754
6440.0 2.08244347754
6445.0 2.08244521356
6450.0 2.08244983178
6455.0 2.08244691017
6460.0 2.08245068008
6465.0 2.0824519928
6470.0 2.08245576483
6475.0 2.0824532661
6480.0 2.08245788305
6485.0 2.08245877288
6490.0 2.08246085
6495.0 2.08245919873
6500.0 2.08246423856
6505.0 2.0824642822
6510.0 2.08246593602
6515.0 2.08246470678
6520.0 2.08247017161
6525.0 2.08246894449
6530.0 2.08247186059
6535.0 2.08247275805
6540.0 2.08247441059
6545.0 2.08247403093
6550.0 2.08247822415
6555.0 2.08247615805
6560.0 2.08248161398
6565.0 2.08247911568
6570.0 2.08248119322
6575.0 2.08248081144
6580.0 2.08248542924
6585.0 2.0824825089
6590.0 2.08248881907
6595.0 2.08248801568
6600.0 2.08248924534
6605.0 2.08248928771
6610.0 2.08249136398
6615.0 2.08249183136
6620.0 2.08249348432
6625.0 2.08249352669
6630.0 2.08249645085
6635.0 2.08249353602
6640.0 2.08249983941
6645.0 2.08249564831
6650.0 2.08249941949
6655.0 2.08249988475
6660.0 2.08250238686
6665.0 2.08249903898
6670.0 2.08250535169
6675.0 2.08250073686
6680.0 2.08250747119
6685.0 2.08250582034
6690.0 2.08250662712
6695.0 2.08250878602
6700.0 2.08251086441
6705.0 2.08250794195
6710.0 2.08251213475
6715.0 2.0825087911
6720.0 2.08251382373
6725.0 2.08251175763
6730.0 2.08251341017
6735.0 2.08251345339
6740.0 2.08251637585
6745.0 2.08251387839
6750.0 2.08251764873
6755.0 2.0825151589
6760.0 2.08251934322
6765.0 2.08251557627
6770.0 2.08251892331
6775.0 2.08251981356
6780.0 2.08251892542
6785.0 2.0825223572
6790.0 2.08252189068
6795.0 2.08252066398
6800.0 2.08252358814
6805.0 2.08252193559
6810.0 2.08252443686
6815.0 2.0825232089
6820.0 2.08252485424
6825.0 2.08252490551
6830.0 2.08252528644
6835.0 2.08252575339
6840.0 2.08252656017
6845.0 2.08252617712
6850.0 2.08252783136
6855.0 2.08252618814
6860.0 2.08252910254
6865.0 2.08252703008
6870.0 2.08252952839
6875.0 2.0825308428
6880.0 2.08252825932
6885.0 2.08253254619
6890.0 2.08252910805
6895.0 2.08253
6900.0 2.08253376864
6905.0 2.08252873178
6910.0 2.08253123475
6915.0 2.08253467288
6920.0 2.08253122712
6925.0 2.0825338161
6930.0 2.08253038941
6935.0 2.08253550551
6940.0 2.08253419449
6945.0 2.08253508898
6950.0 2.08253672373
6955.0 2.0825283178
6960.0 2.08253927373
6965.0 2.08253128178
6970.0 2.08253631864
6975.0 2.08253426229
6980.0 2.08253589703
6985.0 2.08253297585
6990.0 2.08253548136
6995.0 2.08253382288
7000.0 2.08253673263
7005.0 2.08253425042
7010.0 2.08253674958
7015.0 2.08253382839
7020.0 2.08253717415
7025.0 2.08253467331
7030.0 2.08253760297
7035.0 2.08253469364
7040.0 2.08253675466
7045.0 2.08253594407
7050.0 2.08253463729
7055.0 2.08253510508
7060.0 2.08253718559
7065.0 2.08253552246
7070.0 2.08253718051
7075.0 2.08253510127
7080.0 2.08253718771
7085.0 2.08253553008
7090.0 2.08253676271
7095.0 2.08253595
7100.0 2.08253591186
7105.0 2.08253722585
7110.0 2.08253676186
7115.0 2.08253467712
7120.0 2.08253803008
7125.0 2.08253680297
7130.0 2.08253676059
7135.0 2.08253595805
7140.0 2.08253719364
7145.0 2.08253554025
7150.0 2.08253676525
7155.0 2.08253596186
7160.0 2.08253677161
7165.0 2.08253638729
7170.0 2.08253549661
7175.0 2.0825363911
7180.0 2.082535075
7185.0 2.08253724153
7190.0 2.08253591992
7195.0 2.08253512246
7200.0 2.08253591907
7205.0 2.08253468602
7210.0 2.08253592542
7215.0 2.08253427458
7220.0 2.08253592627
7225.0 2.08253469322
7230.0 2.08253550381
7235.0 2.08253469788
7240.0 2.08253466314
7245.0 2.08253512627
7250.0 2.0825346572
7255.0 2.08253216314
7260.0 2.08253634958
7265.0 2.08253342712
7270.0 2.08253380932
7275.0 2.08253343432
7280.0 2.08253466144
7285.0 2.08253215932
7290.0 2.08253593941
7295.0 2.08253132034
7300.0 2.08253423856
7305.0 2.08253132034
7310.0 2.08253339449
7315.0 2.08253131398
7320.0 2.08253211949
7325.0 2.08253216695
7330.0 2.08253085508
7335.0 2.08253089364
7340.0 2.08253255042
7345.0 2.08253090085
7350.0 2.08253169619
7355.0 2.08253048093
7360.0 2.08253212373
7365.0 2.08253005339
7370.0 2.08253128093
7375.0 2.08252919915
7380.0 2.08252958347
7385.0 2.082528775
7390.0 2.08253043602
7395.0 2.08252793941
7400.0 2.08253043814
7405.0 2.08252666271
7410.0 2.08253128644
7415.0 2.08252580805
7420.0 2.08252873898
7425.0 2.08252922669
7430.0 2.08252704619
7435.0 2.08252793856
7440.0 2.08252790127
7445.0 2.08252455212
7450.0 2.08252958602
7455.0 2.08252370466
7460.0 2.08252535339
7465.0 2.08252581229
7470.0 2.08252662627
7475.0 2.08252328263
7480.0 2.08252704703
7485.0 2.08252455339
7490.0 2.08252493644
7495.0 2.08252455169
7500.0 2.08252578136
7505.0 2.08252200805
7510.0 2.08252365932
7515.0 2.08252370763
7520.0 2.08252409153
7525.0 2.08252031992
7530.0 2.08252536271
7535.0 2.08252201314
7540.0 2.08252155
7545.0 2.08252286864
7550.0 2.08252112246
7555.0 2.08252116441
7560.0 2.08252112797
7565.0 2.08251988814
7570.0 2.08252112203
7575.0 2.08251991102
7580.0 2.08251900254
7585.0 2.08251905085
7590.0 2.08251985466
7595.0 2.08251905127
7600.0 2.08251986017
7605.0 2.08251692712
7610.0 2.08251899322
7615.0 2.082518625
7620.0 2.08251773644
7625.0 2.08251820381
7630.0 2.08251774195
7635.0 2.0825156661
7640.0 2.08251774195
7645.0 2.08251651102
7650.0 2.08251604831
7655.0 2.08251610127
7660.0 2.08251604492
7665.0 2.08251566568
7670.0 2.08251605
7675.0 2.08251397288
7680.0 2.08251604407
7685.0 2.08251396822
7690.0 2.08251519534
7695.0 2.08251439788
7700.0 2.08251392712
7705.0 2.08251270254
7710.0 2.08251477712
7715.0 2.08251015932
7720.0 2.08251435127
7725.0 2.0825101589
7730.0 2.08251350381
7735.0 2.08251227797
7740.0 2.08251180847
7745.0 2.08251100847
7750.0 2.08251180932
7755.0 2.08251016102
7760.0 2.08251180805
7765.0 2.08250973983
7770.0 2.08250969195
7775.0 2.0825084678
7780.0 2.08251181568
7785.0 2.08250592712
7790.0 2.0825096911
7795.0 2.08250930593
7800.0 2.08250926864
7805.0 2.08250845975
7810.0 2.08250841356
7815.0 2.08250592754
7820.0 2.08251012331
7825.0 2.08250550339
7830.0 2.08251053941
7835.0 2.08250380932
7840.0 2.08250715127
7845.0 2.08250549788
7850.0 2.08250672585
7855.0 2.08250423729
7860.0 2.08250715466
7865.0 2.08250381186
7870.0 2.08250631102
7875.0 2.08250508008
7880.0 2.08250376186
7885.0 2.08250296186
7890.0 2.08250588136
7895.0 2.08250126864
7900.0 2.08250587797
7905.0 2.08250211441
7910.0 2.08250291525
7915.0 2.08250252712
7920.0 2.08250376822
7925.0 2.08250211525
7930.0 2.08250376271
7935.0 2.08249999915
7940.0 2.08250417542
7945.0 2.08249872712
7950.0 2.08250418729
7955.0 2.08249914958
7960.0 2.08250333771
7965.0 2.08249957712
7970.0 2.082500375
7975.0 2.08250084449
7980.0 2.08250038136
7985.0 2.08249872076
7990.0 2.082500375
7995.0 2.08249745593
8000.0 2.08250038051
8005.0 2.08249788093
8010.0 2.08249910339
8015.0 2.08249829619
8020.0 2.08249741017
8025.0 2.08249999873
8030.0 2.08249614153
8035.0 2.08249576229
8040.0 2.08249868686
8045.0 2.08249407076
8050.0 2.08249909746
8055.0 2.08249576144
8060.0 2.08249656441
8065.0 2.08249533898
8070.0 2.08249656864
8075.0 2.08249448771
8080.0 2.08249741271
8085.0 2.08249492119
8090.0 2.08249614237
8095.0 2.08249406907
8100.0 2.08249614492
8105.0 2.08249406653
8110.0 2.08249486695
8115.0 2.08249363729
8120.0 2.0824965678
8125.0 2.08249110085
8130.0 2.0824974089
8135.0 2.08249194449
8140.0 2.08249232797
8145.0 2.08249491356
8150.0 2.08249360212
8155.0 2.08249279576
8160.0 2.08249401949
8165.0 2.082491525
8170.0 2.08249402627
8175.0 2.08249110085
8180.0 2.08249232458
8185.0 2.0824911
8190.0 2.08249274958
8195.0 2.08249066949
8200.0 2.082493175
8205.0 2.08249025508
8210.0 2.08249274449
8215.0 2.0824893928
8220.0 2.08249274746
8225.0 2.08248981568
8230.0 2.08249020551
8235.0 2.08249025212
8240.0 2.08249063559
8245.0 2.08248771102
8250.0 2.08249190763
8255.0 2.08248898008
8260.0 2.08249147669
8265.0 2.08248601229
8270.0 2.08249317288
8275.0 2.08248812839
8280.0 2.08248978432
8285.0 2.08248897627
8290.0 2.08248979025
8295.0 2.08248728814
8300.0 2.0824885161
8305.0 2.08248770381
8310.0 2.08248935763
8315.0 2.08248770593
8320.0 2.08248809364
8325.0 2.08248559449
8330.0 2.08248893898
8335.0 2.08248770466
8340.0 2.08248808602
8345.0 2.08248601059
8350.0 2.08248809364
8355.0 2.08248601822
8360.0 2.08248809153
8365.0 2.08248643263
8370.0 2.08248681525
8375.0 2.08248516314
8380.0 2.08248766949
8385.0 2.08248559407
8390.0 2.08248682076
8395.0 2.08248516144
8400.0 2.08248681398
8405.0 2.08248474025
8410.0 2.08248639831
8415.0 2.08248516907
8420.0 2.08248639703
8425.0 2.08248431398
8430.0 2.08248638941
8435.0 2.0824843161
8440.0 2.08248512754
8445.0 2.08248432119
8450.0 2.08248639619
8455.0 2.0824838911
8460.0 2.08248511864
8465.0 2.08248431483
8470.0 2.08248470381
8475.0 2.08248305085
8480.0 2.08248554746
8485.0 2.08248389025
8490.0 2.08248469619
8495.0 2.08248261949
8500.0 2.08248511949
8505.0 2.0824830411
8510.0 2.08248385551
8515.0 2.08248304915
8520.0 2.08248512585
8525.0 2.08248177203
8530.0 2.08248470169
8535.0 2.08248305254
8540.0 2.08248470127
8545.0 2.08248219703
8550.0 2.08248428008
8555.0 2.08248220254
8560.0 2.08248300466
8565.0 2.08248219492
8570.0 2.08248384619
8575.0 2.08248261907
8580.0 2.08248300678
8585.0 2.08248135508
8590.0 2.08248342797
8595.0 2.08248261695
8600.0 2.08248342373
8605.0 2.08248092415
8610.0 2.08248300551
8615.0 2.08248177797
8620.0 2.08248342881
8625.0 2.0824821928
8630.0 2.08248299831
8635.0 2.08248050085
8640.0 2.08248300551
8645.0 2.08248177669
8650.0 2.08248258136
8655.0 2.08248134534
8660.0 2.08248299703
8665.0 2.08248050042
8670.0 2.08248173475
8675.0 2.08248135212
8680.0 2.08248300381
8685.0 2.08248049831
8690.0 2.08248214958
8695.0 2.08248092288
8700.0 2.08248173475
8705.0 2.08248092881
8710.0 2.08248300254
8715.0 2.08248049831
8720.0 2.08248130297
8725.0 2.08248092161
8730.0 2.08248173432
8735.0 2.08247880932
8740.0 2.08248299661
8745.0 2.08248049746
8750.0 2.08248215932
8755.0 2.08247880085
8760.0 2.08248257966
8765.0 2.0824792339
8770.0 2.08248088644
8775.0 2.08248007119
8780.0 2.08248172712
8785.0 2.08248049703
8790.0 2.08248173347
8795.0 2.0824796572
8800.0 2.08248173093
8805.0 2.08248007288
8810.0 2.08248172415
8815.0 2.08248007373
8820.0 2.08248046229
8825.0 2.08247965551
8830.0 2.08248257712
8835.0 2.08248007288
8840.0 2.08248087712
8845.0 2.08248007288
8850.0 2.0824813089
8855.0 2.08248008008
8860.0 2.08248172966
8865.0 2.08248049534
8870.0 2.08248130127
8875.0 2.08247964915
8880.0 2.08248130763
8885.0 2.08248007966
8890.0 2.08248130636
8895.0 2.08248091822
8900.0 2.08248130763
8905.0 2.08247923305
8910.0 2.08248130847
8915.0 2.08248092373
8920.0 2.08248129958
8925.0 2.08247837797
8930.0 2.08248257797
8935.0 2.08247880847
8940.0 2.08248172966
8945.0 2.08248050085
8950.0 2.08248087797
8955.0 2.08247922331
8960.0 2.08248257881
8965.0 2.08248050212
8970.0 2.08248088178
8975.0 2.08248006949
8980.0 2.08248087542
8985.0 2.08247964873
8990.0 2.08248215339
8995.0 2.08248007839
9000.0 2.08248045763
9005.0 2.0824804928
9010.0 2.08248172203
9015.0 2.08247964831
9020.0 2.08248130593
9025.0 2.08247965339
9030.0 2.08248130508
9035.0 2.08247964534
9040.0 2.08248129746
9045.0 2.08248007119
9050.0 2.08248130636
9055.0 2.08247965297
9060.0 2.08248215127
9065.0 2.08247837627
9070.0 2.08248299873
9075.0 2.08247964492
9080.0 2.08248088093
9085.0 2.08247964661
9090.0 2.08248214237
9095.0 2.08247879958
9100.0 2.08248257415
9105.0 2.08248007712
9110.0 2.08248215127
9115.0 2.08247922161
9120.0 2.08248214364
9125.0 2.08247879915
9130.0 2.08248215212
9135.0 2.08247964407
9140.0 2.08248215127
9145.0 2.08247922288
9150.0 2.08248257627
9155.0 2.08247964449
9160.0 2.08248172627
9165.0 2.08247965339
9170.0 2.08248299831
9175.0 2.08247964449
9180.0 2.08248129619
9185.0 2.08247921737
9190.0 2.08248256907
9195.0 2.08248006737
9200.0 2.08248172712
9205.0 2.08247964492
9210.0 2.08248299831
9215.0 2.08248006822
9220.0 2.08248172669
9225.0 2.08248049788
9230.0 2.082482575
9235.0 2.08248048983
9240.0 2.08248130466
9245.0 2.08248049153
9250.0 2.08248215
9255.0 2.08248049153
9260.0 2.08248215
9265.0 2.08248049195
9270.0 2.08248299831
9275.0 2.0824804911
9280.0 2.08248214958
9285.0 2.0824800678
9290.0 2.08248299746
9295.0 2.08248049153
9300.0 2.08248257415
9305.0 2.0824804911
9310.0 2.08248299703
9315.0 2.0824804911
9320.0 2.08248257331
9325.0 2.0824804911
9330.0 2.08248257331
9335.0 2.08248091441
9340.0 2.08248257288
9345.0 2.0824804911
9350.0 2.08248257331
9355.0 2.08248091483
9360.0 2.08248341568
9365.0 2.0824809161
9370.0 2.08248257373
9375.0 2.08248091483
9380.0 2.08248299873
9385.0 2.08248134492
9390.0 2.08248299619
9395.0 2.08248091314
9400.0 2.08248298941
9405.0 2.08248133856
9410.0 2.08248299746
9415.0 2.08248134492
9420.0 2.08248341949
9425.0 2.08248134492
9430.0 2.08248341864
9435.0 2.08248133432
9440.0 2.08248299492
9445.0 2.08248176144
9450.0 2.08248342076
9455.0 2.08248134492
9460.0 2.08248299534
9465.0 2.08248133644
9470.0 2.08248341271
9475.0 2.08248176144
9480.0 2.08248384449
9485.0 2.08248176822
9490.0 2.08248341907
9495.0 2.08248175975
9500.0 2.08248341949
9505.0 2.08248218475
9510.0 2.08248342119
9515.0 2.08248176822
9520.0 2.08248384237
9525.0 2.08248175975
9530.0 2.08248383602
9535.0 2.08248218517
9540.0 2.08248384407
9545.0 2.0824821911
9550.0 2.08248341864
9555.0 2.08248218347
9560.0 2.0824838428
9565.0 2.08248260763
9570.0 2.0824838428
9575.0 2.08248176059
9580.0 2.08248426653
9585.0 2.08248218432
9590.0 2.0824842661
9595.0 2.08248260805
9600.0 2.08248426653
9605.0 2.08248218432
9610.0 2.08248426653
9615.0 2.08248303136
9620.0 2.0824842661
9625.0 2.08248260763
9630.0 2.08248426653
9635.0 2.08248260805
9640.0 2.08248468983
9645.0 2.08248260763
9650.0 2.08248468983
9655.0 2.08248260763
9660.0 2.0824842661
9665.0 2.08248303136
9670.0 2.08248468941
9675.0 2.08248303093
9680.0 2.08248468983
9685.0 2.08248303093
9690.0 2.0824842661
9695.0 2.08248345508
9700.0 2.08248468771
9705.0 2.08248345466
9710.0 2.08248510551
9715.0 2.08248303093
9720.0 2.0824842661
9725.0 2.08248346229
9730.0 2.08248511356
9735.0 2.08248345424
9740.0 2.0824846822
9745.0 2.08248345
9750.0 2.08248510763
9755.0 2.08248388008
9760.0 2.08248511398
9765.0 2.08248345466
9770.0 2.0824846911
9775.0 2.08248303814
9780.0 2.08248553644
9785.0 2.08248345381
9790.0 2.08248552966
9795.0 2.08248387839
9800.0 2.08248511398
9805.0 2.08248303814
9810.0 2.08248511229
9815.0 2.08248346186
9820.0 2.0824863839
9825.0 2.08248345466
9830.0 2.08248552966
9835.0 2.08248260551
9840.0 2.08248638432
9845.0 2.08248387669
9850.0 2.08248553686
9855.0 2.08248303093
9860.0 2.08248596144
9865.0 2.08248472797
9870.0 2.08248638475
9875.0 2.08248303093
9880.0 2.08248511314
9885.0 2.08248472585
9890.0 2.0824863839
9895.0 2.08248387839
9900.0 2.08248468729
9905.0 2.08248430169
9910.0 2.08248722331
9915.0 2.08248387839
9920.0 2.08248511314
9925.0 2.08248388559
9930.0 2.08248723602
9935.0 2.08248515042
9940.0 2.08248511271
9945.0 2.08248387881
9950.0 2.08248723136
9955.0 2.08248472542
9960.0 2.08248596017
9965.0 2.08248345975
9970.0 2.08248638347
9975.0 2.08248557288
9980.0 2.08248637669
9985.0 2.08248303051
9990.0 2.08248596017
9995.0 2.08248473263
10000.0 2.08248765636
