/*--------------------------------*- C++ -*----------------------------------*\
| =========                 |                                                 |
| \\      /  F ield         | OpenFOAM: The Open Source CFD Toolbox           |
|  \\    /   O peration     | Version:  2.3.0                                 |
|   \\  /    A nd           | Web:      www.OpenFOAM.org                      |
|    \\/     M anipulation  |                                                 |
\*---------------------------------------------------------------------------*/
FoamFile
{
    version     2.0;
    format      ascii;
    class       volScalarField;
    location    "5000";
    object      p;
}
// * * * * * * * * * * * * * * * * * * * * * * * * * * * * * * * * * * * * * //

dimensions      [0 2 -2 0 0 0 0];

internalField   nonuniform List<scalar> 
6692
(
-0.184147
0.194724
1.23944
3.047
5.88021
9.95988
15.5314
23.435
34.3641
45.7231
53.4179
69.0966
18.2546
21.9582
26.9147
33.3793
41.5772
51.6161
63.4734
77.0651
92.1096
108.103
124.668
141.475
33.188
38.4801
44.5812
51.3916
58.8926
67.0271
75.7076
84.8208
94.1859
103.627
112.993
122.149
44.0902
49.8112
56.2252
63.178
70.6354
78.5082
86.6804
95.0177
103.367
111.572
119.48
126.952
52.3394
57.7251
63.6255
69.7933
76.2233
82.86
89.6369
96.485
103.319
110.049
116.581
122.839
58.6565
63.5299
68.9329
74.5166
80.2962
86.2251
92.254
98.3303
104.388
110.36
116.173
121.765
63.4467
67.7128
72.5813
77.5742
82.7319
88.0191
93.4038
98.8457
104.294
109.694
114.985
120.109
66.8167
70.7318
75.1738
79.6982
84.387
89.2083
94.1267
99.1057
104.097
109.079
114.002
118.798
69.9891
73.401
77.3169
81.4044
85.7152
90.1139
94.6485
99.2967
103.978
108.658
113.269
117.801
73.4233
75.856
79.5204
83.1459
87.0694
90.9768
95.112
99.5613
104.18
108.752
113.056
117.326
120.545
149.398
168.481
183.341
195.598
205.041
211.507
214.99
215.636
213.809
210.482
206.823
156.589
168.739
178.751
186.879
193.137
197.562
200.288
201.521
201.46
200.305
198.589
196.728
131.104
140.016
148.705
156.906
164.399
170.998
176.541
180.904
183.996
185.812
186.692
186.889
134.001
140.765
147.238
153.298
158.835
163.762
168.014
171.546
174.314
176.308
177.73
178.657
128.853
134.716
140.4
145.809
150.853
155.459
159.568
163.129
166.098
168.453
170.318
171.731
127.134
132.328
137.326
142.065
146.483
150.535
154.186
157.407
160.175
162.47
164.409
166.058
125.05
129.825
134.402
138.73
142.759
146.462
149.82
152.808
155.425
157.635
159.544
161.209
123.439
127.913
132.177
136.184
139.895
143.307
146.433
149.212
151.698
153.796
155.643
157.299
122.209
126.445
130.444
134.197
137.694
140.914
143.903
146.47
148.845
150.739
152.502
154.071
121.462
125.407
129.111
132.616
135.914
138.946
141.726
143.961
146.226
147.873
149.608
151.02
-53.3195
-54.2937
-55.0004
-55.3836
-55.3617
-54.9043
-54.0051
-52.6759
-50.9347
-48.7526
-45.6312
-39.0738
-52.847
-53.5466
-54.1813
-54.4226
-54.1557
-53.3085
-51.7451
-49.308
-45.8064
-41.0088
-34.8416
-27.6648
-51.1616
-51.784
-52.2053
-52.1514
-51.4922
-50.1578
-48.058
-45.0908
-41.1578
-36.2386
-30.4756
-24.3414
-48.9686
-49.307
-49.4608
-49.1395
-48.232
-46.6903
-44.4571
-41.4858
-37.7639
-33.3512
-28.4163
-23.282
-46.4451
-46.6542
-46.6251
-46.1369
-45.1152
-43.5245
-41.3233
-38.4873
-35.0278
-31.0052
-26.5575
-21.9319
-43.7286
-44.0286
-43.8902
-43.3072
-42.2483
-40.691
-38.5849
-35.9119
-32.6832
-28.9485
-24.8123
-20.4716
-41.0684
-41.5217
-41.3365
-40.7201
-39.6634
-38.1968
-36.2188
-33.6992
-30.6571
-27.1534
-23.2612
-19.1422
-38.7839
-39.232
-38.9968
-38.3921
-37.3182
-35.9575
-34.1086
-31.677
-28.7041
-25.3392
-21.5714
-17.5392
-36.7115
-37.1327
-36.9112
-36.411
-35.2039
-34.0906
-32.5256
-30.173
-27.253
-24.1714
-20.6871
-16.919
-33.7855
-34.355
-34.5001
-33.7664
-31.4686
-31.1579
-30.5078
-27.126
-23.3062
-20.4139
-16.7616
-12.451
-25.5877
-18.8904
-14.2329
-9.63286
-5.03239
-0.534157
3.89275
8.31021
12.7807
17.3459
22.0144
26.8342
-20.0758
-15.4342
-12.5791
-9.53188
-6.08614
-2.30128
1.7356
5.94435
10.2806
14.7257
19.2293
23.7362
-18.4064
-13.0562
-9.59007
-6.73553
-3.77323
-0.627843
2.70933
6.23052
9.93114
13.8121
17.8453
21.9281
-18.2124
-13.2126
-9.41407
-6.42156
-3.38784
-0.277828
2.92588
6.23103
9.65145
13.2056
16.9053
20.7751
-17.3345
-12.8286
-9.05526
-6.0674
-3.06318
-0.0132792
3.0974
6.26875
9.508
12.8193
16.2335
19.8099
-16.1324
-11.9021
-8.16808
-5.1572
-2.20457
0.748922
3.71922
6.71139
9.73348
12.7789
15.8878
19.192
-14.9776
-10.8851
-7.16882
-4.11732
-1.19927
1.67832
4.52603
7.35739
10.1834
12.9981
15.8445
18.8987
-13.4317
-9.4533
-5.91956
-2.98368
-0.175461
2.59884
5.33291
8.02995
10.693
13.3213
15.9516
18.7436
-12.8724
-8.67296
-4.96586
-1.97112
0.800228
3.50561
6.14983
8.73369
11.248
13.7142
16.1596
18.7047
-7.82422
-3.99886
-2.43935
-0.592621
1.77966
4.26236
6.84077
9.34471
11.6992
14.0305
16.3347
18.684
-165.702
-153.129
-138.892
-126.928
-114.089
-99.5588
-84.7463
-70.365
-56.7289
-44.3674
-33.8241
-25.721
-95.5385
-95.5943
-94.7468
-93.4692
-92.3508
-90.9625
-88.0767
-83.0926
-75.9658
-66.9103
-56.4251
-46.3111
-101.678
-101.546
-101.543
-101.285
-100.253
-98.2211
-95.3054
-91.376
-85.9421
-78.7844
-69.8376
-60.7383
-94.6962
-94.672
-94.5829
-94.4274
-94.1548
-93.6295
-92.5979
-90.8701
-88.2155
-84.061
-77.715
-71.0886
-93.9898
-93.9754
-93.9587
-93.896
-93.7393
-93.4165
-92.7882
-91.6408
-89.7867
-86.9571
-82.4641
-77.1638
-92.0869
-92.075
-92.0491
-91.9956
-91.8951
-91.7128
-91.3821
-90.777
-89.7123
-87.9072
-84.8515
-79.7417
-91.1012
-91.091
-91.0719
-91.0302
-90.9512
-90.8084
-90.5621
-90.1366
-89.4022
-88.161
-86.043
-81.2132
-90.1923
-90.1822
-90.16
-90.1167
-90.0428
-89.9201
-89.7225
-89.4007
-88.8703
-87.9881
-86.5305
-82.6509
-89.6084
-89.5976
-89.5751
-89.5324
-89.4619
-89.3492
-89.1733
-88.9013
-88.4817
-87.827
-86.8081
-84.0975
-89.2191
-89.2084
-89.1869
-89.147
-89.0831
-88.983
-88.8296
-88.6004
-88.2648
-87.7662
-86.9948
-85.066
-89.0008
-88.9917
-88.973
-88.9388
-88.8847
-88.8002
-88.6707
-88.4792
-88.2047
-87.807
-87.1888
-85.6555
-88.88
-88.8732
-88.8588
-88.8331
-88.7931
-88.7306
-88.6344
-88.4912
-88.2866
-87.995
-87.5535
-86.7044
-88.7842
-88.7802
-88.7708
-88.7545
-88.7294
-88.6898
-88.627
-88.5284
-88.3812
-88.1736
-87.8566
-86.8578
-88.6438
-88.6426
-88.6388
-88.6328
-88.6243
-88.6108
-88.5874
-88.5466
-88.4796
-88.3708
-88.1858
-88.1321
-88.3906
-88.3915
-88.3918
-88.3928
-88.3954
-88.3984
-88.3994
-88.3919
-88.3665
-88.308
-88.1645
-87.6934
-87.9995
-88.0013
-88.0042
-88.0094
-88.0185
-88.0319
-88.0496
-88.0689
-88.0837
-88.072
-88.0223
-88.4474
-87.4772
-87.4781
-87.4802
-87.4832
-87.488
-87.4939
-87.4997
-87.5
-87.4852
-87.4371
-87.3098
-86.7856
-86.8889
-86.8886
-86.889
-86.889
-86.8884
-86.8857
-86.8787
-86.8609
-86.8221
-86.7429
-86.5515
-85.8276
-86.2678
-86.267
-86.2663
-86.2641
-86.2597
-86.2511
-86.2357
-86.208
-86.1576
-86.0595
-85.8664
-85.7413
-85.6503
-85.6492
-85.647
-85.6421
-85.6334
-85.6183
-85.5932
-85.551
-85.4794
-85.3561
-85.1358
-84.6972
-85.055
-85.0539
-85.0514
-85.046
-85.0365
-85.0202
-84.9938
-84.9512
-84.8821
-84.7717
-84.6025
-84.378
-84.4888
-84.4878
-84.485
-84.4789
-84.4685
-84.4513
-84.4241
-84.3808
-84.3119
-84.2036
-84.0399
-83.7787
-83.9502
-83.9494
-83.9466
-83.9408
-83.9309
-83.9145
-83.889
-83.8494
-83.7876
-83.6922
-83.5458
-83.3301
-83.4386
-83.4378
-83.4348
-83.4286
-83.4184
-83.402
-83.3769
-83.3383
-83.279
-83.1901
-83.0625
-82.8341
-82.9496
-82.9489
-82.9461
-82.9401
-82.9301
-82.9138
-82.8889
-82.8508
-82.7929
-82.7063
-82.5769
-82.3593
-82.4891
-82.4882
-82.485
-82.4784
-82.4678
-82.4511
-82.4259
-82.388
-82.3312
-82.2463
-82.1178
-81.9226
-82.05
-82.0492
-82.0461
-82.0397
-82.0293
-82.0128
-81.9877
-81.9501
-81.8941
-81.8108
-81.683
-81.4736
-81.6368
-81.6359
-81.6325
-81.626
-81.6155
-81.5992
-81.5751
-81.5394
-81.4867
-81.4094
-81.2946
-81.1226
-81.2383
-81.2377
-81.2347
-81.2286
-81.2187
-81.203
-81.1795
-81.1449
-81.0949
-81.0239
-80.9254
-80.7992
-80.8642
-80.8634
-80.86
-80.8532
-80.8423
-80.8256
-80.8006
-80.7635
-80.7091
-80.6308
-80.5162
-80.2584
-80.5076
-80.5069
-80.5036
-80.4971
-80.4865
-80.4701
-80.4456
-80.4095
-80.357
-80.2815
-80.1807
-80.1308
-80.1745
-80.1734
-80.1696
-80.1624
-80.1509
-80.1335
-80.1076
-80.0693
-80.0135
-79.9355
-79.8303
-79.5917
-79.8575
-79.8565
-79.8528
-79.8458
-79.8346
-79.8175
-79.7919
-79.7542
-79.6999
-79.6236
-79.5191
-79.3998
-79.5629
-79.5616
-79.5574
-79.5497
-79.5378
-79.5198
-79.493
-79.4535
-79.396
-79.3132
-79.1935
-78.9965
-79.2848
-79.2837
-79.2798
-79.2725
-79.261
-79.2434
-79.2172
-79.1784
-79.1219
-79.0398
-78.9192
-78.7571
-79.0296
-79.0284
-79.0243
-79.017
-79.0057
-78.9888
-78.9636
-78.9264
-78.8717
-78.7905
-78.6674
-78.4728
-78.7841
-78.7831
-78.7795
-78.7732
-78.7633
-78.7485
-78.7266
-78.6948
-78.6491
-78.5811
-78.4835
-78.5069
-78.5506
-78.5493
-78.5455
-78.5386
-78.5284
-78.5131
-78.4904
-78.457
-78.4083
-78.3401
-78.2519
-78.1196
-78.3242
-78.3228
-78.3191
-78.3127
-78.303
-78.2881
-78.2657
-78.2319
-78.1819
-78.111
-78.0107
-77.7905
-78.1087
-78.1072
-78.1035
-78.0972
-78.0881
-78.0745
-78.054
-78.0232
-77.9773
-77.9092
-77.8096
-77.6903
-77.8907
-77.8896
-77.8866
-77.8817
-77.8743
-77.863
-77.8458
-77.8196
-77.7805
-77.7227
-77.6424
-77.5688
-77.6747
-77.6735
-77.6707
-77.6661
-77.6595
-77.6496
-77.6343
-77.6105
-77.5735
-77.5184
-77.4408
-77.2948
-77.4484
-77.4474
-77.4452
-77.442
-77.4375
-77.4305
-77.4192
-77.4009
-77.3716
-77.3265
-77.2605
-77.1587
-77.2113
-77.2102
-77.2084
-77.206
-77.203
-77.1985
-77.1909
-77.1779
-77.1558
-77.1201
-77.0649
-76.9774
-76.9497
-76.9492
-76.9484
-76.948
-76.9477
-76.9471
-76.9448
-76.9387
-76.9256
-76.9003
-76.8506
-76.7157
-76.6625
-76.6626
-76.6627
-76.664
-76.6665
-76.6702
-76.6745
-76.6783
-76.6796
-76.6748
-76.6597
-76.662
-76.3346
-76.335
-76.3356
-76.3383
-76.3434
-76.3509
-76.3606
-76.3721
-76.3843
-76.3956
-76.4093
-76.4484
-75.9564
-75.9584
-75.9607
-75.9658
-75.9737
-75.9849
-75.9993
-76.0165
-76.035
-76.0533
-76.0663
-76.0042
-75.5337
-75.536
-75.5393
-75.5464
-75.5573
-75.5728
-75.5931
-75.6183
-75.6475
-75.6782
-75.7105
-75.7781
-75.0581
-75.061
-75.0654
-75.0742
-75.0879
-75.1074
-75.1334
-75.1661
-75.2056
-75.2506
-75.2995
-75.3464
-74.5211
-74.5248
-74.5307
-74.5422
-74.5598
-74.5847
-74.6177
-74.6598
-74.711
-74.7704
-74.8296
-74.827
-73.9189
-73.9234
-73.9312
-73.9457
-73.9677
-73.999
-74.0412
-74.0961
-74.165
-74.2481
-74.348
-74.4818
-73.2425
-73.2467
-73.2558
-73.2731
-73.2993
-73.3369
-73.3877
-73.4538
-73.537
-73.6387
-73.7678
-73.967
-72.4809
-72.4867
-72.4988
-72.5202
-72.5523
-72.5976
-72.6585
-72.7373
-72.8352
-72.9532
-73.0825
-73.0786
-71.6355
-71.6421
-71.6567
-71.6829
-71.7221
-71.7779
-71.8537
-71.9538
-72.0822
-72.2416
-72.4343
-72.7614
-70.6881
-70.6958
-70.713
-70.7438
-70.7899
-70.8553
-70.9445
-71.0625
-71.2142
-71.4048
-71.6358
-71.8793
-69.6296
-69.6388
-69.6593
-69.6958
-69.75
-69.8269
-69.9317
-70.0704
-70.2488
-70.4717
-70.7394
-71.0789
-68.4543
-68.4653
-68.4897
-68.5327
-68.5961
-68.6859
-68.8081
-68.9701
-69.1785
-69.4381
-69.7474
-70.1269
-67.156
-67.1684
-67.1968
-67.2468
-67.3208
-67.4257
-67.5689
-67.759
-68.0045
-68.311
-68.6764
-69.1292
-65.7165
-65.7323
-65.7667
-65.8261
-65.9135
-66.0366
-66.2047
-66.428
-66.7165
-67.0775
-67.5082
-68.0181
-64.1401
-64.1584
-64.1988
-64.268
-64.3696
-64.5132
-64.7094
-64.9704
-65.3086
-65.7335
-66.2542
-66.9373
-62.4134
-62.4352
-62.4824
-62.5628
-62.6807
-62.847
-63.0741
-63.3761
-63.7671
-64.2577
-64.8518
-65.5539
-60.5338
-60.5596
-60.6151
-60.7088
-60.8458
-61.0387
-61.302
-61.652
-62.1052
-62.6741
-63.3601
-64.1975
-58.5011
-58.532
-58.5975
-58.7066
-58.8658
-59.0892
-59.3937
-59.7976
-60.3192
-60.972
-61.7544
-62.6226
-56.3242
-56.3607
-56.4375
-56.5647
-56.7497
-57.0097
-57.3636
-57.8326
-58.4368
-59.1884
-60.0892
-61.211
-54.0038
-54.0483
-54.14
-54.2893
-54.5062
-54.8098
-55.2228
-55.7688
-56.4703
-57.3428
-58.3887
-59.5754
-51.566
-51.6194
-51.7281
-51.9033
-52.1574
-52.5127
-52.9948
-53.6308
-54.4454
-55.4537
-56.658
-58.069
-49.0371
-49.1012
-49.231
-49.4378
-49.7364
-50.1527
-50.7158
-51.4552
-52.3963
-53.5515
-54.8999
-56.3431
-46.482
-46.5597
-46.7153
-46.9603
-47.313
-47.8028
-48.4627
-49.3242
-50.4118
-51.7312
-53.2411
-54.7938
-43.972
-44.0681
-44.2576
-44.5515
-44.9728
-45.5548
-46.3335
-47.3413
-48.5976
-50.0943
-51.7653
-53.444
-41.5625
-41.6891
-41.931
-42.2971
-42.8159
-43.5253
-44.4619
-45.6532
-47.1043
-48.7799
-50.5909
-52.3923
-39.5729
-39.7321
-40.0395
-40.5
-41.1484
-42.0242
-43.1569
-44.5567
-46.2012
-48.0198
-49.9213
-51.8047
-38.5639
-38.7535
-39.1587
-39.7567
-40.5638
-41.6102
-42.9205
-44.4901
-46.2661
-48.1399
-50.0109
-51.8383
-37.6471
-37.8937
-38.4495
-39.3229
-40.5035
-41.9771
-43.703
-45.5933
-47.5001
-49.2662
-50.7437
-51.7538
-39.3076
-42.1564
-44.2675
-45.7011
-46.7813
-47.7779
-48.7683
-49.7609
-50.7332
-51.6055
-52.2518
-52.5229
355.417
351.42
343.879
333.006
318.759
302.172
284.551
267.283
251.456
237.582
225.937
216.854
274.027
274.452
273.161
271.225
268.755
265.5
261.057
255.135
247.679
238.937
229.657
220.755
263.09
263.261
262.519
261.274
259.351
256.652
253.1
248.633
243.171
236.651
229.304
221.727
261.004
260.449
259.315
257.781
255.734
253.069
249.685
245.505
240.482
234.592
227.944
220.895
248.083
247.763
247.262
246.498
245.387
243.83
241.706
238.878
235.218
230.624
225.109
218.879
237.345
237.206
236.993
236.586
235.947
234.991
233.613
231.688
229.075
225.631
221.288
216.168
229.975
229.872
229.688
229.344
228.826
228.067
226.983
225.474
223.42
220.683
217.154
212.91
223.407
223.325
223.171
222.891
222.476
221.869
221.004
219.797
218.144
215.92
213.002
209.445
217.222
217.164
217.049
216.837
216.519
216.048
215.369
214.411
213.08
211.262
208.82
205.711
211.665
211.622
211.531
211.361
211.105
210.725
210.174
209.392
208.297
206.787
204.73
202.026
206.655
206.621
206.545
206.403
206.188
205.87
205.409
204.754
203.835
202.564
200.824
198.508
202.036
202.009
201.945
201.825
201.644
201.375
200.985
200.43
199.65
198.567
197.079
195.082
197.74
197.718
197.664
197.562
197.407
197.177
196.844
196.369
195.7
194.77
193.485
191.753
193.724
193.706
193.66
193.572
193.438
193.239
192.95
192.538
191.957
191.147
190.017
188.461
189.949
189.936
189.896
189.819
189.702
189.527
189.274
188.913
188.404
187.695
186.706
185.331
186.382
186.373
186.339
186.271
186.167
186.013
185.789
185.471
185.022
184.399
183.541
182.335
182.993
182.988
182.958
182.897
182.805
182.667
182.467
182.181
181.776
181.208
180.422
179.289
179.764
179.762
179.734
179.68
179.597
179.473
179.293
179.036
178.672
178.163
177.469
176.53
176.678
176.676
176.651
176.603
176.528
176.416
176.253
176.021
175.694
175.235
174.602
173.771
173.716
173.715
173.692
173.649
173.58
173.478
173.33
173.12
172.823
172.405
171.826
171.08
170.863
170.862
170.842
170.803
170.74
170.647
170.512
170.319
170.047
169.664
169.132
168.451
168.111
168.11
168.091
168.055
167.998
167.912
167.788
167.611
167.361
167.011
166.525
165.923
165.444
165.443
165.427
165.394
165.342
165.263
165.148
164.986
164.756
164.434
163.985
163.433
162.861
162.859
162.845
162.814
162.765
162.692
162.586
162.435
162.222
161.924
161.506
161.003
160.346
160.345
160.332
160.305
160.26
160.192
160.093
159.953
159.755
159.477
159.088
158.636
157.895
157.895
157.885
157.86
157.818
157.755
157.664
157.533
157.349
157.091
156.725
156.313
155.508
155.509
155.499
155.477
155.437
155.379
155.294
155.173
155.003
154.767
154.433
154.088
153.174
153.175
153.166
153.145
153.109
153.054
152.975
152.862
152.706
152.488
152.179
151.855
150.887
150.887
150.879
150.859
150.825
150.773
150.699
150.593
150.445
150.239
149.945
149.625
148.637
148.637
148.63
148.612
148.581
148.532
148.462
148.362
148.221
148.025
147.743
147.432
146.43
146.43
146.423
146.406
146.376
146.331
146.264
146.17
146.038
145.854
145.591
145.322
144.258
144.258
144.251
144.236
144.208
144.165
144.102
144.014
143.89
143.719
143.472
143.219
142.118
142.118
142.112
142.097
142.07
142.03
141.97
141.887
141.771
141.611
141.382
141.152
140.005
140.005
139.998
139.984
139.959
139.92
139.864
139.785
139.674
139.522
139.304
139.093
137.914
137.914
137.907
137.894
137.87
137.833
137.781
137.706
137.603
137.46
137.26
137.116
135.839
135.838
135.833
135.821
135.8
135.765
135.716
135.646
135.548
135.413
135.212
135.075
133.784
133.784
133.779
133.768
133.747
133.715
133.668
133.603
133.513
133.39
133.205
133.093
131.742
131.742
131.738
131.728
131.708
131.678
131.634
131.572
131.487
131.372
131.188
131.016
129.711
129.711
129.706
129.697
129.679
129.65
129.609
129.551
129.471
129.365
129.2
128.989
127.686
127.686
127.681
127.673
127.656
127.629
127.59
127.536
127.462
127.368
127.229
126.997
125.662
125.662
125.657
125.65
125.634
125.608
125.572
125.522
125.454
125.369
125.259
125.005
123.632
123.633
123.629
123.623
123.609
123.584
123.549
123.501
123.434
123.347
123.253
123.035
121.605
121.605
121.601
121.595
121.581
121.557
121.522
121.474
121.406
121.309
121.194
121.046
119.575
119.575
119.572
119.565
119.552
119.528
119.495
119.448
119.383
119.291
119.172
119.072
117.543
117.543
117.539
117.533
117.521
117.499
117.467
117.424
117.365
117.284
117.173
117.11
115.505
115.505
115.501
115.496
115.484
115.463
115.434
115.394
115.34
115.268
115.165
115.124
113.455
113.455
113.452
113.446
113.435
113.416
113.388
113.351
113.303
113.24
113.148
113.153
111.396
111.394
111.388
111.382
111.371
111.353
111.327
111.293
111.249
111.193
111.105
111.104
109.286
109.288
109.287
109.285
109.278
109.264
109.242
109.213
109.174
109.126
109.049
109.052
107.186
107.187
107.183
107.179
107.172
107.158
107.138
107.111
107.076
107.034
106.966
106.973
105.06
105.059
105.055
105.05
105.043
105.029
105.01
104.985
104.955
104.921
104.867
104.901
102.897
102.896
102.891
102.887
102.88
102.867
102.85
102.828
102.803
102.777
102.736
102.784
100.687
100.687
100.684
100.68
100.675
100.665
100.65
100.632
100.612
100.593
100.562
100.633
98.4497
98.4471
98.4418
98.4368
98.4311
98.4214
98.4081
98.3936
98.3783
98.3662
98.3438
98.4434
96.1305
96.1325
96.1321
96.132
96.1312
96.1257
96.1171
96.1078
96.0991
96.0965
96.0853
96.2171
93.7936
93.7936
93.7904
93.7884
93.7871
93.7828
93.7767
93.7717
93.77
93.7782
93.78
93.9428
91.3969
91.3962
91.3924
91.3899
91.3887
91.3851
91.3806
91.3792
91.3837
91.4024
91.417
91.6027
88.9275
88.9262
88.9223
88.9201
88.92
88.9182
88.9167
88.9199
88.9315
88.9616
88.9909
89.1934
86.3713
86.3709
86.3682
86.3679
86.37
86.3714
86.3744
86.3841
86.4049
86.4484
86.4966
86.719
83.7432
83.7405
83.736
83.7342
83.7368
83.7407
83.748
83.7651
83.7974
83.8587
83.9365
84.2123
80.9805
80.9828
80.9837
80.9877
80.9969
81.0074
81.0228
81.0505
81.0977
81.1804
81.2937
81.6463
78.1425
78.1428
78.141
78.1437
78.1534
78.1673
78.1889
78.2263
78.2883
78.39
78.5237
78.9564
75.1744
75.1741
75.1719
75.175
75.1864
75.2041
75.2322
75.2811
75.3618
75.4934
75.6687
76.2364
72.0512
72.0502
72.0484
72.0529
72.0676
72.0911
72.1287
72.1916
72.2941
72.4569
72.6531
73.2594
68.7414
68.7417
68.7416
68.7495
68.7696
68.8015
68.8521
68.9338
69.0639
69.2697
69.5149
70.1153
65.241
65.239
65.2379
65.2464
65.2713
65.3132
65.3795
65.4863
65.6539
65.9188
66.2532
66.8888
61.4549
61.4587
61.4647
61.4825
61.5204
61.5795
61.6705
61.8127
62.0306
62.369
62.8206
63.5053
57.409
57.411
57.4159
57.4366
57.4838
57.5611
57.6814
57.8678
58.1495
58.5755
59.1574
59.9103
52.9918
52.9933
53.0003
53.0282
53.0901
53.1927
53.3529
53.6003
53.9702
54.5192
55.2846
56.2096
48.081
48.0856
48.1001
48.1425
48.2304
48.3742
48.597
48.9354
49.4343
50.156
51.1602
52.3157
42.5598
42.5674
42.5898
42.6536
42.7803
42.9876
43.3065
43.7822
44.4685
45.4321
46.7543
48.2275
36.1861
36.1892
36.2292
36.3267
36.5219
36.8396
37.319
38.016
38.988
40.2945
42.0362
44.0036
28.5035
28.5746
28.6454
28.834
29.1783
29.7105
30.4809
31.5479
32.9631
34.763
37.0212
39.6509
18.8931
18.6661
18.8982
19.3542
20.0745
21.1027
22.4717
24.2143
26.3528
28.8869
31.8512
35.1998
4.94029
5.66543
6.60106
7.74463
9.33159
11.331
13.72
16.4872
19.6148
23.0715
26.8474
31.0471
7.72656
65.8072
29.9057
-66.3323
189.873
-18.1698
80.4235
66.8358
-45.2624
163.454
77.4112
87.9596
9.81982
81.1279
135.747
41.7756
122.918
83.3321
-41.3251
64.6032
86.8618
83.753
136.884
-74.772
83.6724
34.3293
3.79048
-57.5093
-60.7812
148.421
113.074
-37.9093
37.7459
55.9656
24.5692
84.182
52.2435
-36.8047
180.789
85.1205
15.6705
-30.7957
-78.961
127.595
-56.9419
-71.7472
56.4308
80.2823
78.8195
-67.0503
81.9287
-76.1352
51.6468
50.5263
60.1384
114.098
64.8065
79.9361
85.8043
-46.5525
32.6654
54.1775
163.853
96.6548
-24.2601
-7.99595
-71.467
85.0015
64.832
-67.7105
61.9959
-67.7379
64.9969
79.7371
40.2079
-72.732
98.8811
90.6186
-48.5023
68.7347
212.593
45.6827
86.9164
85.7666
212.649
74.686
65.1364
81.3194
68.4389
155.339
-63.2576
73.5923
82.4736
81.236
157.43
88.6212
102.046
134.131
63.252
148.863
0.953003
61.4478
155.32
52.9069
195.645
-52.9406
135.593
-50.0551
114.411
110.893
86.1839
76.2497
78.2723
90.4018
-32.1493
-43.5725
84.1009
64.1342
47.3796
38.4067
-68.0006
60.2114
86.7103
62.2049
-65.7364
-83.6706
64.4271
151.676
64.4881
-16.9924
-12.2204
76.247
-44.631
83.6479
-40.533
77.6609
-74.6912
66.4772
80.6556
78.3984
76.219
-25.9602
76.9694
131.695
-46.3861
-67.3037
-50.7488
-64.0359
7.55341
158.113
-36.6254
78.973
109.314
-64.0834
-46.7821
138.343
-76.6931
-72.3895
119.316
55.3616
65.1927
65.7707
70.8377
82.1745
-33.4758
-69.0298
27.2052
84.7793
40.3447
-35.6444
85.1565
87.0159
58.8097
67.5233
65.7131
75.5539
83.7894
71.7075
61.9717
10.6864
84.0134
120.704
77.0809
98.4529
73.0963
-7.44809
153.499
80.511
-68.3255
34.1841
-31.8093
153.996
56.8446
74.4088
64.6374
83.2862
119.403
73.8501
51.9516
-73.7346
65.3403
155.249
68.9413
101.211
-25.516
77.5024
152.893
55.2152
128.946
91.6089
43.129
84.4226
85.1159
87.1702
79.1421
27.9066
114.34
152.003
140.311
129.641
-75.877
81.857
177.671
96.2066
117.369
88.8676
68.674
-77.9559
57.9384
-48.0924
-58.0942
-6.1506
48.3154
106.656
74.2676
72.62
87.676
9.74857
-0.229636
73.5311
-77.525
90.1769
177.3
72.9093
-32.1225
93.7097
-53.8629
86.6351
-78.7638
63.3836
71.633
93.2009
-72.1106
-11.9152
73.3389
-47.303
-75.42
36.0389
81.7145
89.3021
67.5991
85.8125
72.0006
82.4848
56.9316
36.899
30.4259
77.0715
131.023
83.8427
84.9585
-42.223
0.852444
65.9959
26.2291
-4.24093
61.0356
47.6952
68.235
83.5854
49.8874
34.6114
77.7219
-0.913025
86.1614
92.198
84.2742
-67.5519
127.703
-31.3366
80.8806
84.0285
77.8048
132.378
98.4499
142.419
78.1812
28.5706
-3.51678
10.0661
83.4566
68.3366
184.226
-57.8215
125.713
98.1335
-73.4107
53.2596
6.51594
75.9497
84.0697
46.2038
82.4656
86.2959
90.863
-21.9763
-67.0514
-16.3547
-39.5261
51.1473
90.7513
116.825
183.375
74.2908
-24.5189
84.2937
139.556
-46.9965
79.0885
102.149
-38.8859
86.4914
-68.1027
63.2668
51.0391
71.69
-66.7552
83.7233
-14.7729
-77.2287
112.463
16.0907
187.645
-89.999
86.2626
34.3034
65.0741
78.3845
-74.3819
-6.40284
2.39876
-40.5783
148.681
63.4516
-57.7165
75.0849
-61.2152
159.537
83.5453
80.6707
24.0682
-77.0551
77.1022
-17.6486
-75.2642
84.4995
91.7341
81.9089
107.378
-24.3422
86.4583
60.6534
66.658
87.1026
79.1067
104.805
89.4106
73.782
83.9177
111.724
92.7052
77.7527
49.6251
-75.2131
-66.805
25.5926
17.7947
-43.0643
75.9932
58.3508
78.2082
63.2894
24.9464
198.812
87.1818
41.3432
82.7192
-46.4126
77.8346
-85.0532
151.403
-40.2316
81.3241
72.4831
59.3713
-63.4512
122.744
147.656
119.543
72.6466
88.6844
134.563
-62.5407
86.7353
64.4968
108
98.9868
184.955
88.3444
-23.8041
-81.115
128.189
-56.5384
-63.5661
-29.1887
81.8131
2.715
74.2087
30.4243
165.569
37.9703
75.771
80.6474
76.9305
-40.1585
143.33
-67.4254
124.61
-49.3509
87.6441
49.5805
80.1641
78.8997
83.3178
10.1431
67.1776
32.6829
-57.2937
64.7531
154.772
-25.467
3.74429
-78.3497
141.763
66.5806
46.8626
49.0306
14.7786
72.206
32.2851
83.7745
50.7646
76.5823
115.488
2.01578
79.5309
36.3613
141.525
-18.5774
-43.7305
62.1051
82.2212
82.0568
57.8311
135.227
-76.7573
58.8128
-1.67075
79.3403
58.5568
-20.1884
104.21
78.0503
104.251
113.775
-10.4405
-8.87787
83.7135
-77.5227
-53.8706
88.8559
122.769
85.7656
84.1789
80.3566
79.1949
76.7055
116.844
140.946
79.7364
119.295
-75.9974
-33.6392
73.3119
67.9096
48.4939
81.0035
136.33
-87.4764
41.8793
75.0089
50.8167
32.514
68.3878
114.8
91.9063
24.3712
123.312
70.1614
100.329
75.8665
98.3458
63.5195
83.0965
-7.96094
61.0402
118.594
102.475
90.5882
158.481
82.8462
82.779
-42.7951
-81.5723
-65.1643
-76.1112
46.9231
80.5623
17.4022
-54.1765
64.5729
58.6007
78.547
82.6785
17.8185
65.3698
88.7419
58.4335
-77.3904
70.2565
78.7017
-77.4968
51.85
37.9803
66.0594
86.2735
82.7189
71.996
124.733
-63.9272
50.0586
90.0301
68.2686
-15.7802
63.0652
94.0607
-39.9611
161.577
84.946
134.359
158.867
77.1843
52.1135
1.74568
92.9588
61.5403
109.397
45.7887
-22.1898
86.5435
209.885
-60.7283
-73.6702
-42.1924
82.6562
78.7194
-67.2576
151.178
106.665
77.9978
-62.0001
42.3766
23.2774
78.2571
79.4089
100.54
78.6965
147.295
-77.8652
79.0301
182.633
-82.1654
-65.6109
-34.442
-75.959
-52.3755
77.2807
-62.6416
82.7595
146.368
-55.0073
34.5165
17.5264
81.9539
-23.2997
163.038
61.4704
48.6193
88.9579
173.846
75.7337
-47.4126
64.1714
9.04299
-50.4876
-78.0746
79.9517
41.966
90.6264
162.967
34.1371
24.6947
82.4723
-81.7252
58.8991
98.9467
86.078
85.9307
77.9689
-6.87991
-63.2792
71.1183
64.0817
118.123
-70.0228
81.4629
-85.1259
127.761
-73.6359
64.0432
-48.2895
26.9037
51.7423
-72.7747
-32.5579
64.2147
89.8476
71.4538
91.3971
19.4553
180.089
82.9001
110.815
58.9188
96.9957
173.24
91.7352
64.6319
-79.6985
92.6418
-53.023
73.4776
-72.2755
83.0504
20.0382
72.5698
-41.8497
81.814
-72.3827
99.3729
78.7018
37.3367
106.763
87.0163
84.4787
-56.5721
159.51
65.3538
9.94612
88.4492
167.287
15.5331
204.654
87.4209
75.9306
-39.662
45.6309
-59.7421
113.384
159.254
-71.8422
69.1986
111.441
-57.7232
-64.7455
183.943
75.249
54.6468
68.106
-15.2083
-76.3504
31.5936
104.052
-34.5648
82.9143
64.0596
140.775
11.9175
81.5155
-6.73225
81.2582
72.2253
92.902
-88.9744
-10.6718
9.7098
179.995
60.1249
-76.4689
65.6307
80.9609
-9.06112
81.9579
3.86793
29.0264
59.7724
67.4537
123.823
150.335
38.9483
111.907
170.091
116.67
80.0537
26.2132
49.5333
-61.0578
-77.3636
-77.0217
77.2984
61.5126
71.5887
-84.1165
63.8191
-77.5725
138.478
78.2816
-47.0818
-65.4194
78.4851
-7.09627
77.8465
74.2558
133.819
-42.1208
79.5094
-83.1959
33.7252
-68.7188
6.79744
-36.8396
85.5147
-43.9435
114.463
22.6486
66.36
55.0535
59.8552
91.2346
85.9871
163.514
-77.4608
-74.2304
-52.3379
115.57
48.9474
-70.2109
-35.3118
91.6894
77.0983
92.4343
84.2104
-55.5682
43.108
89.6093
81.1968
63.2439
68.3254
39.7756
89.1936
75.55
-41.9242
82.584
-42.4092
76.9009
87.9291
116.245
-22.2962
61.5295
67.016
9.39895
-30.1837
-30.9012
132.922
99.6563
14.186
81.2728
-16.6829
69.1855
81.5248
-77.086
-1.821
81.9434
-49.3336
37.7149
165.438
103.657
64.0072
63.4811
94.6178
80.8752
77.0801
93.8386
63.4312
83.6357
141.512
78.6564
-37.2868
-73.8074
79.8501
-38.3015
84.6206
-37.6888
149.239
54.7222
21.4995
84.7782
-30.0025
46.969
8.44639
1.72549
-63.0951
117.685
97.2045
76.6869
69.0493
138.696
80.6183
-76.5922
159.919
76.7568
-75.6218
116.871
52.3002
-61.0443
88.2813
103.314
100.71
77.297
83.5425
76.7531
-24.0476
10.2029
38.4688
49.3503
-79.2187
64.1703
-10.0182
-62.0617
152.451
-54.2224
43.6667
-49.8968
71.1703
76.0019
26.3242
144.248
187.935
-25.8728
66.6843
-15.0554
19.2777
68.2207
76.5839
111.356
60.1877
72.4969
75.3814
88.4125
89.3774
82.7318
26.3917
63.8613
77.6842
78.9688
106.191
-75.6284
74.5319
75.414
96.699
76.911
84.7444
-7.90237
-78.0536
-78.0741
-37.4409
-66.2279
88.2691
-81.9209
55.6507
83.5306
-45.9525
114.293
96.6699
-74.4971
24.9059
-26.4362
6.74665
65.4963
93.3594
-33.2966
88.2217
64.8989
73.4542
119.38
50.6324
84.4219
191.645
14.7692
-34.9728
82.7711
103.188
148.043
80.7167
-50.8766
83.9169
73.3886
97.438
79.2915
119.932
67.1348
118.379
91.7446
65.6815
-85.5432
99.5453
62.4802
-77.7223
60.5999
-24.8935
101.997
116.641
-68.0934
77.9565
51.0695
77.299
59.7607
89.8874
73.2231
-69.1763
-29.5047
88.1886
78.1558
85.866
10.4704
67.8277
62.6341
101.996
198.533
84.0258
79.9853
52.3641
-79.3922
113.346
-63.8847
64.1612
60.3098
78.2968
114.229
-73.2106
-50.0536
36.6171
69.2568
39.3714
-1.10251
89.8574
71.7654
53.8808
15.9035
68.6147
-75.8474
30.6552
85.8748
87.8315
55.945
35.2568
60.5252
137.943
-77.2747
90.0501
79.7246
83.2665
72.4688
83.9599
160.95
-65.1047
68.3292
81.1012
-18.6986
52.7083
-56.2246
125.324
-79.1025
105.813
-76.2608
54.7592
149.88
124.963
-37.0626
99.1468
-33.5225
-32.0219
-76.9417
144.672
-76.0674
177.838
40.5987
-74.0224
-69.3968
-74.5808
131.917
183.164
70.2781
99.1679
-63.3886
-84.862
76.5223
37.7254
-28.975
-13.1785
70.4695
33.6494
65.2744
75.8551
166.666
-6.92276
-77.7169
137.364
-29.831
71.2871
2.90968
-61.1025
-44.6006
164.28
-20.432
80.8366
59.0542
85.1609
80.5384
146.78
158.339
87.1379
4.90325
-75.2544
84.0845
151.127
-23.3792
-75.6288
22.7771
62.3089
68.4671
85.2963
122.393
192.773
-8.46339
-82.3664
98.9254
71.7016
42.4738
-81.1505
81.6005
72.967
104.69
74.726
81.611
65.0607
13.1051
47.8
67.1438
63.4719
-17.2846
88.772
78.5857
76.2716
30.6451
121.669
-52.9308
92.8592
65.5547
37.9655
159.949
38.8433
-64.4655
94.5678
-59.5231
75.8206
80.734
-26.1456
-14.7973
81.7898
-77.9721
87.7923
15.9213
76.8922
83.532
83.3332
59.2106
-61.3314
82.5294
81.0128
146.665
118.573
189.288
77.291
67.2114
-32.1009
18.2394
-70.5548
-78.4718
-58.3208
202.967
-33.9255
108.103
-75.1005
96.564
76.8153
102.261
50.5861
99.2169
-45.3441
80.1183
75.1794
82.6401
-10.79
60.5905
-76.5178
135.479
-18.7314
89.2465
78.0886
51.8139
66.2346
-52.7948
93.7697
66.1164
53.6567
-9.32833
162.72
82.8211
100.117
49.8982
62.3307
131.45
-13.7126
62.3635
84.0473
-81.7489
147.638
65.6123
-14.4377
134.34
-72.1179
80.4655
28.5627
-29.1821
110.728
-34.1301
80.2154
-74.7222
74.5103
81.6809
71.441
79.7402
-27.5244
20.0148
22.5878
171.972
-79.9346
-65.1854
132.428
127.229
42.7749
-55.9831
30.7994
75.6827
76.3954
155.173
78.6654
67.4277
80.4662
80.6672
79.7054
-61.2352
82.9118
57.6696
98.3472
-85.1589
53.796
96.0321
84.9194
49.2916
79.4925
84.0324
49.2453
138.982
180.248
3.47974
77.9112
65.9136
162.187
31.2594
-33.9973
98.0213
2.61489
76.6361
121.168
95.114
-67.007
-63.6955
-73.8183
-44.0215
173.138
-61.4877
50.2288
33.3427
50.2242
70.2798
63.9475
48.4257
-52.3915
103.268
80.616
-29.8546
-18.6206
82.4829
16.7016
83.6467
79.8728
59.8978
64.5347
83.2383
81.7734
29.5704
71.7149
74.1793
116.549
73.7869
43.7567
67.148
136.522
-29.1722
-75.8036
-69.4656
-74.9074
83.9298
-22.4165
66.5558
41.4626
89.9418
-63.2276
66.0332
63.3176
-78.6735
60.3645
82.962
90.282
51.3825
-80.7508
80.7342
-76.5976
82.4381
121.384
18.0639
81.0298
104.867
93.3048
136.996
-12.8365
38.7523
79.8384
104.228
-24.999
-71.9404
-76.6168
82.3412
122.379
-31.6625
80.3237
55.5912
12.3006
119.717
78.3956
82.6996
-3.06617
128.432
82.2216
76.5765
38.0506
204.712
-43.102
7.57471
20.1057
47.4225
-83.5777
11.69
6.31102
61.9615
30.4543
-32.0454
138.895
193.782
116.801
82.3658
122.303
1.98955
-68.1679
72.8037
-50.772
114.442
54.4108
74.6539
79.3502
78.9865
66.4422
91.3318
95.9194
75.8831
66.2531
104.552
92.4446
40.8197
66.3135
-68.5303
69.8261
121.769
-2.5133
20.741
-53.8323
64.2762
134.584
38.2468
64.1975
-57.4622
-48.7333
88.8529
46.7708
59.564
190.055
55.1328
62.4375
87.6052
70.0698
-83.9636
-71.3189
-82.5732
77.3666
79.9253
-80.1041
50.8248
-68.3982
-69.5796
82.0404
105.177
64.6352
85.4733
148.123
-37.2699
78.3669
163.238
67.2279
-80.6124
-75.8356
62.1609
82.1458
86.9182
102.32
53.5309
-13.0151
77.1416
-4.14674
87.0857
43.8509
66.3422
142.591
74.1103
67.1833
77.1334
72.3042
64.4042
-29.3367
-74.2211
8.76891
73.7615
-71.3745
79.0142
-81.1411
67.7256
81.773
81.249
-36.2259
78.1121
81.7914
78.9269
-75.513
119.904
75.0502
34.8141
-6.11103
118.56
90.5134
-76.1497
-18.9136
-21.4772
83.9473
98.1928
85.8087
84.6018
83.1626
53.7731
46.7889
82.0241
-51.5004
83.9098
88.8078
117.395
170.966
40.7478
17.7573
67.7937
128.837
85.4737
-46.962
64.855
139.541
-75.8147
130.501
77.3749
-73.0294
55.5024
56.7034
-74.4463
-80.6419
40.9371
172.479
58.2942
-82.5853
98.8193
77.559
62.7476
195.357
65.0318
-27.0442
140.58
2.96076
84.7056
67.2587
63.6533
-56.0623
99.8474
104.305
80.9619
54.5685
-70.4399
-66.434
77.9483
74.7322
73.0661
83.2788
171.715
110.126
76.6062
158.349
48.9578
21.6714
62.9529
25.0185
137.191
135.216
-1.68051
118.958
-50.5041
83.7555
113.779
-20.8937
91.5905
163.686
20.7781
78.261
82.5833
-33.6101
77.2847
-3.46102
70.5614
58.3818
-42.8034
-34.4685
-49.1671
2.34855
30.6058
101.709
41.6581
85.6226
69.7258
51.7898
-8.34162
75.7368
-70.0051
3.43059
72.1623
-32.5321
82.9085
155.78
86.8462
23.9672
-0.0493641
-51.3343
71.6042
72.9557
172.967
135.682
-54.7216
61.343
18.1772
151.938
53.1229
-64.2135
-80.9161
83.5362
86.1426
-53.4206
153.692
79.1215
62.928
-17.3992
21.7967
11.5015
102.497
81.2072
-74.829
83.6678
-77.1273
11.0869
62.1234
78.5417
76.144
107.493
75.8275
160.927
4.1539
36.9177
81.9038
61.3371
84.4917
188.913
15.512
-83.8567
110.133
77.5653
151.848
70.2032
84.6006
75.932
-41.5357
147.384
86.2094
88.2945
58.9271
81.3627
162.398
70.2354
81.5686
53.6715
58.426
69.8324
131.754
-68.2228
104.133
-37.1772
71.2604
59.0777
19.2848
44.4834
83.5279
92.6832
135.69
37.9463
144.236
75.3925
58.8004
81.4833
158.921
109.736
0.810383
3.74086
19.9516
61.3767
74.7054
80.9245
-76.2302
-50.0565
33.2443
-80.3068
81.4783
-12.7015
189.877
93.5374
91.4777
-8.41328
-67.594
34.4519
140.382
-66.5171
-75.6728
81.1885
57.8423
17.0499
-76.4376
-11.1092
7.60928
71.1931
84.2271
139.39
66.9145
132.639
83.5932
10.3142
-20.5989
74.1204
74.1449
3.40775
100.503
73.4107
169.204
-77.0768
93.3319
-65.9304
35.3039
70.3936
22.2491
65.294
81.6738
66.8786
-30.2131
172.451
158.733
-24.8758
76.7867
59.2349
120.93
64.0335
-51.2839
171.664
-56.8386
-13.8742
97.9756
95.8911
175.308
-60.5449
154.533
106.873
131.336
55.1895
69.4301
-34.2879
82.96
59.8251
74.2105
66.4194
-52.0536
-74.5395
86.6679
70.9952
84.9035
62.6156
77.9411
-29.361
-74.8991
-79.3798
-80.5509
25.9421
78.1428
23.6014
91.8387
1.1358
78.4702
83.8699
29.663
21.142
-39.4333
-51.5045
18.4789
172.094
54.8937
-12.854
-59.2741
-76.8203
88.1951
-49.283
95.7034
121.746
68.4496
5.36476
137.079
108.22
-22.9689
127.756
46.2889
151.628
-26.1439
105.221
81.3826
84.7712
65.1127
159.86
-72.8609
86.5513
174.177
59.9533
75.1826
75.6303
-74.2815
182.038
-54.4668
143.99
44.5178
-20.113
-64.2224
39.9795
-59.535
42.8603
79.2151
-48.2246
-5.66031
85.0933
18.8052
-47.7245
84.8676
71.3952
90.1218
85.6635
124.718
75.1977
66.4082
81.6961
63.4785
40.5727
-70.3532
-74.1074
-34.99
77.8271
81.2521
163.598
71.8307
77.8848
114.327
39.9279
-74.4143
97.7016
66.4488
86.1869
158.486
38.8485
12.4101
-26.2607
35.3565
67.664
59.1673
-78.3998
169.043
102.54
-63.4081
149.945
-75.8976
161.36
-58.1013
-40.5479
60.4285
30.6413
155.85
-57.4933
59.0169
-28.0289
77.1254
65.9174
94.0056
61.1426
-13.657
93.7363
88.247
35.5846
157.607
85.2409
63.7657
-31.4214
-71.1482
74.3152
155.207
-13.0024
15.6955
125.985
-54.2735
130.35
53.1668
8.56221
82.4325
75.7696
195.766
-44.7284
-74.8927
115.219
-75.4538
37.9327
-64.9875
44.1517
83.832
-77.8749
85.3017
88.2076
83.9264
133.009
111.512
75.1953
83.823
77.5515
-77.4006
53.7116
24.4688
80.832
193.359
96.4204
81.2881
65.0476
82.2837
37.7336
67.9653
-74.8958
73.2727
61.7455
-48.8896
77.3254
77.229
3.9049
202.271
-77.2437
72.1082
35.6126
-48.8175
10.1372
-23.4648
66.8945
126.669
-40.7518
-11.2331
69.9859
150.088
72.503
-79.2325
127.023
113.753
122.254
84.2506
120.399
82.6693
-29.3253
148.888
56.9629
83.7802
58.0204
143.365
81.663
-80.7974
140.5
65.4708
28.3011
-79.0375
30.5646
81.9337
64.8296
-45.7754
190.968
-52.702
67.3514
129.949
68.5213
-10.7181
92.4785
125.131
155.558
56.3856
-77.0312
70.6913
125.308
40.8415
98.54
81.7729
-30.8189
35.7491
70.9923
24.0117
85.0298
165.467
127.159
75.668
9.82552
77.5028
-44.3275
65.603
79.4015
67.1268
76.7212
119.848
42.7293
58.4747
156.829
39.9625
83.2916
-26.489
128.161
75.1644
64.7042
74.3866
-72.5104
16.4694
130.797
-2.78822
78.5701
142.292
91.5243
98.8555
73.336
84.4157
-66.5378
-68.9496
108.01
30.0926
160.644
-28.7909
-75.926
74.51
69.8626
126.603
87.2783
53.5594
42.383
-6.94357
77.9642
70.5715
33.1937
-53.2173
82.9039
98.7175
65.8228
90.9427
-85.0074
62.43
-73.1235
144.133
105.492
-37.1788
-51.683
-23.7314
-52.5707
51.4113
-33.6287
22.7808
158.059
-77.8194
154.231
-38.0437
90.0249
197.051
66.7914
-64.8355
-53.2139
63.0877
174.304
144.59
-81.8794
-59.6751
-48.376
-6.66872
95.356
50.2244
28.9088
126.187
-37.7256
95.7416
-52.4362
81.4742
132.237
-68.126
7.84145
125.391
104.621
61.7634
74.5187
-70.4082
56.4357
20.7777
105.598
46.7461
-59.4402
54.3583
110.959
81.8045
78.2941
144.068
14.563
38.7334
81.1024
-36.4454
20.8041
68.6139
134.512
57.4837
83.6164
-39.9817
140.301
64.1225
69.4167
194.085
-33.791
24.5152
62.6287
53.9938
62.6961
51.9144
100.153
108.784
39.0005
68.267
72.1579
-80.0251
21.0247
191.176
71.394
95.5975
11.2348
139.664
81.7632
100.11
42.6573
70.398
-81.1925
67.009
83.5394
140.647
128.671
180.47
-53.0937
13.4365
33.9448
81.3222
-24.2365
122.368
77.6918
46.0754
51.7316
43.5396
98.3664
83.3568
77.4875
75.6497
-80.4961
82.6174
48.5994
64.4414
205.798
89.0987
-36.294
88.3309
98.0135
12.9195
-80.4313
-18.3942
43.9093
-52.479
78.4483
145.376
62.0535
54.9961
75.3331
33.6791
81.2902
29.3991
-78.5642
-31.5968
64.6699
-66.3635
83.0927
55.6766
30.5956
39.3021
94.0033
55.9529
114.244
-60.9694
87.6554
157.79
82.686
63.6214
142.2
40.1646
96.0609
81.7855
-37.3991
51.8838
88.1295
184.606
-78.9335
95.8244
23.0055
-4.78296
75.6584
42.5411
165.501
165.545
53.3688
60.4058
62.5097
77.0658
70.578
16.6201
67.7879
-46.8425
-77.453
-35.2668
-73.9964
138.68
-33.5824
-32.0868
87.4128
97.0681
102.13
138.58
85.7967
130.39
76.9407
73.502
-66.0638
122.692
81.7284
-77.9107
82.8967
149.17
73.4786
85.6093
-69.7375
74.1099
94.8117
-79.6299
98.5146
-63.6315
68.6627
72.5866
-75.2668
74.6942
83.7006
97.312
197.699
68.3099
-81.329
56.3621
-68.6828
102.595
83.6889
82.058
82.0375
81.1298
82.3162
30.7081
74.872
-50.3146
95.4279
130.357
85.6882
64.548
-52.3893
81.0904
71.8245
81.8864
-37.2664
87.4564
171.434
87.1805
-64.5416
-38.7059
86.5291
83.0375
75.6765
-1.07207
81.0469
74.69
76.5665
2.27993
83.7238
83.2159
77.4035
84.3889
101.567
-18.827
25.016
68.8723
142.969
83.7105
42.9128
78.7652
16.5871
79.3545
152.043
156.611
85.6671
92.8972
62.9767
78.3579
70.1883
20.1203
145.68
-70.2862
79.3329
176.075
75.9432
81.1315
21.8009
-57.0536
45.9193
82.7786
104.133
56.9647
138.585
-57.4309
170.856
27.7142
-74.8437
-21.8818
30.2754
117.892
-54.9096
144.815
97.0305
26.7308
176.323
59.8445
66.9577
81.2426
105.806
-16.3965
143.996
75.0091
65.5524
96.177
170.385
57.5562
-38.1334
-1.15506
109.045
78.2423
176.702
182.716
92.1292
-8.67431
80.9526
-45.3489
13.0098
-76.1792
-42.4388
58.9039
-74.9443
167.088
-53.5473
28.0942
82.5079
72.1052
-23.2557
124.986
-21.8987
-33.8046
70.0902
53.9055
-69.8352
76.1821
20.5691
69.1654
40.8041
95.0419
-31.6259
86.264
65.4408
73.5193
-44.3603
-72.4853
-24.2843
81.7358
-51.4906
-74.2985
-1.61818
103.615
34.0655
92.9264
118.92
-43.0606
80.5151
76.4619
153.239
96.4293
121.694
82.5887
83.3903
-65.3567
-0.127402
89.773
67.6577
77.2704
122.753
65.9636
-4.73882
9.11568
-76.8666
157.031
34.4521
98.0884
-67.8845
82.0709
16.5302
83.7881
79.8056
-76.6549
76.6191
-69.962
106.507
66.3642
-79.0395
65.6897
167.903
-42.5586
-73.9487
-47.3878
88.4485
53.0173
82.1237
48.1257
-73.4771
130.656
146.224
-18.7939
29.6934
-20.1139
108.799
65.3803
-26.9028
45.461
75.372
67.0521
70.4441
111.063
15.9409
133.633
122.581
79.9589
81.1191
-64.3632
50.5882
169.252
-39.8458
151.657
43.0418
33.8526
79.4425
22.8702
-70.1331
122.602
28.0962
-18.4614
83.2076
184.29
60.1322
83.6073
84.5264
99.4841
-41.7769
-86.1958
84.0191
-53.7264
60.98
103.524
-71.421
-3.42356
85.5104
68.9598
58.568
84.4454
64.6295
82.8645
25.1328
78.8055
74.2682
-45.4561
144.596
81.9955
-39.0439
72.1844
71.4671
158.756
-78.3518
76.01
-43.0169
69.2867
67.1012
110.291
87.6035
69.1288
-84.1596
-34.8897
-49.3131
-66.5574
149.801
-77.1176
73.1314
-26.9226
172.35
94.6767
100.977
54.5579
-7.43045
-28.7444
83.6769
45.4876
85.4758
77.0081
70.5527
180.801
72.4872
134.016
85.3176
136.191
73.9031
-34.7264
126.897
130.317
71.4568
90.6915
150.679
9.75518
77.3636
23.4984
81.1951
-74.774
143.22
-14.4971
79.6007
-8.33156
29.6537
110.283
107.633
-23.2898
70.5785
53.9434
-83.5463
-83.1717
-26.8513
92.8412
-80.7686
-16.9687
70.7273
-52.8144
-29.2938
65.9648
-53.7937
130.763
-60.8029
83.5237
176.229
155.117
20.2522
142.241
-69.636
65.0508
12.6094
74.0286
125.475
160.979
165.355
87.9504
57.7903
127.101
133.243
-19.8275
75.3621
3.01852
-64.8096
79.3097
105.021
71.1334
-33.8658
87.7129
-38.0068
-82.1794
-11.2976
73.1767
-44.6956
103.2
-8.3239
79.3308
-40.9286
85.3382
40.2316
57.4963
108.74
79.3111
-72.7439
93.8805
101.465
-52.1448
167.215
-44.1612
77.3178
-66.5558
17.6792
173.45
-19.6874
27.4328
190.383
77.5287
114.511
53.0309
77.4033
-77.1835
82.9478
72.0895
45.7504
163.957
81.6127
-84.7058
128.595
-30.9185
-83.0808
137.945
-55.5354
56.4022
-24.6582
114.467
97.9746
102.278
90.2299
80.3546
-79.4412
-79.983
207.645
86.1148
82.752
-80.9912
83.7267
162.449
117.557
-64.6961
-58.2035
59.3865
140.439
-39.1931
-11.731
-63.8159
64.1297
121.642
-4.94504
74.5413
84.7272
67.5738
87.0619
-32.3743
-70.3193
94.2883
111.155
-36.5504
144.935
28.0212
65.5547
-22.4707
68.1473
-76.9897
87.6898
173.42
37.4404
74.8244
72.228
-83.5364
124.1
44.9486
123.04
101.517
23.7362
70.6582
-55.1041
-41.6605
83.2661
-63.144
89.036
79.0665
108.764
59.4273
-43.5516
62.9988
24.8622
-73.1402
78.6129
26.4686
106.365
65.5025
119.829
166.245
77.4856
192.795
99.286
93.7004
-42.9631
-37.432
84.5291
62.1185
112.765
99.4341
68.4132
-89.0316
88.4808
-28.5822
168.932
58.8347
74.4161
74.2425
-10.629
148.212
-41.8033
165.829
79.4037
63.9276
-17.792
72.5058
174.662
56.1341
127.418
95.9299
57.5749
164.879
73.8169
85.5549
6.62932
-77.5273
70.5012
80.4525
14.1975
64.2898
74.433
86.5833
164.618
-24.1344
47.1686
64.5164
70.325
68.7479
45.3013
-80.906
-38.635
76.1152
187.193
-77.9587
46.857
120.563
98.3972
-51.3589
76.6598
54.6601
-74.3475
49.6221
77.8047
79.0124
-66.5889
140.28
146.054
-19.0387
151.721
15.6806
-79.9215
84.2435
-79.5168
26.8111
101.076
84.9602
85.0093
-14.0277
122.427
-39.1398
-22.4084
81.7442
54.3516
24.8693
132.587
80.8409
8.69417
87.5721
-28.6108
-75.9254
62.0464
61.406
81.2143
-57.2517
51.5311
-81.0582
108.581
13.0034
129.786
114.675
58.8016
43.4958
87.6022
207.942
66.2175
66.0874
76.6921
106.941
25.8585
54.8437
-81.9086
68.6213
47.0197
-58.046
31.93
81.8706
166.894
85.3496
-11.2971
36.8759
72.0819
179.782
92.1979
40.2439
67.0575
72.7213
-74.2668
83.1668
79.1995
14.8926
-59.6849
26.9673
108.73
41.3411
-33.8204
139.537
-79.094
169.859
123.458
-13.7263
50.6882
-27.1833
-0.694407
-74.5398
96.328
116.952
39.5484
52.1758
83.0489
81.0064
149.673
84.6933
42.0101
100.119
56.9266
111.966
79.1101
193.693
86.3
-71.3537
80.2453
186.853
107.542
119.968
134.051
86.0844
8.52606
-68.7509
142.319
92.8774
70.9471
-78.2535
97.599
85.9447
84.0886
9.0572
173.979
86.8063
23.9601
76.0443
-63.0428
177.836
138.148
-2.78023
-53.7116
-71.5537
138.179
43.5476
91.347
125.863
-76.2032
-10.7439
119.331
-70.7597
84.7661
-56.7843
-68.1299
-60.6523
70.1475
69.7313
-28.3379
56.8787
86.0742
174.011
198.642
68.9761
-62.4134
58.6006
74.973
-10.9867
82.8083
96.1536
-44.7267
172.398
0.557665
-73.0034
48.9987
177.238
116.029
10.7573
-78.8453
-79.1506
29.4661
75.8581
84.308
146.462
-74.4529
35.7241
-71.2042
96.7867
94.5161
84.4742
48.4209
99.501
28.0025
-34.6548
-59.8255
68.0021
68.0301
38.6653
-84.1175
76.5807
109.277
97.5917
86.2135
58.2451
147.019
26.6156
132.51
83.3471
68.8326
-20.7452
77.4588
-39.7379
20.4975
105.566
-76.0133
60.131
13.4194
80.542
79.3802
-5.289
31.6783
133.808
75.9787
-54.5587
60.2502
-77.4895
61.2802
4.75225
79.8588
82.792
-84.3096
6.04036
85.2481
16.1291
-60.8301
137.732
74.9156
89.955
66.1128
176.109
-34.0612
-3.66713
85.1179
67.5309
-77.7182
-25.2697
56.0481
91.0565
153.299
80.7588
77.8864
45.7183
84.1953
144.206
-75.3312
81.1582
54.9429
35.7364
-80.2506
64.6023
-64.4375
71.0513
-54.4212
-67.9762
89.3639
154.421
-74.3489
-69.6858
144.903
25.9612
119.123
-42.9426
99.4514
90.8352
160.268
39.6018
-66.502
93.8669
84.3949
67.2188
0.208291
111.143
8.90331
-18.0548
-42.4289
78.2832
98.7213
41.0249
75.2656
42.5556
84.0892
30.6976
-74.697
23.1842
85.149
-89.709
68.4912
74.4967
-50.2285
-11.2295
79.0654
83.3045
66.7063
70.198
46.1823
55.8811
71.9303
80.5078
78.4047
179.012
73.21
91.3967
83.3572
60.3149
67.9158
81.5033
131.175
60.7169
55.1721
29.2697
-22.4468
54.7855
57.2735
81.0921
79.5335
56.9783
91.4775
59.9443
-69.6283
79.3285
-67.5682
101.018
61.5737
-14.6051
62.9498
83.9264
64.8312
70.1435
80.5115
-72.9832
-70.5051
106.119
-55.9291
33.3458
56.6128
90.1272
147.829
-82.3548
10.1281
135.365
-15.229
75.5714
-75.9017
1.62256
28.6736
205.485
129.309
75.3326
89.2227
85.1263
-5.01477
75.8512
64.5615
57.6107
78.1656
24.8531
51.8795
63.9745
-77.153
64.8021
146.85
18.0208
43.4178
80.6772
113.347
82.1559
94.0446
62.6873
63.7455
56.0862
-71.0167
58.5143
17.458
-42.5438
-76.1438
38.8946
69.4118
13.1727
-77.811
107.875
79.9428
-55.6283
68.7584
88.0627
-4.02047
84.4288
47.2879
76.858
87.2562
82.5155
-25.7855
53.8052
94.1825
152.17
65.7736
-32.463
163.255
67.6361
38.2767
135.168
17.5782
64.5683
104.313
50.4547
46.4078
84.5967
-23.256
82.3352
-66.8298
75.4239
41.3079
123.498
-1.95554
79.5227
-18.8927
41.1907
130.693
198.545
109.313
84.942
-58.48
-67.7895
-59.3019
-6.20617
36.1168
137.363
43.28
-20.3984
69.8264
68.5797
72.6288
113.833
86.0255
63.3579
74.9424
142.991
18.8273
38.3479
83.6892
12.4665
69.515
85.3697
-35.1474
144.518
84.2246
-73.2442
87.4567
-51.6468
69.1182
60.9003
104.751
63.718
54.0504
-29.5202
134.832
49.1458
-68.4808
85.5936
6.5206
136.021
87.9763
136.258
123.042
114.973
103.11
48.7214
79.7857
208.314
86.3879
-73.0391
31.2236
35.368
30.4412
111.333
-7.8244
150.655
37.1202
164.121
-61.1764
91.678
-48.0502
-72.6074
134.352
87.8422
70.05
64.8127
-4.26857
86.5517
79.1001
-25.7602
-70.8914
121.619
7.83994
-42.836
75.8044
65.4617
-77.2963
49.4894
81.511
84.6296
147.902
13.2198
62.7982
111.044
73.9093
63.8304
79.7087
69.2307
74.8037
112.366
126.154
71.3799
58.1838
102.081
69.7762
86.3888
104.756
46.1446
91.1083
55.8114
66.0826
-47.5433
101.351
87.371
116.189
-50.8865
166.962
83.5974
34.5413
30.2348
84.6481
50.5323
116.993
-2.17073
107.055
64.3679
-55.0157
-1.73739
90.0761
74.2039
76.8028
74.242
79.5319
-56.213
50.2891
80.8911
-6.92212
23.8445
-74.9925
110.209
77.2645
21.3635
-81.6461
16.7601
85.6866
-20.8919
79.214
123.271
-75.7839
48.7199
86.8551
63.6773
146.266
178.994
64.5636
69.6825
171.61
120.897
76.5375
82.9077
54.5896
55.1816
71.7501
83.346
-2.59912
176.345
-29.6323
-59.7599
65.212
81.7145
102.265
110.817
84.6751
73.4173
43.9877
83.3537
83.8859
-63.1399
95.0287
114.134
31.9835
-71.6328
138.58
98.1245
62.1508
-80.1839
-27.0732
-55.0924
69.2233
-6.81312
77.615
70.0258
211.368
79.795
83.376
69.2098
-31.6851
80.3005
77.1006
-57.6977
203.096
-84.4857
154.06
-39.5257
141.704
21.0944
72.6217
58.0496
124.729
8.73998
66.5881
71.6935
-6.43294
-47.0628
105.467
-81.9699
54.2807
71.6651
83.6117
-12.0257
83.7827
-6.49363
65.8518
84.616
98.2033
127.558
67.7766
-59.9266
69.7759
78.2424
-27.7188
83.1087
-35.26
82.0689
58.5636
70.6134
44.763
69.2906
38.9964
-82.983
-29.2063
143.609
65.0019
-30.6951
82.6513
62.7015
144.07
25.2091
116.68
7.67542
75.0825
73.7677
55.993
30.3938
26.7808
82.9299
131.009
-28.0773
78.6913
57.4324
-76.165
79.1315
94.3852
-19.074
66.8971
-77.6866
87.8038
65.6954
-76.4398
-61.4875
78.0889
86.7526
93.2028
-23.6611
77.5797
7.42523
2.26711
28.3469
114.563
78.3711
90.3083
-34.5111
21.6691
166.999
67.0258
110.795
160.819
-56.8096
-80.9726
148.365
-16.0605
46.5577
75.9749
89.1071
33.1233
-33.8667
79.8628
90.3287
88.587
175.076
144.187
180.958
88.3967
72.3539
46.3411
26.0303
61.5789
85.0097
162.177
-33.3084
57.4742
-60.8701
-44.5061
-26.4795
82.0034
80.0289
55.2266
8.58212
95.1549
-72.3858
102.802
80.8299
-76.913
-62.5624
110.146
93.7167
67.0306
79.7939
85.8949
85.4105
117.105
-35.3877
55.3704
85.7127
105.801
44.8358
-11.7045
1.11877
76.8826
-65.0885
-76.9135
-76.9501
177.439
71.2199
-71.8147
-46.1684
48.1972
81.8574
8.00611
69.2247
75.175
83.6892
-51.9597
33.4918
-49.7995
69.0259
144.607
63.5105
63.1959
74.2264
110.124
78.8144
76.5529
-74.3016
28.4442
124.584
66.214
108.069
64.9436
74.9986
-80.8551
183.893
64.5975
23.417
-53.2264
61.0136
86.0682
61.8853
-78.8154
-76.5356
187.235
86.7576
138.974
-50.9701
83.5441
56.0823
183.881
-8.53569
35.458
133.085
-73.4323
2.45463
27.4163
68.1445
105.776
-69.8976
202.112
-31.9935
-38.2225
75.6794
83.7108
73.0518
127.192
113.532
-79.9335
157.483
-74.3943
90.1067
134.652
54.4766
-82.8481
126.331
67.2641
90.7697
84.1855
64.1879
142.331
-12.8166
66.5268
153.236
89.1732
77.1745
41.8082
70.7583
-5.40233
67.805
121.763
70.7484
55.8776
167.802
99.5515
84.2802
147.478
66.3221
79.1244
-87.5107
61.2317
-72.905
89.6644
72.9639
55.8603
15.54
-18.4664
-53.7731
70.497
78.8214
156.002
55.91
80.1869
-28.3786
85.1388
-76.5707
87.7757
-34.2638
73.6524
-62.9724
4.98235
-56.6057
77.3802
80.5446
-14.0792
-78.0964
65.3398
-48.7623
172.026
12.6225
97.9216
-13.2763
83.4726
144.502
72.7044
-50.4553
43.1848
-12.3622
-63.4083
-12.428
-0.295425
61.5662
120.724
84.1403
79.8111
30.9266
-58.1092
91.6495
72.0201
68.6555
105.986
76.6348
-80.4454
73.4493
46.254
78.1833
73.5593
-23.5678
65.5462
84.7977
73.39
84.0126
71.3728
-45.782
92.8527
84.574
36.1981
14.397
35.1415
15.7899
-70.545
-82.2366
-32.4997
131.872
-71.8199
-21.7755
86.7342
48.9995
78.0232
-52.1746
57.7834
113.522
84.3027
63.7357
-33.0263
21.646
72.8624
75.9899
46.6847
-34.1262
73.0075
81.4345
-33.7047
97.7183
94.7825
-4.35337
84.1463
40.0097
89.1971
41.7092
67.1606
103.711
68.3093
-72.3897
-62.9784
90.2143
6.93415
42.5946
-65.9324
129.925
-42.4602
181.942
143.625
-36.7111
-73.3931
29.2695
69.3761
-18.2117
20.6673
59.6357
84.3874
106.217
-1.5126
73.1965
84.6709
79.1124
-73.0546
-12.376
75.9917
41.049
87.1375
83.7906
5.76043
82.1594
61.5595
-2.48894
22.6652
90.3539
91.073
-20.0018
5.05225
80.7748
66.736
90.8147
75.8272
80.952
-77.0597
-16.0421
99.3193
-72.6115
150.399
-66.8621
130.919
65.272
10.932
70.6109
84.4325
111.988
75.6128
63.0607
-76.582
24.9876
202.915
133.628
-52.0437
69.6679
95.869
64.6643
88.2374
-67.0039
65.0211
72.2535
41.9945
51.8567
23.0685
-74.0004
63.8778
66.3209
26.639
86.6492
43.8354
-29.4873
-67.3352
93.0005
112.016
69.0395
82.9571
29.5407
37.0153
82.2678
79.7452
-28.4929
-81.5587
-44.3635
71.7104
-40.886
97.3404
82.5589
157.239
143.402
52.3705
107.945
57.5236
86.3342
84.5723
23.8796
-51.0803
46.6536
86.4787
-67.5606
81.6019
102.216
115.604
-7.22054
88.8629
92.9564
-2.64162
161.182
44.6104
-4.73363
-58.6786
-51.397
78.3826
154.582
-83.3085
-75.4574
-68.1474
75.6538
79.9554
80.1204
-75.6329
67.3118
46.3171
32.1492
75.863
101.176
182.811
84.2211
75.4672
74.6375
-16.3728
-59.1727
84.6967
65.8108
61.9579
-23.3473
84.1969
91.0784
87.5111
129.047
183.06
128.135
-79.8326
-2.57904
121.261
82.9611
78.1013
87.2678
20.8972
91.5011
81.9339
-48.0876
70.0125
-47.2847
87.7602
137.856
59.5115
80.5186
-69.5029
83.4874
61.2335
100.232
2.86974
64.649
-57.4131
-68.4518
104.122
79.9693
77.6901
-71.4799
-20.8261
83.8269
79.1288
83.9072
73.6967
125.473
84.1233
81.8406
128.222
72.0612
-70.5416
-75.6923
82.0097
-75.3905
-63.6101
82.0208
65.4498
155.544
12.776
91.2942
94.7004
197.858
36.7675
71.4899
4.26271
55.9926
116.995
187.856
90.4575
-42.4168
75.4263
73.858
80.0979
98.1355
168.409
-70.2966
75.6266
107.983
58.9588
-19.4349
113.25
-57.5199
-8.07752
151.927
-3.88093
106.156
165.923
0.660235
84.8209
68.5732
128.188
84.5851
-71.5716
80.0192
-43.2196
77.1852
66.6512
-38.9572
94.2769
-41.2626
53.2096
122.23
181.705
64.3265
15.4827
6.62022
-35.6149
106.59
-80.028
96.077
-76.0507
-61.7109
81.7532
138.517
186.588
6.41397
-78.2147
145.749
-87.1014
-82.5855
118.882
76.6456
-17.5481
31.9918
84.6154
-66.4308
83.075
-71.3396
-74.4045
110.814
36.1033
72.1765
85.7012
69.5765
84.803
60.7447
9.74585
84.3881
33.9259
34.868
131.487
2.21344
-62.997
34.5946
20.6094
44.049
-27.8202
140.695
81.5097
81.4802
67.3106
148.161
105.189
107.907
39.4312
125.729
79.4427
91.278
84.7056
78.8134
-76.2108
-72.4435
65.1635
-28.5292
-28.5446
79.5676
42.2823
38.4402
-24.0938
58.5382
-52.4558
32.3842
-40.4353
-54.1683
128.888
61.4538
106.343
67.8555
-19.7549
85.7173
82.8374
74.7742
1.27993
53.076
60.5492
72.6983
107.285
68.5852
36.1953
0.332373
68.8343
130.061
13.7287
-72.4162
48.5854
107.673
87.0997
-72.1364
136.239
84.0915
125.695
-0.974312
-73.6846
65.82
93.2287
11.171
95.4312
77.7873
-66.929
101.418
75.0676
44.0353
77.7902
67.7336
-18.4037
129.664
78.1728
128.381
85.6138
149.878
61.6662
84.1946
117.434
-76.6451
43.9948
68.152
1.02895
82.2956
95.9758
82.5139
39.6595
-25.4766
69.0956
135.968
79.3191
64.9476
-11.1189
89.3794
-70.9332
71.1769
101.312
-57.6493
46.4937
119.643
-15.0352
125.961
22.2393
-46.7184
-70.837
111.5
104.671
131.353
85.4435
23.0168
133.367
80.7027
94.4326
-82.5526
84.0103
165.789
159.214
84.1412
74.5472
71.5288
-0.0974974
84.9756
8.29316
-81.8029
69.3251
170.354
99.0997
-68.7717
39.7109
-75.5129
79.3723
53.593
68.2562
79.5035
72.4722
83.0992
-33.9075
26.217
62.5673
129.599
-73.7766
66.4986
-70.0031
69.3573
91.6402
-56.761
70.8961
118.057
20.7236
65.081
81.2128
187.266
81.4514
73.3514
-48.8273
89.9491
83.0054
82.4918
-75.79
-49.8599
-69.1859
27.0089
-68.7926
-51.1345
73.6877
69.4215
-73.8693
77.73
-25.2916
-23.8222
55.8967
130.595
88.7593
43.9151
151.058
-36.1196
78.8369
67.8667
62.7732
96.3127
117.39
92.7806
75.8812
-44.9718
85.0022
61.1952
47.1552
69.3496
54.5421
65.8264
125.672
168.985
42.0562
-83.0671
94.5124
-53.3454
116.477
81.1613
46.2547
1.8743
48.701
77.9606
99.4789
118.907
83.3731
52.1482
78.3035
-82.9916
67.3345
-27.217
-50.0233
-12.9382
32.9239
54.5149
104.144
98.0852
86.3245
43.9103
36.6097
133.264
-11.9488
123.434
79.7968
138.462
19.6741
-3.00944
-26.759
45.697
90.4232
-5.88787
-31.6627
80.3996
-21.4443
85.379
64.0004
110.45
62.2386
60.1021
84.2841
76.1235
29.1696
-47.6517
107.701
108.77
11.3746
64.1787
-75.7345
78.7394
183.925
155.088
62.2467
84.0107
81.1356
83.9675
73.3184
-15.7976
78.5497
92.3985
116.762
97.2765
-74.6775
-38.7013
83.8292
46.4609
67.1689
67.1163
128.957
14.4389
-25.4656
-76.5063
72.4408
66.7222
76.8018
89.5767
109.869
71.3289
33.6913
-11.7612
10.4468
26.9586
64.1895
33.326
110.761
-66.5503
-16.9768
15.0383
-38.7558
61.5177
-74.8642
52.3787
80.3858
84.0677
44.7752
72.4248
84.9005
58.2523
64.7293
184.176
84.1367
13.4832
-56.2549
-18.97
75.5912
-81.8458
83.7484
89.2817
85.3913
162.343
71.3168
87.1249
-15.9815
30.3536
110.25
143.046
109.892
84.9504
-11.2149
71.5871
-60.0659
-45.5912
89.0221
72.6877
26.9685
123.726
5.03238
185.511
-17.7104
130.397
129.987
73.7247
-59.9489
104.715
-14.4795
90.5485
-36.7542
86.8534
-54.8153
-25.3794
3.65615
12.0936
69.2078
-69.365
74.2402
-83.6048
96.1509
15.8208
96.721
-46.9529
-74.1673
-22.0813
91.4949
-15.4235
146.195
141.199
73.9335
47.6949
110.109
48.78
126.035
33.7815
68.8527
44.1087
65.1026
120.804
95.7849
85.3592
-52.3254
51.9733
137.385
-75.8353
124.114
84.2511
69.9554
93.343
-76.6591
-51.4822
68.7907
78.6881
77.193
77.4752
91.5128
-73.4153
-9.95636
41.6607
80.0472
101.728
44.7147
-7.82028
78.6256
100.181
64.2199
-73.9557
47.197
167.454
84.5081
82.7166
76.187
71.0288
68.0902
59.3328
107.205
85.5053
102.467
68.3799
-45.7102
85.6664
27.6311
-53.5986
-69.3359
133.625
78.9595
-58.5027
156.244
78.8311
61.0697
-41.7138
138.92
6.78374
-32.4102
5.33284
83.9553
88.5779
89.6322
94.2671
0.00494283
83.5355
-37.8486
94.3821
79.1806
87.436
67.0991
76.4059
79.0388
-72.3699
140.075
72.1064
-59.8052
-31.2396
101.445
99.0375
-71.8217
94.5733
89.0884
-64.4657
97.4035
79.3506
20.0579
83.9077
79.3096
97.6072
72.3644
91.4774
-10.229
84.0489
43.7974
-33.7791
83.6409
114.388
94.9222
199.74
84.9938
-57.0163
75.6563
77.9113
76.7724
32.4228
4.65802
-34.2315
86.7681
85.6759
-19.3455
86.5763
158.316
65.9396
-73.2239
-50.8677
10.4509
170.479
71.6637
-64.9632
83.9249
67.678
-5.0694
73.4266
-68.5198
72.1247
47.2417
-73.2261
79.5986
108.736
-18.77
19.1196
90.1675
18.262
143.964
24.1247
66.0826
86.024
84.9482
26.8057
150.953
)
;

boundaryField
{
    wings
    {
        type            zeroGradient;
    }
    outlet
    {
        type            freestreamPressure;
    }
    tunnel
    {
        type            zeroGradient;
    }
    inlet
    {
        type            freestreamPressure;
    }
    defaultFaces
    {
        type            empty;
    }
}


// ************************************************************************* //
