5.0 -10.2791388081
10.0 -5.56294940636
15.0 -1.38760472839
20.0 0.285644157627
25.0 0.716793422034
30.0 0.769812195339
35.0 0.763523537288
40.0 0.746397050847
45.0 0.741330002966
50.0 0.752761765678
55.0 0.767812322881
60.0 0.780052877966
65.0 0.791857248305
70.0 0.805058342373
75.0 0.819045433475
80.0 0.8337343
85.0 0.849009544068
90.0 0.864860923729
95.0 0.880913783475
100.0 0.896944166949
105.0 0.912660976017
110.0 0.927790778559
115.0 0.942043377924
120.0 0.955092117627
125.0 0.967184932542
130.0 0.977963575212
135.0 0.987324344831
140.0 0.995254849661
145.0 1.0018237275
150.0 1.00693920572
155.0 1.01082612258
160.0 1.01365191708
165.0 1.01530901148
170.0 1.01590563271
175.0 1.01568790017
180.0 1.01472469682
185.0 1.01302318669
190.0 1.01119886373
195.0 1.00901987822
200.0 1.00614027975
205.0 1.00366050449
210.0 1.00060496945
215.0 0.997566804407
220.0 0.99449033322
225.0 0.9912983725
230.0 0.988392015085
235.0 0.985320514915
240.0 0.982117903347
245.0 0.979263697246
250.0 0.976217611949
255.0 0.973275724449
260.0 0.970468987331
265.0 0.967532671653
270.0 0.964703537924
275.0 0.962118873305
280.0 0.959673692585
285.0 0.957265351144
290.0 0.955087479703
295.0 0.953037208983
300.0 0.95113732
305.0 0.949526354703
310.0 0.948088308686
315.0 0.946781132161
320.0 0.945742942712
325.0 0.944861549153
330.0 0.944211851864
335.0 0.943756968771
340.0 0.94348767589
345.0 0.943419126398
350.0 0.943559779831
355.0 0.943842361949
360.0 0.9443095725
365.0 0.944973259449
370.0 0.945755131144
375.0 0.946684328136
380.0 0.947777782881
385.0 0.948951691483
390.0 0.950300880424
395.0 0.951732958983
400.0 0.953292517373
405.0 0.954881163644
410.0 0.956581088941
415.0 0.958363998814
420.0 0.960208213136
425.0 0.962100090254
430.0 0.96411014839
435.0 0.96614718428
440.0 0.968149468686
445.0 0.970221535297
450.0 0.97236383822
455.0 0.974508160424
460.0 0.976642209449
465.0 0.978861031525
470.0 0.980962868008
475.0 0.983113823051
480.0 0.985288962797
485.0 0.987334327627
490.0 0.989493598008
495.0 0.991681926441
500.0 0.993696133814
505.0 0.995721920551
510.0 0.997699003771
515.0 0.99960320839
520.0 1.00141972335
525.0 1.00315532386
530.0 1.00480993648
535.0 1.0063754961
540.0 1.00785499339
545.0 1.00926411754
550.0 1.01060668746
555.0 1.01188906436
560.0 1.01311464364
565.0 1.01428893945
570.0 1.01541450008
575.0 1.01649175521
580.0 1.01752155669
585.0 1.0185017922
590.0 1.01943204373
595.0 1.02031104466
600.0 1.02113795144
605.0 1.02191319114
610.0 1.02263634258
615.0 1.02330995034
620.0 1.02393486347
625.0 1.02451404932
630.0 1.02504920373
635.0 1.02553481886
640.0 1.02599377644
645.0 1.02641887331
650.0 1.02680671911
655.0 1.02715180534
660.0 1.02747531822
665.0 1.02776708775
670.0 1.02803897742
675.0 1.02826513932
680.0 1.0285036228
685.0 1.02870993746
690.0 1.02888195644
695.0 1.02904470093
700.0 1.02920827051
705.0 1.02932540826
710.0 1.02946556809
715.0 1.0295570686
720.0 1.02964847127
725.0 1.02972139496
730.0 1.02983529572
735.0 1.02988284136
740.0 1.02995102
745.0 1.03001682572
750.0 1.03008758309
755.0 1.03009197945
760.0 1.03014285665
765.0 1.03018753839
770.0 1.03023420691
775.0 1.03028950538
780.0 1.03032772174
785.0 1.03033346466
790.0 1.03039204309
795.0 1.03040331186
800.0 1.03046402386
805.0 1.03047827314
810.0 1.03053137186
815.0 1.03055791949
820.0 1.03060213038
825.0 1.03063843144
830.0 1.03068180242
835.0 1.03071980364
840.0 1.03076868831
845.0 1.03080626864
850.0 1.03085939398
855.0 1.03089909394
860.0 1.03095391576
865.0 1.03099785263
870.0 1.03105309826
875.0 1.03109957593
880.0 1.03115736288
885.0 1.03120468551
890.0 1.03126458924
895.0 1.03131275606
900.0 1.0313739286
905.0 1.03142336284
910.0 1.03148495627
915.0 1.03153523398
920.0 1.03159682436
925.0 1.03164709797
930.0 1.03170868521
935.0 1.03175853093
940.0 1.03182011513
945.0 1.03186953309
950.0 1.03192984318
955.0 1.03197840983
960.0 1.03203786975
965.0 1.03208558538
970.0 1.03214334797
975.0 1.03218936547
980.0 1.03224585479
985.0 1.03228975081
990.0 1.03234411979
995.0 1.03238674225
1000.0 1.03243856758
1005.0 1.03247864564
1010.0 1.03252877521
1015.0 1.03256630932
1020.0 1.03261389606
1025.0 1.03264931038
1030.0 1.03269435462
1035.0 1.03272722581
1040.0 1.03276930415
1045.0 1.03280005627
1050.0 1.03284001657
1055.0 1.03286780246
1060.0 1.03290522131
1065.0 1.03293131191
1070.0 1.03296618983
1075.0 1.03298931479
1080.0 1.03302207542
1085.0 1.03304308242
1090.0 1.03307372585
1095.0 1.03309261496
1100.0 1.0331207175
1105.0 1.03313748894
1110.0 1.03316389814
1115.0 1.03317855191
1120.0 1.03320284411
1125.0 1.03321580403
1130.0 1.03323162208
1135.0 1.03325094191
1140.0 1.0332718447
1145.0 1.03328184242
1150.0 1.03329596864
1155.0 1.03330681517
1160.0 1.03332645148
1165.0 1.03333136627
1170.0 1.03335142924
1175.0 1.03334998631
1180.0 1.033363695
1185.0 1.0333766636
1190.0 1.03337850627
1195.0 1.03339274742
1200.0 1.03340391568
1205.0 1.03340586742
1210.0 1.033417885
1215.0 1.03342365085
1220.0 1.03342634674
1225.0 1.03343423415
1230.0 1.03344243733
1235.0 1.03344481805
1240.0 1.03344963258
1245.0 1.03345582674
1250.0 1.03346064246
1255.0 1.03346344758
1260.0 1.03346784008
1265.0 1.03347234055
1270.0 1.0334758864
1275.0 1.03347869233
1280.0 1.03348223877
1285.0 1.0334854689
1290.0 1.03348817487
1295.0 1.03349096263
1300.0 1.03349368242
1305.0 1.03349604508
1310.0 1.03349876648
1315.0 1.03350112915
1320.0 1.03350300356
1325.0 1.03350536644
1330.0 1.03350766483
1335.0 1.03350960407
1340.0 1.0335114789
1345.0 1.03351341818
1350.0 1.03351529318
1355.0 1.03351723246
1360.0 1.03351868373
1365.0 1.03352062297
1370.0 1.03352249805
1375.0 1.03352401347
1380.0 1.03352546479
1385.0 1.03352698017
1390.0 1.03352843153
1395.0 1.03352994678
1400.0 1.03353139809
1405.0 1.03353291326
1410.0 1.03353436458
1415.0 1.03353587966
1420.0 1.0335369072
1425.0 1.0335384222
1430.0 1.03353944975
1435.0 1.03354096466
1440.0 1.03354199216
1445.0 1.03354350703
1450.0 1.03354453449
1455.0 1.03354562555
1460.0 1.03354707674
1465.0 1.03354816775
1470.0 1.03354919517
1475.0 1.0335502861
1480.0 1.03355131356
1485.0 1.03355240445
1490.0 1.03355343186
1495.0 1.03355452271
1500.0 1.03355555013
1505.0 1.0335562172
1510.0 1.03355724466
1515.0 1.03355833542
1520.0 1.03355893911
1525.0 1.03356003004
1530.0 1.0335606336
1535.0 1.03356172445
1540.0 1.03356232784
1545.0 1.03356299521
1550.0 1.03356402229
1555.0 1.03356468966
1560.0 1.03356529292
1565.0 1.03356596034
1570.0 1.03356656373
1575.0 1.0335672311
1580.0 1.03356783449
1585.0 1.03356850182
1590.0 1.03356910525
1595.0 1.03356977254
1600.0 1.03357037597
1605.0 1.03357061958
1610.0 1.03357122301
1615.0 1.03357189034
1620.0 1.03357207008
1625.0 1.03357273737
1630.0 1.03357291716
1635.0 1.03357358445
1640.0 1.03357376424
1645.0 1.03357443157
1650.0 1.03357461136
1655.0 1.03357485496
1660.0 1.03357545852
1665.0 1.03357570212
1670.0 1.03357588195
1675.0 1.03357654928
1680.0 1.03357672911
1685.0 1.03357697271
1690.0 1.03357715258
1695.0 1.03357739623
1700.0 1.0335775761
1705.0 1.0335778197
1710.0 1.03357842335
1715.0 1.03357824322
1720.0 1.03357884686
1725.0 1.03357866678
1730.0 1.03357884669
1735.0 1.03357909034
1740.0 1.0335792703
1745.0 1.03357951394
1750.0 1.0335796939
1755.0 1.0335799375
1760.0 1.0335801175
1765.0 1.03358036114
1770.0 1.03358011737
1775.0 1.03358036102
1780.0 1.03358054102
1785.0 1.03358078466
1790.0 1.03358096466
1795.0 1.03358078462
1800.0 1.03358096462
1805.0 1.03358120826
1810.0 1.03358138831
1815.0 1.03358120822
1820.0 1.03358138826
1825.0 1.03358163191
1830.0 1.03358138822
1835.0 1.03358163186
1840.0 1.03358181191
1845.0 1.03358163186
1850.0 1.03358181191
1855.0 1.03358205555
1860.0 1.03358181186
1865.0 1.03358205555
1870.0 1.03358223559
1875.0 1.03358205555
1880.0 1.03358223559
1885.0 1.03358205555
1890.0 1.03358223559
1895.0 1.03358247924
1900.0 1.03358223559
1905.0 1.03358247924
1910.0 1.03358223559
1915.0 1.03358247928
1920.0 1.03358265932
1925.0 1.03358247928
1930.0 1.03358265932
1935.0 1.03358247928
1940.0 1.03358265932
1945.0 1.03358290301
1950.0 1.03358265936
1955.0 1.03358290301
1960.0 1.03358265936
1965.0 1.03358290301
1970.0 1.03358265936
1975.0 1.03358290305
1980.0 1.03358308309
1985.0 1.03358290305
1990.0 1.03358308314
1995.0 1.03358290305
2000.0 1.03358308314
2005.0 1.03358290305
2010.0 1.03358308314
2015.0 1.03358290305
2020.0 1.03358308314
2025.0 1.03358290309
2030.0 1.03358308314
2035.0 1.03358332682
2040.0 1.03358308314
2045.0 1.03358332682
2050.0 1.03358308318
2055.0 1.03358332682
2060.0 1.03358308318
2065.0 1.03358332682
2070.0 1.03358308318
2075.0 1.03358332682
2080.0 1.03358308318
2085.0 1.03358332682
2090.0 1.03358350691
2095.0 1.03358332682
2100.0 1.03358350691
2105.0 1.03358332682
2110.0 1.03358350691
2115.0 1.03358332682
2120.0 1.03358350691
2125.0 1.03358332682
2130.0 1.03358350691
2135.0 1.03358332682
2140.0 1.03358350691
2145.0 1.03358332682
2150.0 1.03358350691
2155.0 1.03358332682
2160.0 1.03358350691
2165.0 1.03358332682
2170.0 1.03358350691
2175.0 1.03358332682
2180.0 1.03358350691
2185.0 1.03358375055
2190.0 1.03358350691
2195.0 1.03358375055
2200.0 1.03358350691
2205.0 1.03358375055
2210.0 1.03358350691
2215.0 1.03358375055
2220.0 1.03358350691
2225.0 1.03358375055
2230.0 1.03358350691
2235.0 1.03358375055
2240.0 1.03358350691
2245.0 1.03358375055
2250.0 1.03358350691
2255.0 1.03358375055
2260.0 1.03358350691
2265.0 1.03358375055
2270.0 1.03358350691
2275.0 1.03358375055
2280.0 1.03358350691
2285.0 1.03358375055
2290.0 1.03358350691
2295.0 1.03358375055
2300.0 1.03358350691
2305.0 1.03358375055
2310.0 1.03358350691
2315.0 1.03358375055
2320.0 1.03358350691
2325.0 1.03358375055
2330.0 1.03358350691
2335.0 1.03358375055
2340.0 1.03358350691
2345.0 1.03358375055
2350.0 1.03358350691
2355.0 1.03358375055
2360.0 1.03358350691
2365.0 1.03358375055
2370.0 1.03358350691
2375.0 1.03358375055
2380.0 1.03358350691
2385.0 1.03358375055
2390.0 1.03358350691
2395.0 1.03358375055
2400.0 1.03358350691
2405.0 1.03358375055
2410.0 1.03358350691
2415.0 1.03358375055
2420.0 1.03358350691
2425.0 1.03358375055
2430.0 1.03358350691
2435.0 1.03358375055
2440.0 1.03358350691
2445.0 1.03358375055
2450.0 1.03358350691
2455.0 1.03358375055
2460.0 1.03358350691
2465.0 1.03358375055
2470.0 1.03358350691
2475.0 1.03358375055
2480.0 1.03358350691
2485.0 1.03358375055
2490.0 1.03358350691
2495.0 1.03358375055
2500.0 1.03358350691
2505.0 1.03358375055
2510.0 1.03358350691
2515.0 1.03358375055
2520.0 1.03358350691
2525.0 1.03358375055
2530.0 1.03358350691
2535.0 1.03358375059
2540.0 1.03358350691
2545.0 1.03358375059
2550.0 1.03358350691
2555.0 1.03358375059
2560.0 1.03358350691
2565.0 1.03358375059
2570.0 1.03358350691
2575.0 1.03358375059
2580.0 1.03358350691
2585.0 1.03358375059
2590.0 1.03358350691
2595.0 1.03358375059
2600.0 1.03358350691
2605.0 1.03358375059
2610.0 1.03358350695
2615.0 1.03358375059
2620.0 1.03358350695
2625.0 1.03358375059
2630.0 1.03358350695
2635.0 1.03358375059
2640.0 1.03358350695
2645.0 1.03358375059
2650.0 1.03358350695
2655.0 1.03358375059
2660.0 1.03358350695
2665.0 1.03358375059
2670.0 1.03358350695
2675.0 1.03358375059
2680.0 1.03358350695
2685.0 1.03358375059
2690.0 1.03358350695
2695.0 1.03358375059
2700.0 1.03358350695
2705.0 1.03358375059
2710.0 1.03358350695
2715.0 1.03358375059
2720.0 1.03358350695
2725.0 1.03358375059
2730.0 1.03358350695
2735.0 1.03358375059
2740.0 1.03358350695
2745.0 1.03358375059
2750.0 1.03358350695
2755.0 1.03358375059
2760.0 1.03358350695
2765.0 1.03358375059
2770.0 1.03358350695
2775.0 1.03358375059
2780.0 1.03358350695
2785.0 1.03358375059
2790.0 1.03358350695
2795.0 1.03358375059
2800.0 1.03358350695
2805.0 1.03358375059
2810.0 1.03358350695
2815.0 1.03358375059
2820.0 1.03358350695
2825.0 1.03358375059
2830.0 1.03358350695
2835.0 1.03358375059
2840.0 1.03358350695
2845.0 1.03358375059
2850.0 1.03358350695
2855.0 1.03358375059
2860.0 1.03358350695
2865.0 1.03358375059
2870.0 1.03358350695
2875.0 1.03358375059
2880.0 1.03358350695
2885.0 1.03358375059
2890.0 1.03358393068
2895.0 1.03358375059
2900.0 1.03358393068
2905.0 1.03358375059
2910.0 1.03358393068
2915.0 1.03358375059
2920.0 1.03358393068
2925.0 1.03358375059
2930.0 1.03358393068
2935.0 1.03358375059
2940.0 1.03358393068
2945.0 1.03358375059
2950.0 1.03358393068
2955.0 1.03358375059
2960.0 1.03358393068
2965.0 1.03358375059
2970.0 1.03358393068
2975.0 1.03358375059
2980.0 1.03358393068
2985.0 1.03358375059
2990.0 1.03358393068
2995.0 1.03358375059
3000.0 1.03358393068
3005.0 1.03358375059
3010.0 1.03358393068
3015.0 1.03358375059
3020.0 1.03358393068
3025.0 1.03358375059
3030.0 1.03358393068
3035.0 1.03358375059
3040.0 1.03358393068
3045.0 1.03358375059
3050.0 1.03358393068
3055.0 1.03358375059
3060.0 1.03358393068
3065.0 1.03358375059
3070.0 1.03358393068
3075.0 1.03358375059
3080.0 1.03358393068
3085.0 1.03358375059
3090.0 1.03358393068
3095.0 1.03358375059
3100.0 1.03358393068
3105.0 1.03358375059
3110.0 1.03358393068
3115.0 1.03358375059
3120.0 1.03358393068
3125.0 1.03358375059
3130.0 1.03358393068
3135.0 1.03358375059
3140.0 1.03358393068
3145.0 1.03358375059
3150.0 1.03358393068
3155.0 1.03358375059
3160.0 1.03358393068
3165.0 1.03358375059
3170.0 1.03358393068
3175.0 1.03358375059
3180.0 1.03358393068
3185.0 1.03358375059
3190.0 1.03358393068
3195.0 1.03358375059
3200.0 1.03358393068
3205.0 1.03358375059
3210.0 1.03358393068
3215.0 1.03358375059
3220.0 1.03358393068
3225.0 1.03358375059
3230.0 1.03358393068
3235.0 1.03358375059
3240.0 1.03358393068
3245.0 1.03358375059
3250.0 1.03358393068
3255.0 1.03358375059
3260.0 1.03358393068
3265.0 1.03358375059
3270.0 1.03358393068
3275.0 1.03358375059
3280.0 1.03358393068
3285.0 1.03358375059
3290.0 1.03358393068
3295.0 1.03358375059
3300.0 1.03358393068
3305.0 1.03358375059
3310.0 1.03358393068
3315.0 1.03358375059
3320.0 1.03358393068
3325.0 1.03358375059
3330.0 1.03358393068
3335.0 1.03358375059
3340.0 1.03358393068
3345.0 1.03358375059
3350.0 1.03358393068
3355.0 1.03358375059
3360.0 1.03358393068
3365.0 1.03358375059
3370.0 1.03358393068
3375.0 1.03358375059
3380.0 1.03358393068
3385.0 1.03358375059
3390.0 1.03358393068
3395.0 1.03358375059
3400.0 1.03358393068
3405.0 1.03358375059
3410.0 1.03358393068
3415.0 1.03358375059
3420.0 1.03358393068
3425.0 1.03358375059
3430.0 1.03358393068
3435.0 1.03358375059
3440.0 1.03358393068
3445.0 1.03358375059
3450.0 1.03358393068
3455.0 1.03358375059
3460.0 1.03358393068
3465.0 1.03358375059
3470.0 1.03358393068
3475.0 1.03358375059
3480.0 1.03358393068
3485.0 1.03358375059
3490.0 1.03358393068
3495.0 1.03358375059
3500.0 1.03358393068
3505.0 1.03358375059
3510.0 1.03358393068
3515.0 1.03358375059
3520.0 1.03358393068
3525.0 1.03358375059
3530.0 1.03358393068
3535.0 1.03358375059
3540.0 1.03358393068
3545.0 1.03358375059
3550.0 1.03358393068
3555.0 1.03358375059
3560.0 1.03358393068
3565.0 1.03358375059
3570.0 1.03358393068
3575.0 1.03358375059
3580.0 1.03358393068
3585.0 1.03358375059
3590.0 1.03358393068
3595.0 1.03358375059
3600.0 1.03358393068
3605.0 1.03358375059
3610.0 1.03358393068
3615.0 1.03358375059
3620.0 1.03358393068
3625.0 1.03358375059
3630.0 1.03358393068
3635.0 1.03358375059
3640.0 1.03358393068
3645.0 1.03358375059
3650.0 1.03358393068
3655.0 1.03358375059
3660.0 1.03358393068
3665.0 1.03358375059
3670.0 1.03358393068
3675.0 1.03358375059
3680.0 1.03358393068
3685.0 1.03358375059
3690.0 1.03358393068
3695.0 1.03358375059
3700.0 1.03358393068
3705.0 1.03358375059
3710.0 1.03358393068
3715.0 1.03358375059
3720.0 1.03358393068
3725.0 1.03358375059
3730.0 1.03358393068
3735.0 1.03358375059
3740.0 1.03358393068
3745.0 1.03358375059
3750.0 1.03358393068
3755.0 1.03358375059
3760.0 1.03358393068
3765.0 1.03358375059
3770.0 1.03358393068
3775.0 1.03358375059
3780.0 1.03358393068
3785.0 1.03358375059
3790.0 1.03358393068
3795.0 1.03358375059
3800.0 1.03358393068
3805.0 1.03358375059
3810.0 1.03358393068
3815.0 1.03358375059
3820.0 1.03358393068
3825.0 1.03358375059
3830.0 1.03358393068
3835.0 1.03358375059
3840.0 1.03358393068
3845.0 1.03358375059
3850.0 1.03358393068
3855.0 1.03358375059
3860.0 1.03358393068
3865.0 1.03358375059
3870.0 1.03358393068
3875.0 1.03358375059
3880.0 1.03358393068
3885.0 1.03358375059
3890.0 1.03358393068
3895.0 1.03358375059
3900.0 1.03358393068
3905.0 1.03358375059
3910.0 1.03358393068
3915.0 1.03358375059
3920.0 1.03358393068
3925.0 1.03358375059
3930.0 1.03358393068
3935.0 1.03358375059
3940.0 1.03358393068
3945.0 1.03358375059
3950.0 1.03358393068
3955.0 1.03358375059
3960.0 1.03358393068
3965.0 1.03358375059
3970.0 1.03358393068
3975.0 1.03358375059
3980.0 1.03358393068
3985.0 1.03358375059
3990.0 1.03358393068
3995.0 1.03358375059
4000.0 1.03358393068
4005.0 1.03358375059
4010.0 1.03358393068
4015.0 1.03358375059
4020.0 1.03358393068
4025.0 1.03358375059
4030.0 1.03358393068
4035.0 1.03358375059
4040.0 1.03358393068
4045.0 1.03358375059
4050.0 1.03358393068
4055.0 1.03358375059
4060.0 1.03358393068
4065.0 1.03358375059
4070.0 1.03358393068
4075.0 1.03358375059
4080.0 1.03358393068
4085.0 1.03358375059
4090.0 1.03358393068
4095.0 1.03358375059
4100.0 1.03358393068
4105.0 1.03358375059
4110.0 1.03358393068
4115.0 1.03358375059
4120.0 1.03358393068
4125.0 1.03358375059
4130.0 1.03358393068
4135.0 1.03358375059
4140.0 1.03358393068
4145.0 1.03358375059
4150.0 1.03358393068
4155.0 1.03358375059
4160.0 1.03358393068
4165.0 1.03358375059
4170.0 1.03358393068
4175.0 1.03358375059
4180.0 1.03358393068
4185.0 1.03358375059
4190.0 1.03358393068
4195.0 1.03358375059
4200.0 1.03358393068
4205.0 1.03358375059
4210.0 1.03358393068
4215.0 1.03358375059
4220.0 1.03358393068
4225.0 1.03358375059
4230.0 1.03358393068
4235.0 1.03358375059
4240.0 1.03358393068
4245.0 1.03358375059
4250.0 1.03358393068
4255.0 1.03358375059
4260.0 1.03358393068
4265.0 1.03358375059
4270.0 1.03358393068
4275.0 1.03358375059
4280.0 1.03358393068
4285.0 1.03358375059
4290.0 1.03358393068
4295.0 1.03358375059
4300.0 1.03358393068
4305.0 1.03358375059
4310.0 1.03358393068
4315.0 1.03358375059
4320.0 1.03358393068
4325.0 1.03358375059
4330.0 1.03358393068
4335.0 1.03358375059
4340.0 1.03358393068
4345.0 1.03358375059
4350.0 1.03358393068
4355.0 1.03358375059
4360.0 1.03358393068
4365.0 1.03358375059
4370.0 1.03358393068
4375.0 1.03358375059
4380.0 1.03358393068
4385.0 1.03358375059
4390.0 1.03358393068
4395.0 1.03358375059
4400.0 1.03358393068
4405.0 1.03358375059
4410.0 1.03358393068
4415.0 1.03358375059
4420.0 1.03358393068
4425.0 1.03358375059
4430.0 1.03358393068
4435.0 1.03358375059
4440.0 1.03358393068
4445.0 1.03358375059
4450.0 1.03358393068
4455.0 1.03358375059
4460.0 1.03358393068
4465.0 1.03358375059
4470.0 1.03358393068
4475.0 1.03358375059
4480.0 1.03358393068
4485.0 1.03358375059
4490.0 1.03358393068
4495.0 1.03358375059
4500.0 1.03358393068
4505.0 1.03358375059
4510.0 1.03358393068
4515.0 1.03358375059
4520.0 1.03358393068
4525.0 1.03358375059
4530.0 1.03358393068
4535.0 1.03358375059
4540.0 1.03358393068
4545.0 1.03358375059
4550.0 1.03358393068
4555.0 1.03358375059
4560.0 1.03358393068
4565.0 1.03358375059
4570.0 1.03358393068
4575.0 1.03358375059
4580.0 1.03358393068
4585.0 1.03358375059
4590.0 1.03358393068
4595.0 1.03358375059
4600.0 1.03358393068
4605.0 1.03358375059
4610.0 1.03358393068
4615.0 1.03358375059
4620.0 1.03358393068
4625.0 1.03358375059
4630.0 1.03358393068
4635.0 1.03358375059
4640.0 1.03358393068
4645.0 1.03358375059
4650.0 1.03358393068
4655.0 1.03358375059
4660.0 1.03358393068
4665.0 1.03358375059
4670.0 1.03358393068
4675.0 1.03358375059
4680.0 1.03358393068
4685.0 1.03358375059
4690.0 1.03358393068
4695.0 1.03358375059
4700.0 1.03358393068
4705.0 1.03358375059
4710.0 1.03358393068
4715.0 1.03358375059
4720.0 1.03358393068
4725.0 1.03358375059
4730.0 1.03358393068
4735.0 1.03358375059
4740.0 1.03358393068
4745.0 1.03358375059
4750.0 1.03358393068
4755.0 1.03358375059
4760.0 1.03358393068
4765.0 1.03358375059
4770.0 1.03358393068
4775.0 1.03358375059
4780.0 1.03358393068
4785.0 1.03358375059
4790.0 1.03358393068
4795.0 1.03358375059
4800.0 1.03358393068
4805.0 1.03358375059
4810.0 1.03358393068
4815.0 1.03358375059
4820.0 1.03358393068
4825.0 1.03358375059
4830.0 1.03358393068
4835.0 1.03358375059
4840.0 1.03358393068
4845.0 1.03358375059
4850.0 1.03358393068
4855.0 1.03358375059
4860.0 1.03358393068
4865.0 1.03358375059
4870.0 1.03358393068
4875.0 1.03358375059
4880.0 1.03358393068
4885.0 1.03358375059
4890.0 1.03358393068
4895.0 1.03358375059
4900.0 1.03358393068
4905.0 1.03358375059
4910.0 1.03358393068
4915.0 1.03358375059
4920.0 1.03358393068
4925.0 1.03358375059
4930.0 1.03358393068
4935.0 1.03358375059
4940.0 1.03358393068
4945.0 1.03358375059
4950.0 1.03358393068
4955.0 1.03358375059
4960.0 1.03358393068
4965.0 1.03358375059
4970.0 1.03358393068
4975.0 1.03358375059
4980.0 1.03358393068
4985.0 1.03358375059
4990.0 1.03358393068
4995.0 1.03358375059
5000.0 1.03358393068
