5.0 -151.493559322
10.0 -95.0740677966
15.0 -36.3271271186
20.0 -8.34452966102
25.0 0.50631059322
30.0 1.60752627119
35.0 1.00887457627
40.0 0.522645762712
45.0 0.346612330508
50.0 0.322825677966
55.0 0.321078262712
60.0 0.315421398305
65.0 0.312316144068
70.0 0.310684110169
75.0 0.307532118644
80.0 0.305398898305
85.0 0.303592161017
90.0 0.301389364407
95.0 0.300072584746
100.0 0.298786440678
105.0 0.297489322034
110.0 0.296446440678
115.0 0.295477711864
120.0 0.29475190678
125.0 0.294128644068
130.0 0.293652542373
135.0 0.293380254237
140.0 0.293162288136
145.0 0.293012669492
150.0 0.29307470339
155.0 0.293170381356
160.0 0.293385847458
165.0 0.293598474576
170.0 0.293921991525
175.0 0.294329533898
180.0 0.29481720339
185.0 0.295373220339
190.0 0.295937754237
195.0 0.296553855932
200.0 0.297196864407
205.0 0.29786190678
210.0 0.298502923729
215.0 0.299105423729
220.0 0.299808728814
225.0 0.300369661017
230.0 0.300875
235.0 0.301371567797
240.0 0.301761483051
245.0 0.302122076271
250.0 0.302404067797
255.0 0.302597584746
260.0 0.302696398305
265.0 0.302708262712
270.0 0.302652584746
275.0 0.302475508475
280.0 0.302232415254
285.0 0.301864872881
290.0 0.301452415254
295.0 0.300918474576
300.0 0.300332754237
305.0 0.299643474576
310.0 0.298908432203
315.0 0.2980775
320.0 0.297199618644
325.0 0.296294110169
330.0 0.295360889831
335.0 0.294371822034
340.0 0.293374322034
345.0 0.292335889831
350.0 0.291260635593
355.0 0.290228050847
360.0 0.289140423729
365.0 0.288017415254
370.0 0.286928135593
375.0 0.285838389831
380.0 0.284744067797
385.0 0.283660127119
390.0 0.282574915254
395.0 0.281523601695
400.0 0.280488135593
405.0 0.279462584746
410.0 0.278486144068
415.0 0.277528855932
420.0 0.27663309322
425.0 0.275763644068
430.0 0.274971822034
435.0 0.274268813559
440.0 0.273670211864
445.0 0.273198728814
450.0 0.272876059322
455.0 0.272733559322
460.0 0.272804237288
465.0 0.273134364407
470.0 0.273773474576
475.0 0.274773601695
480.0 0.276189618644
485.0 0.278087881356
490.0 0.280626398305
495.0 0.283812669492
500.0 0.287755
505.0 0.292589067797
510.0 0.298364576271
515.0 0.305235042373
520.0 0.313702076271
525.0 0.323687584746
530.0 0.334609152542
535.0 0.347430381356
540.0 0.361398135593
545.0 0.376657372881
550.0 0.392411016949
555.0 0.408242754237
560.0 0.422682245763
565.0 0.434183898305
570.0 0.44101059322
575.0 0.442131355932
580.0 0.437724152542
585.0 0.42951440678
590.0 0.420499957627
595.0 0.413402118644
600.0 0.409617542373
605.0 0.409065635593
610.0 0.409908516949
615.0 0.411129237288
620.0 0.412516271186
625.0 0.413815677966
630.0 0.414462966102
635.0 0.414696822034
640.0 0.41489190678
645.0 0.415071186441
650.0 0.415398686441
655.0 0.415932542373
660.0 0.416732966102
665.0 0.417639491525
670.0 0.418866440678
675.0 0.420218389831
680.0 0.421811271186
685.0 0.423366059322
690.0 0.42483220339
695.0 0.426557627119
700.0 0.427953813559
705.0 0.429361864407
710.0 0.430511864407
715.0 0.431363559322
720.0 0.432087711864
725.0 0.432598728814
730.0 0.432869915254
735.0 0.433012288136
740.0 0.43296779661
745.0 0.432826271186
750.0 0.432649152542
755.0 0.432392372881
760.0 0.432153813559
765.0 0.431875423729
770.0 0.431594067797
775.0 0.431287288136
780.0 0.430969067797
785.0 0.430646610169
790.0 0.430258898305
795.0 0.429853813559
800.0 0.429458474576
805.0 0.428974576271
810.0 0.428469067797
815.0 0.42796059322
820.0 0.427361016949
825.0 0.426755508475
830.0 0.426113559322
835.0 0.425447457627
840.0 0.424769067797
845.0 0.424090254237
850.0 0.423407033898
855.0 0.422747711864
860.0 0.422115
865.0 0.421510466102
870.0 0.420898644068
875.0 0.420408728814
880.0 0.419994067797
885.0 0.41963279661
890.0 0.419335211864
895.0 0.419106398305
900.0 0.418950550847
905.0 0.41886440678
910.0 0.418847627119
915.0 0.418887881356
920.0 0.419007372881
925.0 0.419153940678
930.0 0.419368898305
935.0 0.419608686441
940.0 0.419898432203
945.0 0.42021559322
950.0 0.420545381356
955.0 0.420891440678
960.0 0.421242245763
965.0 0.421601483051
970.0 0.421963644068
975.0 0.42231779661
980.0 0.422658135593
985.0 0.423005550847
990.0 0.42333720339
995.0 0.423659449153
1000.0 0.42396779661
1005.0 0.424254237288
1010.0 0.42451779661
1015.0 0.424756779661
1020.0 0.424965254237
1025.0 0.42514279661
1030.0 0.425284322034
1035.0 0.425391101695
1040.0 0.425465254237
1045.0 0.425512288136
1050.0 0.425530508475
1055.0 0.425520762712
1060.0 0.425483898305
1065.0 0.425424152542
1070.0 0.425341101695
1075.0 0.425245338983
1080.0 0.425120338983
1085.0 0.424983050847
1090.0 0.424826694915
1095.0 0.424651694915
1100.0 0.424480932203
1105.0 0.42428940678
1110.0 0.424096610169
1115.0 0.423900847458
1120.0 0.423687966102
1125.0 0.423474449153
1130.0 0.423247881356
1135.0 0.423008220339
1140.0 0.422780550847
1145.0 0.422528771186
1150.0 0.422323177966
1155.0 0.4220775
1160.0 0.421818813559
1165.0 0.421581398305
1170.0 0.421336949153
1175.0 0.421090932203
1180.0 0.420848813559
1185.0 0.420613220339
1190.0 0.420380423729
1195.0 0.420155805085
1200.0 0.419939067797
1205.0 0.419725
1210.0 0.419521186441
1215.0 0.419329110169
1220.0 0.41914190678
1225.0 0.418967754237
1230.0 0.418805169492
1235.0 0.418653686441
1240.0 0.418514237288
1245.0 0.418391440678
1250.0 0.418282118644
1255.0 0.418185932203
1260.0 0.418098601695
1265.0 0.418035720339
1270.0 0.417981610169
1275.0 0.417940127119
1280.0 0.417906059322
1285.0 0.417888728814
1290.0 0.417883728814
1295.0 0.417883644068
1300.0 0.417890635593
1305.0 0.417908432203
1310.0 0.417925508475
1315.0 0.417948220339
1320.0 0.417978644068
1325.0 0.418005932203
1330.0 0.418033220339
1335.0 0.418064364407
1340.0 0.418091991525
1345.0 0.418118686441
1350.0 0.418142118644
1355.0 0.418164067797
1360.0 0.418182627119
1365.0 0.418199110169
1370.0 0.418210466102
1375.0 0.418220508475
1380.0 0.41822559322
1385.0 0.418228898305
1390.0 0.418227711864
1395.0 0.418224830508
1400.0 0.418217542373
1405.0 0.418208898305
1410.0 0.418195635593
1415.0 0.418181186441
1420.0 0.418162372881
1425.0 0.418142457627
1430.0 0.418118601695
1435.0 0.418093389831
1440.0 0.418063559322
1445.0 0.418031737288
1450.0 0.417997711864
1455.0 0.417960762712
1460.0 0.417921059322
1465.0 0.417878601695
1470.0 0.417833347458
1475.0 0.417787033898
1480.0 0.417736779661
1485.0 0.417686101695
1490.0 0.417631949153
1495.0 0.417580720339
1500.0 0.417522372881
1505.0 0.417456271186
1510.0 0.417402372881
1515.0 0.417351694915
1520.0 0.417289194915
1525.0 0.417223601695
1530.0 0.417156694915
1535.0 0.417095635593
1540.0 0.417042330508
1545.0 0.416987161017
1550.0 0.416931864407
1555.0 0.416863728814
1560.0 0.41680470339
1565.0 0.416749576271
1570.0 0.41669309322
1575.0 0.416638432203
1580.0 0.41658059322
1585.0 0.416531483051
1590.0 0.416476610169
1595.0 0.416428516949
1600.0 0.416378686441
1605.0 0.416331355932
1610.0 0.416285084746
1615.0 0.416238983051
1620.0 0.416192838983
1625.0 0.416149449153
1630.0 0.416104915254
1635.0 0.416063347458
1640.0 0.416022754237
1645.0 0.415981059322
1650.0 0.415943686441
1655.0 0.415903135593
1660.0 0.415866779661
1665.0 0.415828855932
1670.0 0.415793686441
1675.0 0.415758983051
1680.0 0.415725
1685.0 0.415692584746
1690.0 0.415660042373
1695.0 0.415629576271
1700.0 0.415598559322
1705.0 0.41556970339
1710.0 0.415540169492
1715.0 0.415512584746
1720.0 0.415484322034
1725.0 0.415457754237
1730.0 0.415430508475
1735.0 0.415404745763
1740.0 0.415378135593
1745.0 0.415352966102
1750.0 0.415326822034
1755.0 0.415301991525
1760.0 0.415276059322
1765.0 0.415251355932
1770.0 0.415225550847
1775.0 0.415200889831
1780.0 0.415175084746
1785.0 0.415150466102
1790.0 0.415124661017
1795.0 0.4151
1800.0 0.415074194915
1805.0 0.415049618644
1810.0 0.415023940678
1815.0 0.414999661017
1820.0 0.414973813559
1825.0 0.414949279661
1830.0 0.41492470339
1835.0 0.414900635593
1840.0 0.414875762712
1845.0 0.41485220339
1850.0 0.414828050847
1855.0 0.414804957627
1860.0 0.414781313559
1865.0 0.414758898305
1870.0 0.414735847458
1875.0 0.414714194915
1880.0 0.414691779661
1885.0 0.414670889831
1890.0 0.414649279661
1895.0 0.414629025424
1900.0 0.414607923729
1905.0 0.414588813559
1910.0 0.414568474576
1915.0 0.41455
1920.0 0.414530466102
1925.0 0.414513008475
1930.0 0.414494279661
1935.0 0.414477584746
1940.0 0.414459830508
1945.0 0.414444025424
1950.0 0.414427245763
1955.0 0.414411355932
1960.0 0.414396525424
1965.0 0.414382457627
1970.0 0.414369449153
1975.0 0.414353940678
1980.0 0.414341440678
1985.0 0.414328305085
1990.0 0.414316991525
1995.0 0.414304194915
2000.0 0.414294364407
2005.0 0.414283347458
2010.0 0.414273432203
2015.0 0.4142625
2020.0 0.414251313559
2025.0 0.414243898305
2030.0 0.414233559322
2035.0 0.414224872881
2040.0 0.414216355932
2045.0 0.414208686441
2050.0 0.414200084746
2055.0 0.4141925
2060.0 0.414185254237
2065.0 0.414177711864
2070.0 0.414170338983
2075.0 0.414163728814
2080.0 0.414156440678
2085.0 0.414149957627
2090.0 0.414143135593
2095.0 0.414136610169
2100.0 0.414130127119
2105.0 0.414123813559
2110.0 0.414117161017
2115.0 0.414111186441
2120.0 0.414104661017
2125.0 0.414098516949
2130.0 0.414092288136
2135.0 0.414086186441
2140.0 0.414079788136
2145.0 0.414073813559
2150.0 0.414067457627
2155.0 0.414061398305
2160.0 0.414055042373
2165.0 0.414048983051
2170.0 0.414042584746
2175.0 0.414036483051
2180.0 0.414030042373
2185.0 0.414023898305
2190.0 0.414017457627
2195.0 0.414011186441
2200.0 0.41400470339
2205.0 0.413998432203
2210.0 0.41399190678
2215.0 0.413985550847
2220.0 0.413979067797
2225.0 0.413972711864
2230.0 0.413966186441
2235.0 0.413959830508
2240.0 0.413953347458
2245.0 0.413947033898
2250.0 0.41394059322
2255.0 0.413934364407
2260.0 0.413927966102
2265.0 0.413921864407
2270.0 0.413915550847
2275.0 0.413909533898
2280.0 0.413903389831
2285.0 0.413897542373
2290.0 0.413891228814
2295.0 0.413885762712
2300.0 0.413879872881
2305.0 0.413874237288
2310.0 0.413868516949
2315.0 0.413863262712
2320.0 0.413857711864
2325.0 0.4138525
2330.0 0.413847245763
2335.0 0.413842245763
2340.0 0.413837118644
2345.0 0.413832330508
2350.0 0.413827457627
2355.0 0.413822838983
2360.0 0.413818135593
2365.0 0.413813813559
2370.0 0.413809491525
2375.0 0.413805211864
2380.0 0.413800974576
2385.0 0.413797076271
2390.0 0.413792923729
2395.0 0.413789152542
2400.0 0.41378529661
2405.0 0.413781694915
2410.0 0.413778008475
2415.0 0.413774576271
2420.0 0.413771059322
2425.0 0.413767838983
2430.0 0.413764491525
2435.0 0.413761398305
2440.0 0.413758220339
2445.0 0.413755338983
2450.0 0.413752288136
2455.0 0.413749533898
2460.0 0.413746694915
2465.0 0.413744067797
2470.0 0.413741313559
2475.0 0.413738813559
2480.0 0.413736186441
2485.0 0.413733855932
2490.0 0.413731355932
2495.0 0.413729067797
2500.0 0.413726694915
2505.0 0.413724533898
2510.0 0.413722245763
2515.0 0.413720211864
2520.0 0.413718008475
2525.0 0.413716059322
2530.0 0.413713940678
2535.0 0.413712076271
2540.0 0.413710042373
2545.0 0.413708262712
2550.0 0.413706313559
2555.0 0.413704618644
2560.0 0.413702754237
2565.0 0.413701144068
2570.0 0.413699322034
2575.0 0.41369779661
2580.0 0.413696059322
2585.0 0.413694618644
2590.0 0.413692966102
2595.0 0.413691567797
2600.0 0.413689957627
2605.0 0.413688644068
2610.0 0.413687118644
2615.0 0.413685889831
2620.0 0.413684449153
2625.0 0.413683262712
2630.0 0.413681864407
2635.0 0.413680720339
2640.0 0.41367940678
2645.0 0.413678347458
2650.0 0.413677118644
2655.0 0.413676101695
2660.0 0.413674915254
2665.0 0.413673983051
2670.0 0.413672881356
2675.0 0.413671991525
2680.0 0.413670932203
2685.0 0.413670127119
2690.0 0.413669110169
2695.0 0.413668347458
2700.0 0.413667415254
2705.0 0.413666737288
2710.0 0.413665805085
2715.0 0.413664618644
2720.0 0.413663940678
2725.0 0.413663432203
2730.0 0.413662542373
2735.0 0.413662076271
2740.0 0.413661313559
2745.0 0.413660847458
2750.0 0.413660169492
2755.0 0.413659745763
2760.0 0.413659110169
2765.0 0.413658728814
2770.0 0.413658262712
2775.0 0.413658262712
2780.0 0.413657669492
2785.0 0.413657330508
2790.0 0.413656949153
2795.0 0.413656652542
2800.0 0.413656144068
2805.0 0.413656016949
2810.0 0.413655550847
2815.0 0.41365529661
2820.0 0.413655042373
2825.0 0.413654830508
2830.0 0.413654279661
2835.0 0.413654364407
2840.0 0.413653983051
2845.0 0.413653644068
2850.0 0.413653601695
2855.0 0.413653305085
2860.0 0.413652754237
2865.0 0.413653050847
2870.0 0.413652542373
2875.0 0.413652584746
2880.0 0.413652542373
2885.0 0.413652542373
2890.0 0.413652245763
2895.0 0.413652161017
2900.0 0.413652542373
2905.0 0.413651737288
2910.0 0.413652245763
2915.0 0.413651610169
2920.0 0.41365190678
2925.0 0.413651991525
2930.0 0.413651101695
2935.0 0.413651525424
2940.0 0.413651355932
2945.0 0.413651059322
2950.0 0.413651779661
2955.0 0.413650550847
2960.0 0.413651525424
2965.0 0.413650762712
2970.0 0.413651016949
2975.0 0.413651144068
2980.0 0.413650889831
2985.0 0.413651440678
2990.0 0.413650338983
2995.0 0.413651016949
3000.0 0.413651228814
3005.0 0.413651398305
3010.0 0.41365
3015.0 0.41365220339
3020.0 0.413650423729
3025.0 0.413651186441
3030.0 0.413650550847
3035.0 0.4136525
3040.0 0.413650169492
3045.0 0.413651610169
3050.0 0.413650889831
3055.0 0.413651355932
3060.0 0.413650466102
3065.0 0.413651822034
3070.0 0.413651525424
3075.0 0.413650338983
3080.0 0.413652076271
3085.0 0.413651610169
3090.0 0.413650677966
3095.0 0.413651694915
3100.0 0.413651483051
3105.0 0.413651694915
3110.0 0.413652669492
3115.0 0.413651271186
3120.0 0.413653262712
3125.0 0.413651059322
3130.0 0.413651694915
3135.0 0.413652669492
3140.0 0.413652711864
3145.0 0.413651440678
3150.0 0.413651949153
3155.0 0.413653516949
3160.0 0.413653262712
3165.0 0.413652584746
3170.0 0.41365220339
3175.0 0.413652754237
3180.0 0.413653305085
3185.0 0.413653347458
3190.0 0.413652881356
3195.0 0.413652627119
3200.0 0.413653220339
3205.0 0.413653432203
3210.0 0.413653474576
3215.0 0.413653177966
3220.0 0.413652754237
3225.0 0.413653601695
3230.0 0.413654025424
3235.0 0.413653432203
3240.0 0.413653855932
3245.0 0.413653516949
3250.0 0.413653940678
3255.0 0.413654322034
3260.0 0.413654533898
3265.0 0.413653983051
3270.0 0.413654915254
3275.0 0.413654322034
3280.0 0.413654915254
3285.0 0.413654872881
3290.0 0.413655042373
3295.0 0.413655
3300.0 0.413655211864
3305.0 0.41365529661
3310.0 0.413655635593
3315.0 0.413655762712
3320.0 0.413655805085
3325.0 0.413655932203
3330.0 0.413656144068
3335.0 0.413656694915
3340.0 0.413656567797
3345.0 0.413656398305
3350.0 0.413656610169
3355.0 0.413656949153
3360.0 0.413657245763
3365.0 0.413657161017
3370.0 0.413657245763
3375.0 0.413657118644
3380.0 0.41365779661
3385.0 0.413657838983
3390.0 0.413658220339
3395.0 0.413658135593
3400.0 0.413658601695
3405.0 0.413658432203
3410.0 0.413658898305
3415.0 0.413658644068
3420.0 0.413659194915
3425.0 0.413658940678
3430.0 0.413659067797
3435.0 0.413659194915
3440.0 0.413659491525
3445.0 0.413659491525
3450.0 0.413660127119
3455.0 0.413659533898
3460.0 0.413659618644
3465.0 0.413660084746
3470.0 0.413660423729
3475.0 0.413660550847
3480.0 0.41366029661
3485.0 0.413660338983
3490.0 0.413660889831
3495.0 0.413661228814
3500.0 0.413660762712
3505.0 0.413661186441
3510.0 0.413661271186
3515.0 0.413661652542
3520.0 0.413661779661
3525.0 0.413661652542
3530.0 0.413661525424
3535.0 0.413662118644
3540.0 0.413661949153
3545.0 0.413662457627
3550.0 0.413662245763
3555.0 0.413662415254
3560.0 0.413662161017
3565.0 0.413662754237
3570.0 0.413662669492
3575.0 0.413663305085
3580.0 0.413662966102
3585.0 0.413663050847
3590.0 0.413662627119
3595.0 0.413663559322
3600.0 0.413663474576
3605.0 0.413663771186
3610.0 0.413663686441
3615.0 0.413663898305
3620.0 0.413663898305
3625.0 0.413664110169
3630.0 0.413664322034
3635.0 0.413664237288
3640.0 0.413664237288
3645.0 0.413664322034
3650.0 0.413664576271
3655.0 0.413664364407
3660.0 0.413664830508
3665.0 0.413664491525
3670.0 0.413665
3675.0 0.413665
3680.0 0.413665466102
3685.0 0.413665169492
3690.0 0.413665508475
3695.0 0.413665254237
3700.0 0.413665720339
3705.0 0.413665338983
3710.0 0.413665805085
3715.0 0.413665720339
3720.0 0.413665889831
3725.0 0.413665805085
3730.0 0.413666016949
3735.0 0.413665932203
3740.0 0.413666398305
3745.0 0.413666440678
3750.0 0.413666525424
3755.0 0.413666567797
3760.0 0.413666610169
3765.0 0.413666779661
3770.0 0.413666652542
3775.0 0.413667033898
3780.0 0.413666864407
3785.0 0.413667033898
3790.0 0.413666822034
3795.0 0.413667245763
3800.0 0.413667033898
3805.0 0.413667627119
3810.0 0.413667245763
3815.0 0.413667584746
3820.0 0.413667415254
3825.0 0.413667881356
3830.0 0.413667457627
3835.0 0.41366809322
3840.0 0.413667669492
3845.0 0.413668135593
3850.0 0.413667881356
3855.0 0.413668347458
3860.0 0.413668008475
3865.0 0.413668559322
3870.0 0.413668050847
3875.0 0.413668559322
3880.0 0.413668262712
3885.0 0.413668559322
3890.0 0.413668432203
3895.0 0.413668644068
3900.0 0.413668516949
3905.0 0.413668983051
3910.0 0.413668813559
3915.0 0.413669025424
3920.0 0.413669025424
3925.0 0.413669067797
3930.0 0.413669237288
3935.0 0.413669110169
3940.0 0.413669491525
3945.0 0.413669237288
3950.0 0.413669279661
3955.0 0.413669152542
3960.0 0.413669576271
3965.0 0.413669194915
3970.0 0.413669788136
3975.0 0.413669449153
3980.0 0.413669915254
3985.0 0.413669745763
3990.0 0.41367
3995.0 0.413669788136
4000.0 0.413670084746
4005.0 0.413669745763
4010.0 0.413670084746
4015.0 0.413669957627
4020.0 0.413670211864
4025.0 0.41367
4030.0 0.413670169492
4035.0 0.413670338983
4040.0 0.41367029661
4045.0 0.413670423729
4050.0 0.413670550847
4055.0 0.413670550847
4060.0 0.413670423729
4065.0 0.413670805085
4070.0 0.413670508475
4075.0 0.413670847458
4080.0 0.413670508475
4085.0 0.413670805085
4090.0 0.41367059322
4095.0 0.413671101695
4100.0 0.413670635593
4105.0 0.413671186441
4110.0 0.413670762712
4115.0 0.413671186441
4120.0 0.413670847458
4125.0 0.413671313559
4130.0 0.413670847458
4135.0 0.413671483051
4140.0 0.413671059322
4145.0 0.413671483051
4150.0 0.413671271186
4155.0 0.413671567797
4160.0 0.413671313559
4165.0 0.413671652542
4170.0 0.413671271186
4175.0 0.413671652542
4180.0 0.413671398305
4185.0 0.413671694915
4190.0 0.413671483051
4195.0 0.413671525424
4200.0 0.413671652542
4205.0 0.413671567797
4210.0 0.413671694915
4215.0 0.413671949153
4220.0 0.413671949153
4225.0 0.413671822034
4230.0 0.413672076271
4235.0 0.41367190678
4240.0 0.413672245763
4245.0 0.413671991525
4250.0 0.413672033898
4255.0 0.413671737288
4260.0 0.413672118644
4265.0 0.413671991525
4270.0 0.413672245763
4275.0 0.413671864407
4280.0 0.413672457627
4285.0 0.413672076271
4290.0 0.413672457627
4295.0 0.413672330508
4300.0 0.4136725
4305.0 0.413672288136
4310.0 0.413672584746
4315.0 0.413672161017
4320.0 0.413672457627
4325.0 0.413672330508
4330.0 0.413672542373
4335.0 0.413672330508
4340.0 0.413672457627
4345.0 0.413672542373
4350.0 0.413672542373
4355.0 0.413672584746
4360.0 0.41367279661
4365.0 0.41367279661
4370.0 0.413672669492
4375.0 0.413672881356
4380.0 0.413672627119
4385.0 0.413672881356
4390.0 0.413672711864
4395.0 0.41367279661
4400.0 0.413672457627
4405.0 0.413672881356
4410.0 0.413672669492
4415.0 0.413673135593
4420.0 0.413672711864
4425.0 0.413673135593
4430.0 0.413672584746
4435.0 0.413673135593
4440.0 0.413672881356
4445.0 0.413673220339
4450.0 0.413672711864
4455.0 0.413673347458
4460.0 0.41367279661
4465.0 0.413673305085
4470.0 0.413672923729
4475.0 0.413673305085
4480.0 0.413672923729
4485.0 0.413673432203
4490.0 0.413672838983
4495.0 0.413673347458
4500.0 0.413672966102
4505.0 0.413673432203
4510.0 0.413672966102
4515.0 0.413673177966
4520.0 0.413673050847
4525.0 0.413673177966
4530.0 0.413673135593
4535.0 0.413673220339
4540.0 0.413673008475
4545.0 0.413673432203
4550.0 0.413673474576
4555.0 0.413673474576
4560.0 0.413673432203
4565.0 0.413673389831
4570.0 0.413673601695
4575.0 0.413673474576
4580.0 0.413673220339
4585.0 0.413673177966
4590.0 0.413673432203
4595.0 0.413673347458
4600.0 0.413673559322
4605.0 0.413673135593
4610.0 0.413673516949
4615.0 0.413673262712
4620.0 0.413673771186
4625.0 0.413673644068
4630.0 0.413673728814
4635.0 0.413673432203
4640.0 0.413673898305
4645.0 0.413673516949
4650.0 0.413673686441
4655.0 0.413673474576
4660.0 0.413673686441
4665.0 0.413673305085
4670.0 0.413673559322
4675.0 0.413673474576
4680.0 0.413673644068
4685.0 0.413673516949
4690.0 0.413673855932
4695.0 0.413673601695
4700.0 0.413673728814
4705.0 0.413673728814
4710.0 0.413673728814
4715.0 0.413673813559
4720.0 0.413673644068
4725.0 0.413673771186
4730.0 0.413673601695
4735.0 0.413673771186
4740.0 0.413673771186
4745.0 0.413673686441
4750.0 0.413673432203
4755.0 0.413673855932
4760.0 0.413673559322
4765.0 0.413673940678
4770.0 0.413673644068
4775.0 0.413674025424
4780.0 0.413673644068
4785.0 0.413674067797
4790.0 0.413673474576
4795.0 0.413674110169
4800.0 0.413673559322
4805.0 0.413674194915
4810.0 0.413673559322
4815.0 0.413674025424
4820.0 0.413673559322
4825.0 0.413674194915
4830.0 0.413673516949
4835.0 0.413674067797
4840.0 0.413673686441
4845.0 0.413674322034
4850.0 0.413673474576
4855.0 0.413673983051
4860.0 0.413673601695
4865.0 0.413673855932
4870.0 0.413673644068
4875.0 0.413673813559
4880.0 0.413673728814
4885.0 0.413674194915
4890.0 0.413673728814
4895.0 0.413674025424
4900.0 0.413673940678
4905.0 0.413674067797
4910.0 0.413674152542
4915.0 0.413673983051
4920.0 0.413673728814
4925.0 0.413673855932
4930.0 0.413674067797
4935.0 0.413674025424
4940.0 0.413673940678
4945.0 0.413673855932
4950.0 0.413673855932
4955.0 0.413673516949
4960.0 0.413674110169
4965.0 0.413673686441
4970.0 0.413674194915
4975.0 0.413674110169
4980.0 0.413674194915
4985.0 0.413673813559
4990.0 0.413674194915
4995.0 0.413673728814
5000.0 0.413674237288
5005.0 0.413673855932
5010.0 0.413674449153
5015.0 0.413673559322
5020.0 0.413673983051
5025.0 0.413673813559
5030.0 0.413673898305
5035.0 0.413673898305
5040.0 0.413674067797
5045.0 0.413673940678
5050.0 0.413674110169
5055.0 0.413674067797
5060.0 0.413674110169
5065.0 0.413674194915
5070.0 0.413673855932
5075.0 0.413674237288
5080.0 0.413673813559
5085.0 0.413674237288
5090.0 0.413673855932
5095.0 0.413673983051
5100.0 0.413673728814
5105.0 0.413674322034
5110.0 0.413673686441
5115.0 0.413674279661
5120.0 0.413673686441
5125.0 0.413674110169
5130.0 0.413673771186
5135.0 0.413674322034
5140.0 0.413673813559
5145.0 0.413674110169
5150.0 0.413673686441
5155.0 0.413674322034
5160.0 0.413673771186
5165.0 0.413674110169
5170.0 0.413673728814
5175.0 0.413674279661
5180.0 0.413673940678
5185.0 0.413674152542
5190.0 0.413674152542
5195.0 0.413674194915
5200.0 0.413674364407
5205.0 0.413673983051
5210.0 0.413673771186
5215.0 0.413673855932
5220.0 0.413674067797
5225.0 0.413673898305
5230.0 0.413674194915
5235.0 0.413673644068
5240.0 0.413674152542
5245.0 0.413673559322
5250.0 0.413674364407
5255.0 0.413674067797
5260.0 0.413674279661
5265.0 0.413674067797
5270.0 0.413674194915
5275.0 0.413673771186
5280.0 0.413674152542
5285.0 0.413674025424
5290.0 0.413674322034
5295.0 0.413673771186
5300.0 0.413673940678
5305.0 0.413673983051
5310.0 0.413673898305
5315.0 0.413674152542
5320.0 0.413673940678
5325.0 0.413674194915
5330.0 0.413674067797
5335.0 0.413674279661
5340.0 0.413673940678
5345.0 0.413674322034
5350.0 0.413673686441
5355.0 0.41367440678
5360.0 0.413673813559
5365.0 0.41367440678
5370.0 0.413673813559
5375.0 0.413674152542
5380.0 0.413673855932
5385.0 0.413674364407
5390.0 0.413673771186
5395.0 0.413674449153
5400.0 0.413673686441
5405.0 0.413674152542
5410.0 0.413673686441
5415.0 0.413674110169
5420.0 0.413674025424
5425.0 0.413673983051
5430.0 0.413673771186
5435.0 0.413674279661
5440.0 0.413674067797
5445.0 0.413674152542
5450.0 0.413674194915
5455.0 0.413674194915
5460.0 0.413674364407
5465.0 0.413673940678
5470.0 0.413674364407
5475.0 0.413673855932
5480.0 0.413674110169
5485.0 0.413673898305
5490.0 0.413674025424
5495.0 0.413673728814
5500.0 0.413674279661
5505.0 0.413673771186
5510.0 0.413674194915
5515.0 0.413674025424
5520.0 0.41367440678
5525.0 0.413674067797
5530.0 0.413674194915
5535.0 0.413674110169
5540.0 0.413674110169
5545.0 0.413673983051
5550.0 0.413674237288
5555.0 0.413673940678
5560.0 0.413673940678
5565.0 0.413673898305
5570.0 0.413673898305
5575.0 0.413674152542
5580.0 0.413673898305
5585.0 0.413674110169
5590.0 0.413674025424
5595.0 0.413674364407
5600.0 0.413673983051
5605.0 0.413674194915
5610.0 0.413673728814
5615.0 0.413674364407
5620.0 0.413673728814
5625.0 0.413674449153
5630.0 0.413673771186
5635.0 0.413674237288
5640.0 0.413673813559
5645.0 0.413674364407
5650.0 0.413673771186
5655.0 0.413674322034
5660.0 0.413673771186
5665.0 0.413674237288
5670.0 0.413673771186
5675.0 0.413674067797
5680.0 0.413673940678
5685.0 0.413673855932
5690.0 0.413673940678
5695.0 0.413674237288
5700.0 0.413674152542
5705.0 0.413674152542
5710.0 0.413674067797
5715.0 0.413674067797
5720.0 0.413674364407
5725.0 0.413673983051
5730.0 0.413674533898
5735.0 0.413673855932
5740.0 0.413674025424
5745.0 0.413673686441
5750.0 0.413674152542
5755.0 0.413673940678
5760.0 0.413674194915
5765.0 0.413673686441
5770.0 0.413674237288
5775.0 0.413673940678
5780.0 0.413674279661
5785.0 0.413674110169
5790.0 0.413674237288
5795.0 0.413674025424
5800.0 0.413674110169
5805.0 0.413673855932
5810.0 0.413673983051
5815.0 0.413673983051
5820.0 0.413674067797
5825.0 0.413674025424
5830.0 0.413673855932
5835.0 0.413674152542
5840.0 0.413673940678
5845.0 0.413674110169
5850.0 0.413674110169
5855.0 0.413674279661
5860.0 0.413673771186
5865.0 0.413674237288
5870.0 0.413673771186
5875.0 0.413674237288
5880.0 0.413673771186
5885.0 0.413674110169
5890.0 0.413673771186
5895.0 0.41367440678
5900.0 0.413673855932
5905.0 0.413674322034
5910.0 0.413673686441
5915.0 0.413674279661
5920.0 0.413673983051
5925.0 0.413674322034
5930.0 0.413673601695
5935.0 0.413674279661
5940.0 0.413673855932
5945.0 0.413674322034
5950.0 0.413673855932
5955.0 0.413674194915
5960.0 0.413673771186
5965.0 0.413674237288
5970.0 0.413673855932
5975.0 0.413674152542
5980.0 0.413673855932
5985.0 0.413674110169
5990.0 0.413673644068
5995.0 0.413674322034
6000.0 0.413673855932
6005.0 0.413674237288
6010.0 0.413674025424
6015.0 0.413674237288
6020.0 0.413673983051
6025.0 0.413674279661
6030.0 0.413673771186
6035.0 0.413674194915
6040.0 0.413673898305
6045.0 0.413674067797
6050.0 0.413673813559
6055.0 0.413674025424
6060.0 0.413673855932
6065.0 0.413674110169
6070.0 0.413674025424
6075.0 0.413674279661
6080.0 0.413673940678
6085.0 0.413674025424
6090.0 0.413674279661
6095.0 0.413674025424
6100.0 0.413674152542
6105.0 0.413674152542
6110.0 0.413673940678
6115.0 0.413673771186
6120.0 0.413674152542
6125.0 0.413673983051
6130.0 0.413673983051
6135.0 0.413673601695
6140.0 0.413674237288
6145.0 0.413674025424
6150.0 0.413674237288
6155.0 0.413673983051
6160.0 0.413674237288
6165.0 0.413673813559
6170.0 0.413674322034
6175.0 0.413673898305
6180.0 0.413674322034
6185.0 0.413673813559
6190.0 0.413674152542
6195.0 0.413673601695
6200.0 0.413674110169
6205.0 0.413673983051
6210.0 0.413674152542
6215.0 0.413673813559
6220.0 0.413674279661
6225.0 0.413674025424
6230.0 0.413674110169
6235.0 0.413674067797
6240.0 0.413674110169
6245.0 0.413673983051
6250.0 0.413674067797
6255.0 0.413673855932
6260.0 0.413673728814
6265.0 0.413674067797
6270.0 0.413674110169
6275.0 0.413673898305
6280.0 0.413673983051
6285.0 0.413674152542
6290.0 0.413673855932
6295.0 0.413674194915
6300.0 0.413673983051
6305.0 0.413674279661
6310.0 0.413673771186
6315.0 0.413674237288
6320.0 0.413673771186
6325.0 0.413674152542
6330.0 0.413673898305
6335.0 0.413674152542
6340.0 0.413673644068
6345.0 0.413674237288
6350.0 0.413673813559
6355.0 0.413674322034
6360.0 0.413673813559
6365.0 0.413674279661
6370.0 0.413673728814
6375.0 0.413674194915
6380.0 0.413673855932
6385.0 0.413674067797
6390.0 0.413673728814
6395.0 0.413674194915
6400.0 0.413673686441
6405.0 0.413674152542
6410.0 0.413674025424
6415.0 0.413674152542
6420.0 0.413673940678
6425.0 0.413674194915
6430.0 0.413674110169
6435.0 0.413674152542
6440.0 0.413673898305
6445.0 0.413674067797
6450.0 0.413674025424
6455.0 0.413673898305
6460.0 0.413673940678
6465.0 0.413673728814
6470.0 0.413674025424
6475.0 0.413674067797
6480.0 0.413674194915
6485.0 0.413673771186
6490.0 0.413673940678
6495.0 0.413673983051
6500.0 0.413674279661
6505.0 0.413673855932
6510.0 0.413674364407
6515.0 0.413673771186
6520.0 0.413674279661
6525.0 0.413673771186
6530.0 0.413674067797
6535.0 0.413673728814
6540.0 0.413674237288
6545.0 0.413673601695
6550.0 0.413674110169
6555.0 0.413673855932
6560.0 0.413674194915
6565.0 0.413673898305
6570.0 0.413674279661
6575.0 0.413673898305
6580.0 0.413674194915
6585.0 0.413673898305
6590.0 0.413674067797
6595.0 0.413673940678
6600.0 0.413674067797
6605.0 0.413673855932
6610.0 0.413673983051
6615.0 0.413673898305
6620.0 0.413673771186
6625.0 0.413674152542
6630.0 0.413673983051
6635.0 0.413674110169
6640.0 0.413673855932
6645.0 0.413674110169
6650.0 0.413673983051
6655.0 0.413674491525
6660.0 0.413673813559
6665.0 0.413674110169
6670.0 0.413673686441
6675.0 0.413674279661
6680.0 0.413673601695
6685.0 0.413674364407
6690.0 0.413673813559
6695.0 0.413674194915
6700.0 0.413673813559
6705.0 0.413674237288
6710.0 0.413673983051
6715.0 0.413674322034
6720.0 0.413673813559
6725.0 0.413674110169
6730.0 0.413673940678
6735.0 0.413674025424
6740.0 0.413673898305
6745.0 0.413674067797
6750.0 0.413673855932
6755.0 0.413673771186
6760.0 0.413673898305
6765.0 0.413674025424
6770.0 0.413674237288
6775.0 0.413673983051
6780.0 0.413674152542
6785.0 0.413673855932
6790.0 0.413674322034
6795.0 0.413673855932
6800.0 0.413674279661
6805.0 0.413673855932
6810.0 0.413674067797
6815.0 0.413673728814
6820.0 0.413674237288
6825.0 0.413673728814
6830.0 0.413674279661
6835.0 0.413673813559
6840.0 0.413674237288
6845.0 0.413673686441
6850.0 0.413674322034
6855.0 0.413673813559
6860.0 0.413674237288
6865.0 0.413674025424
6870.0 0.413674025424
6875.0 0.413673940678
6880.0 0.413674025424
6885.0 0.413673813559
6890.0 0.413673771186
6895.0 0.413673983051
6900.0 0.413673983051
6905.0 0.413674152542
6910.0 0.413673940678
6915.0 0.413674152542
6920.0 0.413673771186
6925.0 0.413674322034
6930.0 0.413673855932
6935.0 0.41367440678
6940.0 0.413673855932
6945.0 0.413674152542
6950.0 0.413673601695
6955.0 0.413674237288
6960.0 0.413673771186
6965.0 0.413674279661
6970.0 0.413673813559
6975.0 0.413674194915
6980.0 0.413673940678
6985.0 0.413674364407
6990.0 0.413673940678
6995.0 0.413674237288
7000.0 0.413673855932
7005.0 0.413673983051
7010.0 0.413674067797
7015.0 0.413674025424
7020.0 0.413673855932
7025.0 0.413673686441
7030.0 0.413673940678
7035.0 0.413674025424
7040.0 0.413674279661
7045.0 0.413673940678
7050.0 0.413674152542
7055.0 0.413673855932
7060.0 0.413674364407
7065.0 0.413673771186
7070.0 0.41367440678
7075.0 0.413673771186
7080.0 0.413674152542
7085.0 0.413673601695
7090.0 0.413674194915
7095.0 0.413673813559
7100.0 0.413674194915
7105.0 0.413673813559
7110.0 0.413674194915
7115.0 0.413673898305
7120.0 0.413674194915
7125.0 0.413674152542
7130.0 0.413674067797
7135.0 0.413673983051
7140.0 0.413673940678
7145.0 0.413674067797
7150.0 0.413673898305
7155.0 0.413673983051
7160.0 0.413673601695
7165.0 0.413674152542
7170.0 0.413673898305
7175.0 0.413674110169
7180.0 0.413673813559
7185.0 0.413674364407
7190.0 0.413673728814
7195.0 0.413674279661
7200.0 0.413673728814
7205.0 0.413674194915
7210.0 0.413673813559
7215.0 0.413674110169
7220.0 0.413673686441
7225.0 0.413674025424
7230.0 0.413673771186
7235.0 0.413674152542
7240.0 0.413674067797
7245.0 0.413673983051
7250.0 0.413674025424
7255.0 0.413674067797
7260.0 0.413674364407
7265.0 0.413674025424
7270.0 0.413674025424
7275.0 0.413673644068
7280.0 0.413674194915
7285.0 0.413673983051
7290.0 0.413674152542
7295.0 0.413673728814
7300.0 0.413674279661
7305.0 0.413673559322
7310.0 0.413674237288
7315.0 0.413673855932
7320.0 0.413674322034
7325.0 0.413673940678
7330.0 0.413674194915
7335.0 0.413673813559
7340.0 0.413674067797
7345.0 0.413673771186
7350.0 0.413673940678
7355.0 0.413673940678
7360.0 0.413674110169
7365.0 0.413673771186
7370.0 0.413673940678
7375.0 0.413674152542
7380.0 0.413673855932
7385.0 0.413674279661
7390.0 0.413673855932
7395.0 0.413674194915
7400.0 0.413673855932
7405.0 0.413674279661
7410.0 0.413673771186
7415.0 0.413674279661
7420.0 0.413673686441
7425.0 0.413674110169
7430.0 0.413673644068
7435.0 0.413674364407
7440.0 0.413673813559
7445.0 0.413674322034
7450.0 0.413673940678
7455.0 0.413674237288
7460.0 0.413673813559
7465.0 0.413674152542
7470.0 0.413673983051
7475.0 0.413673940678
7480.0 0.413673813559
7485.0 0.413673813559
7490.0 0.413674025424
7495.0 0.413673728814
7500.0 0.413674067797
7505.0 0.413673898305
7510.0 0.413674279661
7515.0 0.413673940678
7520.0 0.413674237288
7525.0 0.413673771186
7530.0 0.413674279661
7535.0 0.413673771186
7540.0 0.413674364407
7545.0 0.413673771186
7550.0 0.413674152542
7555.0 0.413673601695
7560.0 0.413674152542
7565.0 0.413673940678
7570.0 0.413674152542
7575.0 0.413673855932
7580.0 0.413674152542
7585.0 0.413673940678
7590.0 0.413674110169
7595.0 0.413674237288
7600.0 0.413673983051
7605.0 0.413674067797
7610.0 0.413673898305
7615.0 0.413674110169
7620.0 0.413673813559
7625.0 0.413674067797
7630.0 0.413673559322
7635.0 0.413674194915
7640.0 0.413673898305
7645.0 0.413674152542
7650.0 0.413673771186
7655.0 0.413674322034
7660.0 0.413673771186
7665.0 0.413674237288
7670.0 0.413673771186
7675.0 0.413674152542
7680.0 0.413673813559
7685.0 0.413673983051
7690.0 0.413673728814
7695.0 0.413673898305
7700.0 0.413673855932
7705.0 0.413674067797
7710.0 0.413674152542
7715.0 0.413673898305
7720.0 0.413674067797
7725.0 0.413673983051
7730.0 0.413674449153
7735.0 0.413673940678
7740.0 0.413674067797
7745.0 0.413673559322
7750.0 0.413674110169
7755.0 0.413673813559
7760.0 0.413674279661
7765.0 0.413673686441
7770.0 0.413674279661
7775.0 0.413673855932
7780.0 0.413674194915
7785.0 0.413673940678
7790.0 0.413674194915
7795.0 0.413673940678
7800.0 0.413674110169
7805.0 0.413673728814
7810.0 0.413673813559
7815.0 0.413673983051
7820.0 0.413674110169
7825.0 0.413673983051
7830.0 0.413673898305
7835.0 0.413674110169
7840.0 0.413673855932
7845.0 0.413674194915
7850.0 0.413674067797
7855.0 0.413674322034
7860.0 0.413673728814
7865.0 0.413674152542
7870.0 0.413673686441
7875.0 0.413674152542
7880.0 0.413673940678
7885.0 0.413674237288
7890.0 0.413673644068
7895.0 0.413674194915
7900.0 0.413673771186
7905.0 0.413674279661
7910.0 0.413673940678
7915.0 0.413674449153
7920.0 0.413673728814
7925.0 0.413674067797
7930.0 0.413673771186
7935.0 0.413673898305
7940.0 0.413673940678
7945.0 0.413674194915
7950.0 0.413673940678
7955.0 0.413673940678
7960.0 0.413674025424
7965.0 0.413674025424
7970.0 0.413674237288
7975.0 0.413673813559
7980.0 0.413674279661
7985.0 0.413673813559
7990.0 0.413674152542
7995.0 0.413673940678
8000.0 0.413674067797
8005.0 0.413673771186
8010.0 0.413674152542
8015.0 0.413673728814
8020.0 0.413674194915
8025.0 0.413673813559
8030.0 0.413674194915
8035.0 0.413673855932
8040.0 0.413674322034
8045.0 0.413673898305
8050.0 0.413674025424
8055.0 0.413673898305
8060.0 0.413674152542
8065.0 0.413673771186
8070.0 0.413673898305
8075.0 0.413673898305
8080.0 0.413673940678
8085.0 0.413674067797
8090.0 0.413673983051
8095.0 0.413674025424
8100.0 0.413674025424
8105.0 0.413674364407
8110.0 0.413673940678
8115.0 0.413674110169
8120.0 0.413673771186
8125.0 0.413674110169
8130.0 0.413673728814
8135.0 0.413674279661
8140.0 0.413673813559
8145.0 0.413674110169
8150.0 0.413673771186
8155.0 0.413674322034
8160.0 0.413673686441
8165.0 0.413674237288
8170.0 0.413673898305
8175.0 0.413674110169
8180.0 0.413673771186
8185.0 0.413674110169
8190.0 0.413673728814
8195.0 0.413674237288
8200.0 0.413673898305
8205.0 0.413674152542
8210.0 0.413673813559
8215.0 0.413674110169
8220.0 0.413674152542
8225.0 0.413674110169
8230.0 0.413674194915
8235.0 0.413674025424
8240.0 0.413673813559
8245.0 0.413673940678
8250.0 0.413674110169
8255.0 0.413673771186
8260.0 0.413674025424
8265.0 0.413673728814
8270.0 0.413674152542
8275.0 0.413673516949
8280.0 0.413674237288
8285.0 0.413673940678
8290.0 0.413674322034
8295.0 0.413673855932
8300.0 0.413674194915
8305.0 0.413673771186
8310.0 0.413674279661
8315.0 0.413673855932
8320.0 0.413673983051
8325.0 0.413673728814
8330.0 0.413674110169
8335.0 0.413673855932
8340.0 0.413674279661
8345.0 0.413673898305
8350.0 0.413674067797
8355.0 0.413673940678
8360.0 0.413674279661
8365.0 0.413673983051
8370.0 0.413673940678
8375.0 0.413673983051
8380.0 0.413674152542
8385.0 0.413673898305
8390.0 0.413673940678
8395.0 0.413673898305
8400.0 0.413673983051
8405.0 0.413674152542
8410.0 0.413673813559
8415.0 0.413674025424
8420.0 0.413673898305
8425.0 0.413674279661
8430.0 0.413673983051
8435.0 0.413674194915
8440.0 0.413673771186
8445.0 0.413674237288
8450.0 0.413673771186
8455.0 0.413674194915
8460.0 0.413673855932
8465.0 0.413674237288
8470.0 0.413673686441
8475.0 0.413674194915
8480.0 0.413673771186
8485.0 0.413674322034
8490.0 0.413673898305
8495.0 0.41367440678
8500.0 0.413673601695
8505.0 0.413674152542
8510.0 0.413673813559
8515.0 0.413674025424
8520.0 0.413673813559
8525.0 0.413674194915
8530.0 0.413673898305
8535.0 0.413674152542
8540.0 0.413673855932
8545.0 0.413674110169
8550.0 0.413674194915
8555.0 0.413674110169
8560.0 0.413674152542
8565.0 0.413674025424
8570.0 0.413674194915
8575.0 0.413674152542
8580.0 0.413674025424
8585.0 0.413673771186
8590.0 0.413674067797
8595.0 0.413673771186
8600.0 0.413674110169
8605.0 0.413673686441
8610.0 0.413674110169
8615.0 0.413673559322
8620.0 0.41367440678
8625.0 0.413673898305
8630.0 0.413674237288
8635.0 0.413673898305
8640.0 0.413674237288
8645.0 0.413673855932
8650.0 0.413674279661
8655.0 0.413673771186
8660.0 0.413674067797
8665.0 0.413673771186
8670.0 0.413674025424
8675.0 0.413673855932
8680.0 0.413673983051
8685.0 0.413673940678
8690.0 0.413673983051
8695.0 0.413674025424
8700.0 0.413674067797
8705.0 0.413674194915
8710.0 0.413674025424
8715.0 0.413674152542
8720.0 0.413673813559
8725.0 0.413674152542
8730.0 0.413673813559
8735.0 0.413674279661
8740.0 0.413673771186
8745.0 0.413674152542
8750.0 0.413673601695
8755.0 0.413674279661
8760.0 0.413673813559
8765.0 0.413674322034
8770.0 0.413673771186
8775.0 0.41367440678
8780.0 0.413673686441
8785.0 0.413674194915
8790.0 0.413673728814
8795.0 0.413674025424
8800.0 0.413673813559
8805.0 0.413673940678
8810.0 0.413673855932
8815.0 0.413674237288
8820.0 0.413673940678
8825.0 0.413674025424
8830.0 0.413674152542
8835.0 0.413674110169
8840.0 0.413674152542
8845.0 0.413674025424
8850.0 0.413674322034
8855.0 0.413673898305
8860.0 0.413673983051
8865.0 0.413673686441
8870.0 0.413674110169
8875.0 0.413673855932
8880.0 0.413674152542
8885.0 0.413673601695
8890.0 0.413674110169
8895.0 0.413673771186
8900.0 0.413674322034
8905.0 0.413674025424
8910.0 0.413674194915
8915.0 0.413673855932
8920.0 0.413674110169
8925.0 0.413674110169
8930.0 0.413674110169
8935.0 0.413673813559
8940.0 0.413673771186
8945.0 0.413673898305
8950.0 0.413673983051
8955.0 0.413674110169
8960.0 0.413673855932
8965.0 0.413674237288
8970.0 0.413673855932
8975.0 0.413674067797
8980.0 0.413673940678
8985.0 0.413674322034
8990.0 0.413673813559
8995.0 0.413674279661
9000.0 0.413673728814
9005.0 0.413674152542
9010.0 0.413673771186
9015.0 0.413674322034
9020.0 0.413673771186
9025.0 0.413674237288
9030.0 0.413673728814
9035.0 0.413674322034
9040.0 0.413673728814
9045.0 0.413674194915
9050.0 0.413673771186
9055.0 0.413674025424
9060.0 0.413673855932
9065.0 0.413673940678
9070.0 0.413673771186
9075.0 0.413674237288
9080.0 0.413674025424
9085.0 0.413673983051
9090.0 0.413674025424
9095.0 0.413674110169
9100.0 0.413674364407
9105.0 0.413673898305
9110.0 0.413674322034
9115.0 0.413673813559
9120.0 0.413674025424
9125.0 0.413673855932
9130.0 0.413674067797
9135.0 0.413673728814
9140.0 0.413674194915
9145.0 0.413673728814
9150.0 0.413674110169
9155.0 0.413673898305
9160.0 0.41367440678
9165.0 0.413674025424
9170.0 0.413674110169
9175.0 0.413673940678
9180.0 0.413674110169
9185.0 0.413673855932
9190.0 0.413674279661
9195.0 0.413673855932
9200.0 0.413673855932
9205.0 0.413673771186
9210.0 0.413673940678
9215.0 0.413674067797
9220.0 0.413673940678
9225.0 0.413674067797
9230.0 0.413673983051
9235.0 0.413674279661
9240.0 0.413673983051
9245.0 0.413674110169
9250.0 0.413673728814
9255.0 0.413674279661
9260.0 0.413673771186
9265.0 0.413674237288
9270.0 0.413673771186
9275.0 0.413674152542
9280.0 0.413673771186
9285.0 0.413674364407
9290.0 0.413673686441
9295.0 0.413674194915
9300.0 0.413673813559
9305.0 0.413674152542
9310.0 0.413673728814
9315.0 0.413674152542
9320.0 0.413673771186
9325.0 0.413674152542
9330.0 0.413673771186
9335.0 0.413674237288
9340.0 0.413673940678
9345.0 0.413674110169
9350.0 0.413674067797
9355.0 0.413674067797
9360.0 0.413674194915
9365.0 0.413674152542
9370.0 0.413673855932
9375.0 0.413673813559
9380.0 0.413674110169
9385.0 0.413673898305
9390.0 0.413673983051
9395.0 0.413673601695
9400.0 0.413674194915
9405.0 0.413673601695
9410.0 0.413674237288
9415.0 0.413673898305
9420.0 0.413674194915
9425.0 0.413673983051
9430.0 0.413674279661
9435.0 0.413673686441
9440.0 0.413674152542
9445.0 0.413673940678
9450.0 0.413674237288
9455.0 0.413673644068
9460.0 0.413673940678
9465.0 0.413673813559
9470.0 0.413674067797
9475.0 0.413674110169
9480.0 0.413674194915
9485.0 0.413674025424
9490.0 0.413673940678
9495.0 0.413674025424
9500.0 0.413674067797
9505.0 0.413674152542
9510.0 0.413673813559
9515.0 0.413674110169
9520.0 0.413673813559
9525.0 0.413674067797
9530.0 0.413673601695
9535.0 0.413674194915
9540.0 0.413673898305
9545.0 0.413674322034
9550.0 0.413673686441
9555.0 0.413674194915
9560.0 0.413673771186
9565.0 0.413674237288
9570.0 0.413673813559
9575.0 0.413674110169
9580.0 0.413673644068
9585.0 0.413674279661
9590.0 0.413673813559
9595.0 0.413674110169
9600.0 0.413673940678
9605.0 0.413674279661
9610.0 0.413673983051
9615.0 0.413674110169
9620.0 0.413673855932
9625.0 0.413674110169
9630.0 0.413673940678
9635.0 0.413674025424
9640.0 0.413673940678
9645.0 0.413673728814
9650.0 0.413674025424
9655.0 0.413673855932
9660.0 0.413673983051
9665.0 0.413673983051
9670.0 0.413674152542
9675.0 0.413673898305
9680.0 0.413674279661
9685.0 0.413673855932
9690.0 0.413674279661
9695.0 0.413673855932
9700.0 0.413674194915
9705.0 0.413673644068
9710.0 0.413674067797
9715.0 0.413673813559
9720.0 0.413674237288
9725.0 0.413673686441
9730.0 0.413674322034
9735.0 0.413673983051
9740.0 0.413674152542
9745.0 0.413673855932
9750.0 0.413674194915
9755.0 0.413673983051
9760.0 0.413674110169
9765.0 0.413673728814
9770.0 0.413673855932
9775.0 0.413673898305
9780.0 0.413674152542
9785.0 0.413673898305
9790.0 0.413673898305
9795.0 0.413674110169
9800.0 0.413673940678
9805.0 0.413674152542
9810.0 0.413674025424
9815.0 0.41367440678
9820.0 0.413673813559
9825.0 0.413674110169
9830.0 0.413673771186
9835.0 0.413674194915
9840.0 0.413673771186
9845.0 0.413674237288
9850.0 0.413673728814
9855.0 0.413674194915
9860.0 0.413673686441
9865.0 0.413674322034
9870.0 0.413673771186
9875.0 0.413674279661
9880.0 0.413673813559
9885.0 0.413674152542
9890.0 0.413673771186
9895.0 0.413674110169
9900.0 0.413673813559
9905.0 0.413673940678
9910.0 0.413673813559
9915.0 0.413673898305
9920.0 0.413673813559
9925.0 0.413674067797
9930.0 0.413674152542
9935.0 0.413673983051
9940.0 0.413674110169
9945.0 0.413674025424
9950.0 0.413674279661
9955.0 0.413673983051
9960.0 0.413673983051
9965.0 0.413673771186
9970.0 0.413674110169
9975.0 0.413673771186
9980.0 0.413674237288
9985.0 0.413673728814
9990.0 0.413674152542
9995.0 0.413673771186
10000.0 0.413674279661
