5.0 -34.7151483051
10.0 -21.8643474576
15.0 -8.09261016949
20.0 -1.6265779661
25.0 0.309098220339
30.0 0.507347457627
35.0 0.355618516949
40.0 0.235742923729
45.0 0.201786991525
50.0 0.213684576271
55.0 0.216957923729
60.0 0.217659237288
65.0 0.222439194915
70.0 0.225975127119
75.0 0.229204872881
80.0 0.232474618644
85.0 0.235275847458
90.0 0.238389576271
95.0 0.241405720339
100.0 0.244307288136
105.0 0.246769745763
110.0 0.248895084746
115.0 0.250668771186
120.0 0.252086991525
125.0 0.253104067797
130.0 0.253636355932
135.0 0.253679110169
140.0 0.253252881356
145.0 0.252489364407
150.0 0.251296228814
155.0 0.249745084746
160.0 0.247921355932
165.0 0.245924194915
170.0 0.243650211864
175.0 0.241289025424
180.0 0.238829025424
185.0 0.23631529661
190.0 0.233769915254
195.0 0.231215635593
200.0 0.228705
205.0 0.226241525424
210.0 0.223844618644
215.0 0.221537584746
220.0 0.219295762712
225.0 0.217123220339
230.0 0.215035677966
235.0 0.213000211864
240.0 0.211032076271
245.0 0.209127288136
250.0 0.207284067797
255.0 0.205460423729
260.0 0.203671398305
265.0 0.2018925
270.0 0.200288898305
275.0 0.198384364407
280.0 0.196732415254
285.0 0.195048135593
290.0 0.193317076271
295.0 0.191611271186
300.0 0.189934576271
305.0 0.188122076271
310.0 0.186509110169
315.0 0.184758728814
320.0 0.183009110169
325.0 0.181318008475
330.0 0.179620508475
335.0 0.177976525424
340.0 0.176344576271
345.0 0.174689194915
350.0 0.17308690678
355.0 0.171491101695
360.0 0.169967838983
365.0 0.168464237288
370.0 0.167028898305
375.0 0.165594279661
380.0 0.164250466102
385.0 0.163028177966
390.0 0.161849957627
395.0 0.160712288136
400.0 0.159721355932
405.0 0.158733050847
410.0 0.157876822034
415.0 0.15705529661
420.0 0.156384788136
425.0 0.15576720339
430.0 0.155272161017
435.0 0.15486279661
440.0 0.154525084746
445.0 0.154316991525
450.0 0.154197033898
455.0 0.154185084746
460.0 0.154281059322
465.0 0.154475211864
470.0 0.154777161017
475.0 0.155195720339
480.0 0.155727923729
485.0 0.156373771186
490.0 0.157137457627
495.0 0.15802220339
500.0 0.159029661017
505.0 0.160161694915
510.0 0.161420338983
515.0 0.16280779661
520.0 0.164326440678
525.0 0.165978305085
530.0 0.167765889831
535.0 0.169690805085
540.0 0.171754915254
545.0 0.173959449153
550.0 0.176305127119
555.0 0.178792584746
560.0 0.181422288136
565.0 0.184194322034
570.0 0.187107627119
575.0 0.190161652542
580.0 0.193354322034
585.0 0.196683813559
590.0 0.200146864407
595.0 0.203739830508
600.0 0.207458601695
605.0 0.211297457627
610.0 0.215250508475
615.0 0.21931029661
620.0 0.223469661017
625.0 0.227720338983
630.0 0.232053220339
635.0 0.236456864407
640.0 0.240919745763
645.0 0.245449025424
650.0 0.250054025424
655.0 0.254449364407
660.0 0.258976144068
665.0 0.263639872881
670.0 0.268136144068
675.0 0.272548262712
680.0 0.276791186441
685.0 0.281047627119
690.0 0.285243686441
695.0 0.289158855932
700.0 0.293035932203
705.0 0.296619025424
710.0 0.300010635593
715.0 0.303247076271
720.0 0.306247754237
725.0 0.309001186441
730.0 0.311527838983
735.0 0.313816398305
740.0 0.315836016949
745.0 0.317590338983
750.0 0.319093389831
755.0 0.320311525424
760.0 0.321207372881
765.0 0.321796228814
770.0 0.322100635593
775.0 0.322133940678
780.0 0.321901525424
785.0 0.321372245763
790.0 0.320546949153
795.0 0.319394322034
800.0 0.317964915254
805.0 0.316450338983
810.0 0.314651525424
815.0 0.312731991525
820.0 0.31071220339
825.0 0.308519957627
830.0 0.306148389831
835.0 0.303687415254
840.0 0.301433601695
845.0 0.299002923729
850.0 0.2964275
855.0 0.293941737288
860.0 0.291809491525
865.0 0.289677966102
870.0 0.287531271186
875.0 0.285309872881
880.0 0.283379449153
885.0 0.281495127119
890.0 0.279887627119
895.0 0.27835470339
900.0 0.276839661017
905.0 0.275397881356
910.0 0.274109110169
915.0 0.272897372881
920.0 0.271773686441
925.0 0.270654279661
930.0 0.26957809322
935.0 0.268541059322
940.0 0.267655423729
945.0 0.266716949153
950.0 0.26581809322
955.0 0.264904745763
960.0 0.263924661017
965.0 0.26302809322
970.0 0.262158305085
975.0 0.261251694915
980.0 0.260318305085
985.0 0.259378855932
990.0 0.258402881356
995.0 0.257475720339
1000.0 0.256446228814
1005.0 0.255397881356
1010.0 0.254313347458
1015.0 0.253208940678
1020.0 0.252063813559
1025.0 0.250890889831
1030.0 0.249664449153
1035.0 0.248423305085
1040.0 0.247139025424
1045.0 0.245826016949
1050.0 0.244465338983
1055.0 0.243086313559
1060.0 0.241665084746
1065.0 0.240227372881
1070.0 0.23875279661
1075.0 0.237270720339
1080.0 0.235755127119
1085.0 0.234238305085
1090.0 0.23269279661
1095.0 0.231126610169
1100.0 0.229577966102
1105.0 0.228036440678
1110.0 0.226474872881
1115.0 0.224887161017
1120.0 0.223337542373
1125.0 0.221787076271
1130.0 0.22023309322
1135.0 0.218683474576
1140.0 0.217145932203
1145.0 0.215641144068
1150.0 0.214130932203
1155.0 0.212592076271
1160.0 0.211117923729
1165.0 0.209664322034
1170.0 0.208216652542
1175.0 0.206777457627
1180.0 0.205398262712
1185.0 0.204062754237
1190.0 0.202727245763
1195.0 0.20145
1200.0 0.200211271186
1205.0 0.198999491525
1210.0 0.197846059322
1215.0 0.196729364407
1220.0 0.195644533898
1225.0 0.194635254237
1230.0 0.193678686441
1235.0 0.192768601695
1240.0 0.19193690678
1245.0 0.191166483051
1250.0 0.190445169492
1255.0 0.18979
1260.0 0.189191059322
1265.0 0.18863779661
1270.0 0.188139279661
1275.0 0.187684788136
1280.0 0.187272457627
1285.0 0.186899788136
1290.0 0.186569957627
1295.0 0.186279788136
1300.0 0.186022033898
1305.0 0.185801313559
1310.0 0.185618008475
1315.0 0.1854575
1320.0 0.185328008475
1325.0 0.185231949153
1330.0 0.185151949153
1335.0 0.185102542373
1340.0 0.185083728814
1345.0 0.18508940678
1350.0 0.185100127119
1355.0 0.18514559322
1360.0 0.185203474576
1365.0 0.185273686441
1370.0 0.18531309322
1375.0 0.185390169492
1380.0 0.185436822034
1385.0 0.185509576271
1390.0 0.18555720339
1395.0 0.185616483051
1400.0 0.185646016949
1405.0 0.185700635593
1410.0 0.18571690678
1415.0 0.185746652542
1420.0 0.185750127119
1425.0 0.185760211864
1430.0 0.185745635593
1435.0 0.18573529661
1440.0 0.1857025
1445.0 0.185666694915
1450.0 0.185617076271
1455.0 0.185563177966
1460.0 0.185501355932
1465.0 0.185436313559
1470.0 0.185368898305
1475.0 0.185302966102
1480.0 0.185216525424
1485.0 0.185123601695
1490.0 0.185050805085
1495.0 0.184974279661
1500.0 0.184890677966
1505.0 0.18481
1510.0 0.184736101695
1515.0 0.184663813559
1520.0 0.184601737288
1525.0 0.184553516949
1530.0 0.184516398305
1535.0 0.184487838983
1540.0 0.18447190678
1545.0 0.184474279661
1550.0 0.184492838983
1555.0 0.184543474576
1560.0 0.184587161017
1565.0 0.184669618644
1570.0 0.184779491525
1575.0 0.184910974576
1580.0 0.185065169492
1585.0 0.185261440678
1590.0 0.185512627119
1595.0 0.185753601695
1600.0 0.186026483051
1605.0 0.186369364407
1610.0 0.186754576271
1615.0 0.187177669492
1620.0 0.187646822034
1625.0 0.188165423729
1630.0 0.188738177966
1635.0 0.189373983051
1640.0 0.190042966102
1645.0 0.190774067797
1650.0 0.191599618644
1655.0 0.192460550847
1660.0 0.193402288136
1665.0 0.194367288136
1670.0 0.19547779661
1675.0 0.196609067797
1680.0 0.197795042373
1685.0 0.19906059322
1690.0 0.200468983051
1695.0 0.201951398305
1700.0 0.203459576271
1705.0 0.205011737288
1710.0 0.20662559322
1715.0 0.208339279661
1720.0 0.210148135593
1725.0 0.212039237288
1730.0 0.214001610169
1735.0 0.21603220339
1740.0 0.218132118644
1745.0 0.220302372881
1750.0 0.222540720339
1755.0 0.224843813559
1760.0 0.227207881356
1765.0 0.229630084746
1770.0 0.232106355932
1775.0 0.234632457627
1780.0 0.237203220339
1785.0 0.239813771186
1790.0 0.242458220339
1795.0 0.245130635593
1800.0 0.247819067797
1805.0 0.250544364407
1810.0 0.253265042373
1815.0 0.255961016949
1820.0 0.258630550847
1825.0 0.261362838983
1830.0 0.264051483051
1835.0 0.266676101695
1840.0 0.269241016949
1845.0 0.271755211864
1850.0 0.274216228814
1855.0 0.276610211864
1860.0 0.278922584746
1865.0 0.281141059322
1870.0 0.283254364407
1875.0 0.285264025424
1880.0 0.287159661017
1885.0 0.288931737288
1890.0 0.290575762712
1895.0 0.292089194915
1900.0 0.2934675
1905.0 0.294702542373
1910.0 0.29579470339
1915.0 0.296736864407
1920.0 0.297516991525
1925.0 0.298135720339
1930.0 0.298596567797
1935.0 0.298902754237
1940.0 0.299057245763
1945.0 0.299054449153
1950.0 0.298897118644
1955.0 0.298590466102
1960.0 0.298107669492
1965.0 0.297558771186
1970.0 0.296811864407
1975.0 0.296019788136
1980.0 0.295135127119
1985.0 0.294126228814
1990.0 0.292978474576
1995.0 0.291873601695
2000.0 0.290755974576
2005.0 0.289628771186
2010.0 0.288392076271
2015.0 0.287085720339
2020.0 0.285829364407
2025.0 0.284656991525
2030.0 0.283401694915
2035.0 0.282012923729
2040.0 0.280806483051
2045.0 0.279657415254
2050.0 0.278431652542
2055.0 0.277304872881
2060.0 0.276205889831
2065.0 0.275128347458
2070.0 0.274102627119
2075.0 0.273091652542
2080.0 0.272123516949
2085.0 0.271155889831
2090.0 0.270243474576
2095.0 0.26930690678
2100.0 0.268388728814
2105.0 0.267463262712
2110.0 0.266637966102
2115.0 0.265711313559
2120.0 0.264694194915
2125.0 0.263829237288
2130.0 0.262921186441
2135.0 0.261941737288
2140.0 0.26098940678
2145.0 0.260068262712
2150.0 0.259169915254
2155.0 0.258215381356
2160.0 0.257145974576
2165.0 0.256095932203
2170.0 0.255062457627
2175.0 0.254021271186
2180.0 0.252958432203
2185.0 0.251864745763
2190.0 0.250755677966
2195.0 0.249653050847
2200.0 0.24849529661
2205.0 0.247324661017
2210.0 0.246158347458
2215.0 0.244983432203
2220.0 0.243784491525
2225.0 0.242584279661
2230.0 0.241368898305
2235.0 0.240149661017
2240.0 0.238926525424
2245.0 0.237698813559
2250.0 0.236466949153
2255.0 0.235232584746
2260.0 0.233999830508
2265.0 0.232765254237
2270.0 0.231532754237
2275.0 0.23031940678
2280.0 0.229087711864
2285.0 0.227854788136
2290.0 0.226642161017
2295.0 0.22544940678
2300.0 0.224258559322
2305.0 0.223086186441
2310.0 0.221906610169
2315.0 0.220729533898
2320.0 0.219603728814
2325.0 0.218483686441
2330.0 0.217367245763
2335.0 0.216282966102
2340.0 0.215201737288
2345.0 0.214157457627
2350.0 0.213132966102
2355.0 0.212124745763
2360.0 0.211165762712
2365.0 0.210241313559
2370.0 0.209340423729
2375.0 0.208494788136
2380.0 0.207690381356
2385.0 0.206914449153
2390.0 0.206193135593
2395.0 0.205509533898
2400.0 0.20485279661
2405.0 0.204247669492
2410.0 0.203680762712
2415.0 0.203141186441
2420.0 0.202640381356
2425.0 0.202170635593
2430.0 0.201725974576
2435.0 0.20131279661
2440.0 0.200928432203
2445.0 0.200565635593
2450.0 0.200226228814
2455.0 0.199917330508
2460.0 0.199632923729
2465.0 0.199371822034
2470.0 0.199134110169
2475.0 0.198920381356
2480.0 0.19872779661
2485.0 0.198550466102
2490.0 0.198397669492
2495.0 0.198268813559
2500.0 0.198154322034
2505.0 0.198058771186
2510.0 0.197981525424
2515.0 0.197934449153
2520.0 0.197890932203
2525.0 0.197882288136
2530.0 0.197855508475
2535.0 0.197858898305
2540.0 0.197836864407
2545.0 0.197862838983
2550.0 0.197862584746
2555.0 0.197888347458
2560.0 0.197890042373
2565.0 0.197923898305
2570.0 0.197936016949
2575.0 0.197962161017
2580.0 0.197976779661
2585.0 0.198021991525
2590.0 0.198040805085
2595.0 0.198095677966
2600.0 0.198125254237
2605.0 0.198190338983
2610.0 0.198236271186
2615.0 0.198305762712
2620.0 0.198381398305
2625.0 0.198456059322
2630.0 0.198539576271
2635.0 0.198650381356
2640.0 0.198750508475
2645.0 0.198875677966
2650.0 0.199002118644
2655.0 0.199156567797
2660.0 0.199296228814
2665.0 0.199473220339
2670.0 0.199676694915
2675.0 0.199892372881
2680.0 0.200138940678
2685.0 0.200403771186
2690.0 0.200696313559
2695.0 0.201016271186
2700.0 0.20139279661
2705.0 0.201744364407
2710.0 0.202177161017
2715.0 0.202652330508
2720.0 0.203129576271
2725.0 0.203676525424
2730.0 0.204256483051
2735.0 0.204856949153
2740.0 0.205523432203
2745.0 0.206234364407
2750.0 0.207010338983
2755.0 0.20782279661
2760.0 0.208725635593
2765.0 0.209636822034
2770.0 0.210643135593
2775.0 0.211685550847
2780.0 0.21280440678
2785.0 0.213944576271
2790.0 0.215174872881
2795.0 0.216435762712
2800.0 0.217816991525
2805.0 0.219199025424
2810.0 0.220645169492
2815.0 0.222103813559
2820.0 0.223705762712
2825.0 0.225390889831
2830.0 0.227088262712
2835.0 0.228831313559
2840.0 0.230634830508
2845.0 0.232492711864
2850.0 0.23439779661
2855.0 0.236347457627
2860.0 0.238339449153
2865.0 0.240370338983
2870.0 0.242435805085
2875.0 0.244531313559
2880.0 0.24665190678
2885.0 0.24878559322
2890.0 0.250955720339
2895.0 0.253125466102
2900.0 0.255286567797
2905.0 0.257457923729
2910.0 0.259591355932
2915.0 0.261756525424
2920.0 0.263871991525
2925.0 0.265939364407
2930.0 0.267972118644
2935.0 0.269971398305
2940.0 0.271924237288
2945.0 0.273815
2950.0 0.275637923729
2955.0 0.277385084746
2960.0 0.2790525
2965.0 0.280632584746
2970.0 0.282121398305
2975.0 0.283518220339
2980.0 0.284812627119
2985.0 0.285996525424
2990.0 0.287068432203
2995.0 0.288024915254
3000.0 0.288865169492
3005.0 0.289587330508
3010.0 0.290189957627
3015.0 0.290668855932
3020.0 0.291028050847
3025.0 0.291285211864
3030.0 0.291373813559
3035.0 0.291373728814
3040.0 0.291271228814
3045.0 0.291053516949
3050.0 0.290725974576
3055.0 0.290306864407
3060.0 0.289755211864
3065.0 0.289166440678
3070.0 0.288576440678
3075.0 0.287819491525
3080.0 0.287039745763
3085.0 0.286295211864
3090.0 0.285524830508
3095.0 0.284639322034
3100.0 0.283760423729
3105.0 0.28289559322
3110.0 0.281972966102
3115.0 0.281071271186
3120.0 0.280196355932
3125.0 0.279137118644
3130.0 0.278217288136
3135.0 0.277325720339
3140.0 0.276343135593
3145.0 0.275455805085
3150.0 0.274456483051
3155.0 0.273628516949
3160.0 0.272694152542
3165.0 0.271773644068
3170.0 0.270952330508
3175.0 0.270108813559
3180.0 0.269251228814
3185.0 0.268416779661
3190.0 0.267581398305
3195.0 0.266746567797
3200.0 0.265910805085
3205.0 0.265069322034
3210.0 0.264203686441
3215.0 0.263384194915
3220.0 0.262513008475
3225.0 0.261602118644
3230.0 0.260749661017
3235.0 0.259784788136
3240.0 0.258820677966
3245.0 0.257948432203
3250.0 0.257035550847
3255.0 0.256111949153
3260.0 0.255144533898
3265.0 0.254125720339
3270.0 0.253121440678
3275.0 0.252110847458
3280.0 0.251087033898
3285.0 0.250047288136
3290.0 0.249011652542
3295.0 0.247955932203
3300.0 0.246897076271
3305.0 0.245836355932
3310.0 0.244765169492
3315.0 0.24367970339
3320.0 0.242600847458
3325.0 0.241514237288
3330.0 0.240426694915
3335.0 0.239337161017
3340.0 0.238246694915
3345.0 0.237155508475
3350.0 0.236078050847
3355.0 0.234968728814
3360.0 0.233891949153
3365.0 0.232808008475
3370.0 0.231720381356
3375.0 0.230644745763
3380.0 0.229582627119
3385.0 0.228526271186
3390.0 0.227476228814
3395.0 0.226448686441
3400.0 0.225416016949
3405.0 0.224382966102
3410.0 0.223392161017
3415.0 0.222404830508
3420.0 0.221424237288
3425.0 0.220473898305
3430.0 0.219526144068
3435.0 0.218615932203
3440.0 0.217733305085
3445.0 0.216865974576
3450.0 0.216042542373
3455.0 0.215251144068
3460.0 0.214480338983
3465.0 0.213754279661
3470.0 0.213061186441
3475.0 0.212388305085
3480.0 0.211756271186
3485.0 0.211155211864
3490.0 0.210578728814
3495.0 0.210041949153
3500.0 0.209533686441
3505.0 0.20904440678
3510.0 0.208584449153
3515.0 0.208147754237
3520.0 0.207739194915
3525.0 0.207350381356
3530.0 0.206980889831
3535.0 0.206633347458
3540.0 0.206308389831
3545.0 0.206006228814
3550.0 0.205726313559
3555.0 0.205470508475
3560.0 0.205233983051
3565.0 0.20501809322
3570.0 0.204819661017
3575.0 0.204641483051
3580.0 0.204479152542
3585.0 0.204336610169
3590.0 0.204212754237
3595.0 0.204110635593
3600.0 0.204034237288
3605.0 0.203959491525
3610.0 0.203921822034
3615.0 0.203889067797
3620.0 0.203900677966
3625.0 0.2038825
3630.0 0.203896864407
3635.0 0.2039225
3640.0 0.203963559322
3645.0 0.20398559322
3650.0 0.204048855932
3655.0 0.20408970339
3660.0 0.204161737288
3665.0 0.204223220339
3670.0 0.204315127119
3675.0 0.204387161017
3680.0 0.204503855932
3685.0 0.204580550847
3690.0 0.204688135593
3695.0 0.204812627119
3700.0 0.20498529661
3705.0 0.205114915254
3710.0 0.205285423729
3715.0 0.205428559322
3720.0 0.205632245763
3725.0 0.205823305085
3730.0 0.206048177966
3735.0 0.206279661017
3740.0 0.206557542373
3745.0 0.206818898305
3750.0 0.207135084746
3755.0 0.207447542373
3760.0 0.207799279661
3765.0 0.20815309322
3770.0 0.20856220339
3775.0 0.208974237288
3780.0 0.209455720339
3785.0 0.209920720339
3790.0 0.210464364407
3795.0 0.210993940678
3800.0 0.211613559322
3805.0 0.212241483051
3810.0 0.212931779661
3815.0 0.213658516949
3820.0 0.214433855932
3825.0 0.215229830508
3830.0 0.216093220339
3835.0 0.216983983051
3840.0 0.217916016949
3845.0 0.218913347458
3850.0 0.219998008475
3855.0 0.221084788136
3860.0 0.222217881356
3865.0 0.223403983051
3870.0 0.224695508475
3875.0 0.225987033898
3880.0 0.227323262712
3885.0 0.228762330508
3890.0 0.230208347458
3895.0 0.231710847458
3900.0 0.233261228814
3905.0 0.23486309322
3910.0 0.236508559322
3915.0 0.238193983051
3920.0 0.239917923729
3925.0 0.241677711864
3930.0 0.243469661017
3935.0 0.245290338983
3940.0 0.247155974576
3945.0 0.249022711864
3950.0 0.250891398305
3955.0 0.252780423729
3960.0 0.25467720339
3965.0 0.256548008475
3970.0 0.258469152542
3975.0 0.260354067797
3980.0 0.262222076271
3985.0 0.2640725
3990.0 0.265893983051
3995.0 0.267675508475
4000.0 0.26941059322
4005.0 0.271096864407
4010.0 0.272730381356
4015.0 0.274308135593
4020.0 0.275821440678
4025.0 0.277261737288
4030.0 0.278624152542
4035.0 0.279903644068
4040.0 0.281095847458
4045.0 0.282195889831
4050.0 0.283198940678
4055.0 0.284102542373
4060.0 0.284906355932
4065.0 0.285606228814
4070.0 0.286201864407
4075.0 0.28668559322
4080.0 0.28709029661
4085.0 0.287355042373
4090.0 0.287520423729
4095.0 0.287593601695
4100.0 0.287578559322
4105.0 0.287454279661
4110.0 0.287239788136
4115.0 0.286924152542
4120.0 0.286512033898
4125.0 0.28609940678
4130.0 0.285628813559
4135.0 0.285031652542
4140.0 0.284403262712
4145.0 0.283815720339
4150.0 0.283161949153
4155.0 0.282467245763
4160.0 0.281747627119
4165.0 0.280985974576
4170.0 0.280249322034
4175.0 0.279544110169
4180.0 0.2787325
4185.0 0.277952118644
4190.0 0.277095211864
4195.0 0.276205974576
4200.0 0.275398135593
4205.0 0.274629152542
4210.0 0.273833559322
4215.0 0.272966949153
4220.0 0.272127288136
4225.0 0.271322838983
4230.0 0.270516440678
4235.0 0.269734533898
4240.0 0.268931567797
4245.0 0.268105550847
4250.0 0.267348347458
4255.0 0.266562669492
4260.0 0.265748135593
4265.0 0.264950254237
4270.0 0.264124915254
4275.0 0.263342754237
4280.0 0.262550466102
4285.0 0.26164470339
4290.0 0.260837245763
4295.0 0.259970211864
4300.0 0.259138516949
4305.0 0.258295508475
4310.0 0.257406228814
4315.0 0.256512457627
4320.0 0.255589449153
4325.0 0.254669576271
4330.0 0.253715254237
4335.0 0.252771271186
4340.0 0.251817415254
4345.0 0.250851355932
4350.0 0.249886822034
4355.0 0.2489275
4360.0 0.247925635593
4365.0 0.246919364407
4370.0 0.245929915254
4375.0 0.24492809322
4380.0 0.243915889831
4385.0 0.242906313559
4390.0 0.241889025424
4395.0 0.240872372881
4400.0 0.239854194915
4405.0 0.238836483051
4410.0 0.237819618644
4415.0 0.236808771186
4420.0 0.235810042373
4425.0 0.234784237288
4430.0 0.233766228814
4435.0 0.232778305085
4440.0 0.231797118644
4445.0 0.230808559322
4450.0 0.229827330508
4455.0 0.228863008475
4460.0 0.227890550847
4465.0 0.226968262712
4470.0 0.226035550847
4475.0 0.225103305085
4480.0 0.224188135593
4485.0 0.223305847458
4490.0 0.222445169492
4495.0 0.221589830508
4500.0 0.220772245763
4505.0 0.219980762712
4510.0 0.219203601695
4515.0 0.218469576271
4520.0 0.217762966102
4525.0 0.21707220339
4530.0 0.216420847458
4535.0 0.215795889831
4540.0 0.215189067797
4545.0 0.214619915254
4550.0 0.21407940678
4555.0 0.213559025424
4560.0 0.213071228814
4565.0 0.212604067797
4570.0 0.212159915254
4575.0 0.211741186441
4580.0 0.211341016949
4585.0 0.210959618644
4590.0 0.210597372881
4595.0 0.210253305085
4600.0 0.209926779661
4605.0 0.209625042373
4610.0 0.20934940678
4615.0 0.209086355932
4620.0 0.208843601695
4625.0 0.208623347458
4630.0 0.208421483051
4635.0 0.208238432203
4640.0 0.208072245763
4645.0 0.207923644068
4650.0 0.207792161017
4655.0 0.207682627119
4660.0 0.207590127119
4665.0 0.207513686441
4670.0 0.207462711864
4675.0 0.207419957627
4680.0 0.207415338983
4685.0 0.207413135593
4690.0 0.207431016949
4695.0 0.207463686441
4700.0 0.207518432203
4705.0 0.207555847458
4710.0 0.207635550847
4715.0 0.207696059322
4720.0 0.207789364407
4725.0 0.207875211864
4730.0 0.207993983051
4735.0 0.208094533898
4740.0 0.208231440678
4745.0 0.208358983051
4750.0 0.208515042373
4755.0 0.208655127119
4760.0 0.208848220339
4765.0 0.209018855932
4770.0 0.209253177966
4775.0 0.20943279661
4780.0 0.20967279661
4785.0 0.209905169492
4790.0 0.210184618644
4795.0 0.210457923729
4800.0 0.210788771186
4805.0 0.211080084746
4810.0 0.211448771186
4815.0 0.211815
4820.0 0.212244872881
4825.0 0.212681059322
4830.0 0.213135
4835.0 0.213616991525
4840.0 0.214130381356
4845.0 0.214664788136
4850.0 0.215270550847
4855.0 0.215885550847
4860.0 0.216568474576
4865.0 0.217253177966
4870.0 0.217945550847
4875.0 0.218740127119
4880.0 0.21952440678
4885.0 0.220386991525
4890.0 0.221268855932
4895.0 0.222235762712
4900.0 0.223213262712
4905.0 0.224244957627
4910.0 0.225320889831
4915.0 0.226469618644
4920.0 0.227629788136
4925.0 0.228867584746
4930.0 0.230115847458
4935.0 0.231425720339
4940.0 0.232771779661
4945.0 0.234158728814
4950.0 0.235607457627
4955.0 0.237096144068
4960.0 0.238614830508
4965.0 0.240170254237
4970.0 0.241761737288
4975.0 0.243385084746
4980.0 0.245036949153
4985.0 0.246733686441
4990.0 0.248433940678
4995.0 0.25013809322
5000.0 0.251864364407
5005.0 0.253601737288
5010.0 0.255336228814
5015.0 0.257079194915
5020.0 0.258813347458
5025.0 0.260544152542
5030.0 0.262253177966
5035.0 0.263933940678
5040.0 0.265586991525
5045.0 0.267212627119
5050.0 0.268803983051
5055.0 0.270350550847
5060.0 0.271846355932
5065.0 0.273286864407
5070.0 0.274665635593
5075.0 0.275976610169
5080.0 0.277214745763
5085.0 0.278374576271
5090.0 0.279451186441
5095.0 0.280444830508
5100.0 0.281350932203
5105.0 0.282167076271
5110.0 0.282891440678
5115.0 0.283520042373
5120.0 0.284052838983
5125.0 0.284505974576
5130.0 0.284839237288
5135.0 0.285082966102
5140.0 0.285241949153
5145.0 0.285316355932
5150.0 0.285289576271
5155.0 0.285174830508
5160.0 0.284990635593
5165.0 0.284747330508
5170.0 0.284384788136
5175.0 0.283911016949
5180.0 0.283502457627
5185.0 0.283095042373
5190.0 0.282513644068
5195.0 0.281905381356
5200.0 0.281384533898
5205.0 0.2807575
5210.0 0.280139364407
5215.0 0.279438432203
5220.0 0.278821652542
5225.0 0.278113262712
5230.0 0.277416822034
5235.0 0.276649957627
5240.0 0.275919491525
5245.0 0.27513059322
5250.0 0.274359491525
5255.0 0.273644872881
5260.0 0.272908813559
5265.0 0.272098771186
5270.0 0.271311313559
5275.0 0.270545635593
5280.0 0.269776059322
5285.0 0.269027584746
5290.0 0.268260254237
5295.0 0.267511355932
5300.0 0.266753135593
5305.0 0.265973813559
5310.0 0.265215084746
5315.0 0.264434957627
5320.0 0.263723262712
5325.0 0.262933474576
5330.0 0.262121355932
5335.0 0.261304025424
5340.0 0.260474449153
5345.0 0.259664237288
5350.0 0.258788135593
5355.0 0.258037245763
5360.0 0.257166949153
5365.0 0.256267881356
5370.0 0.25537
5375.0 0.254444618644
5380.0 0.253570169492
5385.0 0.252673516949
5390.0 0.25176940678
5395.0 0.250833728814
5400.0 0.249903813559
5405.0 0.248965847458
5410.0 0.248034110169
5415.0 0.247073474576
5420.0 0.246113305085
5425.0 0.245142966102
5430.0 0.244182161017
5435.0 0.243216101695
5440.0 0.242249745763
5445.0 0.24128
5450.0 0.240310889831
5455.0 0.239341525424
5460.0 0.238363771186
5465.0 0.237400423729
5470.0 0.236458601695
5475.0 0.235504152542
5480.0 0.234534110169
5485.0 0.233584618644
5490.0 0.232655932203
5495.0 0.231727118644
5500.0 0.230798983051
5505.0 0.229882415254
5510.0 0.228971610169
5515.0 0.228078644068
5520.0 0.227201610169
5525.0 0.226330466102
5530.0 0.225474025424
5535.0 0.224641186441
5540.0 0.223827923729
5545.0 0.223036355932
5550.0 0.222268262712
5555.0 0.221526016949
5560.0 0.220810635593
5565.0 0.220120720339
5570.0 0.21945529661
5575.0 0.218814830508
5580.0 0.21819940678
5585.0 0.21760940678
5590.0 0.217044957627
5595.0 0.21650779661
5600.0 0.215996949153
5605.0 0.215510127119
5610.0 0.2150475
5615.0 0.214606483051
5620.0 0.214185635593
5625.0 0.213785042373
5630.0 0.213404322034
5635.0 0.213040889831
5640.0 0.212693432203
5645.0 0.212363855932
5650.0 0.212053347458
5655.0 0.211762627119
5660.0 0.21149220339
5665.0 0.211240762712
5670.0 0.211011483051
5675.0 0.21080220339
5680.0 0.210607457627
5685.0 0.210431822034
5690.0 0.210275677966
5695.0 0.210132838983
5700.0 0.210007754237
5705.0 0.209903135593
5710.0 0.209819110169
5715.0 0.209754322034
5720.0 0.209698050847
5725.0 0.209676610169
5730.0 0.209663347458
5735.0 0.209672542373
5740.0 0.209690169492
5745.0 0.209753686441
5750.0 0.209794533898
5755.0 0.209874872881
5760.0 0.209944194915
5765.0 0.210041567797
5770.0 0.210137584746
5775.0 0.210266355932
5780.0 0.210377330508
5785.0 0.210524745763
5790.0 0.210659025424
5795.0 0.210830889831
5800.0 0.211030338983
5805.0 0.211193347458
5810.0 0.211331313559
5815.0 0.211581567797
5820.0 0.211817161017
5825.0 0.21208470339
5830.0 0.212329491525
5835.0 0.212631016949
5840.0 0.212921779661
5845.0 0.213247457627
5850.0 0.213562881356
5855.0 0.213955254237
5860.0 0.214343940678
5865.0 0.214746864407
5870.0 0.215167118644
5875.0 0.215669491525
5880.0 0.216195084746
5885.0 0.216701398305
5890.0 0.217268771186
5895.0 0.217844152542
5900.0 0.218495211864
5905.0 0.219154957627
5910.0 0.219848644068
5915.0 0.220591398305
5920.0 0.221388262712
5925.0 0.222195720339
5930.0 0.223053177966
5935.0 0.223929322034
5940.0 0.224878559322
5945.0 0.225835932203
5950.0 0.226867584746
5955.0 0.227940635593
5960.0 0.229047923729
5965.0 0.230165084746
5970.0 0.231365847458
5975.0 0.232598135593
5980.0 0.233867457627
5985.0 0.235161822034
5990.0 0.236519194915
5995.0 0.23790559322
6000.0 0.23933809322
6005.0 0.24080440678
6010.0 0.242300169492
6015.0 0.243824618644
6020.0 0.245376694915
6025.0 0.246970466102
6030.0 0.248582118644
6035.0 0.250191610169
6040.0 0.251810550847
6045.0 0.253431101695
6050.0 0.255055423729
6055.0 0.256694152542
6060.0 0.258354067797
6065.0 0.259968432203
6070.0 0.261577881356
6075.0 0.263181779661
6080.0 0.264764576271
6085.0 0.266311779661
6090.0 0.267820338983
6095.0 0.269290169492
6100.0 0.270715169492
6105.0 0.272087457627
6110.0 0.2734
6115.0 0.274647966102
6120.0 0.275827669492
6125.0 0.276936186441
6130.0 0.277970381356
6135.0 0.278926440678
6140.0 0.2798025
6145.0 0.280595550847
6150.0 0.281302966102
6155.0 0.28192559322
6160.0 0.282449279661
6165.0 0.282899661017
6170.0 0.283256779661
6175.0 0.283520127119
6180.0 0.2837025
6185.0 0.283795381356
6190.0 0.283797161017
6195.0 0.283725508475
6200.0 0.283575974576
6205.0 0.28335779661
6210.0 0.283070466102
6215.0 0.282734449153
6220.0 0.282333220339
6225.0 0.281907838983
6230.0 0.281430381356
6235.0 0.280939279661
6240.0 0.280410974576
6245.0 0.279860211864
6250.0 0.279308177966
6255.0 0.278739194915
6260.0 0.278057076271
6265.0 0.277410381356
6270.0 0.276710720339
6275.0 0.276069533898
6280.0 0.275409661017
6285.0 0.274664872881
6290.0 0.273939830508
6295.0 0.273246186441
6300.0 0.272522584746
6305.0 0.271757669492
6310.0 0.271017118644
6315.0 0.270281355932
6320.0 0.269556525424
6325.0 0.268803305085
6330.0 0.268064788136
6335.0 0.267323686441
6340.0 0.26656779661
6345.0 0.265853516949
6350.0 0.265112372881
6355.0 0.264359110169
6360.0 0.263614152542
6365.0 0.262875127119
6370.0 0.26209220339
6375.0 0.261315635593
6380.0 0.260557881356
6385.0 0.25975440678
6390.0 0.258921610169
6395.0 0.258095550847
6400.0 0.257271652542
6405.0 0.256450423729
6410.0 0.255596991525
6415.0 0.254740423729
6420.0 0.253844745763
6425.0 0.252954915254
6430.0 0.252014618644
6435.0 0.251132076271
6440.0 0.250245169492
6445.0 0.249337966102
6450.0 0.248420211864
6455.0 0.247512161017
6460.0 0.246579533898
6465.0 0.245648983051
6470.0 0.244718601695
6475.0 0.243779661017
6480.0 0.242846440678
6485.0 0.241908050847
6490.0 0.240971694915
6495.0 0.24003559322
6500.0 0.239113559322
6505.0 0.238169957627
6510.0 0.237245847458
6515.0 0.236317161017
6520.0 0.235396186441
6525.0 0.2344875
6530.0 0.233584110169
6535.0 0.232683686441
6540.0 0.231790550847
6545.0 0.230906949153
6550.0 0.230026779661
6555.0 0.229167966102
6560.0 0.228316398305
6565.0 0.227471016949
6570.0 0.226648220339
6575.0 0.225845127119
6580.0 0.22506059322
6585.0 0.224297627119
6590.0 0.223556483051
6595.0 0.222841271186
6600.0 0.22215059322
6605.0 0.22148279661
6610.0 0.2208375
6615.0 0.220216440678
6620.0 0.219618305085
6625.0 0.219044618644
6630.0 0.218495084746
6635.0 0.217971483051
6640.0 0.217472584746
6645.0 0.216997076271
6650.0 0.216544110169
6655.0 0.2161125
6660.0 0.215699957627
6665.0 0.215306483051
6670.0 0.214932033898
6675.0 0.214575
6680.0 0.21423279661
6685.0 0.213906991525
6690.0 0.21359940678
6695.0 0.213310466102
6700.0 0.213042372881
6705.0 0.212791737288
6710.0 0.212562033898
6715.0 0.212355423729
6720.0 0.212159110169
6725.0 0.21198279661
6730.0 0.211826101695
6735.0 0.211685635593
6740.0 0.211559830508
6745.0 0.211450805085
6750.0 0.211365762712
6755.0 0.211294322034
6760.0 0.211248516949
6765.0 0.211206822034
6770.0 0.211207584746
6775.0 0.211206567797
6780.0 0.211230211864
6785.0 0.211272415254
6790.0 0.211347584746
6795.0 0.211405720339
6800.0 0.211501991525
6805.0 0.211591567797
6810.0 0.211714745763
6815.0 0.211824322034
6820.0 0.21196440678
6825.0 0.212091228814
6830.0 0.212275635593
6835.0 0.212404745763
6840.0 0.212639194915
6845.0 0.212851991525
6850.0 0.213024830508
6855.0 0.21322279661
6860.0 0.213507372881
6865.0 0.213748050847
6870.0 0.214047415254
6875.0 0.21432559322
6880.0 0.2146625
6885.0 0.214990211864
6890.0 0.215347838983
6895.0 0.215697881356
6900.0 0.216133644068
6905.0 0.216529830508
6910.0 0.217001864407
6915.0 0.217518898305
6920.0 0.218016144068
6925.0 0.218531822034
6930.0 0.219129661017
6935.0 0.219717881356
6940.0 0.220409067797
6945.0 0.221088728814
6950.0 0.221778305085
6955.0 0.222563983051
6960.0 0.223329322034
6965.0 0.224145169492
6970.0 0.22500309322
6975.0 0.225918177966
6980.0 0.226839279661
6985.0 0.22784690678
6990.0 0.228841355932
6995.0 0.229926652542
7000.0 0.231007923729
7005.0 0.232162966102
7010.0 0.233320127119
7015.0 0.234533177966
7020.0 0.235793135593
7025.0 0.237053474576
7030.0 0.238392542373
7035.0 0.239767076271
7040.0 0.24116309322
7045.0 0.242588983051
7050.0 0.244045550847
7055.0 0.245528644068
7060.0 0.247009618644
7065.0 0.248535677966
7070.0 0.25009059322
7075.0 0.251647033898
7080.0 0.253235805085
7085.0 0.254811652542
7090.0 0.25638809322
7095.0 0.257958644068
7100.0 0.259533898305
7105.0 0.261085889831
7110.0 0.262618305085
7115.0 0.264135677966
7120.0 0.265630847458
7125.0 0.267090338983
7130.0 0.268506059322
7135.0 0.269875762712
7140.0 0.271196822034
7145.0 0.272463050847
7150.0 0.273668898305
7155.0 0.274811059322
7160.0 0.275887966102
7165.0 0.276894830508
7170.0 0.277829322034
7175.0 0.278687966102
7180.0 0.279468008475
7185.0 0.28016690678
7190.0 0.280786779661
7195.0 0.28131190678
7200.0 0.281767669492
7205.0 0.282135466102
7210.0 0.282414322034
7215.0 0.282614576271
7220.0 0.282728940678
7225.0 0.282758771186
7230.0 0.282717330508
7235.0 0.28260029661
7240.0 0.282418220339
7245.0 0.282167457627
7250.0 0.281872584746
7255.0 0.281511779661
7260.0 0.28112779661
7265.0 0.280691652542
7270.0 0.280238771186
7275.0 0.279749533898
7280.0 0.279238686441
7285.0 0.278724661017
7290.0 0.278194872881
7295.0 0.277554364407
7300.0 0.276947627119
7305.0 0.276308644068
7310.0 0.275678347458
7315.0 0.275051355932
7320.0 0.274347245763
7325.0 0.273695084746
7330.0 0.27294029661
7335.0 0.272191016949
7340.0 0.27152779661
7345.0 0.27084220339
7350.0 0.270122754237
7355.0 0.269394661017
7360.0 0.268644491525
7365.0 0.267951228814
7370.0 0.267221652542
7375.0 0.266496440678
7380.0 0.265768940678
7385.0 0.265051398305
7390.0 0.264329364407
7395.0 0.263587542373
7400.0 0.26286470339
7405.0 0.262121313559
7410.0 0.261265932203
7415.0 0.26052970339
7420.0 0.259801398305
7425.0 0.259004576271
7430.0 0.258199533898
7435.0 0.257418432203
7440.0 0.256584152542
7445.0 0.255718728814
7450.0 0.254878220339
7455.0 0.253978898305
7460.0 0.253115466102
7465.0 0.252249788136
7470.0 0.251394872881
7475.0 0.250551483051
7480.0 0.249647627119
7485.0 0.248763050847
7490.0 0.247865974576
7495.0 0.246964915254
7500.0 0.246057457627
7505.0 0.245135508475
7510.0 0.244224788136
7515.0 0.243312584746
7520.0 0.24240029661
7525.0 0.241486059322
7530.0 0.240573220339
7535.0 0.239661101695
7540.0 0.238756525424
7545.0 0.237849237288
7550.0 0.236944872881
7555.0 0.236052711864
7560.0 0.235167838983
7565.0 0.234283771186
7570.0 0.233404237288
7575.0 0.232533601695
7580.0 0.231670338983
7585.0 0.230816398305
7590.0 0.229977161017
7595.0 0.229138855932
7600.0 0.228314957627
7605.0 0.227514957627
7610.0 0.226732288136
7615.0 0.225967245763
7620.0 0.225222669492
7625.0 0.224500042373
7630.0 0.22380190678
7635.0 0.22312720339
7640.0 0.222473898305
7645.0 0.221841779661
7650.0 0.221232711864
7655.0 0.220646186441
7660.0 0.220082754237
7665.0 0.219542669492
7670.0 0.219027415254
7675.0 0.218536144068
7680.0 0.2180675
7685.0 0.217620932203
7690.0 0.217194618644
7695.0 0.216787415254
7700.0 0.216398432203
7705.0 0.216027881356
7710.0 0.215674491525
7715.0 0.215336059322
7720.0 0.2150125
7725.0 0.214706525424
7730.0 0.214418389831
7735.0 0.214149830508
7740.0 0.21390029661
7745.0 0.213671864407
7750.0 0.213456610169
7755.0 0.213264025424
7760.0 0.213091610169
7765.0 0.2129325
7770.0 0.212790169492
7775.0 0.212667627119
7780.0 0.212557161017
7785.0 0.212467627119
7790.0 0.21239809322
7795.0 0.212340889831
7800.0 0.212307966102
7805.0 0.212294110169
7810.0 0.21229690678
7815.0 0.212309618644
7820.0 0.212371144068
7825.0 0.212417711864
7830.0 0.212502288136
7835.0 0.212584830508
7840.0 0.21269779661
7845.0 0.212799661017
7850.0 0.212932838983
7855.0 0.213062542373
7860.0 0.213217584746
7865.0 0.213391271186
7870.0 0.213533686441
7875.0 0.213717584746
7880.0 0.21401470339
7885.0 0.214183855932
7890.0 0.214398644068
7895.0 0.214631779661
7900.0 0.214935805085
7905.0 0.215207415254
7910.0 0.215510677966
7915.0 0.215820720339
7920.0 0.216183983051
7925.0 0.216513644068
7930.0 0.216923262712
7935.0 0.217312838983
7940.0 0.217822966102
7945.0 0.21826940678
7950.0 0.218786144068
7955.0 0.219276228814
7960.0 0.219805720339
7965.0 0.220359491525
7970.0 0.221004661017
7975.0 0.221631186441
7980.0 0.222326694915
7985.0 0.223055762712
7990.0 0.223815127119
7995.0 0.224612161017
8000.0 0.225417966102
8005.0 0.22630559322
8010.0 0.227185084746
8015.0 0.228150169492
8020.0 0.229119915254
8025.0 0.23016059322
8030.0 0.231206101695
8035.0 0.232274745763
8040.0 0.23340690678
8045.0 0.234600127119
8050.0 0.235798389831
8055.0 0.237023305085
8060.0 0.238308813559
8065.0 0.239621016949
8070.0 0.240948940678
8075.0 0.242320042373
8080.0 0.243722711864
8085.0 0.245148855932
8090.0 0.246615211864
8095.0 0.248100762712
8100.0 0.249586652542
8105.0 0.251084449153
8110.0 0.252587584746
8115.0 0.254098432203
8120.0 0.255628050847
8125.0 0.257181567797
8130.0 0.258694576271
8135.0 0.260204872881
8140.0 0.261711949153
8145.0 0.263200381356
8150.0 0.264656313559
8155.0 0.266076779661
8160.0 0.267463220339
8165.0 0.268811949153
8170.0 0.270114322034
8175.0 0.271364067797
8180.0 0.27255809322
8185.0 0.273695550847
8190.0 0.274771483051
8195.0 0.275782076271
8200.0 0.276724449153
8205.0 0.277595042373
8210.0 0.278391355932
8215.0 0.279111355932
8220.0 0.279754957627
8225.0 0.280309915254
8230.0 0.280797669492
8235.0 0.281200338983
8240.0 0.281516398305
8245.0 0.281757584746
8250.0 0.281917584746
8255.0 0.281993177966
8260.0 0.281997161017
8265.0 0.281927966102
8270.0 0.281795381356
8275.0 0.281591483051
8280.0 0.281344237288
8285.0 0.28103
8290.0 0.280688855932
8295.0 0.280295423729
8300.0 0.279881652542
8305.0 0.279429110169
8310.0 0.278965084746
8315.0 0.278455762712
8320.0 0.277934745763
8325.0 0.277413135593
8330.0 0.276813771186
8335.0 0.276206610169
8340.0 0.27562440678
8345.0 0.27502470339
8350.0 0.274360254237
8355.0 0.273691991525
8360.0 0.273040847458
8365.0 0.272420635593
8370.0 0.271702669492
8375.0 0.270958262712
8380.0 0.270259364407
8385.0 0.269565635593
8390.0 0.268881313559
8395.0 0.268178601695
8400.0 0.267427669492
8405.0 0.266718050847
8410.0 0.266027372881
8415.0 0.265299661017
8420.0 0.264578305085
8425.0 0.263846186441
8430.0 0.263118220339
8435.0 0.262325635593
8440.0 0.26160309322
8445.0 0.260879067797
8450.0 0.260119322034
8455.0 0.259350169492
8460.0 0.258575889831
8465.0 0.257761949153
8470.0 0.256967711864
8475.0 0.256180550847
8480.0 0.255373644068
8485.0 0.254482372881
8490.0 0.253622245763
8495.0 0.252772711864
8500.0 0.2519125
8505.0 0.251045084746
8510.0 0.250187288136
8515.0 0.249315042373
8520.0 0.248439194915
8525.0 0.247565932203
8530.0 0.246676271186
8535.0 0.245768135593
8540.0 0.244870635593
8545.0 0.243977033898
8550.0 0.243082711864
8555.0 0.24218470339
8560.0 0.241288389831
8565.0 0.240392966102
8570.0 0.239491398305
8575.0 0.238605042373
8580.0 0.237738813559
8585.0 0.236861440678
8590.0 0.235971525424
8595.0 0.23510059322
8600.0 0.234244872881
8605.0 0.233387161017
8610.0 0.232530381356
8615.0 0.231703855932
8620.0 0.230851016949
8625.0 0.230023644068
8630.0 0.229219957627
8635.0 0.228430889831
8640.0 0.227654788136
8645.0 0.22689720339
8650.0 0.22615809322
8655.0 0.22544
8660.0 0.224746271186
8665.0 0.224075084746
8670.0 0.223424576271
8675.0 0.222794449153
8680.0 0.222186144068
8685.0 0.221599745763
8690.0 0.22103559322
8695.0 0.220494110169
8700.0 0.219976101695
8705.0 0.219482118644
8710.0 0.219010211864
8715.0 0.218560635593
8720.0 0.218131271186
8725.0 0.217721228814
8730.0 0.217329110169
8735.0 0.216954872881
8740.0 0.21659809322
8745.0 0.216257330508
8750.0 0.215930169492
8755.0 0.215619237288
8760.0 0.215325466102
8765.0 0.215049957627
8770.0 0.214793771186
8775.0 0.214558347458
8780.0 0.214338008475
8785.0 0.214138050847
8790.0 0.213956101695
8795.0 0.213790508475
8800.0 0.213643177966
8805.0 0.213510974576
8810.0 0.213397923729
8815.0 0.213300169492
8820.0 0.213218813559
8825.0 0.213153983051
8830.0 0.213112033898
8835.0 0.213097754237
8840.0 0.213084364407
8845.0 0.213097118644
8850.0 0.213127161017
8855.0 0.213193728814
8860.0 0.213250762712
8865.0 0.213346440678
8870.0 0.213438008475
8875.0 0.213561737288
8880.0 0.213674237288
8885.0 0.213817245763
8890.0 0.213948305085
8895.0 0.214137838983
8900.0 0.214272627119
8905.0 0.214512923729
8910.0 0.214732584746
8915.0 0.214905127119
8920.0 0.215103347458
8925.0 0.215400550847
8930.0 0.215696355932
8935.0 0.216004533898
8940.0 0.216262923729
8945.0 0.216572372881
8950.0 0.216885254237
8955.0 0.217277669492
8960.0 0.217646398305
8965.0 0.218064661017
8970.0 0.218470974576
8975.0 0.218969533898
8980.0 0.219451652542
8985.0 0.219991822034
8990.0 0.220514110169
8995.0 0.221089194915
9000.0 0.221681440678
9005.0 0.222363135593
9010.0 0.223010677966
9015.0 0.22369970339
9020.0 0.224431652542
9025.0 0.225209449153
9030.0 0.226025889831
9035.0 0.22686970339
9040.0 0.227779576271
9045.0 0.228685847458
9050.0 0.229650762712
9055.0 0.230675805085
9060.0 0.231736737288
9065.0 0.232779618644
9070.0 0.233855635593
9075.0 0.235015720339
9080.0 0.236219322034
9085.0 0.237460084746
9090.0 0.238692966102
9095.0 0.239968898305
9100.0 0.241283347458
9105.0 0.242627584746
9110.0 0.244004661017
9115.0 0.245404788136
9120.0 0.246841016949
9125.0 0.248296186441
9130.0 0.249750508475
9135.0 0.251216059322
9140.0 0.252685550847
9145.0 0.254161991525
9150.0 0.255655508475
9155.0 0.257171525424
9160.0 0.258645974576
9165.0 0.260117627119
9170.0 0.261586694915
9175.0 0.263037627119
9180.0 0.264455889831
9185.0 0.265839364407
9190.0 0.267190084746
9195.0 0.268504449153
9200.0 0.269773813559
9205.0 0.270992372881
9210.0 0.272158940678
9215.0 0.273270211864
9220.0 0.274321779661
9225.0 0.275310847458
9230.0 0.276232838983
9235.0 0.27708559322
9240.0 0.277866398305
9245.0 0.278574110169
9250.0 0.279206737288
9255.0 0.279752838983
9260.0 0.280234152542
9265.0 0.2806325
9270.0 0.280947161017
9275.0 0.281190254237
9280.0 0.281351186441
9285.0 0.281434067797
9290.0 0.281440381356
9295.0 0.281388898305
9300.0 0.281256355932
9305.0 0.281080423729
9310.0 0.280832711864
9315.0 0.280550805085
9320.0 0.280212118644
9325.0 0.2798525
9330.0 0.279443347458
9335.0 0.279022542373
9340.0 0.278565211864
9345.0 0.278088220339
9350.0 0.277549279661
9355.0 0.277054618644
9360.0 0.276523220339
9365.0 0.275949830508
9370.0 0.275364491525
9375.0 0.274746186441
9380.0 0.274119364407
9385.0 0.273477838983
9390.0 0.272834194915
9395.0 0.272230169492
9400.0 0.271527288136
9405.0 0.270796737288
9410.0 0.270110169492
9415.0 0.269426822034
9420.0 0.268750974576
9425.0 0.268038728814
9430.0 0.267334364407
9435.0 0.266623347458
9440.0 0.265896144068
9445.0 0.265212923729
9450.0 0.264502838983
9455.0 0.263770338983
9460.0 0.263044322034
9465.0 0.262366737288
9470.0 0.261616355932
9475.0 0.260872076271
9480.0 0.260093686441
9485.0 0.259363220339
9490.0 0.258585169492
9495.0 0.257800508475
9500.0 0.256921525424
9505.0 0.256144110169
9510.0 0.255348389831
9515.0 0.254531822034
9520.0 0.253713686441
9525.0 0.252868559322
9530.0 0.25201220339
9535.0 0.251157076271
9540.0 0.250281440678
9545.0 0.249417372881
9550.0 0.248550508475
9555.0 0.24768809322
9560.0 0.246801398305
9565.0 0.245919661017
9570.0 0.245030550847
9575.0 0.244146694915
9580.0 0.243265466102
9585.0 0.242378135593
9590.0 0.241495211864
9595.0 0.240615508475
9600.0 0.239737245763
9605.0 0.238866101695
9610.0 0.238006228814
9615.0 0.237125677966
9620.0 0.236253516949
9625.0 0.235404618644
9630.0 0.234557754237
9635.0 0.233705805085
9640.0 0.232861737288
9645.0 0.232031652542
9650.0 0.231203728814
9655.0 0.230395338983
9660.0 0.229606991525
9665.0 0.228827584746
9670.0 0.228062372881
9675.0 0.227316779661
9680.0 0.226589279661
9685.0 0.225883898305
9690.0 0.225201398305
9695.0 0.224540550847
9700.0 0.223899915254
9705.0 0.223278728814
9710.0 0.222678898305
9715.0 0.222100847458
9720.0 0.22154440678
9725.0 0.221010084746
9730.0 0.220499025424
9735.0 0.220011101695
9740.0 0.219545211864
9745.0 0.219100847458
9750.0 0.218676440678
9755.0 0.218270762712
9760.0 0.21788309322
9765.0 0.217512542373
9770.0 0.217159322034
9775.0 0.216821779661
9780.0 0.21649779661
9785.0 0.216189364407
9790.0 0.215897966102
9795.0 0.215624322034
9800.0 0.215369830508
9805.0 0.215134576271
9810.0 0.214916822034
9815.0 0.214719279661
9820.0 0.214537669492
9825.0 0.214373983051
9830.0 0.214226652542
9835.0 0.214099110169
9840.0 0.213982033898
9845.0 0.213885932203
9850.0 0.213808135593
9855.0 0.213743728814
9860.0 0.213701991525
9865.0 0.213682372881
9870.0 0.213683262712
9875.0 0.213682711864
9880.0 0.213721144068
9885.0 0.21377059322
9890.0 0.213848177966
9895.0 0.21393190678
9900.0 0.214044830508
9905.0 0.214146355932
9910.0 0.21428059322
9915.0 0.214412372881
9920.0 0.214568983051
9925.0 0.214745508475
9930.0 0.21491220339
9935.0 0.215100635593
9940.0 0.215362245763
9945.0 0.215535720339
9950.0 0.215744661017
9955.0 0.215986694915
9960.0 0.216309152542
9965.0 0.216607881356
9970.0 0.216930466102
9975.0 0.217235254237
9980.0 0.217598644068
9985.0 0.217959152542
9990.0 0.218326271186
9995.0 0.218736228814
10000.0 0.219186355932
