5.0 -156.656298602
10.0 -97.6706353051
15.0 -37.1888333814
20.0 -8.51272632627
25.0 0.497349940678
30.0 1.86055003814
35.0 1.33641359322
40.0 0.839011555085
45.0 0.636706127119
50.0 0.610804533898
55.0 0.610031889831
60.0 0.599462322034
65.0 0.603843067797
70.0 0.598295131356
75.0 0.595947898305
80.0 0.595433733051
85.0 0.592862961864
90.0 0.592645292373
95.0 0.592090995763
100.0 0.591737055085
105.0 0.591870423729
110.0 0.59213145339
115.0 0.592775521186
120.0 0.593493673729
125.0 0.594221516949
130.0 0.595102682203
135.0 0.596096563559
140.0 0.597526584746
145.0 0.598870042373
150.0 0.600138966102
155.0 0.601469237288
160.0 0.602876411017
165.0 0.604450313559
170.0 0.605975008475
175.0 0.607492745763
180.0 0.609014584746
185.0 0.610492144068
190.0 0.611905004237
195.0 0.613261042373
200.0 0.614533067797
205.0 0.615695788136
210.0 0.616751025424
215.0 0.617683338983
220.0 0.618466605932
225.0 0.619122949153
230.0 0.619679741525
235.0 0.620029834746
240.0 0.620231588983
245.0 0.620354800847
250.0 0.620271004237
255.0 0.62004515678
260.0 0.619672491525
265.0 0.619149
270.0 0.618500067797
275.0 0.617713224576
280.0 0.616807605932
285.0 0.615787317797
290.0 0.614670838983
295.0 0.613465512712
300.0 0.612196923729
305.0 0.610875169492
310.0 0.60950254661
315.0 0.608068059322
320.0 0.606624783898
325.0 0.605182444915
330.0 0.60375815678
335.0 0.602290419492
340.0 0.600858372881
345.0 0.599461639831
350.0 0.598073550847
355.0 0.596677139831
360.0 0.595356631356
365.0 0.594083525424
370.0 0.592797025424
375.0 0.591555495763
380.0 0.590301720339
385.0 0.589127690678
390.0 0.587986084746
395.0 0.586868330508
400.0 0.585750144068
405.0 0.584715033898
410.0 0.583694199153
415.0 0.582694741525
420.0 0.581744788136
425.0 0.580812262712
430.0 0.57995004661
435.0 0.57910225
440.0 0.578334364407
445.0 0.577610144068
450.0 0.577000021186
455.0 0.576402911017
460.0 0.575932021186
465.0 0.575524644068
470.0 0.575210872881
475.0 0.574986686441
480.0 0.574848254237
485.0 0.574796669492
490.0 0.574830398305
495.0 0.574948338983
500.0 0.575147313559
505.0 0.575424063559
510.0 0.575777385593
515.0 0.576235724576
520.0 0.576751915254
525.0 0.577331016949
530.0 0.578019792373
535.0 0.578784991525
540.0 0.579593
545.0 0.580476355932
550.0 0.58144654661
555.0 0.582495580508
560.0 0.583635118644
565.0 0.584849538136
570.0 0.586183233051
575.0 0.587585088983
580.0 0.589098572034
585.0 0.590677716102
590.0 0.592303957627
595.0 0.594037368644
600.0 0.595800483051
605.0 0.597572144068
610.0 0.599423970339
615.0 0.601266495763
620.0 0.603083016949
625.0 0.605011635593
630.0 0.606834165254
635.0 0.608681597458
640.0 0.610446694915
645.0 0.612224139831
650.0 0.614005466102
655.0 0.615779444915
660.0 0.617522118644
665.0 0.619215182203
670.0 0.620891635593
675.0 0.622547470339
680.0 0.624193474576
685.0 0.625824279661
690.0 0.627458173729
695.0 0.629087457627
700.0 0.630720716102
705.0 0.632364720339
710.0 0.634026779661
715.0 0.635700779661
720.0 0.637380004237
725.0 0.63906504661
730.0 0.640769995763
735.0 0.642479538559
740.0 0.644200201271
745.0 0.645869713983
750.0 0.647625054661
755.0 0.64924619322
760.0 0.650883697881
765.0 0.652462319492
770.0 0.654076342797
775.0 0.655561221186
780.0 0.657002245339
785.0 0.658427293644
790.0 0.659770458475
795.0 0.661030213136
800.0 0.662227292797
805.0 0.663344546186
810.0 0.664393578814
815.0 0.665359825847
820.0 0.666252547458
825.0 0.667060316949
830.0 0.667792516949
835.0 0.668434730932
840.0 0.668994836017
845.0 0.669457269915
850.0 0.669825758475
855.0 0.670082994492
860.0 0.67023340339
865.0 0.670258516525
870.0 0.670161086017
875.0 0.669921816949
880.0 0.669544861864
885.0 0.669018073305
890.0 0.668341405932
895.0 0.667494672458
900.0 0.666470347458
905.0 0.665254098305
910.0 0.663847889407
915.0 0.662246315254
920.0 0.660425360593
925.0 0.658434508475
930.0 0.656298311441
935.0 0.653975277119
940.0 0.651551722034
945.0 0.649007811864
950.0 0.646397681356
955.0 0.643789852119
960.0 0.641263161864
965.0 0.638765560593
970.0 0.636340323305
975.0 0.633981650424
980.0 0.631746866949
985.0 0.629632803814
990.0 0.627648582203
995.0 0.625825849576
1000.0 0.624154302542
1005.0 0.622639191102
1010.0 0.621325926271
1015.0 0.620170900847
1020.0 0.619115930508
1025.0 0.618267532627
1030.0 0.617524183898
1035.0 0.616930368644
1040.0 0.616364283051
1045.0 0.615899034322
1050.0 0.615527613983
1055.0 0.615137217797
1060.0 0.614838062288
1065.0 0.614538254661
1070.0 0.61421729322
1075.0 0.613965808051
1080.0 0.613665065678
1085.0 0.613341038559
1090.0 0.612986372458
1095.0 0.612625171186
1100.0 0.612226425424
1105.0 0.611784341525
1110.0 0.611314449576
1115.0 0.610800453814
1120.0 0.610258227119
1125.0 0.609668967797
1130.0 0.609036189831
1135.0 0.608382788136
1140.0 0.607708724153
1145.0 0.607006839407
1150.0 0.606283874153
1155.0 0.605551372034
1160.0 0.604811744068
1165.0 0.604067716949
1170.0 0.603328005932
1175.0 0.602589441949
1180.0 0.601870866949
1185.0 0.60117080339
1190.0 0.600464463136
1195.0 0.599809943644
1200.0 0.599144172034
1205.0 0.598521913983
1210.0 0.597919011441
1215.0 0.597366184746
1220.0 0.596815386441
1225.0 0.59630499322
1230.0 0.595820269068
1235.0 0.595360759746
1240.0 0.59493322161
1245.0 0.594531317373
1250.0 0.594154147458
1255.0 0.593804308051
1260.0 0.593477422881
1265.0 0.59317704661
1270.0 0.592899972034
1275.0 0.592650651271
1280.0 0.59242071822
1285.0 0.592215614407
1290.0 0.592030742373
1295.0 0.591871217373
1300.0 0.591730606356
1305.0 0.591612903814
1310.0 0.591511935169
1315.0 0.591432711441
1320.0 0.591366753814
1325.0 0.591316716525
1330.0 0.591278180085
1335.0 0.591254411441
1340.0 0.591239908051
1345.0 0.591238986864
1350.0 0.591245536441
1355.0 0.591261083475
1360.0 0.591280170339
1365.0 0.591307477966
1370.0 0.591337767797
1375.0 0.591380105932
1380.0 0.591421987288
1385.0 0.59147224661
1390.0 0.591521607627
1395.0 0.591573169915
1400.0 0.591631088983
1405.0 0.591708325424
1410.0 0.59179869322
1415.0 0.591894502966
1420.0 0.592007616525
1425.0 0.592124505085
1430.0 0.592277047458
1435.0 0.592406667797
1440.0 0.592589342373
1445.0 0.592687788559
1450.0 0.592864135593
1455.0 0.593042369915
1460.0 0.593217227542
1465.0 0.593399886441
1470.0 0.593583019068
1475.0 0.593778217373
1480.0 0.593970955508
1485.0 0.594165995763
1490.0 0.594385336017
1495.0 0.594601965254
1500.0 0.59481571822
1505.0 0.59504763178
1510.0 0.595273138136
1515.0 0.595503525847
1520.0 0.595738676695
1525.0 0.5959875
1530.0 0.596193769915
1535.0 0.596430948305
1540.0 0.596672441949
1545.0 0.596897976695
1550.0 0.597125231356
1555.0 0.597344663559
1560.0 0.597566247034
1565.0 0.597779647881
1570.0 0.597991359322
1575.0 0.598190691525
1580.0 0.598383708475
1585.0 0.598586816102
1590.0 0.598759454661
1595.0 0.598937130508
1600.0 0.599091955508
1605.0 0.599237008898
1610.0 0.599394009746
1615.0 0.599530106356
1620.0 0.599633315678
1625.0 0.599745307203
1630.0 0.599843427966
1635.0 0.599928692797
1640.0 0.599997577966
1645.0 0.600053979661
1650.0 0.600093627119
1655.0 0.600126645763
1660.0 0.600142077119
1665.0 0.600146171186
1670.0 0.600134396186
1675.0 0.600111655932
1680.0 0.600076870763
1685.0 0.600028928814
1690.0 0.599966857627
1695.0 0.599895773729
1700.0 0.599809322034
1705.0 0.599715486441
1710.0 0.599613523305
1715.0 0.599504940678
1720.0 0.599393768644
1725.0 0.599275916949
1730.0 0.599153404661
1735.0 0.599025386017
1740.0 0.5988919
1745.0 0.59875452161
1750.0 0.598610013983
1755.0 0.598460262712
1760.0 0.598307207627
1765.0 0.598154805085
1770.0 0.598000762712
1775.0 0.597846098305
1780.0 0.597690140678
1785.0 0.597534444068
1790.0 0.597377780085
1795.0 0.597223131356
1800.0 0.597069516949
1805.0 0.59691755678
1810.0 0.596766932627
1815.0 0.596624405932
1820.0 0.596477576695
1825.0 0.596341462288
1830.0 0.596204730085
1835.0 0.596080069068
1840.0 0.595956353814
1845.0 0.595827416949
1850.0 0.595708184322
1855.0 0.595594024576
1860.0 0.595471207627
1865.0 0.595359905085
1870.0 0.595245776695
1875.0 0.59512966822
1880.0 0.595002948729
1885.0 0.594894302966
1890.0 0.594782587288
1895.0 0.594675023305
1900.0 0.594570672034
1905.0 0.594462026695
1910.0 0.594359058051
1915.0 0.594267120339
1920.0 0.594162152542
1925.0 0.594060192373
1930.0 0.593954049576
1935.0 0.593871749576
1940.0 0.593786057203
1945.0 0.593690306356
1950.0 0.593604280508
1955.0 0.593521802119
1960.0 0.593434608475
1965.0 0.593357738983
1970.0 0.593278714831
1975.0 0.593204898305
1980.0 0.593129378814
1985.0 0.593061594915
1990.0 0.592991276271
1995.0 0.592927399576
2000.0 0.592863138983
2005.0 0.592804441525
2010.0 0.592744545763
2015.0 0.592691030932
2020.0 0.592636772034
2025.0 0.592588873305
2030.0 0.592540264407
2035.0 0.592497564407
2040.0 0.592454184746
2045.0 0.592417112712
2050.0 0.592379393644
2055.0 0.592347534746
2060.0 0.592315488983
2065.0 0.592289701271
2070.0 0.592262918644
2075.0 0.592242361017
2080.0 0.592221696186
2085.0 0.59220680339
2090.0 0.592191419915
2095.0 0.592182205508
2100.0 0.592172117797
2105.0 0.59216816822
2110.0 0.592163811441
2115.0 0.592165141102
2120.0 0.592166104237
2125.0 0.5921723
2130.0 0.592178169068
2135.0 0.592189255508
2140.0 0.592200036864
2145.0 0.59221560678
2150.0 0.592230454237
2155.0 0.592249680508
2160.0 0.592268624153
2165.0 0.592291927542
2170.0 0.592315409746
2175.0 0.592344926271
2180.0 0.592375074153
2185.0 0.592409969492
2190.0 0.592445112288
2195.0 0.592486249153
2200.0 0.592527249153
2205.0 0.592572944915
2210.0 0.592618958051
2215.0 0.592672190254
2220.0 0.592723667797
2225.0 0.592778949153
2230.0 0.592835897881
2235.0 0.592897889831
2240.0 0.592956939407
2245.0 0.593019310593
2250.0 0.593085559322
2255.0 0.593153836864
2260.0 0.593218822034
2265.0 0.593289621186
2270.0 0.593360143644
2275.0 0.593429665254
2280.0 0.593500230085
2285.0 0.593574000847
2290.0 0.593648859322
2295.0 0.593720951695
2300.0 0.593803510169
2305.0 0.593877764407
2310.0 0.593951917373
2315.0 0.59402706822
2320.0 0.594100889831
2325.0 0.594178633475
2330.0 0.594248320763
2335.0 0.594320621186
2340.0 0.594392545763
2345.0 0.594464918644
2350.0 0.594534851695
2355.0 0.594601797458
2360.0 0.594668888983
2365.0 0.594740595339
2370.0 0.594806124576
2375.0 0.594873707627
2380.0 0.594924092373
2385.0 0.594983758475
2390.0 0.59504486822
2395.0 0.595104242373
2400.0 0.595157846186
2405.0 0.595216514831
2410.0 0.595268551271
2415.0 0.595314645763
2420.0 0.595357489407
2425.0 0.595416883475
2430.0 0.595445844915
2435.0 0.595484212288
2440.0 0.595540027966
2445.0 0.595563239407
2450.0 0.595593794915
2455.0 0.59564174322
2460.0 0.595656277542
2465.0 0.595685771186
2470.0 0.595716961017
2475.0 0.595738083898
2480.0 0.595752051695
2485.0 0.595778006356
2490.0 0.595794163559
2495.0 0.595804582627
2500.0 0.595815376695
2505.0 0.595827205508
2510.0 0.595835127966
2515.0 0.59584199661
2520.0 0.595844103814
2525.0 0.595847281356
2530.0 0.595846108475
2535.0 0.595846002119
2540.0 0.595840713136
2545.0 0.595837292373
2550.0 0.595828727542
2555.0 0.595821572881
2560.0 0.59581015678
2565.0 0.595800098729
2570.0 0.595785827542
2575.0 0.59577285339
2580.0 0.595756567373
2585.0 0.595741097881
2590.0 0.595722358475
2595.0 0.59570438178
2600.0 0.595683614407
2605.0 0.595663974153
2610.0 0.595641155932
2615.0 0.595619416102
2620.0 0.595594975424
2625.0 0.595571975
2630.0 0.595545900424
2635.0 0.595521205508
2640.0 0.595493910169
2645.0 0.595468358051
2650.0 0.595439837712
2655.0 0.595412999153
2660.0 0.595383672034
2665.0 0.595356375424
2670.0 0.595326652119
2675.0 0.595298912712
2680.0 0.595268773729
2685.0 0.595241010593
2690.0 0.595210862712
2695.0 0.59518435
2700.0 0.595150800847
2705.0 0.595122563136
2710.0 0.595098307203
2715.0 0.595067512288
2720.0 0.595038966949
2725.0 0.595012377966
2730.0 0.594979551271
2735.0 0.594956317797
2740.0 0.594923858898
2745.0 0.594904821186
2750.0 0.59488291822
2755.0 0.594853233051
2760.0 0.594822358898
2765.0 0.594798987712
2770.0 0.594778658051
2775.0 0.594751409322
2780.0 0.594724652119
2785.0 0.594702009746
2790.0 0.594680699153
2795.0 0.59465460339
2800.0 0.594634078814
2805.0 0.594610886017
2810.0 0.594591976695
2815.0 0.594572547034
2820.0 0.594553988983
2825.0 0.594534908475
2830.0 0.594517130508
2835.0 0.594499683051
2840.0 0.594483102119
2845.0 0.594467703814
2850.0 0.594452327119
2855.0 0.594438985593
2860.0 0.594424378814
2865.0 0.594412247458
2870.0 0.594399263136
2875.0 0.594389183475
2880.0 0.594377405508
2885.0 0.594369384322
2890.0 0.594358383475
2895.0 0.594351565254
2900.0 0.594342622034
2905.0 0.594337440678
2910.0 0.594330125424
2915.0 0.594325735593
2920.0 0.594320475424
2925.0 0.594317726271
2930.0 0.594313677119
2935.0 0.594312145339
2940.0 0.594309308051
2945.0 0.594309429661
2950.0 0.594309074576
2955.0 0.594309993644
2960.0 0.594310443644
2965.0 0.594313013983
2970.0 0.594315104661
2975.0 0.594318916949
2980.0 0.59432264661
2985.0 0.59432811822
2990.0 0.594332244492
2995.0 0.594339364831
3000.0 0.594345995339
3005.0 0.594352669068
3010.0 0.594361374576
3015.0 0.594369298305
3020.0 0.594378399576
3025.0 0.594387995763
3030.0 0.594397916525
3035.0 0.594409185169
3040.0 0.594419511441
3045.0 0.594431610593
3050.0 0.594442758898
3055.0 0.594456122881
3060.0 0.594467682203
3065.0 0.594481880508
3070.0 0.594493847881
3075.0 0.594508894915
3080.0 0.594521276271
3085.0 0.594536739407
3090.0 0.594549969915
3095.0 0.594565431356
3100.0 0.59457865678
3105.0 0.594597086441
3110.0 0.594606928814
3115.0 0.594622397034
3120.0 0.594642835169
3125.0 0.594653230932
3130.0 0.594669863983
3135.0 0.594684929661
3140.0 0.594699030508
3145.0 0.594716234322
3150.0 0.594728647034
3155.0 0.594744598729
3160.0 0.594758299576
3165.0 0.594774266949
3170.0 0.594787566102
3175.0 0.594803122458
3180.0 0.594815598729
3185.0 0.59483075678
3190.0 0.594843248729
3195.0 0.594858008475
3200.0 0.594870100847
3205.0 0.594884036864
3210.0 0.59489573178
3215.0 0.594909269915
3220.0 0.594920139831
3225.0 0.594932852542
3230.0 0.594943356356
3235.0 0.59495525678
3240.0 0.594965335169
3245.0 0.594974720339
3250.0 0.59498525339
3255.0 0.594998477966
3260.0 0.595003108898
3265.0 0.595015513136
3270.0 0.595021867797
3275.0 0.595031764407
3280.0 0.595035573729
3285.0 0.595045934746
3290.0 0.595051054661
3295.0 0.595058906356
3300.0 0.595063630508
3305.0 0.595070241525
3310.0 0.595074570339
3315.0 0.595080359746
3320.0 0.595083867373
3325.0 0.595088842797
3330.0 0.595091519068
3335.0 0.595095683051
3340.0 0.595097527966
3345.0 0.595100877119
3350.0 0.595101897458
3355.0 0.595104423305
3360.0 0.595104619915
3365.0 0.595106744492
3370.0 0.595106115678
3375.0 0.595107414407
3380.0 0.595106382627
3385.0 0.595106854237
3390.0 0.595104993644
3395.0 0.595104636441
3400.0 0.595102370339
3405.0 0.59510160678
3410.0 0.595098508898
3415.0 0.595096913559
3420.0 0.59509340678
3425.0 0.595091401695
3430.0 0.595087483898
3435.0 0.595084643644
3440.0 0.595080313136
3445.0 0.595077483898
3450.0 0.595072315678
3455.0 0.59506907161
3460.0 0.595063487288
3465.0 0.595059827119
3470.0 0.595054248729
3475.0 0.595050170763
3480.0 0.595044173305
3485.0 0.595040099576
3490.0 0.595033681356
3495.0 0.595029186441
3500.0 0.595022769492
3505.0 0.595017852119
3510.0 0.595011434746
3515.0 0.595006516949
3520.0 0.594999674153
3525.0 0.594994754661
3530.0 0.594987908475
3535.0 0.594982986017
3540.0 0.594975711441
3545.0 0.594970784746
3550.0 0.594963927966
3555.0 0.594958995339
3560.0 0.59495213178
3565.0 0.594947192373
3570.0 0.594940320763
3575.0 0.594935395763
3580.0 0.594928514831
3585.0 0.594923972881
3590.0 0.594914970763
3595.0 0.594912963559
3600.0 0.594905221186
3605.0 0.594901927119
3610.0 0.594895024153
3615.0 0.5948913
3620.0 0.594882687288
3625.0 0.594882762712
3630.0 0.594875406356
3635.0 0.594869541102
3640.0 0.59486725678
3645.0 0.594861373729
3650.0 0.594856538559
3655.0 0.594854454237
3660.0 0.59484833178
3665.0 0.594845813983
3670.0 0.594841369915
3675.0 0.594837990678
3680.0 0.59483438178
3685.0 0.594831834322
3690.0 0.594827788136
3695.0 0.594825651695
3700.0 0.594822437712
3705.0 0.594820287288
3710.0 0.594817483475
3715.0 0.594815742797
3720.0 0.594812501271
3725.0 0.594811595339
3730.0 0.594809187288
3735.0 0.594808267797
3740.0 0.594806271186
3745.0 0.594805762288
3750.0 0.594803752542
3755.0 0.594804079661
3760.0 0.594802480932
3765.0 0.594802372034
3770.0 0.594801609322
3775.0 0.594801912712
3780.0 0.594801138559
3785.0 0.594801855508
3790.0 0.594801494915
3795.0 0.594802624153
3800.0 0.594802254237
3805.0 0.594803798305
3810.0 0.594803841949
3815.0 0.594805800847
3820.0 0.594805836864
3825.0 0.594807787288
3830.0 0.594808237288
3835.0 0.594811029237
3840.0 0.594811897458
3845.0 0.594814258475
3850.0 0.594815119492
3855.0 0.594818320339
3860.0 0.594818754661
3865.0 0.594822373305
3870.0 0.594823649153
3875.0 0.594826840678
3880.0 0.594828536864
3885.0 0.594831301695
3890.0 0.594833840678
3895.0 0.594837027119
3900.0 0.594838716102
3905.0 0.594841898305
3910.0 0.594844858051
3915.0 0.594848037712
3920.0 0.59484972839
3925.0 0.594853753814
3930.0 0.594856288983
3935.0 0.59485989322
3940.0 0.594862005085
3945.0 0.59486645678
3950.0 0.594868145339
3955.0 0.594872174576
3960.0 0.594875136441
3965.0 0.594878319068
3970.0 0.594880860169
3975.0 0.594884893644
3980.0 0.594886588136
3985.0 0.594890625
3990.0 0.594893594915
3995.0 0.594896362288
4000.0 0.594899337712
4005.0 0.594902955508
4010.0 0.594904663559
4015.0 0.594909134322
4020.0 0.594910422034
4025.0 0.594914050424
4030.0 0.594916614407
4035.0 0.594919399153
4040.0 0.594921969492
4045.0 0.594924758898
4050.0 0.594926487288
4055.0 0.594930064407
4060.0 0.594931538136
4065.0 0.594934720763
4070.0 0.59493608178
4075.0 0.594939263559
4080.0 0.594940630932
4085.0 0.594943395763
4090.0 0.594944773729
4095.0 0.594947116102
4100.0 0.594948079661
4105.0 0.594950851271
4110.0 0.594951821186
4115.0 0.594953751695
4120.0 0.594954727542
4125.0 0.594956663983
4130.0 0.594957222034
4135.0 0.594959519915
4140.0 0.594960052119
4145.0 0.594961625847
4150.0 0.59496215
4155.0 0.59496372839
4160.0 0.594963834322
4165.0 0.594965417797
4170.0 0.594965105932
4175.0 0.594966694492
4180.0 0.594966387712
4185.0 0.594967557627
4190.0 0.59496683178
4195.0 0.59496800678
4200.0 0.594967286017
4205.0 0.594968465254
4210.0 0.594967749153
4215.0 0.594968509322
4220.0 0.594967373305
4225.0 0.594968137288
4230.0 0.594967005508
4235.0 0.594967773305
4240.0 0.594966644915
4245.0 0.594966992797
4250.0 0.594965867797
4255.0 0.594965794915
4260.0 0.594964672458
4265.0 0.594964602542
4270.0 0.594963059322
4275.0 0.594963415678
4280.0 0.594961875
4285.0 0.594961809746
4290.0 0.594959847034
4295.0 0.594959783475
4300.0 0.594958246186
4305.0 0.594958184322
4310.0 0.594956225
4315.0 0.594955740678
4320.0 0.594954205508
4325.0 0.594953722458
4330.0 0.594951763983
4335.0 0.594951281356
4340.0 0.594949323729
4345.0 0.594949265254
4350.0 0.594946883898
4355.0 0.594946825
4360.0 0.594944443644
4365.0 0.594943961017
4370.0 0.594942002542
4375.0 0.594941519492
4380.0 0.594939560169
4385.0 0.594939076271
4390.0 0.594937115678
4395.0 0.594936631356
4400.0 0.594934324576
4405.0 0.594933812712
4410.0 0.594931894492
4415.0 0.594931357627
4420.0 0.594929437712
4425.0 0.5949289
4430.0 0.594926978814
4435.0 0.594926439831
4440.0 0.594924516525
4445.0 0.594924399576
4450.0 0.594922050424
4455.0 0.594921931356
4460.0 0.594920003814
4465.0 0.594919459322
4470.0 0.594917952966
4475.0 0.594917405932
4480.0 0.594915897034
4485.0 0.594915771186
4490.0 0.594913836017
4495.0 0.594913708051
4500.0 0.594912194068
4505.0 0.594912062712
4510.0 0.594910546186
4515.0 0.594910412288
4520.0 0.594908892797
4525.0 0.59490875678
4530.0 0.594907658051
4535.0 0.594907519068
4540.0 0.594906417373
4545.0 0.594906275847
4550.0 0.59490517161
4555.0 0.594905450847
4560.0 0.594904343644
4565.0 0.594904620339
4570.0 0.594903510593
4575.0 0.594903784322
4580.0 0.594902672458
4585.0 0.594902943644
4590.0 0.594902252542
4595.0 0.594902521186
4600.0 0.594901827542
4605.0 0.594902094068
4610.0 0.594901398305
4615.0 0.594902086017
4620.0 0.594901387712
4625.0 0.594902073305
4630.0 0.594901372881
4635.0 0.59490205678
4640.0 0.594901354237
4645.0 0.594902036017
4650.0 0.59490133178
4655.0 0.594902435169
4660.0 0.594901729237
4665.0 0.594902830932
4670.0 0.594902123729
4675.0 0.594903223729
4680.0 0.594902938559
4685.0 0.594903613559
4690.0 0.594903327119
4695.0 0.594904424576
4700.0 0.594904137288
4705.0 0.594905233475
4710.0 0.594904944915
4715.0 0.594906040678
4720.0 0.594905750847
4725.0 0.594906845763
4730.0 0.594906555508
4735.0 0.594908073305
4740.0 0.594907782627
4745.0 0.594908876271
4750.0 0.594908585169
4755.0 0.594910101695
4760.0 0.594909810593
4765.0 0.594911327119
4770.0 0.594911036017
4775.0 0.594912128814
4780.0 0.594912261017
4785.0 0.594913354237
4790.0 0.594913486441
4795.0 0.594914579661
4800.0 0.594914288559
4805.0 0.594915805932
4810.0 0.594915515254
4815.0 0.594917032627
4820.0 0.594916742797
4825.0 0.594918260593
4830.0 0.59491797161
4835.0 0.594919489831
4840.0 0.594919201695
4845.0 0.594920297034
4850.0 0.594920433051
4855.0 0.594921529661
4860.0 0.594921666525
4865.0 0.594922763983
4870.0 0.594922477966
4875.0 0.594924
4880.0 0.594923715254
4885.0 0.594924797881
4890.0 0.594924549153
4895.0 0.594925616102
4900.0 0.594925063136
4905.0 0.594926794915
4910.0 0.594926495339
4915.0 0.594927660593
4920.0 0.594927740678
4925.0 0.594928055085
4930.0 0.594928561441
4935.0 0.594928877966
4940.0 0.594928533898
4945.0 0.594930126271
4950.0 0.594929363559
4955.0 0.594930955508
4960.0 0.594929764407
4965.0 0.594931784322
4970.0 0.594930600424
4975.0 0.594931344492
4980.0 0.594931858475
4985.0 0.594931949576
4990.0 0.594931538983
4995.0 0.594932641525
5000.0 0.594931972458
5005.0 0.594932637712
5010.0 0.594931972881
5015.0 0.594933060169
5020.0 0.594932397881
5025.0 0.594933485593
5030.0 0.594932823729
5035.0 0.594933488136
5040.0 0.594932827966
5045.0 0.594933492373
5050.0 0.594932833898
5055.0 0.594933921186
5060.0 0.594932841949
5065.0 0.594933506356
5070.0 0.594932849153
5075.0 0.594933515678
5080.0 0.594932860593
5085.0 0.594933525847
5090.0 0.594932449153
5095.0 0.594933538559
5100.0 0.594932461017
5105.0 0.594933128814
5110.0 0.594932475847
5115.0 0.594933142373
5120.0 0.594932067797
5125.0 0.594932734322
5130.0 0.594931659746
5135.0 0.594932327966
5140.0 0.594931676271
5145.0 0.59493192161
5150.0 0.594930847458
5155.0 0.594931514407
5160.0 0.594930441949
5165.0 0.594931111017
5170.0 0.594930460169
5175.0 0.594930705932
5180.0 0.594929632627
5185.0 0.594930300847
5190.0 0.594929228814
5195.0 0.594929897034
5200.0 0.594928823729
5205.0 0.594929493644
5210.0 0.594928419915
5215.0 0.594929088983
5220.0 0.594928016949
5225.0 0.594928684746
5230.0 0.594927612288
5235.0 0.594927857627
5240.0 0.594927207627
5245.0 0.594927452966
5250.0 0.594926394068
5255.0 0.594927008475
5260.0 0.59492628178
5265.0 0.594926193644
5270.0 0.594925869068
5275.0 0.594925780932
5280.0 0.594925032627
5285.0 0.594925368644
5290.0 0.594924621186
5295.0 0.594924958898
5300.0 0.594924211864
5305.0 0.594924124576
5310.0 0.594924222034
5315.0 0.594923288136
5320.0 0.594923809322
5325.0 0.594922880508
5330.0 0.594923398305
5335.0 0.594922464831
5340.0 0.59492171822
5345.0 0.594923747034
5350.0 0.594919609746
5355.0 0.594922489831
5360.0 0.594923430085
5365.0 0.594920802542
5370.0 0.594920894492
5375.0 0.594921661864
5380.0 0.594921327119
5385.0 0.594922088559
5390.0 0.594919639407
5395.0 0.594922945763
5400.0 0.594919649576
5405.0 0.594920833475
5410.0 0.594919656356
5415.0 0.594921261441
5420.0 0.594918813983
5425.0 0.594921687712
5430.0 0.594918394068
5435.0 0.594921689407
5440.0 0.594919240678
5445.0 0.594921692797
5450.0 0.59491881822
5455.0 0.594920843644
5460.0 0.594919244915
5465.0 0.594920422458
5470.0 0.594919239407
5475.0 0.594920421186
5480.0 0.594919240254
5485.0 0.594919997458
5490.0 0.594919235169
5495.0 0.59491999322
5500.0 0.594919234322
5505.0 0.594919986864
5510.0 0.59491965339
5515.0 0.594919985593
5520.0 0.594919227542
5525.0 0.594919979661
5530.0 0.594919646186
5535.0 0.594919550847
5540.0 0.594920064407
5545.0 0.594919966102
5550.0 0.594919632203
5555.0 0.594920385593
5560.0 0.594919629237
5565.0 0.594920379237
5570.0 0.594919616949
5575.0 0.594920794915
5580.0 0.594920036441
5585.0 0.594920364831
5590.0 0.594920025424
5595.0 0.594920778814
5600.0 0.594920013983
5605.0 0.594921194915
5610.0 0.594920855508
5615.0 0.594920339831
5620.0 0.594921693644
5625.0 0.594920330932
5630.0 0.594920837712
5635.0 0.594920745339
5640.0 0.594922101271
5645.0 0.594921156356
5650.0 0.594921667373
5655.0 0.594921575424
5660.0 0.594921660593
5665.0 0.594921138559
5670.0 0.594922074153
5675.0 0.59492197839
5680.0 0.594922066102
5685.0 0.594922392373
5690.0 0.59492248178
5695.0 0.594923233051
5700.0 0.594922044068
5705.0 0.594924070763
5710.0 0.594921614407
5715.0 0.594923640678
5720.0 0.59492202839
5725.0 0.594923630932
5730.0 0.594922871186
5735.0 0.594923626271
5740.0 0.594923286441
5745.0 0.594923192373
5750.0 0.594924128814
5755.0 0.594924459746
5760.0 0.594924122034
5765.0 0.594923600847
5770.0 0.594924112288
5775.0 0.594924441525
5780.0 0.594924110169
5785.0 0.594924441102
5790.0 0.594924101695
5795.0 0.594924858051
5800.0 0.59492452161
5805.0 0.594924850424
5810.0 0.594924514831
5815.0 0.594924847458
5820.0 0.594924511441
5825.0 0.594924843644
5830.0 0.594924935593
5835.0 0.594925266525
5840.0 0.594924933475
5845.0 0.594925262288
5850.0 0.594924928814
5855.0 0.594925257627
5860.0 0.594925350424
5865.0 0.594925261441
5870.0 0.59492534661
5875.0 0.594925679237
5880.0 0.594925349153
5885.0 0.59492568178
5890.0 0.594925348305
5895.0 0.594925680085
5900.0 0.59492576822
5905.0 0.594926104237
5910.0 0.594925348305
5915.0 0.594926104237
5920.0 0.594925769915
5925.0 0.594925680085
5930.0 0.594925349576
5935.0 0.59492610678
5940.0 0.594925352119
5945.0 0.594925683475
5950.0 0.594925772458
5955.0 0.59492610678
5960.0 0.594925355085
5965.0 0.594926113136
5970.0 0.594925358051
5975.0 0.594925688983
5980.0 0.594925356356
5985.0 0.594925691525
5990.0 0.594925785593
5995.0 0.594925697881
6000.0 0.594925364831
6005.0 0.59492569661
6010.0 0.594925371186
6015.0 0.594926127542
6020.0 0.594925373729
6025.0 0.594925280932
6030.0 0.594924954237
6035.0 0.594925711017
6040.0 0.594924955932
6045.0 0.594924867373
6050.0 0.594925387288
6055.0 0.594925774153
6060.0 0.59492464322
6065.0 0.594924866525
6070.0 0.594924910169
6075.0 0.594925198305
6080.0 0.594924573729
6085.0 0.594925257627
6090.0 0.594924608051
6095.0 0.594924808475
6100.0 0.594924616102
6105.0 0.594924790254
6110.0 0.594924630508
6115.0 0.594924398729
6120.0 0.594924218644
6125.0 0.594924827119
6130.0 0.594924192797
6135.0 0.594924404661
6140.0 0.59492464322
6145.0 0.594924423305
6150.0 0.594924641525
6155.0 0.594924417373
6160.0 0.594923800424
6165.0 0.594924411017
6170.0 0.594924225
6175.0 0.594923997034
6180.0 0.594923805508
6185.0 0.594924426271
6190.0 0.59492423178
6195.0 0.594924002542
6200.0 0.594923809746
6205.0 0.594924006356
6210.0 0.594923815254
6215.0 0.594924009322
6220.0 0.594923815254
6225.0 0.594923587288
6230.0 0.594923817797
6235.0 0.594923590254
6240.0 0.594923398729
6245.0 0.594923592373
6250.0 0.594923399576
6255.0 0.594923593644
6260.0 0.5949234
6265.0 0.594923597034
6270.0 0.594922981356
6275.0 0.594923598305
6280.0 0.594923405085
6285.0 0.594923599153
6290.0 0.594923405508
6295.0 0.594923178814
6300.0 0.594922986017
6305.0 0.594923179237
6310.0 0.594922986017
6315.0 0.594923179661
6320.0 0.594923408898
6325.0 0.594923182627
6330.0 0.594922989407
6335.0 0.594923183051
6340.0 0.594922989407
6345.0 0.59492318178
6350.0 0.594922987712
6355.0 0.594923184746
6360.0 0.59492256822
6365.0 0.594923184746
6370.0 0.594922990678
6375.0 0.594923183051
6380.0 0.594922988983
6385.0 0.594922762712
6390.0 0.594922569068
6395.0 0.594923184746
6400.0 0.594922990678
6405.0 0.594922759322
6410.0 0.594922989407
6415.0 0.594922762712
6420.0 0.594922991525
6425.0 0.594923183475
6430.0 0.594922566525
6435.0 0.594923181356
6440.0 0.594922991525
6445.0 0.594923182627
6450.0 0.594922987288
6455.0 0.594923182627
6460.0 0.594922987288
6465.0 0.594922760169
6470.0 0.594922985593
6475.0 0.594922755085
6480.0 0.594923410593
6485.0 0.594922754661
6490.0 0.594922984746
6495.0 0.594922752966
6500.0 0.594922980085
6505.0 0.594923175847
6510.0 0.594922983898
6515.0 0.594923174576
6520.0 0.594922980085
6525.0 0.594923176695
6530.0 0.594922978814
6535.0 0.594923597034
6540.0 0.594922553814
6545.0 0.594923171186
6550.0 0.594922974153
6555.0 0.594923164831
6560.0 0.59492297161
6565.0 0.594923590678
6570.0 0.594922549576
6575.0 0.594923169068
6580.0 0.594922969915
6585.0 0.594923163559
6590.0 0.594922969068
6595.0 0.594923166102
6600.0 0.594923390254
6605.0 0.594923164407
6610.0 0.594923389407
6615.0 0.594923161864
6620.0 0.594923391525
6625.0 0.59492400678
6630.0 0.594923385593
6635.0 0.594923157627
6640.0 0.594923387288
6645.0 0.594924
6650.0 0.594922963136
6655.0 0.594923575847
6660.0 0.594923385593
6665.0 0.594923576695
6670.0 0.594923383051
6675.0 0.594923997881
6680.0 0.594923381356
6685.0 0.594923573729
6690.0 0.5949238
6695.0 0.594923572458
6700.0 0.594923375424
6705.0 0.594923996186
6710.0 0.594923797458
6715.0 0.594923565678
6720.0 0.594923373305
6725.0 0.594923992797
6730.0 0.594923796186
6735.0 0.594923988559
6740.0 0.594923797881
6745.0 0.594923986441
6750.0 0.594923794492
6755.0 0.594923988983
6760.0 0.594923791949
6765.0 0.594923987288
6770.0 0.594923789831
6775.0 0.594923986441
6780.0 0.594923791949
6785.0 0.594923983898
6790.0 0.594923791102
6795.0 0.594923984746
6800.0 0.594923788136
6805.0 0.594924407627
6810.0 0.594923788136
6815.0 0.594923980932
6820.0 0.594923791102
6825.0 0.594923978814
6830.0 0.594923787712
6835.0 0.594923980508
6840.0 0.594924211864
6845.0 0.594923980085
6850.0 0.594924211864
6855.0 0.594923980932
6860.0 0.594924208051
6865.0 0.594924405932
6870.0 0.594924207203
6875.0 0.594923978814
6880.0 0.594924208051
6885.0 0.594924405085
6890.0 0.594924207203
6895.0 0.594924402119
6900.0 0.594923786441
6905.0 0.5949244
6910.0 0.594924211017
6915.0 0.594924401695
6920.0 0.594924209322
6925.0 0.594924402966
6930.0 0.594924208898
6935.0 0.594924400847
6940.0 0.594924208051
6945.0 0.594923980508
6950.0 0.594924207203
6955.0 0.594923980508
6960.0 0.594924210169
6965.0 0.594923980085
6970.0 0.594924210169
6975.0 0.594924404661
6980.0 0.594924208051
6985.0 0.594924405508
6990.0 0.594924209322
6995.0 0.594924402966
7000.0 0.594923788559
7005.0 0.594924402119
7010.0 0.594923788136
7015.0 0.594924403814
7020.0 0.594923789831
7025.0 0.594924404661
7030.0 0.594924214407
7035.0 0.59492440678
7040.0 0.594924211864
7045.0 0.594923985169
7050.0 0.594924211864
7055.0 0.594923983475
7060.0 0.594924213136
7065.0 0.594923983898
7070.0 0.594924213559
7075.0 0.594923987712
7080.0 0.594923789831
7085.0 0.594924410169
7090.0 0.594923795763
7095.0 0.594924409746
7100.0 0.594923795339
7105.0 0.594924409322
7110.0 0.59492379661
7115.0 0.594924411017
7120.0 0.594923796186
7125.0 0.594924413136
7130.0 0.594924219492
7135.0 0.594923987712
7140.0 0.594924221186
7145.0 0.594923988559
7150.0 0.594923794915
7155.0 0.594923569492
7160.0 0.594924218644
7165.0 0.594923994068
7170.0 0.594924223729
7175.0 0.594923994068
7180.0 0.5949238
7185.0 0.594923993644
7190.0 0.594923801271
7195.0 0.594924417373
7200.0 0.594923377119
7205.0 0.594924417373
7210.0 0.594923802119
7215.0 0.594924416102
7220.0 0.59492380339
7225.0 0.59492399322
7230.0 0.594923801695
7235.0 0.594923570763
7240.0 0.594923801695
7245.0 0.594923575424
7250.0 0.594923801695
7255.0 0.594923999576
7260.0 0.59492422839
7265.0 0.594923576695
7270.0 0.594923805085
7275.0 0.594923575424
7280.0 0.594923806356
7285.0 0.594924000424
7290.0 0.594923379661
7295.0 0.594924
7300.0 0.594923382627
7305.0 0.594924423305
7310.0 0.594923384322
7315.0 0.594924421186
7320.0 0.594923385169
7325.0 0.594923574576
7330.0 0.594923811864
7335.0 0.594923575
7340.0 0.594923383051
7345.0 0.594923155932
7350.0 0.594923803814
7355.0 0.594923154237
7360.0 0.594923805508
7365.0 0.594923580932
7370.0 0.594923810169
7375.0 0.594924005085
7380.0 0.594923805932
7385.0 0.594923580932
7390.0 0.594923386017
7395.0 0.594924001271
7400.0 0.594923387712
7405.0 0.594924000847
7410.0 0.594923388559
7415.0 0.594924002119
7420.0 0.594923383898
7425.0 0.594924002966
7430.0 0.594923811017
7435.0 0.594924004661
7440.0 0.594924231356
7445.0 0.59492358178
7450.0 0.594923808475
7455.0 0.594923578814
7460.0 0.594923808898
7465.0 0.594923155085
7470.0 0.594923808475
7475.0 0.594923578814
7480.0 0.594923805932
7485.0 0.594924002119
7490.0 0.594923387288
7495.0 0.594924001695
7500.0 0.594923386017
7505.0 0.594924428814
7510.0 0.594923385169
7515.0 0.594924001695
7520.0 0.594922961441
7525.0 0.594923577119
7530.0 0.594923383898
7535.0 0.594923577966
7540.0 0.594923810169
7545.0 0.594923576271
7550.0 0.594923808475
7555.0 0.594923579237
7560.0 0.594923808898
7565.0 0.594923582203
7570.0 0.594923808475
7575.0 0.594923577119
7580.0 0.594923384746
7585.0 0.594923577966
7590.0 0.594923380932
7595.0 0.594924001695
7600.0 0.594922956356
7605.0 0.594924
7610.0 0.594923383898
7615.0 0.594924423305
7620.0 0.594923380932
7625.0 0.594924000424
7630.0 0.594923382203
7635.0 0.594923575
7640.0 0.594923805085
7645.0 0.594923579237
7650.0 0.594923802966
7655.0 0.594923574576
7660.0 0.594923804237
7665.0 0.594923572881
7670.0 0.594923804237
7675.0 0.594923573305
7680.0 0.594923381356
7685.0 0.59492399661
7690.0 0.594923383051
7695.0 0.594923994915
7700.0 0.59492338178
7705.0 0.594923994492
7710.0 0.594923380085
7715.0 0.594923994915
7720.0 0.594923378814
7725.0 0.594923574576
7730.0 0.594923799576
7735.0 0.594923572034
7740.0 0.5949238
7745.0 0.594923575
7750.0 0.594923799576
7755.0 0.594923997881
7760.0 0.594923799576
7765.0 0.594924422881
7770.0 0.594923800424
7775.0 0.594924418644
7780.0 0.594923377542
7785.0 0.594923993644
7790.0 0.594923377542
7795.0 0.594923992797
7800.0 0.594923801695
7805.0 0.594923994492
7810.0 0.594923797458
7815.0 0.594923571186
7820.0 0.594924224576
7825.0 0.594923569915
7830.0 0.594924225
7835.0 0.594923570763
7840.0 0.594923800847
7845.0 0.594923992797
7850.0 0.594923378814
7855.0 0.594924415678
7860.0 0.594923377966
7865.0 0.594923988559
7870.0 0.594923378814
7875.0 0.594924415678
7880.0 0.594923800847
7885.0 0.594923987712
7890.0 0.594923801695
7895.0 0.594923997034
7900.0 0.594924222881
7905.0 0.59492356822
7910.0 0.594924222881
7915.0 0.594923572034
7920.0 0.594923800424
7925.0 0.594923992797
7930.0 0.594923800424
7935.0 0.594924415678
7940.0 0.594923372458
7945.0 0.594924413136
7950.0 0.594923800847
7955.0 0.594924416102
7960.0 0.594923797458
7965.0 0.59492399322
7970.0 0.594924219492
7975.0 0.594923994492
7980.0 0.594924219492
7985.0 0.594923572034
7990.0 0.594923794915
7995.0 0.594923571186
8000.0 0.594924219915
8005.0 0.594923988136
8010.0 0.594923374576
8015.0 0.594924416102
8020.0 0.5949238
8025.0 0.594924413136
8030.0 0.5949238
8035.0 0.594923989831
8040.0 0.594923802542
8045.0 0.594923566102
8050.0 0.594923800847
8055.0 0.594923567797
8060.0 0.594924217373
8065.0 0.59492356822
8070.0 0.59492421822
8075.0 0.594923991949
8080.0 0.594923798305
8085.0 0.594924419915
8090.0 0.594923798729
8095.0 0.594924416949
8100.0 0.594923375424
8105.0 0.594924419492
8110.0 0.594923376271
8115.0 0.594923991949
8120.0 0.594923377542
8125.0 0.594923991949
8130.0 0.594923797458
8135.0 0.594923570339
8140.0 0.594923801271
8145.0 0.594923569915
8150.0 0.594924224576
8155.0 0.594923574153
8160.0 0.594924225424
8165.0 0.594923995763
8170.0 0.594923373305
8175.0 0.594923995763
8180.0 0.594923375847
8185.0 0.594924417797
8190.0 0.594922950424
8195.0 0.59492441822
8200.0 0.594923378814
8205.0 0.594924415678
8210.0 0.594923802542
8215.0 0.594923991949
8220.0 0.594923804661
8225.0 0.594923569492
8230.0 0.594923797458
8235.0 0.594923569915
8240.0 0.594923799153
8245.0 0.594923574576
8250.0 0.59492422161
8255.0 0.594923570763
8260.0 0.5949238
8265.0 0.594924422034
8270.0 0.5949238
8275.0 0.59492399661
8280.0 0.594923379661
8285.0 0.59492399322
8290.0 0.59492338178
8295.0 0.594924417373
8300.0 0.594923805085
8305.0 0.594923994915
8310.0 0.594923805085
8315.0 0.594924419915
8320.0 0.59492380339
8325.0 0.594923997458
8330.0 0.594924224153
8335.0 0.594923575
8340.0 0.594923801271
8345.0 0.594923572034
8350.0 0.594924226271
8355.0 0.59492357161
8360.0 0.594923799153
8365.0 0.594923572034
8370.0 0.594923801271
8375.0 0.594924423729
8380.0 0.594923801695
8385.0 0.594923997458
8390.0 0.594923383051
8395.0 0.59492399661
8400.0 0.594923381356
8405.0 0.594923992797
8410.0 0.594923805932
8415.0 0.594923997034
8420.0 0.594923802119
8425.0 0.594923997034
8430.0 0.594923804237
8435.0 0.594923998729
8440.0 0.59492380339
8445.0 0.594923572034
8450.0 0.594923805085
8455.0 0.59492357161
8460.0 0.594923798305
8465.0 0.594923572458
8470.0 0.594923801695
8475.0 0.594924
8480.0 0.5949238
8485.0 0.594923999153
8490.0 0.594923803814
8495.0 0.594923997458
8500.0 0.594923381356
8505.0 0.594923997458
8510.0 0.594923377542
8515.0 0.594923997458
8520.0 0.594923380085
8525.0 0.594924420763
8530.0 0.594923381356
8535.0 0.594923994915
8540.0 0.594923807627
8545.0 0.594923570763
8550.0 0.59492380339
8555.0 0.594923574576
8560.0 0.594923802119
8565.0 0.594923574576
8570.0 0.5949238
8575.0 0.594923575424
8580.0 0.594924227966
8585.0 0.594923573729
8590.0 0.594923804237
8595.0 0.594923576695
8600.0 0.594923804661
8605.0 0.594923998305
8610.0 0.594923377542
8615.0 0.594923997881
8620.0 0.594923378814
8625.0 0.594924416525
8630.0 0.594923380085
8635.0 0.594923994492
8640.0 0.594923808051
8645.0 0.59492399322
8650.0 0.594923379661
8655.0 0.594923574153
8660.0 0.594923801695
8665.0 0.59492357161
8670.0 0.594923800847
8675.0 0.594923573305
8680.0 0.594924227119
8685.0 0.594923574153
8690.0 0.594924227119
8695.0 0.594923573729
8700.0 0.59492380339
8705.0 0.594923575424
8710.0 0.594923803814
8715.0 0.594923997034
8720.0 0.594923375424
8725.0 0.59492399661
8730.0 0.594923378814
8735.0 0.594924419068
8740.0 0.594923380085
8745.0 0.594924416525
8750.0 0.594923380085
8755.0 0.59492399322
8760.0 0.594923806356
8765.0 0.594923569492
8770.0 0.594923375847
8775.0 0.594923147458
8780.0 0.594923800424
8785.0 0.594923574153
8790.0 0.594924220763
8795.0 0.594923572034
8800.0 0.5949238
8805.0 0.594923574153
8810.0 0.594924227119
8815.0 0.594924421186
8820.0 0.594923800424
8825.0 0.594923572458
8830.0 0.594923379237
8835.0 0.594924415678
8840.0 0.594923381356
8845.0 0.594923992797
8850.0 0.594923381356
8855.0 0.594923994492
8860.0 0.594923803814
8865.0 0.594924419068
8870.0 0.5949238
8875.0 0.594923996186
8880.0 0.594924222881
8885.0 0.594923574153
8890.0 0.594923798305
8895.0 0.594923575
8900.0 0.594923798305
8905.0 0.594923569068
8910.0 0.5949238
8915.0 0.594923991949
8920.0 0.594923800424
8925.0 0.594923993644
8930.0 0.594923804237
8935.0 0.594924416525
8940.0 0.594923379661
8945.0 0.594923992373
8950.0 0.594923378814
8955.0 0.594923992797
8960.0 0.594923377542
8965.0 0.594923573729
8970.0 0.594923800424
8975.0 0.594923573729
8980.0 0.594923798729
8985.0 0.594923573729
8990.0 0.594924226695
8995.0 0.594923997458
9000.0 0.594924221186
9005.0 0.594923573305
9010.0 0.594923804661
9015.0 0.594923995763
9020.0 0.59492338178
9025.0 0.594924417373
9030.0 0.59492380339
9035.0 0.594923993644
9040.0 0.594923380085
9045.0 0.594923988983
9050.0 0.594923380508
9055.0 0.59492399661
9060.0 0.594924226695
9065.0 0.594923998305
9070.0 0.594924225847
9075.0 0.594923573305
9080.0 0.594923798729
9085.0 0.594923574576
9090.0 0.594924225424
9095.0 0.59492399661
9100.0 0.594923375424
9105.0 0.594923996186
9110.0 0.594923374153
9115.0 0.594923995339
9120.0 0.594923377966
9125.0 0.594924415254
9130.0 0.594923802966
9135.0 0.594924419492
9140.0 0.594923802119
9145.0 0.594923993644
9150.0 0.594923801271
9155.0 0.594923570339
9160.0 0.594924226271
9165.0 0.594923571186
9170.0 0.594924223729
9175.0 0.594923571186
9180.0 0.594923800847
9185.0 0.594923994492
9190.0 0.594923802542
9195.0 0.594924417373
9200.0 0.594923379661
9205.0 0.594924416102
9210.0 0.594923377966
9215.0 0.594924421186
9220.0 0.594923379661
9225.0 0.594923993644
9230.0 0.594923800847
9235.0 0.594923573305
9240.0 0.594924221186
9245.0 0.594923571186
9250.0 0.594923799576
9255.0 0.594923575
9260.0 0.594924222034
9265.0 0.594924422034
9270.0 0.594923800424
9275.0 0.594923996186
9280.0 0.594923382627
9285.0 0.59492441822
9290.0 0.594923377966
9295.0 0.594923993644
9300.0 0.594923380085
9305.0 0.594923994915
9310.0 0.59492380339
9315.0 0.594923569915
9320.0 0.594924227542
9325.0 0.59492357161
9330.0 0.594924225847
9335.0 0.594923576271
9340.0 0.59492380339
9345.0 0.594923994915
9350.0 0.594923379661
9355.0 0.594923994915
9360.0 0.594923375847
9365.0 0.594924419492
9370.0 0.594923376271
9375.0 0.594924419068
9380.0 0.59492380339
9385.0 0.59492399661
9390.0 0.594924225424
9395.0 0.594923575847
9400.0 0.5949238
9405.0 0.594923571186
9410.0 0.594924224576
9415.0 0.594923570339
9420.0 0.594923801271
9425.0 0.59492357161
9430.0 0.594923800424
9435.0 0.594923994068
9440.0 0.59492338178
9445.0 0.594924417373
9450.0 0.594923379237
9455.0 0.594923997458
9460.0 0.594923378814
9465.0 0.594923994915
9470.0 0.594923377119
9475.0 0.594923994915
9480.0 0.594923803814
9485.0 0.594923570763
9490.0 0.594924226271
9495.0 0.594923573305
9500.0 0.594924226695
9505.0 0.594923575847
9510.0 0.594923802966
9515.0 0.594923997881
9520.0 0.594923376271
9525.0 0.59492399661
9530.0 0.594923801271
9535.0 0.594924415678
9540.0 0.594923379237
9545.0 0.594923993644
9550.0 0.59492380678
9555.0 0.594923992373
9560.0 0.59492337839
9565.0 0.594923573305
9570.0 0.594923800847
9575.0 0.594923570763
9580.0 0.594923800424
9585.0 0.594923572881
9590.0 0.594924226271
9595.0 0.594923573729
9600.0 0.594924226271
9605.0 0.594923572881
9610.0 0.594923802966
9615.0 0.594923574153
9620.0 0.594923803814
9625.0 0.594923995763
9630.0 0.594923377966
9635.0 0.594924419915
9640.0 0.594922951695
9645.0 0.594924419492
9650.0 0.594923379661
9655.0 0.594923993644
9660.0 0.594923806356
9665.0 0.594923992797
9670.0 0.594923800424
9675.0 0.594923570339
9680.0 0.594923377119
9685.0 0.594923574153
9690.0 0.5949238
9695.0 0.594923997458
9700.0 0.594924226695
9705.0 0.594923998729
9710.0 0.594923797881
9715.0 0.594923574153
9720.0 0.594923802542
9725.0 0.594923995763
9730.0 0.59492380339
9735.0 0.594923995763
9740.0 0.594923375847
9745.0 0.594923996186
9750.0 0.594922951695
9755.0 0.594924419492
9760.0 0.59492380339
9765.0 0.594924419068
9770.0 0.594923802966
9775.0 0.594923569915
9780.0 0.594923805085
9785.0 0.594923570763
9790.0 0.594923802542
9795.0 0.594923570339
9800.0 0.594923797881
9805.0 0.594923570763
9810.0 0.5949238
9815.0 0.594923575
9820.0 0.5949238
9825.0 0.594923998305
9830.0 0.594923798729
9835.0 0.594923997881
9840.0 0.594923805508
9845.0 0.594924420339
9850.0 0.594923377119
9855.0 0.594923994915
9860.0 0.594923380085
9865.0 0.594923991525
9870.0 0.594923380932
9875.0 0.594923994492
9880.0 0.594923804661
9885.0 0.594923995339
9890.0 0.5949238
9895.0 0.594923997034
9900.0 0.594923802966
9905.0 0.594923573729
9910.0 0.5949238
9915.0 0.594923575424
9920.0 0.594924222881
9925.0 0.594923574576
9930.0 0.594923798729
9935.0 0.594923569492
9940.0 0.594923800847
9945.0 0.594923994492
9950.0 0.594923802542
9955.0 0.594924416102
9960.0 0.594923379237
9965.0 0.59492399322
9970.0 0.594923380085
9975.0 0.594924416949
9980.0 0.594923379237
9985.0 0.594923993644
9990.0 0.59492337839
9995.0 0.594923573729
10000.0 0.594923800424
