5.0 -262.511382127
10.0 -162.681956492
15.0 -60.9952678136
20.0 -13.1222792161
25.0 1.72098172881
30.0 3.8355874322
35.0 2.95395042373
40.0 2.19195572881
45.0 1.91525934746
50.0 1.89297458898
55.0 1.89201230932
60.0 1.89654477542
65.0 1.90992675424
70.0 1.91068523729
75.0 1.91671410169
80.0 1.92200544492
85.0 1.92689136017
90.0 1.93385022881
95.0 1.94084659746
100.0 1.94819300847
105.0 1.9563380339
110.0 1.96489517373
115.0 1.97494929237
120.0 1.98498242797
125.0 1.99507516949
130.0 2.00575187712
135.0 2.01697412288
140.0 2.03089850424
145.0 2.0436872161
150.0 2.05587261441
155.0 2.06818021186
160.0 2.08087260169
165.0 2.09387736441
170.0 2.10650909322
175.0 2.11898726695
180.0 2.13116205085
185.0 2.14303030085
190.0 2.15456925424
195.0 2.16585180085
200.0 2.17668112712
205.0 2.18708589407
210.0 2.19709994492
215.0 2.20658147458
220.0 2.21592422458
225.0 2.22450120339
230.0 2.23265994068
235.0 2.24012190678
240.0 2.2468895339
245.0 2.25356828814
250.0 2.25929566949
255.0 2.26462388983
260.0 2.26938244068
265.0 2.27365735593
270.0 2.27750890678
275.0 2.28086270763
280.0 2.28379933051
285.0 2.28631247034
290.0 2.28839637288
295.0 2.29012891949
300.0 2.29151057627
305.0 2.29254192373
310.0 2.29339817373
315.0 2.29397559746
320.0 2.29435141949
325.0 2.29455922458
330.0 2.29458002119
335.0 2.29454373729
340.0 2.29441709322
345.0 2.29419086017
350.0 2.29398658051
355.0 2.29371689831
360.0 2.29335313559
365.0 2.29297496186
370.0 2.29275160593
375.0 2.29265610169
380.0 2.29246855932
385.0 2.2921882839
390.0 2.29187209322
395.0 2.29163347881
400.0 2.29150887288
405.0 2.29139517797
410.0 2.29133894915
415.0 2.29142734322
420.0 2.29159160169
425.0 2.29191167373
430.0 2.2924528178
435.0 2.29306741949
440.0 2.29374295763
445.0 2.29475988983
450.0 2.29567850847
455.0 2.29701595339
460.0 2.29843584746
465.0 2.30024155085
470.0 2.30227898305
475.0 2.30444051695
480.0 2.30691779661
485.0 2.30966116949
490.0 2.31266759746
495.0 2.31588042373
500.0 2.31927080085
505.0 2.32310938136
510.0 2.32700625
515.0 2.33147863983
520.0 2.33576763983
525.0 2.34044155508
530.0 2.34564685169
535.0 2.35093615678
540.0 2.35624497881
545.0 2.36217055508
550.0 2.3683238178
555.0 2.37457791525
560.0 2.38111683898
565.0 2.38786526271
570.0 2.39494806356
575.0 2.40217980508
580.0 2.40976016102
585.0 2.41743070763
590.0 2.42519066949
595.0 2.43335004661
600.0 2.44145138983
605.0 2.44953925
610.0 2.45791254237
615.0 2.46615765678
620.0 2.47424602966
625.0 2.48280109746
630.0 2.49078635
635.0 2.49889028856
640.0 2.50657301059
645.0 2.51426195212
650.0 2.52184428475
655.0 2.52937554831
660.0 2.53661553814
665.0 2.54357381059
670.0 2.55033773771
675.0 2.55684600085
680.0 2.563112625
685.0 2.56913920339
690.0 2.57487380678
695.0 2.58035597415
700.0 2.58555830636
705.0 2.59047574364
710.0 2.59512837331
715.0 2.59952311695
720.0 2.60356161398
725.0 2.60731618856
730.0 2.61077663559
735.0 2.61389055254
740.0 2.61666688941
745.0 2.61900254576
750.0 2.62110402797
755.0 2.62254008602
760.0 2.62366004661
765.0 2.62427787712
770.0 2.62447727373
775.0 2.62399604025
780.0 2.62306297119
785.0 2.6215881089
790.0 2.61940535297
795.0 2.61664366864
800.0 2.61325018517
805.0 2.6091565
810.0 2.60434807712
815.0 2.59883507966
820.0 2.59258774958
825.0 2.58556477924
830.0 2.57776325127
835.0 2.56917204788
840.0 2.55973334746
845.0 2.54945613093
850.0 2.53830472246
855.0 2.5262550072
860.0 2.51325948051
865.0 2.49933359661
870.0 2.48444696314
875.0 2.46858789492
880.0 2.45172074068
885.0 2.43389904492
890.0 2.41511751737
895.0 2.39538517839
900.0 2.37471048686
905.0 2.35313155636
910.0 2.33071286229
915.0 2.30750829407
920.0 2.28355512458
925.0 2.25904267203
930.0 2.23413263856
935.0 2.20891715212
940.0 2.18362113347
945.0 2.15836842924
950.0 2.13341790636
955.0 2.10902177203
960.0 2.08544691949
965.0 2.06278242627
970.0 2.0411998911
975.0 2.02065823941
980.0 2.00158206483
985.0 1.98386538898
990.0 1.9674447572
995.0 1.95255009449
1000.0 1.93897947839
1005.0 1.92674704873
1010.0 1.91606832754
1015.0 1.90661927288
1020.0 1.89799130424
1025.0 1.89093828263
1030.0 1.88461654237
1035.0 1.87961926568
1040.0 1.87469818347
1045.0 1.87081552458
1050.0 1.86742432331
1055.0 1.86414264958
1060.0 1.86170637076
1065.0 1.85900790636
1070.0 1.8567455839
1075.0 1.85483843686
1080.0 1.8528157678
1085.0 1.85077322288
1090.0 1.84868045805
1095.0 1.84674963814
1100.0 1.84467242669
1105.0 1.84256815636
1110.0 1.84042942881
1115.0 1.8382191339
1120.0 1.83600961822
1125.0 1.83371494661
1130.0 1.83137323263
1135.0 1.82909722119
1140.0 1.82686023771
1145.0 1.82465969788
1150.0 1.82252747585
1155.0 1.8205177089
1160.0 1.8186292822
1165.0 1.8168925322
1170.0 1.81533055508
1175.0 1.81395541864
1180.0 1.81280128983
1185.0 1.81187212246
1190.0 1.81113138644
1195.0 1.81067705297
1200.0 1.81044420169
1205.0 1.81044266822
1210.0 1.8107287839
1215.0 1.81122205381
1220.0 1.81198140847
1225.0 1.81295807669
1230.0 1.81416486229
1235.0 1.81558895085
1240.0 1.81721564153
1245.0 1.81904310805
1250.0 1.821049475
1255.0 1.82323543602
1260.0 1.82557659407
1265.0 1.82807955212
1270.0 1.83072035424
1275.0 1.8335166339
1280.0 1.83641855932
1285.0 1.83945181356
1290.0 1.84260596737
1295.0 1.84581519407
1300.0 1.84915210042
1305.0 1.85254833602
1310.0 1.85604046992
1315.0 1.85957625636
1320.0 1.86319438475
1325.0 1.86682777839
1330.0 1.87052191144
1335.0 1.874247825
1340.0 1.87791796907
1345.0 1.8817003911
1350.0 1.88545459661
1355.0 1.88919225593
1360.0 1.89299535847
1365.0 1.89674036525
1370.0 1.90044871144
1375.0 1.9041120839
1380.0 1.90772652161
1385.0 1.91145104788
1390.0 1.9151033661
1395.0 1.91865940551
1400.0 1.92215511864
1405.0 1.92578376441
1410.0 1.92939659619
1415.0 1.93286775169
1420.0 1.93627142458
1425.0 1.93969526271
1430.0 1.94339950932
1435.0 1.94673533771
1440.0 1.95068420212
1445.0 1.95366038178
1450.0 1.95696911271
1455.0 1.96034711059
1460.0 1.96366059746
1465.0 1.96691240593
1470.0 1.97010945847
1475.0 1.97326642331
1480.0 1.97634532331
1485.0 1.97931250932
1490.0 1.98237282076
1495.0 1.9853065678
1500.0 1.98813131102
1505.0 1.99094642076
1510.0 1.99361948136
1515.0 1.99622567712
1520.0 1.99877839153
1525.0 2.00133073856
1530.0 2.00349866864
1535.0 2.00574843263
1540.0 2.00794173432
1545.0 2.00994524407
1550.0 2.01186219364
1555.0 2.01362452288
1560.0 2.01529730551
1565.0 2.01682140678
1570.0 2.01824280466
1575.0 2.01947695975
1580.0 2.02058467246
1585.0 2.02163014534
1590.0 2.0224275411
1595.0 2.02314024534
1600.0 2.0236501911
1605.0 2.02401910551
1610.0 2.02431447585
1615.0 2.02440186992
1620.0 2.02430850763
1625.0 2.02412455127
1630.0 2.02377464534
1635.0 2.02324602161
1640.0 2.02260482542
1645.0 2.02182899619
1650.0 2.02090286186
1655.0 2.01983067034
1660.0 2.01863696907
1665.0 2.01731884153
1670.0 2.01586901822
1675.0 2.01429605932
1680.0 2.01261130466
1685.0 2.01083267585
1690.0 2.00894350297
1695.0 2.00696387119
1700.0 2.00488426949
1705.0 2.0027320339
1710.0 2.00052938263
1715.0 1.99820454534
1720.0 1.99586274492
1725.0 1.99346701525
1730.0 1.99103734449
1735.0 1.98854911737
1740.0 1.98603836398
1745.0 1.98348434534
1750.0 1.98091285847
1755.0 1.97830534237
1760.0 1.97569389661
1765.0 1.97306550975
1770.0 1.97044844237
1775.0 1.96781909492
1780.0 1.96521168347
1785.0 1.9626008678
1790.0 1.96001880593
1795.0 1.95745152627
1800.0 1.95492449068
1805.0 1.95239609322
1810.0 1.94992706186
1815.0 1.9475316178
1820.0 1.94510915212
1825.0 1.94277251525
1830.0 1.94045552203
1835.0 1.93826668136
1840.0 1.93615729237
1845.0 1.93396074619
1850.0 1.93188989619
1855.0 1.92993226314
1860.0 1.92798301144
1865.0 1.92614776949
1870.0 1.92435190424
1875.0 1.92258694449
1880.0 1.92077158347
1885.0 1.91910784449
1890.0 1.9175166411
1895.0 1.9159914178
1900.0 1.91456165424
1905.0 1.91311393644
1910.0 1.91179223051
1915.0 1.91059872076
1920.0 1.90935498602
1925.0 1.90815636441
1930.0 1.90699273051
1935.0 1.906050025
1940.0 1.90516140593
1945.0 1.90422461186
1950.0 1.90342117669
1955.0 1.90266150466
1960.0 1.90194790424
1965.0 1.90132595212
1970.0 1.90076066398
1975.0 1.90025271017
1980.0 1.89980013686
1985.0 1.89941932458
1990.0 1.89908624534
1995.0 1.89881774534
2000.0 1.89860458559
2005.0 1.89844925
2010.0 1.89834499237
2015.0 1.89830028432
2020.0 1.89830281271
2025.0 1.89836279873
2030.0 1.89846787797
2035.0 1.89862790042
2040.0 1.89883002373
2045.0 1.89908542373
2050.0 1.89937950805
2055.0 1.89972435551
2060.0 1.90010531695
2065.0 1.90053453136
2070.0 1.90099643602
2075.0 1.90150366356
2080.0 1.90204100763
2085.0 1.90262074068
2090.0 1.90322717034
2095.0 1.90387305381
2100.0 1.90454263729
2105.0 1.90524874195
2110.0 1.90597512627
2115.0 1.90673509534
2120.0 1.90751192627
2125.0 1.90831898136
2130.0 1.9091407572
2135.0 1.9099889572
2140.0 1.91085314703
2145.0 1.91173443559
2150.0 1.91262070381
2155.0 1.91353508602
2160.0 1.91444765847
2165.0 1.91538625
2170.0 1.91632087881
2175.0 1.91728156695
2180.0 1.91823528305
2185.0 1.9192138322
2190.0 1.92018027839
2195.0 1.92118219619
2200.0 1.92216560975
2205.0 1.92315445339
2210.0 1.92412771653
2215.0 1.92514204661
2220.0 1.92612973347
2225.0 1.92710980127
2230.0 1.92810724788
2235.0 1.92910898856
2240.0 1.93007424746
2245.0 1.93102858814
2250.0 1.93201504619
2255.0 1.93298597119
2260.0 1.93391269025
2265.0 1.93484257458
2270.0 1.93576676059
2275.0 1.93664754661
2280.0 1.9375285178
2285.0 1.93840300297
2290.0 1.93926787627
2295.0 1.94007715975
2300.0 1.94095347797
2305.0 1.94176365763
2310.0 1.94253700297
2315.0 1.9432946911
2320.0 1.94402438644
2325.0 1.94475797034
2330.0 1.94542070508
2335.0 1.94607001102
2340.0 1.94670307288
2345.0 1.94731089831
2350.0 1.94789224492
2355.0 1.94842384153
2360.0 1.94894542585
2365.0 1.94946434195
2370.0 1.94993676483
2375.0 1.95039128305
2380.0 1.95073404831
2385.0 1.95110127966
2390.0 1.95146142712
2395.0 1.95179051568
2400.0 1.95207311864
2405.0 1.95235305
2410.0 1.95258480678
2415.0 1.95276896186
2420.0 1.95292656568
2425.0 1.95311198008
2430.0 1.95317593347
2435.0 1.95326217881
2440.0 1.95335197839
2445.0 1.95334625
2450.0 1.95335172373
2455.0 1.95333749958
2460.0 1.95326711525
2465.0 1.95320075085
2470.0 1.95308332246
2475.0 1.95295379407
2480.0 1.95281771441
2485.0 1.95262078263
2490.0 1.95241223432
2495.0 1.95220213898
2500.0 1.95198002161
2505.0 1.95170802839
2510.0 1.95140708263
2515.0 1.95111556949
2520.0 1.95079893305
2525.0 1.95047560975
2530.0 1.95010937542
2535.0 1.94975383008
2540.0 1.94936510678
2545.0 1.9489692928
2550.0 1.94856316017
2555.0 1.94814615169
2560.0 1.94770819958
2565.0 1.9472746589
2570.0 1.94682141186
2575.0 1.94636625508
2580.0 1.94589940805
2585.0 1.94543195847
2590.0 1.9449519339
2595.0 1.94447473559
2600.0 1.94398661907
2605.0 1.94350263898
2610.0 1.94300981907
2615.0 1.94252287288
2620.0 1.9420278928
2625.0 1.94154052415
2630.0 1.94104719746
2635.0 1.94056279831
2640.0 1.94007324322
2645.0 1.93959435805
2650.0 1.93911196525
2655.0 1.93864156144
2660.0 1.93816887458
2665.0 1.93770949492
2670.0 1.93724863517
2675.0 1.93680324492
2680.0 1.93635760763
2685.0 1.93592789534
2690.0 1.9354996089
2695.0 1.93510760169
2700.0 1.93465980636
2705.0 1.93424702924
2710.0 1.93392380254
2715.0 1.93352202881
2720.0 1.93315981144
2725.0 1.9328207411
2730.0 1.93243308856
2735.0 1.93213215127
2740.0 1.93178474788
2745.0 1.93153083814
2750.0 1.93129657034
2755.0 1.93099773263
2760.0 1.93069057797
2765.0 1.93044174449
2770.0 1.93023204661
2775.0 1.92999591737
2780.0 1.92976799703
2785.0 1.92956915678
2790.0 1.92939674619
2795.0 1.92919663475
2800.0 1.92904498898
2805.0 1.92888894661
2810.0 1.92876442034
2815.0 1.92864821102
2820.0 1.92854360212
2825.0 1.92844773432
2830.0 1.92836516441
2835.0 1.92829684364
2840.0 1.92823970169
2845.0 1.9281976572
2850.0 1.92816297839
2855.0 1.92814594025
2860.0 1.92813457246
2865.0 1.92814042331
2870.0 1.92815236737
2875.0 1.92818068263
2880.0 1.92821339661
2885.0 1.92826375424
2890.0 1.9283189339
2895.0 1.92838879237
2900.0 1.92846304788
2905.0 1.92854816907
2910.0 1.92864573941
2915.0 1.92874739703
2920.0 1.92886192458
2925.0 1.92898138983
2930.0 1.92910991017
2935.0 1.92925014915
2940.0 1.92939478051
2945.0 1.92953714915
2950.0 1.92967924703
2955.0 1.92985764661
2960.0 1.93003916144
2965.0 1.93019002839
2970.0 1.93037833432
2975.0 1.93056353602
2980.0 1.93074549407
2985.0 1.93096333729
2990.0 1.93113725297
2995.0 1.93133392119
3000.0 1.93156335805
3005.0 1.9317524089
3010.0 1.93196914364
3015.0 1.93217261356
3020.0 1.93239317161
3025.0 1.93260512839
3030.0 1.93281340593
3035.0 1.9330393589
3040.0 1.93325357754
3045.0 1.93346937161
3050.0 1.9336857178
3055.0 1.93390703136
3060.0 1.93411745381
3065.0 1.93433454025
3070.0 1.93454624153
3075.0 1.93476164364
3080.0 1.93496614915
3085.0 1.93517689958
3090.0 1.93537971822
3095.0 1.93558496864
3100.0 1.93577974322
3105.0 1.93599941017
3110.0 1.93616113983
3115.0 1.93633801568
3120.0 1.9365726339
3125.0 1.93672409407
3130.0 1.93690448008
3135.0 1.93707501483
3140.0 1.93723421949
3145.0 1.93741662415
3150.0 1.9375563411
3155.0 1.93771036059
3160.0 1.93785092966
3165.0 1.93800198856
3170.0 1.93813408644
3175.0 1.938267775
3180.0 1.93838462203
3185.0 1.93850729746
3190.0 1.93861567203
3195.0 1.93872775763
3200.0 1.9388276589
3205.0 1.9389240678
3210.0 1.93901253008
3215.0 1.93909834746
3220.0 1.93917240297
3225.0 1.9392438161
3230.0 1.93930685127
3235.0 1.93936809534
3240.0 1.93941969153
3245.0 1.93946059661
3250.0 1.93950498814
3255.0 1.93955013008
3260.0 1.93956740254
3265.0 1.93959897924
3270.0 1.93961032373
3275.0 1.93962749195
3280.0 1.93962612119
3285.0 1.93963269703
3290.0 1.9396241161
3295.0 1.93962094195
3300.0 1.93959795381
3305.0 1.93958418559
3310.0 1.9395561072
3315.0 1.93952877669
3320.0 1.93949179661
3325.0 1.93945641229
3330.0 1.93940968178
3335.0 1.93936539619
3340.0 1.93931145763
3345.0 1.93925827034
3350.0 1.93919712458
3355.0 1.93913630593
3360.0 1.93906837669
3365.0 1.93900119703
3370.0 1.93892648432
3375.0 1.93885294449
3380.0 1.93877271864
3385.0 1.93869408941
3390.0 1.93860877458
3395.0 1.93852505593
3400.0 1.93843549958
3405.0 1.93834838644
3410.0 1.93825458898
3415.0 1.93816408093
3420.0 1.93806731314
3425.0 1.93797425763
3430.0 1.93787536737
3435.0 1.93778018898
3440.0 1.93768002331
3445.0 1.93758356907
3450.0 1.93748212797
3455.0 1.93738524576
3460.0 1.93728337754
3465.0 1.93718606737
3470.0 1.93708461907
3475.0 1.93698815212
3480.0 1.93688754788
3485.0 1.93679234831
3490.0 1.93669301186
3495.0 1.93659907966
3500.0 1.9365018589
3505.0 1.93641046568
3510.0 1.93631536059
3515.0 1.93622650636
3520.0 1.93613436525
3525.0 1.93604847373
3530.0 1.93595971992
3535.0 1.93587763941
3540.0 1.93579227331
3545.0 1.93571400381
3550.0 1.93563287288
3555.0 1.93555883856
3560.0 1.93548194322
3565.0 1.93541214407
3570.0 1.93533990847
3575.0 1.93527519025
3580.0 1.93520803771
3585.0 1.9351530678
3590.0 1.93507150636
3595.0 1.93503475424
3600.0 1.93497099068
3605.0 1.9349270322
3610.0 1.93486665805
3615.0 1.93482143347
3620.0 1.93477249788
3625.0 1.93475269322
3630.0 1.93470206144
3635.0 1.93466149703
3640.0 1.93464179873
3645.0 1.93460165551
3650.0 1.93457729788
3655.0 1.93455749492
3660.0 1.93452678008
3665.0 1.9345141822
3670.0 1.93449533305
3675.0 1.93448061653
3680.0 1.9344706678
3685.0 1.93446315508
3690.0 1.93445405424
3695.0 1.93445332373
3700.0 1.93445015593
3705.0 1.93445281653
3710.0 1.93445558305
3715.0 1.93446332966
3720.0 1.93446864025
3725.0 1.93448316864
3730.0 1.93449187034
3735.0 1.93450979025
3740.0 1.93452485
3745.0 1.93454531441
3750.0 1.9345637661
3755.0 1.93459016483
3760.0 1.93460988941
3765.0 1.93463968051
3770.0 1.93466576314
3775.0 1.93469640381
3780.0 1.93472503093
3785.0 1.93476203008
3790.0 1.93479023559
3795.0 1.93482893178
3800.0 1.93486434322
3805.0 1.93490177076
3810.0 1.93493803178
3815.0 1.93498266525
3820.0 1.93501723347
3825.0 1.93506059788
3830.0 1.93509898178
3835.0 1.93515082458
3840.0 1.9351875161
3845.0 1.93523469831
3850.0 1.93527732415
3855.0 1.93532408517
3860.0 1.93536290042
3865.0 1.93541135932
3870.0 1.93545737881
3875.0 1.93550795847
3880.0 1.93554677669
3885.0 1.93559057966
3890.0 1.93563914576
3895.0 1.93569015381
3900.0 1.93572431441
3905.0 1.93577023983
3910.0 1.93582347119
3915.0 1.93586558347
3920.0 1.93590017246
3925.0 1.93594779619
3930.0 1.93599552246
3935.0 1.93603509619
3940.0 1.93607053517
3945.0 1.93612240085
3950.0 1.9361519072
3955.0 1.93619190932
3960.0 1.93623667331
3965.0 1.93626820085
3970.0 1.93630194831
3975.0 1.93634703856
3980.0 1.93637019237
3985.0 1.93640807966
3990.0 1.93644437161
3995.0 1.93646658051
4000.0 1.93650245
4005.0 1.93653228729
4010.0 1.93655290212
4015.0 1.93658867373
4020.0 1.93660589873
4025.0 1.93663319576
4030.0 1.93665762542
4035.0 1.9366756
4040.0 1.93669791144
4045.0 1.93671715805
4050.0 1.93673311356
4055.0 1.93675194237
4060.0 1.93676491695
4065.0 1.93678120254
4070.0 1.93679122119
4075.0 1.93680538814
4080.0 1.93681328814
4085.0 1.93682406483
4090.0 1.93683069364
4095.0 1.93683850381
4100.0 1.9368413178
4105.0 1.9368478572
4110.0 1.93684897585
4115.0 1.93685212458
4120.0 1.93685112458
4125.0 1.93685300169
4130.0 1.93684903475
4135.0 1.93684879831
4140.0 1.93684356271
4145.0 1.93684119619
4150.0 1.93683299576
4155.0 1.93682893347
4160.0 1.93681903771
4165.0 1.93681285551
4170.0 1.93680126441
4175.0 1.93679338644
4180.0 1.93677967585
4185.0 1.93677052585
4190.0 1.9367555428
4195.0 1.93674469746
4200.0 1.93672844237
4205.0 1.93671632458
4210.0 1.93669879746
4215.0 1.93668540763
4220.0 1.93666660847
4225.0 1.93665237034
4230.0 1.93663229915
4235.0 1.93661721229
4240.0 1.93659671653
4245.0 1.93658035763
4250.0 1.93655943729
4255.0 1.93654265339
4260.0 1.93652046102
4265.0 1.93650325254
4270.0 1.93648105932
4275.0 1.93646342585
4280.0 1.93644080805
4285.0 1.93642275042
4290.0 1.93640013136
4295.0 1.93638164915
4300.0 1.93635945339
4305.0 1.93634096992
4310.0 1.93631834958
4315.0 1.93630028898
4320.0 1.9362776678
4325.0 1.93626003008
4330.0 1.9362378322
4335.0 1.93622019364
4340.0 1.93619841907
4345.0 1.93618120339
4350.0 1.93615985169
4355.0 1.93614390636
4360.0 1.93612255424
4365.0 1.93610660847
4370.0 1.93608695042
4375.0 1.93607058008
4380.0 1.9360526161
4385.0 1.9360375178
4390.0 1.93601912881
4395.0 1.93600530127
4400.0 1.93598817585
4405.0 1.93597477415
4410.0 1.93595849873
4415.0 1.93594636992
4420.0 1.93593051822
4425.0 1.9359200839
4430.0 1.93590507924
4435.0 1.93589549195
4440.0 1.93588175847
4445.0 1.93587301822
4450.0 1.9358601322
4455.0 1.93585266271
4460.0 1.93584104788
4465.0 1.93583442585
4470.0 1.93582450551
4475.0 1.93581830763
4480.0 1.93580965847
4485.0 1.93580473136
4490.0 1.93579735339
4495.0 1.93579369788
4500.0 1.9357871678
4505.0 1.93578478305
4510.0 1.93577952415
4515.0 1.93577798729
4520.0 1.93577357585
4525.0 1.93577373432
4530.0 1.93577017034
4535.0 1.93577117627
4540.0 1.93576888432
4545.0 1.93577073771
4550.0 1.93576929364
4555.0 1.93577241822
4560.0 1.93577182161
4565.0 1.93577579492
4570.0 1.93577604576
4575.0 1.93578129025
4580.0 1.93578238898
4585.0 1.93578805763
4590.0 1.93579000424
4595.0 1.93579652076
4600.0 1.93579931525
4605.0 1.93580667966
4610.0 1.93580989788
4615.0 1.93581811017
4620.0 1.93582175297
4625.0 1.93583081314
4630.0 1.93583530381
4635.0 1.93584436398
4640.0 1.93584970254
4645.0 1.93585918729
4650.0 1.93586495
4655.0 1.9358748589
4660.0 1.93588062203
4665.0 1.93589137881
4670.0 1.9358975661
4675.0 1.93590832373
4680.0 1.93591493475
4685.0 1.9359256928
4690.0 1.93593272839
4695.0 1.93594391017
4700.0 1.93595094619
4705.0 1.93596255254
4710.0 1.93596916483
4715.0 1.93598077161
4720.0 1.93598780847
4725.0 1.93599941525
4730.0 1.93600645254
4735.0 1.93601763644
4740.0 1.93602552119
4745.0 1.93603628178
4750.0 1.9360437428
4755.0 1.93605492754
4760.0 1.93606154195
4765.0 1.93607272669
4770.0 1.93607934153
4775.0 1.93609010297
4780.0 1.9360967178
4785.0 1.93610705636
4790.0 1.93611367119
4795.0 1.93612316229
4800.0 1.93612935381
4805.0 1.93613884492
4810.0 1.93614461356
4815.0 1.93615410466
4820.0 1.93615902585
4825.0 1.93616809364
4830.0 1.93617301483
4835.0 1.9361816589
4840.0 1.93618573305
4845.0 1.93619395381
4850.0 1.93619760381
4855.0 1.93620540127
4860.0 1.93620905169
4865.0 1.93621600127
4870.0 1.93621880424
4875.0 1.93622533051
4880.0 1.93622770975
4885.0 1.93623423517
4890.0 1.93623619237
4895.0 1.93624144576
4900.0 1.93624213686
4905.0 1.93624824746
4910.0 1.93624764788
4915.0 1.93625249534
4920.0 1.93625316441
4925.0 1.93625674068
4930.0 1.93625698475
4935.0 1.9362614089
4940.0 1.93625699322
4945.0 1.93626480551
4950.0 1.93626038856
4955.0 1.93626608305
4960.0 1.93626251568
4965.0 1.93626651356
4970.0 1.93626336864
4975.0 1.93626524449
4980.0 1.93626295127
4985.0 1.9362648089
4990.0 1.93626168051
4995.0 1.93626312288
5000.0 1.9362599911
5005.0 1.93626016271
5010.0 1.93625703008
5015.0 1.93625720169
5020.0 1.93625322161
5025.0 1.9362533928
5030.0 1.93624898898
5035.0 1.93624873686
5040.0 1.93624433178
5045.0 1.93624323305
5050.0 1.93623882754
5055.0 1.93623815297
5060.0 1.93623290169
5065.0 1.93623179619
5070.0 1.93622655042
5075.0 1.93622501949
5080.0 1.93621977246
5085.0 1.93621824407
5090.0 1.93621257203
5095.0 1.9362114661
5100.0 1.93620494703
5105.0 1.93620299449
5110.0 1.93619732161
5115.0 1.93619536907
5120.0 1.93618927288
5125.0 1.9361877428
5130.0 1.93618164703
5135.0 1.93617926949
5140.0 1.93617359746
5145.0 1.93617122203
5150.0 1.93616511907
5155.0 1.9361635928
5160.0 1.93615749364
5165.0 1.93615554492
5170.0 1.93614902119
5175.0 1.93614706992
5180.0 1.93614096695
5185.0 1.93613944153
5190.0 1.93613333983
5195.0 1.93613181314
5200.0 1.93612571102
5205.0 1.93612333814
5210.0 1.9361180822
5215.0 1.93611570932
5220.0 1.93611045381
5225.0 1.93610892712
5230.0 1.93610367288
5235.0 1.93610172246
5240.0 1.93609646653
5245.0 1.9360949411
5250.0 1.93608926992
5255.0 1.93608902119
5260.0 1.93608333051
5265.0 1.93608266356
5270.0 1.93607739534
5275.0 1.93607673008
5280.0 1.93607103729
5285.0 1.9360712178
5290.0 1.936066375
5295.0 1.93606655381
5300.0 1.93606256356
5305.0 1.93606104195
5310.0 1.93605874153
5315.0 1.93605595593
5320.0 1.93605407669
5325.0 1.93605510424
5330.0 1.93604941271
5335.0 1.93605044068
5340.0 1.93604687373
5345.0 1.93604873983
5350.0 1.93604178178
5355.0 1.93604450169
5360.0 1.93604601229
5365.0 1.9360402572
5370.0 1.93604007542
5375.0 1.936042375
5380.0 1.93603838178
5385.0 1.93604278983
5390.0 1.93603753347
5395.0 1.93604321356
5400.0 1.93603711102
5405.0 1.93604066907
5410.0 1.93603753093
5415.0 1.93604151441
5420.0 1.9360362572
5425.0 1.93604363051
5430.0 1.93603667839
5435.0 1.93604405212
5440.0 1.93603963602
5445.0 1.93604574534
5450.0 1.93604090381
5455.0 1.93604616907
5460.0 1.93604260042
5465.0 1.93604743729
5470.0 1.93604428941
5475.0 1.93605040127
5480.0 1.93604640593
5485.0 1.93605167034
5490.0 1.93604852458
5495.0 1.93605463475
5500.0 1.93605148729
5505.0 1.93605717119
5510.0 1.93605657203
5515.0 1.93605886822
5520.0 1.93605953644
5525.0 1.93606183432
5530.0 1.93606334788
5535.0 1.93606395297
5540.0 1.93606631186
5545.0 1.93606860975
5550.0 1.93606927839
5555.0 1.93607284958
5560.0 1.93607182458
5565.0 1.93607750932
5570.0 1.93607521017
5575.0 1.93608089915
5580.0 1.93607944661
5585.0 1.93608471229
5590.0 1.93608199025
5595.0 1.93608810254
5600.0 1.93608622712
5605.0 1.93609233941
5610.0 1.93609088729
5615.0 1.93609530678
5620.0 1.93609597161
5625.0 1.93609742669
5630.0 1.93609851441
5635.0 1.93609996864
5640.0 1.93610402331
5645.0 1.93610505
5650.0 1.93610656695
5655.0 1.93610844407
5660.0 1.9361099572
5665.0 1.9361101411
5670.0 1.93611419576
5675.0 1.93611395339
5680.0 1.93611716356
5685.0 1.93611861653
5690.0 1.93611971144
5695.0 1.93612285466
5700.0 1.93611928432
5705.0 1.93612709322
5710.0 1.93612140381
5715.0 1.93612878941
5720.0 1.93612394873
5725.0 1.93613006186
5730.0 1.93612776144
5735.0 1.93613175763
5740.0 1.93613115424
5745.0 1.93613175805
5750.0 1.93613285593
5755.0 1.93613642373
5760.0 1.93613497373
5765.0 1.93613515127
5770.0 1.93613539322
5775.0 1.9361385411
5780.0 1.93613794025
5785.0 1.93613981822
5790.0 1.93613836525
5795.0 1.93614108941
5800.0 1.93613878983
5805.0 1.93614024322
5810.0 1.93614006271
5815.0 1.93614151102
5820.0 1.9361409089
5825.0 1.93614236102
5830.0 1.93614006568
5835.0 1.93614236737
5840.0 1.93614133983
5845.0 1.93614278941
5850.0 1.93614091356
5855.0 1.93614194449
5860.0 1.93614049237
5865.0 1.93614109703
5870.0 1.93614006907
5875.0 1.93614194322
5880.0 1.93614049534
5885.0 1.93614110297
5890.0 1.93613880339
5895.0 1.93614025254
5900.0 1.93613837881
5905.0 1.9361394072
5910.0 1.9361371072
5915.0 1.93613813602
5920.0 1.93613541314
5925.0 1.93613728729
5930.0 1.93613583983
5935.0 1.93613644619
5940.0 1.93613287542
5945.0 1.93613390042
5950.0 1.93613287246
5955.0 1.9361339
5960.0 1.93613075636
5965.0 1.93613178686
5970.0 1.93612906398
5975.0 1.93612966568
5980.0 1.93612736525
5985.0 1.93612881653
5990.0 1.93612567288
5995.0 1.93612670042
6000.0 1.93612397754
6005.0 1.93612500254
6010.0 1.93612313051
6015.0 1.93612373771
6020.0 1.93612016695
6025.0 1.93612119407
6030.0 1.93611889873
6035.0 1.93612034576
6040.0 1.93611677415
6045.0 1.9361169572
6050.0 1.93611635424
6055.0 1.93611610169
6060.0 1.93611339025
6065.0 1.93611483729
6070.0 1.9361125411
6075.0 1.93611313686
6080.0 1.93610999068
6085.0 1.9361114411
6090.0 1.93610916186
6095.0 1.93610975085
6100.0 1.93610746695
6105.0 1.93610849576
6110.0 1.93610576017
6115.0 1.93610720678
6120.0 1.93610574661
6125.0 1.93610592712
6130.0 1.93610151398
6135.0 1.93610468051
6140.0 1.93610446992
6145.0 1.93610423178
6150.0 1.93610108051
6155.0 1.93610171271
6160.0 1.93610067669
6165.0 1.93610255805
6170.0 1.93609981186
6175.0 1.93610085381
6180.0 1.93609811525
6185.0 1.93609958898
6190.0 1.93609811992
6195.0 1.9360987411
6200.0 1.93609684237
6205.0 1.93609873517
6210.0 1.93609684153
6215.0 1.93609789237
6220.0 1.93609557627
6225.0 1.93609662034
6230.0 1.93609514619
6235.0 1.93609661483
6240.0 1.93609429788
6245.0 1.93609577246
6250.0 1.93609430254
6255.0 1.93609577161
6260.0 1.93609387373
6265.0 1.93609491822
6270.0 1.93609260127
6275.0 1.93609492331
6280.0 1.93609303008
6285.0 1.93609449873
6290.0 1.93609302458
6295.0 1.93609449237
6300.0 1.93609302331
6305.0 1.93609449788
6310.0 1.93609218051
6315.0 1.93609364915
6320.0 1.93609259915
6325.0 1.9360944911
6330.0 1.93609302203
6335.0 1.93609449619
6340.0 1.93609260254
6345.0 1.93609449534
6350.0 1.93609302161
6355.0 1.93609448941
6360.0 1.93609259619
6365.0 1.93609491864
6370.0 1.93609344873
6375.0 1.93609534195
6380.0 1.93609386737
6385.0 1.93609533475
6390.0 1.93609428983
6395.0 1.93609618898
6400.0 1.93609429534
6405.0 1.93609576441
6410.0 1.93609513729
6415.0 1.93609660508
6420.0 1.93609598432
6425.0 1.9360974589
6430.0 1.93609556525
6435.0 1.93609830678
6440.0 1.9360968322
6445.0 1.9360983072
6450.0 1.93609683136
6455.0 1.93610000085
6460.0 1.93609810593
6465.0 1.93609957669
6470.0 1.93609810593
6475.0 1.93609915085
6480.0 1.93609937669
6485.0 1.93610000169
6490.0 1.93609979958
6495.0 1.93610042119
6500.0 1.93610022288
6505.0 1.9361016928
6510.0 1.93610064703
6515.0 1.93610254068
6520.0 1.93610106568
6525.0 1.93610381017
6530.0 1.93610148983
6535.0 1.93610465678
6540.0 1.93610233602
6545.0 1.93610550381
6550.0 1.93610318729
6555.0 1.93610508686
6560.0 1.93610361059
6565.0 1.93610593008
6570.0 1.93610445508
6575.0 1.93610635297
6580.0 1.93610488432
6585.0 1.93610677669
6590.0 1.93610615
6595.0 1.93610804788
6600.0 1.93610657627
6605.0 1.93610847119
6610.0 1.93610699873
6615.0 1.93610931695
6620.0 1.93610869322
6625.0 1.93611058898
6630.0 1.93610869322
6635.0 1.93611058856
6640.0 1.93610954322
6645.0 1.93611101398
6650.0 1.93610953983
6655.0 1.93611186144
6660.0 1.93611039068
6665.0 1.93611228644
6670.0 1.93611123814
6675.0 1.9361131339
6680.0 1.93611123898
6685.0 1.93611356059
6690.0 1.93611208771
6695.0 1.93611356059
6700.0 1.93611166653
6705.0 1.93611398517
6710.0 1.93611251441
6715.0 1.93611398602
6720.0 1.93611251356
6725.0 1.9361148339
6730.0 1.93611336186
6735.0 1.93611483093
6740.0 1.93611378475
6745.0 1.93611483263
6750.0 1.93611378008
6755.0 1.93611567839
6760.0 1.93611378178
6765.0 1.9361161
6770.0 1.93611420508
6775.0 1.9361161
6780.0 1.93611505551
6785.0 1.93611610042
6790.0 1.93611505424
6795.0 1.93611653008
6800.0 1.93611505593
6805.0 1.93611737669
6810.0 1.93611463432
6815.0 1.93611652797
6820.0 1.93611505763
6825.0 1.93611610551
6830.0 1.93611462924
6835.0 1.93611695
6840.0 1.93611547797
6845.0 1.93611652669
6850.0 1.93611548008
6855.0 1.93611653093
6860.0 1.93611506017
6865.0 1.93611695466
6870.0 1.93611548432
6875.0 1.93611652881
6880.0 1.93611505466
6885.0 1.93611695212
6890.0 1.93611463178
6895.0 1.93611652754
6900.0 1.93611463347
6905.0 1.93611652797
6910.0 1.93611505636
6915.0 1.93611653347
6920.0 1.93611463602
6925.0 1.93611653305
6930.0 1.93611421271
6935.0 1.93611568305
6940.0 1.93611420805
6945.0 1.93611525847
6950.0 1.93611378602
6955.0 1.93611525593
6960.0 1.93611421102
6965.0 1.93611483178
6970.0 1.93611421102
6975.0 1.93611483814
6980.0 1.93611294322
6985.0 1.93611483814
6990.0 1.93611251907
6995.0 1.93611441229
7000.0 1.93611209195
7005.0 1.93611398941
7010.0 1.93611166568
7015.0 1.93611441059
7020.0 1.93611166695
7025.0 1.93611356314
7030.0 1.93611209237
7035.0 1.93611314407
7040.0 1.93611251695
7045.0 1.93611314237
7050.0 1.93611124915
7055.0 1.93611229322
7060.0 1.93611124958
7065.0 1.93611144661
7070.0 1.93611039576
7075.0 1.9361122928
7080.0 1.93610997288
7085.0 1.9361118678
7090.0 1.93610954703
7095.0 1.93611186822
7100.0 1.93610955
7105.0 1.93611144746
7110.0 1.93610954958
7115.0 1.93611144958
7120.0 1.93610912839
7125.0 1.93611144873
7130.0 1.93610870551
7135.0 1.93610932797
7140.0 1.93610912924
7145.0 1.93610890466
7150.0 1.93610827712
7155.0 1.93610932627
7160.0 1.93610785466
7165.0 1.93610932373
7170.0 1.93610785254
7175.0 1.93610932458
7180.0 1.93610785551
7185.0 1.93610932669
7190.0 1.93610743051
7195.0 1.93610933051
7200.0 1.93610616229
7205.0 1.93610933051
7210.0 1.93610658559
7215.0 1.93610848263
7220.0 1.93610658475
7225.0 1.93610763263
7230.0 1.93610616102
7235.0 1.93610720847
7240.0 1.93610573347
7245.0 1.93610678347
7250.0 1.93610615847
7255.0 1.93610762797
7260.0 1.93610658136
7265.0 1.93610720424
7270.0 1.93610615975
7275.0 1.93610678008
7280.0 1.93610573475
7285.0 1.9361076339
7290.0 1.93610488898
7295.0 1.93610763305
7300.0 1.9361044661
7305.0 1.93610805847
7310.0 1.93610488941
7315.0 1.93610721017
7320.0 1.93610531271
7325.0 1.93610636059
7330.0 1.93610531271
7335.0 1.93610593729
7340.0 1.93610488517
7345.0 1.93610551102
7350.0 1.93610531441
7355.0 1.93610593475
7360.0 1.93610530932
7365.0 1.93610677881
7370.0 1.93610573263
7375.0 1.93610720254
7380.0 1.93610530847
7385.0 1.93610635551
7390.0 1.93610531059
7395.0 1.93610720424
7400.0 1.93610530932
7405.0 1.93610720678
7410.0 1.93610488559
7415.0 1.93610763347
7420.0 1.93610446314
7425.0 1.9361076322
7430.0 1.93610531186
7435.0 1.9361076322
7440.0 1.93610573517
7445.0 1.93610635975
7450.0 1.93610531314
7455.0 1.93610635805
7460.0 1.93610616186
7465.0 1.93610593771
7470.0 1.93610616059
7475.0 1.93610635763
7480.0 1.93610573559
7485.0 1.93610720593
7490.0 1.93610531229
7495.0 1.93610763008
7500.0 1.93610530636
7505.0 1.93610847627
7510.0 1.9361053072
7515.0 1.93610805212
7520.0 1.93610488263
7525.0 1.93610805127
7530.0 1.93610615466
7535.0 1.93610805085
7540.0 1.93610700424
7545.0 1.93610720297
7550.0 1.93610742585
7555.0 1.93610762627
7560.0 1.93610742881
7565.0 1.93610805042
7570.0 1.93610742839
7575.0 1.93610804958
7580.0 1.93610700424
7585.0 1.93610890297
7590.0 1.93610658178
7595.0 1.93610890254
7600.0 1.93610615805
7605.0 1.93610975042
7610.0 1.9361065822
7615.0 1.93610975127
7620.0 1.93610700551
7625.0 1.93610932627
7630.0 1.93610743051
7635.0 1.93610890212
7640.0 1.93610785508
7645.0 1.93610890169
7650.0 1.93610827966
7655.0 1.93610847627
7660.0 1.93610827966
7665.0 1.93610890424
7670.0 1.93610827881
7675.0 1.93610932415
7680.0 1.93610827881
7685.0 1.93610974915
7690.0 1.93610785381
7695.0 1.93610974915
7700.0 1.93610785212
7705.0 1.93611017246
7710.0 1.93610785297
7715.0 1.93611017203
7720.0 1.93610827373
7725.0 1.93610974703
7730.0 1.93610870297
7735.0 1.93610974703
7740.0 1.93610912161
7745.0 1.93611017076
7750.0 1.93610912288
7755.0 1.93611101568
7760.0 1.93610912119
7765.0 1.9361114411
7770.0 1.93610869788
7775.0 1.93611144195
7780.0 1.93610869619
7785.0 1.93611144153
7790.0 1.93610869661
7795.0 1.93611101822
7800.0 1.93610912203
7805.0 1.93611059364
7810.0 1.93610954576
7815.0 1.93611059237
7820.0 1.93611039534
7825.0 1.9361105928
7830.0 1.93611039195
7835.0 1.93611059322
7840.0 1.93610997161
7845.0 1.93611101695
7850.0 1.93610954322
7855.0 1.93611186653
7860.0 1.93610954746
7865.0 1.9361114428
7870.0 1.93610954576
7875.0 1.93611186737
7880.0 1.93610997161
7885.0 1.93611101864
7890.0 1.93610997076
7895.0 1.93611144025
7900.0 1.93611081992
7905.0 1.93611059322
7910.0 1.93610997203
7915.0 1.93611101822
7920.0 1.93610997203
7925.0 1.93611144364
7930.0 1.93610954788
7935.0 1.93611187076
7940.0 1.93610827797
7945.0 1.93611186822
7950.0 1.93610954831
7955.0 1.93611187119
7960.0 1.93610954873
7965.0 1.93611102161
7970.0 1.93610997331
7975.0 1.93611102161
7980.0 1.93610955254
7985.0 1.93611059788
7990.0 1.93610870551
7995.0 1.93611059873
8000.0 1.93610955169
8005.0 1.936111025
8010.0 1.93610870297
8015.0 1.93611144831
8020.0 1.93610912669
8025.0 1.93611144746
8030.0 1.93610912585
8035.0 1.93611059788
8040.0 1.93610955042
8045.0 1.93611017458
8050.0 1.93610955127
8055.0 1.93610974958
8060.0 1.93610912839
8065.0 1.93610974915
8070.0 1.93610912797
8075.0 1.93611017288
8080.0 1.93610912246
8085.0 1.9361114428
8090.0 1.93610785169
8095.0 1.93611101864
8100.0 1.93610827373
8105.0 1.9361114428
8110.0 1.936108275
8115.0 1.93611059576
8120.0 1.936108275
8125.0 1.93611017119
8130.0 1.93610869915
8135.0 1.93611016992
8140.0 1.93610954873
8145.0 1.93610974619
8150.0 1.93610954831
8155.0 1.93610974619
8160.0 1.936109125
8165.0 1.93611017542
8170.0 1.93610785466
8175.0 1.93611059831
8180.0 1.93610743263
8185.0 1.93611060042
8190.0 1.93610700763
8195.0 1.93611059958
8200.0 1.93610785466
8205.0 1.93611017585
8210.0 1.93610785508
8215.0 1.93610932627
8220.0 1.93610870297
8225.0 1.93610847924
8230.0 1.93610785636
8235.0 1.93610847797
8240.0 1.93610785212
8245.0 1.93610932458
8250.0 1.93610828051
8255.0 1.936109325
8260.0 1.93610785127
8265.0 1.93611016907
8270.0 1.93610742754
8275.0 1.93610932246
8280.0 1.93610785339
8285.0 1.93611017119
8290.0 1.936107425
8295.0 1.93610974831
8300.0 1.93610785297
8305.0 1.93610974958
8310.0 1.93610827627
8315.0 1.93611017585
8320.0 1.93610785551
8325.0 1.93610975127
8330.0 1.93610827839
8335.0 1.93610890297
8340.0 1.93610785636
8345.0 1.93610890127
8350.0 1.93610828093
8355.0 1.93610847797
8360.0 1.93610785593
8365.0 1.93610847754
8370.0 1.93610742754
8375.0 1.93610974788
8380.0 1.93610700424
8385.0 1.93610932246
8390.0 1.93610700212
8395.0 1.93610974746
8400.0 1.93610742924
8405.0 1.93610890042
8410.0 1.93610785127
8415.0 1.93610975212
8420.0 1.93610785339
8425.0 1.93610975085
8430.0 1.93610743136
8435.0 1.93610932754
8440.0 1.93610785593
8445.0 1.93610847797
8450.0 1.93610827966
8455.0 1.93610805508
8460.0 1.93610785636
8465.0 1.93610805381
8470.0 1.93610742754
8475.0 1.93610932119
8480.0 1.93610742797
8485.0 1.93610932119
8490.0 1.93610785339
8495.0 1.93610932203
8500.0 1.93610785212
8505.0 1.93610975212
8510.0 1.93610700636
8515.0 1.93611017458
8520.0 1.9361070072
8525.0 1.93611017627
8530.0 1.93610743093
8535.0 1.93610890169
8540.0 1.93610743051
8545.0 1.93610847924
8550.0 1.93610742627
8555.0 1.93610890085
8560.0 1.93610742797
8565.0 1.93610932203
8570.0 1.93610785169
8575.0 1.93610932119
8580.0 1.93610870085
8585.0 1.93610889746
8590.0 1.93610827585
8595.0 1.93610932288
8600.0 1.93610827669
8605.0 1.93610975085
8610.0 1.9361070089
8615.0 1.936110175
8620.0 1.93610743178
8625.0 1.93611017585
8630.0 1.93610743051
8635.0 1.93610932585
8640.0 1.93610785381
8645.0 1.93610890297
8650.0 1.93610742585
8655.0 1.93610932458
8660.0 1.93610785466
8665.0 1.93610890085
8670.0 1.93610785085
8675.0 1.93610974576
8680.0 1.93610869915
8685.0 1.93610932161
8690.0 1.93610912458
8695.0 1.93610932076
8700.0 1.9361087
8705.0 1.93610974703
8710.0 1.93610827669
8715.0 1.936110175
8720.0 1.93610700636
8725.0 1.93611059831
8730.0 1.93610743136
8735.0 1.9361106
8740.0 1.93610785466
8745.0 1.93611017542
8750.0 1.93610785381
8755.0 1.93610932585
8760.0 1.93610870212
8765.0 1.93610890297
8770.0 1.93610785551
8775.0 1.93610890085
8780.0 1.936108275
8785.0 1.93610932415
8790.0 1.93610870424
8795.0 1.93610890042
8800.0 1.93610827458
8805.0 1.93611016864
8810.0 1.93610912203
8815.0 1.93611101695
8820.0 1.93610785
8825.0 1.93610974619
8830.0 1.93610827669
8835.0 1.93611059492
8840.0 1.93610784873
8845.0 1.93611059534
8850.0 1.93610827585
8855.0 1.93611059661
8860.0 1.9361087
8865.0 1.93611059915
8870.0 1.93610870085
8875.0 1.93611017373
8880.0 1.93610912542
8885.0 1.93611017373
8890.0 1.93610828093
8895.0 1.93610932627
8900.0 1.93610870466
8905.0 1.93610932797
8910.0 1.93610912712
8915.0 1.93610975339
8920.0 1.93610827924
8925.0 1.93610974915
8930.0 1.93610827881
8935.0 1.93611017415
8940.0 1.93610785254
8945.0 1.93611017331
8950.0 1.93610742966
8955.0 1.93611017331
8960.0 1.93610785042
8965.0 1.93610974831
8970.0 1.93610827542
8975.0 1.93610932373
8980.0 1.93610869958
8985.0 1.93610974534
8990.0 1.93610954619
8995.0 1.9361105928
9000.0 1.93610869915
9005.0 1.93610974534
9010.0 1.93610869703
9015.0 1.93611017076
9020.0 1.93610827288
9025.0 1.93611059492
9030.0 1.93610869958
9035.0 1.93611059746
9040.0 1.93610827585
9045.0 1.93611017246
9050.0 1.93610827542
9055.0 1.93611059449
9060.0 1.93610954831
9065.0 1.93611016992
9070.0 1.93610912458
9075.0 1.93610975042
9080.0 1.93610870169
9085.0 1.93610974619
9090.0 1.93610912542
9095.0 1.936110175
9100.0 1.93610785678
9105.0 1.93611017542
9110.0 1.93610743178
9115.0 1.93611017542
9120.0 1.93610785508
9125.0 1.93611102373
9130.0 1.93610827839
9135.0 1.93611059958
9140.0 1.93610827924
9145.0 1.93610932797
9150.0 1.93610827881
9155.0 1.93610932542
9160.0 1.93610912797
9165.0 1.93610890424
9170.0 1.93610870381
9175.0 1.93610890085
9180.0 1.93610828093
9185.0 1.93610932585
9190.0 1.93610827966
9195.0 1.93611017373
9200.0 1.93610785254
9205.0 1.93611017373
9210.0 1.93610742627
9215.0 1.93611017246
9220.0 1.93610743008
9225.0 1.93610974873
9230.0 1.93610785085
9235.0 1.93610932458
9240.0 1.93610870466
9245.0 1.93610890042
9250.0 1.936108275
9255.0 1.93610974492
9260.0 1.93610869915
9265.0 1.93611059237
9270.0 1.93610827415
9275.0 1.93611017034
9280.0 1.93610742542
9285.0 1.93611017161
9290.0 1.93610742585
9295.0 1.93610974746
9300.0 1.93610785085
9305.0 1.93610974746
9310.0 1.93610912415
9315.0 1.93610889873
9320.0 1.93610912373
9325.0 1.93610932161
9330.0 1.93610912458
9335.0 1.93610974661
9340.0 1.93610870085
9345.0 1.93610974619
9350.0 1.93610785212
9355.0 1.93611017627
9360.0 1.93610700678
9365.0 1.93611059873
9370.0 1.93610743008
9375.0 1.93611059915
9380.0 1.93610785508
9385.0 1.93611017542
9390.0 1.93610828008
9395.0 1.93610932669
9400.0 1.93610870424
9405.0 1.93610890127
9410.0 1.93610870466
9415.0 1.93610848136
9420.0 1.93610827966
9425.0 1.93610890127
9430.0 1.93610785424
9435.0 1.93610974958
9440.0 1.93610785466
9445.0 1.93610975
9450.0 1.93610700212
9455.0 1.93611017246
9460.0 1.93610742712
9465.0 1.93610974788
9470.0 1.93610742712
9475.0 1.93610974661
9480.0 1.93610870085
9485.0 1.93610932288
9490.0 1.93610954534
9495.0 1.93610889831
9500.0 1.936109125
9505.0 1.93610932288
9510.0 1.93610870085
9515.0 1.93610975127
9520.0 1.93610743305
9525.0 1.93611017542
9530.0 1.93610785593
9535.0 1.93611017669
9540.0 1.93610785424
9545.0 1.93610975
9550.0 1.93610785466
9555.0 1.93610932712
9560.0 1.93610742627
9565.0 1.936109325
9570.0 1.93610785551
9575.0 1.936109325
9580.0 1.93610785127
9585.0 1.93610974576
9590.0 1.93610912288
9595.0 1.93610932203
9600.0 1.93610870085
9605.0 1.93610932119
9610.0 1.9361087
9615.0 1.93610974788
9620.0 1.93610827669
9625.0 1.93611017542
9630.0 1.93610743178
9635.0 1.93611059958
9640.0 1.93610700763
9645.0 1.93611059915
9650.0 1.93610785466
9655.0 1.93610974958
9660.0 1.93610827839
9665.0 1.93610890297
9670.0 1.93610785508
9675.0 1.93610890169
9680.0 1.93610785127
9685.0 1.93610932458
9690.0 1.93610827585
9695.0 1.93610974534
9700.0 1.93610869873
9705.0 1.93610974534
9710.0 1.93610869915
9715.0 1.93610932119
9720.0 1.93610870127
9725.0 1.93610974576
9730.0 1.93610827585
9735.0 1.93611017585
9740.0 1.93610743008
9745.0 1.93611059873
9750.0 1.93610700678
9755.0 1.93611059915
9760.0 1.93610785466
9765.0 1.9361106
9770.0 1.93610785508
9775.0 1.93610890212
9780.0 1.93610827839
9785.0 1.93610932839
9790.0 1.93610870297
9795.0 1.936109325
9800.0 1.93610827966
9805.0 1.93610847754
9810.0 1.93610785127
9815.0 1.93610974788
9820.0 1.93610827627
9825.0 1.93611059237
9830.0 1.93610869873
9835.0 1.93610974576
9840.0 1.93610827331
9845.0 1.93611059407
9850.0 1.93610784958
9855.0 1.93611017034
9860.0 1.9361087
9865.0 1.93611017161
9870.0 1.936108275
9875.0 1.93611017246
9880.0 1.93610827627
9885.0 1.93611059915
9890.0 1.93610827712
9895.0 1.93611017076
9900.0 1.93610870127
9905.0 1.93610975127
9910.0 1.93610828051
9915.0 1.93610932627
9920.0 1.93610870254
9925.0 1.93610975
9930.0 1.93610870466
9935.0 1.93610932839
9940.0 1.93610827966
9945.0 1.936109325
9950.0 1.93610828008
9955.0 1.93610975381
9960.0 1.93610785424
9965.0 1.93611017331
9970.0 1.93610785254
9975.0 1.93611017373
9980.0 1.93610742966
9985.0 1.93610974958
9990.0 1.93610742669
9995.0 1.93610974831
10000.0 1.93610827542
