/*--------------------------------*- C++ -*----------------------------------*\
| =========                 |                                                 |
| \\      /  F ield         | OpenFOAM: The Open Source CFD Toolbox           |
|  \\    /   O peration     | Version:  2.3.0                                 |
|   \\  /    A nd           | Web:      www.OpenFOAM.org                      |
|    \\/     M anipulation  |                                                 |
\*---------------------------------------------------------------------------*/
FoamFile
{
    version     2.0;
    format      ascii;
    class       volScalarField;
    location    "3000";
    object      nuTilda;
}
// * * * * * * * * * * * * * * * * * * * * * * * * * * * * * * * * * * * * * //

dimensions      [0 2 -1 0 0 0 0];

internalField   nonuniform List<scalar> 
6748
(
0.0586232
0.0527748
0.0475745
0.0431981
0.0397363
0.0370951
0.0345651
0.0319916
0.0293995
0.0267566
0.0240878
0.0218706
0.066016
0.061783
0.0580677
0.0548574
0.0521719
0.0500228
0.0483908
0.0472324
0.0464958
0.0461181
0.0460436
0.0462198
0.0722542
0.0692141
0.0666056
0.0644098
0.0626134
0.0611983
0.0601377
0.0593979
0.0589422
0.0587325
0.0587309
0.0589022
0.0775109
0.0752811
0.0733975
0.0718261
0.0705465
0.0695386
0.0687805
0.0682494
0.0679224
0.0677764
0.0677901
0.067942
0.0818753
0.0802198
0.0788169
0.0776427
0.0766808
0.0759165
0.0753355
0.0749241
0.0746694
0.0745579
0.0745777
0.0747157
0.085518
0.0842596
0.0831826
0.0822719
0.0815169
0.0809092
0.0804407
0.0801043
0.0798937
0.0798023
0.0798235
0.0799496
0.0885694
0.0875881
0.0867385
0.0860092
0.0853952
0.0848938
0.0845019
0.0842161
0.0840346
0.0839558
0.0839771
0.084094
0.0911331
0.0903523
0.0896676
0.0890693
0.0885535
0.0881275
0.087791
0.0875419
0.0873803
0.0873088
0.0873294
0.0874396
0.0933003
0.0926663
0.0921044
0.0916097
0.0911596
0.090788
0.0904942
0.0902749
0.0901277
0.0900578
0.0900766
0.0901822
0.0951521
0.0946216
0.0941469
0.0937498
0.0933335
0.0930018
0.0927417
0.09255
0.0924174
0.0923402
0.092355
0.0924571
0.023381
0.0272043
0.0296234
0.0321153
0.0351142
0.0387322
0.0429587
0.0477377
0.053
0.0586693
0.0646641
0.070924
0.0465641
0.0471179
0.0480026
0.0492753
0.0509839
0.0531638
0.0558332
0.0589887
0.0626068
0.0666472
0.0710602
0.0758245
0.0592052
0.0596638
0.0603408
0.0612675
0.0624747
0.0639905
0.065839
0.068036
0.0705878
0.0734905
0.0767333
0.0803431
0.0682108
0.0686095
0.0691719
0.0699165
0.0708607
0.0720216
0.073416
0.0750574
0.0769564
0.0791199
0.081555
0.0843096
0.0749589
0.0753153
0.0758042
0.0764353
0.0772179
0.0781612
0.0792745
0.0805657
0.0820424
0.0837116
0.0855831
0.0877068
0.0801725
0.0804968
0.0809334
0.0814867
0.0821612
0.0829601
0.0838872
0.0849456
0.0861382
0.0874681
0.0889396
0.0905749
0.0843013
0.0846009
0.0849986
0.0854956
0.0860928
0.0867902
0.0875873
0.0884834
0.0894772
0.0905681
0.0917592
0.0930711
0.0876348
0.0879151
0.0882828
0.0887373
0.0892768
0.0898997
0.0906027
0.0913818
0.0922319
0.0931482
0.0941294
0.0951873
0.0903693
0.090633
0.0909774
0.0913985
0.0918932
0.0924596
0.0930928
0.0937849
0.0945281
0.0953156
0.0961392
0.0970092
0.0926408
0.0928852
0.0932107
0.0936047
0.0940617
0.0945832
0.0951635
0.0957855
0.0964427
0.0971334
0.0978645
0.0985777
0.064722
0.0533696
0.0442806
0.0370501
0.031196
0.0263139
0.0223222
0.0195426
0.017161
0.0146666
0.0118993
0.00866608
0.0671923
0.0577752
0.050615
0.045284
0.0415513
0.0384552
0.0352552
0.0318736
0.028306
0.0244958
0.0203592
0.0157943
0.0700321
0.0625829
0.0572322
0.0537112
0.0505747
0.0473452
0.0438898
0.0401347
0.0360301
0.0315315
0.0265922
0.0211668
0.0730965
0.0673388
0.0635434
0.0604344
0.0572883
0.0539224
0.0502484
0.0462025
0.0417292
0.0367751
0.0312864
0.0252134
0.0761981
0.0717529
0.0686783
0.0656767
0.0625013
0.0590385
0.0552102
0.0509504
0.0461971
0.0408858
0.0349513
0.0283286
0.0791766
0.0757989
0.0728657
0.0698877
0.0666867
0.0631572
0.0592183
0.0547965
0.0498187
0.0442097
0.0378913
0.0307849
0.0818987
0.079045
0.0762558
0.0733196
0.070114
0.0665438
0.0625247
0.0579757
0.0528133
0.0469503
0.0402953
0.0327586
0.0844422
0.0817622
0.0790557
0.0761597
0.0729624
0.0693682
0.0652896
0.0606389
0.0553229
0.049242
0.0422916
0.0343718
0.0865408
0.0840079
0.0813809
0.0785316
0.0753534
0.0717487
0.0676237
0.0628883
0.0574438
0.0511833
0.0439856
0.0357304
0.0882784
0.0858613
0.0833149
0.0805209
0.0773727
0.0737706
0.0696069
0.0647917
0.0592323
0.052842
0.0454828
0.0369836
0.00487876
0.00199414
0.00185192
0.00243932
0.00315554
0.00418659
0.00574075
0.00773623
0.0102365
0.0133203
0.017066
0.0215518
0.010565
0.00505355
0.0025795
0.00302125
0.00393206
0.00516872
0.00682239
0.00885518
0.0113183
0.0142731
0.017784
0.0219149
0.0150496
0.00822175
0.00370688
0.00370589
0.00481123
0.00621446
0.00795869
0.0100196
0.0124378
0.0152584
0.0185313
0.0223046
0.0183723
0.0107361
0.00496477
0.00445913
0.0057218
0.00725882
0.00907792
0.0111574
0.0135257
0.016218
0.0192909
0.0228823
0.0208582
0.0126047
0.00613421
0.00524439
0.00662306
0.00826937
0.0101486
0.0122387
0.014559
0.0171434
0.020051
0.0233607
0.0227577
0.0139973
0.00714039
0.00602681
0.00749013
0.00922865
0.0111572
0.013253
0.0155312
0.0180223
0.0207678
0.0237905
0.0242362
0.0150527
0.00798568
0.00677796
0.0083059
0.0101281
0.012098
0.0141979
0.0164393
0.0188433
0.0214291
0.0241924
0.025408
0.0158685
0.00869997
0.00748689
0.00907321
0.0109646
0.0129701
0.0150732
0.01728
0.0195998
0.0220339
0.0245702
0.0263697
0.0165091
0.0092982
0.00814514
0.0097885
0.0117421
0.0137796
0.0158822
0.0180533
0.0202915
0.0225863
0.0249256
0.0273607
0.0173619
0.00995661
0.00876919
0.0104699
0.012445
0.0144701
0.0165763
0.0187428
0.02091
0.0230676
0.0252343
0.00109764
0.00381155
0.00812333
0.0129398
0.0178169
0.0225965
0.0271629
0.0314841
0.0358215
0.0403905
0.0453439
0.0517029
0.00074283
0.00246502
0.00614789
0.00988696
0.0137785
0.0179331
0.0223038
0.0267896
0.0313375
0.0359993
0.0409291
0.0466296
0.000436031
0.00163078
0.00413345
0.00791462
0.01246
0.01677
0.0209594
0.0251103
0.0292841
0.033574
0.038156
0.0433764
0.000531824
0.00135084
0.00341283
0.00656624
0.0110757
0.0158585
0.0205056
0.0248915
0.0289736
0.0328608
0.0368445
0.0413859
0.000499246
0.00120461
0.00303589
0.00581671
0.00986455
0.0148838
0.0199381
0.0248016
0.0292699
0.0332092
0.0367836
0.0405729
0.000492635
0.00109741
0.00276833
0.00530012
0.00898452
0.0139522
0.0192846
0.0245549
0.0295243
0.0338928
0.0375105
0.0407779
0.000481064
0.00102184
0.00257986
0.00493593
0.00835789
0.0131206
0.0186151
0.0241961
0.0295964
0.034492
0.0385156
0.0416728
0.000476141
0.000967678
0.0024392
0.00466474
0.00789366
0.0124247
0.0179747
0.0237935
0.0295464
0.0349266
0.0395059
0.0429965
0.000473243
0.00092953
0.00233399
0.00446044
0.00754068
0.011871
0.0174058
0.0234055
0.0294492
0.0352434
0.0403701
0.044362
0.000473136
0.000902502
0.00225816
0.00431123
0.00727972
0.0114519
0.0169345
0.0230752
0.0293684
0.0355147
0.0411257
0.0456837
0.000474658
0.000883815
0.00220463
0.00420436
0.00708998
0.0111411
0.0165598
0.0228162
0.0293308
0.0357787
0.0417943
0.0468353
0.000477341
0.000871046
0.00216736
0.00412861
0.00695302
0.010912
0.0162662
0.0226241
0.029346
0.0360621
0.0424186
0.04787
0.000480445
0.000862112
0.00214111
0.00407458
0.00685383
0.0107425
0.0160352
0.0224867
0.0294165
0.0363955
0.0430711
0.0489208
0.000483371
0.000855112
0.00212082
0.00403263
0.00677665
0.01061
0.0158441
0.0223748
0.0295099
0.0367532
0.0437412
0.0499624
0.000485848
0.000848945
0.0021031
0.00399599
0.00670925
0.010494
0.0156678
0.0222503
0.0295699
0.0370582
0.0443257
0.0508529
0.00048786
0.0008434
0.00208748
0.00396386
0.00665045
0.0103933
0.0155107
0.0221253
0.0296166
0.0373485
0.0449088
0.0518183
0.000489305
0.000837975
0.00207256
0.00393357
0.00659562
0.0103
0.0153631
0.0219885
0.0296339
0.0375955
0.0454165
0.0525994
0.000490155
0.000832502
0.00205781
0.00390395
0.00654274
0.0102115
0.0152236
0.0218435
0.0296325
0.0378304
0.0459371
0.0534771
0.000490345
0.000826709
0.0020423
0.00387305
0.00648788
0.0101202
0.0150786
0.0216686
0.029573
0.0379921
0.0463642
0.0541862
0.000489935
0.000820712
0.00202629
0.00384145
0.00643235
0.0100287
0.0149344
0.0214793
0.0294692
0.038096
0.0467413
0.0549101
0.000488976
0.00081447
0.00200943
0.00380851
0.00637493
0.00993476
0.0147872
0.0212749
0.0293131
0.0381114
0.0469922
0.0554348
0.000487673
0.000808293
0.00199272
0.00377623
0.00631925
0.00984474
0.0146476
0.0210782
0.0291449
0.038096
0.0472082
0.0559596
0.000486145
0.000801995
0.00197592
0.00374398
0.0062641
0.00975639
0.0145118
0.0208846
0.0289608
0.0380396
0.0473499
0.0563333
0.000484478
0.000795843
0.00195952
0.00371248
0.00621036
0.00967083
0.0143814
0.0206985
0.0287746
0.0379715
0.0474811
0.0567318
0.000482696
0.000789865
0.00194355
0.00368166
0.00615759
0.00958661
0.0142531
0.0205137
0.0285771
0.0378783
0.0475751
0.0570617
0.000480857
0.000784215
0.00192841
0.00365221
0.00610674
0.00950479
0.0141273
0.0203299
0.0283653
0.0377517
0.0476223
0.0573329
0.000479016
0.000778995
0.0019144
0.00362487
0.00605932
0.00942798
0.0140084
0.020154
0.0281511
0.0376044
0.0476366
0.0575659
0.000477188
0.000774212
0.00190165
0.00360004
0.00601619
0.00935808
0.0138998
0.0199922
0.0279473
0.0374531
0.0476369
0.0577857
0.000475369
0.00076978
0.00188998
0.0035775
0.00597735
0.00929535
0.0138027
0.0198471
0.0277598
0.0373057
0.0476263
0.0579788
0.000473566
0.000765635
0.00187914
0.00355668
0.00594187
0.0092388
0.0137161
0.0197192
0.0275943
0.0371731
0.0476176
0.058161
0.000471783
0.000761691
0.00186886
0.00353694
0.00590835
0.00918578
0.0136359
0.019602
0.027443
0.037048
0.047594
0.0582791
0.000469994
0.000758031
0.00185922
0.00351823
0.0058764
0.00913524
0.01356
0.0194932
0.0273078
0.0369538
0.0476264
0.0585123
0.000468144
0.000754567
0.00185008
0.00350025
0.00584517
0.00908473
0.0134821
0.019378
0.0271557
0.03683
0.0476215
0.0586775
0.000466216
0.000751251
0.00184138
0.0034832
0.00581557
0.00903652
0.0134066
0.019263
0.0269932
0.0366681
0.0475454
0.058718
0.000464221
0.000747985
0.00183296
0.00346679
0.00578732
0.00899108
0.0133364
0.0191576
0.0268455
0.0365197
0.0474838
0.0588069
0.000462162
0.000744826
0.00182482
0.00345095
0.0057602
0.00894788
0.0132707
0.0190609
0.0267135
0.0363936
0.0474521
0.0589482
0.000460028
0.000741764
0.00181687
0.00343531
0.00573319
0.00890463
0.0132048
0.0189645
0.0265828
0.0362701
0.0474314
0.0591184
0.000457824
0.000738796
0.00180921
0.00342009
0.00570662
0.00886145
0.0131377
0.0188629
0.0264363
0.0361028
0.0473191
0.059095
0.000455565
0.000736033
0.00180203
0.00340576
0.0056816
0.00882094
0.013075
0.018769
0.0263024
0.0359522
0.0472355
0.0591604
0.000453254
0.000733413
0.00179522
0.00339204
0.00565747
0.00878157
0.0130138
0.0186771
0.0261707
0.0357991
0.0471358
0.059171
0.000450902
0.000731052
0.00178906
0.0033795
0.00563516
0.00874482
0.0129562
0.0185899
0.0260448
0.0356499
0.0470419
0.0592197
0.00044849
0.000728873
0.0017835
0.00336814
0.00561482
0.00871093
0.0129023
0.0185069
0.0259221
0.0354952
0.046921
0.0592024
0.000446068
0.000726866
0.00177857
0.00335818
0.00559713
0.00868156
0.0128555
0.0184343
0.0258138
0.035356
0.0468063
0.0591784
0.000443627
0.000724964
0.00177394
0.00334902
0.00558128
0.00865589
0.0128153
0.0183729
0.0257231
0.0352417
0.0467165
0.0591646
0.000441094
0.000722984
0.00176925
0.0033399
0.00556586
0.00863164
0.0127788
0.018319
0.0256464
0.0351523
0.0466685
0.0592087
0.000438425
0.000720862
0.00176414
0.00332986
0.00554893
0.00860534
0.0127398
0.0182634
0.0255704
0.0350696
0.0466489
0.0593326
0.000435612
0.000718589
0.00175855
0.00331866
0.0055297
0.00857492
0.0126941
0.0181967
0.025476
0.0349534
0.0465723
0.059366
0.000432687
0.000716342
0.00175286
0.00330693
0.00550905
0.00854167
0.0126432
0.0181218
0.0253694
0.0348176
0.0464654
0.059348
0.000429708
0.000714332
0.00174761
0.00329566
0.00548849
0.00850737
0.0125893
0.0180402
0.0252502
0.0346594
0.0463239
0.0593052
0.000426732
0.000712832
0.0017435
0.0032862
0.00547034
0.00847587
0.0125379
0.0179601
0.0251295
0.0344917
0.0461608
0.059241
0.000423793
0.000711987
0.00174095
0.00327943
0.00545622
0.00844983
0.0124934
0.0178878
0.0250171
0.0343305
0.0459946
0.0591659
0.000420915
0.00071191
0.00174031
0.00327616
0.00544764
0.0084317
0.0124593
0.0178286
0.0249198
0.0341836
0.0458308
0.0590688
0.000418044
0.000712654
0.00174174
0.00327673
0.00544549
0.00842351
0.0124396
0.017789
0.0248484
0.0340697
0.0457083
0.0590546
0.000415132
0.000713925
0.00174469
0.0032804
0.00544886
0.00842435
0.0124338
0.0177691
0.0248028
0.0339848
0.0455951
0.0589405
0.000412193
0.000715785
0.00174903
0.00328672
0.00545701
0.00843343
0.0124415
0.0177708
0.0247898
0.033945
0.0455336
0.0588684
0.000409101
0.000718247
0.00175471
0.00329521
0.00546855
0.00844801
0.0124588
0.0177904
0.0248119
0.0339778
0.0456355
0.0591806
0.000405854
0.000721282
0.00176158
0.00330535
0.0054817
0.00846325
0.0124744
0.0178035
0.024819
0.0339788
0.0456716
0.0593411
0.000402511
0.000725329
0.00177074
0.0033193
0.00550018
0.00848479
0.0124956
0.0178185
0.0248177
0.0339477
0.0456242
0.0593622
0.000399028
0.000730457
0.00178251
0.00333825
0.00552676
0.00851828
0.0125332
0.017854
0.0248399
0.0339396
0.0455899
0.0593915
0.000395287
0.000736545
0.00179682
0.00336194
0.0055615
0.00856469
0.0125904
0.0179184
0.0249032
0.0339885
0.0456239
0.0594659
0.000391278
0.000743862
0.00181359
0.00338953
0.0056024
0.00862054
0.0126618
0.0180045
0.025001
0.0340935
0.0457543
0.0596863
0.000386887
0.000752364
0.00183282
0.00342095
0.00564828
0.00868265
0.0127405
0.0180985
0.025107
0.0342078
0.0458987
0.0599836
0.000382015
0.000762448
0.00185541
0.00345787
0.00570146
0.00875313
0.0128272
0.0181968
0.0252075
0.0342937
0.0459613
0.0601459
0.000376622
0.000774756
0.00188284
0.00350292
0.00576668
0.00883944
0.0129328
0.0183156
0.0253269
0.0343898
0.046005
0.0602223
0.000370527
0.000789874
0.00191644
0.00355856
0.00584778
0.0089475
0.0130665
0.0184688
0.0254864
0.0345336
0.0461101
0.060392
0.000363338
0.000808465
0.00195768
0.00362751
0.00594916
0.00908351
0.0132363
0.018666
0.0256966
0.0347314
0.0462606
0.0605584
0.000354192
0.000831017
0.00200811
0.00371255
0.00607496
0.00925332
0.0134498
0.0189165
0.0259673
0.0349934
0.0464757
0.0607949
0.000341469
0.000858447
0.00206997
0.00381699
0.00623003
0.00946461
0.0137182
0.0192356
0.0263197
0.0353441
0.046761
0.060967
0.000321988
0.00089079
0.00214384
0.00394235
0.00641629
0.00971878
0.014042
0.019624
0.0267586
0.035811
0.0472364
0.0615123
0.000291597
0.000929633
0.00223325
0.00409387
0.0066397
0.0100204
0.0144214
0.0200711
0.0272509
0.0363101
0.0476891
0.0618898
0.00024985
0.000978209
0.00234346
0.00427986
0.00691174
0.0103827
0.0148688
0.0205848
0.0277942
0.0368236
0.0480843
0.0620616
0.000229982
0.00104508
0.00248195
0.00451321
0.00725236
0.0108329
0.0154177
0.0212042
0.0284356
0.0374156
0.0485288
0.0622421
0.000232446
0.00114199
0.00266682
0.00482213
0.00770047
0.0114178
0.0161181
0.0219777
0.0292186
0.0381267
0.0490752
0.0625484
0.000241608
0.00132979
0.00303688
0.00539157
0.00846895
0.0123571
0.0171768
0.0230798
0.0302721
0.0390325
0.0497212
0.0628041
0.000383381
0.00200028
0.00429034
0.00715102
0.0105735
0.0146349
0.0194723
0.0252311
0.0321314
0.0405162
0.0507433
0.0632562
0.00116073
0.00459393
0.00886096
0.0137143
0.0190953
0.0249462
0.0312075
0.0378174
0.0447112
0.0518208
0.0590875
0.0664755
0.000126544
0.00192004
0.00491619
0.00877813
0.0134894
0.0189824
0.0251804
0.031972
0.0392417
0.0468662
0.0547269
0.062737
0.000643455
0.00175716
0.00410311
0.00726311
0.0112773
0.0161379
0.0218247
0.0282802
0.0354103
0.0430874
0.0511591
0.0594664
0.000658799
0.00158012
0.00360668
0.00635764
0.0099027
0.0142807
0.019517
0.0256018
0.0324797
0.0400451
0.0481456
0.0565957
0.00067387
0.00138724
0.00318502
0.00564898
0.00885935
0.0128755
0.017749
0.0235022
0.030114
0.0375084
0.0455511
0.0540658
0.00067611
0.00123656
0.00286273
0.00510863
0.0080603
0.0117868
0.0163557
0.021812
0.0281622
0.03536
0.0432969
0.0518198
0.000677627
0.00112605
0.00261675
0.00468908
0.00743185
0.0109187
0.0152274
0.020419
0.0265222
0.0335165
0.0413201
0.0497912
0.000677821
0.00104031
0.00241982
0.00434906
0.00691851
0.0102033
0.0142878
0.0192452
0.0251218
0.0319218
0.0395973
0.0480509
0.000678298
0.000971379
0.00225761
0.00406643
0.00648943
0.00960132
0.0134913
0.0182414
0.0239126
0.0305308
0.0380761
0.0464777
0.000678844
0.000914902
0.00212188
0.00382802
0.00612512
0.00908733
0.0128066
0.0173715
0.0228541
0.0292939
0.0366774
0.0448874
0.000679246
0.000867843
0.00200668
0.00362458
0.0058113
0.00864225
0.0122101
0.0166081
0.0219157
0.0281822
0.0354052
0.0435132
0.000679534
0.00082805
0.00190754
0.00344829
0.00553737
0.00825198
0.0116844
0.0159307
0.0210758
0.0271776
0.0342459
0.0422246
0.000679746
0.000794109
0.00182111
0.00329354
0.00529557
0.00790613
0.0112163
0.015324
0.0203185
0.0262656
0.0331883
0.0410539
0.000680398
0.000769239
0.00174495
0.00315629
0.00508004
0.0075968
0.0107959
0.0147764
0.0196315
0.025434
0.0322186
0.0399663
0.000682682
0.000760648
0.00167722
0.0030335
0.00488631
0.00731792
0.0104155
0.0142791
0.0190048
0.0246713
0.031322
0.0389423
0.000686367
0.000762809
0.00161663
0.00292284
0.00471093
0.00706484
0.0100694
0.0138251
0.0184307
0.0239703
0.0304975
0.0380208
0.000690439
0.000768044
0.00156218
0.00282244
0.0045511
0.00683382
0.00975266
0.0134085
0.0179018
0.0233201
0.029719
0.0370813
0.000694224
0.000772951
0.00151306
0.00273105
0.00440538
0.00662195
0.00946155
0.0130245
0.0174128
0.0227176
0.0290042
0.0363064
0.000697521
0.000776739
0.00146862
0.00264767
0.00427213
0.00642688
0.00919291
0.0126694
0.0169591
0.0221558
0.0283261
0.0354728
0.000700355
0.000779457
0.00142828
0.00257132
0.00414964
0.00624658
0.00894408
0.0123396
0.0165366
0.0216305
0.0276927
0.0347545
0.00070279
0.000781295
0.00139163
0.00250108
0.00403645
0.00607933
0.00871278
0.0120324
0.0161419
0.0211387
0.0270998
0.0340663
0.000704902
0.000782607
0.00135963
0.00243622
0.0039314
0.00592361
0.00849707
0.0117454
0.0157726
0.0206788
0.0265485
0.0334445
0.000706881
0.000784537
0.00133819
0.00237634
0.00383363
0.0057782
0.00829537
0.0114767
0.0154268
0.0202482
0.0260314
0.0328403
0.000708982
0.000788488
0.00133097
0.00232125
0.00374234
0.00564205
0.00810631
0.0112247
0.015102
0.0198428
0.0255395
0.032251
0.000711307
0.000794484
0.00133305
0.00227063
0.00365697
0.00551425
0.00792872
0.0109878
0.0147967
0.0194624
0.0250856
0.0317641
0.000713781
0.000801604
0.00133852
0.002224
0.00357692
0.00539402
0.00776159
0.0107648
0.014509
0.0191026
0.0246445
0.0311858
0.000716232
0.000808765
0.00134402
0.00218085
0.0035018
0.00528104
0.007604
0.0105543
0.0142369
0.0187602
0.0242216
0.0306831
0.000718593
0.000815435
0.00134828
0.00214075
0.00343133
0.00517502
0.00745523
0.0103553
0.0139791
0.0184351
0.023823
0.0302244
0.000720838
0.000821285
0.00135102
0.00210336
0.00336517
0.00507526
0.00731452
0.0101668
0.0137343
0.0181259
0.0234436
0.0297679
0.000722872
0.000826286
0.0013523
0.00206839
0.00330294
0.00498108
0.00718117
0.00998775
0.0135016
0.0178318
0.0230824
0.0293401
0.000724733
0.000830564
0.00135233
0.00203555
0.00324425
0.00489197
0.0070546
0.00981763
0.0132802
0.0175518
0.0227385
0.0289301
0.000726446
0.000834198
0.00135132
0.0020047
0.00318882
0.0048075
0.00693429
0.00965574
0.0130694
0.0172849
0.0224095
0.0285325
0.000728038
0.000837323
0.00134949
0.00197579
0.00313635
0.00472728
0.0068198
0.00950154
0.0128684
0.0170302
0.0220951
0.0281558
0.000729528
0.000840022
0.00134709
0.00194933
0.00308665
0.00465101
0.00671067
0.00935444
0.0126765
0.0167866
0.0217935
0.0277884
0.000730938
0.000842437
0.00134472
0.00192729
0.00303959
0.00457838
0.00660654
0.00921396
0.0124931
0.0165532
0.0215032
0.0274325
0.000732311
0.000844824
0.00134342
0.00191271
0.00299525
0.00450917
0.00650707
0.00907965
0.0123174
0.0163294
0.0212248
0.0270992
0.000733703
0.000847487
0.00134423
0.00190658
0.00295378
0.00444318
0.00641195
0.00895113
0.0121493
0.0161151
0.0209593
0.0267844
0.000735165
0.000850663
0.00134748
0.00190683
0.0029151
0.00438028
0.00632111
0.0088281
0.0119882
0.0159099
0.0207052
0.0264767
0.000736727
0.000854373
0.00135277
0.00191062
0.00287908
0.0043204
0.00623458
0.00871025
0.0118337
0.0157127
0.0204582
0.0261653
0.000738385
0.000858536
0.00135942
0.00191575
0.00284543
0.00426342
0.00615207
0.00859731
0.0116856
0.0155239
0.0202264
0.0259174
0.000740113
0.000862935
0.00136667
0.001921
0.00281391
0.00420917
0.00607324
0.00848905
0.0115436
0.0153432
0.0200045
0.0256454
0.000741886
0.000867374
0.00137399
0.00192572
0.00278425
0.00415751
0.00599788
0.00838526
0.0114075
0.0151704
0.0197915
0.0253902
0.00074368
0.000871707
0.00138099
0.00192964
0.00275624
0.00410829
0.00592575
0.00828575
0.0112771
0.0150047
0.0195875
0.025147
0.000745479
0.00087583
0.00138748
0.0019327
0.00272971
0.00406132
0.00585677
0.00819037
0.011152
0.014846
0.0193917
0.0249091
0.000747273
0.000879703
0.00139335
0.00193487
0.00270448
0.00401648
0.00579069
0.00809895
0.0110322
0.0146935
0.0192009
0.0246607
0.000749062
0.000883293
0.00139859
0.00193624
0.00268049
0.00397362
0.0057274
0.00801128
0.010917
0.0145462
0.0190141
0.0244202
0.000750844
0.000886642
0.00140324
0.00193687
0.00265769
0.00393268
0.00566687
0.00792716
0.0108063
0.0144043
0.0188353
0.0242097
0.000752624
0.000889749
0.00140732
0.00193689
0.0026362
0.00389354
0.00560877
0.00784632
0.0107
0.0142674
0.0186605
0.0239798
0.000754409
0.000892645
0.00141092
0.00193648
0.00261637
0.00385628
0.0055532
0.00776884
0.0105977
0.014136
0.0184998
0.0238343
0.000756209
0.000895369
0.00141413
0.00193591
0.00259897
0.00382067
0.00549984
0.00769427
0.0104993
0.0140098
0.0183426
0.0236094
0.000758034
0.000897977
0.00141714
0.00193565
0.0025852
0.00378681
0.0054487
0.00762263
0.0104047
0.0138886
0.0181904
0.0234286
0.000759866
0.000900476
0.00142012
0.00193621
0.00257611
0.00375483
0.00539975
0.007554
0.010314
0.0137721
0.0180427
0.0232356
0.000761753
0.000903017
0.00142333
0.00193808
0.002572
0.00372505
0.00535326
0.00748878
0.0102271
0.0136602
0.0179012
0.0230656
0.000763758
0.000905651
0.00142701
0.00194158
0.002572
0.0036973
0.00530896
0.0074266
0.0101441
0.0135531
0.0177661
0.0229011
0.000765891
0.000908447
0.00143134
0.00194658
0.0025748
0.0036715
0.00526684
0.00736729
0.0100646
0.0134506
0.0176376
0.0227478
0.000768181
0.000911552
0.00143634
0.00195276
0.00257939
0.0036478
0.00522709
0.00731101
0.00998873
0.0133527
0.017515
0.0225977
0.000770555
0.000914764
0.00144184
0.00195985
0.00258495
0.00362581
0.00518943
0.00725742
0.00991638
0.0132593
0.0173977
0.0224497
0.000773058
0.000918127
0.00144776
0.00196753
0.0025909
0.00360547
0.00515386
0.00720657
0.00984758
0.0131704
0.0172849
0.0223035
0.000775712
0.000921687
0.00145402
0.00197553
0.00259706
0.00358683
0.00512057
0.00715865
0.00978232
0.0130858
0.0171766
0.0221632
0.000778441
0.000925043
0.00146035
0.00198365
0.00260304
0.0035696
0.00508928
0.00711345
0.00972083
0.0130056
0.0170731
0.0220283
0.000781303
0.000928736
0.00146675
0.00199165
0.00260875
0.00355374
0.00506007
0.00707102
0.00966281
0.0129299
0.0169748
0.0219023
0.000784669
0.000932644
0.00147338
0.00199961
0.00261426
0.0035395
0.00503325
0.00703172
0.00960868
0.0128585
0.0168817
0.0217814
0.000788086
0.000936417
0.00147986
0.00200735
0.00261954
0.00352662
0.00500864
0.00699536
0.00955836
0.0127919
0.016795
0.021674
0.000791734
0.000940235
0.00148621
0.00201486
0.00262467
0.00351525
0.0049864
0.00696223
0.00951218
0.0127305
0.0167148
0.0215703
0.000795671
0.000944025
0.00149244
0.00202215
0.00262968
0.00350544
0.00496667
0.00693253
0.00947042
0.0126747
0.0166423
0.0214826
0.000799882
0.000947922
0.0014986
0.00202938
0.00263485
0.00349749
0.00494988
0.00690675
0.00943353
0.0126252
0.016577
0.0213927
0.000804349
0.000951513
0.00150455
0.00203637
0.00264
0.00349137
0.00493605
0.00688508
0.0094023
0.0125827
0.0165213
0.021334
0.00080926
0.000955569
0.00151059
0.00204338
0.00264534
0.00348741
0.00492568
0.00686815
0.00937723
0.0125484
0.0164768
0.0212793
0.000815142
0.000959929
0.00151679
0.00205044
0.00265117
0.00348624
0.00491964
0.00685708
0.00935971
0.0125234
0.0164429
0.0212271
0.000821574
0.000964374
0.00152313
0.00205776
0.00265775
0.00348824
0.00491863
0.00685279
0.00935095
0.0125093
0.0164211
0.0211928
0.000828928
0.000968938
0.00152951
0.00206534
0.00266523
0.00349401
0.00492362
0.00685672
0.00935278
0.0125077
0.0164121
0.0211622
0.000837726
0.000975003
0.0015376
0.00207456
0.00267513
0.0035067
0.00493839
0.00687285
0.00936892
0.0125224
0.0164231
0.0211842
0.000846636
0.000975471
0.00154117
0.0020811
0.00268378
0.00352066
0.00495801
0.00689782
0.00939829
0.0125542
0.0164527
0.0211817
0.000888269
0.00101576
0.00157141
0.00210947
0.00271627
0.00357817
0.00502785
0.00697474
0.00947771
0.0126302
0.0165191
0.0212596
0.000455261
0.000825555
0.00150348
0.00205274
0.00265275
0.00350526
0.00495748
0.00691413
0.00943434
0.0126123
0.0165362
0.0213034
0.137513
0.130814
0.112616
0.140076
0.133047
0.0381892
0.117663
0.138732
0.135042
0.0744164
0.0698742
0.0549375
0.12795
0.137268
0.128477
0.101508
0.131877
0.0391585
0.132179
0.17934
0.0765298
0.138025
0.121529
0.0826096
0.137744
0.120809
0.138941
0.102098
0.0811868
0.135066
0.137762
0.0611761
0.115539
0.103762
0.137731
0.0305133
0.110462
0.0928776
0.135412
0.120083
0.106209
0.135235
0.126933
0.0973014
0.132913
0.0779867
0.110264
0.138398
0.139062
0.127428
0.140026
0.117772
0.139535
0.0939625
0.081164
0.347162
0.126998
0.107863
0.0782805
0.124319
0.140073
0.101861
0.0892447
0.117744
0.134798
0.111308
0.123925
0.0980382
0.136295
0.106498
0.276883
0.104034
0.0743155
0.331601
0.0803202
0.0578208
0.100011
0.130754
0.055347
0.0873973
0.125624
0.125256
0.116753
0.139959
0.127988
0.100323
0.126821
0.120346
0.282427
0.0977208
0.137932
0.139802
0.13995
0.121006
0.139869
0.092004
0.138881
0.116172
0.136362
0.0698138
0.080482
0.055682
0.0735595
0.108927
0.109787
0.116827
0.135381
0.138934
0.0949398
0.128339
0.0475563
0.137764
0.138201
0.0175389
0.121134
0.141771
0.123356
0.0839414
0.0938404
0.248131
0.138924
0.097248
0.0702592
0.119377
0.071621
0.121332
0.105471
0.0278846
0.13869
0.10806
0.113304
0.0599653
0.140004
0.128754
0.0991103
0.13642
0.0961592
0.136009
0.122886
0.126126
0.138557
0.139365
0.138435
0.126154
0.107273
0.0869333
0.113008
0.131582
0.068565
0.103701
0.145589
0.135761
0.116269
0.138216
0.0331478
0.1353
0.118396
0.126859
0.105843
0.128922
0.0977128
0.0841798
0.104299
0.0590613
0.129131
0.309524
0.0968937
0.123549
0.108675
0.0672859
0.0493288
0.1347
0.135499
0.0704126
0.0486273
0.138426
0.11605
0.0887327
0.132977
0.137465
0.122324
0.0917059
0.137502
0.130102
0.139889
0.177655
0.136087
0.0861824
0.138345
0.293961
0.136443
0.113628
0.0847478
0.110022
0.114849
0.0795015
0.10343
0.0728105
0.121525
0.101794
0.137187
0.12037
0.138272
0.0825532
0.106512
0.117006
0.135729
0.0862971
0.1075
0.177155
0.112649
0.110518
0.118273
0.136973
0.091777
0.0158584
0.0707569
0.121523
0.0433881
0.0733733
0.117335
0.132535
0.129376
0.125918
0.11636
0.138633
0.0876219
0.124788
0.138188
0.0382623
0.109793
0.113921
0.128956
0.0497967
0.0897909
0.129869
0.095279
0.101318
0.137169
0.139595
0.131198
0.0749872
0.135759
0.140035
0.110483
0.0528431
0.139929
0.117106
0.107286
0.139106
0.124627
0.120218
0.0767644
0.126858
0.125748
0.0946021
0.0435105
0.130652
0.0915985
0.10126
0.108697
0.137195
0.125147
0.105006
0.0744792
0.127988
0.135839
0.137325
0.140081
0.0945186
0.126622
0.136812
0.121178
0.06695
0.066698
0.0975608
0.133382
0.104142
0.13688
0.0629871
0.0824856
0.0496323
0.139905
0.071288
0.0933089
0.136304
0.128535
0.138585
0.13676
0.0265257
0.0521964
0.122395
0.11975
0.111184
0.113045
0.131849
0.120943
0.140036
0.0893982
0.0584208
0.0686077
0.106391
0.0516145
0.115831
0.138007
0.138326
0.121267
0.136688
0.0727242
0.0496736
0.117808
0.0925666
0.136624
0.0426322
0.22878
0.136165
0.0339093
0.135695
0.139362
0.0778866
0.121305
0.120273
0.126054
0.138003
0.131705
0.077881
0.135813
0.139347
0.056409
0.134907
0.131266
0.0960366
0.0539547
0.125881
0.111355
0.0849494
0.084023
0.142371
0.140456
0.135406
0.175864
0.120571
0.118833
0.263805
0.111116
0.0939804
0.135955
0.119143
0.145405
0.12777
0.136606
0.140041
0.122049
0.0361603
0.126436
0.138982
0.136868
0.138001
0.219394
0.0883964
0.10262
0.13784
0.120238
0.134152
0.0567558
0.190478
0.129609
0.110361
0.137182
0.0856496
0.128509
0.0905079
0.137301
0.139521
0.0320074
0.0772376
0.0493252
0.0744219
0.156593
0.0559735
0.137259
0.114762
0.130802
0.13685
0.103102
0.136737
0.075113
0.042842
0.0929034
0.111403
0.0708797
0.0555556
0.140018
0.125438
0.132504
0.137176
0.0875218
0.067222
0.129867
0.0892625
0.131449
0.0625396
0.0570569
0.111758
0.136449
0.11259
0.0877082
0.0388993
0.11222
0.0298973
0.063102
0.107758
0.139927
0.136521
0.111954
0.0754754
0.0655246
0.13742
0.137928
0.139007
0.134801
0.120964
0.138387
0.111017
0.137212
0.138192
0.0931851
0.134168
0.121098
0.111675
0.135302
0.0508853
0.126797
0.091641
0.130951
0.086483
0.0491198
0.137297
0.0755843
0.108807
0.084049
0.0899024
0.138207
0.116226
0.132222
0.0946935
0.139489
0.129357
0.0986151
0.122009
0.123661
0.135018
0.0560875
0.15879
0.0920094
0.0760475
0.14004
0.133888
0.0859893
0.138605
0.13569
0.109
0.138494
0.0815097
0.0800857
0.140061
0.137192
0.0870166
0.0277726
0.105247
0.0835064
0.0799786
0.131643
0.0376495
0.0690309
0.0833308
0.0755723
0.0738104
0.140082
0.118578
0.108237
0.126627
0.107095
0.0862088
0.110084
0.132085
0.134164
0.106753
0.138484
0.139002
0.073571
0.137013
0.0534594
0.138637
0.134603
0.13611
0.120873
0.0978633
0.13349
0.117864
0.139115
0.087394
0.138721
0.126212
0.110119
0.1396
0.110324
0.133573
0.0602802
0.134617
0.114744
0.118181
0.0976059
0.113169
0.0404226
0.093559
0.0764712
0.138075
0.140073
0.0903866
0.262037
0.133375
0.0767554
0.128807
0.14003
0.113641
0.103878
0.0452498
0.0422878
0.0713475
0.0828113
0.118874
0.0821077
0.0628241
0.137981
0.0709118
0.13482
0.0678078
0.0869186
0.0896607
0.0302834
0.137994
0.10943
0.104474
0.0405333
0.14005
0.120577
0.0265865
0.0926215
0.122249
0.127666
0.102265
0.0339099
0.134831
0.0922504
0.139266
0.138687
0.0340085
0.0686942
0.0423212
0.133534
0.132456
0.125491
0.101215
0.124444
0.139867
0.0876398
0.13433
0.115032
0.0407813
0.137082
0.120228
0.125491
0.090229
0.138965
0.138431
0.0268419
0.0584684
0.0871311
0.117602
0.0968491
0.116793
0.127547
0.137531
0.123756
0.133331
0.133178
0.0571716
0.141242
0.144697
0.068849
0.0750622
0.0446956
0.0699314
0.137098
0.113959
0.0562089
0.111222
0.0953281
0.128409
0.0365073
0.0910373
0.108287
0.129458
0.138298
0.108262
0.118979
0.138224
0.141478
0.0938344
0.0438967
0.0831649
0.207036
0.139401
0.05638
0.138344
0.157718
0.138568
0.139017
0.0349362
0.132081
0.137218
0.0510878
0.13773
0.127211
0.0521253
0.122847
0.137605
0.257852
0.136131
0.117464
0.0473686
0.049438
0.137925
0.0964862
0.139292
0.101285
0.0718743
0.115324
0.132892
0.123207
0.137527
0.107383
0.0884819
0.0873451
0.101668
0.0989652
0.107042
0.116149
0.044665
0.137921
0.136398
0.0682796
0.0532907
0.138619
0.098246
0.125228
0.0451642
0.135487
0.12428
0.140745
0.129041
0.151749
0.110618
0.130138
0.118546
0.0785069
0.0865351
0.0471428
0.125887
0.11658
0.140083
0.0794044
0.102216
0.0970722
0.342615
0.131886
0.0979486
0.0945799
0.0137106
0.0967329
0.136188
0.0686255
0.136516
0.0494741
0.119388
0.119415
0.138274
0.0751224
0.119011
0.0607548
0.11477
0.117941
0.135073
0.120697
0.0745738
0.0508218
0.136669
0.0337346
0.0962146
0.12923
0.08802
0.139186
0.149141
0.0962913
0.0767522
0.107547
0.135311
0.130953
0.139282
0.0627594
0.137668
0.139887
0.119406
0.0505147
0.121395
0.120665
0.124433
0.118772
0.126767
0.085287
0.127287
0.0846944
0.100506
0.137529
0.0453126
0.131331
0.115885
0.138427
0.127233
0.0845793
0.133114
0.13072
0.117587
0.0780298
0.276185
0.130433
0.115843
0.0820284
0.138553
0.0977003
0.139636
0.101786
0.100751
0.0854267
0.0996061
0.122116
0.12125
0.0797752
0.133543
0.101159
0.106681
0.0846833
0.128116
0.140502
0.0917213
0.0975507
0.138798
0.107714
0.0807038
0.104005
0.133926
0.138158
0.129581
0.0412313
0.13714
0.152091
0.138811
0.0501172
0.137109
0.13482
0.132321
0.0879885
0.0513027
0.0970738
0.0427837
0.0644863
0.166074
0.0720914
0.138322
0.140014
0.0409076
0.0904242
0.0822898
0.319421
0.110852
0.117809
0.0576909
0.0981783
0.111943
0.122977
0.119763
0.114039
0.101595
0.137442
0.108449
0.111348
0.26264
0.131587
0.138767
0.0859049
0.0802349
0.123721
0.118822
0.150702
0.230424
0.116581
0.24489
0.0869073
0.124767
0.086855
0.0948182
0.058722
0.100169
0.124383
0.0816531
0.0981549
0.0962446
0.019014
0.057559
0.136191
0.119641
0.0491308
0.0227679
0.13779
0.0930586
0.122792
0.133873
0.139459
0.13671
0.0768163
0.122102
0.0905289
0.0735266
0.138372
0.115351
0.141814
0.118042
0.0746221
0.122268
0.113284
0.107834
0.113502
0.138284
0.103439
0.105474
0.140009
0.115325
0.0692512
0.10954
0.138214
0.0770822
0.0948828
0.0978457
0.122855
0.138505
0.110986
0.125083
0.0825359
0.12519
0.124496
0.129799
0.139678
0.111935
0.138393
0.136322
0.135329
0.0899525
0.420501
0.0492709
0.119543
0.112912
0.138442
0.131897
0.119377
0.142254
0.0983754
0.0925668
0.0904444
0.0298688
0.0915081
0.124086
0.138406
0.119673
0.0269456
0.134628
0.137137
0.132023
0.102532
0.0409971
0.0801145
0.118105
0.118852
0.129253
0.122902
0.110446
0.125512
0.143134
0.136889
0.13903
0.130738
0.113582
0.0850603
0.0652523
0.1367
0.02249
0.11519
0.122565
0.0691523
0.0882218
0.112178
0.13726
0.0847664
0.0561812
0.113984
0.137363
0.099121
0.0929364
0.128654
0.104524
0.20795
0.136804
0.0907657
0.03337
0.129842
0.0608641
0.137192
0.1311
0.112815
0.0970948
0.123452
0.106466
0.11387
0.0633635
0.138722
0.0966072
0.123047
0.145394
0.100412
0.0739339
0.130271
0.10526
0.0946936
0.0769289
0.0921678
0.123818
0.143734
0.163087
0.126578
0.1332
0.0919464
0.129969
0.138977
0.130693
0.123524
0.0952256
0.0831191
0.120776
0.110408
0.117573
0.116484
0.0522302
0.0935941
0.139451
0.134134
0.0963665
0.129676
0.103453
0.110497
0.114188
0.102658
0.120785
0.0708206
0.0527173
0.109498
0.092212
0.334492
0.138095
0.139905
0.132068
0.339984
0.124242
0.10648
0.0602598
0.146283
0.0595331
0.138931
0.101039
0.081027
0.129915
0.108457
0.139937
0.135419
0.0665593
0.118981
0.124168
0.0628032
0.123502
0.129064
0.0984868
0.116457
0.114482
0.0921633
0.138232
0.130755
0.098126
0.124535
0.131424
0.121631
0.10291
0.101768
0.139906
0.0614203
0.135602
0.0709156
0.0833454
0.134754
0.0786383
0.0860683
0.0928919
0.131564
0.130545
0.0927216
0.0972727
0.0477419
0.0784155
0.0452616
0.0659633
0.132052
0.127353
0.0918322
0.119651
0.0840153
0.132137
0.0424933
0.109378
0.140046
0.0954506
0.133449
0.139891
0.0557027
0.0529343
0.14007
0.0395238
0.108618
0.125652
0.0928763
0.138
0.13317
0.0997663
0.0712646
0.0995057
0.102967
0.219458
0.138786
0.130947
0.108232
0.0153753
0.127768
0.13725
0.0375896
0.125944
0.0461173
0.10724
0.130662
0.0835071
0.1178
0.120569
0.194257
0.111864
0.104415
0.0725677
0.0881119
0.100664
0.0487468
0.13306
0.0927669
0.078864
0.138101
0.147054
0.0814442
0.0898593
0.137237
0.124951
0.0531452
0.132203
0.0989398
0.121434
0.0564577
0.032818
0.0436071
0.134969
0.138795
0.138934
0.124219
0.134952
0.119602
0.13239
0.119582
0.10594
0.11778
0.0932824
0.137348
0.0959232
0.0809446
0.127224
0.050487
0.124464
0.0600626
0.136447
0.0791844
0.0691794
0.10331
0.102721
0.0260027
0.119096
0.125912
0.0924988
0.103056
0.0914742
0.331264
0.0962168
0.0720816
0.107489
0.134249
0.0929209
0.127527
0.0694125
0.0467901
0.0854268
0.0269542
0.138472
0.138225
0.0850964
0.12877
0.120971
0.126952
0.109777
0.078879
0.106807
0.1944
0.0899344
0.134776
0.134922
0.0491967
0.204147
0.116774
0.114447
0.0647642
0.120256
0.139276
0.0758329
0.140055
0.0702022
0.0854806
0.0802959
0.139104
0.0650317
0.0725714
0.135811
0.0244397
0.0704084
0.0726014
0.137772
0.138947
0.098102
0.0403791
0.112065
0.135573
0.0787541
0.0489944
0.112492
0.103291
0.116051
0.0925071
0.091737
0.13806
0.0602784
0.132223
0.112347
0.0821097
0.028426
0.13642
0.127125
0.104009
0.0772947
0.0453479
0.131289
0.126205
0.206495
0.0905932
0.0988038
0.0763906
0.118685
0.0797035
0.136259
0.136277
0.133564
0.10454
0.136045
0.128267
0.129321
0.124284
0.138673
0.117754
0.0960392
0.0868442
0.129525
0.0336955
0.113752
0.138188
0.11944
0.105667
0.0983085
0.0980154
0.113939
0.121867
0.0440464
0.0539653
0.0627382
0.332196
0.0818029
0.103462
0.136676
0.110699
0.133062
0.117895
0.131552
0.0948694
0.137023
0.139949
0.0309901
0.113274
0.0823493
0.1157
0.130639
0.154776
0.0963231
0.0995822
0.119585
0.137033
0.13808
0.0956356
0.0893592
0.121095
0.0706794
0.0648112
0.135925
0.110719
0.0749188
0.0442673
0.139422
0.137891
0.136684
0.114792
0.0982326
0.240183
0.0717658
0.127558
0.137554
0.135499
0.137581
0.111264
0.341727
0.137113
0.13653
0.091049
0.150461
0.124642
0.140069
0.0460712
0.117411
0.122577
0.065393
0.431226
0.137814
0.0418359
0.129386
0.086336
0.097366
0.0480284
0.0703907
0.0357003
0.150788
0.123169
0.138066
0.0803498
0.125429
0.137149
0.307211
0.0964208
0.0794801
0.0877486
0.139337
0.0758302
0.113756
0.0500052
0.126468
0.136635
0.133954
0.0990369
0.118854
0.136583
0.112879
0.0631115
0.0434731
0.114476
0.0465925
0.140043
0.139802
0.137062
0.132488
0.0541154
0.136859
0.0897402
0.0377524
0.131203
0.132474
0.0325352
0.0981055
0.132611
0.133557
0.135623
0.137109
0.0827789
0.136505
0.0418121
0.0652775
0.104553
0.1398
0.0108939
0.0563973
0.103176
0.12275
0.101259
0.0949978
0.139858
0.0350639
0.110536
0.107493
0.10635
0.125928
0.0879612
0.0770118
0.13217
0.113445
0.138755
0.0328691
0.128948
0.0877604
0.12155
0.129312
0.103449
0.125894
0.138848
0.0699778
0.135521
0.0196027
0.0555268
0.13988
0.118157
0.0742325
0.132206
0.139518
0.108919
0.133678
0.0940657
0.139363
0.0925174
0.0846801
0.137245
0.147115
0.135509
0.0975001
0.0485814
0.100998
0.133124
0.0907282
0.138585
0.0977381
0.168183
0.134545
0.138762
0.1252
0.0767217
0.0821816
0.114445
0.173451
0.0971692
0.0918111
0.0974631
0.0899653
0.137311
0.034409
0.0582323
0.0959356
0.138811
0.107321
0.133967
0.10007
0.134429
0.139817
0.145002
0.117746
0.153213
0.13992
0.129862
0.120949
0.0891961
0.0984251
0.140038
0.127017
0.0712921
0.166575
0.076281
0.141065
0.103971
0.113802
0.120774
0.130197
0.123836
0.0273245
0.136669
0.0820903
0.134849
0.104015
0.132642
0.129517
0.141972
0.141032
0.136717
0.133817
0.128299
0.132009
0.119212
0.101831
0.123102
0.13663
0.0268068
0.135904
0.0825537
0.132767
0.110379
0.110924
0.139335
0.139652
0.0775267
0.138303
0.0728214
0.109828
0.134422
0.100213
0.0619242
0.0818177
0.134093
0.0792236
0.0550279
0.122824
0.100793
0.12181
0.118501
0.123201
0.11334
0.128888
0.138722
0.0414688
0.125872
0.138892
0.134369
0.137113
0.138476
0.0301747
0.13682
0.13953
0.0561092
0.114498
0.135695
0.0735038
0.0581668
0.116918
0.036793
0.127226
0.0680825
0.117851
0.0582125
0.0612082
0.134591
0.0952287
0.111299
0.109734
0.0780885
0.0672098
0.119755
0.085854
0.101748
0.138527
0.0945182
0.126097
0.128237
0.0981415
0.136884
0.0830527
0.103565
0.133844
0.0555223
0.079191
0.0635776
0.129276
0.0953664
0.0661019
0.0801715
0.129516
0.14005
0.13636
0.0937309
0.13812
0.106266
0.0689624
0.13324
0.125274
0.0234168
0.114752
0.133043
0.124337
0.136931
0.138042
0.0680528
0.104116
0.126038
0.0997721
0.137669
0.123741
0.070164
0.0662191
0.133893
0.0968265
0.0863167
0.0623299
0.13813
0.139846
0.117591
0.133215
0.0723691
0.0600303
0.0626489
0.122965
0.111344
0.0686739
0.10022
0.102911
0.126016
0.0449363
0.137834
0.0945442
0.210721
0.13554
0.0807209
0.137649
0.129727
0.134541
0.02911
0.0330854
0.117502
0.139799
0.0860359
0.0368915
0.127639
0.106887
0.140001
0.0686071
0.132212
0.09361
0.0397655
0.141953
0.131198
0.137446
0.266251
0.12681
0.085069
0.130937
0.0628552
0.128233
0.0914909
0.100259
0.0863007
0.0966697
0.13573
0.130804
0.0717524
0.0779733
0.0841195
0.0272914
0.0948975
0.139482
0.138101
0.0866594
0.0672861
0.0507768
0.114497
0.0693894
0.138531
0.131963
0.0816828
0.140001
0.129097
0.0945601
0.137491
0.139843
0.116048
0.125947
0.137761
0.0347554
0.139621
0.0751994
0.0597485
0.11221
0.277016
0.12565
0.099724
0.138316
0.127956
0.139557
0.121681
0.0790081
0.132046
0.117663
0.137757
0.13379
0.138941
0.112622
0.0775068
0.129475
0.136996
0.0624878
0.087415
0.0961258
0.0974722
0.0365374
0.139583
0.144108
0.131336
0.0555214
0.0394369
0.137761
0.0919866
0.0654648
0.136808
0.0965839
0.140069
0.139247
0.13748
0.122057
0.116675
0.136056
0.138416
0.139103
0.138475
0.129736
0.117219
0.122688
0.0260654
0.130536
0.114075
0.0610431
0.136375
0.130857
0.128909
0.172677
0.07297
0.120547
0.115841
0.14006
0.132315
0.12478
0.133334
0.0847225
0.104843
0.139408
0.0623768
0.0956045
0.0875799
0.131908
0.134517
0.104973
0.103408
0.0423602
0.0639264
0.138392
0.139704
0.139801
0.134064
0.0404246
0.0889877
0.078291
0.0775495
0.120438
0.0976789
0.126801
0.0856286
0.133131
0.137834
0.135854
0.0952581
0.129156
0.133209
0.137715
0.136658
0.102977
0.118993
0.137521
0.0701308
0.097434
0.0967308
0.033049
0.125969
0.121339
0.116247
0.0280878
0.139893
0.033799
0.123874
0.128776
0.0667693
0.090914
0.118236
0.113909
0.114677
0.130156
0.187967
0.112368
0.139716
0.100895
0.0866897
0.133843
0.0735557
0.133705
0.0941251
0.0988562
0.138188
0.137722
0.076851
0.10924
0.116996
0.047947
0.12003
0.138778
0.107239
0.138293
0.139438
0.134893
0.139857
0.117513
0.120841
0.044353
0.134137
0.136854
0.0933585
0.125313
0.0497344
0.135519
0.136653
0.0987883
0.139366
0.138663
0.0646767
0.140012
0.0514726
0.0737659
0.0928586
0.130465
0.0870075
0.137595
0.140056
0.110703
0.125174
0.103385
0.11258
0.202534
0.135362
0.117947
0.134894
0.137779
0.136676
0.0368841
0.0271367
0.107988
0.108042
0.0734705
0.120442
0.137059
0.13832
0.0370965
0.137361
0.145446
0.131434
0.134818
0.0747433
0.0328354
0.0950338
0.0446885
0.13098
0.0399103
0.0852712
0.116643
0.135315
0.211879
0.0943673
0.116294
0.104744
0.35423
0.136596
0.109663
0.0685615
0.0809438
0.0413588
0.140015
0.0969441
0.0857497
0.126298
0.0896649
0.0890088
0.0633967
0.0310608
0.0878873
0.105227
0.0269778
0.0709815
0.095316
0.138228
0.112958
0.135649
0.0469576
0.0778027
0.115706
0.137856
0.0498901
0.106631
0.0799563
0.107079
0.140082
0.129759
0.126361
0.123427
0.106779
0.0359344
0.127206
0.136599
0.120899
0.134949
0.078544
0.110207
0.140058
0.0969148
0.0776164
0.107064
0.0729731
0.0738532
0.141157
0.128752
0.113213
0.0924779
0.138466
0.133575
0.105328
0.044161
0.0269712
0.0265807
0.0935235
0.0932645
0.0298833
0.10194
0.133931
0.0552226
0.112359
0.123022
0.106878
0.0653875
0.11245
0.137252
0.0986501
0.0369919
0.0841035
0.0623712
0.0541519
0.136907
0.0796456
0.121536
0.0677327
0.0873641
0.12212
0.10825
0.106184
0.357884
0.134769
0.0452188
0.0891133
0.0268448
0.04697
0.123897
0.0801424
0.0822287
0.0320668
0.0793464
0.133496
0.137707
0.118392
0.0754542
0.137054
0.138089
0.122863
0.105133
0.045863
0.1393
0.139191
0.0807315
0.0270855
0.139977
0.125097
0.0399756
0.0500328
0.0603823
0.13737
0.138592
0.0683125
0.0759507
0.025986
0.125996
0.04578
0.126274
0.137881
0.101369
0.0621578
0.0275069
0.0915771
0.0484476
0.0998409
0.0261646
0.0282515
0.126729
0.0932171
0.0923273
0.0910137
0.354073
0.0569595
0.139847
0.137229
0.113262
0.137513
0.13221
0.111732
0.0726753
0.106682
0.112301
0.0786651
0.126986
0.139189
0.332675
0.0810603
0.0506509
0.127367
0.339732
0.107469
0.0544186
0.139412
0.0863263
0.123685
0.103884
0.0718937
0.130413
0.126986
0.13487
0.119432
0.137066
0.099678
0.0309465
0.0176869
0.0584261
0.0844038
0.0387609
0.050702
0.136692
0.0297728
0.0597187
0.191063
0.0590135
0.130443
0.139608
0.135224
0.112433
0.135792
0.111177
0.107632
0.0756368
0.138538
0.0996742
0.134881
0.15524
0.0695252
0.118236
0.0980106
0.0819211
0.138806
0.127013
0.330383
0.137707
0.0457322
0.133934
0.124246
0.0754948
0.110479
0.0370995
0.104584
0.0965466
0.0372429
0.127049
0.080701
0.140041
0.135273
0.0973574
0.13382
0.0706439
0.12514
0.0423223
0.0856198
0.110553
0.0879196
0.0895516
0.101624
0.0857922
0.131633
0.0513566
0.133182
0.136994
0.0820329
0.133332
0.139013
0.11126
0.112148
0.104043
0.107329
0.103453
0.0493271
0.132565
0.123407
0.0892335
0.135055
0.125831
0.110312
0.0443075
0.10843
0.0967927
0.0462013
0.0905621
0.0317557
0.0271287
0.137206
0.140053
0.119023
0.0899733
0.0910199
0.0286534
0.0779251
0.147561
0.068519
0.360234
0.0530254
0.0704764
0.140088
0.0295554
0.140034
0.128575
0.0815028
0.130656
0.107738
0.0961594
0.0875156
0.032473
0.109202
0.1052
0.135318
0.0400121
0.115864
0.136924
0.0960991
0.122514
0.0327071
0.0743117
0.0650574
0.0361833
0.139977
0.11818
0.135369
0.139316
0.123741
0.0855035
0.0779528
0.0796415
0.106207
0.100629
0.135462
0.124997
0.0810019
0.139495
0.0932996
0.0973224
0.139543
0.065942
0.0673416
0.0745513
0.120387
0.0929884
0.12755
0.140012
0.156593
0.124514
0.0427226
0.119126
0.103683
0.0697485
0.0560211
0.133688
0.118316
0.138262
0.131841
0.0708057
0.140061
0.0591539
0.0917882
0.0303153
0.0702754
0.125539
0.0526549
0.140068
0.0324091
0.138106
0.138956
0.126657
0.0947418
0.0386602
0.0956656
0.08161
0.122162
0.0713064
0.135864
0.122432
0.136864
0.137975
0.095279
0.202105
0.119983
0.0319878
0.115796
0.133625
0.0775705
0.0137402
0.137394
0.0979441
0.0666571
0.139525
0.138572
0.11027
0.136657
0.0549502
0.122938
0.127067
0.0765589
0.116089
0.068092
0.0843487
0.0928373
0.0291635
0.0982189
0.0957668
0.0726322
0.344254
0.0327152
0.0313528
0.0901131
0.137409
0.0864784
0.137241
0.103159
0.131266
0.0892159
0.045545
0.133846
0.116662
0.106808
0.128738
0.0439215
0.13394
0.0511208
0.140555
0.137516
0.0815859
0.0448906
0.259389
0.0857124
0.081626
0.104955
0.132046
0.116365
0.0913713
0.0989841
0.0538919
0.127655
0.0893369
0.0608695
0.108289
0.137183
0.137417
0.0315275
0.0928871
0.138521
0.101002
0.117056
0.0778904
0.12682
0.0612042
0.0801467
0.129983
0.136093
0.115531
0.0907706
0.113066
0.09079
0.120708
0.101501
0.101319
0.100946
0.0969352
0.104527
0.138044
0.029312
0.140007
0.116417
0.137738
0.129508
0.0765645
0.131202
0.134816
0.0873827
0.121204
0.123472
0.116162
0.132697
0.098106
0.0730291
0.138163
0.130865
0.12524
0.124956
0.0832092
0.134646
0.0823882
0.0998285
0.140044
0.120036
0.0935708
0.130501
0.129968
0.0974696
0.110168
0.138622
0.087161
0.13895
0.136578
0.0889645
0.379546
0.0871777
0.0532203
0.0731844
0.10749
0.0324062
0.0327599
0.0456617
0.140075
0.119424
0.122414
0.0869505
0.137628
0.0970654
0.0635972
0.0355308
0.0422326
0.0520219
0.117518
0.0509238
0.139806
0.103337
0.139305
0.0387635
0.0717665
0.113638
0.134345
0.10754
0.0340977
0.0338375
0.0844093
0.105635
0.269304
0.0655649
0.123275
0.094927
0.140021
0.0962342
0.0966033
0.0439692
0.0762235
0.0761959
0.0865743
0.132118
0.0149379
0.103899
0.118936
0.0344753
0.150595
0.100512
0.138657
0.0961632
0.137647
0.0795502
0.0999194
0.131727
0.101017
0.137986
0.068847
0.139721
0.0291463
0.103702
0.109557
0.0450799
0.0267018
0.0690745
0.114333
0.103767
0.139997
0.125987
0.0968401
0.158426
0.168484
0.135941
0.117372
0.100813
0.0528355
0.112586
0.074339
0.138913
0.103778
0.136801
0.13609
0.0873951
0.0483299
0.15803
0.13832
0.0845702
0.132265
0.0330104
0.0159901
0.0646323
0.137517
0.0960891
0.0558125
0.0780003
0.110346
0.136142
0.0962286
0.100415
0.070875
0.100646
0.131379
0.116025
0.0255256
0.0878211
0.127754
0.125618
0.0911638
0.0860622
0.115863
0.0785671
0.13523
0.0676517
0.139128
0.0385245
0.139131
0.0695878
0.13791
0.116359
0.0902329
0.099917
0.062968
0.056481
0.0902528
0.134726
0.107813
0.125005
0.0575754
0.140057
0.162029
0.121991
0.121998
0.140035
0.0817734
0.138878
0.138505
0.218411
0.13784
0.138241
0.0581591
0.139611
0.0986242
0.0706978
0.115229
0.135293
0.140044
0.0905254
0.103399
0.0938965
0.0793261
0.0978939
0.13711
0.130487
0.210697
0.0314293
0.158979
0.137684
0.0849293
0.11045
0.137872
0.111671
0.137376
0.0974809
0.0318335
0.0906338
0.307512
0.132713
0.137616
0.139518
0.139969
0.136693
0.138262
0.0682827
0.138542
0.0600112
0.0839164
0.0387819
0.0907075
0.13021
0.114694
0.102369
0.0939789
0.0845834
0.119609
0.129564
0.105165
0.0756011
0.0302792
0.0517015
0.136582
0.338789
0.140084
0.13752
0.098238
0.0706395
0.135424
0.0869053
0.124513
0.118856
0.0935189
0.13038
0.042537
0.187604
0.0884792
0.0798301
0.138404
0.14001
0.0716336
0.107245
0.109958
0.119556
0.0371569
0.0296073
0.108027
0.129152
0.139747
0.127638
0.134707
0.137289
0.116402
0.033047
0.0767771
0.0610607
0.132765
0.137223
0.0871387
0.138745
0.0393264
0.117754
0.151781
0.105367
0.137056
0.112265
0.0979505
0.244591
0.137829
0.138561
0.103167
0.131331
0.0132826
0.108012
0.142436
0.0836947
0.123533
0.0159466
0.0875206
0.0993006
0.0684938
0.147162
0.123058
0.0891347
0.135986
0.0720334
0.0993897
0.0592497
0.0664152
0.135294
0.0392299
0.053494
0.0589428
0.0809155
0.0635125
0.109183
0.094998
0.132735
0.139747
0.0680259
0.0886541
0.137927
0.108814
0.132194
0.132199
0.0437091
0.0274742
0.07215
0.0523748
0.0926659
0.138235
0.166441
0.138434
0.0611627
0.104043
0.14404
0.138907
0.104335
0.132033
0.139564
0.0293793
0.0698545
0.13608
0.0758086
0.0644757
0.0793356
0.138747
0.109728
0.0475797
0.062278
0.0745287
0.0641444
0.125895
0.101395
0.0685097
0.127878
0.120475
0.128809
0.135069
0.158577
0.0520689
0.140012
0.128621
0.0871754
0.0627512
0.13914
0.0923404
0.12391
0.0683588
0.0905527
0.0846688
0.132716
0.0947877
0.123518
0.12943
0.134465
0.098932
0.0137653
0.110634
0.139756
0.0694586
0.114153
0.0817265
0.116804
0.130417
0.136669
0.0981237
0.0824469
0.0630153
0.100149
0.134527
0.109676
0.138363
0.139016
0.0981017
0.138923
0.130663
0.0805798
0.119915
0.044218
0.0935062
0.138385
0.0468856
0.120514
0.052982
0.121918
0.130374
0.139021
0.13616
0.133806
0.128858
0.131295
0.133907
0.131071
0.0714061
0.13994
0.113644
0.0613144
0.137043
0.114651
0.104107
0.0361477
0.138966
0.104461
0.126196
0.128797
0.1361
0.137137
0.125129
0.133319
0.115043
0.0498672
0.0652102
0.0990256
0.079291
0.100363
0.0674376
0.139826
0.0630876
0.130245
0.131296
0.090477
0.0589395
0.0346422
0.0509819
0.0865941
0.138877
0.0774963
0.113716
0.0265934
0.131012
0.201783
0.137824
0.112962
0.080612
0.0372191
0.0579246
0.0835731
0.0592057
0.119036
0.0357991
0.0831267
0.0706069
0.0377917
0.107843
0.0795764
0.113171
0.0532046
0.123135
0.043893
0.137138
0.118162
0.053479
0.0408817
0.131356
0.110277
0.139917
0.0544359
0.148039
0.136956
0.13899
0.0248287
0.0903256
0.125428
0.138406
0.137691
0.0350364
0.105712
0.113475
0.0191155
0.101261
0.12637
0.13914
0.139915
0.129061
0.0329862
0.128874
0.106882
0.0607288
0.126827
0.0533069
0.0979642
0.13021
0.135089
0.0701377
0.0327272
0.115888
0.0406552
0.127696
0.137817
0.0938776
0.112718
0.0337201
0.118959
0.114353
0.068128
0.0653609
0.137565
0.0930477
0.128171
0.151577
0.0587032
0.128402
0.128631
0.134592
0.0952213
0.169088
0.0840755
0.0662619
0.0688518
0.0634486
0.138512
0.0574394
0.103457
0.0922252
0.0631257
0.09687
0.0819497
0.13925
0.137502
0.00983824
0.137839
0.137548
0.145871
0.130815
0.201883
0.137632
0.0572652
0.106394
0.134313
0.0672107
0.0961125
0.0830591
0.0511308
0.139035
0.133839
0.110919
0.139155
0.113231
0.0993291
0.134808
0.124922
0.114672
0.0685268
0.0856272
0.0922644
0.0818409
0.138831
0.138669
0.20682
0.100001
0.139737
0.0575851
0.140027
0.137491
0.100679
0.137596
0.0951324
0.136548
0.0222321
0.130775
0.0497162
0.0922063
0.0880485
0.139229
0.0497573
0.0771477
0.115624
0.119097
0.131383
0.14002
0.139252
0.0382903
0.132784
0.134414
0.0747175
0.0993341
0.0835462
0.0389051
0.132198
0.0645237
0.138698
0.0346383
0.217341
0.129434
0.0939157
0.0589479
0.0615922
0.0840927
0.0943837
0.0326022
0.0540652
0.0567608
0.101686
0.0693269
0.0919629
0.139006
0.118842
0.0386483
0.135691
0.0801258
0.0988104
0.0358066
0.0936983
0.136636
0.193727
0.115896
0.0948186
0.142947
0.0887567
0.133968
0.130192
0.116255
0.136057
0.135205
0.0613055
0.129377
0.126658
0.0938341
0.126931
0.106955
0.0761235
0.116168
0.115718
0.125908
0.111637
0.13618
0.127798
0.13472
0.117912
0.0787739
0.130907
0.131309
0.0597667
0.0477804
0.103699
0.0943025
0.107205
0.139181
0.0623925
0.111619
0.132698
0.100622
0.0812126
0.138021
0.122943
0.08847
0.137538
0.0922224
0.109598
0.136988
0.138545
0.230914
0.138319
0.0218041
0.102804
0.219309
0.115886
0.111564
0.127394
0.0255878
0.137574
0.138916
0.0849575
0.0947667
0.0947873
0.134426
0.139037
0.107807
0.0556578
0.135206
0.0667281
0.0699459
0.139613
0.100079
0.0742155
0.0496029
0.113627
0.0687024
0.133443
0.12273
0.114947
0.138904
0.139418
0.119573
0.125444
0.0318439
0.0950258
0.05968
0.0904213
0.0900953
0.114902
0.076957
0.0335008
0.0459733
0.138791
0.0243129
0.116877
0.138486
0.136897
0.137302
0.138647
0.139964
0.054011
0.113211
0.0969646
0.0686271
0.113409
0.370276
0.123287
0.0616374
0.1374
0.0242651
0.0849788
0.116138
0.139409
0.14004
0.104081
0.0399951
0.139525
0.0799573
0.105646
0.0901521
0.116462
0.0978216
0.0858679
0.138378
0.0096035
0.333113
0.268045
0.0887732
0.117655
0.0481856
0.0638695
0.109428
0.138514
0.0839765
0.10898
0.115777
0.0907788
0.0821824
0.116324
0.0463015
0.0915323
0.144166
0.0644136
0.0945197
0.139607
0.0133904
0.133101
0.0636769
0.0635018
0.129636
0.0804679
0.102836
0.0409301
0.13472
0.117353
0.13725
0.135438
0.132485
0.137634
0.139934
0.0750734
0.138565
0.0586199
0.137572
0.138369
0.0947254
0.0988543
0.0155416
0.243319
0.139619
0.138719
0.13288
0.137948
0.129892
0.0782961
0.0335559
0.109339
0.0955585
0.113793
0.134736
0.0338901
0.0984153
0.126163
0.0984399
0.127871
0.0845588
0.129944
0.138884
0.0998404
0.0467302
0.0352315
0.0454684
0.135261
0.0624375
0.0726919
0.0566895
0.03709
0.151526
0.0587018
0.0789851
0.0537808
0.139193
0.0923061
0.0904394
0.0905085
0.128344
0.078676
0.0599248
0.0806313
0.0936392
0.137504
0.0728297
0.0408801
0.0622269
0.126785
0.0932385
0.139561
0.0998584
0.132135
0.10064
0.31248
0.136353
0.0797183
0.0942452
0.0279816
0.0700782
0.134698
0.139096
0.393348
0.0184867
0.0804307
0.13394
0.0717817
0.128225
0.111768
0.136679
0.0509352
0.137787
0.107452
0.128293
0.137959
0.201022
0.137155
0.135582
0.0986685
0.0866585
0.0632354
0.137728
0.095978
0.127404
0.112369
0.131701
0.075391
0.140047
0.272524
0.122933
0.150954
0.0612599
0.0756944
0.0490424
0.0320991
0.0961355
0.101814
0.0711713
0.13948
0.0724658
0.0301081
0.0512174
0.0962947
0.0738058
0.0431836
0.0979287
0.128062
0.139236
0.0853251
0.0872638
0.0182145
0.137918
0.112385
0.023818
0.139714
0.104576
0.136793
0.116935
0.138696
0.0974662
0.10441
0.109089
0.0900484
0.129274
0.0433211
0.099819
0.120595
0.137333
0.138199
0.106702
0.136614
0.0854307
0.138308
0.137764
0.1086
0.0817419
0.10631
0.138965
0.116733
0.0824945
0.135735
0.13192
0.128916
0.140007
0.0151702
0.12185
0.128785
0.13596
0.138331
0.0923772
0.0961856
0.122685
0.0993134
0.102152
0.13798
0.128085
0.146326
0.0854587
0.331679
0.118139
0.112341
0.11101
0.0896759
0.132192
0.0110929
0.139992
0.130592
0.114606
0.0648744
0.0963352
0.102258
0.0769201
0.140007
0.092602
0.0990158
0.121125
0.0976928
0.139224
0.139729
0.085884
0.137564
0.0978905
0.360592
0.096126
0.129542
0.126374
0.138287
0.316808
0.138473
0.138483
0.0481065
0.129914
0.12386
0.102318
0.138733
0.0568925
0.076736
0.138381
0.131848
0.109917
0.0261991
0.138995
0.0823416
0.0628582
0.139631
0.160134
0.134137
0.109897
0.0960691
0.0663203
0.100213
0.102979
0.113401
0.0861603
0.0944141
0.110322
0.138822
0.122292
0.108327
0.139883
0.063677
0.0815548
0.0349678
0.0216125
0.139998
0.10551
0.42008
0.0684429
0.118131
0.134256
0.0930848
0.138881
0.108532
0.0757591
0.143422
0.0475775
0.136158
0.101166
0.132165
0.03901
0.139083
0.138191
0.131123
0.0878209
0.136071
0.140034
0.137586
0.0976487
0.139958
0.0996357
0.0799768
0.0793273
0.0819352
0.0633222
0.139831
0.0924704
0.109983
0.139748
0.135541
0.0800602
0.103759
0.140062
0.118223
0.101888
0.134744
0.0955271
0.123414
0.133824
0.132447
0.0544142
0.136264
0.0983134
0.0550555
0.14398
0.139336
0.123189
0.13749
0.0999099
0.111679
0.0686359
0.104916
0.0656843
0.13989
0.0995051
0.135696
0.137174
0.0482927
0.0700501
0.135071
0.128108
0.0295999
0.0267257
0.107499
0.0893216
0.103877
0.122416
0.0997844
0.138331
0.136133
0.0986382
0.139726
0.121097
0.0588714
0.137798
0.138032
0.0477149
0.13842
0.139534
0.0268804
0.133912
0.138091
0.136618
0.150695
0.0651108
0.132181
0.0938272
0.045862
0.0525063
0.137138
0.0930085
0.0968656
0.109591
0.136131
0.134012
0.121458
0.0899317
0.113247
0.132393
0.104737
0.135731
0.137489
0.123422
0.0131149
0.0973862
0.10061
0.100145
0.13996
0.052319
0.13944
0.135154
0.0356688
0.137354
0.102487
0.13367
0.108466
0.120746
0.130997
0.140479
0.175864
0.140061
0.100104
0.0739871
0.114812
0.136983
0.123987
0.128025
0.00921592
0.141866
0.121106
0.0787466
0.0732475
0.0940872
0.140051
0.118183
0.0734381
0.122647
0.0637703
0.097715
0.129016
0.136749
0.0855871
0.0574041
0.128839
0.0666872
0.0384945
0.0955788
0.133333
0.0914349
0.0694597
0.109048
0.0797021
0.0572848
0.0886311
0.0550044
0.114064
0.058925
0.132693
0.135988
0.138084
0.124653
0.100397
0.138172
0.042869
0.134172
0.0286311
0.109028
0.090432
0.057149
0.130972
0.0309251
0.113917
0.0755792
0.0691767
0.0552071
0.144366
0.154095
0.125197
0.137685
0.0214517
0.0609502
0.0749527
0.0957602
0.120801
0.240373
0.103084
0.138507
0.224671
0.0774334
0.370981
0.0504037
0.078799
0.105458
0.138587
0.0519895
0.139465
0.12452
0.122703
0.0906951
0.0352347
0.120168
0.0979566
0.0287356
0.0379841
0.0876798
0.112625
0.125307
0.137417
0.0617316
0.139819
0.134073
0.105659
0.0385825
0.107459
0.0947791
0.125151
0.139978
0.0948184
0.10542
0.0829056
0.108631
0.0356379
0.105215
0.116539
0.13648
0.111835
0.137324
0.0990791
0.0727104
0.0707435
0.026234
0.138869
0.0437161
0.0502226
0.139492
0.139759
0.0864615
0.0757444
0.109265
0.0704184
0.0512728
0.118031
0.117017
0.0468181
0.108676
0.0711965
0.102433
0.0560049
0.102706
0.110717
0.139744
0.0803553
0.133788
0.12217
0.119968
0.135297
0.132638
0.0417293
0.13781
0.0533586
0.0699459
0.128995
0.138401
0.136628
0.140198
0.102763
0.119799
0.0576248
0.110523
0.0947964
0.135546
0.137096
0.0921141
0.0712721
0.0745957
0.0924566
0.139543
0.13566
0.110329
0.139236
0.111177
0.0722609
0.138255
0.0703386
0.138547
0.120705
0.0311644
0.138059
0.138221
0.0881745
0.140555
0.128042
0.0904925
0.128038
0.139532
0.0152007
0.107435
0.0903285
0.105031
0.138647
0.0981471
0.10169
0.113325
0.0452954
0.103381
0.0474776
0.0863194
0.0356126
0.117917
0.0749153
0.0858609
0.134149
0.136011
0.0478276
0.0109516
0.0788805
0.115698
0.0925721
0.0990957
0.062053
0.124228
0.1386
0.139994
0.132238
0.129275
0.140079
0.139545
0.119869
0.0686261
0.100086
0.106996
0.121797
0.136641
0.111926
0.0644601
0.137037
0.110832
0.133061
0.0974523
0.145584
0.0498742
0.13205
0.0731136
0.142154
0.136581
0.13525
0.0538161
0.104772
0.138269
0.0540864
0.13074
0.128324
0.120275
0.123106
0.0688582
0.0974495
0.122609
0.123357
0.107166
0.103881
0.101894
0.126915
0.131822
0.0268655
0.138542
0.12685
0.104708
0.0973427
0.110262
0.0604325
0.139146
0.0618089
0.124139
0.136056
0.0591983
0.134124
0.0944753
0.1133
0.0334078
0.0910152
0.137428
0.0733114
0.0631013
0.082457
0.0875361
0.0853958
0.136573
0.148346
0.136375
0.0966854
0.101031
0.134197
0.140343
0.127485
0.142584
0.134203
0.0793117
0.0997518
0.138221
0.102247
0.0643007
0.1387
0.105772
0.113649
0.13591
0.134616
0.0728244
0.346291
0.040645
0.102351
0.122448
0.042376
0.0943796
0.138668
0.134107
0.119172
0.0398441
0.108846
0.0850988
0.133522
0.124306
0.138991
0.140486
0.0403802
0.124005
0.13746
0.0923058
0.140058
0.107486
0.133272
0.101494
0.0418386
0.141027
0.108716
0.088201
0.129717
0.138843
0.118215
0.131513
0.0986001
0.132803
0.101314
0.138098
0.107977
0.116285
0.123678
0.0769552
0.0882138
0.111063
0.0650215
0.123009
0.101829
0.104211
0.137835
0.100438
0.0777206
0.138166
0.0685303
0.0291509
0.136508
0.0737512
0.106675
0.178866
0.0896931
0.0788297
0.139944
0.0897472
0.130482
0.0925653
0.0264987
0.0570984
0.131487
0.139909
0.101304
0.126505
0.13878
0.104601
0.118611
0.0910614
0.0964002
0.0667613
0.131626
0.137353
0.101775
0.110805
0.100054
0.0671707
0.121544
0.0502062
0.0872016
0.136746
0.125218
0.109534
0.108093
0.139397
0.139344
0.126539
0.120247
0.273125
0.108096
0.1383
0.121192
0.142353
0.136206
0.0940774
0.0606831
0.043919
0.0948051
0.106025
0.130109
0.104371
0.120189
0.0691336
0.114462
0.125323
0.0927684
0.0808425
0.0780681
0.089643
0.135436
0.137207
0.129625
0.103476
0.089346
0.117944
0.128273
0.117148
0.139439
0.0726485
0.140074
0.13912
0.11981
0.110193
0.118348
0.0551641
0.17635
0.083113
0.100678
0.139791
0.139968
0.133436
0.137314
0.090259
0.133724
0.0885367
0.100605
0.091507
0.136552
0.108835
0.0890578
0.0932787
0.0714416
0.137664
0.397123
0.0839045
0.1299
0.0775974
0.131314
0.124901
0.137201
0.136783
0.138195
0.1328
0.1143
0.134799
0.0918371
0.135779
0.0930048
0.132878
0.12863
0.136958
0.139706
0.129182
0.138744
0.139201
0.0721351
0.0841481
0.061366
0.0712549
0.157744
0.135698
0.138839
0.0521609
0.138203
0.0490575
0.136134
0.141301
0.0811112
0.129828
0.0885394
0.132947
0.139183
0.132424
0.0557407
0.143042
0.0239857
0.137438
0.0614535
0.0144601
0.0862247
0.128059
0.143878
0.125373
0.100281
0.021371
0.0834798
0.0584408
0.138342
0.146009
0.101757
0.13589
0.137175
0.133401
0.138643
0.129204
0.0776787
0.139361
0.137357
0.0851478
0.106684
0.130543
0.11344
0.0645471
0.10524
0.0913061
0.0822588
0.109483
0.0716936
0.137297
0.134905
0.137043
0.0771679
0.139441
0.137746
0.136526
0.0773746
0.0995687
0.183236
0.0989183
0.0977348
0.0873329
0.130921
0.134944
0.0221525
0.125674
0.0686073
0.0100565
0.108919
0.0696407
0.139688
0.136218
0.067729
0.127443
0.0276624
0.136609
0.100027
0.139022
0.0958379
0.10084
0.136275
0.0992663
0.138039
0.112449
0.038174
0.139682
0.137342
0.0961263
0.138822
0.126327
0.0962255
0.0826756
0.065172
0.106577
0.104433
0.111596
0.13881
0.0960652
0.101342
0.139995
0.0960816
0.133658
0.130504
0.115288
0.0394661
0.138371
0.0616567
0.138832
0.0436349
0.0380113
0.127646
0.136161
0.10194
0.0996621
0.139332
0.0419651
0.0335409
0.139001
0.105015
0.068112
0.134906
0.115034
0.0524631
0.124565
0.0562536
0.13005
0.131159
0.110885
0.0944741
0.0975136
0.101846
0.0992564
0.127828
0.0711421
0.119257
0.133002
0.0670137
0.127825
0.130352
0.0679555
0.136913
0.113947
0.110025
0.0739688
0.128496
0.0919855
0.0752174
0.102344
0.137395
0.0870931
0.0648008
0.139259
0.0984932
0.0429667
0.0598015
0.133551
0.0703478
0.0845604
0.0915461
0.139782
0.106351
0.139337
0.143685
0.0837952
0.137001
0.101274
0.137977
0.140018
0.130928
0.130755
0.125155
0.128159
0.038333
0.13842
0.0840403
0.0927778
0.105784
0.0999572
0.131598
0.0758453
0.130417
0.13701
0.141529
0.0694424
0.214749
0.0989965
0.09947
0.102855
0.12133
0.138835
0.141724
0.154882
0.0736953
0.128121
0.0830567
0.137122
0.114194
0.134067
0.0418907
0.127046
0.0942304
0.106321
0.138716
0.125012
0.138772
0.232621
0.118141
0.137689
0.124091
0.127716
0.13944
0.139665
0.137416
0.0395177
0.138219
0.109019
0.0846443
0.0578453
0.127083
0.138298
0.135607
0.105143
0.139335
0.138529
0.131239
0.136766
0.0979928
0.12484
0.13604
0.124424
0.111956
0.0895329
0.128121
0.136986
0.14008
0.103111
0.122545
0.115724
0.0979354
0.112675
0.103511
0.0745264
0.0504518
0.11831
0.135639
0.125752
0.0836191
0.131063
0.0288603
0.131192
0.0803077
0.131406
0.135664
0.141336
0.0913593
0.139515
0.0221291
0.135894
0.126415
0.137532
0.111069
0.104496
0.133336
0.138408
0.0423839
0.107296
0.102973
0.122172
0.129092
0.0394874
0.0744539
0.1396
0.09159
0.0953899
0.0881835
0.0968783
0.123127
0.131886
0.0673705
0.0666605
0.138757
0.137645
0.0577544
0.0666684
0.136396
0.102771
0.134802
0.0755108
0.125575
0.100839
0.129351
0.0842619
0.0646712
0.109142
0.100768
0.0813713
0.135877
0.134172
0.0738645
0.127805
0.144435
0.128696
0.139296
0.125895
0.0969409
0.0979144
0.102796
0.139042
0.0953995
0.138915
0.0326949
0.0895976
0.120624
0.0511376
0.115835
0.101056
0.139592
0.137371
0.137189
0.110006
0.104399
0.0917418
0.0984557
0.12853
0.103945
0.113154
0.139222
0.111128
0.124979
0.0884031
0.136143
0.10221
0.139649
0.0986439
0.135913
0.117584
0.0185816
0.0998954
0.114241
0.0759028
0.101955
0.0821757
0.0630035
0.0784179
0.0703506
0.134323
0.0644916
0.112438
0.135122
0.132975
0.128087
0.127345
0.205009
0.107644
0.0375105
0.0592934
0.114666
0.0638894
0.0915948
0.136188
0.0214881
0.109985
0.135352
0.12134
0.109651
0.11842
0.0809236
0.138504
0.11343
0.0528247
0.118161
0.0970346
0.105988
0.139516
0.138109
0.039188
0.115253
0.0407644
0.139459
0.107145
0.137589
0.104756
0.0968147
0.0393792
0.0673075
0.0456573
0.117039
0.116283
0.10292
0.0885481
0.139699
0.136926
0.134863
0.020299
0.036995
0.101134
0.125085
0.0846147
0.102949
0.145621
0.110595
0.162133
0.13924
0.101589
0.13779
0.134158
0.0562702
0.127609
0.0508287
0.071098
0.0897136
0.0940188
0.130782
0.102412
0.105534
0.135921
0.114036
0.139047
0.0993005
0.138235
0.139171
0.115612
0.116507
0.138233
0.139574
0.137463
0.0268371
0.096429
0.0958613
0.112364
0.0573239
0.0663916
0.106756
0.133488
0.109031
0.136794
0.139519
0.123664
0.121399
0.10212
0.137811
0.105104
0.105076
0.125327
0.0902756
0.132274
0.322942
0.122838
0.132458
0.139266
0.133829
0.0935676
0.134475
0.100769
0.0605234
0.0111256
0.0938376
0.0564909
0.129957
0.131607
0.0875417
0.134974
0.148924
0.137736
0.100762
0.0951782
0.104052
0.081056
0.106171
0.114717
0.13911
0.163387
0.125439
0.065662
0.198853
0.135513
0.139623
0.130693
0.0290715
0.105495
0.0879756
0.124576
0.0669831
0.137008
0.13292
0.0733978
0.101638
0.139482
0.115367
0.131718
0.133212
0.136749
0.108038
0.134308
0.139019
0.150359
0.136917
0.100362
0.0768785
0.121549
0.136723
0.124528
0.0836329
0.107585
0.0945411
0.0660677
0.107046
0.137477
0.111155
0.135694
0.113724
0.138066
0.13059
0.0953404
0.132481
0.137674
0.0948813
0.142602
0.106502
0.108
0.0544486
0.130173
0.101555
0.136736
0.139281
0.136017
0.100246
0.162822
0.114465
0.0959967
0.125464
0.144645
0.0352151
0.107271
0.132858
0.116371
0.107067
0.112636
0.127324
0.137399
0.133327
0.0217206
0.0340192
0.179829
0.132536
0.110302
0.140061
0.157861
0.0689094
0.136006
0.135635
0.144342
0.137821
0.139448
0.0567194
0.111607
0.123831
0.132817
0.140057
0.022897
0.13463
0.130576
0.0951508
0.0858506
0.0549723
0.13811
0.132127
0.139108
0.12898
0.0758882
0.118461
0.121969
0.0567287
0.139261
0.0996421
0.0546279
0.122757
0.140032
0.132693
0.0961955
0.0464144
0.136909
0.100972
0.126399
0.104215
0.106028
0.0808863
0.0997647
0.116587
0.133814
0.138466
0.136338
0.137138
0.100448
0.107965
0.119724
0.0697681
0.139793
0.0906121
0.1383
0.062492
0.137967
0.136993
0.139993
0.0201683
0.112623
0.0838066
0.131932
0.0994044
0.107896
0.0175933
0.0827055
0.0661525
0.133194
0.112937
0.100073
0.10279
0.139032
0.138508
0.112084
0.0788377
0.0927419
0.133213
0.136691
0.048166
0.125198
0.103175
0.140062
0.138107
0.138884
0.125389
0.0597607
0.152617
0.0889694
0.139616
0.114406
0.0278892
0.106919
0.120916
0.133121
0.112991
0.0605327
0.114488
0.0783293
0.0734582
0.0637012
0.0656919
0.0797002
0.0829358
0.118269
0.13322
0.139721
0.109256
0.137909
0.105395
)
;

boundaryField
{
    wings
    {
        type            fixedValue;
        value           uniform 0;
    }
    outlet
    {
        type            freestream;
        freestreamValue uniform 0.14;
        value           nonuniform List<scalar> 
20
(
0.136304
0.137182
0.134617
0.149141
0.20795
0.431226
0.136505
0.121681
0.124956
0.136669
0.145871
0.134313
0.333113
0.131701
0.360592
0.42008
0.132181
0.135779
0.125373
0.205009
)
;
    }
    tunnel
    {
        type            fixedValue;
        value           uniform 0;
    }
    inlet
    {
        type            freestream;
        freestreamValue uniform 0.14;
        value           uniform 0.14;
    }
    defaultFaces
    {
        type            empty;
    }
}


// ************************************************************************* //
