5.0 -2.32474523729
10.0 -0.493041957627
15.0 0.359216169492
20.0 0.12589840678
25.0 0.125076411017
30.0 0.227129262712
35.0 0.217616538136
40.0 0.21486815678
45.0 0.243926508475
50.0 0.240646516949
55.0 0.250089004237
60.0 0.253809381356
65.0 0.257011534322
70.0 0.25943305
75.0 0.260957025847
80.0 0.262502630085
85.0 0.263804354661
90.0 0.265413158475
95.0 0.267195494915
100.0 0.269254120339
105.0 0.271668242373
110.0 0.27472995339
115.0 0.278048485169
120.0 0.281861986441
125.0 0.28596009661
130.0 0.290268560593
135.0 0.294320375847
140.0 0.299244555508
145.0 0.304077162288
150.0 0.307913134322
155.0 0.312622802966
160.0 0.316189913559
165.0 0.319648823305
170.0 0.322307724153
175.0 0.323823517373
180.0 0.32470855339
185.0 0.324414876695
190.0 0.322901020763
195.0 0.320396782203
200.0 0.316489188136
205.0 0.311677013559
210.0 0.306045059746
215.0 0.298975355508
220.0 0.291623497458
225.0 0.283837261017
230.0 0.274730109746
235.0 0.266486042797
240.0 0.256399393644
245.0 0.246850013983
250.0 0.238100664831
255.0 0.228142345339
260.0 0.218659795339
265.0 0.210082677542
270.0 0.200624615254
275.0 0.191124973305
280.0 0.183176083898
285.0 0.176020616949
290.0 0.169472926271
295.0 0.163724702542
300.0 0.158897275
305.0 0.155094263559
310.0 0.152275625847
315.0 0.150496072881
320.0 0.149556849153
325.0 0.149638640678
330.0 0.15051010339
335.0 0.152139960593
340.0 0.154451765678
345.0 0.157377220763
350.0 0.160647991102
355.0 0.164643932627
360.0 0.168856207627
365.0 0.173222218644
370.0 0.178124295763
375.0 0.182859200424
380.0 0.187558641525
385.0 0.192666282203
390.0 0.197280172881
395.0 0.202041059746
400.0 0.206793094492
405.0 0.211304520763
410.0 0.215781877966
415.0 0.220164473305
420.0 0.224028997034
425.0 0.22807866822
430.0 0.232206879661
435.0 0.236057303814
440.0 0.239820556356
445.0 0.2434997
450.0 0.247076518644
455.0 0.250533801695
460.0 0.25385373178
465.0 0.256779769915
470.0 0.259974925847
475.0 0.262883777542
480.0 0.265034772458
485.0 0.267442222881
490.0 0.269421530508
495.0 0.270786303814
500.0 0.27176917161
505.0 0.272365414831
510.0 0.272441315678
515.0 0.272013249153
520.0 0.271065483475
525.0 0.269655425847
530.0 0.26763372161
535.0 0.265231996186
540.0 0.262467176695
545.0 0.259028657627
550.0 0.255455430932
555.0 0.251415721186
560.0 0.247609148729
565.0 0.242792336441
570.0 0.238172645763
575.0 0.233867302966
580.0 0.228929425847
585.0 0.224176400424
590.0 0.219491677119
595.0 0.215177492373
600.0 0.21046004661
605.0 0.205735662288
610.0 0.201764448305
615.0 0.198137098729
620.0 0.194610881356
625.0 0.191664196186
630.0 0.189118544068
635.0 0.186953319492
640.0 0.185283442797
645.0 0.184047494915
650.0 0.183115451271
655.0 0.182829378814
660.0 0.182919374576
665.0 0.183378325847
670.0 0.184243991525
675.0 0.185439363983
680.0 0.186952091525
685.0 0.188649683051
690.0 0.190753333898
695.0 0.192972535169
700.0 0.195303567797
705.0 0.197974915678
710.0 0.200602372034
715.0 0.203424427542
720.0 0.205988890678
725.0 0.208978723305
730.0 0.211964839407
735.0 0.214838472881
740.0 0.217747066102
745.0 0.220584698729
750.0 0.223426261017
755.0 0.225949876271
760.0 0.22858110339
765.0 0.231256242373
770.0 0.233724239831
775.0 0.236075731356
780.0 0.238312732203
785.0 0.240410332627
790.0 0.242346059322
795.0 0.244097832203
800.0 0.245652866102
805.0 0.247054186441
810.0 0.248112872458
815.0 0.248948240254
820.0 0.24960780339
825.0 0.249920355508
830.0 0.249982735169
835.0 0.249801961441
840.0 0.249316641102
845.0 0.248592413983
850.0 0.247553120339
855.0 0.246293423729
860.0 0.244837862288
865.0 0.243012322881
870.0 0.241096702119
875.0 0.238909053814
880.0 0.236826161864
885.0 0.234185141525
890.0 0.231625711017
895.0 0.229221608898
900.0 0.226462621186
905.0 0.223778079661
910.0 0.221132712712
915.0 0.218504344068
920.0 0.215975858475
925.0 0.213460725424
930.0 0.210992791525
935.0 0.20895789322
940.0 0.20692467161
945.0 0.205083444068
950.0 0.203464610169
955.0 0.202076002119
960.0 0.200919477119
965.0 0.200024955508
970.0 0.199365390678
975.0 0.198847394068
980.0 0.198691766525
985.0 0.198726872034
990.0 0.198968970339
995.0 0.199445983898
1000.0 0.200127417373
1005.0 0.200988322034
1010.0 0.202020258475
1015.0 0.203171634746
1020.0 0.204552305508
1025.0 0.205972695763
1030.0 0.207525452966
1035.0 0.209158483475
1040.0 0.21087394661
1045.0 0.21260006822
1050.0 0.214241235169
1055.0 0.216105758898
1060.0 0.217902850424
1065.0 0.219669283051
1070.0 0.22131065339
1075.0 0.223131319915
1080.0 0.224988532627
1085.0 0.226586111441
1090.0 0.228198736864
1095.0 0.229576034746
1100.0 0.230966050424
1105.0 0.232271175
1110.0 0.233460256356
1115.0 0.234516661017
1120.0 0.23544644661
1125.0 0.236270208051
1130.0 0.23688650678
1135.0 0.237375394915
1140.0 0.237694086017
1145.0 0.237897337712
1150.0 0.237896254237
1155.0 0.237758572034
1160.0 0.237460790678
1165.0 0.23697265339
1170.0 0.236366975847
1175.0 0.235635342797
1180.0 0.234690731356
1185.0 0.233679999576
1190.0 0.232524500847
1195.0 0.231273314831
1200.0 0.229913847881
1205.0 0.228512196186
1210.0 0.227154702542
1215.0 0.225577869915
1220.0 0.223982101271
1225.0 0.222432772458
1230.0 0.220859288559
1235.0 0.219299522881
1240.0 0.218037640254
1245.0 0.216590274576
1250.0 0.215069316102
1255.0 0.213865032627
1260.0 0.212700332203
1265.0 0.211623652966
1270.0 0.210663470763
1275.0 0.20982142161
1280.0 0.209117923729
1285.0 0.208585451271
1290.0 0.208133505508
1295.0 0.207787845763
1300.0 0.207669740254
1305.0 0.207621619068
1310.0 0.207730732627
1315.0 0.207975488136
1320.0 0.208327523305
1325.0 0.208785579237
1330.0 0.209385688136
1335.0 0.21005803178
1340.0 0.210799079661
1345.0 0.211682508051
1350.0 0.212524286864
1355.0 0.213567667797
1360.0 0.214591071186
1365.0 0.215560633475
1370.0 0.216679297458
1375.0 0.217811710169
1380.0 0.218937739407
1385.0 0.220028643644
1390.0 0.221115661441
1395.0 0.222061686864
1400.0 0.223133351695
1405.0 0.22425844661
1410.0 0.225164352119
1415.0 0.226056252119
1420.0 0.2269117
1425.0 0.227696457203
1430.0 0.228410954661
1435.0 0.229039902542
1440.0 0.229590888559
1445.0 0.23005057839
1450.0 0.230437575847
1455.0 0.230689717797
1460.0 0.230880864407
1465.0 0.230954238136
1470.0 0.230936786441
1475.0 0.230844670339
1480.0 0.230625710169
1485.0 0.230327983051
1490.0 0.229955332627
1495.0 0.22946565678
1500.0 0.228920360593
1505.0 0.228295703814
1510.0 0.227601549153
1515.0 0.226846748305
1520.0 0.226124372881
1525.0 0.225247804237
1530.0 0.224343933051
1535.0 0.223451129237
1540.0 0.222569706356
1545.0 0.22165708178
1550.0 0.220745420763
1555.0 0.219855341102
1560.0 0.218933775424
1565.0 0.21816916822
1570.0 0.217396116102
1575.0 0.216620789407
1580.0 0.215935706356
1585.0 0.215309275847
1590.0 0.214750688559
1595.0 0.214254771186
1600.0 0.213838859746
1605.0 0.213520708475
1610.0 0.213250759322
1615.0 0.21305602161
1620.0 0.212951453814
1625.0 0.212936811017
1630.0 0.21300680339
1635.0 0.213125082203
1640.0 0.213339840678
1645.0 0.213616225847
1650.0 0.213946715678
1655.0 0.214362238559
1660.0 0.214808371186
1665.0 0.215322585593
1670.0 0.215820470339
1675.0 0.216429267373
1680.0 0.217062871186
1685.0 0.217699507203
1690.0 0.218303344068
1695.0 0.218950790678
1700.0 0.219616363559
1705.0 0.220288905508
1710.0 0.220986667797
1715.0 0.221653844915
1720.0 0.222311458051
1725.0 0.222872659322
1730.0 0.223462879661
1735.0 0.224043370763
1740.0 0.224542077119
1745.0 0.224993384322
1750.0 0.225416411864
1755.0 0.225789604661
1760.0 0.226113750847
1765.0 0.226369262712
1770.0 0.226567629237
1775.0 0.226742620339
1780.0 0.226837592373
1785.0 0.226872190678
1790.0 0.22684755
1795.0 0.226769558051
1800.0 0.226630730508
1805.0 0.226445738559
1810.0 0.226193500424
1815.0 0.225905414831
1820.0 0.22555945
1825.0 0.225213202966
1830.0 0.224762103814
1835.0 0.224310133898
1840.0 0.223868481356
1845.0 0.223351630932
1850.0 0.222815881356
1855.0 0.222284599153
1860.0 0.221736625
1865.0 0.221197245763
1870.0 0.220654149153
1875.0 0.220207876271
1880.0 0.219688843644
1885.0 0.219132605932
1890.0 0.218696393644
1895.0 0.218263958898
1900.0 0.217858677966
1905.0 0.217485591949
1910.0 0.217156813559
1915.0 0.216867667373
1920.0 0.21662515678
1925.0 0.216425511864
1930.0 0.216266769068
1935.0 0.216169300424
1940.0 0.216116056356
1945.0 0.216101814831
1950.0 0.216142034746
1955.0 0.216219476271
1960.0 0.216346648305
1965.0 0.216511639831
1970.0 0.216710041949
1975.0 0.216953186441
1980.0 0.217227284322
1985.0 0.217516754237
1990.0 0.217854476271
1995.0 0.218214615678
2000.0 0.218584161441
2005.0 0.218940757627
2010.0 0.219324216949
2015.0 0.21972390339
2020.0 0.220130482627
2025.0 0.22055497839
2030.0 0.220968664407
2035.0 0.221375311017
2040.0 0.221724416525
2045.0 0.222118359322
2050.0 0.222448710169
2055.0 0.222773912712
2060.0 0.223082334746
2065.0 0.223360394068
2070.0 0.223610635593
2075.0 0.223828510169
2080.0 0.224016599576
2085.0 0.224170625847
2090.0 0.224297320763
2095.0 0.224379338983
2100.0 0.224421384746
2105.0 0.224439326695
2110.0 0.224417074153
2115.0 0.224364917797
2120.0 0.224275527966
2125.0 0.224156239407
2130.0 0.22400315339
2135.0 0.223820846186
2140.0 0.223612192797
2145.0 0.223382913983
2150.0 0.223145561017
2155.0 0.222865610593
2160.0 0.222568754237
2165.0 0.222268458475
2170.0 0.221951369492
2175.0 0.221634625847
2180.0 0.221315113136
2185.0 0.220989141102
2190.0 0.220700194915
2195.0 0.220390627542
2200.0 0.220069408051
2205.0 0.219801546186
2210.0 0.219521719068
2215.0 0.21925890678
2220.0 0.219020352542
2225.0 0.218803726271
2230.0 0.218611244492
2235.0 0.218442005085
2240.0 0.218299616949
2245.0 0.218183836441
2250.0 0.218101229661
2255.0 0.218040169068
2260.0 0.218002975847
2265.0 0.218001236017
2270.0 0.218025101695
2275.0 0.218076345763
2280.0 0.218146722881
2285.0 0.218253676271
2290.0 0.218376854237
2295.0 0.218513739831
2300.0 0.218682016102
2305.0 0.218869175847
2310.0 0.219067222881
2315.0 0.219273966102
2320.0 0.219498182627
2325.0 0.219731129661
2330.0 0.219968826271
2335.0 0.220210282203
2340.0 0.220465073305
2345.0 0.220699408898
2350.0 0.220916795763
2355.0 0.22117749322
2360.0 0.221403127542
2365.0 0.221598072458
2370.0 0.221811484322
2375.0 0.222020441949
2380.0 0.222201806356
2385.0 0.22236305678
2390.0 0.22250948178
2395.0 0.222639334322
2400.0 0.222748802119
2405.0 0.222838402542
2410.0 0.222906214407
2415.0 0.222948663559
2420.0 0.222981999153
2425.0 0.222984897034
2430.0 0.222969450847
2435.0 0.222932337288
2440.0 0.222874830085
2445.0 0.222800485593
2450.0 0.222710125
2455.0 0.222598240254
2460.0 0.222468534322
2465.0 0.22232884322
2470.0 0.222178400424
2475.0 0.222013650424
2480.0 0.221839069068
2485.0 0.221659530508
2490.0 0.221473673729
2495.0 0.221276398729
2500.0 0.221093027542
2505.0 0.220921621186
2510.0 0.220709824576
2515.0 0.220528366102
2520.0 0.220355855932
2525.0 0.220181224576
2530.0 0.220022406356
2535.0 0.219870094068
2540.0 0.219738336017
2545.0 0.219602727119
2550.0 0.219486139407
2555.0 0.219389541949
2560.0 0.219307062288
2565.0 0.219239230085
2570.0 0.219184210169
2575.0 0.219154559746
2580.0 0.219136450424
2585.0 0.2191359
2590.0 0.219151235593
2595.0 0.219182985169
2600.0 0.219228964831
2605.0 0.219288022034
2610.0 0.219364044068
2615.0 0.219453623729
2620.0 0.219552774153
2625.0 0.21966513178
2630.0 0.21978400678
2635.0 0.219911245763
2640.0 0.220044996186
2645.0 0.220184486864
2650.0 0.22032240339
2655.0 0.220456139831
2660.0 0.220621536017
2665.0 0.220750487712
2670.0 0.220892052966
2675.0 0.221044819492
2680.0 0.221172535169
2685.0 0.221308049153
2690.0 0.221434094915
2695.0 0.221540405508
2700.0 0.221650628814
2705.0 0.221756723729
2710.0 0.221841197881
2715.0 0.221914457203
2720.0 0.221978543644
2725.0 0.222032079661
2730.0 0.222073077119
2735.0 0.222096959746
2740.0 0.222110638559
2745.0 0.222112365678
2750.0 0.22210090678
2755.0 0.222077458051
2760.0 0.222041244492
2765.0 0.221995367373
2770.0 0.221939634322
2775.0 0.22187485678
2780.0 0.221798726695
2785.0 0.221714672881
2790.0 0.221623050847
2795.0 0.221525684322
2800.0 0.22141737161
2805.0 0.221305448729
2810.0 0.221192440254
2815.0 0.221093805932
2820.0 0.220963669068
2825.0 0.220853736017
2830.0 0.220746061864
2835.0 0.220634034746
2840.0 0.220528662288
2845.0 0.220426320339
2850.0 0.22033351822
2855.0 0.220244741949
2860.0 0.220160086441
2865.0 0.220084764831
2870.0 0.220018035593
2875.0 0.219960694068
2880.0 0.219911249576
2885.0 0.219872483898
2890.0 0.219842663983
2895.0 0.219823155085
2900.0 0.219815274576
2905.0 0.219814472034
2910.0 0.21982409661
2915.0 0.219843439831
2920.0 0.219872197034
2925.0 0.21990986822
2930.0 0.219955610169
2935.0 0.220007562288
2940.0 0.220069040678
2945.0 0.220135056356
2950.0 0.22020642161
2955.0 0.220282891102
2960.0 0.220360422034
2965.0 0.220437651695
2970.0 0.22053526822
2975.0 0.220610494915
2980.0 0.220695815678
2985.0 0.220792063136
2990.0 0.22087160339
2995.0 0.220959362288
3000.0 0.221036166102
3005.0 0.221118134322
3010.0 0.22119280339
3015.0 0.221260464831
3020.0 0.221322582203
3025.0 0.221381280932
3030.0 0.221432163136
3035.0 0.221477020339
3040.0 0.221513523729
3045.0 0.221544445339
3050.0 0.221566341949
3055.0 0.221581191949
3060.0 0.22158790339
3065.0 0.221589105932
3070.0 0.221580689407
3075.0 0.221566670339
3080.0 0.22154464322
3085.0 0.221516464407
3090.0 0.22148250678
3095.0 0.221442519915
3100.0 0.221396536864
3105.0 0.221346112712
3110.0 0.221289299576
3115.0 0.221228627119
3120.0 0.221165089831
3125.0 0.221108744492
3130.0 0.221032761441
3135.0 0.220967841102
3140.0 0.220903200424
3145.0 0.220838678814
3150.0 0.220771598305
3155.0 0.220702380508
3160.0 0.220638633051
3165.0 0.220579585169
3170.0 0.220524804237
3175.0 0.220472124153
3180.0 0.220421356356
3185.0 0.220377546186
3190.0 0.220338347881
3195.0 0.22030473178
3200.0 0.22027542161
3205.0 0.220253164407
3210.0 0.220235672034
3215.0 0.220225684322
3220.0 0.220219658475
3225.0 0.220220366949
3230.0 0.220226690678
3235.0 0.220238310593
3240.0 0.220256052966
3245.0 0.220278461017
3250.0 0.220304837288
3255.0 0.220338211441
3260.0 0.220374342797
3265.0 0.220411761864
3270.0 0.220452529661
3275.0 0.220503580085
3280.0 0.220545647881
3285.0 0.220594008898
3290.0 0.220650552119
3295.0 0.220698352966
3300.0 0.220755255932
3305.0 0.220802812712
3310.0 0.220856516102
3315.0 0.220903772881
3320.0 0.220951817797
3325.0 0.221000323305
3330.0 0.2210399
3335.0 0.221083469068
3340.0 0.221121677119
3345.0 0.221154738983
3350.0 0.221184314831
3355.0 0.221211345763
3360.0 0.221232775847
3365.0 0.221250655508
3370.0 0.221263363559
3375.0 0.221272831356
3380.0 0.221275214407
3385.0 0.221276184322
3390.0 0.221270412288
3395.0 0.221262164831
3400.0 0.221248151271
3405.0 0.221231910169
3410.0 0.221209563983
3415.0 0.221185192373
3420.0 0.221158266102
3425.0 0.221129611864
3430.0 0.221093015254
3435.0 0.221061440254
3440.0 0.22102557161
3445.0 0.220983152542
3450.0 0.220946955932
3455.0 0.220903625424
3460.0 0.220864540678
3465.0 0.220826197034
3470.0 0.220784714831
3475.0 0.220747888559
3480.0 0.220710138983
3485.0 0.220673535593
3490.0 0.220641469492
3495.0 0.220610714831
3500.0 0.220580580085
3505.0 0.220554885593
3510.0 0.220531625
3515.0 0.220511903814
3520.0 0.22049456822
3525.0 0.220481739407
3530.0 0.220471291949
3535.0 0.220465218644
3540.0 0.220461816949
3545.0 0.220462832627
3550.0 0.220466397034
3555.0 0.220473779237
3560.0 0.22048435
3565.0 0.220497257627
3570.0 0.220514245763
3575.0 0.220532730508
3580.0 0.22055296822
3585.0 0.220576739407
3590.0 0.220604562712
3595.0 0.220628771186
3600.0 0.220657533051
3605.0 0.220687448305
3610.0 0.220716164407
3615.0 0.22074937839
3620.0 0.220777687288
3625.0 0.220808801695
3630.0 0.220839470339
3635.0 0.220870205508
3640.0 0.220898000847
3645.0 0.220926586441
3650.0 0.220951151271
3655.0 0.220974649153
3660.0 0.220997515678
3665.0 0.221017592797
3670.0 0.221034922458
3675.0 0.221050787288
3680.0 0.221063313559
3685.0 0.221074000847
3690.0 0.221081308898
3695.0 0.221086275424
3700.0 0.221088882627
3705.0 0.221088683051
3710.0 0.221085486017
3715.0 0.221080417373
3720.0 0.221071927119
3725.0 0.221062407627
3730.0 0.221049170763
3735.0 0.221034857627
3740.0 0.221019063983
3745.0 0.221001014831
3750.0 0.220980157627
3755.0 0.220961908898
3760.0 0.220937383898
3765.0 0.220916588983
3770.0 0.220892150424
3775.0 0.22086909661
3780.0 0.220845149153
3785.0 0.220821815678
3790.0 0.220799185169
3795.0 0.220774633475
3800.0 0.220754872458
3805.0 0.220733314407
3810.0 0.220712687288
3815.0 0.220695041949
3820.0 0.220677432627
3825.0 0.220662331356
3830.0 0.220648364407
3835.0 0.220636814407
3840.0 0.220626564407
3845.0 0.220618981356
3850.0 0.220612780508
3855.0 0.220609201271
3860.0 0.220607425847
3865.0 0.220607591949
3870.0 0.220609647034
3875.0 0.220614068644
3880.0 0.22061982839
3885.0 0.220628123305
3890.0 0.220637508051
3895.0 0.220648751271
3900.0 0.220660579661
3905.0 0.220675282203
3910.0 0.220689563983
3915.0 0.220705025
3920.0 0.220722654661
3925.0 0.220738928814
3930.0 0.220757586441
3935.0 0.220774769068
3940.0 0.220794002119
3945.0 0.220811889831
3950.0 0.220829380085
3955.0 0.220846635169
3960.0 0.220863658898
3965.0 0.220879398729
3970.0 0.220895380932
3975.0 0.220908981356
3980.0 0.220922360169
3985.0 0.220934255085
3990.0 0.220944573729
3995.0 0.220954008051
4000.0 0.220961316102
4005.0 0.220967787288
4010.0 0.220972047881
4015.0 0.220975390254
4020.0 0.220976353814
4025.0 0.220976571186
4030.0 0.22097474661
4035.0 0.220971710169
4040.0 0.220967309322
4045.0 0.220961188983
4050.0 0.220954207627
4055.0 0.22094584661
4060.0 0.220935605932
4065.0 0.220926224153
4070.0 0.220913736864
4075.0 0.220902479661
4080.0 0.220889094915
4085.0 0.220876295763
4090.0 0.220862341949
4095.0 0.220848841102
4100.0 0.220834604237
4105.0 0.220821455085
4110.0 0.22080700678
4115.0 0.220794284746
4120.0 0.220780515254
4125.0 0.220769180085
4130.0 0.220756794492
4135.0 0.220746252119
4140.0 0.220735922458
4145.0 0.220727052119
4150.0 0.220718645763
4155.0 0.220711949576
4160.0 0.220705715254
4165.0 0.220701230932
4170.0 0.220697418644
4175.0 0.220695227119
4180.0 0.220693919068
4185.0 0.220694229661
4190.0 0.220695127542
4195.0 0.220697602966
4200.0 0.220700835169
4205.0 0.220705558898
4210.0 0.220710661864
4215.0 0.220717425847
4220.0 0.220724657203
4225.0 0.220732320763
4230.0 0.220741427119
4235.0 0.220749999153
4240.0 0.220760435169
4245.0 0.220769707203
4250.0 0.220780930085
4255.0 0.220790568644
4260.0 0.220802036441
4265.0 0.220811790678
4270.0 0.220822833475
4275.0 0.220832629237
4280.0 0.220842992373
4285.0 0.220851864407
4290.0 0.220861220763
4295.0 0.220869424576
4300.0 0.220877227966
4305.0 0.220884221186
4310.0 0.220890390678
4315.0 0.220896008475
4320.0 0.220900336441
4325.0 0.220904327966
4330.0 0.220906860593
4335.0 0.220908974153
4340.0 0.220909798305
4345.0 0.220909992373
4350.0 0.220908983051
4355.0 0.22090742839
4360.0 0.220904711441
4365.0 0.220901617797
4370.0 0.220897402966
4375.0 0.220892599576
4380.0 0.220887055508
4385.0 0.220881385593
4390.0 0.220874424576
4395.0 0.220867630508
4400.0 0.22086030678
4405.0 0.220852427542
4410.0 0.220844949153
4415.0 0.220836698729
4420.0 0.220828595339
4425.0 0.220820858898
4430.0 0.220812164831
4435.0 0.22080540678
4440.0 0.220796834322
4445.0 0.220790455085
4450.0 0.220782936017
4455.0 0.220776928814
4460.0 0.220770797881
4465.0 0.220765455085
4470.0 0.220760581356
4475.0 0.220756492797
4480.0 0.220752787288
4485.0 0.220750077542
4490.0 0.220747707627
4495.0 0.220746374576
4500.0 0.220745423305
4505.0 0.220745423729
4510.0 0.220745847881
4515.0 0.220747264831
4520.0 0.220748979661
4525.0 0.220751561441
4530.0 0.220754568644
4535.0 0.220758230508
4540.0 0.22076219322
4545.0 0.220766769068
4550.0 0.220771518644
4555.0 0.220777180085
4560.0 0.220782212288
4565.0 0.220788666102
4570.0 0.220793856356
4575.0 0.220800515254
4580.0 0.22080624661
4585.0 0.220812563136
4590.0 0.220818841949
4595.0 0.220824223729
4600.0 0.220830549576
4605.0 0.220835720339
4610.0 0.220841076271
4615.0 0.220846337288
4620.0 0.220850217373
4625.0 0.220854940254
4630.0 0.220858322034
4635.0 0.220861658051
4640.0 0.220864460593
4645.0 0.220866709746
4650.0 0.220868341102
4655.0 0.220869759322
4660.0 0.220870220339
4665.0 0.220870553814
4670.0 0.220870015678
4675.0 0.220869308051
4680.0 0.220867855085
4685.0 0.220866189407
4690.0 0.220863820339
4695.0 0.220861238559
4700.0 0.220858080085
4705.0 0.220854791525
4710.0 0.220851052966
4715.0 0.220847226271
4720.0 0.220842821186
4725.0 0.220838537712
4730.0 0.220834013983
4735.0 0.220829355932
4740.0 0.22082475339
4745.0 0.220820310593
4750.0 0.220815287712
4755.0 0.220811354237
4760.0 0.220806329237
4765.0 0.220802480932
4770.0 0.220798469068
4775.0 0.220794572034
4780.0 0.220791105932
4785.0 0.220788007203
4790.0 0.220784913983
4795.0 0.220782695763
4800.0 0.220780312712
4805.0 0.220778676695
4810.0 0.220777214407
4815.0 0.220776328814
4820.0 0.220775616525
4825.0 0.220775608051
4830.0 0.220775687712
4835.0 0.220776386017
4840.0 0.2207773
4845.0 0.220778705085
4850.0 0.220780242373
4855.0 0.220782356356
4860.0 0.220784517797
4865.0 0.22078712839
4870.0 0.220789788136
4875.0 0.220792898305
4880.0 0.220795930932
4885.0 0.220799288136
4890.0 0.22080256822
4895.0 0.220806258475
4900.0 0.220809491949
4905.0 0.220813348729
4910.0 0.220816537712
4915.0 0.220820139831
4920.0 0.220823497458
4925.0 0.22082655
4930.0 0.220829699576
4935.0 0.220832670339
4940.0 0.220835145763
4945.0 0.220837867797
4950.0 0.220839840678
4955.0 0.220841933898
4960.0 0.220843490678
4965.0 0.220844999153
4970.0 0.220845928814
4975.0 0.220846853814
4980.0 0.220847241949
4985.0 0.220847498305
4990.0 0.22084730339
4995.0 0.220847019068
5000.0 0.220846197881
5005.0 0.220845330508
5010.0 0.220844011441
5015.0 0.220842686864
5020.0 0.220840909746
5025.0 0.220839085169
5030.0 0.220836934746
5035.0 0.220834863136
5040.0 0.220832337712
5045.0 0.220829975
5050.0 0.220827370339
5055.0 0.220824842797
5060.0 0.220822029237
5065.0 0.22081954661
5070.0 0.220816692373
5075.0 0.220814295339
5080.0 0.220811652966
5085.0 0.220809170339
5090.0 0.220806865678
5095.0 0.220804761441
5100.0 0.220802496186
5105.0 0.220800854237
5110.0 0.220798965678
5115.0 0.220797572881
5120.0 0.220796187288
5125.0 0.220795212288
5130.0 0.220794201271
5135.0 0.220793727542
5140.0 0.220793175847
5145.0 0.22079311822
5150.0 0.220793067373
5155.0 0.220793468644
5160.0 0.220793791525
5165.0 0.220794609322
5170.0 0.220795433475
5175.0 0.220796582627
5180.0 0.220797697034
5185.0 0.220799263136
5190.0 0.220800625847
5195.0 0.220802398729
5200.0 0.220804052966
5205.0 0.220806033475
5210.0 0.220807810169
5215.0 0.220809914407
5220.0 0.220811773729
5225.0 0.220813960593
5230.0 0.220815776271
5235.0 0.220817919915
5240.0 0.220819650424
5245.0 0.220821710169
5250.0 0.22082335678
5255.0 0.220825163983
5260.0 0.220826516102
5265.0 0.22082820678
5270.0 0.220829340678
5275.0 0.220830700847
5280.0 0.220831496186
5285.0 0.220832567373
5290.0 0.220833026271
5295.0 0.220833764831
5300.0 0.220833888983
5305.0 0.220834294915
5310.0 0.220834085169
5315.0 0.220834109746
5320.0 0.220833533051
5325.0 0.220833177119
5330.0 0.220832398305
5335.0 0.220831663136
5340.0 0.22083055339
5345.0 0.220829651695
5350.0 0.220828335593
5355.0 0.220827183051
5360.0 0.220825744068
5365.0 0.220824509746
5370.0 0.22082294661
5375.0 0.220821630085
5380.0 0.220819984322
5385.0 0.220818633051
5390.0 0.220817022458
5395.0 0.220815761864
5400.0 0.220814020339
5405.0 0.220812932627
5410.0 0.22081135678
5415.0 0.220810226695
5420.0 0.22080881822
5425.0 0.220807898305
5430.0 0.220806613983
5435.0 0.220805903814
5440.0 0.220804870339
5445.0 0.220804411441
5450.0 0.22080362839
5455.0 0.220803419915
5460.0 0.220802886441
5465.0 0.220802970339
5470.0 0.220802729661
5475.0 0.220803063136
5480.0 0.220803114407
5485.0 0.220803740254
5490.0 0.220803999576
5495.0 0.220804875424
5500.0 0.220805342373
5505.0 0.220806426271
5510.0 0.220807016949
5515.0 0.220808267373
5520.0 0.22080898178
5525.0 0.220810313983
5530.0 0.22081115339
5535.0 0.220812526271
5540.0 0.220813490254
5545.0 0.220814819492
5550.0 0.220815783051
5555.0 0.220817237712
5560.0 0.22081803178
5565.0 0.220819402966
5570.0 0.22082028178
5575.0 0.220821484322
5580.0 0.220822237288
5585.0 0.220823313983
5590.0 0.22082385339
5595.0 0.22082498178
5600.0 0.220825173305
5605.0 0.220825977966
5610.0 0.220826164407
5615.0 0.220826808051
5620.0 0.220826612288
5625.0 0.220827135169
5630.0 0.220826728814
5635.0 0.220827002119
5640.0 0.220826470339
5645.0 0.220826535169
5650.0 0.220825761441
5655.0 0.220825689407
5660.0 0.220824927966
5665.0 0.220824512288
5670.0 0.220823716949
5675.0 0.220823172458
5680.0 0.220822213559
5685.0 0.220821668644
5690.0 0.220820459322
5695.0 0.220819872881
5700.0 0.220818750424
5705.0 0.220817952966
5710.0 0.220816789407
5715.0 0.220816161441
5720.0 0.220814955508
5725.0 0.220814242797
5730.0 0.220813198729
5735.0 0.220812709746
5740.0 0.220811526271
5745.0 0.22081125678
5750.0 0.220810277966
5755.0 0.220810053814
5760.0 0.220809239407
5765.0 0.220809227119
5770.0 0.220808493644
5775.0 0.22080865
5780.0 0.220808125
5785.0 0.220808405932
5790.0 0.220808047458
5795.0 0.220808538136
5800.0 0.22080830339
5805.0 0.220808961017
5810.0 0.220808893644
5815.0 0.220809675847
5820.0 0.220809732627
5825.0 0.220810597458
5830.0 0.220810779237
5835.0 0.220811727119
5840.0 0.220811949576
5845.0 0.220813064407
5850.0 0.220813285593
5855.0 0.220814399576
5860.0 0.220814788559
5865.0 0.220815817373
5870.0 0.220816163559
5875.0 0.220817318644
5880.0 0.220817622458
5885.0 0.22081869322
5890.0 0.220818997034
5895.0 0.220819941525
5900.0 0.220820161441
5905.0 0.22082110678
5910.0 0.220821158898
5915.0 0.220821977966
5920.0 0.220821988983
5925.0 0.220822640678
5930.0 0.220822483898
5935.0 0.220823052542
5940.0 0.220822770763
5945.0 0.220823214407
5950.0 0.220822807627
5955.0 0.220823126271
5960.0 0.220822594068
5965.0 0.220822787712
5970.0 0.220822130932
5975.0 0.220822241949
5980.0 0.220821502119
5985.0 0.220821487712
5990.0 0.220820664831
5995.0 0.220820567373
6000.0 0.220819661441
6005.0 0.220819564831
6010.0 0.220818575424
6015.0 0.220818395763
6020.0 0.220817491525
6025.0 0.220817269492
6030.0 0.220816280932
6035.0 0.220816102119
6040.0 0.220815155932
6045.0 0.220814977119
6050.0 0.220814157627
6055.0 0.220814020339
6060.0 0.220813158051
6065.0 0.220813189407
6070.0 0.220812411017
6075.0 0.220812441525
6080.0 0.220811788983
6085.0 0.220811944915
6090.0 0.220811375847
6095.0 0.22081157161
6100.0 0.220811085169
6105.0 0.220811405085
6110.0 0.220811044915
6115.0 0.220811491525
6120.0 0.220811213983
6125.0 0.220811702119
6130.0 0.220811508475
6135.0 0.220812122458
6140.0 0.220811969915
6145.0 0.220812625
6150.0 0.220812555932
6155.0 0.220813294915
6160.0 0.220813267373
6165.0 0.220814005508
6170.0 0.220814019492
6175.0 0.22081475678
6180.0 0.220814772458
6185.0 0.220815594492
6190.0 0.220815651271
6195.0 0.220816387288
6200.0 0.220816402119
6205.0 0.220817181356
6210.0 0.220817237712
6215.0 0.22081793178
6220.0 0.220817945763
6225.0 0.220818682627
6230.0 0.220818611864
6235.0 0.220819264407
6240.0 0.220819194492
6245.0 0.220819847034
6250.0 0.220819692797
6255.0 0.220820261864
6260.0 0.220820066102
6265.0 0.22082059322
6270.0 0.220820313559
6275.0 0.220820757203
6280.0 0.220820436017
6285.0 0.220820838136
6290.0 0.220820433475
6295.0 0.220820751695
6300.0 0.220820305932
6305.0 0.220820540254
6310.0 0.220820010593
6315.0 0.220820246186
6320.0 0.220819675
6325.0 0.220819826271
6330.0 0.220819213559
6335.0 0.220819366102
6340.0 0.220818711441
6345.0 0.220818822034
6350.0 0.22081816822
6355.0 0.220818237288
6360.0 0.220817583898
6365.0 0.220817652966
6370.0 0.220817
6375.0 0.220817027119
6380.0 0.220816332203
6385.0 0.220816444068
6390.0 0.220815791102
6395.0 0.22081581822
6400.0 0.220815207627
6405.0 0.220815319492
6410.0 0.220814666102
6415.0 0.220814819915
6420.0 0.220814251271
6425.0 0.220814404661
6430.0 0.220813877542
6435.0 0.220814072458
6440.0 0.220813587288
6445.0 0.220813824153
6450.0 0.220813380508
6455.0 0.220813659322
6460.0 0.220813257203
6465.0 0.220813619915
6470.0 0.220813259746
6475.0 0.220813663983
6480.0 0.220813345339
6485.0 0.220813791102
6490.0 0.220813513983
6495.0 0.220813959322
6500.0 0.220813723729
6505.0 0.220814252966
6510.0 0.220814059746
6515.0 0.220814588136
6520.0 0.220814394068
6525.0 0.220814964407
6530.0 0.220814812288
6535.0 0.220815382203
6540.0 0.220815229661
6545.0 0.220815841525
6550.0 0.220815688983
6555.0 0.220816300847
6560.0 0.220816147458
6565.0 0.220816759322
6570.0 0.220816606356
6575.0 0.22081721822
6580.0 0.220817022881
6585.0 0.220817592373
6590.0 0.220817439407
6595.0 0.220817966949
6600.0 0.220817772034
6605.0 0.220818299576
6610.0 0.220818062712
6615.0 0.220818548305
6620.0 0.220818311864
6625.0 0.220818755508
6630.0 0.220818477119
6635.0 0.220818878814
6640.0 0.220818558898
6645.0 0.220818961017
6650.0 0.220818599153
6655.0 0.220818917373
6660.0 0.220818555932
6665.0 0.220818874576
6670.0 0.220818428814
6675.0 0.220818748305
6680.0 0.220818260593
6685.0 0.220818538136
6690.0 0.220818051271
6695.0 0.220818286864
6700.0 0.2208178
6705.0 0.220818036017
6710.0 0.220817507203
6715.0 0.220817701271
6720.0 0.220817172881
6725.0 0.220817366949
6730.0 0.220816838983
6735.0 0.220817033475
6740.0 0.220816505508
6745.0 0.2208167
6750.0 0.220816172034
6755.0 0.220816366525
6760.0 0.220815838136
6765.0 0.220816075
6770.0 0.220815547034
6775.0 0.220815783475
6780.0 0.220815297881
6785.0 0.220815534322
6790.0 0.220815047881
6795.0 0.220815326695
6800.0 0.220814882627
6805.0 0.220815160593
6810.0 0.220814758475
6815.0 0.220815078814
6820.0 0.220814676271
6825.0 0.220814996186
6830.0 0.220814635593
6835.0 0.220814997458
6840.0 0.220814636441
6845.0 0.220815040254
6850.0 0.220814721186
6855.0 0.220815124576
6860.0 0.220814805085
6865.0 0.220815250424
6870.0 0.220814973305
6875.0 0.22081541822
6880.0 0.220815140678
6885.0 0.220815627542
6890.0 0.220815349576
6895.0 0.220815836441
6900.0 0.220815600424
6905.0 0.220816087288
6910.0 0.220815851271
6915.0 0.220816337712
6920.0 0.220816101695
6925.0 0.220816587712
6930.0 0.220816351695
6935.0 0.220816838136
6940.0 0.220816601695
6945.0 0.220817088136
6950.0 0.220816809746
6955.0 0.220817296186
6960.0 0.220817017797
6965.0 0.220817504237
6970.0 0.220817183898
6975.0 0.22081762839
6980.0 0.220817350424
6985.0 0.220817752542
6990.0 0.220817432627
6995.0 0.220817877542
7000.0 0.220817515254
7005.0 0.22081791822
7010.0 0.220817556356
7015.0 0.220817916949
7020.0 0.220817555508
7025.0 0.220817916525
7030.0 0.220817513136
7035.0 0.22081783178
7040.0 0.220817428814
7045.0 0.220817747881
7050.0 0.220817344915
7055.0 0.220817622034
7060.0 0.220817219068
7065.0 0.22081749661
7070.0 0.220817051695
7075.0 0.220817329237
7080.0 0.220816884746
7085.0 0.220817162288
7090.0 0.220816717797
7095.0 0.22081695339
7100.0 0.220816508898
7105.0 0.220816786864
7110.0 0.220816342373
7115.0 0.220816620339
7120.0 0.220816133475
7125.0 0.220816411441
7130.0 0.220815966949
7135.0 0.220816244915
7140.0 0.220815800424
7145.0 0.220816120339
7150.0 0.220815675847
7155.0 0.220815995763
7160.0 0.220815550847
7165.0 0.220815870763
7170.0 0.22081546822
7175.0 0.220815830085
7180.0 0.220815427542
7185.0 0.220815789407
7190.0 0.220815386017
7195.0 0.220815747881
7200.0 0.220815386864
7205.0 0.220815748305
7210.0 0.220815387288
7215.0 0.220815790678
7220.0 0.22081547161
7225.0 0.220815875
7230.0 0.220815513559
7235.0 0.220815958898
7240.0 0.220815639407
7245.0 0.220816042373
7250.0 0.220815722881
7255.0 0.22081616822
7260.0 0.220815848305
7265.0 0.22081629322
7270.0 0.220815973305
7275.0 0.220816418644
7280.0 0.220816141102
7285.0 0.220816585593
7290.0 0.220816265678
7295.0 0.220816710593
7300.0 0.220816390678
7305.0 0.220816835593
7310.0 0.220816515678
7315.0 0.220816960593
7320.0 0.220816640678
7325.0 0.220817085593
7330.0 0.220816765678
7335.0 0.22081716822
7340.0 0.220816848729
7345.0 0.220817251271
7350.0 0.22081693178
7355.0 0.220817292373
7360.0 0.220816972881
7365.0 0.220817333898
7370.0 0.220816972034
7375.0 0.220817375424
7380.0 0.220817013983
7385.0 0.220817375
7390.0 0.220816971186
7395.0 0.220817332627
7400.0 0.220816971186
7405.0 0.220817290254
7410.0 0.220816886864
7415.0 0.220817248305
7420.0 0.220816845339
7425.0 0.220817164407
7430.0 0.220816761441
7435.0 0.220817080932
7440.0 0.220816677966
7445.0 0.220816997458
7450.0 0.220816594492
7455.0 0.22081687161
7460.0 0.220816469068
7465.0 0.220816788559
7470.0 0.220816385593
7475.0 0.220816705508
7480.0 0.220816260169
7485.0 0.220816580085
7490.0 0.220816177119
7495.0 0.220816497034
7500.0 0.220816094068
7505.0 0.220816413559
7510.0 0.220816011017
7515.0 0.220816330508
7520.0 0.220815927542
7525.0 0.220816289407
7530.0 0.220815886441
7535.0 0.220816205508
7540.0 0.220815844915
7545.0 0.220816206356
7550.0 0.22081580339
7555.0 0.220816164831
7560.0 0.220815803814
7565.0 0.220816165254
7570.0 0.220815804237
7575.0 0.220816165254
7580.0 0.22081584661
7585.0 0.220816207627
7590.0 0.220815846186
7595.0 0.220816249576
7600.0 0.220815888136
7605.0 0.220816291525
7610.0 0.220815972034
7615.0 0.220816375424
7620.0 0.220816013559
7625.0 0.220816416949
7630.0 0.220816097458
7635.0 0.220816500424
7640.0 0.220816180932
7645.0 0.220816584322
7650.0 0.220816264831
7655.0 0.220816667797
7660.0 0.220816305932
7665.0 0.220816708898
7670.0 0.220816389407
7675.0 0.220816792373
7680.0 0.220816472881
7685.0 0.220816875847
7690.0 0.220816513983
7695.0 0.220816917373
7700.0 0.220816597881
7705.0 0.220816958475
7710.0 0.220816639407
7715.0 0.220817
7720.0 0.220816638559
7725.0 0.220817041949
7730.0 0.220816680508
7735.0 0.220817041102
7740.0 0.220816680085
7745.0 0.220817041102
7750.0 0.220816679661
7755.0 0.220817040678
7760.0 0.220816679661
7765.0 0.220817040678
7770.0 0.220816637288
7775.0 0.220816998729
7780.0 0.220816637712
7785.0 0.22081695678
7790.0 0.220816595763
7795.0 0.220816914831
7800.0 0.220816553814
7805.0 0.220816873305
7810.0 0.220816469915
7815.0 0.220816831356
7820.0 0.22081642839
7825.0 0.220816747458
7830.0 0.220816386864
7835.0 0.220816705932
7840.0 0.220816302966
7845.0 0.220816664831
7850.0 0.220816261441
7855.0 0.220816580932
7860.0 0.220816219915
7865.0 0.220816539407
7870.0 0.22081617839
7875.0 0.220816497881
7880.0 0.220816136864
7885.0 0.220816456356
7890.0 0.220816095339
7895.0 0.22081645678
7900.0 0.22081605339
7905.0 0.220816414831
7910.0 0.220816053814
7915.0 0.220816415254
7920.0 0.220816011864
7925.0 0.220816415678
7930.0 0.220816012288
7935.0 0.220816415678
7940.0 0.220816054661
7945.0 0.220816415678
7950.0 0.220816054661
7955.0 0.220816415678
7960.0 0.220816054237
7965.0 0.220816458051
7970.0 0.22081609661
7975.0 0.2208165
7980.0 0.220816138559
7985.0 0.220816541949
7990.0 0.220816180085
7995.0 0.220816541102
8000.0 0.220816222034
8005.0 0.220816583051
8010.0 0.220816263983
8015.0 0.220816624576
8020.0 0.220816305508
8025.0 0.220816666525
8030.0 0.220816347034
8035.0 0.220816708051
8040.0 0.220816388983
8045.0 0.22081675
8050.0 0.220816430508
8055.0 0.220816791525
8060.0 0.220816430085
8065.0 0.220816833475
8070.0 0.220816472034
8075.0 0.220816833051
8080.0 0.220816513559
8085.0 0.220816875
8090.0 0.220816513559
8095.0 0.220816874576
8100.0 0.220816513136
8105.0 0.220816874153
8110.0 0.220816512712
8115.0 0.220816874153
8120.0 0.220816512712
8125.0 0.220816874153
8130.0 0.220816512712
8135.0 0.220816874153
8140.0 0.220816470763
8145.0 0.22081683178
8150.0 0.220816470763
8155.0 0.220816832203
8160.0 0.220816428814
8165.0 0.220816790254
8170.0 0.220816429237
8175.0 0.220816790678
8180.0 0.220816387288
8185.0 0.220816748729
8190.0 0.220816345339
8195.0 0.22081670678
8200.0 0.220816345763
8205.0 0.220816664831
8210.0 0.220816303814
8215.0 0.220816665254
8220.0 0.220816261864
8225.0 0.220816623305
8230.0 0.220816219915
8235.0 0.220816581356
8240.0 0.220816220339
8245.0 0.22081658178
8250.0 0.22081617839
8255.0 0.220816539831
8260.0 0.220816178814
8265.0 0.220816540254
8270.0 0.220816179237
8275.0 0.220816540678
8280.0 0.220816179661
8285.0 0.220816540678
8290.0 0.220816137288
8295.0 0.220816541102
8300.0 0.220816137288
8305.0 0.220816541102
8310.0 0.220816179661
8315.0 0.220816541102
8320.0 0.220816179661
8325.0 0.220816540678
8330.0 0.220816179661
8335.0 0.220816583051
8340.0 0.22081622161
8345.0 0.220816582627
8350.0 0.22081622161
8355.0 0.220816582627
8360.0 0.220816263559
8365.0 0.220816624576
8370.0 0.220816263136
8375.0 0.220816666525
8380.0 0.220816305085
8385.0 0.220816666102
8390.0 0.220816304661
8395.0 0.220816708051
8400.0 0.22081634661
8405.0 0.220816707627
8410.0 0.22081634661
8415.0 0.22081675
8420.0 0.220816388559
8425.0 0.220816749576
8430.0 0.220816388136
8435.0 0.220816749153
8440.0 0.220816387712
8445.0 0.220816791525
8450.0 0.220816430085
8455.0 0.220816791102
8460.0 0.220816429661
8465.0 0.220816791102
8470.0 0.220816429661
8475.0 0.220816790678
8480.0 0.220816429661
8485.0 0.220816790678
8490.0 0.220816429661
8495.0 0.220816790678
8500.0 0.220816429661
8505.0 0.220816791102
8510.0 0.220816387288
8515.0 0.220816748729
8520.0 0.220816387288
8525.0 0.220816748729
8530.0 0.220816387712
8535.0 0.220816749153
8540.0 0.220816345339
8545.0 0.22081670678
8550.0 0.220816345763
8555.0 0.220816707203
8560.0 0.220816346186
8565.0 0.220816707203
8570.0 0.220816303814
8575.0 0.220816665254
8580.0 0.220816304237
8585.0 0.220816665678
8590.0 0.220816262288
8595.0 0.220816623305
8600.0 0.220816262288
8605.0 0.220816623729
8610.0 0.220816262712
8615.0 0.220816624153
8620.0 0.220816262712
8625.0 0.220816624153
8630.0 0.220816220763
8635.0 0.22081658178
8640.0 0.220816220763
8645.0 0.220816582203
8650.0 0.220816220763
8655.0 0.220816582203
8660.0 0.220816220763
8665.0 0.220816582203
8670.0 0.220816220763
8675.0 0.220816582203
8680.0 0.220816220763
8685.0 0.220816582203
8690.0 0.220816220763
8695.0 0.220816624576
8700.0 0.220816263136
8705.0 0.220816624153
8710.0 0.220816263136
8715.0 0.220816624153
8720.0 0.220816262712
8725.0 0.220816624153
8730.0 0.220816262712
8735.0 0.220816666102
8740.0 0.220816305085
8745.0 0.220816666102
8750.0 0.220816304661
8755.0 0.220816665678
8760.0 0.220816304661
8765.0 0.220816708051
8770.0 0.22081634661
8775.0 0.220816707627
8780.0 0.22081634661
8785.0 0.220816707627
8790.0 0.220816346186
8795.0 0.220816707627
8800.0 0.220816346186
8805.0 0.220816749576
8810.0 0.220816345763
8815.0 0.220816749576
8820.0 0.220816388136
8825.0 0.220816749576
8830.0 0.220816388136
8835.0 0.220816749153
8840.0 0.220816388136
8845.0 0.220816749153
8850.0 0.220816388136
8855.0 0.220816749153
8860.0 0.220816388136
8865.0 0.220816749153
8870.0 0.220816345763
8875.0 0.220816749153
8880.0 0.220816345763
8885.0 0.220816707203
8890.0 0.220816345763
8895.0 0.220816707203
8900.0 0.220816346186
8905.0 0.220816707203
8910.0 0.220816346186
8915.0 0.220816707627
8920.0 0.220816346186
8925.0 0.220816707627
8930.0 0.220816304237
8935.0 0.220816665254
8940.0 0.220816304237
8945.0 0.220816665678
8950.0 0.220816304237
8955.0 0.220816665678
8960.0 0.220816304661
8965.0 0.220816665678
8970.0 0.220816262288
8975.0 0.220816666102
8980.0 0.220816262288
8985.0 0.220816623729
8990.0 0.220816262288
8995.0 0.220816623729
9000.0 0.220816262712
9005.0 0.220816623729
9010.0 0.220816262712
9015.0 0.220816623729
9020.0 0.220816262712
9025.0 0.220816623729
9030.0 0.220816262712
9035.0 0.220816624153
9040.0 0.220816262712
9045.0 0.220816623729
9050.0 0.220816262712
9055.0 0.220816623729
9060.0 0.220816262712
9065.0 0.220816623729
9070.0 0.220816262712
9075.0 0.220816666102
9080.0 0.220816305085
9085.0 0.220816666102
9090.0 0.220816304661
9095.0 0.220816666102
9100.0 0.220816304661
9105.0 0.220816665678
9110.0 0.220816304661
9115.0 0.220816665678
9120.0 0.220816304661
9125.0 0.220816665678
9130.0 0.220816304237
9135.0 0.220816708051
9140.0 0.220816304237
9145.0 0.220816707627
9150.0 0.22081634661
9155.0 0.220816707627
9160.0 0.22081634661
9165.0 0.220816707627
9170.0 0.220816346186
9175.0 0.220816707627
9180.0 0.220816346186
9185.0 0.220816707627
9190.0 0.220816346186
9195.0 0.220816707627
9200.0 0.220816346186
9205.0 0.220816707203
9210.0 0.220816346186
9215.0 0.220816707203
9220.0 0.220816346186
9225.0 0.220816707203
9230.0 0.220816346186
9235.0 0.220816707203
9240.0 0.220816346186
9245.0 0.220816707627
9250.0 0.220816346186
9255.0 0.220816707627
9260.0 0.220816346186
9265.0 0.220816707627
9270.0 0.220816346186
9275.0 0.220816707627
9280.0 0.220816304237
9285.0 0.220816665254
9290.0 0.220816304237
9295.0 0.220816665254
9300.0 0.220816304237
9305.0 0.220816665678
9310.0 0.220816304237
9315.0 0.220816665678
9320.0 0.220816304237
9325.0 0.220816665678
9330.0 0.220816304661
9335.0 0.220816665678
9340.0 0.220816304661
9345.0 0.220816665678
9350.0 0.220816304661
9355.0 0.220816665678
9360.0 0.220816304661
9365.0 0.220816666102
9370.0 0.220816304661
9375.0 0.220816666102
9380.0 0.220816304661
9385.0 0.220816666102
9390.0 0.220816304661
9395.0 0.220816666102
9400.0 0.220816304661
9405.0 0.220816666102
9410.0 0.220816304661
9415.0 0.220816666102
9420.0 0.220816304661
9425.0 0.220816666102
9430.0 0.220816304661
9435.0 0.220816666102
9440.0 0.220816304661
9445.0 0.220816665678
9450.0 0.220816304661
9455.0 0.220816665678
9460.0 0.220816304661
9465.0 0.220816665678
9470.0 0.220816304661
9475.0 0.220816665678
9480.0 0.220816304237
9485.0 0.220816665678
9490.0 0.220816304237
9495.0 0.220816665678
9500.0 0.220816304237
9505.0 0.220816665678
9510.0 0.220816304237
9515.0 0.220816707627
9520.0 0.220816304237
9525.0 0.220816707627
9530.0 0.22081634661
9535.0 0.220816707627
9540.0 0.22081634661
9545.0 0.220816707627
9550.0 0.22081634661
9555.0 0.220816707627
9560.0 0.22081634661
9565.0 0.220816707627
9570.0 0.22081634661
9575.0 0.220816707627
9580.0 0.22081634661
9585.0 0.220816707627
9590.0 0.22081634661
9595.0 0.220816707627
9600.0 0.22081634661
9605.0 0.220816707627
9610.0 0.22081634661
9615.0 0.220816707627
9620.0 0.220816304237
9625.0 0.220816707627
9630.0 0.220816304237
9635.0 0.220816707627
9640.0 0.220816304237
9645.0 0.220816665254
9650.0 0.220816304237
9655.0 0.220816665254
9660.0 0.220816304237
9665.0 0.220816665678
9670.0 0.220816304237
9675.0 0.220816665678
9680.0 0.220816304237
9685.0 0.220816665678
9690.0 0.220816304237
9695.0 0.220816665678
9700.0 0.220816304237
9705.0 0.220816665678
9710.0 0.220816304661
9715.0 0.220816665678
9720.0 0.220816304661
9725.0 0.220816665678
9730.0 0.220816304661
9735.0 0.220816665678
9740.0 0.220816304661
9745.0 0.220816665678
9750.0 0.220816304661
9755.0 0.220816665678
9760.0 0.220816304661
9765.0 0.220816665678
9770.0 0.220816304661
9775.0 0.220816665678
9780.0 0.220816304661
9785.0 0.220816665678
9790.0 0.220816304661
9795.0 0.220816665678
9800.0 0.220816304661
9805.0 0.220816665678
9810.0 0.220816304661
9815.0 0.220816665678
9820.0 0.220816304661
9825.0 0.220816665678
9830.0 0.220816304237
9835.0 0.220816665678
9840.0 0.220816304237
9845.0 0.220816665678
9850.0 0.220816304237
9855.0 0.220816665678
9860.0 0.220816304237
9865.0 0.220816665678
9870.0 0.220816304237
9875.0 0.220816665678
9880.0 0.220816304237
9885.0 0.220816665678
9890.0 0.220816304237
9895.0 0.220816665254
9900.0 0.220816304237
9905.0 0.220816707627
9910.0 0.220816304237
9915.0 0.220816707627
9920.0 0.220816304237
9925.0 0.220816707627
9930.0 0.220816304237
9935.0 0.220816707627
9940.0 0.220816304237
9945.0 0.220816707627
9950.0 0.220816304237
9955.0 0.220816707627
9960.0 0.220816304237
9965.0 0.220816707627
9970.0 0.220816304237
9975.0 0.220816665254
9980.0 0.220816304237
9985.0 0.220816665254
9990.0 0.220816304237
9995.0 0.220816665254
10000.0 0.220816304237
