/*--------------------------------*- C++ -*----------------------------------*\
| =========                 |                                                 |
| \\      /  F ield         | OpenFOAM: The Open Source CFD Toolbox           |
|  \\    /   O peration     | Version:  2.3.0                                 |
|   \\  /    A nd           | Web:      www.OpenFOAM.org                      |
|    \\/     M anipulation  |                                                 |
\*---------------------------------------------------------------------------*/
FoamFile
{
    version     2.0;
    format      ascii;
    class       volScalarField;
    location    "3000";
    object      p;
}
// * * * * * * * * * * * * * * * * * * * * * * * * * * * * * * * * * * * * * //

dimensions      [0 2 -2 0 0 0 0];

internalField   nonuniform List<scalar> 
6617
(
0.112019
0.161153
0.97436
2.61976
5.36879
9.26221
14.5024
22.2076
32.9226
42.5025
46.3462
58.928
21.4644
25.5196
31.5041
39.1593
48.7667
60.2806
73.5852
88.5272
104.744
121.538
138.468
155.371
38.1685
43.3701
50.0106
57.2866
65.2643
73.8611
83.0089
92.5781
102.392
112.266
122.075
131.704
50.0352
56.2592
63.5146
71.2388
79.4548
88.046
96.8899
105.837
114.732
123.412
131.734
139.563
59.2513
65.0419
71.5407
78.2772
85.2544
92.4131
99.6932
107.018
114.306
121.462
128.395
135.028
66.0556
71.5792
77.5304
83.659
89.9562
96.3798
102.882
109.404
115.889
122.266
128.463
134.413
71.3854
76.3205
81.59
87.0412
92.6416
98.3635
104.169
110.016
115.86
121.647
127.316
132.803
74.7183
79.5958
84.4485
89.4197
94.5114
99.7257
105.044
110.42
115.832
121.229
126.541
131.702
78.0971
82.3563
86.7396
91.242
95.8785
100.689
105.581
110.522
115.526
120.553
125.541
130.494
81.4477
85.1853
89.036
92.9385
97.1094
101.604
106.026
110.475
114.986
119.535
124.236
129.07
114.591
149.28
172.82
190.878
205.095
216.136
224.201
229.223
231.363
230.967
228.037
222.658
170.541
182.515
192.441
200.604
207.084
211.922
215.195
217.062
217.765
217.463
215.699
212.256
141.209
150.748
160.135
169.071
177.321
184.684
190.981
196.076
199.916
202.455
203.284
202.379
146.936
154.017
160.818
167.223
173.126
178.439
183.095
187.049
190.286
192.76
194.189
194.549
141.409
147.651
153.728
159.542
164.999
170.02
174.538
178.502
181.885
184.63
186.545
187.954
140.124
145.658
150.998
156.082
160.846
165.241
169.225
172.775
175.88
178.519
180.508
181.974
138.087
143.2
148.115
152.783
157.152
161.184
164.846
168.129
171.025
173.544
175.499
176.991
136.645
141.418
145.989
150.321
154.368
158.093
161.459
164.5
167.167
169.51
171.325
172.777
135.254
139.806
144.121
148.234
152.107
155.624
158.748
161.614
164.079
166.284
168.029
169.48
133.838
138.227
142.371
146.362
150.087
153.492
156.424
159.124
161.121
163.374
164.977
166.67
-73.7681
-74.0104
-74.0729
-73.8613
-73.3853
-72.6223
-71.5186
-70.0592
-68.2509
-66.022
-62.8538
-56.3928
-74.6071
-74.8789
-74.9319
-74.6212
-73.8859
-72.6637
-70.8379
-68.2179
-64.5373
-59.4663
-52.8233
-44.9765
-74.3076
-74.427
-74.3155
-73.7406
-72.5954
-70.8114
-68.2851
-64.8655
-60.3919
-54.7833
-48.1488
-41.0153
-73.0443
-72.9124
-72.5656
-71.7367
-70.3225
-68.2633
-65.4816
-61.8922
-57.4466
-52.1891
-46.3062
-40.1972
-71.3222
-70.9794
-70.4537
-69.456
-67.8953
-65.7306
-62.9024
-59.3691
-55.1192
-50.2057
-44.8051
-39.2369
-69.1152
-68.881
-68.2502
-67.1475
-65.5242
-63.3563
-60.5795
-57.1617
-53.0992
-48.4499
-43.3543
-38.084
-66.7193
-66.7478
-66.0947
-64.9532
-63.3041
-61.1883
-58.5085
-55.2328
-51.3335
-46.9021
-42.0486
-37.0003
-64.5046
-64.7299
-64.056
-62.9352
-61.2424
-59.1812
-56.565
-53.3919
-49.5479
-45.2584
-40.5405
-35.6179
-62.4242
-62.8876
-62.2865
-61.3031
-59.4106
-57.491
-55.0903
-52.192
-48.3704
-44.2807
-39.7616
-35.0201
-57.9273
-59.9583
-60.2111
-59.1533
-55.8873
-53.5256
-51.1506
-48.279
-44.4382
-40.633
-35.8941
-31.1506
-43.1245
-36.0466
-30.4912
-24.9371
-19.3853
-13.9386
-8.56103
-3.19886
2.21031
7.71201
13.2663
18.9189
-36.7604
-31.9658
-28.6107
-24.8454
-20.6325
-16.0552
-11.2078
-6.17565
-0.991752
4.34937
9.70594
14.9824
-34.1962
-28.5171
-24.8327
-21.4649
-17.9472
-14.2118
-10.2583
-6.09473
-1.71496
2.92181
7.67747
12.0681
-34.2522
-28.7142
-24.7395
-21.3002
-17.7681
-14.1266
-10.3672
-6.48171
-2.46267
1.73563
6.18513
10.6002
-33.7918
-28.6741
-24.6654
-21.2612
-17.7689
-14.2079
-10.5651
-6.83773
-3.02901
0.862104
4.94247
9.30522
-32.9151
-28.0458
-24.0019
-20.5987
-17.1626
-13.7139
-10.2294
-6.7022
-3.12738
0.479099
4.20159
8.26016
-32.0146
-27.287
-23.2241
-19.8033
-16.4082
-13.0446
-9.6896
-6.33616
-2.97462
0.380564
3.79824
7.48999
-30.7541
-26.1719
-22.2547
-18.9637
-15.667
-12.3875
-9.13388
-5.92117
-2.73774
0.403267
3.58171
6.97761
-30.1891
-25.4893
-21.5187
-18.2653
-15.0113
-11.7738
-8.59186
-5.50461
-2.47261
0.470392
3.46056
6.65861
-26.2417
-21.9467
-19.4627
-17.423
-14.4012
-11.163
-7.94701
-5.00574
-2.10962
0.626043
3.47227
6.56937
-133.874
-126.657
-118.91
-111.934
-103.22
-92.7349
-81.3224
-69.694
-58.1065
-46.9996
-36.8923
-28.9551
-83.3934
-83.6091
-83.2709
-82.5382
-81.7169
-81.0519
-80.1239
-77.8016
-73.391
-66.8987
-58.514
-50.6021
-89.4286
-89.3111
-89.281
-89.1984
-88.8735
-87.941
-86.2359
-83.8672
-80.7374
-76.3371
-70.0132
-64.062
-84.8237
-84.8132
-84.7627
-84.684
-84.5658
-84.361
-83.95
-83.1199
-81.6452
-79.3602
-75.5622
-72.1537
-84.7992
-84.7875
-84.7718
-84.7277
-84.6332
-84.4579
-84.1551
-83.6256
-82.6897
-81.159
-78.6419
-76.7961
-83.9898
-83.9821
-83.9609
-83.9207
-83.8531
-83.7438
-83.5678
-83.2798
-82.7812
-81.9094
-80.4319
-79.7268
-83.8418
-83.8361
-83.8216
-83.7915
-83.7393
-83.6539
-83.5181
-83.3078
-82.9706
-82.4104
-81.4932
-80.8525
-83.7251
-83.721
-83.7091
-83.6858
-83.6476
-83.5878
-83.4959
-83.3549
-83.134
-82.779
-82.2009
-81.6983
-83.737
-83.7342
-83.7257
-83.7086
-83.6811
-83.6387
-83.5745
-83.4759
-83.3255
-83.0946
-82.7278
-82.3393
-83.771
-83.7692
-83.7624
-83.7489
-83.7277
-83.6957
-83.6483
-83.5761
-83.4668
-83.2994
-83.0332
-82.7113
-83.8282
-83.8267
-83.8205
-83.8082
-83.7891
-83.7608
-83.7194
-83.6581
-83.5661
-83.4247
-83.2007
-82.9526
-83.8992
-83.8976
-83.8914
-83.8793
-83.8602
-83.8318
-83.7905
-83.7295
-83.6371
-83.4955
-83.2803
-82.9496
-83.9927
-83.9909
-83.9847
-83.9725
-83.9535
-83.9256
-83.8856
-83.8281
-83.7434
-83.6163
-83.4275
-83.271
-84.1072
-84.1053
-84.0989
-84.0867
-84.0676
-84.0394
-83.9989
-83.9407
-83.8548
-83.7288
-83.5471
-83.2803
-84.2467
-84.2448
-84.2386
-84.2269
-84.2086
-84.182
-84.1441
-84.0908
-84.0146
-83.9075
-83.7599
-83.5761
-84.4066
-84.4046
-84.3985
-84.3871
-84.3694
-84.3437
-84.3074
-84.2564
-84.1839
-84.0811
-83.9358
-83.7548
-84.5858
-84.5838
-84.578
-84.5671
-84.5504
-84.5263
-84.4925
-84.4453
-84.379
-84.286
-84.1565
-83.994
-84.7793
-84.7774
-84.7718
-84.7617
-84.7461
-84.724
-84.693
-84.6501
-84.5903
-84.5068
-84.3909
-84.2447
-84.9833
-84.9815
-84.9762
-84.9667
-84.9521
-84.9317
-84.9034
-84.8647
-84.8114
-84.738
-84.6401
-84.5483
-85.1934
-85.1917
-85.1866
-85.1777
-85.164
-85.1448
-85.1183
-85.082
-85.0316
-84.9615
-84.8689
-84.7506
-85.4074
-85.4058
-85.401
-85.3926
-85.3798
-85.3622
-85.338
-85.3054
-85.261
-85.2006
-85.1217
-85.0383
-85.6219
-85.6204
-85.6158
-85.6078
-85.5957
-85.5789
-85.5561
-85.5252
-85.4828
-85.4239
-85.342
-85.2453
-85.8358
-85.8343
-85.8298
-85.8222
-85.8109
-85.7953
-85.7742
-85.7459
-85.7078
-85.6559
-85.5865
-85.5142
-86.046
-86.0446
-86.0402
-86.0329
-86.0219
-86.0068
-85.9866
-85.9596
-85.9236
-85.8751
-85.8118
-85.7649
-86.253
-86.2515
-86.2473
-86.2401
-86.2292
-86.2143
-86.1941
-86.1669
-86.1299
-86.0794
-86.013
-85.9386
-86.4575
-86.456
-86.4516
-86.4443
-86.4335
-86.4187
-86.3987
-86.3718
-86.336
-86.2886
-86.2286
-86.1744
-86.6585
-86.657
-86.6526
-86.6452
-86.6341
-86.6188
-86.5979
-86.5693
-86.5303
-86.4767
-86.4052
-86.3278
-86.8601
-86.8586
-86.8543
-86.8469
-86.8357
-86.8202
-86.7987
-86.7692
-86.7282
-86.6713
-86.5948
-86.496
-87.0651
-87.0633
-87.0587
-87.051
-87.0398
-87.0242
-87.0027
-86.9732
-86.9325
-86.8763
-86.8002
-86.6964
-87.2697
-87.268
-87.2635
-87.256
-87.245
-87.2298
-87.2089
-87.1804
-87.1413
-87.0872
-87.0133
-86.9314
-87.473
-87.4715
-87.4672
-87.46
-87.4496
-87.4351
-87.4153
-87.3882
-87.351
-87.3
-87.2317
-87.1439
-87.675
-87.6735
-87.6693
-87.6623
-87.6519
-87.6377
-87.6181
-87.5914
-87.5554
-87.5074
-87.4462
-87.4085
-87.8783
-87.8763
-87.8717
-87.8643
-87.8535
-87.8384
-87.8174
-87.7879
-87.7459
-87.6857
-87.6007
-87.4837
-88.0809
-88.0791
-88.0746
-88.0675
-88.0572
-88.0431
-88.0234
-87.9959
-87.9569
-87.9015
-87.8241
-87.709
-88.2792
-88.2776
-88.2736
-88.2672
-88.258
-88.2456
-88.2284
-88.2046
-88.1716
-88.1257
-88.063
-88.0033
-88.4722
-88.4706
-88.4669
-88.4609
-88.4526
-88.4414
-88.4261
-88.4049
-88.375
-88.333
-88.2764
-88.2203
-88.6554
-88.6536
-88.6499
-88.6445
-88.6372
-88.6277
-88.6147
-88.5967
-88.5712
-88.5351
-88.486
-88.4276
-88.8226
-88.8211
-88.8178
-88.8132
-88.8072
-88.7996
-88.7896
-88.7757
-88.7559
-88.7275
-88.6871
-88.6376
-88.9683
-88.9669
-88.9642
-88.9606
-88.9563
-88.9513
-88.9448
-88.936
-88.9233
-88.9045
-88.8762
-88.8443
-89.0879
-89.0867
-89.0846
-89.0822
-89.0796
-89.0771
-89.0742
-89.0704
-89.0645
-89.0544
-89.0376
-89.0384
-89.1775
-89.1762
-89.1745
-89.1732
-89.1723
-89.1724
-89.1733
-89.1746
-89.1754
-89.1741
-89.1692
-89.1619
-89.23
-89.2286
-89.227
-89.2264
-89.2273
-89.2303
-89.2358
-89.244
-89.255
-89.269
-89.287
-89.3231
-89.2288
-89.2285
-89.2287
-89.2305
-89.2345
-89.2417
-89.2524
-89.2676
-89.2876
-89.3124
-89.3374
-89.3362
-89.183
-89.1825
-89.1833
-89.1866
-89.1931
-89.2039
-89.2201
-89.2431
-89.2743
-89.3154
-89.3708
-89.4779
-89.0788
-89.0786
-89.0803
-89.0854
-89.0943
-89.1086
-89.1295
-89.1587
-89.1977
-89.2487
-89.3142
-89.3658
-88.9151
-88.9147
-88.9164
-88.9226
-88.934
-88.9523
-88.9793
-89.0173
-89.0689
-89.1366
-89.2184
-89.2813
-88.6683
-88.6699
-88.674
-88.6835
-88.699
-88.7228
-88.7572
-88.8052
-88.8703
-88.956
-89.0707
-89.2874
-88.3532
-88.3557
-88.3609
-88.3724
-88.3912
-88.4196
-88.4603
-88.5164
-88.5912
-88.6886
-88.8098
-88.897
-87.9562
-87.96
-87.9671
-87.9813
-88.0043
-88.0389
-88.0883
-88.1568
-88.2493
-88.3707
-88.5254
-88.7218
-87.4733
-87.4773
-87.4856
-87.5021
-87.529
-87.5695
-87.6276
-87.7083
-87.8173
-87.9608
-88.1472
-88.4166
-86.8866
-86.8922
-86.9037
-86.9247
-86.9575
-87.0059
-87.0745
-87.1688
-87.2953
-87.4613
-87.67
-87.8637
-86.2079
-86.2136
-86.2271
-86.2517
-86.2901
-86.3468
-86.4271
-86.538
-86.6879
-86.8862
-87.1442
-87.4965
-85.4197
-85.4263
-85.4421
-85.4708
-85.5151
-85.5801
-85.672
-85.7986
-85.9692
-86.1939
-86.4833
-86.8408
-84.5215
-84.5286
-84.5465
-84.5793
-84.63
-84.7044
-84.8096
-84.9543
-85.1488
-85.405
-85.7315
-86.0811
-83.4953
-83.5053
-83.5274
-83.5669
-83.6264
-83.7128
-83.8343
-84.0012
-84.2258
-84.5219
-84.9077
-85.4281
-82.3567
-82.3675
-82.3928
-82.4375
-82.5051
-82.603
-82.7405
-82.9291
-83.1823
-83.516
-83.9479
-84.4738
-81.0907
-81.1031
-81.132
-81.1831
-81.26
-81.3711
-81.5269
-81.7403
-82.0266
-82.4036
-82.8913
-83.4794
-79.6946
-79.7095
-79.7435
-79.8023
-79.8899
-80.0162
-80.1925
-80.4332
-80.7554
-81.179
-81.724
-82.3788
-78.1755
-78.1929
-78.2318
-78.2988
-78.3984
-78.5411
-78.7401
-79.0113
-79.3738
-79.8497
-80.461
-81.1886
-76.5343
-76.5541
-76.5985
-76.6745
-76.7869
-76.9479
-77.172
-77.4773
-77.8848
-78.4193
-79.1047
-79.9187
-74.7707
-74.7935
-74.8444
-74.9308
-75.058
-75.2398
-75.4924
-75.8357
-76.2936
-76.8933
-77.6608
-78.5638
-72.8923
-72.9198
-72.9783
-73.0766
-73.2207
-73.4257
-73.7099
-74.0952
-74.6078
-75.2776
-76.1315
-77.1318
-70.9168
-70.9484
-71.0156
-71.1267
-71.2894
-71.5202
-71.8392
-72.271
-72.8439
-73.59
-74.5361
-75.6357
-68.859
-68.8956
-68.9723
-69.0981
-69.2817
-69.5414
-69.8996
-70.3834
-71.0234
-71.8539
-72.8998
-74.1064
-66.7395
-66.7817
-66.87
-67.0128
-67.2205
-67.5134
-67.9164
-68.459
-69.1749
-70.1
-71.2557
-72.5837
-64.5901
-64.6397
-64.7412
-64.9039
-65.1392
-65.4702
-65.9242
-66.5336
-67.3347
-68.3645
-69.6365
-71.0833
-62.4541
-62.5114
-62.6286
-62.8136
-63.0812
-63.4563
-63.9691
-64.6553
-65.5537
-66.7017
-68.1025
-69.6895
-60.3773
-60.4442
-60.5802
-60.7924
-61.0979
-61.5248
-62.1063
-62.8806
-63.8892
-65.169
-66.7066
-68.4172
-58.4301
-58.5094
-58.6685
-58.9135
-59.2648
-59.7536
-60.4162
-61.2926
-62.4248
-63.8441
-65.5005
-67.2119
-56.7269
-56.8229
-57.0095
-57.2932
-57.6993
-58.263
-59.0236
-60.0229
-61.3023
-62.8862
-64.688
-66.5227
-55.321
-55.4406
-55.6682
-56.0083
-56.4893
-57.1513
-58.0361
-59.1838
-60.6275
-62.375
-64.2932
-66.0539
-54.3385
-54.4787
-54.758
-55.1784
-55.7734
-56.587
-57.6559
-59.0058
-60.6497
-62.5696
-64.6051
-66.416
-54.5702
-54.7531
-55.1295
-55.6748
-56.4067
-57.3581
-58.5558
-60.0195
-61.7533
-63.707
-65.7116
-67.5347
-55.2461
-55.4219
-55.8614
-56.5775
-57.5715
-58.8501
-60.3932
-62.1439
-64.0188
-65.9154
-67.6826
-69.2051
-58.0845
-60.6912
-62.4372
-63.5095
-64.2846
-65.0595
-65.9453
-66.9678
-68.0962
-69.2619
-70.354
-71.1606
345.171
344.429
339.716
332.402
322.617
310.252
296.048
281.423
267.638
255.427
244.477
233.759
292.754
291.694
289.053
286.274
283.481
280.391
276.571
271.611
265.288
257.72
249.116
239.32
291.241
290.615
289.255
287.205
284.351
280.664
276.159
270.868
264.809
257.993
250.366
241.909
282.784
282.201
281.256
279.872
277.966
275.413
272.087
267.889
262.777
256.777
249.892
241.913
269.662
269.426
269.058
268.408
267.415
265.971
263.949
261.203
257.593
253.023
247.407
240.59
260.527
260.41
260.193
259.766
259.095
258.09
256.646
254.641
251.939
248.414
243.924
238.301
253.388
253.292
253.098
252.741
252.199
251.402
250.263
248.675
246.515
243.652
239.936
235.114
246.63
246.558
246.405
246.129
245.71
245.091
244.2
242.947
241.217
238.887
235.819
231.795
240.404
240.35
240.233
240.019
239.69
239.202
238.494
237.489
236.087
234.17
231.609
228.198
234.783
234.741
234.646
234.469
234.198
233.795
233.211
232.38
231.215
229.612
227.453
224.578
229.615
229.581
229.5
229.35
229.12
228.78
228.286
227.582
226.592
225.222
223.363
220.842
224.794
224.765
224.696
224.568
224.371
224.08
223.656
223.051
222.199
221.013
219.397
217.185
220.275
220.252
220.193
220.082
219.912
219.659
219.292
218.767
218.026
216.99
215.574
213.624
216.029
216.01
215.958
215.861
215.712
215.491
215.171
214.714
214.068
213.167
211.942
210.284
212.014
211.998
211.953
211.867
211.736
211.541
211.259
210.856
210.287
209.491
208.399
206.945
208.197
208.184
208.144
208.068
207.952
207.778
207.527
207.169
206.662
205.953
204.978
203.681
204.555
204.545
204.51
204.442
204.338
204.182
203.958
203.638
203.188
202.558
201.7
200.602
201.063
201.058
201.026
200.965
200.871
200.732
200.529
200.241
199.834
199.265
198.48
197.459
197.708
197.705
197.677
197.621
197.536
197.409
197.225
196.964
196.595
196.079
195.371
194.483
194.474
194.472
194.446
194.396
194.317
194.201
194.033
193.794
193.458
192.986
192.335
191.51
191.346
191.345
191.321
191.275
191.203
191.096
190.941
190.721
190.412
189.977
189.377
188.628
188.314
188.313
188.291
188.249
188.182
188.083
187.941
187.737
187.452
187.05
186.494
185.813
185.368
185.367
185.347
185.309
185.247
185.155
185.023
184.835
184.572
184.202
183.691
183.091
182.502
182.501
182.482
182.446
182.389
182.304
182.181
182.006
181.761
181.416
180.941
180.385
179.704
179.702
179.686
179.652
179.599
179.519
179.405
179.242
179.014
178.693
178.249
177.772
176.967
176.966
176.951
176.92
176.871
176.797
176.691
176.541
176.332
176.04
175.635
175.236
174.287
174.287
174.273
174.244
174.198
174.129
174.029
173.889
173.693
173.419
173.026
172.579
171.653
171.653
171.641
171.615
171.572
171.507
171.413
171.28
171.095
170.839
170.476
170.023
169.062
169.063
169.053
169.03
168.989
168.927
168.839
168.713
168.536
168.288
167.935
167.478
166.524
166.524
166.513
166.49
166.451
166.392
166.308
166.19
166.024
165.794
165.478
165.065
164.013
164.013
164.004
163.983
163.947
163.892
163.814
163.704
163.55
163.336
163.043
162.714
161.532
161.533
161.524
161.506
161.472
161.422
161.349
161.248
161.109
160.918
160.664
160.445
159.076
159.077
159.069
159.052
159.021
158.973
158.905
158.809
158.676
158.493
158.238
157.996
156.651
156.65
156.641
156.622
156.591
156.544
156.476
156.382
156.251
156.068
155.806
155.569
154.23
154.23
154.222
154.205
154.176
154.13
154.066
153.975
153.849
153.675
153.424
153.22
151.826
151.826
151.819
151.804
151.777
151.734
151.673
151.587
151.468
151.304
151.064
150.869
149.441
149.441
149.434
149.42
149.394
149.353
149.296
149.215
149.104
148.952
148.73
148.577
147.073
147.072
147.064
147.049
147.023
146.984
146.929
146.853
146.748
146.608
146.402
146.259
144.698
144.698
144.691
144.678
144.654
144.617
144.565
144.492
144.393
144.26
144.065
143.923
142.329
142.329
142.322
142.309
142.287
142.251
142.201
142.132
142.036
141.907
141.718
141.583
139.958
139.958
139.952
139.941
139.92
139.886
139.838
139.771
139.68
139.556
139.375
139.253
137.593
137.592
137.586
137.574
137.553
137.52
137.474
137.41
137.322
137.205
137.03
136.918
135.227
135.223
135.216
135.204
135.183
135.151
135.106
135.046
134.964
134.856
134.699
134.646
132.816
132.818
132.815
132.808
132.792
132.764
132.725
132.671
132.597
132.5
132.354
132.328
130.419
130.42
130.416
130.408
130.393
130.368
130.331
130.282
130.215
130.13
130.003
130.027
128.01
128.01
128.005
127.997
127.982
127.956
127.92
127.873
127.81
127.729
127.604
127.65
125.585
125.582
125.574
125.564
125.547
125.521
125.486
125.44
125.381
125.307
125.19
125.276
123.089
123.091
123.089
123.083
123.071
123.049
123.018
122.975
122.92
122.85
122.73
122.809
120.591
120.592
120.588
120.582
120.571
120.55
120.52
120.481
120.429
120.365
120.252
120.379
118.071
118.071
118.066
118.059
118.046
118.024
117.994
117.956
117.906
117.847
117.733
117.83
115.517
115.514
115.507
115.498
115.484
115.463
115.433
115.396
115.349
115.295
115.188
115.257
112.881
112.883
112.881
112.877
112.868
112.851
112.826
112.794
112.752
112.706
112.616
112.69
110.234
110.234
110.23
110.225
110.216
110.2
110.177
110.149
110.113
110.075
110
110.093
107.538
107.537
107.533
107.527
107.518
107.503
107.483
107.459
107.431
107.406
107.355
107.517
104.79
104.787
104.779
104.771
104.762
104.748
104.73
104.71
104.691
104.677
104.639
104.803
101.929
101.931
101.929
101.927
101.924
101.915
101.903
101.891
101.88
101.881
101.866
102.07
99.0272
99.0269
99.0223
99.0191
99.0157
99.0086
99
98.9933
98.9915
99.004
99.0046
99.2124
96.0457
96.0426
96.0366
96.0317
96.0281
96.0217
96.0153
96.0139
96.0211
96.0485
96.0774
96.3625
92.9341
92.9352
92.9326
92.9316
92.9324
92.9308
92.9302
92.9363
92.9541
92.9954
93.0349
93.3251
89.7287
89.729
89.7258
89.7255
89.7283
89.7303
89.7355
89.75
89.7804
89.8415
89.9109
90.2352
86.4112
86.4101
86.4057
86.4048
86.4079
86.4123
86.4222
86.446
86.4914
86.5761
86.6906
87.0892
82.9444
82.9424
82.9374
82.9374
82.9435
82.9519
82.9687
83.0032
83.0645
83.17
83.3117
83.8091
79.2903
79.2916
79.291
79.2956
79.3078
79.3244
79.3521
79.4021
79.4869
79.6269
79.8193
80.4734
75.4744
75.4745
75.4726
75.4776
75.4927
75.5156
75.554
75.6206
75.7308
75.9062
76.1205
76.8191
71.4415
71.4412
71.4396
71.4464
71.4655
71.496
71.5467
71.6333
71.7743
71.999
72.2701
72.9583
67.1487
67.1477
67.1464
67.1562
67.1829
67.2249
67.2942
67.4096
67.5935
67.8867
68.2605
68.9807
62.5274
62.5303
62.5348
62.5528
62.5919
62.6525
62.7489
62.9041
63.1456
63.5239
64.0343
64.813
57.5624
57.5645
57.5692
57.5922
57.6429
57.7243
57.8545
58.0612
58.3768
58.8569
59.5186
60.3933
52.1451
52.1448
52.1518
52.182
52.2502
52.3611
52.5382
52.817
53.2372
53.8618
54.7342
55.8288
46.0902
46.099
46.119
46.1713
46.2742
46.437
46.6905
47.08
47.655
48.4888
49.6452
51.0255
39.3059
39.3184
39.3489
39.4266
39.5768
39.8159
40.1848
40.739
41.5389
42.6659
44.2058
45.9537
31.4762
31.4866
31.5355
31.6559
31.8876
32.2578
32.8191
33.6384
34.7802
36.3197
38.3807
40.7398
22.0701
22.1291
22.2213
22.4478
22.858
23.4867
24.397
25.6609
27.3336
29.4554
32.1299
35.385
9.99452
9.88974
10.1778
10.7395
11.6219
12.8615
14.5028
16.5882
19.1365
22.1339
25.6196
29.7755
-7.38468
-6.53737
-5.29636
-3.7422
-1.70854
0.765653
3.67541
7.0164
10.7694
14.8887
19.3184
24.4084
126.097
14.0294
84.146
57.3766
-69.1611
36.1885
90.8652
-89.0049
70.0149
-90.0075
60.3873
108.302
90.3266
51.5754
-75.4531
-23.1488
-71.478
-89.2786
89.7236
71.1696
-51.311
86.8879
64.8046
-62.0727
58.822
91.6986
-57.5927
128.542
-81.5111
89.6782
104.426
57.8044
48.4577
-12.8635
68.0783
69.1095
54.1323
49.2299
101.279
96.784
-48.266
-85.7483
-83.142
86.2534
-86.7662
59.2432
69.1597
30.2174
137.832
-71.9537
56.7476
37.9803
-63.2314
-84.9814
211.083
-78.8889
89.7861
82.6469
88.8778
71.8684
30.5749
178.759
165.434
-50.2041
55.153
-89.1298
74.4896
81.5857
20.6757
163.87
85.2408
22.7004
-83.994
-27.0931
129.452
61.4579
-81.2805
68.5428
-89.1775
45.3356
31.9455
86.2627
68.9602
74.3741
86.7288
90.3744
84.1554
28.4893
83.1293
-26.6495
-67.0513
-87.7642
-87.0272
81.3571
96.6038
-26.7102
91.0351
88.3448
73.0368
66.4264
71.5631
-73.164
-89.294
-60.2821
83.3482
70.047
93.2654
-43.4199
14.27
92.399
84.3759
84.7267
78.0716
52.194
-66.4537
-78.3608
-59.6367
191.076
76.5264
62.5728
154.579
-89.309
71.5316
166.607
85.5935
-1.81474
231.783
-30.9188
90.0268
90.9853
80.9635
-82.0706
-74.8496
94.6187
111.082
126.846
173.362
85.3451
136.212
59.4819
17.3716
-83.4111
2.59297
84.5288
88.8796
79.9652
91.7479
97.3107
83.1278
-85.1396
-87.538
136.494
74.2113
71.0505
-80.6906
-64.045
44.3102
83.1932
76.5852
87.0171
64.9726
-84.2597
90.4498
183.707
196.474
95.826
78.4458
150.055
138.734
-19.0007
86.6552
-7.81659
-88.6322
-51.0059
70.4371
104.697
89.2568
-81.9037
69.9812
143.059
54.3386
-89.0976
85.3023
81.9669
131.642
-53.9617
69.7814
-83.8596
78.2723
89.8192
76.8245
88.4665
40.5615
53.3968
83.8684
-33.075
62.0245
-65.0895
-86.0022
-20.6107
70.5214
109.538
153.313
66.5541
91.9881
52.1535
79.1107
-15.1118
68.4078
66.0785
47.1526
-81.1375
-88.5453
144.583
-32.1865
84.1838
90.6714
87.4583
73.4352
-82.5975
-27.1996
98.0999
72.7105
122.76
89.703
84.9983
-89.6425
-87.3711
-18.693
141.017
220.69
5.94499
65.1643
-87.3541
20.766
66.2709
143.104
181.772
204.285
95.901
88.3282
89.6921
85.5882
81.3961
24.5783
100.627
59.6867
94.1363
-86.1849
128.137
81.3363
17.9527
-70.8993
118.328
-57.5769
62.4971
-88.0245
141.469
86.7779
114.743
-79.9809
74.1529
130.059
-12.9791
-68.7404
88.4992
69.936
-63.9598
69.6619
-86.0572
96.4462
98.8871
87.4362
58.0148
18.2847
86.1495
60.9371
61.3402
-29.1531
-83.2168
87.9971
83.3292
111.247
30.028
120.965
-88.0568
130.916
109.33
64.6494
89.3948
-83.2827
84.5548
63.0414
32.197
121.404
-7.47745
76.1944
-83.4355
84.2194
90.5299
-29.9003
106.638
-71.3941
197.704
95.6585
-88.1614
100.388
86.6218
86.7765
17.8559
94.1555
-42.5319
48.2934
83.0586
97.6527
191.405
90.4617
208.35
172.244
8.00054
-89.4092
-70.7265
68.4888
100.435
77.8784
-90.3602
17.7313
80.521
86.3383
95.9467
91.4086
88.7306
85.3766
62.9317
83.1667
66.1848
45.1289
88.1347
114.596
166.153
-44.6421
123.639
146.628
52.8289
-80.6836
133.958
73.0126
75.1498
51.7632
56.8521
92.6888
-21.3141
191.155
84.8655
74.0231
-71.1028
61.2242
83.9087
172.813
127.654
148.311
83.7435
58.7845
-52.006
119.03
71.2678
96.1336
-41.8344
-36.15
90.3535
113.352
55.2891
84.5931
33.61
-85.4982
-88.6689
93.9151
-42.9755
71.9557
77.5447
85.3501
183.825
82.7322
-60.6225
142.211
-67.6202
12.9285
62.6299
145.045
63.353
92.1872
81.1169
174.002
75.4262
-67.5366
-89.3031
89.4325
14.2928
22.9379
53.1095
112.536
76.3148
-82.079
-71.1486
62.2455
224.26
-90.3386
6.38361
66.539
-29.6759
76.7958
133.222
122.506
82.0819
-66.9582
171.21
85.8212
137.908
49.4359
-88.8146
77.4121
75.8631
70.6281
-86.0947
-53.474
133.819
-36.5413
66.9294
-39.827
-54.2617
-84.1099
74.7392
-12.3478
95.9612
90.318
-10.384
96.7565
-7.17559
149.58
-72.8957
71.9402
-76.7981
-89.3304
-15.8498
-69.9857
101.387
12.505
86.5496
70.3501
-56.9867
119.257
67.8214
-77.11
2.70478
-76.2425
153.979
111.481
62.4269
67.8858
90.6366
40.7787
87.7552
-88.2081
109.316
90.641
-38.0492
57.9565
91.6999
94.6548
83.0746
-68.2328
117.897
228.061
181.4
65.6493
43.0903
19.5831
156.165
71.8228
135.594
204.701
88.7964
78.147
108.405
-87.084
220.897
23.8837
94.5214
86.7205
85.6232
72.2249
233.154
125.176
88.1888
162.242
-58.9099
159.074
173.988
41.1096
-86.4631
111.524
32.731
-76.5014
81.2699
175.668
67.0478
-51.7105
61.3622
-13.513
80.2711
-13.8048
61.281
80.7176
-89.1588
80.5619
126.101
147.271
37.0773
77.5169
106.904
82.3569
-16.0068
129.427
65.3467
138.254
97.9309
67.3401
78.5251
-77.0461
-80.4941
98.396
47.9405
119.157
142.108
101.468
135.255
-64.8966
48.563
156.325
71.084
90.5188
57.0873
76.6019
90.3635
72.95
152.452
88.9979
87.4934
-43.9648
-86.1132
-89.7931
94.9563
41.2301
70.6758
136.444
18.525
-88.9813
90.9408
-88.0983
61.3392
127.219
79.8229
113.872
96.008
86.0406
-86.8869
48.3348
95.7853
38.9666
-31.6628
48.9605
26.523
82.432
-82.6755
190.548
-46.9331
168.419
77.1336
86.7369
-65.5232
-88.3354
43.2973
85.5545
88.1765
62.0087
77.6498
75.1992
134.295
63.9581
162.212
68.6737
82.7312
94.967
128.973
-3.99064
109.174
-8.44099
80.3232
88.409
142.85
36.4019
87.293
73.1775
50.2381
67.6744
86.0185
74.198
83.2708
41.5855
147.172
93.513
89.1492
-19.7656
204.231
91.5389
-6.95456
-85.9426
81.7062
109.018
-85.05
79.5546
-0.939479
12.7012
47.6114
82.8793
-86.0702
186.852
204.865
-70.9207
71.1535
149.399
-90.5797
-7.87673
84.3783
114.684
-86.7913
-37.7234
98.7358
78.2405
-84.4079
-4.55289
-44.7787
-76.7375
19.1622
93.0471
-8.36404
-83.0873
155.905
48.8163
98.1569
-87.4535
66.8574
-54.0299
27.8388
-69.0382
124.784
19.3106
101.51
77.6434
167.718
95.2524
8.79928
84.2701
21.2457
-86.8902
-73.5011
96.2329
120.003
115.514
95.336
87.4296
73.4132
64.7302
130.98
97.4449
80.7513
48.2859
-89.1624
92.801
-87.3983
104.255
65.4573
-37.4638
-3.94581
12.2503
92.2792
89.1298
71.8043
-60.8351
66.6431
186.977
98.0112
-87.1179
31.1028
82.4529
-76.8789
-88.7433
70.0077
88.4423
-8.48604
-87.5841
85.1481
-42.9487
91.251
149.294
159.238
98.87
62.0365
67.1428
73.362
76.5998
114.339
-87.5031
30.4206
104.256
-73.1421
82.6665
76.9268
63.3734
83.9396
-89.6394
87.5628
98.6629
157.877
6.19723
76.9618
70.6872
90.887
83.058
77.6233
-77.558
87.9981
93.9808
68.7463
10.083
82.0013
69.2772
-81.6806
95.2599
115.08
24.6548
171.295
-79.0391
-90.9211
83.5003
-88.4417
78.4656
41.8237
63.798
158.247
70.513
-69.0116
69.5287
85.7147
64.6175
123.97
-88.1687
-77.9147
53.9681
-10.4199
22.295
107.849
96.0179
97.877
-57.7821
29.6299
74.8341
67.1614
159.811
-80.3202
57.9333
-74.7971
172.757
89.654
-46.663
-76.1907
79.3795
-55.744
-66.4302
-69.1531
118.269
38.7407
72.615
74.5884
210.859
46.1142
68.7234
35.0351
-79.5726
85.8645
88.8018
-70.5967
89.1371
156.487
-25.5486
220.992
89.8059
-25.7426
67.5037
90.9101
107.588
-89.3045
102.195
66.5506
70.8853
-18.076
71.1766
-89.4389
14.6122
66.2008
-78.6188
107.755
-85.9557
-68.2644
75.3335
-76.746
102.317
-71.7687
-86.2773
8.46758
72.0915
-88.273
-80.6972
90.5025
-86.1151
89.913
85.6859
96.7705
30.4742
121.325
-75.7268
101.175
18.091
195.81
76.404
-22.0896
-85.4053
109.23
71.7917
105.024
49.1778
-78.1322
88.847
74.1807
-80.017
-71.4862
41.9125
50.463
44.3748
-15.5554
-85.3357
78.8234
-50.231
-21.3698
75.6241
119.088
-70.9591
71.4481
71.7365
117.618
-67.9436
81.1047
-89.6251
155.144
-89.5329
-34.2582
82.8754
55.2396
-46.3759
71.0869
68.6715
99.8164
106.346
-55.7522
-21.2056
-89.5881
88.2512
38.3466
196.172
72.5832
-17.1898
67.957
137.372
-86.3272
-35.95
65.53
5.11472
-5.50636
-84.3404
144.902
90.4295
75.862
89.5196
100.139
106.706
121.089
100.903
-68.8421
-72.1017
90.5571
8.46943
120.48
69.5805
112.951
90.9304
10.4917
204.814
73.0263
208.567
89.2803
-84.6539
-10.4879
-77.783
26.0588
80.9351
89.1923
89.3666
108.837
-73.1486
90.748
79.2042
18.6325
104.909
63.3556
99.7344
-83.9057
97.7977
84.3714
104.923
-84.9783
68.2057
-81.0569
-57.2251
175.145
106.332
144.41
-90.4387
125.696
110.103
-72.1485
-86.8447
-57.6338
81.51
86.0748
95.9079
7.91077
139.878
81.3749
-86.0963
133.454
169.148
50.258
116.391
55.2644
67.8931
91.1214
166.734
-85.0431
135.393
62.4585
-87.525
23.0942
107.799
86.9155
13.1666
89.0151
95.5113
-75.0807
-73.4264
-75.512
68.4504
10.222
-24.1965
-89.7163
-88.9123
40.7547
-74.0802
108.136
89.1531
111.805
72.475
90.8074
84.6685
-12.7183
-49.8578
83.887
205.662
-87.5888
97.3437
0.902885
113.751
102.012
90.5383
82.6276
-78.9408
63.4268
73.8922
-26.0361
163.518
61.3433
42.8758
62.2671
101.239
69.5629
29.9902
81.4691
50.1011
94.6917
-88.7578
89.9276
-87.949
-14.6163
88.2361
-76.4201
69.1983
81.9109
81.8561
75.7888
-52.1463
19.4513
152.687
-85.9483
75.7575
73.8023
169.514
75.8044
73.3725
-84.7905
-64.0241
0.185273
177.171
28.2035
75.358
92.1916
80.3452
85.6211
-88.3733
-83.4754
-86.1715
76.7158
89.0993
78.5602
144.803
186.51
-82.1434
-12.929
122.023
-0.862575
91.2232
76.5477
-36.5766
-60.751
42.1274
-88.27
-55.0157
-59.425
15.9358
71.6844
150.935
77.7547
-56.7343
82.8668
67.0332
-89.776
-67.4806
70.6749
23.5587
44.8867
-79.4038
61.2054
65.215
99.9179
-10.8531
169.421
-13.9642
111.452
90.0258
57.2541
77.7788
-73.6611
86.1232
122.881
18.9158
104.489
77.6899
77.1904
43.9922
162.756
-80.9216
-83.9699
106.319
152.388
48.2545
91.0883
-89.1826
-58.4001
-36.5301
-15.0495
-5.81167
-42.9868
65.4844
92.4825
113.29
69.7043
-5.64513
101.67
22.9728
61.5338
53.6059
89.5804
-47.9438
-84.8229
59.5589
145.554
121.92
-77.0046
90.9677
-30.8489
91.7383
85.5548
-89.3932
-10.2804
-84.537
81.4815
90.0599
-71.0145
-72.091
51.575
95.5751
-84.6145
74.8168
-43.0222
-80.7548
83.1421
33.1708
37.7702
-83.7807
-61.4906
-13.1093
-88.6594
-84.7601
169.551
-73.9637
90.1329
37.6456
-83.926
-66.9439
93.4655
224.004
-56.4715
107.755
-55.9379
-21.2621
-73.1374
26.7207
108.646
-80.8094
-82.5076
197.013
-71.7346
106.534
18.5286
90.8772
19.4053
77.2816
-19.843
-3.11982
-80.5441
62.7157
78.6675
84.5424
144.219
-71.1539
-84.3166
57.941
48.8671
-71.5174
53.0798
125.582
111.356
43.1057
87.0314
-88.8591
-58.4491
100.255
114.754
60.7578
140.957
69.4136
85.37
51.5442
18.3904
-16.9792
87.9161
62.2135
75.6165
145.009
32.0371
-70.5654
10.9053
51.1293
-16.1778
-85.2868
-86.8117
74.63
38.2656
70.7057
60.5767
-59.5351
82.4092
-83.1211
43.7921
86.2918
69.4782
89.0714
28.6561
78.9071
110.011
12.0632
96.2834
112.567
32.0675
74.4271
85.4631
91.5979
88.1389
1.40538
59.4186
104.351
65.1607
86.6387
89.9337
89.2101
200.248
213.329
80.0428
71.5327
-79.8939
83.2509
104.709
-52.023
114.225
83.6567
61.0638
64.6383
-85.6399
84.8315
122.744
168.543
104.033
86.6874
-84.8669
84.0861
94.0775
-5.56949
-87.4105
38.1593
-81.2859
148.127
53.8849
-85.001
-79.0368
24.7284
-59.7793
8.5104
-4.58147
220.424
121.555
83.6255
28.1891
133.741
-54.2076
93.0529
-81.5342
81.2646
90.6832
32.0237
-79.0139
-89.3714
95.7857
-12.6062
-83.3627
-83.2229
84.696
-34.8166
-78.3063
176.561
-20.215
-11.5911
81.8423
23.1983
15.3574
42.0575
71.4945
77.3764
38.2964
-70.9109
82.8535
95.0187
-89.4561
-51.0498
154.672
71.0499
85.8843
92.2396
111.6
-89.5105
-88.0666
69.5291
83.3498
58.1875
65.3
-73.4455
54.762
68.1243
-89.5664
89.5504
25.5083
159.848
114.635
73.7636
81.4327
141.602
113.734
-89.4987
74.256
68.874
89.3572
100.848
64.844
90.5153
82.5141
92.0233
-84.5589
89.1736
87.2438
188.688
-35.533
73.987
54.7956
88.2751
57.8052
65.418
68.5077
93.4238
90.7365
69.5749
-1.81546
187.155
15.6667
50.6598
82.8078
79.5816
-66.6013
88.9602
21.0418
100.756
-44.9121
171.668
-51.9452
-48.5151
107.508
-44.0568
54.972
130.886
76.9828
-15.1655
92.6053
4.62417
67.3144
79.4498
57.697
113.818
198.166
131.692
53.644
122.99
34.5526
99.5096
121.35
68.9751
44.4938
74.4957
108.585
32.9438
89.7094
8.34508
106.311
-69.2793
84.0461
11.4778
-86.2319
1.26515
-68.7394
117.649
-70.5726
-74.3416
38.5904
-39.5481
160.739
92.7977
179.837
-57.6967
-88.4742
91.357
76.1967
37.5924
129.07
115.398
69.0796
-77.8129
91.8417
65.7626
-90.7684
41.7724
154.496
95.0076
48.0891
-67.0079
67.8919
126.447
-69.5381
19.0584
97.1241
75.9221
90.777
72.9362
87.2466
107.467
78.4139
81.3605
-48.9791
-74.9855
57.7389
71.2079
64.4142
75.5412
125.585
72.2643
88.9074
68.0126
-72.5664
151.472
-88.6299
205.745
75.2991
85.5991
62.5624
102.748
177.173
98.9928
107.614
55.3632
89.8459
135.807
126.609
79.9116
-76.9195
89.2592
-48.4954
-54.202
61.1255
92.4289
90.3702
76.6964
-55.492
72.2136
112.549
214.635
30.9418
64.198
89.2242
132.327
93.607
-44.6933
63.5406
5.6333
78.362
14.3732
107.845
135.047
50.3189
176.146
89.8
79.6122
198.769
82.883
123.898
-65.343
89.56
68.5289
52.6475
-86.7983
-87.7217
8.73043
-69.0579
65.7701
85.0438
-43.5772
-89.252
88.5017
81.6844
179.212
27.5405
84.8799
103.909
62.5108
77.2201
-79.3994
69.0891
-84.3699
-70.4768
-88.8519
60.4637
82.8708
12.5261
-88.5613
-68.9993
79.5997
-39.0449
184.949
94.8897
-73.4163
-82.3149
77.4924
95.4326
77.5061
87.0713
-85.7553
-86.2991
68.954
27.5353
-83.7758
89.9991
90.8742
228.75
182.158
178.892
48.3606
13.5482
92.127
83.5447
92.1327
69.1305
93.6683
79.2879
82.7286
36.3051
87.4381
50.7898
88.9594
87.2616
79.1207
-31.1045
-76.5159
71.6486
72.986
94.0112
88.0482
83.3449
23.9641
17.8695
-52.5649
116.443
-54.4455
100.263
107.941
88.088
99.5261
112.702
56.9957
156.62
70.743
51.4492
-84.2667
6.2301
-14.5916
67.5653
-71.3974
174.261
-60.0317
89.364
87.6092
-27.9698
77.9164
148.674
136.721
193.705
-57.9506
-53.7783
105.829
-73.7179
85.1382
103.95
66.4338
-88.3664
43.1604
78.5578
68.7223
72.203
103.904
73.5074
76.1529
117.313
88.7372
88.0993
213.423
-77.5001
109.908
107.642
106.225
118.616
-55.4701
21.7355
103.016
-84.7514
67.4526
-74.9839
86.4843
86.9795
-76.3358
76.9806
101.642
92.406
56.487
-56.5503
89.8038
77.269
-71.3359
60.2245
124.62
-50.6864
76.0582
91.673
84.9765
51.0158
-38.7719
59.8243
29.512
65.8191
94.6885
-22.4999
34.0933
-75.1186
67.128
-86.0305
69.5959
69.3602
-47.4149
-88.9457
144.452
-70.1461
59.2753
80.4453
66.4463
-77.191
-74.6261
-83.7508
83.2211
153.715
90.0031
-67.0558
103.044
44.8013
63.1808
-6.92219
175.865
-74.2066
-53.927
145.678
-47.9661
90.5454
-54.8145
-52.3904
-76.86
80.1553
-85.6421
-58.4888
68.6985
94.0707
137.61
105.597
189.951
68.1379
70.1453
122.364
121.645
-84.9481
100.019
82.8228
-42.6839
69.45
14.8892
90.2602
92.6865
-65.1624
130.424
40.6139
101.108
-86.0681
-35.9682
42.7414
-83.0961
30.1028
85.735
-89.4186
40.039
-57.5565
137.436
-90.293
9.64994
29.4659
84.5387
95.7791
69.5301
125.302
183.338
121.649
-85.0196
89.8337
78.361
-89.7099
-87.0938
191.99
229.666
233.588
80.492
71.676
-80.2319
-85.8753
92.0917
38.6377
83.799
96.9249
42.9996
0.433289
-33.478
1.36185
-71.2255
62.9037
86.9625
151.676
-83.158
-71.513
-89.7904
180.394
91.2903
39.0535
87.2515
-88.0802
84.4941
-69.766
122.867
135.856
-53.4297
-88.5199
113.253
-69.4111
42.1728
116.04
87.7199
83.2186
-77.4588
88.6894
20.495
-72.073
7.11018
17.3728
125.455
168.898
-79.6701
57.0985
86.5627
67.8324
-58.3408
82.0894
95.4402
-0.875806
76.1639
118.457
194.762
78.3342
-82.5478
-21.1316
46.3302
87.5921
83.2617
172.696
81.1414
77.5493
84.083
-82.5814
62.6124
72.1659
143.615
131.095
68.0732
76.7256
13.9741
-89.3414
143.302
-27.2865
53.9676
92.4806
-52.2351
84.5092
52.8416
-50.0774
176.345
4.4434
-50.614
-3.67627
-77.6539
85.4353
164.174
150.866
86.9701
138.618
112.182
-72.9478
-67.3085
-85.4917
106.493
88.4264
95.6842
77.2304
-42.3503
107.573
-85.4296
88.8486
32.0042
-89.7328
104.348
-84.0938
-81.5407
92.4639
-83.7319
193.708
56.3672
-54.1282
124.485
-40.1894
-72.3294
29.4924
-81.1475
150.91
90.2289
-73.0103
27.7141
137.607
72.4584
-86.5467
57.7972
76.7131
218.384
139.616
-63.0288
186.022
-75.0405
-87.9671
126.641
-73.77
15.0721
143.309
40.8002
-78.2798
11.87
87.5224
89.5283
81.3033
-49.7503
-48.645
66.5377
-89.6876
-70.9071
125.512
-84.7155
-36.6699
78.1006
67.1655
-84.467
-87.2067
-11.4911
73.5862
-63.1739
-36.2733
50.1544
-4.72595
42.8059
90.3173
-50.8616
-16.6159
8.15394
18.8367
10.7817
150.368
54.1076
144.524
46.9218
22.7894
114.618
82.9403
147.103
217.731
-1.10364
184.408
-69.579
64.1533
-83.751
14.0736
-2.02063
69.0514
-25.8229
56.4071
5.82301
87.6325
90.4413
162.187
-50.8463
8.07123
102.982
111.142
89.1852
167.302
-83.9372
-82.5569
81.4817
-18.4905
-86.3901
58.9321
-80.3745
-89.0195
79.6008
78.6095
145.512
87.9608
-83.7047
49.6484
-47.2506
147.151
71.1941
120.116
-89.1434
-1.80378
72.7039
94.1691
131.06
177.093
129.383
103.759
-80.3437
48.5599
64.4671
-28.0612
101.784
70.3045
116.545
86.3299
-70.1068
23.598
16.3136
127.08
120.663
69.5987
68.948
46.3921
-85.984
141.697
133.718
-52.4339
81.6554
-85.4262
135.754
70.8362
74.7469
36.2088
37.1089
79.4286
53.7979
-17.701
131.239
80.1825
101.789
80.229
91.9465
97.6756
14.6855
98.9817
128.452
-47.6873
103.697
-82.1097
-54.8244
-67.6981
93.9734
64.399
-65.5458
89.9843
-59.5216
17.6959
67.6221
-33.8212
20.9277
63.4323
72.2188
187.877
-89.0254
-22.6042
81.6479
90.3656
-22.4004
189.433
90.5134
92.5349
83.494
89.8592
99.7902
119.06
158.302
-56.278
69.9173
-3.05966
49.8488
85.0685
79.7939
93.6473
36.8243
-74.9535
35.2175
95.3599
-73.324
-84.9139
38.0739
63.6465
47.0891
68.1681
63.0551
-83.6041
87.6212
119.551
88.9748
54.8446
45.5199
76.5776
14.0994
152.879
114.401
153.373
133.539
-45.053
20.5055
67.4552
88.5779
66.7636
91.1427
-46.228
157.085
-85.9841
51.5735
215.784
-84.573
100.726
-70.2788
93.9089
54.2216
7.85599
70.8243
155.86
87.974
-83.3893
78.2297
86.6382
94.2799
221.229
69.8947
5.24808
80.1666
92.76
98.5413
56.2392
70.7192
88.1215
101.07
-29.8159
54.3222
-38.6209
105.528
21.9056
93.6967
83.2727
141.501
146.476
36.2906
81.486
92.3331
73.1743
102.398
-31.5309
58.2831
32.3548
89.1045
-69.2241
167.553
202.459
77.2123
69.4047
-65.0563
61.801
73.2074
198.064
-71.7851
-11.3579
-36.9547
-59.2526
18.5517
92.9729
89.3335
121.61
-80.8809
83.9851
86.9044
-85.7361
189.099
-85.7811
92.1252
87.5804
189.467
76.6624
-60.4078
66.2497
86.332
69.9976
74.8854
190.525
37.4845
-77.4184
71.7776
72.5731
67.5502
0.72229
-61.3475
117.336
-83.4923
88.5023
-86.7264
-82.5559
84.9082
130.004
67.2641
-46.3495
111.258
-51.8136
27.9397
2.73597
91.5462
-87.5745
129.009
146.736
90.1832
-37.0028
16.8907
103.73
86.8305
-13.1102
160.833
-64.4804
63.0808
172.626
-85.3474
19.3928
92.6548
16.0711
93.2784
84.8302
92.075
56.9148
-88.7729
119.791
89.5805
-69.0539
-38.5477
-78.521
87.699
-21.7404
33.1741
97.8377
104.627
182.419
-53.7624
-61.9844
69.5279
58.813
80.2527
41.0123
138.386
89.9402
77.8762
79.7611
-62.3151
4.39181
110.141
151.235
131.512
160.589
69.7245
178.597
12.754
88.1524
102.393
-87.1311
99.1177
14.8004
-86.7745
16.8151
59.303
45.8837
205.125
48.1564
-77.799
-43.3369
58.9106
29.7646
22.9629
11.3625
91.6104
115.997
77.8936
-78.8197
90.1235
58.2068
149.787
68.1593
141.559
-22.2776
160.914
-88.6656
82.8584
-59.8294
40.0266
-19.7053
198.291
81.5139
105.249
22.7815
149.193
25.8344
-62.4383
-39.3353
89.2036
-59.223
73.8108
82.8541
-86.1756
49.673
92.0906
118.323
-88.3523
142.272
-43.4498
-61.174
107.841
77.1126
-20.4099
76.602
-89.4238
-88.3005
-37.6036
55.3206
-84.5945
115.614
70.5613
112.879
169.335
42.2203
-84.8834
9.50413
181.402
159.597
214.125
199.369
119.322
173.967
122.818
89.1712
-30.9889
82.9427
-86.191
88.0314
81.4423
-72.1535
57.9176
92.5036
204.645
-89.6026
75.6212
51.2071
-84.7209
-29.5858
73.4547
-87.1974
64.7338
136.981
-72.8965
180.296
-60.8412
90.1866
39.7736
-89.4394
12.396
89.4882
-3.24982
71.8153
-88.7226
90.1519
67.1357
-82.1923
111.281
85.6533
89.4267
89.7988
88.1738
-47.2321
55.1521
95.1406
86.3167
-87.904
-58.9784
-60.7282
90.4715
-16.1014
-67.9849
70.3455
27.6026
71.8992
84.8915
93.9265
39.2412
-5.99479
53.4286
91.8029
-88.6596
106.991
-84.6555
82.6422
66.4759
-11.97
83.6735
68.6637
68.4812
48.7691
-89.6437
55.132
-41.2366
-38.7458
-47.4931
71.1311
89.8919
68.6536
-36.9717
-69.5696
-70.7602
-2.99419
86.642
74.9684
-68.2999
77.0185
88.2283
149.695
-25.8622
53.1216
-86.7153
137.471
88.4679
89.1613
-85.9458
71.3923
91.7201
92.6632
129.94
59.3979
109.92
190.948
159.669
-76.6262
51.1671
205.444
-66.3088
171.85
90.8798
84.0237
81.3892
21.8436
88.1647
49.7078
-67.6216
20.8769
-47.0968
137.253
-80.8497
113.404
29.3981
12.1319
98.3046
86.6072
-88.2597
125.104
63.2524
-75.709
84.1999
2.60161
-33.7251
106.639
-78.3302
-37.7583
91.4996
69.1223
-48.6212
94.7877
88.1501
-89.1634
71.3566
92.1473
75.6187
205.826
8.99404
134.859
67.7893
90.6563
69.5538
34.807
123.057
61.1646
44.6449
70.5903
192.681
180.526
46.5582
65.9034
70.831
-85.4399
-87.1684
-26.7546
-89.3204
37.5245
7.35556
-70.6313
31.9142
66.2487
91.6504
46.7261
87.5173
91.3762
91.3251
-29.421
207.908
84.8597
69.9231
-6.14967
68.838
43.2738
76.5731
95.1103
57.2282
-82.9481
61.5589
-83.4874
-80.9326
-45.2948
180.834
-53.5642
127.294
-80.3238
75.5213
123.401
93.0094
67.1733
111.202
141.91
64.2049
-57.1202
218.261
70.9761
-80.5208
81.5584
97.5734
113.906
120.306
82.9463
-87.3611
5.40439
190.048
76.1422
-86.9138
51.9226
-86.3938
190.715
59.1899
-78.2482
91.3997
-10.1871
76.5811
90.0987
6.87448
-52.925
-88.3684
69.5079
-58.1399
-88.5523
-86.8485
53.8416
71.3465
89.6672
-81.2938
37.8159
161.727
155.847
69.1309
-37.1242
-23.6196
77.7934
-7.60029
96.6539
58.2185
-88.9034
80.0429
73.4219
69.4416
21.9804
-69.3986
78.0097
-52.8364
-41.2644
71.6837
-62.8242
87.0115
24.5359
-83.589
-10.7121
33.4959
-83.6222
233
80.4675
109.611
96.1347
82.8812
-72.9826
69.2992
-73.3949
60.3423
-86.8
-81.9782
198.564
89.435
75.103
211.943
-48.6424
-86.0958
-83.6889
67.7706
-72.8327
73.7995
201.684
-86.2924
65.3681
32.7345
60.4548
95.9775
100.575
13.2166
56.7795
129.255
43.2978
77.8786
62.934
114.524
101.725
-68.992
93.6226
121.814
-87.5965
56.093
29.8574
34.4495
65.8272
83.1649
-82.8724
90.4941
112.953
-38.5355
-77.3228
-87.3011
4.66077
-90.7909
41.5782
89.4636
152.406
-85.7371
91.0055
94.1817
159.344
63.0707
-8.10838
-15.7197
139.191
47.0307
115.675
104.433
39.5753
66.2058
27.3698
84.6764
87.2462
26.6174
-83.5551
91.9317
34.6917
46.0751
60.4338
91.1223
79.295
135.397
-64.0454
-5.93685
-34.0868
156.537
82.9777
67.549
32.8639
88.1092
40.4166
80.9854
46.2645
104.053
73.3718
85.0206
73.1789
101.665
76.522
-50.544
172.295
114.853
-80.8124
50.7669
43.0747
96.7761
-25.2008
83.0941
192.145
146.735
-19.5478
23.2954
-31.5604
0.476275
53.6861
86.1646
92.7232
69.216
54.2038
50.8904
80.2627
23.5491
-90.3535
69.4832
156.604
96.6938
150.36
61.9445
77.8903
86.951
75.8878
72.2582
-88.2752
-11.1236
-58.4601
49.5253
85.0561
151.771
70.9826
98.5025
-30.6189
55.6659
-17.9235
-67.525
-79.5924
62.913
-86.5058
-16.9596
131.83
54.8735
90.0878
-46.459
163.191
193.06
80.9919
74.0169
89.0123
-86.2493
90.038
4.9687
128.386
87.7218
-63.4996
-69.0044
166.541
73.7584
71.4638
49.5235
-64.2083
91.898
175.764
93.0693
25.6638
91.6851
70.3674
60.8994
57.185
-78.5683
-52.4575
77.9874
63.0108
93.0134
190.874
88.8455
115.966
-30.0254
88.9073
138.617
81.5916
18.1586
87.0954
91.9678
60.5608
77.5599
-86.5602
75.1173
22.3937
162.603
83.7667
18.2791
225.308
105.941
64.5979
185.816
94.3491
65.5486
67.1414
-33.6171
91.43
71.4735
-42.0802
183.873
93.8072
105.359
224.492
25.4531
141.395
71.4031
227.435
69.5572
-86.9704
-70.1494
1.08096
61.0856
82.4601
62.8194
-69.0276
78.3641
-57.1739
79.8299
-87.3948
78.6862
-76.5613
90.0143
140.764
85.7292
94.2795
235.251
133.365
89.4811
107.831
-32.1765
110.395
-41.9763
3.11342
157.431
82.3801
-0.785897
89.2389
-13.5124
-87.6737
4.93738
-39.4902
-89.4657
-66.712
89.3041
-53.8411
88.3602
-38.1271
-87.2397
146.381
15.5758
72.0525
107.868
-62.2686
-4.01851
-87.337
79.5958
-35.0395
-53.4692
45.8791
77.1546
41.5185
75.0495
57.6817
86.5381
119.711
102.774
67.1
-67.7846
-21.7101
76.9516
-47.1367
-62.9798
165.405
207.729
155.547
-87.5483
96.5384
-83.8359
90.9342
12.6704
59.2206
73.9604
-86.1189
182.25
98.1716
90.4131
158.432
-40.9405
-0.401421
-57.7129
-39.2005
107.325
-76.7343
-34.585
-89.0979
32.2686
97.7378
132.886
74.548
-65.965
-59.1122
96.9438
-23.3565
-81.9239
-64.6609
2.45515
70.7179
90.5148
17.902
38.756
81.2036
-64.8146
21.9421
-34.1004
134.025
81.0191
-71.2049
22.0259
88.8454
0.171329
71.9751
-71.2216
91.4844
-44.3667
139.611
-15.9113
-73.3755
82.9561
75.9723
-70.9032
92.8831
95.7439
174.254
92.6011
-40.8052
-54.3543
87.5209
88.2595
89.4026
93.4521
50.6452
-29.0205
93.3606
-33.3396
83.9259
161.601
-68.7766
-84.7314
96.0882
-28.6667
-3.60017
69.9816
35.4967
133.412
-33.5028
55.2123
114.222
137.933
4.14206
82.4687
91.8827
81.9562
4.07138
217.501
193.759
165.829
137.208
73.4726
-85.6435
69.2203
-14.7659
161.833
57.4455
116.512
-7.30109
74.2482
196.663
166.372
133.693
-42.6554
7.08125
-56.574
95.6145
101.803
33.4576
90.7929
35.3263
112.172
198.973
50.6859
94.3425
-86.1986
90.6419
92.078
100.145
91.6517
-49.5374
-45.6872
56.2262
174.03
43.9349
-22.7692
-67.1383
17.8661
110.096
161.56
-10.6933
70.3386
46.9019
77.4026
-71.9451
22.9027
-83.9363
222.338
-78.08
-84.5181
184.672
88.1685
-88.7529
89.7963
81.8548
161.667
69.5119
80.3967
99.2912
12.0429
17.2533
-84.6407
86.6836
-73.3381
-34.9823
-29.7857
59.2857
44.9278
103.243
88.6235
89.4105
64.4689
133.941
-83.5881
29.8546
25.5657
162.042
109.01
90.5645
93.5196
133.582
-82.0958
50.6225
53.592
66.6927
31.8351
123.577
128.26
147.94
179.845
-85.4307
-89.3435
-37.7305
-2.51803
3.27901
-89.0455
-63.987
154.068
-62.2607
50.8709
84.3124
78.3194
73.7746
87.9179
193.38
140.597
-86.97
-62.3139
87.945
83.1004
94.8475
192.379
20.1473
-78.1306
50.3594
88.7194
101.113
89.8
102.06
90.5399
-81.7819
96.8462
109.234
125.651
32.9848
90.699
92.7112
72.9586
-74.2369
-81.0932
100.451
89.5883
94.8022
112.683
-29.6141
20.2998
66.8051
11.6281
-83.6307
82.8167
89.29
89.6852
-41.5906
112.907
67.132
69.0748
57.048
9.26027
-46.469
92.1352
-8.6183
29.3411
77.0736
69.2305
-54.5648
83.2381
88.9835
201.492
53.8836
-63.1129
-3.8647
83.3766
40.7722
-40.326
84.4835
-73.9045
115.08
88.0338
104.032
95.8135
94.2462
83.2886
86.1712
89.0306
35.4173
-85.6849
137.573
141.463
-10.1708
85.7364
-28.2773
43.1259
-35.4251
179.64
87.6449
132.117
-83.8169
-88.5063
105.47
160.78
-84.631
-81.3557
93.9364
125.849
23.8815
-87.6712
78.0933
91.4874
177.791
91.7927
43.1723
30.8407
214.231
-65.7022
31.115
135.775
87.0516
90.6225
78.1676
95.4162
61.9819
127.737
105.792
169.181
86.693
-91.0825
-85.8889
66.7843
25.8937
7.3049
-44.8798
79.8852
-14.2757
27.5743
-86.951
130.496
-55.8804
-89.5724
-10.6153
14.7378
93.5039
65.7851
57.9295
-21.1685
95.2081
129.661
98.8569
-36.058
0.613805
-42.2394
77.1718
90.4608
-83.6653
97.603
-47.0919
115.765
-71.8341
51.4949
-80.8054
-80.6054
-69.7405
76.4466
-78.5836
35.6758
80.1893
-59.8789
92.8825
146.88
52.4449
74.4165
-10.5065
26.6161
-66.1457
88.6739
149.194
56.0789
23.5354
-8.84067
49.3915
-75.3863
91.6241
-17.7702
100.258
-45.0839
179.087
81.4463
3.6886
-89.8088
199.653
-54.1809
66.3822
84.5229
-78.8448
184.063
92.1645
26.6626
-42.0325
-42.0825
-86.4202
-26.7828
-58.3206
71.8361
-25.2078
-87.4866
78.309
92.7419
69.6088
-59.6024
75.4771
134.926
53.5795
164.734
69.7298
80.7676
86.5079
-88.0328
154.421
188.095
-41.6635
-74.1934
-60.458
76.1124
18.2579
-58.3301
-56.9782
132.012
165.252
132.296
-74.3817
88.797
201.746
61.7512
-89.7573
-85.8941
42.3137
0.156988
87.4725
152.715
180.237
-89.9743
90.6283
69.7958
107.098
198.724
69.4077
40.5421
-69.0797
120.54
-56.5501
89.1722
148.32
81.6419
121.302
81.5126
88.4075
-51.8511
215.929
-86.8352
149.455
92.5105
73.3554
198.169
72.4664
119.17
89.9772
-70.551
64.6028
89.5813
88.0373
-61.5767
194.091
-57.5847
207.466
119.143
-64.7555
-26.9151
-10.5907
-19.5577
6.83179
71.7877
16.6245
14.2468
25.4849
-69.5986
179.161
-69.8676
-66.2814
29.8764
108.253
-70.0586
94.2998
90.9517
203.831
90.9061
118.488
-87.9588
-60.2828
-11.9284
-50.9668
-14.1052
86.7007
32.3655
-80.4257
80.9939
38.7744
95.3201
81.2943
76.2941
103.105
140.155
89.0498
92.9821
101.886
60.7399
90.6902
101.332
-43.8378
140.711
62.5543
10.9019
77.3731
32.2734
-82.6301
141.888
144.404
78.4468
64.799
-35.4129
139.679
153.707
105.132
-71.9051
-87.3804
120.318
-59.3259
160.152
81.3682
80.2085
89.8021
97.9556
91.4277
99.4066
15.4096
63.2427
67.459
74.4793
58.4248
81.7609
-89.3464
85.1834
82.9649
-83.0998
-24.5913
150.126
-59.7406
49.0099
93.3071
-85.8181
137.25
100.169
58.3525
-1.8107
79.8652
70.9515
92.6491
-50.855
214.227
-83.8879
79.3157
159.324
-37.3395
-40.1231
89.9676
75.0231
98.2697
83.3261
-73.6143
-35.3656
71.1126
79.266
-80.9173
55.3122
125.751
-87.4813
71.3534
-44.1523
-74.9715
122.769
68.7779
21.5237
140.971
83.1862
28.781
19.6047
-65.2137
96.1236
67.8486
87.8039
-87.8405
5.68948
173.413
101.785
91.9134
38.7505
73.2745
69.3076
-89.52
91.9493
-13.9175
83.9989
6.60444
164.825
-89.6446
69.93
120.014
-88.8399
74.1478
175.425
81.5892
-69.2493
66.1913
78.1011
210.639
-78.8667
91.248
126.159
84.8602
120.361
72.331
-69.7746
84.8073
82.8208
87.3277
67.2578
91.4458
228.496
-88.5854
-27.5561
31.5973
91.4714
154.269
59.2315
85.5863
-81.6441
81.5803
211.338
-76.8282
91.4024
83.6364
74.1642
-88.5999
221.419
60.0087
52.8192
-68.5129
-19.7255
97.2293
-74.8629
-45.8179
123.921
89.6203
55.4072
3.14182
89.972
87.6001
68.5214
115.045
81.1226
162.299
44.0861
87.6334
49.6421
78.3424
98.9185
90.978
-46.7653
147.191
73.5105
71.6951
139.09
74.7529
172.846
105.169
34.5535
65.644
55.6584
90.2583
74.004
134.089
212.396
108.534
-66.0789
183.821
92.9337
64.0852
76.8772
93.2117
69.6936
-43.1494
83.3381
-66.5974
77.5037
93.8363
45.3842
100.532
-58.3587
78.1253
13.9224
-85.3811
185.654
74.1909
179.353
80.591
91.0107
193.98
-26.4137
94.6388
-70.3351
67.3861
96.4046
50.15
-44.0671
-4.77847
72.6607
-59.1027
53.7156
68.5187
149.905
-26.5414
86.6411
74.7876
59.3178
72.7101
87.3611
94.2327
-74.9921
188.592
144.122
79.6299
168.599
89.932
37.391
89.4548
114.967
-42.3209
63.8841
90.9472
91.9133
66.8186
-37.5001
125.718
122.855
62.6813
35.6047
76.0199
150.399
156.691
-12.9847
-43.8723
77.7929
79.1043
-29.5706
-52.8971
67.9423
155.832
-81.277
44.1614
66.8926
31.1649
13.5576
91.7628
68.1149
70.6624
-79.4502
91.3956
105.447
173.11
67.3594
64.995
-64.8508
96.9388
96.2415
156.729
-42.0739
63.0553
-61.5278
74.9989
92.285
83.4423
23.4791
24.7933
215.421
12.4648
145.983
91.0467
188.374
116.868
16.2362
90.8119
151.295
209.307
85.0706
155.848
-55.2497
153.866
-49.048
-55.7452
169.015
-75.119
-51.1342
82.0427
7.06785
81.6134
6.04956
92.9277
-83.6508
-21.577
132.422
61.8113
82.6913
75.9711
124.62
20.2863
91.1255
53.3267
147.395
53.2999
92.1578
100.568
208.821
64.231
75.0065
-35.0053
92.4926
83.6204
91.1246
2.26795
82.818
97.5371
78.2548
27.5966
162.72
117.246
-50.6321
-72.8126
186.117
113.285
90.4352
37.4733
-84.0734
72.7909
81.7353
16.8676
69.0931
64.9064
83.5384
79.4335
89.5836
91.3325
-23.6376
116.998
95.6087
29.0551
69.0228
39.9948
14.7493
-83.0916
83.0667
-85.0618
158.385
76.3465
-44.5485
55.9138
94.3338
115.565
-33.835
74.5783
-70.8712
78.3122
93.2737
70.7526
93.1961
83.0953
28.1741
90.4164
171.052
62.5495
90.2349
87.1298
-59.9707
-83.9791
57.7043
90.9779
166.989
-53.6604
83.3248
89.2214
74.9826
84.0445
-60.5437
69.3646
-62.8286
55.5024
-18.5341
48.1779
85.2987
70.6823
40.8335
110.992
134.489
108.337
104.098
-41.9716
-82.3068
-62.6026
-72.0655
89.9197
73.6373
63.5552
58.5127
67.6964
73.3096
-75.9556
-80.0251
84.6965
59.7195
92.5809
-85.7685
-68.4726
-78.8131
-37.1369
92.4363
22.8782
12.7873
-84.8807
103.987
40.2493
81.8431
23.6767
-60.4689
92.9046
-62.7774
89.3101
85.0622
-85.9307
97.3423
-71.0839
145.301
83.3834
-59.3907
85.9177
74.8698
96.8546
-27.2381
-87.5542
-18.2792
-83.382
91.922
111.815
34.954
160.538
-73.5514
79.4619
88.9626
160.877
128.238
-85.1747
34.5299
73.4341
134.426
73.2969
-48.8856
49.6969
93.4227
90.6813
96.4177
75.8838
-87.4749
-52.2625
74.5856
170.544
69.587
125.26
53.2424
72.6012
-59.982
-65.0154
128.02
164.312
7.1163
89.147
62.3434
57.3
152.08
-28.804
91.1746
74.1562
21.6115
-61.8884
-88.4759
-72.6639
129.409
91.7088
-65.008
35.0747
-18.8328
84.9363
170.43
63.5992
89.4566
34.5003
72.9777
-20.5565
100.494
90.493
44.5404
83.929
-82.6117
-55.0366
144.184
106.751
-82.4048
-89.2761
145.384
-84.8624
-66.1869
-65.005
176.761
80.3743
87.1956
-87.5157
44.7915
89.3089
-71.4559
27.7329
55.9891
-70.6751
85.1683
90.9575
40.0281
97.3544
-15.7924
45.5168
78.5532
-38.4223
-61.9393
6.05448
70.7851
87.0205
90.4667
86.1915
85.7124
83.9846
40.319
173.602
32.848
-81.0751
74.4379
62.572
92.9207
49.6843
-37.1391
86.04
-35.1764
87.6445
90.2551
54.3253
-73.6233
30.7936
-85.2672
57.9323
87.0606
105.51
60.1003
177.147
86.3344
105.627
69.063
78.5443
166.406
92.0304
47.9979
86.4346
-2.85184
84.9988
-49.3387
-50.9642
84.2462
75.6181
85.518
82.0543
-70.545
95.2941
131.595
30.0635
114.163
-25.1154
102.257
-19.3634
84.7038
-70.9307
-68.3162
11.1037
89.8584
95.3835
82.9579
52.0808
68.3533
90.0585
82.8111
40.3667
29.3725
165.1
54.0695
68.9853
196.321
71.805
117.983
-4.55246
86.5339
174.036
197.873
-3.78729
137.961
81.1389
36.5656
92.5239
57.9077
63.6088
68.5604
-61.2026
86.8636
90.3378
90.3837
93.1524
-87.0535
83.9711
196.291
60.2814
68.5429
77.0306
58.9595
-63.4036
35.0646
102.617
89.2177
157.384
90.1507
89.0225
89.4414
-30.6662
132.719
40.5044
18.3251
91.1237
42.2918
90.8407
64.0409
-55.3319
90.4871
85.8097
-81.9019
37.1241
-28.0747
181.168
210.777
74.7585
43.8923
-78.8835
92.7362
70.7803
162.415
86.3145
-12.9564
-72.4933
112.841
89.1095
-81.609
-87.2218
-88.1768
83.0394
123.343
90.4468
76.5345
170.215
41.3163
-88.5481
60.2193
89.9762
172.8
77.5179
-69.6387
193.285
-83.6048
93.3179
158.219
86.9342
26.0791
-75.5661
39.1798
183.446
88.5732
198.742
90.556
24.9003
90.8547
78.8622
97.7359
187.751
16.795
160.621
89.6627
58.7692
59.6511
-33.9256
88.3088
83.2881
28.785
145.877
84.7697
156.395
70.5136
-88.7211
37.5522
-3.92702
104.191
-46.0034
139.185
118.116
56.6781
63.8418
90.9103
-55.1369
-70.6705
90.6958
-88.1648
88.6946
85.6744
70.3772
-3.9283
-81.3264
-38.8618
118.908
-71.3041
53.6918
-70.0212
65.6804
218.343
139.22
-38.8377
95.3441
-51.0347
98.776
91.2044
87.8405
167.904
69.4191
89.9435
-71.9624
33.3122
81.7407
-18.2591
91.5504
69.3081
89.7298
-21.3584
-63.5573
-55.454
85.8442
96.2145
77.8909
54.0918
130.057
67.0153
-52.981
129.24
23.3587
131.404
89.8213
-32.5838
40.0324
80.4434
-76.1481
-80.8981
-87.7583
68.4532
-0.583185
90.2889
186.146
30.8547
-84.7132
92.1721
22.2902
90.2706
11.2998
0.337035
75.2892
4.05234
90.6085
133.931
78.041
89.7547
25.6311
-90.0938
51.6819
64.243
-72.8935
92.0982
-44.5224
-62.2171
91.0635
82.6923
160.27
-66.4356
44.9028
81.791
77.2737
69.1068
44.2641
8.48822
91.6613
92.4723
126.843
89.3472
66.7671
164.462
32.4581
-64.0315
75.7661
87.929
90.4574
9.30657
88.2236
-88.7753
141.587
168.765
25.3429
-58.6014
48.6591
-32.08
77.3568
18.2287
125.727
-30.2102
90.1151
36.6289
87.5241
2.92904
-10.3689
98.5302
107.947
44.4559
94.5367
38.3239
70.5463
43.8209
106.788
85.9917
176.209
-43.6853
-70.4912
88.0669
91.6743
-61.1619
155.267
87.7785
-55.6728
113.382
-77.8977
5.64589
96.1904
78.6795
94.8685
89.3177
69.2966
90.4342
99.9249
-32.4714
-71.2656
-65.4826
84.7766
-70.4221
-50.5085
-87.3073
96.1087
-86.9558
-85.7694
28.2302
-50.971
94.1003
118.436
-86.4879
110.59
104.506
-24.6811
91.2951
84.5871
56.3518
61.9537
181.423
126.434
112.742
72.4093
-62.526
71.8172
84.4969
47.1231
9.34805
110.142
72.2958
75.6441
71.9084
30.8631
98.8349
65.598
88.3951
-59.8542
152.777
15.0957
70.5776
-81.5977
34.6856
-68.8134
47.954
2.54748
91.4993
148.845
0.690653
3.2749
91.1201
46.892
166.444
-86.1766
-73.963
86.3166
92.3009
84.9934
184.647
67.4704
62.5409
92.8208
67.3884
-70.6874
-77.2809
89.7621
50.3605
84.2906
76.9609
94.8798
36.0914
73.2498
55.7524
123.364
125.718
-88.5693
100.6
-66.5671
89.6538
10.4543
-65.954
-24.454
-79.125
178.216
-68.1468
89.7002
-66.8796
185.162
80.0595
73.309
64.633
85.6736
96.3741
120.851
88.9296
89.2896
126.718
69.1493
77.9321
83.1711
-1.47093
-43.6177
93.4762
-4.59297
73.464
145.887
3.2447
95.4615
37.1172
72.0653
94.4041
53.2436
66.0976
69.7384
98.2589
134.534
-87.2941
-75.2957
177.285
40.2772
-3.55996
90.8236
62.6482
-42.5381
38.4497
96.7722
101.874
-5.02587
-89.6927
-68.3862
75.2221
2.88239
149.52
89.7908
-31.6238
70.421
45.5409
101.656
39.4894
56.6764
176.032
62.0549
-88.7225
-10.8752
185.589
90.3692
99.1186
90.475
117.617
65.5851
91.1102
)
;

boundaryField
{
    wings
    {
        type            zeroGradient;
    }
    outlet
    {
        type            freestreamPressure;
    }
    tunnel
    {
        type            zeroGradient;
    }
    inlet
    {
        type            freestreamPressure;
    }
    defaultFaces
    {
        type            empty;
    }
}


// ************************************************************************* //
