/*--------------------------------*- C++ -*----------------------------------*\
| =========                 |                                                 |
| \\      /  F ield         | OpenFOAM: The Open Source CFD Toolbox           |
|  \\    /   O peration     | Version:  2.3.0                                 |
|   \\  /    A nd           | Web:      www.OpenFOAM.org                      |
|    \\/     M anipulation  |                                                 |
\*---------------------------------------------------------------------------*/
FoamFile
{
    version     2.0;
    format      ascii;
    class       volScalarField;
    location    "150";
    object      p;
}
// * * * * * * * * * * * * * * * * * * * * * * * * * * * * * * * * * * * * * //

dimensions      [0 2 -2 0 0 0 0];

internalField   nonuniform List<scalar> 
7991
(
-0.00112455
0.0217674
0.0796517
0.183204
0.33298
0.522434
0.741265
0.980034
1.23207
1.49508
1.76861
2.05665
2.38952
2.88864
3.51861
0.215237
0.239734
0.26601
0.295895
0.335119
0.390114
0.466787
0.569136
0.698591
0.854303
1.03342
1.23225
1.44658
1.67383
1.91243
0.431579
0.511196
0.609069
0.722434
0.849197
0.985191
1.12602
1.26789
1.40782
1.54382
1.6744
1.79878
1.91604
2.02589
2.12839
0.563794
0.635011
0.714872
0.798756
0.886686
0.978137
1.07247
1.16893
1.26665
1.36483
1.46255
1.55914
1.65378
1.74609
1.83583
0.668922
0.739741
0.820053
0.903393
0.988992
1.07571
1.16252
1.24858
1.3332
1.41597
1.49651
1.57466
1.65016
1.72302
1.79317
0.740625
0.802061
0.871242
0.941847
1.01327
1.08499
1.15664
1.2279
1.29847
1.36817
1.43674
1.50406
1.56992
1.63424
1.69691
0.790235
0.8464
0.9086
0.971952
1.03575
1.09961
1.1633
1.2266
1.2893
1.35126
1.41232
1.47236
1.53122
1.58882
1.64502
0.821845
0.876193
0.931816
0.988082
1.0447
1.10144
1.15817
1.21476
1.27107
1.32699
1.38236
1.43706
1.49093
1.54386
1.59568
0.850545
0.899366
0.948832
0.999275
1.05031
1.1017
1.1533
1.20498
1.25661
1.30806
1.3592
1.40989
1.45996
1.50926
1.55761
0.867065
0.914955
0.960089
1.00604
1.05266
1.0998
1.14732
1.19508
1.24298
1.29088
1.33868
1.38624
1.43335
1.47983
1.52546
0.88305
0.926875
0.968337
1.01055
1.0535
1.09716
1.14135
1.18591
1.23078
1.27577
1.32081
1.3658
1.41053
1.45479
1.49829
0.895581
0.93518
0.973771
1.013
1.05327
1.0941
1.13526
1.17691
1.21927
1.26178
1.30439
1.34717
1.39001
1.43249
1.47427
0.906204
0.943861
0.980151
1.01662
1.05402
1.09239
1.13168
1.17142
1.21129
1.25123
1.29199
1.33398
1.37615
1.4181
1.45815
0.923566
0.955155
0.99372
1.02696
1.05354
1.0895
1.13296
1.1726
1.20879
1.24495
1.28434
1.32721
1.36709
1.41113
1.4534
4.28391
4.3841
4.25734
4.25447
4.28759
4.3067
4.30442
4.28426
4.24752
4.19192
4.11267
4.00391
3.86161
3.68715
3.4976
2.16921
2.44137
2.70086
2.9434
3.16288
3.35145
3.50153
3.60745
3.66601
3.67716
3.64417
3.57328
3.47279
3.35179
3.22331
2.22579
2.3203
2.41264
2.5031
2.59101
2.67526
2.75449
2.82721
2.8914
2.94463
2.98367
3.00484
3.00465
2.98211
2.94437
1.92442
2.01349
2.10334
2.19319
2.2819
2.36799
2.44971
2.52515
2.5922
2.64878
2.69282
2.72249
2.73651
2.73524
2.72302
1.8614
1.9288
1.99584
2.06226
2.12767
2.19149
2.25307
2.31162
2.36619
2.41569
2.45872
2.49369
2.51893
2.53374
2.53986
1.7584
1.81938
1.88002
1.94001
1.99899
2.05651
2.11204
2.16499
2.21465
2.26026
2.30091
2.33555
2.36313
2.38373
2.40242
1.70006
1.7544
1.80815
1.86106
1.91288
1.96328
2.01191
2.05839
2.10225
2.143
2.18002
2.21257
2.23988
2.26168
2.27891
1.64652
1.69667
1.74613
1.7947
1.84213
1.88817
1.93251
1.97485
2.01487
2.0522
2.08641
2.11701
2.14347
2.16543
2.18371
1.60503
1.65172
1.69765
1.74262
1.78643
1.82884
1.8696
1.90849
1.94524
1.9796
2.01127
2.03991
2.06504
2.08627
2.10558
1.57017
1.61408
1.65719
1.69932
1.74029
1.77984
1.81775
1.85388
1.888
1.91994
1.94946
1.97633
2.00022
2.02062
2.03782
1.54079
1.58237
1.62311
1.66282
1.7015
1.73874
1.77433
1.8082
1.84012
1.87005
1.89774
1.92309
1.94591
1.96572
1.98152
1.51505
1.55468
1.59352
1.63104
1.66803
1.7036
1.73738
1.76947
1.79954
1.82788
1.85415
1.87826
1.89989
1.91887
1.93297
1.49673
1.53307
1.56964
1.60574
1.64163
1.6749
1.70573
1.73575
1.76382
1.79064
1.81549
1.83831
1.85905
1.87798
1.89252
1.48772
1.51805
1.55032
1.58569
1.62341
1.6511
1.67748
1.70517
1.73091
1.7558
1.77767
1.79501
1.81628
1.83858
1.85332
-0.85173
-0.844162
-0.781427
-0.656578
-0.482638
-0.284875
-0.0939549
0.0631879
0.170629
0.224075
0.228114
0.188707
0.110452
-0.0163342
-0.0188362
-0.811611
-0.848074
-0.892131
-0.953973
-1.04044
-1.14697
-1.26231
-1.37393
-1.47138
-1.54892
-1.60559
-1.6457
-1.67105
-1.70474
-1.70519
-0.813168
-0.890033
-0.984418
-1.09059
-1.19862
-1.2961
-1.37481
-1.43254
-1.47151
-1.49642
-1.51284
-1.52785
-1.54153
-1.55543
-1.55739
-0.756659
-0.80179
-0.842236
-0.874292
-0.897145
-0.911448
-0.919372
-0.923529
-0.92608
-0.928751
-0.933003
-0.941747
-0.954746
-0.966006
-0.968307
-0.672816
-0.690971
-0.703541
-0.71202
-0.718444
-0.723965
-0.728894
-0.73309
-0.736462
-0.739444
-0.743027
-0.74937
-0.759487
-0.767409
-0.76702
-0.608471
-0.623307
-0.637135
-0.650625
-0.663273
-0.674518
-0.68387
-0.691165
-0.696667
-0.701194
-0.706066
-0.713158
-0.723561
-0.731624
-0.730433
-0.564472
-0.573561
-0.585344
-0.597158
-0.607912
-0.617556
-0.626198
-0.634016
-0.641271
-0.648459
-0.656488
-0.6666
-0.679331
-0.689184
-0.688226
-0.515707
-0.519881
-0.526708
-0.534167
-0.54187
-0.550295
-0.559613
-0.569818
-0.580799
-0.592558
-0.605448
-0.620101
-0.63642
-0.648891
-0.648632
-0.47242
-0.468033
-0.471032
-0.475712
-0.48223
-0.491285
-0.503068
-0.517484
-0.534199
-0.552831
-0.573338
-0.595567
-0.618201
-0.635175
-0.636494
-0.421665
-0.419065
-0.419743
-0.42186
-0.426601
-0.435236
-0.448497
-0.466776
-0.489605
-0.516401
-0.546984
-0.581378
-0.616887
-0.644914
-0.652256
-0.386669
-0.376108
-0.37247
-0.370389
-0.371527
-0.378047
-0.392007
-0.414933
-0.446037
-0.482976
-0.527594
-0.580434
-0.635381
-0.677843
-0.693024
-0.344891
-0.334092
-0.326371
-0.318545
-0.311875
-0.310207
-0.316258
-0.338716
-0.374853
-0.415627
-0.462026
-0.535462
-0.639383
-0.72572
-0.767166
-0.316011
-0.297598
-0.289414
-0.27632
-0.263904
-0.258195
-0.260886
-0.291057
-0.354992
-0.406004
-0.471333
-0.561122
-0.721548
-0.819011
-0.855688
-0.275247
-0.248702
-0.24405
-0.225898
-0.183544
-0.145176
-0.0733945
-0.0801209
-0.169694
-0.189657
-0.127757
-0.159513
-0.625043
-0.914451
-0.943531
-0.0122046
-0.00185036
0.132309
0.217598
0.264706
0.268736
0.223534
0.1246
-0.0230773
-0.20228
-0.384592
-0.539388
-0.640846
-0.677521
-0.65825
-1.70168
-1.69626
-1.65749
-1.62712
-1.5805
-1.51553
-1.42769
-1.318
-1.19244
-1.06189
-0.939439
-0.837098
-0.758399
-0.695913
-0.638253
-1.55357
-1.54473
-1.5244
-1.50473
-1.48285
-1.45837
-1.42391
-1.37386
-1.30347
-1.21078
-1.09854
-0.975675
-0.854393
-0.744441
-0.649868
-0.964758
-0.955585
-0.937942
-0.918945
-0.903582
-0.891828
-0.880606
-0.868458
-0.853588
-0.833847
-0.806634
-0.76981
-0.72267
-0.666332
-0.603952
-0.763626
-0.757278
-0.743114
-0.727108
-0.714368
-0.703589
-0.69249
-0.680119
-0.66603
-0.650325
-0.633075
-0.61387
-0.591509
-0.564194
-0.530522
-0.727135
-0.721674
-0.707419
-0.691142
-0.677691
-0.665691
-0.653184
-0.638894
-0.622006
-0.602269
-0.579827
-0.555183
-0.52895
-0.501797
-0.473532
-0.685029
-0.679445
-0.663489
-0.644942
-0.628533
-0.613462
-0.59843
-0.582566
-0.565373
-0.546567
-0.525956
-0.503487
-0.479307
-0.454476
-0.431699
-0.645755
-0.639943
-0.621757
-0.599862
-0.579037
-0.559168
-0.539605
-0.520043
-0.500469
-0.480966
-0.461562
-0.44223
-0.422774
-0.403566
-0.387121
-0.633709
-0.626591
-0.604129
-0.576216
-0.548183
-0.520956
-0.494641
-0.469376
-0.445513
-0.423299
-0.402899
-0.384385
-0.367485
-0.352037
-0.340295
-0.651689
-0.641177
-0.608933
-0.568659
-0.528352
-0.490228
-0.454932
-0.423076
-0.39452
-0.369546
-0.348355
-0.330758
-0.316211
-0.304095
-0.295956
-0.692012
-0.671528
-0.619614
-0.561692
-0.506717
-0.455122
-0.410304
-0.371428
-0.338478
-0.31204
-0.291744
-0.277156
-0.266622
-0.259247
-0.256436
-0.797641
-0.758365
-0.652034
-0.558073
-0.478964
-0.409241
-0.354748
-0.31511
-0.27873
-0.251324
-0.234172
-0.223968
-0.219019
-0.21747
-0.218723
-0.908284
-0.805209
-0.579527
-0.50464
-0.440298
-0.340788
-0.295289
-0.24851
-0.199308
-0.179637
-0.167646
-0.169185
-0.170402
-0.177309
-0.185079
-1.40326
-1.20595
-0.590077
-0.538615
-0.392531
-0.234568
-0.193196
-0.208257
-0.145633
-0.122309
-0.124834
-0.127139
-0.134974
-0.149852
-0.168865
-8.32517
-7.70427
-7.14787
-6.55564
-5.91143
-5.20863
-4.46532
-3.70752
-2.96639
-2.27775
-1.67479
-1.1813
-0.804581
-0.534578
-0.355394
-0.121762
-1.05214
-1.19637
-1.2352
-1.3093
-1.39419
-1.45766
-1.48728
-1.4739
-1.40905
-1.28974
-1.12311
-0.926645
-0.723818
-0.544719
-0.736873
-1.119
-0.963384
-0.932092
-0.962703
-0.990122
-1.00333
-1.00708
-1.00156
-0.983581
-0.948641
-0.891653
-0.808975
-0.701284
-0.584405
-2.13996
-2.15013
-1.89129
-1.821
-1.76178
-1.67987
-1.58177
-1.47415
-1.35782
-1.23433
-1.10681
-0.978862
-0.852868
-0.728862
-0.612969
-2.09255
-1.80246
-1.63111
-1.60792
-1.56231
-1.50078
-1.43191
-1.35653
-1.27248
-1.17924
-1.07724
-0.967921
-0.853754
-0.737358
-0.626382
-1.14268
-0.842454
-0.849921
-0.874525
-0.874949
-0.876823
-0.88063
-0.881081
-0.874574
-0.858998
-0.832258
-0.792507
-0.738739
-0.670963
-0.594397
-0.567372
-0.474085
-0.528528
-0.53583
-0.542873
-0.560418
-0.582727
-0.604581
-0.623488
-0.63721
-0.6432
-0.638831
-0.62174
-0.589838
-0.54372
-0.526094
-0.521561
-0.54005
-0.528562
-0.52857
-0.534446
-0.54325
-0.552977
-0.562324
-0.56959
-0.572933
-0.570356
-0.559808
-0.539069
-0.505777
-0.561477
-0.569126
-0.56532
-0.554906
-0.551742
-0.549012
-0.548248
-0.548887
-0.549801
-0.54967
-0.54725
-0.541172
-0.529947
-0.512015
-0.484801
-0.571034
-0.572527
-0.563315
-0.555492
-0.549873
-0.543789
-0.539522
-0.536585
-0.534042
-0.530924
-0.526301
-0.51911
-0.50815
-0.492227
-0.468622
-0.57356
-0.570396
-0.560738
-0.552062
-0.544419
-0.537429
-0.531569
-0.526537
-0.521784
-0.516637
-0.510373
-0.502166
-0.491043
-0.476023
-0.454662
-0.571218
-0.566358
-0.556926
-0.547168
-0.539153
-0.532409
-0.525869
-0.519752
-0.513765
-0.507359
-0.499927
-0.490814
-0.479273
-0.464578
-0.444889
-0.561518
-0.556561
-0.54768
-0.538113
-0.530874
-0.524706
-0.518109
-0.511792
-0.505529
-0.498816
-0.491112
-0.481849
-0.470412
-0.456237
-0.437809
-0.549068
-0.544618
-0.536477
-0.527717
-0.521177
-0.515308
-0.508895
-0.502735
-0.496574
-0.489956
-0.482404
-0.473387
-0.462334
-0.448721
-0.43111
-0.538825
-0.534878
-0.527316
-0.519074
-0.512349
-0.506241
-0.500097
-0.494147
-0.488124
-0.481648
-0.474299
-0.465577
-0.454932
-0.441857
-0.425073
-0.53119
-0.527494
-0.520207
-0.512017
-0.504623
-0.498192
-0.492395
-0.486595
-0.480672
-0.474331
-0.467193
-0.458798
-0.448654
-0.436308
-0.420645
-0.523862
-0.520257
-0.513141
-0.504962
-0.497295
-0.49095
-0.485499
-0.479776
-0.473943
-0.467746
-0.460831
-0.452772
-0.443124
-0.431496
-0.416781
-0.515389
-0.51191
-0.505075
-0.497167
-0.489804
-0.483897
-0.478761
-0.47315
-0.467476
-0.461481
-0.454822
-0.447101
-0.437896
-0.426829
-0.412854
-0.506434
-0.503191
-0.496777
-0.489361
-0.48256
-0.477066
-0.472111
-0.466666
-0.461212
-0.455466
-0.449105
-0.441756
-0.43301
-0.422505
-0.409273
-0.498241
-0.495286
-0.489319
-0.482423
-0.476074
-0.470607
-0.465604
-0.460421
-0.455252
-0.449802
-0.443779
-0.436839
-0.428592
-0.418698
-0.406287
-0.491872
-0.489151
-0.48353
-0.47698
-0.470773
-0.464942
-0.459739
-0.454849
-0.449907
-0.444701
-0.438979
-0.432412
-0.424631
-0.415304
-0.40367
-0.486615
-0.484031
-0.478632
-0.472255
-0.466027
-0.459888
-0.454636
-0.450027
-0.44523
-0.440205
-0.434722
-0.428464
-0.42107
-0.412206
-0.401208
-0.48177
-0.479269
-0.474038
-0.46778
-0.461568
-0.455404
-0.450304
-0.445903
-0.441177
-0.436284
-0.430988
-0.424985
-0.41792
-0.409448
-0.398907
-0.476757
-0.474342
-0.469299
-0.463218
-0.457169
-0.451247
-0.446427
-0.442197
-0.437554
-0.432803
-0.427693
-0.421931
-0.415188
-0.407107
-0.396796
-0.471909
-0.469613
-0.464799
-0.458976
-0.4532
-0.447619
-0.443028
-0.43888
-0.434339
-0.429741
-0.424822
-0.419311
-0.412898
-0.405304
-0.395594
-0.467607
-0.465457
-0.460896
-0.455378
-0.449913
-0.444627
-0.440059
-0.435872
-0.431484
-0.427059
-0.422334
-0.417062
-0.410945
-0.403738
-0.394524
-0.464364
-0.462356
-0.458028
-0.452788
-0.447562
-0.44241
-0.437622
-0.43329
-0.429089
-0.424817
-0.420263
-0.415208
-0.409361
-0.402502
-0.393829
-0.462008
-0.460111
-0.45597
-0.450939
-0.44585
-0.440706
-0.435656
-0.43123
-0.427223
-0.423059
-0.418639
-0.413757
-0.408127
-0.401513
-0.393058
-0.460264
-0.458443
-0.454443
-0.449551
-0.444523
-0.439349
-0.434164
-0.42976
-0.425907
-0.421802
-0.417482
-0.412741
-0.407296
-0.40093
-0.392854
-0.458658
-0.456891
-0.45301
-0.448231
-0.443263
-0.438118
-0.432981
-0.428717
-0.424995
-0.420945
-0.416727
-0.41212
-0.406851
-0.400709
-0.392946
-0.457107
-0.455395
-0.451634
-0.446977
-0.442104
-0.437065
-0.4321
-0.428021
-0.424406
-0.420426
-0.416327
-0.411878
-0.406829
-0.401012
-0.394131
-0.455535
-0.453887
-0.45026
-0.445754
-0.441033
-0.436176
-0.431449
-0.427546
-0.424013
-0.420131
-0.416162
-0.411866
-0.407002
-0.401339
-0.394749
-0.454251
-0.45268
-0.449199
-0.444871
-0.440336
-0.435689
-0.431184
-0.427346
-0.423821
-0.420058
-0.416218
-0.412058
-0.407341
-0.401767
-0.395467
-0.453546
-0.452056
-0.448722
-0.444578
-0.440239
-0.435785
-0.431431
-0.427511
-0.423927
-0.42032
-0.416618
-0.412604
-0.408054
-0.402609
-0.396354
-0.453611
-0.452198
-0.449
-0.445029
-0.440859
-0.436548
-0.432257
-0.428172
-0.42452
-0.421088
-0.417512
-0.41364
-0.409271
-0.404031
-0.397804
-0.454568
-0.453216
-0.450132
-0.446298
-0.442248
-0.438006
-0.433708
-0.429464
-0.425784
-0.422503
-0.419018
-0.415283
-0.411108
-0.406213
-0.400598
-0.456183
-0.454877
-0.451887
-0.448159
-0.444191
-0.439984
-0.435666
-0.431349
-0.4277
-0.424519
-0.421064
-0.417387
-0.413264
-0.408396
-0.402615
-0.458494
-0.457222
-0.454308
-0.450657
-0.44674
-0.442541
-0.438207
-0.43388
-0.430282
-0.427138
-0.423671
-0.420009
-0.415903
-0.411063
-0.405818
-0.461185
-0.459941
-0.457098
-0.453519
-0.449656
-0.445492
-0.441191
-0.436939
-0.433426
-0.43031
-0.426841
-0.423214
-0.419176
-0.414404
-0.409526
-0.464361
-0.463145
-0.460373
-0.456865
-0.453061
-0.448945
-0.444703
-0.440545
-0.437094
-0.433966
-0.430479
-0.426853
-0.422831
-0.418011
-0.412784
-0.467785
-0.466603
-0.463905
-0.460481
-0.456758
-0.452726
-0.448582
-0.444541
-0.441122
-0.437959
-0.434468
-0.430838
-0.426827
-0.42207
-0.416725
-0.471595
-0.470451
-0.467832
-0.464501
-0.460874
-0.456944
-0.452906
-0.448964
-0.445504
-0.442272
-0.438819
-0.435237
-0.431322
-0.426821
-0.422243
-0.475739
-0.474637
-0.472099
-0.468869
-0.465349
-0.461531
-0.457595
-0.453717
-0.450139
-0.446807
-0.443406
-0.439833
-0.435895
-0.431264
-0.426288
-0.480268
-0.479206
-0.476748
-0.473621
-0.470206
-0.466494
-0.462638
-0.458783
-0.455048
-0.45162
-0.448281
-0.444703
-0.440734
-0.435998
-0.431232
-0.485282
-0.48426
-0.481876
-0.478845
-0.475526
-0.4719
-0.468095
-0.464233
-0.460366
-0.456893
-0.453636
-0.450077
-0.446144
-0.441372
-0.436294
-0.490777
-0.489791
-0.487475
-0.484531
-0.481297
-0.477746
-0.47398
-0.470118
-0.466192
-0.462746
-0.459591
-0.456084
-0.452243
-0.447579
-0.442397
-0.496873
-0.495917
-0.493663
-0.490795
-0.48763
-0.484136
-0.480398
-0.47654
-0.472615
-0.469237
-0.466172
-0.462718
-0.458962
-0.454421
-0.44894
-0.503558
-0.502627
-0.500429
-0.497628
-0.494524
-0.491082
-0.487377
-0.483551
-0.479688
-0.476415
-0.473453
-0.470104
-0.466535
-0.462401
-0.457637
-0.510869
-0.509962
-0.507816
-0.505076
-0.502028
-0.498634
-0.494969
-0.491189
-0.487409
-0.484226
-0.481314
-0.477995
-0.47444
-0.470287
-0.464766
-0.518888
-0.518002
-0.515907
-0.513222
-0.510224
-0.506876
-0.503255
-0.499527
-0.495834
-0.492718
-0.48983
-0.486545
-0.483059
-0.479178
-0.475201
-0.527595
-0.526731
-0.524685
-0.522058
-0.519116
-0.515823
-0.512258
-0.50859
-0.504974
-0.501872
-0.498932
-0.495575
-0.491921
-0.487554
-0.481916
-0.537219
-0.536377
-0.53438
-0.531807
-0.528918
-0.525673
-0.522159
-0.518538
-0.514965
-0.511805
-0.508749
-0.505285
-0.50144
-0.496779
-0.491022
-0.547722
-0.546904
-0.544958
-0.542446
-0.539623
-0.536448
-0.533007
-0.529456
-0.525937
-0.522704
-0.519573
-0.516138
-0.512354
-0.507902
-0.502728
-0.559343
-0.558549
-0.556653
-0.554204
-0.551445
-0.548337
-0.544963
-0.541463
-0.537966
-0.534615
-0.531397
-0.528001
-0.524232
-0.51982
-0.514897
-0.571949
-0.571177
-0.56933
-0.566943
-0.564251
-0.561211
-0.557897
-0.554429
-0.550911
-0.54739
-0.544021
-0.54054
-0.536528
-0.531635
-0.525954
-0.585758
-0.585008
-0.583205
-0.580872
-0.578236
-0.575245
-0.571966
-0.568497
-0.564924
-0.561236
-0.557748
-0.554231
-0.550143
-0.545221
-0.541184
-0.600732
-0.600002
-0.598243
-0.595965
-0.593383
-0.590443
-0.587195
-0.583718
-0.580083
-0.576255
-0.572652
-0.569026
-0.564717
-0.559206
-0.55348
-0.617134
-0.616423
-0.614704
-0.612474
-0.609936
-0.607029
-0.60379
-0.60028
-0.596563
-0.592603
-0.588869
-0.585064
-0.580485
-0.574652
-0.568838
-0.635077
-0.634383
-0.632702
-0.630516
-0.628018
-0.625139
-0.621904
-0.618359
-0.614564
-0.610493
-0.60662
-0.602585
-0.597634
-0.591237
-0.583957
-0.654918
-0.65424
-0.652593
-0.650445
-0.647977
-0.645112
-0.641865
-0.638273
-0.634394
-0.630215
-0.626183
-0.621868
-0.616478
-0.609503
-0.601575
-0.676841
-0.676178
-0.674568
-0.672459
-0.670022
-0.667176
-0.663926
-0.6603
-0.656355
-0.652088
-0.647904
-0.643326
-0.637562
-0.630123
-0.622064
-0.701284
-0.700637
-0.699061
-0.696988
-0.694577
-0.691741
-0.688476
-0.684804
-0.680778
-0.676395
-0.672001
-0.667073
-0.66081
-0.652598
-0.643419
-0.72857
-0.727937
-0.726395
-0.724355
-0.721966
-0.719132
-0.715846
-0.712113
-0.707977
-0.703426
-0.698724
-0.693313
-0.686405
-0.677301
-0.667052
-0.759241
-0.758623
-0.757115
-0.755105
-0.752731
-0.749887
-0.746555
-0.742727
-0.738427
-0.733616
-0.728459
-0.722375
-0.71459
-0.704283
-0.692131
-0.793952
-0.793349
-0.791875
-0.789891
-0.787523
-0.784652
-0.781248
-0.777276
-0.772733
-0.767533
-0.761712
-0.754689
-0.745682
-0.733756
-0.719426
-0.83351
-0.832923
-0.831482
-0.82952
-0.827148
-0.82423
-0.820716
-0.816536
-0.81164
-0.805878
-0.79913
-0.790834
-0.780172
-0.766038
-0.749089
-0.879375
-0.878803
-0.877393
-0.875444
-0.873042
-0.870029
-0.866326
-0.861813
-0.856377
-0.849778
-0.841724
-0.831679
-0.818776
-0.801647
-0.781549
-0.932488
-0.931934
-0.930554
-0.928612
-0.926165
-0.923028
-0.91907
-0.914108
-0.90793
-0.900178
-0.890362
-0.877958
-0.862031
-0.840887
-0.816537
-0.997362
-0.996825
-0.995476
-0.993512
-0.990935
-0.987512
-0.983033
-0.977216
-0.96971
-0.960003
-0.947399
-0.931359
-0.91091
-0.884106
-0.853629
-1.07214
-1.07162
-1.07027
-1.06825
-1.0655
-1.06175
-1.05665
-1.04979
-1.04061
-1.02836
-1.01208
-0.991099
-0.964397
-0.929888
-0.890607
-1.18051
-1.18
-1.17868
-1.17645
-1.17307
-1.16808
-1.16091
-1.15086
-1.13707
-1.11854
-1.09413
-1.06331
-1.02545
-0.978979
-0.927643
-1.28081
-1.28027
-1.27872
-1.27617
-1.27239
-1.26673
-1.25835
-1.2462
-1.22892
-1.20502
-1.17294
-1.1321
-1.08229
-1.0229
-0.957372
-1.56245
-1.56225
-1.56037
-1.55575
-1.54665
-1.53165
-1.50895
-1.47669
-1.43321
-1.37768
-1.31049
-1.23416
-1.15222
-1.06749
-0.984891
-1.54477
-1.54333
-1.54389
-1.53802
-1.52783
-1.5128
-1.49134
-1.46134
-1.42073
-1.36806
-1.30312
-1.22814
-1.14668
-1.06208
-0.978968
-3.03229
-3.10922
-3.04915
-2.96684
-2.86327
-2.72845
-2.55562
-2.34556
-2.10587
-1.85145
-1.60263
-1.38118
-1.20172
-1.06443
-0.961426
15.1789
14.5478
13.7409
12.9591
12.1192
11.1925
10.1982
9.16953
8.14211
7.15629
6.25157
5.45943
4.79492
4.25397
3.83057
6.61592
5.76912
5.80266
5.91444
5.95726
5.95545
5.92648
5.85872
5.73583
5.54662
5.28788
4.96743
4.60449
4.22496
3.86702
4.53486
4.21028
4.42427
4.48687
4.49115
4.49516
4.50089
4.49659
4.4758
4.43383
4.36426
4.25927
4.11215
3.92052
3.70064
3.85988
3.84871
4.07447
4.09889
4.10913
4.12752
4.14272
4.14446
4.12871
4.09224
4.0324
3.94746
3.83609
3.69599
3.53306
3.21182
3.4954
3.64448
3.6507
3.67605
3.70901
3.73925
3.7626
3.77619
3.77476
3.75244
3.7042
3.62706
3.51958
3.38674
3.36031
3.66499
3.65552
3.63266
3.63222
3.62763
3.61714
3.60355
3.58713
3.56557
3.53547
3.49236
3.43139
3.34768
3.24054
3.55927
3.65743
3.60154
3.59403
3.58592
3.56534
3.53704
3.50454
3.46818
3.42745
3.38148
3.32863
3.2663
3.19062
3.0972
3.34422
3.35122
3.33176
3.34262
3.34063
3.33079
3.31555
3.2957
3.27083
3.24044
3.20364
3.15918
3.10546
3.04056
2.9606
3.06026
3.05412
3.05806
3.06838
3.07014
3.07014
3.06649
3.05883
3.04698
3.0305
3.00836
2.97907
2.94092
2.89266
2.83404
2.83726
2.8364
2.84555
2.8526
2.85668
2.86069
2.8616
2.85921
2.85352
2.84418
2.83038
2.81087
2.78402
2.74834
2.70418
2.65489
2.65806
2.66724
2.67464
2.68078
2.68609
2.68902
2.68949
2.68732
2.68216
2.6733
2.6597
2.63991
2.61227
2.57766
2.49625
2.50103
2.51015
2.51916
2.5263
2.53174
2.53583
2.53816
2.53842
2.53627
2.53115
2.52213
2.50788
2.48671
2.46003
2.36046
2.36554
2.37446
2.38391
2.39075
2.39591
2.40055
2.40385
2.4055
2.40527
2.40273
2.39714
2.38745
2.3721
2.35315
2.24355
2.24827
2.25658
2.26538
2.27144
2.27628
2.2811
2.28476
2.28708
2.28791
2.2869
2.28349
2.27679
2.26528
2.25026
2.13827
2.14241
2.15001
2.15803
2.1638
2.16871
2.17351
2.1773
2.17997
2.18142
2.18136
2.17929
2.17447
2.1655
2.15311
2.04002
2.04376
2.05091
2.05865
2.06499
2.07034
2.07503
2.07888
2.08185
2.08379
2.08449
2.08356
2.08041
2.07404
2.06594
1.94845
1.95203
1.95902
1.96684
1.97386
1.97952
1.98402
1.98801
1.99127
1.99364
1.99497
1.99496
1.99311
1.98849
1.98299
1.86469
1.86821
1.87505
1.88284
1.88997
1.89548
1.89978
1.90389
1.90733
1.90998
1.91174
1.91233
1.91133
1.90774
1.90327
1.78837
1.79174
1.79827
1.80575
1.81251
1.81761
1.82173
1.82589
1.8294
1.83222
1.83426
1.83532
1.83504
1.83256
1.82975
1.71787
1.72099
1.7271
1.73408
1.7403
1.74509
1.74917
1.75329
1.7568
1.7597
1.76195
1.76337
1.76371
1.76217
1.76074
1.65105
1.65389
1.65958
1.6661
1.67197
1.6769
1.68117
1.68518
1.68865
1.69159
1.69398
1.69569
1.6965
1.69571
1.69525
1.58685
1.58948
1.59487
1.60111
1.60693
1.61232
1.61685
1.62071
1.62414
1.62714
1.62964
1.63154
1.63272
1.63248
1.63256
1.52545
1.52797
1.53318
1.5393
1.54521
1.55093
1.55557
1.55927
1.56275
1.56581
1.56842
1.57049
1.57192
1.5721
1.57241
1.46741
1.46986
1.47493
1.48097
1.48688
1.49263
1.49715
1.50074
1.50428
1.5074
1.5101
1.51231
1.51394
1.51451
1.51545
1.41276
1.41513
1.42003
1.42591
1.43168
1.43722
1.44151
1.44502
1.4486
1.45177
1.45455
1.4569
1.45875
1.45968
1.46219
1.36109
1.36335
1.36803
1.37366
1.37917
1.38438
1.38846
1.39195
1.39552
1.39869
1.40153
1.404
1.40608
1.40731
1.41039
1.31151
1.31362
1.31805
1.32339
1.3286
1.33353
1.33762
1.34118
1.34469
1.34782
1.35065
1.35315
1.35532
1.35661
1.35977
1.26334
1.26531
1.26951
1.27457
1.27955
1.28435
1.28866
1.2924
1.29579
1.29886
1.30167
1.3042
1.30647
1.30795
1.31155
1.21631
1.21817
1.22219
1.22705
1.2319
1.23672
1.24133
1.2452
1.24846
1.25152
1.25435
1.25693
1.25933
1.26102
1.26481
1.17058
1.17237
1.17626
1.18099
1.18579
1.19066
1.19544
1.19934
1.20249
1.20556
1.2084
1.21101
1.21348
1.2153
1.21885
1.12627
1.128
1.13179
1.13642
1.14119
1.14607
1.15086
1.15467
1.15774
1.16083
1.16366
1.16625
1.16867
1.1703
1.17257
1.0835
1.08519
1.08887
1.09341
1.09811
1.10292
1.10758
1.11125
1.11427
1.11737
1.1202
1.12282
1.12532
1.12721
1.12849
1.04217
1.04381
1.04737
1.05178
1.05636
1.06104
1.06551
1.06904
1.07205
1.07518
1.07805
1.08076
1.08342
1.08582
1.08721
1.002
1.00356
1.00699
1.01124
1.01567
1.02016
1.02443
1.0279
1.03093
1.03405
1.03691
1.03964
1.04233
1.04499
1.04535
0.962535
0.964023
0.96731
0.97139
0.97563
0.979943
0.984064
0.987599
0.990713
0.993748
0.996553
0.999219
1.0018
1.00455
1.00482
0.923553
0.924965
0.928119
0.932033
0.936107
0.940279
0.944336
0.948058
0.951292
0.954228
0.956993
0.959648
0.962192
0.96506
0.966466
0.884983
0.886332
0.889371
0.893144
0.897094
0.901188
0.905261
0.909191
0.912517
0.915356
0.91811
0.920764
0.923304
0.926114
0.927242
0.846855
0.848155
0.851101
0.854765
0.858632
0.862698
0.866814
0.870879
0.874227
0.876989
0.879749
0.882392
0.884903
0.887605
0.888565
0.809219
0.810482
0.813352
0.816935
0.820751
0.824811
0.828962
0.833071
0.836393
0.839123
0.841924
0.844606
0.847201
0.85006
0.850838
0.772189
0.773423
0.776225
0.779738
0.783509
0.787551
0.791697
0.795769
0.79903
0.801753
0.804608
0.807347
0.810044
0.813192
0.81398
0.735712
0.736917
0.73965
0.743094
0.746811
0.75081
0.754907
0.758887
0.762072
0.764796
0.767689
0.770464
0.773195
0.776453
0.777608
0.69976
0.700932
0.70359
0.706951
0.710591
0.714509
0.718512
0.722362
0.725471
0.728196
0.731098
0.733885
0.736612
0.739817
0.740992
0.664115
0.665248
0.667827
0.671097
0.674644
0.678462
0.682353
0.686079
0.689168
0.69193
0.694835
0.697647
0.700438
0.703747
0.704659
0.62867
0.629761
0.632257
0.635424
0.638863
0.642563
0.646335
0.64996
0.653108
0.655954
0.658848
0.661693
0.664579
0.66815
0.669396
0.593189
0.594237
0.596651
0.599714
0.603042
0.606626
0.610295
0.613866
0.617143
0.620088
0.622932
0.625775
0.628656
0.632299
0.634015
0.557548
0.558555
0.560892
0.563856
0.56708
0.570564
0.574161
0.57772
0.581148
0.584172
0.586939
0.589765
0.592594
0.596085
0.598026
0.521684
0.522655
0.524924
0.5278
0.530937
0.534347
0.537907
0.54149
0.545051
0.548126
0.550844
0.553703
0.556579
0.560096
0.562166
0.48553
0.486473
0.488682
0.491487
0.49456
0.497925
0.501481
0.505109
0.508766
0.511874
0.514592
0.517538
0.520561
0.524315
0.526885
0.449057
0.449976
0.452133
0.454878
0.457901
0.461237
0.464798
0.468461
0.472162
0.475276
0.478013
0.481044
0.484172
0.488107
0.490722
0.412195
0.413094
0.415205
0.417899
0.420881
0.424195
0.427758
0.431437
0.435132
0.438227
0.440986
0.444075
0.447282
0.451588
0.455705
0.374917
0.375797
0.377862
0.380507
0.383449
0.386736
0.390284
0.39395
0.397601
0.400657
0.403421
0.406529
0.409656
0.41353
0.419788
0.337214
0.338075
0.340095
0.34269
0.34559
0.348841
0.352359
0.355993
0.359587
0.36262
0.365426
0.368617
0.371894
0.375547
0.383064
0.299036
0.299876
0.301848
0.30439
0.307241
0.310447
0.313921
0.317509
0.321046
0.324083
0.326956
0.330224
0.333681
0.337138
0.344363
0.260262
0.261079
0.263001
0.265485
0.268278
0.271427
0.274845
0.278381
0.281873
0.284967
0.287961
0.291347
0.295111
0.298981
0.307104
0.220692
0.221484
0.223354
0.225777
0.228509
0.231594
0.234947
0.238427
0.241886
0.245079
0.248204
0.25165
0.255543
0.259435
0.267275
0.18016
0.180927
0.182746
0.185104
0.187769
0.190783
0.194069
0.197496
0.200944
0.204275
0.207539
0.211027
0.215053
0.219078
0.22646
0.13847
0.139212
0.140982
0.143279
0.145881
0.148833
0.152066
0.155471
0.158954
0.162474
0.165919
0.169516
0.173784
0.178259
0.185828
0.0955254
0.0962433
0.0979649
0.100202
0.102742
0.105636
0.10883
0.112237
0.115793
0.119526
0.123183
0.12698
0.131626
0.136807
0.145314
0.0509487
0.0516449
0.0533232
0.0555081
0.0579995
0.0608547
0.064035
0.067476
0.0711361
0.0750767
0.0789461
0.0829822
0.0880255
0.0938348
0.103082
0.00448894
0.00516531
0.00680225
0.00893794
0.0113851
0.0142085
0.017386
0.0208735
0.024643
0.0287652
0.0328341
0.0371373
0.0425997
0.0490491
0.0594494
-0.0442591
-0.0436009
-0.042002
-0.039909
-0.0374953
-0.0346886
-0.031495
-0.0279423
-0.0240494
-0.0197506
-0.0154596
-0.0108234
-0.00486049
0.00227378
0.0142045
-0.0956302
-0.0949888
-0.0934274
-0.0913736
-0.0889885
-0.0861893
-0.0829689
-0.0793382
-0.0753097
-0.0708224
-0.0662633
-0.0612079
-0.0546295
-0.0467493
-0.0330364
-0.150129
-0.149504
-0.147978
-0.145959
-0.143593
-0.140789
-0.137524
-0.133795
-0.129604
-0.124889
-0.119982
-0.114387
-0.107027
-0.0982818
-0.0827384
-0.208366
-0.207757
-0.206266
-0.204277
-0.201923
-0.199099
-0.195769
-0.191911
-0.18751
-0.182491
-0.17711
-0.170794
-0.162396
-0.152446
-0.135271
-0.271115
-0.270523
-0.269068
-0.267109
-0.264757
-0.2619
-0.258477
-0.254444
-0.249756
-0.244303
-0.238236
-0.230896
-0.221009
-0.209032
-0.188863
-0.339438
-0.338862
-0.337443
-0.335506
-0.333144
-0.330224
-0.326665
-0.322386
-0.317299
-0.311239
-0.304223
-0.295512
-0.283732
-0.269277
-0.245996
-0.414891
-0.414334
-0.412952
-0.411034
-0.408645
-0.40563
-0.401871
-0.397241
-0.391586
-0.384658
-0.376311
-0.365738
-0.351476
-0.3338
-0.306588
-0.498993
-0.498455
-0.497106
-0.495191
-0.492744
-0.489577
-0.485524
-0.480389
-0.473925
-0.46576
-0.455532
-0.442359
-0.424671
-0.40255
-0.369831
-0.596257
-0.595736
-0.594422
-0.592483
-0.589899
-0.586427
-0.581821
-0.575777
-0.567905
-0.557658
-0.544417
-0.527242
-0.504504
-0.476115
-0.436142
-0.705711
-0.705203
-0.703885
-0.701871
-0.699088
-0.695219
-0.689906
-0.682686
-0.672958
-0.659908
-0.642566
-0.619879
-0.590138
-0.553041
-0.500685
-0.850926
-0.850428
-0.849141
-0.8469
-0.843441
-0.838263
-0.830768
-0.820195
-0.80562
-0.785926
-0.759916
-0.726724
-0.685111
-0.635911
-0.570314
-0.992073
-0.991564
-0.990033
-0.987448
-0.98352
-0.977533
-0.968608
-0.955593
-0.937055
-0.911329
-0.876738
-0.832451
-0.777666
-0.714868
-0.636903
-1.31778
-1.31753
-1.3156
-1.31081
-1.30137
-1.28573
-1.26204
-1.22827
-1.18264
-1.12412
-1.05295
-0.97154
-0.882631
-0.791834
-0.696807
-1.35418
-1.35287
-1.35351
-1.34744
-1.33672
-1.32064
-1.29742
-1.26471
-1.22026
-1.16237
-1.09069
-1.00743
-0.915418
-0.819905
-0.724439
-2.90158
-2.97811
-2.91754
-2.83431
-2.72868
-2.59026
-2.41208
-2.19485
-1.94646
-1.68227
-1.42317
-1.19173
-1.00137
-0.851272
-0.732602
0.296864
1.19954
-0.385262
-0.0916847
0.0634742
-0.566403
0.115104
1.91026
0.50115
0.317149
0.0995292
1.21887
0.451474
-0.120107
-0.0213463
1.46225
-0.192683
-2.20248
-0.331589
0.260226
1.15611
0.474101
1.51955
0.800898
0.718575
2.33187
1.86998
-0.0237702
1.15958
-0.197111
-6.73406
0.326739
-0.562974
-0.289902
1.70684
1.40378
0.44202
-0.900344
0.82933
1.94488
0.865054
-0.375983
0.706419
1.01209
0.723321
0.197054
0.707307
0.545379
-0.418558
1.77542
0.984142
0.12493
-0.0127226
2.6783
0.852618
3.47139
0.643831
-0.792979
0.676185
0.720074
1.68204
-1.18094
0.264137
-0.269433
1.46515
1.35159
0.119567
4.73182
0.35763
1.99347
1.17775
0.500985
0.29138
-0.387922
1.00907
0.336125
0.430736
1.00864
-0.350141
1.74247
1.40105
0.66372
0.676288
-0.193804
3.43232
0.0710457
0.839915
0.411777
-0.356691
2.14688
0.443583
0.455877
-0.160355
1.06683
0.0474817
0.985312
0.488442
1.50249
0.0416318
0.675482
1.87875
1.15748
1.12273
0.398855
-0.33461
-0.183173
0.907389
0.211994
0.519116
0.654174
1.11868
-0.222747
0.11873
0.534907
0.886149
1.60918
0.475644
0.323374
0.183925
0.558973
1.58208
-0.047105
-0.366597
0.985582
1.53147
1.21703
2.69178
0.0129994
-0.354995
1.39084
-0.411919
0.631747
1.10042
-0.135668
0.812914
-3.16928
1.66429
0.0169098
1.10607
0.68604
1.9443
0.808216
0.853853
0.616188
0.479653
2.20647
0.504784
0.177538
-0.51099
0.212197
-0.605333
-0.0272527
1.77044
-0.0324365
1.51443
0.392841
1.36514
0.360407
0.255009
0.773205
0.659289
1.34314
0.667733
0.618496
0.378899
0.471237
3.44649
0.276194
0.364863
1.63537
-0.0375931
1.7069
0.612239
-0.771658
1.5485
0.272047
1.29519
-3.56194
0.470556
0.617301
0.537887
2.69198
2.19789
3.45692
-0.117481
0.186135
0.292102
0.560987
0.218845
0.560451
0.86686
0.585454
0.554288
0.702194
0.657666
1.99063
1.17654
0.547995
-0.26577
1.75269
5.66336
-0.330409
0.960712
0.681203
2.13595
0.845718
0.379281
0.648218
-0.420041
0.305378
0.0976254
0.806577
0.58938
2.30991
0.504499
1.3098
-0.35276
1.81901
-0.0206072
-0.4187
0.723518
-0.114812
1.47794
-0.281686
2.19266
1.53388
0.135768
1.73234
0.34528
0.616353
-0.377625
1.12579
0.716766
2.78782
-0.374754
0.891236
1.22939
3.01339
0.196825
1.44332
0.392994
0.447442
10.0907
0.428415
-0.416175
-0.428821
0.582344
0.281503
-0.392588
0.367795
0.0928267
6.00921
1.24131
1.16415
0.68975
1.41857
0.834046
-0.862068
0.637842
-0.313106
1.55516
0.0975071
-0.730287
0.121949
0.871497
1.85283
-0.37701
0.649932
1.28057
0.646029
-0.370578
0.375257
2.96059
0.775533
1.01386
1.43828
0.56214
-4.50185
0.453507
0.206082
-0.280302
0.563172
0.59883
0.00147123
1.59383
0.108338
2.41737
0.734736
-1.15166
-0.415771
0.351559
-0.350312
0.828579
6.09582
0.632218
-0.165077
0.857263
0.149196
1.40236
-3.77758
0.584242
0.647759
0.272344
0.249531
0.88202
1.12577
0.394469
-0.260303
1.1535
-0.752504
0.729681
-0.188313
0.690474
-0.578693
-0.035029
-0.229892
1.58542
0.302268
-0.126225
0.540331
1.21314
0.684386
6.19199
0.302981
0.0289723
0.164804
0.198571
1.0304
1.19887
-0.392928
0.739217
-0.76552
0.576391
1.50228
4.31473
-0.422618
2.40636
2.36869
4.02852
-0.108201
1.77356
0.582358
1.78529
0.567749
0.545448
-0.281693
0.439258
0.76206
1.1746
-0.376914
0.915578
-0.0842517
0.843518
0.360274
0.355686
0.258349
-0.352888
2.03803
1.04704
2.94189
0.645837
-0.201511
-0.307937
0.336128
-0.273792
0.816368
0.70492
-0.684989
-0.358767
1.96091
1.70736
-0.393477
1.8113
-0.55843
0.474303
3.27996
0.295322
-0.524862
0.227068
-0.135949
0.920338
0.00931839
0.225407
0.830342
0.69752
0.185388
0.51697
0.473991
1.47679
7.46473
0.295939
0.784059
1.53785
1.23461
-0.280912
-0.662756
0.505715
0.501181
1.72139
1.77446
0.507587
-1.04323
0.648567
0.773956
-0.317891
0.919702
-0.183757
0.561979
0.526141
0.599713
0.309769
2.01883
0.570982
0.317971
0.008401
0.833385
-0.0862404
1.02454
0.985875
0.634143
0.836799
0.532055
0.892216
1.44715
1.20308
0.243535
1.24073
-0.672842
-0.460954
0.388806
0.188071
2.27393
-0.656233
0.494484
0.773586
-0.262785
-0.297595
0.683757
0.337555
-0.391724
0.398586
0.804304
0.411992
0.774707
-0.322883
1.70835
-0.0960446
0.956218
8.08358
0.496872
0.391927
-0.338815
0.465042
0.272835
0.0200984
1.44536
2.95144
0.939484
0.724656
0.395262
1.56425
-0.452245
-0.39476
0.877662
0.20892
1.26414
1.49047
0.0243662
0.592056
0.468011
0.373728
-0.384774
1.35124
1.04315
0.503918
0.72194
-0.474323
0.269858
0.437477
0.466346
2.29123
0.514618
0.394646
2.33291
0.468594
0.352328
0.125455
0.92645
0.391632
0.482183
-0.205527
1.47525
-0.481679
0.409044
0.262923
0.26762
-0.224316
0.920473
0.607389
0.644245
-0.134753
0.409132
1.01965
1.0493
0.762798
-0.342458
0.307051
0.62346
2.13785
1.24084
2.28742
0.520998
0.510505
0.753517
-0.167553
2.58173
0.482436
0.875441
0.767954
-0.329903
0.598526
0.709318
-0.113082
2.05376
0.470053
0.693049
0.509538
0.666592
-0.123733
1.04716
0.154804
1.07716
-0.428392
0.22216
1.85867
1.26283
1.50779
0.77584
-0.157627
1.55766
0.529585
0.436847
-0.00279127
1.19425
0.395339
0.289167
1.3302
0.72764
1.18565
-0.32377
1.35685
0.305575
2.07862
1.49153
0.258378
-0.289498
2.18457
0.747297
0.308468
0.347351
-0.3191
0.703117
0.623827
2.05427
1.13913
0.497561
-0.652542
0.126775
0.748486
1.43777
0.36891
-0.319891
-0.207073
0.722797
-0.272873
0.749073
0.104683
0.0143447
-0.282656
1.4083
0.858124
1.06228
1.46118
-0.0229243
-0.269819
1.61114
0.874335
1.35702
-0.449057
0.448409
-0.695346
-8.65555
0.479186
0.401399
0.0615108
14.0635
-0.390251
2.00224
1.04592
-0.144141
0.493277
0.520102
-2.30584
0.711036
0.727762
1.09858
0.677007
0.833391
0.303472
2.13429
-0.62416
0.777983
1.05656
0.0717973
0.697447
6.61266
0.0741
0.889816
-0.173721
0.851169
0.401382
1.85457
-0.17847
0.407011
1.62088
0.715187
3.51647
0.397542
1.05702
1.3444
0.529687
0.262361
0.69679
0.319808
1.56408
0.363502
0.733577
-0.0861149
3.15038
0.375003
-0.542591
0.144283
-1.42789
-0.312302
0.776038
0.608214
0.468917
1.5724
0.822437
2.00228
0.490989
0.72461
0.345242
0.684024
0.498019
2.55682
0.383309
0.887964
0.308936
0.488053
0.652688
0.463347
1.10295
-0.293771
1.52293
-0.329287
0.413093
0.941502
0.599387
0.111336
0.0125949
-0.349982
2.34238
0.528508
0.174466
0.471582
0.190219
0.514529
2.04947
7.00499
-0.482606
2.97491
0.519051
0.896239
-0.357408
0.773448
1.0764
1.35568
1.1474
0.878438
1.24659
3.65788
-0.300732
1.45263
-0.287677
2.34352
0.404077
-0.207964
1.61488
-8.46411
0.275428
0.308963
-0.259068
0.708509
-0.319125
7.70764
0.294915
0.664742
1.01948
0.0282051
0.534573
-0.244143
-0.606073
3.77458
-0.378146
0.470816
0.64729
0.129205
-0.394244
-2.06152
-0.359683
0.307285
-0.568445
0.438162
7.8193
1.0743
0.383409
2.82769
-3.23804
0.145378
0.798118
0.504161
1.10964
0.476759
0.498673
-0.448066
0.509448
-0.423702
0.618819
-0.31705
1.49
-0.24504
1.39973
0.496104
0.0222417
1.45046
-6.44726
0.272228
-0.499151
-0.734578
0.267666
0.748925
-0.302644
2.65943
1.35127
0.169688
-0.241097
0.542363
1.28805
1.61634
0.584632
0.436225
0.542087
0.386752
0.780732
0.466081
0.512226
0.448041
0.259549
-0.494169
-2.05608
-0.374326
1.84439
-0.419465
0.755611
-2.34309
-0.0773698
0.00871187
1.90715
0.513262
0.16721
-0.247965
1.66673
2.03214
0.679328
-0.582571
0.460513
0.0983808
3.83777
0.783296
-0.383606
0.307884
0.178029
1.67752
1.9711
0.149814
0.25346
-0.278582
0.54268
0.667846
-0.388785
1.62421
0.850039
-0.357379
3.50705
0.981406
-0.311835
1.31541
0.482669
0.63283
1.33329
0.238555
-0.21329
0.558774
-0.222225
0.0779066
0.596637
0.740247
1.03941
0.561879
-0.578299
-0.335019
0.612167
0.376516
-0.635382
-0.0839401
2.39859
0.978087
-0.396371
1.88254
0.866601
1.87526
1.596
0.371014
0.0222827
1.54035
1.88038
0.607861
-0.196921
0.368925
0.350501
1.84233
3.2609
-0.00835446
-0.449535
0.414974
-0.542048
0.0526568
0.323156
-0.39185
0.487116
1.1814
0.403382
1.4501
1.10152
0.236629
-0.198941
0.374367
1.84621
0.97039
0.292066
1.6377
-0.727637
0.652771
0.432643
2.21415
0.430947
0.51937
0.450803
-0.308804
-0.417746
0.135585
0.356525
-0.370165
0.61182
1.23928
1.89368
0.227082
-0.137668
1.63057
0.445381
0.391939
2.67342
1.172
0.510391
0.607677
0.7979
1.33224
-0.240636
1.49663
0.957141
0.0663765
0.882479
0.302729
0.349837
0.478718
-0.423979
0.679349
0.0304578
-0.360019
0.263466
-4.58098
1.71373
1.14262
1.49321
0.488486
1.51539
0.782243
-0.752529
1.77149
0.603851
0.202007
1.50354
0.900321
0.389255
0.420077
0.512791
0.903245
1.41979
0.998418
0.384718
0.757395
-0.0113149
0.495566
0.0304047
1.24641
0.330034
-0.248374
-0.410672
0.435549
1.6438
0.401138
0.150862
-2.93728
0.6294
2.62044
-0.579957
0.000622505
-0.0185742
0.652289
0.380508
0.5661
0.420229
-0.165744
0.392349
0.71456
0.148184
0.562805
1.09979
-0.0299828
-0.333908
-0.40258
0.854817
1.11021
0.0662928
0.550268
2.66776
0.642445
-0.0670744
2.05712
0.34202
1.79262
1.20848
0.596557
0.176226
-0.114009
0.986266
0.354699
1.91491
0.782627
1.22021
0.864467
1.02703
0.614509
-0.210594
0.473062
0.318059
0.0552526
0.459051
2.5688
-0.400789
-0.374262
1.20099
-0.107742
0.405467
0.147976
0.0056642
-0.337699
1.23616
0.393968
0.442847
2.14671
0.599612
1.03663
-0.303559
0.370346
22.1466
0.107289
0.367392
1.1766
-0.298491
1.82464
0.259567
0.788937
0.395607
0.504952
0.302532
1.06983
0.0850507
0.501636
0.847141
1.43997
0.742922
0.13288
-0.435332
3.00927
0.520974
-8.34696
0.322565
-0.0172213
0.582738
-0.693599
0.455376
1.19669
0.0190407
1.34554
-0.292401
0.350932
2.46366
0.875445
0.24033
0.350585
0.423448
1.97694
0.515272
0.529183
1.97927
0.627265
2.75935
0.759539
0.399764
0.828108
-0.152085
-0.436611
0.418183
0.120313
2.35643
1.33541
0.335907
0.909754
-0.277516
0.533185
0.856894
-0.395166
2.01388
1.485
-0.20324
0.115051
0.563952
1.54066
0.345204
0.348997
0.483428
0.675087
0.326702
2.3582
0.480144
-0.667144
0.733431
0.397776
0.510112
0.0238773
0.244773
-0.081362
1.53848
-0.479515
-0.318285
1.16501
0.454276
-0.216017
2.72573
1.66541
0.975485
-0.10096
1.70185
-0.0891697
1.47224
0.0903667
-0.198243
1.36536
0.644446
-0.157475
0.784842
0.174508
0.376318
0.933318
0.896155
-0.290728
1.02275
0.349748
0.847795
0.695758
-0.333941
1.32088
0.818633
35.5673
0.920749
1.51925
-0.665
-0.112201
-0.185986
-0.374843
1.00097
-0.370893
0.54847
1.19354
0.382228
0.486454
0.274727
4.25748
-0.211502
0.892537
0.868594
0.655082
2.18599
0.81345
1.3377
-0.348711
0.943144
0.799374
0.509255
1.01349
0.87198
-0.0256607
1.63891
0.747895
-0.122103
0.298026
1.98289
-0.525697
-0.383411
1.45265
0.213718
0.489859
0.266044
0.351188
0.775122
0.425303
0.748454
0.243648
2.10766
0.649353
-0.317807
0.984333
0.24408
1.1514
0.264993
0.0857278
0.734268
2.06456
0.389917
0.301268
-5.48092
1.3428
0.31894
0.749317
-0.587117
0.202877
1.76738
-0.400935
0.806002
-0.385905
-0.304972
0.900056
3.99259
-0.0235102
-0.274037
0.941688
1.31925
2.20199
-0.558758
-1.13535
-0.246157
0.798114
0.172881
0.665419
-0.207842
0.353595
0.704751
-0.402728
0.122744
0.0660063
2.00701
0.846984
-0.226811
0.339475
0.232714
-0.359099
0.539826
1.05275
-0.14946
-0.000443001
0.504828
-0.363961
1.31118
1.43834
-0.0527869
2.41917
0.48797
-0.482695
0.194719
0.0344466
1.23688
0.499713
-0.290125
1.90691
0.718769
0.346036
0.425268
0.460957
0.349096
0.358704
0.409784
0.0559503
-0.415231
-0.2431
1.33109
0.555666
-0.396489
0.657358
-0.148629
2.71756
0.654119
-0.482645
0.35278
0.370458
0.431985
1.07432
0.226961
3.00141
0.118713
0.33949
0.457426
0.531805
0.930996
1.02624
0.606286
2.10811
0.925979
-0.262857
2.41155
0.765181
-0.164896
0.446332
0.335627
0.641455
-0.343974
0.250929
0.131335
1.6617
-0.214126
0.802374
-7.21624
0.724234
0.252436
1.67133
0.76479
0.712004
-0.0344884
0.540093
0.702937
-0.228799
0.390756
0.378983
-0.398418
0.398918
0.916986
0.533208
0.729216
-0.352323
0.684079
0.893729
0.640689
0.81187
1.33291
0.978769
1.76976
1.71412
0.618918
-0.210481
1.12216
-0.162826
1.22493
0.227021
0.434476
0.88741
-0.119135
0.362146
0.675799
-0.341939
0.815485
-0.187301
2.12344
0.164818
0.84792
2.05353
0.774496
0.0844682
-0.0152507
2.28189
0.0151833
-0.413212
2.87296
0.643083
-0.383347
-0.353764
1.18267
1.24599
-0.249934
1.30429
0.4961
0.956966
-0.100116
0.484196
0.520844
0.839917
-0.213008
3.21108
0.843221
0.288963
0.674183
-0.377113
1.07978
0.325919
1.56788
0.738919
0.193583
0.37763
-0.0718552
2.68234
0.814195
-0.331019
-0.402687
-0.375729
0.40515
0.0266865
3.15856
0.81359
-0.191022
0.466714
0.386931
1.28659
0.368627
1.05644
0.559899
0.487713
-0.442844
0.453664
0.337763
0.186186
-0.151639
1.70965
1.22031
0.0665373
1.61497
0.834894
1.01436
0.140169
-0.1594
0.36113
2.24793
1.64362
-0.0207507
1.38106
0.808111
0.206745
0.845388
0.565752
-0.452842
-0.289136
0.220436
0.168451
1.33195
-0.199829
0.391359
1.35893
0.461128
0.742786
0.393307
-0.54301
0.188009
0.550991
0.370378
1.45753
-0.0389473
0.58055
0.78597
0.477355
1.63833
0.3746
2.08419
1.30151
0.472928
2.82926
-0.283985
0.263516
-0.251696
-0.493509
0.0836104
0.805497
0.701069
0.0115848
1.72229
0.134088
1.27226
4.25232
0.755382
1.54717
0.701927
0.442517
2.38379
0.934336
0.733057
0.102458
0.0697029
0.165868
-0.316583
0.491464
0.752466
-0.510301
1.70459
-0.74732
0.688638
0.215605
1.11
0.277124
-0.0327456
0.546734
0.199407
0.42934
0.898507
0.841016
0.337081
-0.70223
0.745861
0.460811
2.05837
-12.7301
11.1914
0.728172
0.144099
0.850401
0.361069
0.542766
0.476761
1.0471
0.432648
-0.436603
-0.174908
0.986509
0.949106
-0.386989
2.39105
-0.302715
0.828053
-0.294633
-0.0501591
0.166423
1.61673
0.350777
1.23537
0.730579
-0.377294
1.12349
-0.231983
1.55046
0.681741
-25.5922
-0.681251
0.173171
0.337736
1.61764
-15.4196
0.800058
0.327844
-0.0838483
-0.401466
0.617455
0.960218
0.752873
1.33619
0.233833
0.363504
-0.0221823
0.555571
0.810525
0.638074
0.332443
-0.218829
-2.95262
0.447507
0.487833
0.800302
-0.337816
0.540596
2.06902
0.795806
0.747337
0.474294
-0.520878
0.252465
1.10477
0.906325
0.805277
1.0692
0.552617
0.308003
1.07749
0.383033
-0.111518
0.882961
1.48016
0.816038
0.261809
0.868634
0.105226
0.462217
0.257258
2.77397
1.91498
0.86622
0.322745
3.79349
0.383304
0.24273
2.68865
1.06147
-0.383759
1.2617
1.56521
-0.352504
0.321141
0.357983
-0.255164
2.20742
-0.372092
1.25154
0.380169
5.0664
-0.00636079
1.10767
-0.787352
-0.117012
-0.486415
1.3805
-0.381037
0.529145
-0.266745
0.264918
-0.571288
0.154085
-0.145222
1.49977
0.45469
12.1208
0.254462
0.654619
-0.124497
-0.228192
0.764276
-0.323017
1.34537
0.816493
0.149254
1.959
0.37012
-3.96049
0.107844
0.680063
0.217333
1.73442
0.159921
0.194932
0.232507
0.913262
1.07213
0.479766
1.33912
-0.458628
2.83778
0.0656573
1.44314
0.663322
0.315525
-0.346589
0.124013
2.23987
0.19927
-0.149155
-0.437733
-0.0124623
-0.456776
0.14994
0.50257
-0.402993
0.758395
0.571341
-0.351651
0.629719
0.750846
0.698028
1.04798
4.9547
1.38908
1.4174
0.341031
-0.367409
0.973976
0.0544484
1.1442
0.422606
0.415893
-0.167995
-0.191255
-0.322281
1.29238
0.798917
1.21406
0.144593
-0.118759
1.39593
1.85874
1.3008
0.0713341
1.23789
1.47431
0.885809
0.772801
0.467623
-0.376479
1.04018
0.544208
1.53296
0.480914
-0.044612
0.0121729
2.40528
1.67968
-0.39291
0.931229
1.56448
-3.55904
0.0964559
-0.411235
0.304929
-0.334219
0.725377
-0.251909
-0.18103
1.66452
1.75205
-0.368415
1.42219
0.274876
0.548851
0.333461
1.07209
-12.1791
0.423281
-0.864867
1.07566
-0.477885
0.382231
0.100449
0.488442
0.631962
0.256755
0.552554
-7.34968
-0.601138
1.14763
-0.757722
0.793331
-5.26229
-0.155628
-0.447178
0.598363
0.109291
1.50545
-0.474013
0.144513
-0.340144
1.64666
-0.449423
0.27473
-0.227613
0.756655
0.102848
2.55231
-0.770508
-0.223205
1.3291
1.12392
-0.220127
7.51651
1.44218
-0.208736
0.530071
1.64175
0.896712
-0.363049
-0.374546
2.25103
-0.598903
0.228125
0.167201
1.02298
-0.251895
2.51868
0.561802
1.02111
-0.37263
0.838291
1.075
0.527489
-0.455844
0.448999
-0.282999
0.263129
0.408833
0.0972165
1.9015
-0.311043
1.49869
1.255
0.464417
0.190011
1.2909
-0.0999373
1.57166
-0.431915
1.84233
0.229269
0.309009
0.250734
-0.385282
1.50113
0.814881
3.06464
-0.435188
0.606262
-0.336636
0.563105
0.889504
0.478953
0.972107
-0.293599
0.097247
4.15417
0.695586
0.523654
0.73085
0.708585
0.490877
0.748306
0.379665
0.372352
-0.5698
1.60331
-0.333667
0.873915
-0.516926
0.751683
0.593391
0.110768
0.868197
3.00592
0.592541
-0.436136
0.426603
0.382174
-0.0532209
-0.353043
0.611091
-3.82493
0.408436
0.121891
0.584839
0.650024
-0.267285
-0.711033
0.12652
0.132797
0.964262
0.521488
0.465849
1.77792
-0.405157
0.822818
5.20431
0.357238
-0.484242
0.902461
-0.508949
0.157933
1.18155
-6.10388
0.620245
1.64984
0.406737
0.49323
-0.590115
1.84291
1.95594
0.868585
0.501834
0.595291
-0.0950889
-0.555492
0.0593061
0.816298
0.425443
1.13363
0.457414
0.539477
0.432779
-0.118471
2.96097
2.84349
0.583452
-0.223096
0.624613
-0.404585
0.728636
0.435599
0.957409
0.115592
1.70567
0.655714
1.3786
0.509842
-0.00138537
0.754686
0.412498
0.605324
0.695731
1.37878
0.81285
0.42326
-0.262135
-0.338578
1.20274
0.320999
0.39431
2.41
1.36028
0.282907
-0.0211498
1.29452
0.553971
2.40542
0.534247
0.200291
0.525521
0.548626
0.239932
0.204096
1.03478
0.43967
-0.423812
0.380792
-0.33375
0.740198
0.574242
0.419794
0.195896
2.1898
0.740459
0.464385
2.00189
0.480868
0.33342
0.962865
1.19184
0.906971
1.67866
-0.351316
-0.455691
0.341752
0.00775064
0.751466
-0.414184
-0.0851304
1.95032
-0.154518
1.41083
0.24776
0.0680652
0.183231
1.28716
0.622829
-1.15217
0.513691
1.21875
0.469205
-0.672619
0.6588
1.07824
0.752668
1.22563
0.487014
1.62973
0.236025
2.8886
0.471163
-0.0545809
1.28545
0.30392
1.91216
0.588892
0.598547
2.05125
0.570181
0.507764
0.850806
-0.524597
0.166913
-0.359642
0.941935
1.38686
-0.408271
0.786287
1.47528
-0.518753
0.219176
0.845003
-0.459679
0.222868
-0.458138
0.418232
1.51959
0.988798
0.531183
0.242852
0.86091
0.840367
1.25908
0.200318
0.357954
1.75499
0.655453
0.433007
1.16598
-0.251628
0.816005
0.855466
1.07272
0.587634
0.605229
1.00946
-0.382963
0.804849
0.662622
0.710782
1.85201
0.379614
1.08207
0.651103
1.78755
0.441952
-0.428657
0.642519
-0.248689
0.882562
-4.28319
-0.383683
1.40121
0.469357
0.295318
0.489922
1.93668
6.87346
0.217949
0.131058
-1.73795
1.25386
0.0875014
1.0046
-3.05331
0.51213
0.762281
0.3785
-0.311974
1.40074
-0.136356
0.10862
0.403725
0.394033
-0.613215
-0.743085
-0.371433
2.03888
0.392045
1.83221
0.712665
1.20834
0.31449
0.225058
0.0349801
1.16337
14.0834
-0.196022
1.55494
14.879
1.06416
1.27427
0.388999
2.15384
0.237678
0.391055
0.792267
-1.02508
0.577897
2.22531
0.0129153
-0.303675
1.67149
2.19919
0.644933
0.386927
0.72568
0.856687
0.526777
0.874951
0.557112
0.799437
0.153911
1.47425
-0.398569
0.203004
0.229818
0.250757
2.13586
-0.300169
0.471251
0.244838
0.801836
2.12874
-0.170287
1.57015
-7.50123
0.736815
0.263457
1.7537
1.54963
-2.39336
-0.397968
0.142724
1.33014
0.614213
0.0162354
0.810098
-0.292502
23.9469
-0.316151
0.845412
0.646193
8.61211
0.376421
0.376002
-0.201218
1.13172
0.71622
-0.188735
2.00907
-0.226352
-0.178395
1.12161
0.223326
1.20016
0.782023
0.230885
1.62032
0.551106
-0.485824
0.0558077
-0.304892
1.05642
-0.718583
-0.29688
1.36122
0.483168
1.58416
0.296322
1.60218
1.28244
0.731459
1.23822
-0.0634595
1.56449
1.3159
-0.256098
1.86902
0.508001
-1.50582
1.39178
0.0729179
0.408486
0.0884079
-0.531376
0.44393
-3.77587
0.0510473
2.74656
-0.286446
1.59023
-0.417971
0.654321
0.498455
1.74515
0.751182
2.078
-0.852589
0.900313
1.56248
-0.485642
-0.0669298
0.61538
-0.808045
0.630928
-0.266213
0.0402906
0.294248
0.0214595
1.00208
0.278652
1.47868
0.309385
1.10783
0.693395
-0.803877
-0.426236
0.68308
1.27934
-0.0398725
-0.1007
-0.0148422
0.852475
0.40944
-0.430337
1.11817
0.230883
2.02323
1.00322
-0.427423
0.473356
-0.356973
2.99142
1.05549
0.477126
0.39704
-0.261554
0.13188
-4.52811
0.745049
1.49433
-0.165164
-0.431508
0.557055
0.717585
-0.268195
2.03545
-0.45336
0.479554
0.357559
0.779088
-0.0970249
2.1272
0.65841
-0.324511
0.523416
0.733209
4.11199
-0.35256
1.5099
0.636848
1.05236
0.853221
0.112989
1.0955
0.753582
0.517489
0.424786
0.318095
0.881628
0.607848
0.865762
0.0870269
-0.535337
0.125074
-0.280382
1.23125
-0.379206
0.960067
1.47302
-0.10797
1.23354
0.262727
0.554078
0.542255
2.66165
-0.3893
0.658608
0.880712
0.383125
-0.360725
0.370432
0.236867
-0.471324
0.11852
0.0068814
-0.394264
0.397393
1.26698
1.63152
-0.380712
0.844815
-0.385229
0.55718
0.413031
3.25675
-0.309317
0.393403
-0.451962
0.266845
0.708309
0.0611927
1.72701
0.0499795
2.30338
-0.578766
-0.114424
-0.871841
0.924676
1.22351
0.99509
0.405408
-0.188214
-0.206706
1.4486
1.53341
-0.861825
-0.104466
2.56504
0.509338
1.12378
0.848843
1.05659
0.863833
0.518867
0.25647
1.63924
-0.257641
1.53979
-0.0277937
0.924226
0.777931
-0.200984
-0.293322
1.39123
0.909503
1.93983
-0.370925
1.37408
-0.452488
-0.452955
0.617557
0.583746
0.346287
0.809622
-0.491375
0.238123
0.21496
-21.2558
5.32146
0.662335
0.477415
0.83167
-0.226734
1.71354
0.863941
0.739625
2.00237
0.394448
1.68797
0.886236
0.437145
0.509771
0.216939
0.935527
-0.373904
0.783295
-0.287831
0.880849
0.624499
0.395119
0.735636
1.96449
0.779506
-0.554415
0.151482
-0.023047
1.32581
-0.0108563
-20.4832
-0.216461
0.361871
-0.129942
-0.393302
2.3193
-0.190274
1.28649
0.175285
-0.186571
0.419419
1.34502
0.224953
1.54813
-0.545582
0.44186
1.23034
0.952141
0.799365
1.16121
-0.193934
0.30618
1.32489
0.531646
0.457638
0.625014
0.763107
0.495594
0.135239
2.00589
1.6952
0.521443
1.18943
0.46606
-0.0855624
0.744397
-7.84166
0.49227
0.338126
0.466484
0.109898
1.58647
-0.348106
1.11251
0.695662
0.427947
0.524496
2.39823
-0.226055
0.106219
1.42633
0.42846
-0.509724
1.87125
0.891264
1.57161
1.18831
0.391634
-0.335282
1.43724
0.715862
1.97213
-0.367725
0.79797
-0.260221
1.36631
-0.500222
0.198709
0.55354
-0.891506
1.01012
-0.302061
0.0504983
1.96906
-0.161635
1.91443
-0.358607
-0.592854
0.371003
0.56472
0.33551
0.514002
-0.709037
0.707559
0.671158
0.328835
2.15004
1.15015
-0.733756
1.88356
-0.207173
-0.143516
0.93802
-0.214669
-0.479021
0.318581
0.261232
-0.201488
-0.431443
0.475129
0.758517
0.765931
0.698273
1.97869
-0.400957
-0.259511
-0.219895
-1.65585
0.434364
0.36833
-0.31809
3.04136
0.145688
0.722871
0.47057
0.301535
0.740946
0.641356
-0.34546
0.609888
0.174285
0.383136
0.568548
0.955454
-0.3855
0.869535
0.136978
0.319358
0.214022
0.477636
-0.00288229
-0.404399
1.03757
-0.776894
-0.175428
0.677913
0.32963
-0.333829
0.183399
0.520104
-0.490774
0.358949
-0.341114
0.688528
0.683516
0.0670817
1.52758
0.22672
-0.358111
1.59061
-0.348223
0.298826
2.25982
1.5124
-0.3122
-0.656737
0.0878827
0.647406
-3.53266
-0.12862
0.583014
0.0952041
-0.647307
-0.0596766
0.572323
0.397752
0.772388
1.14702
-0.518779
0.420167
0.615505
0.317122
-0.542316
-0.248654
2.07379
-0.406678
2.12433
0.744693
-0.380427
-0.347904
1.24108
0.712733
-0.547809
0.0827153
0.438876
1.12834
-0.0351943
0.262538
0.281772
0.438075
-0.523384
-0.00157191
1.11289
-0.0430794
0.552862
-0.061837
0.916559
-0.244885
1.81143
0.542929
-0.0519682
1.10113
0.272391
-0.373961
1.33012
1.19538
1.88686
-10.1763
0.419989
0.781676
0.124054
0.730483
0.918181
-0.00730378
-0.318847
1.92566
1.68405
0.459698
0.567072
-2.40816
0.188021
1.71293
0.414753
1.01941
0.399437
0.516778
-0.404282
0.615709
-0.2746
0.994083
0.495983
0.634086
0.969787
1.68163
0.802481
0.306087
2.60402
0.237763
-0.211009
0.788585
0.56576
0.135722
-0.211928
0.72443
0.674936
1.15074
-0.0516839
0.530942
0.344035
-0.0576885
1.39618
0.151765
0.1717
0.989884
-0.132048
-0.396096
0.832541
1.04455
1.39179
-0.325006
1.62047
-0.37358
1.28412
0.999881
1.85931
0.27118
1.78617
0.713053
-0.235378
0.944124
0.14867
0.196324
2.08177
-0.411235
2.21871
-0.0824558
0.658039
-2.48996
1.11246
0.356755
0.674568
2.39605
0.785815
0.65888
-0.018493
1.05529
1.42802
0.40558
0.772359
-0.213344
1.65189
0.415552
-0.34865
0.0648493
0.62359
0.615428
-0.223361
2.31634
0.238649
2.61915
-0.378841
-13.0461
0.49332
0.190706
-0.278424
0.496543
1.8484
0.707899
-0.872057
-0.510775
3.11938
-0.052835
0.70446
-2.37401
0.809191
1.28997
-0.33706
1.12656
-0.429434
0.298724
0.404096
0.435151
-0.199215
0.0920499
1.13956
-0.710765
-0.640031
-0.392344
0.975931
0.056127
0.369613
-0.253448
0.579594
-0.277023
1.08477
0.0419375
-0.376869
2.56555
0.481914
1.21387
0.341853
0.507387
2.64885
0.434345
0.597359
-1.88698
1.45594
1.23189
0.489445
0.999266
1.62996
-1.13032
-0.278227
0.410203
0.108976
0.732191
1.06484
1.7084
-0.366612
1.13816
-1.06123
0.431156
0.491865
-0.461197
0.361677
-0.171031
0.176607
2.06941
0.58945
1.63099
0.550188
1.89634
-0.443459
0.989096
1.56335
0.0472434
0.525961
1.55434
0.799961
0.832951
0.374082
1.30679
0.0223537
0.915537
0.418839
-0.583966
0.0670358
0.239232
-0.0892828
0.089544
-0.322248
-0.0379667
1.27477
0.569873
-0.294588
1.98446
1.86119
0.465936
1.75205
0.728496
1.99126
-0.343053
0.398311
0.391578
6.17005
0.698317
0.888644
3.09281
1.01424
0.303684
0.322446
-0.062439
2.43537
0.59062
0.446149
1.33698
-0.432325
-0.386759
1.17463
0.0380677
-0.126894
0.980801
0.419796
2.07313
0.273084
-0.438848
2.62614
0.30521
-0.38536
2.16477
1.44938
-0.244164
-0.15122
1.04902
0.417768
1.82944
0.416777
6.20406
6.18494
0.612839
0.577934
0.73608
-0.387637
1.09782
-0.472739
0.0624356
-0.359355
1.34944
-0.33594
1.57005
0.118646
1.19923
-0.367215
2.32033
2.23256
-0.432505
0.587963
1.05956
0.170414
1.79878
1.47933
-0.497307
0.167639
2.63925
-1.27919
0.500494
0.385084
-0.362538
0.905177
0.526292
1.21578
1.32804
0.985578
0.392295
-0.219243
2.10362
-0.715325
-0.0577394
-0.495868
-0.62174
0.00819537
-0.136503
0.738779
-0.35068
0.36644
-0.240416
0.671777
-0.414787
2.70601
-0.213516
0.376211
0.0991554
1.28805
0.328418
0.792928
1.44194
-0.5039
0.292921
1.42084
0.467608
0.525326
-0.332021
1.08556
-0.222055
1.85042
-0.285961
0.386924
1.55696
-0.526285
1.4813
-0.0116011
-0.0429756
-0.425682
0.367674
1.01002
1.85308
0.560231
0.017401
1.27615
0.389108
-0.115811
2.4452
-0.0739541
2.32005
-0.165058
0.487985
0.458199
0.459278
1.04331
0.52835
0.661932
-0.391254
2.73524
-2.72483
-0.719606
-0.228143
0.277401
1.56496
0.702869
0.551816
0.564839
2.04504
1.71193
-0.35017
1.31036
1.6791
0.394149
-0.265973
0.503035
0.595646
0.496196
1.90581
0.0882744
0.464364
-0.603143
1.26676
0.607556
0.241888
2.26372
0.621404
0.355096
1.82102
0.897757
-0.661754
1.61325
-0.125913
1.92887
-0.282598
0.809969
0.320321
0.602816
0.443873
1.36468
1.1933
0.439944
0.383122
0.0105111
0.961454
2.18039
0.323009
0.0782443
1.2315
0.233908
-17.7926
0.367553
-0.403381
0.237677
0.298521
-0.28899
0.951252
0.275653
-0.300113
0.11262
2.83518
0.527382
0.912792
-2.40624
0.891352
-0.507233
0.34302
1.9832
-0.53369
0.228446
-0.387902
1.5636
-0.296306
1.17551
0.754078
-0.153388
0.670268
-0.394246
0.761095
1.39184
0.559561
-0.352275
0.904497
-0.186985
0.964521
-0.348039
0.482564
0.0879868
-0.146402
0.911036
1.84421
1.26787
0.441495
-0.519212
-0.363242
1.87909
0.827312
1.33943
-0.612137
-0.454439
2.74701
0.532659
-0.573295
0.819298
0.281204
0.526818
-0.303808
2.16347
0.324464
-0.585311
0.0649013
-0.470171
0.422704
-0.560695
0.0924643
-0.476837
0.234214
3.59023
0.575023
0.813431
0.613669
1.01939
-0.373937
1.60871
-0.499459
0.266124
0.407612
-0.662588
0.00106064
0.645304
0.0326291
3.23714
-0.391486
1.74568
0.976585
-0.155365
0.394917
-0.0543927
0.00715466
-0.0481029
0.271789
-0.254037
5.22371
-0.359263
0.862458
0.370424
2.05816
-0.427257
2.51001
0.0876098
2.16494
-0.134197
-0.896981
-0.686534
-0.158569
0.518522
10.5023
0.709177
1.73582
0.735526
-0.488495
0.961202
1.70204
0.486163
0.00366066
-0.395701
2.25416
0.403682
1.69741
-0.400901
1.96179
0.373154
0.7118
1.58404
-0.161337
2.43947
-0.11931
-0.197378
-0.175931
0.466532
-0.119321
1.73605
-0.493377
-0.538143
0.17497
0.147368
0.489177
-0.407261
0.701098
0.795806
0.372573
-0.576844
35.0808
-0.650614
-0.0293529
-0.36231
0.700601
1.22985
0.0605684
1.36736
0.500885
0.680802
0.208594
-0.383584
1.21627
-0.476099
0.297735
0.864863
0.222215
1.22165
2.60795
-0.115276
2.16218
0.273713
1.39703
0.852272
-0.283821
1.81313
0.355306
0.799996
0.64195
-0.362435
0.599268
1.9739
-0.874403
0.951259
0.550762
0.243299
-0.0815473
1.72893
-0.362089
1.45853
-0.0375704
2.5268
0.385181
0.231717
0.562246
0.687245
0.916123
-0.815341
1.83374
0.74549
-0.245811
1.00685
1.59604
-0.0688011
1.15211
2.22149
0.631704
0.569914
1.60372
1.51882
-0.124174
-0.773305
0.34749
1.23507
2.97449
1.04235
1.08154
-0.481979
1.54425
1.45434
0.960868
0.23484
1.91032
1.08006
0.935001
0.202832
-1.07925
1.48135
0.458845
-0.532868
-0.346723
1.56928
-0.0107301
1.85666
-19.4255
0.486624
-1.54176
-0.136025
1.16415
0.435487
0.505638
0.680618
0.407659
0.4996
1.18394
0.365653
-0.333928
2.12043
0.644089
-0.118174
-0.320028
1.84665
-0.0242963
-0.794628
1.29155
0.749735
0.70232
-6.8832
0.488903
-0.31905
3.23652
0.813882
0.72328
-0.489042
0.258364
-0.315901
1.24073
0.302744
1.25059
0.644801
0.533136
2.12144
-0.0744728
0.0783457
1.0824
0.0488894
-0.381504
1.91753
-0.188311
0.59217
1.70347
0.669502
4.13038
0.174026
0.340363
0.211888
1.79165
0.510527
0.955227
0.416935
-0.099726
1.12251
-0.493037
3.35489
0.409506
0.397366
1.16798
-0.351361
1.51087
0.671081
0.0541417
0.964082
0.0714581
1.43381
-0.555345
0.0487848
0.466342
-0.337405
1.04342
1.28718
0.139915
-0.492806
1.23028
0.373306
0.490985
0.210996
2.4887
0.534385
0.479335
-3.04615
0.580574
2.10958
-3.13286
0.996987
0.554937
0.405911
-0.240437
1.11138
0.557659
0.69208
0.511042
0.479739
0.334834
1.19418
0.83906
0.52627
0.242162
1.53147
0.340916
0.784647
1.15602
-1.12951
0.375741
1.27956
-0.0811082
-0.535717
0.776812
0.607321
1.67562
0.538209
-0.502598
0.273671
0.643331
0.254833
1.62777
0.713275
-0.382848
2.07408
0.167409
1.28916
-0.413516
0.49818
0.512862
0.795457
0.742805
-0.878244
0.0634666
3.62637
0.627423
-0.512911
0.120836
-0.466097
5.45979
0.577445
1.10307
3.49214
-0.513654
0.305469
1.06702
0.746347
0.601257
2.48721
0.76247
0.467805
-0.0578191
1.84123
0.472139
-7.14872
1.12086
1.58798
0.328469
0.954528
0.71897
0.523194
-0.341726
1.90751
0.83757
0.33912
0.557626
-0.111487
-0.227487
0.308053
0.403381
0.929078
-0.117269
0.410479
0.331288
0.799325
1.06844
-11.5272
1.72205
5.24106
0.451482
-0.305356
1.81158
-0.286981
0.515853
-0.294413
2.07772
-0.344522
1.07526
0.933881
0.428501
-0.132204
0.565215
1.1505
-0.390007
1.68413
-0.440567
0.571499
0.524792
-0.566066
0.415179
1.10822
1.71648
0.286519
2.47757
-0.25507
0.766775
0.698705
0.441784
0.35992
0.531072
-0.319552
1.107
0.955964
0.196934
0.200539
1.57741
0.737301
0.758961
2.11811
-0.322686
0.169479
0.181825
0.548067
0.141746
0.560427
-0.449429
0.693655
-0.388375
-0.138461
1.82319
0.591983
1.26111
1.25087
0.459364
1.89484
0.274984
-0.465675
0.184426
1.31412
-0.265314
2.69844
0.373852
-0.054848
0.721846
0.581056
-0.236265
0.487148
-0.343269
0.581079
1.65625
0.0360461
0.394559
0.603547
0.97506
0.188912
-0.115749
0.459895
0.537845
1.84995
-0.219331
0.76607
-0.0668331
-0.193811
1.89231
0.888952
-0.413953
-0.840252
1.0443
0.700862
-0.335663
0.678155
0.380678
0.807122
-0.356215
1.13392
0.484056
0.261727
2.36763
1.73317
0.735729
0.874566
-0.418543
0.712253
0.532343
-0.484481
-0.302922
0.537696
-0.626081
0.0192037
0.348115
0.250728
0.0579179
0.6416
1.78758
-0.404359
-0.533981
0.66316
0.269661
-4.37225
0.386351
0.399269
-0.20014
1.75831
0.956422
0.167112
-0.358438
2.58769
-0.283223
1.38661
0.11125
-0.239672
0.136434
1.31602
0.190948
0.98888
0.237641
0.210261
0.221702
1.07818
0.53796
-0.331154
1.78306
-0.290422
0.759493
0.395872
0.0152886
0.527768
1.14504
-0.105822
-0.208948
0.419292
-0.561867
1.02487
-0.0510408
1.17614
-0.214505
2.56338
-0.585425
-0.33582
0.242923
1.48738
-0.468368
-0.372667
1.71503
-0.520067
0.188973
1.78791
-0.271863
1.94302
0.649207
-0.628201
-0.026948
-0.474842
0.365799
2.6033
0.961744
-0.551895
-0.0265353
-0.321124
2.47128
0.275218
-0.38791
0.981949
0.603941
1.16564
0.269249
-0.264723
2.88465
0.906869
0.164493
-0.343418
2.44339
1.89667
0.195194
1.06206
-0.431379
0.391936
0.170864
1.21606
0.917666
0.137633
0.0407943
1.05285
0.700757
-0.451988
0.308836
-0.271568
0.612941
0.735342
0.472513
1.71365
0.934006
0.383994
0.0287767
-0.37159
1.77578
0.659904
0.151918
0.543049
0.488501
0.118713
0.515647
1.31345
4.48205
0.48093
0.44741
1.34704
0.853872
0.603324
-0.497506
0.52999
-0.106753
0.625771
0.576026
1.97391
-0.0234196
-0.326894
1.4397
-0.340487
1.47513
0.350874
-0.0636796
1.47936
2.81101
0.487451
0.242659
2.03299
0.352761
-1.70933
1.03342
0.429384
0.45693
0.284617
-0.458153
-0.11269
1.24343
0.317033
-0.154837
0.829311
0.238795
1.58312
0.965762
-0.391924
0.808596
1.81053
0.345593
1.18681
-0.526689
-0.521416
1.08858
1.2368
-0.263262
1.86963
1.60985
-0.501366
-0.332314
1.51467
0.372274
0.807959
0.248469
1.182
0.135145
0.800197
-0.516531
0.0847824
-0.0207237
-1.05994
0.543327
2.23838
0.582344
0.906188
1.42681
0.183465
1.24637
-0.399744
0.414421
-0.291961
0.569614
0.377799
1.67331
-0.309801
1.16333
-0.304072
0.969892
0.399018
-0.601826
1.4339
0.412572
0.269859
-0.0233968
2.94328
-0.307143
-0.83437
-0.308686
2.55383
-0.494792
0.254542
-0.325923
0.4656
-0.732
1.18171
0.819949
-0.290776
1.09873
-0.186537
1.45196
0.954929
0.179258
0.59504
-0.344952
1.96128
-0.426759
0.244736
1.27051
-0.030172
0.0571774
-0.466097
0.674549
-0.457749
1.38906
0.453006
-0.693337
0.123186
-0.131808
-0.402598
0.861347
-0.312847
-0.33675
2.21515
0.944933
0.675364
1.2041
-0.31853
0.612388
1.34161
0.427916
0.937103
0.487973
-0.443635
3.45578
-0.0117548
1.78006
0.625142
-0.609566
-0.567428
-0.354754
2.68104
-0.0568466
0.27204
-0.706361
0.348515
0.298959
-0.317759
-0.430695
-0.329903
0.218828
1.8559
1.08924
0.419995
-0.517977
3.24151
-0.324314
2.01851
0.432854
-0.289841
1.41311
0.238683
-0.647241
-0.0757187
-0.63259
-0.358388
1.0334
1.65466
0.419215
1.04506
-0.130335
-0.182328
1.53177
1.26865
0.85811
-0.249072
1.11603
-0.317762
4.792
0.983227
0.429818
1.65985
2.18878
1.22167
0.693181
2.13164
1.14231
0.102
0.577232
1.27732
1.42074
-0.457048
0.503428
0.480907
1.73612
0.758263
-0.431641
0.922576
0.99297
-1.25824
-0.419639
0.474403
0.415291
0.810853
1.20061
1.7863
0.437874
1.53757
0.758107
-0.568092
0.365722
-0.211835
1.29309
-0.263787
1.05149
-0.261068
0.474746
-0.444238
0.125156
0.0453229
0.914305
0.237424
-0.350415
2.77373
1.49978
0.265237
-0.325482
1.21044
0.665211
0.610374
0.205664
1.33396
1.61401
0.684624
-0.169496
0.419872
1.23749
-0.364042
1.18853
-0.314833
1.83864
1.35436
-0.336072
0.532921
0.356839
0.730642
-0.110448
0.704759
1.61241
4.05694
0.945125
0.845282
-0.572769
-0.109931
0.451753
-0.388197
1.05524
-1.31755
0.0991055
0.258103
2.30667
-0.287859
-0.111355
1.41151
-0.4159
0.749862
1.19125
0.406348
0.752502
-0.355701
1.25801
1.94691
1.62605
0.318324
-0.105025
1.64504
0.496521
0.706251
0.951136
1.8624
0.408464
0.414929
2.03546
0.663956
0.474083
-0.419046
2.3155
0.741881
0.475669
0.0347356
0.384354
0.47673
0.675164
-0.698531
-0.39707
0.896379
0.0407304
-0.384164
1.30481
0.123339
1.84943
-0.0600221
0.810895
-0.435341
0.175507
0.175764
0.254534
-0.233127
3.03793
0.560984
1.08438
1.48989
-0.101387
0.768308
1.4346
-0.448465
-0.256764
1.00229
0.308928
1.11991
0.355882
0.325276
0.187272
0.821218
2.05821
-0.642079
0.350621
0.0108789
0.0105254
-0.308079
0.569484
1.10432
-0.171732
1.79794
0.460931
0.401699
1.92014
0.179075
-0.404945
2.04246
0.775431
0.305824
1.02958
0.414989
0.656551
-0.0929102
0.432677
1.09634
1.37793
0.772706
0.39639
0.91
0.719424
0.927663
0.459816
-0.017398
2.58094
0.416868
0.160923
0.853427
0.286356
0.459366
0.434809
0.744757
1.38398
1.54029
0.373077
0.0209538
1.63173
0.81071
1.33509
1.07091
0.409438
0.520993
0.519989
0.478229
-0.0391628
0.605273
0.587303
-0.366739
-0.345583
0.283137
0.682036
-0.434296
0.284097
0.464952
1.40747
0.344766
0.302893
0.694371
0.662236
0.271901
0.99442
0.748342
0.337168
0.489492
1.31351
-0.359246
1.64474
0.831893
3.96649
-0.385675
0.941082
-0.0132228
-0.102838
0.590832
1.0022
0.145068
2.11554
-0.188388
0.752991
1.93678
-0.580593
0.0222794
1.65155
1.44533
1.1295
-0.242137
1.96203
-0.412024
0.748079
1.41053
0.609621
1.10492
-0.258761
0.731013
0.205146
1.25167
-0.421627
0.448391
0.488834
0.613879
0.831309
-0.79043
2.26173
0.721872
1.04413
1.03856
0.0972431
0.136262
0.85318
0.289462
-0.156936
2.17138
-0.670764
-0.441423
4.02233
0.0200141
2.48229
-0.305593
1.1945
1.40764
-0.0859357
-0.0761045
0.365467
-0.355365
0.569088
1.08143
0.810916
1.83106
1.90857
0.674391
-0.574052
1.10723
0.330644
-0.256785
0.954905
0.992047
-0.32419
2.25916
-0.219472
1.98892
4.44011
0.457526
0.476114
1.2881
1.05175
1.55398
0.447776
0.213838
0.75926
0.191077
1.38246
-0.374422
0.257608
-0.414255
2.61639
1.31934
0.0146762
0.903846
-0.623537
0.548187
2.30934
0.178583
2.45106
-0.141152
1.31797
0.757624
0.752138
1.35756
0.0448006
-0.343756
1.3534
-0.383986
0.609885
1.80639
0.120602
-0.670644
-0.264901
0.404728
0.067637
2.10552
-0.616781
-0.501462
0.324263
0.780191
1.27485
1.75002
-0.372303
0.423383
-0.136267
2.66703
-0.37285
0.289724
-3.29147
0.603583
0.942644
-0.561713
1.1157
0.0282629
-0.467738
0.456096
0.138449
1.10603
0.553
0.172462
-0.377471
2.90588
0.253215
-0.071324
-0.289616
0.238433
1.38878
1.9088
-0.414532
0.717185
-1.10436
0.563468
-0.154613
2.02617
-0.0683977
1.6494
-0.387322
0.90928
0.985127
0.470498
0.923771
0.316679
1.08412
-0.625506
0.0341035
-0.371078
1.50342
0.642179
0.577364
-0.26305
-0.381723
1.42595
1.78358
0.625885
2.31942
0.493197
-3.11778
-0.0543903
0.622993
0.391139
-0.0795491
0.172388
0.681476
1.11239
0.298543
1.85384
-0.327507
1.26866
-0.477625
0.160504
0.671199
-0.340881
0.985093
-0.39827
0.552781
0.694144
-0.53555
0.0291372
-0.283076
0.791917
-0.641796
0.467722
-0.556256
24.0642
1.43135
0.111534
1.20918
0.00183245
-3.67692
1.09624
0.240299
0.907752
-0.482647
-0.275895
0.933002
-0.362183
1.23796
0.0581927
-0.395815
2.5006
-0.592846
0.0167645
0.523369
0.607087
-0.600969
0.541916
2.19765
0.0186672
1.14078
0.860724
1.37824
0.613989
1.19458
-0.211431
0.584718
-0.249832
0.932429
0.0505134
0.449315
1.91168
1.20309
-0.29021
0.490154
0.757488
-0.466598
0.329686
1.1458
0.764295
0.0233191
2.02772
-0.373474
1.66331
0.0788532
1.15169
0.587811
0.237197
0.625251
0.275353
-0.161441
-0.402148
0.505231
-0.155671
0.448834
-0.287286
1.32153
0.523383
0.354949
-0.0610301
1.67433
-0.100975
1.82961
-0.232944
0.498067
0.850833
0.500439
2.08828
-0.611325
-0.024153
-0.249756
0.856949
-1.14847
0.932674
1.90334
0.378898
-0.224595
0.31601
1.1762
-0.125008
-6.3092
0.673169
0.443552
-0.181796
2.86961
-0.353847
1.67842
-0.0949291
-0.0996202
0.289915
0.289714
0.679218
0.216107
0.353584
0.646312
1.04867
-0.144675
-0.71526
-0.238639
0.438712
-0.601647
-0.0485231
0.537374
0.711302
0.086155
0.410783
0.36763
0.457964
1.93258
0.610447
1.42846
-0.350131
0.466894
0.622103
0.984017
0.752783
1.55951
-2.26996
0.525212
0.58123
0.574923
-0.413648
-0.392702
0.932776
-0.4389
0.502521
-0.231405
0.352389
-0.489342
0.33502
4.92829
0.645774
0.191978
-0.0719998
0.382021
1.91754
-0.166001
0.597528
0.88626
0.365019
-0.0650327
0.708833
0.431526
0.995362
-0.473645
-0.0984375
0.668768
0.606584
1.67575
-0.164546
-0.00107522
1.51188
0.731107
0.426434
0.876478
0.241518
-0.316792
2.88004
-0.0233908
-0.337561
0.12028
0.159669
1.54682
0.560545
-0.483389
0.166419
0.49021
0.301653
0.677358
0.514332
-0.556349
-0.307858
2.30392
0.327692
0.522418
-1.94188
-0.0175178
0.862635
0.485446
2.484
0.521052
0.710264
0.647233
0.576889
0.46645
-0.00228075
2.02811
0.745281
-0.128528
0.714594
-0.162158
1.89656
0.0679825
0.0147232
1.38242
-0.279606
1.87585
0.783907
0.585287
0.193817
1.04079
0.0727805
0.908383
0.913638
0.233307
-0.0907254
1.36881
0.181301
1.77471
-0.928222
0.329644
-0.341019
1.17752
-0.339927
-0.290544
-0.437742
0.241616
0.180362
0.46665
0.420311
-0.444057
0.474972
0.452562
2.49006
1.36375
0.0316266
0.856506
1.16146
-0.672366
-0.338818
-0.107558
0.73672
2.18296
0.921724
-0.167461
-0.271959
1.8993
-0.54867
1.12105
0.319627
0.216242
2.73782
1.47257
1.70156
0.0456546
0.410065
5.51981
0.670992
0.96673
1.34224
0.715793
2.25869
-0.0183186
2.10595
-0.211687
-0.603357
-0.616851
0.528616
2.02317
1.25372
0.529393
0.175965
0.395421
0.45101
0.226195
0.252541
-0.00847918
0.328476
1.05444
0.901884
0.00938946
-3.72607
0.0377287
0.468843
0.407302
0.627061
-0.474364
0.448751
-1.40972
0.972228
0.62356
1.3804
-0.330514
1.30574
-0.3925
3.20123
-0.283248
0.665183
1.31894
0.566725
0.937509
0.396229
0.240745
0.542055
0.0616451
-0.207997
-0.38389
0.214623
-0.387183
1.13087
-0.518483
0.815424
0.948115
-0.475641
0.13907
1.31287
0.277289
0.0822489
1.70105
0.515315
-0.303
0.976839
0.206122
-0.335914
1.39582
0.855777
0.213368
0.505598
-0.170865
0.36852
1.76328
0.828541
0.621306
0.462717
0.503864
1.85396
0.854396
0.445303
0.275474
0.917953
1.13065
0.97991
-0.111574
0.656421
1.26055
0.696244
-0.158978
-0.250109
1.27985
-0.0178571
1.23741
-0.430407
3.11693
0.85903
0.97152
1.12559
-0.579668
0.438411
-0.47479
0.407481
0.473901
0.362011
0.4508
1.02361
-0.0221948
1.55075
-0.379017
0.736229
0.515893
2.01405
1.0075
0.201576
0.585641
0.197138
-1.0258
0.997272
1.92358
1.7626
0.372021
-1.52019
2.21735
0.67563
-0.348532
1.43224
-2.39091
0.18948
0.481022
1.45548
0.2839
1.31511
2.76288
-0.000482275
0.727369
0.461893
0.694213
0.169701
2.36092
0.31097
0.65015
0.740365
0.0814999
0.973971
0.220971
0.928214
0.605654
1.29483
-0.920925
0.668509
0.951278
1.36193
0.738983
-0.838608
0.951407
1.3986
-0.562115
0.417825
1.00705
1.16377
0.732157
0.156916
0.301521
0.0580946
0.501333
3.97701
-0.0442128
0.693198
2.636
0.4146
-0.441145
0.429785
0.385208
-0.358268
2.47798
-0.00316086
0.855367
1.7558
0.215972
-0.485075
0.32126
-0.630305
0.198893
0.76484
0.724288
-0.406851
0.753644
-0.230482
0.102853
2.15564
-0.267812
2.30322
0.772723
0.394224
5.9596
0.359696
-0.242093
0.938192
1.24483
-0.196417
2.40263
-0.247662
0.560434
-0.694097
1.08029
1.24959
-0.0360911
0.427393
-0.031192
0.860018
1.57628
0.45815
0.874895
-0.214406
0.197221
-0.648955
1.03297
1.45519
0.167749
2.59612
-0.379768
1.15675
0.395148
-0.364162
1.35807
-0.353519
0.465529
1.10528
-0.222492
2.19477
2.10374
1.31085
-0.263879
0.497646
-0.380044
1.80879
-0.564193
1.24654
0.0110664
0.21568
1.26641
0.603117
-0.276407
0.530568
0.237154
0.280462
0.479411
0.198452
-0.0221927
0.694802
-0.423443
0.530211
0.468967
-0.189928
2.28163
-0.381169
0.902497
1.09409
-0.392615
0.717507
-0.319721
0.908986
0.734215
0.508946
-0.155376
0.663644
-0.551591
-0.0663604
0.651028
-0.0240611
0.635776
-0.31842
-0.68718
1.17106
-0.130296
2.35769
-0.370865
0.220724
-0.366692
1.0953
0.570386
0.351036
19.9888
0.804271
0.504606
-0.150756
0.821416
-0.260224
-0.280513
3.59509
1.71928
1.43522
-3.51648
0.47309
0.361028
0.589207
-0.305484
1.2083
2.26196
1.47541
0.963273
0.719635
0.166836
0.674913
1.41097
0.686269
0.737882
6.83445
-0.374606
1.55852
-0.328591
-0.0640044
0.0737582
-0.14449
0.617804
-10.4526
0.624022
0.63935
0.40927
0.451952
-0.250457
0.59239
0.580579
0.118824
0.57627
1.58241
-0.569668
-0.279459
1.79291
-0.453263
0.101485
0.40177
-1.31708
0.0133939
-0.412962
0.544886
-2.5631
0.0234856
0.736724
-0.0644799
0.372728
0.592659
0.569155
-0.432738
0.495249
0.295621
-0.0562177
1.27637
-0.169813
1.33606
0.677779
1.33004
0.760618
0.306708
0.418599
0.987968
0.995846
0.878983
0.630805
-0.261181
0.869638
0.614049
0.364207
-0.321696
0.111717
-0.242614
0.415756
-0.363643
1.54636
0.395668
0.764976
0.39327
0.459627
0.234352
2.09012
0.135929
0.0606155
0.344826
0.707514
2.37249
1.48569
-0.123064
0.269809
0.462256
0.150124
0.505453
0.487188
1.47966
0.430488
-0.6252
0.336482
-8.75374
0.842585
0.0280961
1.79981
0.730478
0.84149
0.547891
0.718441
-0.36493
-0.346231
0.0800983
0.82341
-0.0784158
2.80402
0.542045
-0.182771
2.22878
-0.362099
1.07098
-0.0818757
1.21876
0.244185
0.386843
0.438573
0.339459
1.83338
0.456323
0.439952
-0.0229237
1.72699
1.05291
1.91379
0.287712
-4.28425
0.10068
1.34891
-0.627396
-0.10617
3.60807
-0.576493
0.046918
0.739939
0.613072
1.25943
1.39326
0.58499
0.42784
0.487322
0.0533907
1.72749
-0.643781
0.316679
0.725293
-2.57181
1.76259
-0.0809195
0.899661
0.437854
0.693751
1.31232
0.250615
1.35157
0.705641
0.44153
0.451111
-1.37466
-2.89311
0.704027
0.852136
-1.48129
1.61923
0.725368
0.726874
1.34418
-0.378849
-5.59597
0.460337
0.97509
0.95344
0.517449
0.469681
0.077561
3.02636
0.792156
0.517362
2.31412
0.67391
0.713791
-0.177641
0.205264
-0.942011
0.372694
-0.120082
2.25762
1.25027
0.710044
0.28995
0.891835
0.711963
0.425924
0.249915
0.847446
0.703375
0.736239
-0.177792
-0.25586
0.347487
-0.056382
-1.23508
0.209224
2.36752
0.918885
0.725243
-0.407111
-0.393565
0.607126
1.27852
0.696042
-0.174875
0.604928
-0.0938794
-1.89832
-0.152832
-0.178964
0.59444
-0.188331
-0.294353
-0.0925355
-0.111259
0.591289
-7.40326
)
;

boundaryField
{
    wings
    {
        type            zeroGradient;
    }
    outlet
    {
        type            freestreamPressure;
    }
    tunnel
    {
        type            zeroGradient;
    }
    inlet
    {
        type            freestreamPressure;
    }
    defaultFaces
    {
        type            empty;
    }
}


// ************************************************************************* //
