/*--------------------------------*- C++ -*----------------------------------*\
| =========                 |                                                 |
| \\      /  F ield         | OpenFOAM: The Open Source CFD Toolbox           |
|  \\    /   O peration     | Version:  2.3.0                                 |
|   \\  /    A nd           | Web:      www.OpenFOAM.org                      |
|    \\/     M anipulation  |                                                 |
\*---------------------------------------------------------------------------*/
FoamFile
{
    version     2.0;
    format      ascii;
    class       volScalarField;
    location    "8000";
    object      nuTilda;
}
// * * * * * * * * * * * * * * * * * * * * * * * * * * * * * * * * * * * * * //

dimensions      [0 2 -1 0 0 0 0];

internalField   nonuniform List<scalar> 
6275
(
0.0629676
0.0569993
0.0514661
0.0465553
0.0424327
0.0391767
0.0367112
0.0344243
0.03192
0.0291399
0.0261371
0.0234785
0.0697534
0.0655158
0.0617043
0.0583573
0.0555062
0.0531713
0.0513549
0.0500275
0.0491352
0.0486174
0.0484183
0.0484838
0.0755712
0.0725139
0.0698285
0.0675295
0.0656173
0.0640805
0.0628978
0.0620395
0.0614706
0.0611542
0.0610532
0.061132
0.0804832
0.0782448
0.0763036
0.0746555
0.0732902
0.0721923
0.0713425
0.0707201
0.0703036
0.0700706
0.0700004
0.0700724
0.0845932
0.0829201
0.0814705
0.0802368
0.0792085
0.0783736
0.0777197
0.0772341
0.0769048
0.0767194
0.076666
0.0767325
0.0880281
0.0867472
0.0856306
0.0846722
0.0838645
0.0831996
0.0826711
0.0822727
0.0819985
0.0818424
0.0817983
0.0818593
0.090905
0.0899021
0.089017
0.0882481
0.0875916
0.0870434
0.0866009
0.0862624
0.0860263
0.0858908
0.085853
0.0859092
0.0933282
0.0925258
0.0918048
0.0911707
0.0906225
0.0901583
0.0897778
0.0894822
0.0892743
0.0891548
0.0891225
0.089175
0.0953762
0.0947273
0.0941231
0.0935877
0.0931195
0.0927189
0.0923856
0.0921208
0.0919341
0.0918285
0.0918032
0.0918544
0.0971123
0.0965867
0.0960615
0.0956017
0.0951919
0.0948411
0.09455
0.0943077
0.0941379
0.0940446
0.0940299
0.0940883
0.0248695
0.0287603
0.0311632
0.0336068
0.0365487
0.0401076
0.0442692
0.0489745
0.054151
0.0597206
0.065601
0.0717386
0.048723
0.0491709
0.0499482
0.0511135
0.0527145
0.0547864
0.0573461
0.0603891
0.0638907
0.0678086
0.0720922
0.0767212
0.0613469
0.0617166
0.0623006
0.0631303
0.0642377
0.0656503
0.0673919
0.0694781
0.0719152
0.0746982
0.0778137
0.081273
0.070263
0.0705823
0.0710623
0.0717207
0.0725759
0.0736449
0.0749437
0.0764861
0.0782827
0.0803395
0.08266
0.0852759
0.0769053
0.07719
0.0776047
0.0781592
0.0788628
0.0797245
0.0807537
0.0819587
0.0833471
0.0849257
0.0867009
0.0887108
0.0820173
0.0822756
0.0826448
0.0831292
0.0837328
0.084459
0.0853115
0.0862942
0.0874109
0.0886658
0.0900642
0.0916396
0.0860552
0.086293
0.0866285
0.0870627
0.087596
0.0882277
0.0889573
0.089785
0.090712
0.0917404
0.0928741
0.094135
0.08931
0.0895309
0.0898407
0.0902377
0.0907192
0.0912822
0.091922
0.0926371
0.0934262
0.0942888
0.0952287
0.0962562
0.0919761
0.092183
0.0924742
0.0928432
0.0932839
0.0937961
0.0943665
0.0949974
0.0956844
0.0964193
0.0972133
0.0980615
0.0941867
0.094384
0.0946642
0.0950136
0.0954161
0.0958919
0.0964019
0.0969717
0.0975899
0.098215
0.0989033
0.0996177
0.0546074
0.0446291
0.0353208
0.0275351
0.0213593
0.0165306
0.0127843
0.00990765
0.00780706
0.00652042
0.00525534
0.0037551
0.0560073
0.0474741
0.0394662
0.0323462
0.026372
0.0216431
0.017973
0.0153483
0.013336
0.0113866
0.00927591
0.00677387
0.0575712
0.0503589
0.0435016
0.0371063
0.0313676
0.0267346
0.0231384
0.0205329
0.0180734
0.0155137
0.0126765
0.0093829
0.0590805
0.0528729
0.0468572
0.0410477
0.0356533
0.0312369
0.0278994
0.0249629
0.0220674
0.0190032
0.0155903
0.01166
0.0604418
0.0549726
0.0495642
0.0442068
0.0391623
0.0349547
0.0316744
0.0285582
0.0253738
0.0219412
0.0180838
0.0136288
0.0616171
0.0567122
0.0517649
0.0467676
0.0420487
0.0380351
0.0347524
0.0315137
0.0281257
0.0244174
0.0202085
0.0153144
0.0626464
0.058166
0.0535848
0.0488859
0.044483
0.0407463
0.0373826
0.0340177
0.0304583
0.0265244
0.022023
0.0167543
0.0634693
0.0593757
0.0551078
0.0506612
0.0465229
0.0429803
0.0395986
0.0361477
0.0324527
0.0283319
0.023581
0.0179853
0.0641691
0.0604
0.0564049
0.0521849
0.0482564
0.0448347
0.0414621
0.03796
0.0341666
0.0298976
0.0249379
0.0190534
0.0647965
0.0612807
0.0575272
0.0535212
0.049751
0.0464033
0.0430356
0.0395002
0.0356412
0.0312719
0.0261879
0.0201177
0.00195478
0.00137064
0.00184474
0.00239163
0.00303708
0.00393452
0.00529767
0.00713949
0.00946829
0.0123656
0.0159171
0.0202262
0.00381181
0.00206236
0.00227056
0.00288621
0.0036863
0.00477624
0.00623526
0.00811484
0.0104112
0.0131921
0.0165277
0.0204885
0.00561283
0.00284347
0.00271643
0.00344317
0.00441559
0.0056634
0.00721307
0.00912247
0.0113824
0.0140447
0.0171664
0.0208199
0.00719678
0.00362532
0.00318107
0.00403248
0.00516419
0.00653847
0.0081693
0.0101014
0.0123241
0.0148752
0.0178012
0.0211542
0.00856299
0.00436228
0.00365736
0.00462811
0.00589615
0.00737179
0.00907896
0.0110284
0.0132143
0.0156631
0.0184101
0.0214923
0.00973246
0.00503548
0.0041337
0.00521143
0.00659628
0.00816107
0.00993266
0.0118951
0.0140449
0.0163993
0.0189823
0.0218188
0.0107311
0.00564122
0.00459953
0.00577155
0.0072582
0.00890315
0.0107263
0.012698
0.0148128
0.0170805
0.0195171
0.022149
0.0115823
0.00618231
0.00504462
0.00629989
0.00787709
0.00959405
0.0114599
0.0134378
0.0155192
0.0177083
0.0200151
0.022458
0.0123051
0.00665252
0.00547433
0.00680947
0.00846512
0.0102413
0.0121392
0.014116
0.0161654
0.0182844
0.0204746
0.0227408
0.0131015
0.00716801
0.00584046
0.00720424
0.00891686
0.0107673
0.012698
0.0147299
0.0167813
0.0188462
0.0209011
0.0229973
0.00129916
0.00450594
0.00933812
0.014654
0.0199062
0.0248541
0.0294665
0.0339389
0.0383725
0.0432041
0.0493834
0.0564617
0.0011921
0.00348291
0.00748672
0.0114477
0.015633
0.02007
0.024655
0.0292849
0.0339089
0.0387248
0.0441491
0.0509435
0.00078048
0.00227131
0.00551372
0.0101966
0.0147817
0.0191211
0.0233307
0.0275077
0.0317437
0.0361991
0.0411572
0.0471717
0.000715894
0.00196583
0.00483543
0.00914654
0.0141465
0.0189618
0.0234279
0.0275132
0.0313427
0.0352067
0.0395208
0.0448151
0.000642055
0.00178793
0.00439731
0.00829488
0.0134086
0.0186382
0.0235862
0.0280499
0.0319232
0.0353923
0.0389997
0.0434895
0.000629247
0.00167057
0.00410843
0.00773734
0.0127523
0.0182666
0.0236239
0.0285544
0.0327968
0.0362652
0.0393602
0.0429683
0.000614917
0.00158717
0.00390138
0.00733387
0.012169
0.0178614
0.0235588
0.0289124
0.0336162
0.0373854
0.0403125
0.0432287
0.000606586
0.00152358
0.00374289
0.00702681
0.0116792
0.017454
0.0234339
0.0291561
0.0343007
0.0384967
0.0415586
0.0440188
0.000597793
0.00147309
0.00361666
0.00678167
0.0112708
0.017057
0.0232712
0.0293202
0.0348645
0.0395071
0.0428911
0.0451989
0.000589889
0.00143222
0.00351419
0.0065827
0.0109332
0.0166815
0.0230837
0.029426
0.0353318
0.040399
0.0441781
0.04653
0.000581944
0.00139806
0.00342838
0.00641655
0.0106493
0.0163284
0.0228757
0.0294825
0.0357176
0.0411782
0.0453698
0.0479385
0.000573958
0.00136865
0.00335463
0.00627389
0.0104052
0.015998
0.0226496
0.0294947
0.036032
0.0418562
0.046453
0.0493361
0.000565734
0.00134236
0.00328877
0.00614713
0.0101886
0.0156873
0.0224041
0.0294613
0.0362782
0.04244
0.0474269
0.0506759
0.00055731
0.00131846
0.00322889
0.00603221
0.00999284
0.0153963
0.0221427
0.0293847
0.0364603
0.0429377
0.0483002
0.0519469
0.000548722
0.00129639
0.00317362
0.00592642
0.00981298
0.0151234
0.02187
0.0292685
0.036583
0.0433556
0.0490765
0.0531241
0.000540013
0.00127603
0.00312257
0.00582889
0.00964761
0.0148692
0.0215935
0.0291239
0.036659
0.0437081
0.0497679
0.0542055
0.000531138
0.00125682
0.00307453
0.00573751
0.00949315
0.0146303
0.0213141
0.0289511
0.0366887
0.0439959
0.0503715
0.0551717
0.000522126
0.00123842
0.00302854
0.00565025
0.00934612
0.0144022
0.0210309
0.0287487
0.0366696
0.0442157
0.0508853
0.0560302
0.000513017
0.00122082
0.00298459
0.00556708
0.00920643
0.0141853
0.0207495
0.0285251
0.0366112
0.0443798
0.0513272
0.056811
0.000503818
0.00120368
0.00294182
0.00548635
0.00907118
0.0139751
0.0204673
0.0282773
0.0365088
0.0444828
0.0516864
0.0574771
0.000494604
0.00118713
0.00290054
0.00540856
0.00894117
0.0137733
0.0201897
0.0280139
0.0363715
0.0445342
0.0519764
0.0580617
0.000485395
0.00117104
0.00286039
0.00533301
0.0088151
0.0135778
0.0199159
0.0277372
0.0362037
0.0445407
0.0522066
0.0585726
0.00047624
0.00115563
0.00282185
0.00526044
0.00869409
0.0133901
0.0196498
0.0274539
0.0360142
0.0445137
0.0523918
0.0590297
0.000467212
0.00114091
0.0027848
0.00519047
0.00857716
0.0132085
0.0193893
0.0271608
0.0357956
0.0444426
0.0525167
0.0594012
0.000458456
0.00112764
0.00275102
0.00512624
0.00846917
0.0130399
0.0191453
0.0268759
0.0355683
0.0443467
0.0526027
0.0597267
0.000449915
0.00111593
0.00272102
0.00506903
0.0083727
0.0128888
0.0189253
0.0266145
0.0353545
0.0442524
0.0526777
0.0600304
0.000441405
0.00110515
0.00269338
0.00501651
0.00828418
0.0127499
0.0187224
0.0263716
0.0351567
0.0441663
0.0527464
0.0602983
0.000432665
0.00109456
0.00266629
0.0049653
0.00819853
0.012616
0.0185261
0.0261322
0.0349586
0.0440765
0.0528006
0.0605227
0.000423564
0.0010829
0.00263684
0.00490984
0.00810584
0.0124717
0.0183135
0.0258622
0.034713
0.0439266
0.0527758
0.0606321
0.000414344
0.00107122
0.00260718
0.0048541
0.00801298
0.0123272
0.018101
0.0255862
0.0344502
0.0437564
0.0527479
0.0608182
0.000405016
0.00105913
0.00257664
0.0047967
0.00791748
0.0121793
0.0178834
0.025298
0.0341588
0.0435443
0.0526627
0.0608921
0.000395706
0.00104739
0.00254697
0.00474125
0.00782558
0.0120374
0.0176759
0.0250227
0.0338766
0.0433377
0.0525936
0.061039
0.000386352
0.00103539
0.00251668
0.00468443
0.00773156
0.0118922
0.0174627
0.0247344
0.0335646
0.0430815
0.0524382
0.0609909
0.000377053
0.00102355
0.0024867
0.00462834
0.00763843
0.0117485
0.0172515
0.0244464
0.0332422
0.0428002
0.0522489
0.0609347
0.000367734
0.00101181
0.00245716
0.0045732
0.00754748
0.0116083
0.0170462
0.0241661
0.032927
0.0425268
0.0520753
0.0609155
0.000358289
0.000999475
0.00242636
0.00451595
0.00745314
0.0114637
0.0168341
0.0238739
0.0325906
0.0422292
0.051876
0.0608589
0.000348824
0.000986753
0.0023946
0.00445695
0.0073561
0.0113148
0.0166169
0.0235735
0.0322341
0.0418975
0.051633
0.0607463
0.00033938
0.000974661
0.00236443
0.00440067
0.00726335
0.011173
0.0164101
0.0232876
0.0318904
0.0415739
0.0514041
0.060686
0.000329777
0.000963151
0.00233571
0.00434709
0.0071748
0.0110369
0.0162115
0.0230117
0.0315511
0.0412384
0.0511339
0.060504
0.000319697
0.000952977
0.00231051
0.0042998
0.00709656
0.0109166
0.0160356
0.0227682
0.0312507
0.0409418
0.0509092
0.0604218
0.000308483
0.000943513
0.00228772
0.00425731
0.00702599
0.0108079
0.0158765
0.0225467
0.0309758
0.0406664
0.0506904
0.0602955
0.000295677
0.000934265
0.0022663
0.00421746
0.00696004
0.010706
0.015727
0.0223379
0.0307135
0.0403956
0.0504603
0.0601363
0.000281282
0.000924823
0.00224532
0.00417886
0.00689619
0.0106077
0.0155825
0.0221355
0.0304584
0.0401308
0.0502361
0.0599942
0.000266248
0.000914465
0.00222245
0.00413708
0.00682748
0.0105019
0.0154269
0.0219158
0.0301768
0.0398324
0.049971
0.059792
0.000252067
0.000903444
0.00219774
0.0040918
0.00675341
0.0103886
0.0152609
0.0216827
0.0298755
0.039507
0.0496802
0.0595883
0.000239679
0.000892619
0.00217261
0.00404574
0.00667788
0.0102733
0.0150926
0.0214465
0.0295698
0.0391756
0.049386
0.0593817
0.000229297
0.000881928
0.00214685
0.00399794
0.00659942
0.0101533
0.0149178
0.0212012
0.0292472
0.0388092
0.049024
0.0590308
0.000220593
0.000872801
0.00212418
0.00395564
0.00652947
0.0100461
0.0147618
0.0209837
0.0289634
0.0384891
0.0487281
0.0588402
0.000213256
0.00086491
0.0021038
0.00391758
0.00646658
0.00994945
0.0146206
0.0207861
0.0287052
0.0381982
0.0484565
0.0586318
0.000207076
0.000857574
0.00208429
0.00388094
0.00640596
0.00985643
0.0144844
0.0205946
0.0284526
0.0379088
0.0481765
0.0583969
0.000201926
0.000850856
0.00206554
0.00384575
0.00634771
0.00976669
0.0143529
0.0204091
0.0282069
0.0376256
0.0479037
0.0581811
0.00019788
0.0008446
0.00204712
0.0038107
0.00628956
0.00967682
0.0142203
0.0202209
0.0279548
0.0373299
0.0476072
0.0579116
0.000195344
0.000839107
0.00202957
0.00377731
0.00623402
0.00959138
0.0140952
0.0200447
0.0277208
0.0370566
0.0473417
0.0577135
0.000194916
0.000834774
0.00201365
0.0037467
0.00618324
0.00951287
0.0139795
0.0198812
0.0275044
0.0368085
0.0471087
0.0575412
0.000196075
0.000829425
0.00199468
0.00371055
0.00612348
0.00942127
0.0138449
0.0196893
0.0272421
0.0364836
0.0467433
0.0570991
0.000194347
0.000823618
0.0019759
0.00367481
0.00606429
0.00933022
0.0137117
0.0195015
0.0269898
0.0361821
0.0464503
0.0569303
0.000188412
0.000817664
0.00195896
0.0036428
0.00601121
0.00924873
0.0135926
0.0193346
0.026769
0.0359252
0.0462088
0.0567581
0.000181153
0.000811971
0.00194335
0.00361354
0.00596271
0.009174
0.0134833
0.0191811
0.026565
0.035685
0.0459725
0.0565579
0.000173943
0.000806698
0.00192887
0.00358617
0.00591729
0.00910382
0.01338
0.019035
0.0263685
0.0354475
0.0457261
0.0563292
0.000167321
0.000801884
0.00191558
0.00356101
0.00587505
0.00903815
0.0132825
0.0188957
0.0261793
0.0352157
0.0454823
0.0561027
0.000161938
0.000797403
0.00190319
0.0035373
0.00583511
0.00897545
0.0131889
0.0187609
0.0259946
0.034988
0.0452413
0.0558753
0.000158407
0.000793411
0.00189238
0.00351644
0.00579967
0.00891982
0.0131057
0.0186417
0.0258332
0.0347943
0.0450479
0.055724
0.000156552
0.000790606
0.00188445
0.00350066
0.00577201
0.00887494
0.0130372
0.0185422
0.0256991
0.0346373
0.0449002
0.055625
0.00015532
0.000787576
0.00187627
0.00348434
0.00574351
0.00882852
0.0129647
0.0184333
0.0255422
0.0344299
0.0446466
0.0552932
0.00015423
0.000784426
0.00186763
0.00346702
0.00571261
0.00877727
0.0128836
0.0183096
0.0253628
0.0341954
0.0443877
0.0550684
0.00015293
0.000780192
0.00185649
0.003445
0.00567428
0.00871465
0.0127855
0.0181599
0.0251432
0.0338997
0.0440332
0.0546451
0.000151737
0.000776393
0.00184618
0.00342426
0.00563743
0.00865411
0.0126906
0.0180172
0.0249402
0.0336452
0.0437842
0.0545215
0.000150871
0.000774321
0.00183961
0.00340994
0.0056108
0.00860858
0.0126177
0.0179065
0.024785
0.0334619
0.0436241
0.0544275
0.000150514
0.000774937
0.00183919
0.00340639
0.0056005
0.00858645
0.0125763
0.0178371
0.0246817
0.0333397
0.0435194
0.0543484
0.000150822
0.000779046
0.00184592
0.0034147
0.0056078
0.0085881
0.0125652
0.0178029
0.0246151
0.0332495
0.0434321
0.0542582
0.000151662
0.00078666
0.00186155
0.00343822
0.00563692
0.00861763
0.0125863
0.0178024
0.0245785
0.033181
0.0433628
0.0542021
0.000153726
0.000800204
0.00188698
0.00347714
0.00568791
0.00867536
0.0126394
0.0178327
0.0245629
0.0331155
0.0432841
0.054122
0.000158554
0.000827561
0.00194265
0.00356078
0.00579418
0.00879273
0.0127495
0.0179079
0.0245682
0.0330331
0.0431629
0.0539795
0.000164403
0.000847997
0.00200191
0.00366544
0.00593961
0.00896322
0.0129178
0.0180354
0.0246052
0.0329482
0.0430504
0.0539
0.000180311
0.00108299
0.00237637
0.00412402
0.00643532
0.00945617
0.0133713
0.018413
0.0248682
0.033067
0.0431054
0.0539442
0.00130992
0.00504487
0.00948921
0.0144827
0.0199685
0.0258907
0.0321895
0.0388041
0.0456677
0.0527191
0.0599033
0.0671897
0.000434693
0.00188668
0.00503528
0.00902347
0.013866
0.0194821
0.0257821
0.0326456
0.0399499
0.0475702
0.0553881
0.0633081
0.000606229
0.00172439
0.00414045
0.00737342
0.0114755
0.0164333
0.0222132
0.0287466
0.0359297
0.0436279
0.0516861
0.0599512
0.000689091
0.00159443
0.00365241
0.00644477
0.010049
0.0144947
0.0198004
0.0259482
0.0328748
0.0404679
0.0485729
0.057013
0.000702412
0.00140911
0.00322971
0.00572171
0.00897465
0.0130399
0.0179651
0.0237679
0.0304212
0.0378442
0.0459
0.0544171
0.000706451
0.00125637
0.00289977
0.00516602
0.00814997
0.0119138
0.0165226
0.0220184
0.028404
0.0356294
0.043585
0.0521204
0.000706515
0.00114229
0.00264627
0.00473361
0.00750159
0.0110176
0.0153577
0.0205812
0.0267142
0.0337346
0.0415609
0.050058
0.00070516
0.00105385
0.00244339
0.00438407
0.0069726
0.0102802
0.0143896
0.0193721
0.025272
0.0320907
0.0397715
0.0481948
0.000704036
0.000982746
0.00227647
0.00409415
0.00653016
0.00965944
0.0135681
0.0183361
0.0240218
0.0306441
0.0381654
0.0464681
0.000703056
0.00092461
0.00213699
0.00384963
0.00615447
0.00912893
0.012861
0.0174371
0.0229257
0.0293613
0.0367259
0.0449473
0.00070205
0.000876193
0.00201847
0.00364033
0.00583073
0.00866953
0.0122452
0.0166485
0.0219563
0.028216
0.0354277
0.0435359
0.000700958
0.000835253
0.00191634
0.0034586
0.00554816
0.00826689
0.0117026
0.0159496
0.0210914
0.027186
0.0342485
0.0422377
0.000700117
0.000802733
0.00182722
0.00329902
0.0052988
0.00791022
0.01122
0.0153248
0.0203135
0.0262528
0.0331697
0.0410334
0.000700847
0.000787148
0.00174867
0.00315752
0.00507667
0.00759156
0.0107873
0.0147622
0.0196092
0.0254021
0.0321781
0.0399185
0.000703305
0.000785701
0.00167893
0.00303104
0.00487719
0.00730472
0.0103966
0.0142521
0.0189676
0.0246228
0.031264
0.0388865
0.000706466
0.00078931
0.00161675
0.00291734
0.00469741
0.00704485
0.0100416
0.0137871
0.0183803
0.023906
0.0304193
0.0379297
0.000709471
0.000793226
0.00156111
0.00281471
0.0045347
0.00680808
0.0097172
0.013361
0.0178401
0.0232439
0.0296347
0.0370306
0.000712008
0.000796138
0.0015111
0.00272161
0.00438649
0.00659128
0.0094194
0.0129686
0.017341
0.0226292
0.0289009
0.0361774
0.000714059
0.000797966
0.00146595
0.00263672
0.0042507
0.00639182
0.00914483
0.0126059
0.0168783
0.0220577
0.0282178
0.0353982
0.000715697
0.000798911
0.00142515
0.00255895
0.00412574
0.00620766
0.00889077
0.0122697
0.0164483
0.0215251
0.027579
0.0346532
0.000717016
0.000799389
0.0013902
0.00248741
0.00401023
0.00603688
0.00865482
0.0119567
0.0160471
0.0210266
0.0269773
0.0339417
0.000718244
0.000800852
0.00136822
0.00242163
0.00390306
0.00587797
0.00843486
0.0116645
0.0156715
0.020558
0.0264082
0.0332656
0.000719637
0.000804596
0.00136128
0.00236132
0.0038033
0.00572955
0.00822915
0.0113906
0.0153187
0.0201166
0.0258717
0.0326365
0.000721268
0.000810416
0.00136306
0.00230608
0.00371022
0.00559048
0.00803615
0.0111333
0.0149863
0.0196991
0.0253597
0.0320141
0.000723023
0.000817129
0.00136748
0.00225527
0.00362323
0.00546037
0.00785469
0.0108908
0.0146725
0.0193046
0.0248804
0.0314767
0.000724728
0.000823745
0.00137154
0.00220839
0.00354192
0.00533851
0.00768374
0.010662
0.0143762
0.0189324
0.0244294
0.0309505
0.000726325
0.000829722
0.00137416
0.00216488
0.0034658
0.00522408
0.00752247
0.0104459
0.0140961
0.0185806
0.0240015
0.0304407
0.000727749
0.000834763
0.00137517
0.00212436
0.00339433
0.00511626
0.00736995
0.0102413
0.0138308
0.0182468
0.0235926
0.0299476
0.000728995
0.00083904
0.00137474
0.00208643
0.00332712
0.00501441
0.00722548
0.0100474
0.013579
0.0179296
0.023204
0.0294911
0.000730071
0.000842452
0.00137302
0.00205084
0.00326366
0.004918
0.00708853
0.00986336
0.0133399
0.0176277
0.0228333
0.0290468
0.000730933
0.000845255
0.0013703
0.00201744
0.00320371
0.00482666
0.0069584
0.00968837
0.0131124
0.0173404
0.0224817
0.0286373
0.000731719
0.000847585
0.00136685
0.0019866
0.00314703
0.00473995
0.00683469
0.0095219
0.0128958
0.0170668
0.0221461
0.0282344
0.000732421
0.000849497
0.00136323
0.00196016
0.00309338
0.00465755
0.00671684
0.00936324
0.0126893
0.0168054
0.0218232
0.0278367
0.000733068
0.000851374
0.00136057
0.00194169
0.00304291
0.00457916
0.00660454
0.00921194
0.012492
0.0165552
0.0215122
0.0274537
0.00073372
0.000853392
0.00136008
0.00193273
0.00299563
0.00450455
0.00649736
0.00906734
0.0123033
0.0163148
0.0212111
0.0270803
0.000734383
0.000856007
0.00136228
0.00193114
0.00295164
0.00443354
0.00639539
0.00892907
0.0121225
0.0160846
0.0209266
0.0267563
0.000735183
0.000859174
0.00136673
0.00193359
0.00291065
0.00436606
0.00629833
0.00879668
0.0119491
0.0158625
0.0206459
0.0263793
0.000736052
0.000862826
0.00137268
0.00193756
0.00287243
0.00430192
0.00620567
0.00866978
0.0117826
0.0156501
0.0203862
0.026121
0.000737016
0.000866771
0.0013793
0.00194162
0.00283666
0.00424088
0.00611716
0.00854817
0.0116229
0.015446
0.0201299
0.0257623
0.000738029
0.000870703
0.00138595
0.00194505
0.00280295
0.00418272
0.0060324
0.00843141
0.0114694
0.0152498
0.0198858
0.0254894
0.000739053
0.000874573
0.00139224
0.00194756
0.00277111
0.00412721
0.00595121
0.00831923
0.0113217
0.0150606
0.0196467
0.0251702
0.000740065
0.000878099
0.00139791
0.00194908
0.00274081
0.00407413
0.00587331
0.00821142
0.0111796
0.0148777
0.0194148
0.0248865
0.00074099
0.000881367
0.00140292
0.00194963
0.00271203
0.00402339
0.00579852
0.00810766
0.0110426
0.0147013
0.0191938
0.024633
0.000741928
0.000884338
0.00140719
0.00194927
0.00268458
0.00397477
0.00572673
0.00800778
0.0109106
0.0145316
0.0189832
0.0243848
0.000742854
0.00088702
0.00141081
0.00194814
0.00265857
0.0039282
0.00565768
0.00791156
0.0107834
0.0143685
0.0187805
0.0241355
0.000743769
0.000889464
0.00141382
0.0019464
0.00263443
0.00388357
0.00559132
0.00781892
0.010661
0.0142117
0.0185851
0.0238983
0.000744668
0.000891613
0.00141632
0.00194444
0.00261314
0.00384085
0.00552744
0.00772961
0.010543
0.0140605
0.0183964
0.0236668
0.000745567
0.000893682
0.00141858
0.00194283
0.00259644
0.00380007
0.00546594
0.00764361
0.0104293
0.013915
0.0182152
0.0234511
0.000746468
0.000895552
0.00142078
0.00194227
0.00258553
0.00376142
0.00540691
0.0075611
0.0103199
0.0137749
0.0180408
0.0232379
0.000747329
0.000897453
0.00142331
0.00194331
0.00258035
0.00372502
0.00535024
0.00748189
0.0102144
0.0136394
0.0178696
0.0230119
0.000748288
0.000899499
0.00142638
0.00194616
0.00257962
0.00369091
0.005296
0.00740589
0.0101128
0.0135088
0.0177056
0.0228224
0.000749326
0.00090167
0.00143013
0.00195064
0.00258172
0.00365899
0.00524405
0.00733286
0.0100149
0.0133828
0.0175476
0.0226278
0.000750422
0.000904067
0.00143455
0.00195637
0.00258535
0.0036291
0.0051944
0.00726276
0.00992069
0.0132615
0.0173946
0.022433
0.000751623
0.000906599
0.00143952
0.00196294
0.00258957
0.00360106
0.00514691
0.0071954
0.00982998
0.0131444
0.0172461
0.0222438
0.000752878
0.000909318
0.00144494
0.00196996
0.00259387
0.00357466
0.00510148
0.00713073
0.00974262
0.0130311
0.0171009
0.0220554
0.000754235
0.000912108
0.00145054
0.0019771
0.00259788
0.00354977
0.00505812
0.00706866
0.00965861
0.0129218
0.0169612
0.0218841
0.000755686
0.000914957
0.00145625
0.00198415
0.00260147
0.00352625
0.00501668
0.00700909
0.00957748
0.0128162
0.0168256
0.0217102
0.000757233
0.000917837
0.00146191
0.00199095
0.0026046
0.003504
0.00497717
0.00695196
0.00949961
0.0127145
0.0166962
0.0215586
0.000758871
0.000920646
0.00146742
0.0019974
0.0026072
0.00348296
0.00493949
0.00689732
0.00942474
0.0126168
0.0165727
0.0214073
0.000760566
0.000923411
0.00147273
0.00200346
0.00260933
0.00346306
0.00490362
0.00684515
0.00935322
0.0125236
0.0164545
0.0212587
0.000762378
0.000926102
0.00147779
0.00200912
0.00261102
0.00344429
0.00486959
0.00679532
0.00928486
0.0124342
0.0163396
0.0211053
0.000764307
0.000928749
0.00148263
0.0020144
0.00261236
0.00342674
0.00483744
0.00674811
0.00921963
0.012349
0.0162312
0.0209809
0.000766368
0.000931331
0.00148721
0.0020193
0.00261339
0.00341046
0.00480708
0.00670344
0.00915802
0.0122682
0.0161284
0.0208509
0.000768583
0.00093387
0.00149158
0.00202387
0.00261425
0.00339562
0.00477866
0.00666133
0.00909979
0.0121921
0.0160318
0.0207317
0.000770988
0.000936416
0.00149575
0.00202818
0.00261511
0.00338262
0.0047525
0.00662225
0.00904532
0.0121204
0.0159379
0.0205925
0.000773608
0.000938898
0.00149977
0.00203235
0.00261615
0.00337183
0.00472845
0.00658609
0.0089951
0.0120537
0.0158536
0.0205203
0.000776479
0.000941467
0.00150374
0.00203645
0.00261755
0.00336336
0.00470693
0.00655321
0.00894925
0.0119926
0.0157735
0.020385
0.000779668
0.00094405
0.00150768
0.0020407
0.00261966
0.00335787
0.00468818
0.00652417
0.00890834
0.0119373
0.0157009
0.0203075
0.000783235
0.000946775
0.00151174
0.00204512
0.00262266
0.00335552
0.0046729
0.00649941
0.00887295
0.0118886
0.0156346
0.0202016
0.000787381
0.000949741
0.00151598
0.00205003
0.00262677
0.00335602
0.00466158
0.0064801
0.0088444
0.0118478
0.0155779
0.0201399
0.000792226
0.000952827
0.00152053
0.00205548
0.00263212
0.00335965
0.00465482
0.00646685
0.00882348
0.0118166
0.0155367
0.0201156
0.000798124
0.000956947
0.00152638
0.00206251
0.0026397
0.00336712
0.00465545
0.00646259
0.00881325
0.011798
0.0155102
0.0200694
0.000804828
0.000958191
0.0015298
0.0020679
0.00264616
0.0033747
0.00465882
0.00646406
0.00881163
0.0117914
0.0154991
0.0200654
0.000820497
0.000979731
0.00155168
0.00209156
0.00267318
0.00340949
0.0047037
0.00650926
0.00885228
0.0118227
0.0155179
0.0200527
0.00075819
0.000902196
0.00149911
0.00204209
0.00261435
0.0033371
0.00461785
0.0064222
0.00877208
0.0117581
0.0154779
0.0200299
0.0855492
0.134286
0.0914531
0.0256743
0.0816821
0.137376
0.0875014
0.0880357
0.069568
0.0778836
0.140191
0.0918134
0.0839901
0.114604
0.129256
0.0764458
0.115628
0.140046
0.114279
0.0748423
0.120271
0.131807
0.1085
0.115352
0.0850599
0.0919548
0.135517
0.075311
0.081976
0.0693827
0.0798328
0.124738
0.0772438
0.13999
0.0722603
0.0974437
0.0910185
0.338772
0.076067
0.0687347
0.0771313
0.0677067
0.0860935
0.137349
0.0887783
0.128875
0.117306
0.141283
0.124661
0.121006
0.199724
0.0719038
0.139748
0.0342103
0.129487
0.106236
0.359867
0.075316
0.143671
0.132821
0.139753
0.139268
0.13856
0.105716
0.0987419
0.0908288
0.0674282
0.120472
0.136144
0.0900363
0.137806
0.0866163
0.101486
0.03155
0.125375
0.0659925
0.0829224
0.139675
0.140076
0.0726157
0.0474618
0.180204
0.0466179
0.126983
0.139932
0.140055
0.12913
0.11158
0.0801336
0.084388
0.0832219
0.0887152
0.13211
0.0922595
0.0989595
0.1323
0.119917
0.135291
0.0602174
0.0693281
0.0872878
0.139403
0.130877
0.0817622
0.0725845
0.103001
0.0308929
0.120122
0.0863465
0.139153
0.0742999
0.112839
0.131378
0.140008
0.156591
0.0905964
0.139937
0.0903873
0.0418128
0.081981
0.13391
0.131973
0.139581
0.0848954
0.139849
0.0832601
0.136932
0.104063
0.136836
0.0244442
0.173265
0.0738631
0.0668174
0.0288774
0.0966301
0.113564
0.140098
0.140148
0.0788892
0.0542092
0.134588
0.140544
0.129138
0.096594
0.138157
0.193742
0.043475
0.0395371
0.0887762
0.15622
0.079304
0.0901054
0.111795
0.032172
0.115483
0.135257
0.0828748
0.109949
0.0957207
0.140072
0.0843832
0.0354861
0.119128
0.121008
0.15513
0.131364
0.084699
0.140196
0.103763
0.0922936
0.143254
0.0859683
0.074522
0.0792828
0.0405914
0.139742
0.0751963
0.131553
0.0837589
0.140119
0.0366025
0.0812338
0.125521
0.0882319
0.136592
0.140004
0.0751173
0.0868541
0.0883891
0.140085
0.119719
0.02534
0.134953
0.235698
0.0565888
0.0923292
0.0712701
0.130317
0.0723662
0.0736956
0.13699
0.129952
0.137529
0.0883785
0.0269401
0.0868162
0.115048
0.13607
0.0742788
0.139889
0.0493546
0.135151
0.138169
0.111475
0.0805394
0.14027
0.14019
0.134772
0.135821
0.0970491
0.139838
0.0653662
0.0774933
0.090865
0.111174
0.176839
0.113622
0.121365
0.138724
0.162188
0.0901281
0.0483516
0.0809617
0.16746
0.0933519
0.0861779
0.0312578
0.133491
0.079529
0.0471514
0.0669925
0.137202
0.0625737
0.147637
0.138344
0.123882
0.117432
0.0885316
0.11667
0.141775
0.0366282
0.0726768
0.140112
0.133687
0.114482
0.079108
0.125665
0.0747626
0.155563
0.0809066
0.122291
0.0926729
0.0347634
0.0883432
0.0578244
0.136379
0.135442
0.0934436
0.0964128
0.147479
0.170421
0.129007
0.0821544
0.139527
0.138637
0.133224
0.0889755
0.139446
0.138851
0.128571
0.143156
0.0770565
0.213474
0.0668776
0.138785
0.0649134
0.136093
0.114327
0.0639307
0.104815
0.127944
0.248951
0.0943218
0.0835412
0.068309
0.0830717
0.13421
0.053549
0.064043
0.139668
0.103645
0.0797632
0.0683023
0.120303
0.140082
0.138622
0.0428379
0.119687
0.146314
0.125385
0.140143
0.129347
0.0662074
0.126123
0.0994136
0.125826
0.0773878
0.135871
0.0398489
0.137957
0.0531849
0.135208
0.139982
0.139503
0.0820422
0.117831
0.0986178
0.089799
0.139923
0.135337
0.111253
0.0546595
0.127494
0.0676808
0.0851807
0.133562
0.044006
0.112322
0.139938
0.0913704
0.122651
0.139639
0.0749208
0.132425
0.125205
0.0426437
0.138447
0.0421009
0.0992649
0.13443
0.0899631
0.112607
0.0331411
0.143824
0.0831812
0.0832725
0.143409
0.080045
0.0855015
0.0921143
0.134828
0.139107
0.0825919
0.0788498
0.0767853
0.0539375
0.1397
0.0928992
0.0628066
0.06709
0.042622
0.03567
0.126579
0.127528
0.0101236
0.138014
0.0772118
0.11751
0.137684
0.117927
0.110917
0.070018
0.0862881
0.250293
0.139719
0.138279
0.132274
0.0930321
0.140006
0.0262706
0.0652728
0.0907183
0.138429
0.0787618
0.128015
0.0336617
0.0337726
0.0582175
0.0894792
0.140064
0.107631
0.0953854
0.137979
0.139653
0.0686432
0.137385
0.0953492
0.106073
0.0648779
0.100703
0.0917179
0.00930427
0.02081
0.139902
0.0334198
0.066134
0.0735854
0.0325082
0.0730979
0.103235
0.251391
0.139864
0.0709885
0.0694098
0.0442202
0.0423638
0.139331
0.139776
0.138806
0.139409
0.114548
0.0755533
0.0897155
0.0822747
0.135957
0.135182
0.0512828
0.0927887
0.0632934
0.140096
0.0860391
0.109872
0.0341064
0.135231
0.220043
0.131019
0.0910195
0.10471
0.0524108
0.13926
0.0548283
0.124902
0.0926405
0.049544
0.139805
0.121836
0.140174
0.137122
0.0954424
0.0311401
0.0532334
0.0416857
0.137918
0.162391
0.088034
0.138196
0.097204
0.137916
0.13778
0.0500698
0.0397727
0.0246432
0.045173
0.145439
0.348157
0.0559678
0.140176
0.139136
0.139163
0.054716
0.111163
0.139761
0.0977179
0.0351714
0.127226
0.138071
0.138081
0.137191
0.125114
0.22081
0.124631
0.125072
0.117523
0.02077
0.0804978
0.120931
0.135471
0.138925
0.118133
0.136722
0.0482652
0.0916616
0.366176
0.0846485
0.128332
0.139954
0.13018
0.139806
0.10858
0.351214
0.0620455
0.138673
0.0923831
0.0669969
0.136432
0.0241355
0.13991
0.0501713
0.090409
0.0931416
0.138758
0.134769
0.0973778
0.0765311
0.139809
0.125756
0.0636581
0.0616017
0.132844
0.0851262
0.0975264
0.122785
0.041855
0.133441
0.0834092
0.0847548
0.128023
0.135888
0.171894
0.0711037
0.129886
0.12596
0.0949889
0.126371
0.0495687
0.0803594
0.247164
0.072909
0.045019
0.130035
0.110629
0.097457
0.100345
0.123798
0.128336
0.136779
0.0671721
0.150308
0.127983
0.139839
0.139646
0.15279
0.0630541
0.0757204
0.133077
0.106319
0.0337357
0.109191
0.0725961
0.331459
0.138223
0.0324073
0.126742
0.138607
0.29447
0.121866
0.138382
0.109503
0.0462277
0.139523
0.116951
0.185754
0.108856
0.113528
0.120937
0.0664042
0.139855
0.0742698
0.110836
0.084166
0.114439
0.105913
0.11284
0.105459
0.0670005
0.159046
0.132995
0.0597477
0.121368
0.0865307
0.0791721
0.0624524
0.0557589
0.0460526
0.140235
0.125258
0.0693309
0.11496
0.0965389
0.105719
0.137516
0.0765974
0.0696219
0.0690687
0.0782413
0.106106
0.0834953
0.127957
0.132982
0.139772
0.122264
0.154366
0.107571
0.138554
0.140168
0.134692
0.137821
0.120574
0.0845772
0.0757269
0.0811823
0.0837567
0.142133
0.0430554
0.0679759
0.120046
0.13608
0.136026
0.136643
0.0761682
0.0811268
0.1292
0.0588275
0.0235599
0.082176
0.140195
0.0839003
0.0706162
0.109265
0.128763
0.083811
0.0747973
0.0664781
0.139304
0.122794
0.0579573
0.0766718
0.137337
0.107874
0.088431
0.126261
0.0677011
0.0779621
0.0760243
0.0844115
0.0832021
0.0447164
0.111581
0.137255
0.0889483
0.0618553
0.142179
0.0406106
0.0851417
0.138555
0.235962
0.0868786
0.0967709
0.0666341
0.124934
0.0751187
0.139732
0.0774318
0.104249
0.0915886
0.116547
0.0701323
0.0647039
0.140021
0.103152
0.0792091
0.138601
0.0860796
0.0669328
0.131904
0.139248
0.0550216
0.139724
0.100002
0.0848169
0.135703
0.0766132
0.132498
0.139296
0.0754915
0.0289304
0.140086
0.0897078
0.0729595
0.140521
0.0894737
0.0755138
0.136478
0.0322001
0.139163
0.10371
0.139374
0.130792
0.108627
0.08245
0.0842949
0.137802
0.0823503
0.134232
0.0843868
0.13957
0.129341
0.0898131
0.139957
0.135602
0.0869273
0.127347
0.123053
0.127393
0.0661927
0.131921
0.0732207
0.102066
0.133753
0.137573
0.113983
0.0798145
0.0891513
0.0711375
0.138801
0.0497693
0.135569
0.132694
0.139647
0.13872
0.114017
0.136524
0.0454833
0.115309
0.0291185
0.0839229
0.103992
0.113178
0.0819128
0.138809
0.11689
0.0323989
0.127364
0.0408379
0.215485
0.076034
0.125163
0.0816839
0.139436
0.0787192
0.117128
0.0574031
0.135156
0.115546
0.0822958
0.0583213
0.097242
0.137767
0.13296
0.135313
0.140094
0.11934
0.138023
0.085419
0.140911
0.316725
0.0875273
0.137796
0.131567
0.0896636
0.0917741
0.074372
0.0613789
0.0910359
0.139808
0.0599131
0.131522
0.104836
0.0691335
0.138441
0.136095
0.0722593
0.0542008
0.0343582
0.0611298
0.133999
0.0820244
0.0734968
0.083184
0.106563
0.137873
0.138771
0.0817779
0.116787
0.136833
0.103622
0.0810659
0.131991
0.139794
0.0563408
0.0841787
0.0937467
0.070301
0.0795907
0.138835
0.133771
0.111392
0.136471
0.064106
0.0979713
0.134326
0.0381022
0.136961
0.132967
0.0733135
0.0871889
0.117668
0.173923
0.0373227
0.127198
0.0942971
0.147547
0.139023
0.138872
0.0676578
0.135867
0.0662467
0.089322
0.141239
0.137792
0.174272
0.137398
0.110099
0.0694752
0.131341
0.138529
0.0736657
0.0315865
0.139574
0.111735
0.125039
0.0514526
0.132776
0.156757
0.139219
0.0791365
0.129408
0.13894
0.0385568
0.137338
0.236176
0.137457
0.13482
0.0587706
0.163193
0.0927275
0.139693
0.133018
0.132608
0.064411
0.141643
0.0940038
0.0359976
0.0280066
0.170332
0.0789375
0.0671499
0.132747
0.1275
0.134817
0.0826592
0.136991
0.101195
0.140108
0.107612
0.0806547
0.0990002
0.0302426
0.127997
0.125144
0.127569
0.0383094
0.148125
0.0610472
0.101511
0.0754286
0.135293
0.0502735
0.0848619
0.131606
0.133225
0.115599
0.04634
0.07681
0.137315
0.0703475
0.110542
0.0407583
0.0751871
0.086949
0.290427
0.0280685
0.129971
0.118168
0.118832
0.0843081
0.0414752
0.105502
0.138849
0.138283
0.0899223
0.137045
0.120465
0.0843096
0.0562651
0.130332
0.117323
0.0937054
0.0949535
0.122572
0.108616
0.110623
0.0277596
0.0846715
0.137573
0.137714
0.0530168
0.138775
0.11603
0.0742518
0.139248
0.133471
0.350173
0.111629
0.120885
0.0601766
0.116044
0.129274
0.0993581
0.139109
0.168065
0.0952378
0.098822
0.0545287
0.133791
0.105602
0.139667
0.135994
0.159098
0.0929855
0.139518
0.103085
0.138395
0.0772454
0.137098
0.174026
0.0746478
0.0785576
0.139988
0.137754
0.104671
0.0157985
0.139291
0.0615692
0.0781917
0.137343
0.106688
0.137185
0.0790479
0.141078
0.102234
0.0963827
0.139977
0.126194
0.13628
0.0329077
0.138628
0.081594
0.119188
0.139005
0.0966438
0.0770046
0.134226
0.132078
0.13729
0.0990438
0.138743
0.0863367
0.114171
0.104623
0.0988748
0.0796306
0.13711
0.0601073
0.090594
0.136843
0.10155
0.12495
0.0653127
0.116451
0.0866857
0.0560551
0.0886105
0.115993
0.0697899
0.127593
0.137766
0.110923
0.0857226
0.0647125
0.137881
0.137501
0.0294882
0.190361
0.0721792
0.127212
0.101561
0.139688
0.120361
0.119276
0.117249
0.14001
0.13489
0.0119308
0.0712536
0.132591
0.139744
0.135733
0.104546
0.0806947
0.0668808
0.0250629
0.101038
0.0331456
0.0867588
0.138302
0.0721859
0.0737726
0.0865134
0.0466228
0.0783208
0.112754
0.14007
0.0981102
0.101726
0.292114
0.139034
0.0877686
0.23838
0.136412
0.139744
0.0882277
0.0861476
0.0781763
0.0959478
0.146264
0.0592181
0.132063
0.140155
0.138995
0.139563
0.131056
0.152672
0.229191
0.0947085
0.130959
0.139208
0.216313
0.126133
0.13703
0.13792
0.134444
0.0777808
0.0990576
0.0916123
0.103223
0.125652
0.0723831
0.138095
0.140022
0.138214
0.0629231
0.0293501
0.0740276
0.139907
0.219854
0.125686
0.0884096
0.0271204
0.106125
0.0599428
0.0152232
0.139425
0.0813846
0.0794468
0.0520468
0.0748576
0.139955
0.137819
0.138325
0.248699
0.0925371
0.0510446
0.120614
0.0412275
0.139379
0.347482
0.0821767
0.119833
0.0980706
0.0272911
0.018185
0.195261
0.0498384
0.0592536
0.0759568
0.0757655
0.140257
0.139766
0.131096
0.0626071
0.139479
0.0509476
0.139066
0.107594
0.0888363
0.0452902
0.13996
0.115777
0.139921
0.052183
0.0869213
0.106987
0.12331
0.134301
0.102635
0.130455
0.0963246
0.139125
0.1271
0.104913
0.136868
0.0972448
0.120571
0.136217
0.136928
0.140034
0.0644121
0.0739446
0.0825388
0.0968586
0.14021
0.0486004
0.138449
0.0523113
0.129714
0.242345
0.13435
0.0949039
0.0888466
0.0827811
0.139724
0.139887
0.0265118
0.0529048
0.0445339
0.0367859
0.0802008
0.137168
0.124139
0.0790717
0.0812384
0.0909295
0.115446
0.103479
0.140207
0.0707123
0.126701
0.139632
0.0950552
0.088065
0.139412
0.133445
0.0710205
0.129141
0.0706633
0.0901456
0.139541
0.138939
0.0657162
0.0506334
0.0942935
0.089445
0.0781714
0.00790232
0.348097
0.136501
0.0923641
0.139181
0.131899
0.0952253
0.156234
0.0712776
0.0533331
0.112474
0.0625347
0.0530279
0.0520585
0.125195
0.0704621
0.140063
0.139255
0.139538
0.0903685
0.336198
0.140143
0.143679
0.0829121
0.0471777
0.120957
0.110219
0.0985291
0.138775
0.129152
0.135746
0.0961196
0.0486502
0.0889001
0.0689556
0.0802088
0.0846968
0.093761
0.083085
0.0454073
0.106185
0.08067
0.121948
0.0860195
0.128444
0.0703268
0.0916306
0.0430371
0.122944
0.102284
0.101261
0.059165
0.105766
0.100617
0.0888896
0.0809892
0.121363
0.0398897
0.101297
0.129829
0.107432
0.120438
0.140177
0.130896
0.0809324
0.0775417
0.139782
0.137151
0.158833
0.0835161
0.0827206
0.135181
0.30538
0.127538
0.0855444
0.133912
0.139918
0.0702415
0.063952
0.143058
0.107444
0.0879568
0.09046
0.125042
0.0477442
0.273298
0.0675333
0.0793292
0.0642109
0.138591
0.134791
0.110025
0.102495
0.126659
0.137339
0.103037
0.0790551
0.140174
0.0955784
0.0570526
0.138872
0.12122
0.0556244
0.120871
0.0437682
0.100222
0.102957
0.122136
0.0147384
0.0801176
0.0869055
0.0575122
0.0653651
0.315644
0.0482272
0.106018
0.0980095
0.0744799
0.139918
0.128347
0.119244
0.086028
0.123121
0.0774826
0.122352
0.0752372
0.0897539
0.0760454
0.0612127
0.0720078
0.132246
0.0654197
0.0901967
0.0509461
0.0288854
0.117377
0.13778
0.030431
0.173799
0.10932
0.139604
0.127955
0.0335813
0.14011
0.0801511
0.102827
0.0254033
0.0864092
0.134709
0.0937059
0.0858051
0.0599015
0.135938
0.136229
0.134616
0.12697
0.0865087
0.135935
0.110143
0.140145
0.0764687
0.13888
0.282758
0.0889267
0.140121
0.0972946
0.0669606
0.14019
0.0819336
0.0542418
0.0633365
0.138349
0.0526551
0.0676072
0.124671
0.133537
0.163914
0.126763
0.137942
0.0364092
0.139711
0.140058
0.109505
0.0709544
0.0672169
0.104575
0.116948
0.108752
0.0679808
0.110418
0.0342951
0.0742182
0.0663682
0.0808422
0.0636005
0.0798929
0.137364
0.0535762
0.140994
0.0390108
0.0782997
0.138784
0.0859018
0.0830032
0.0725996
0.0352323
0.0350139
0.0854872
0.0585906
0.0744752
0.0911481
0.0878528
0.422197
0.13826
0.0706946
0.136044
0.118571
0.118456
0.133414
0.138373
0.132963
0.0351288
0.0809342
0.066084
0.0212752
0.0750271
0.0750298
0.10214
0.0871877
0.0854157
0.13739
0.0268311
0.138439
0.11951
0.0756593
0.0469675
0.133659
0.0830042
0.123048
0.136273
0.0786904
0.0879417
0.142222
0.139469
0.140129
0.061444
0.135496
0.0922428
0.132949
0.0700287
0.139839
0.13803
0.130209
0.134838
0.139005
0.0815923
0.113114
0.0805625
0.0281531
0.12825
0.102886
0.0677876
0.110079
0.0989974
0.0969164
0.0844479
0.115121
0.0889634
0.106877
0.101845
0.0836918
0.0841705
0.0982219
0.115861
0.0810705
0.174886
0.092395
0.0793312
0.0884226
0.0894257
0.0944359
0.0973332
0.0531048
0.0795183
0.11132
0.138431
0.0856076
0.125192
0.0245029
0.109422
0.174483
0.13289
0.0645738
0.138178
0.139571
0.0496044
0.0919992
0.150506
0.12225
0.0880899
0.0992649
0.0948893
0.133462
0.135509
0.0980485
0.122625
0.0959374
0.124919
0.124308
0.0895147
0.0697151
0.136034
0.112229
0.0937017
0.0865009
0.0550398
0.111713
0.185543
0.0247569
0.106199
0.0855213
0.138105
0.271278
0.0771845
0.0789672
0.139763
0.0563251
0.105358
0.0654174
0.139612
0.115853
0.077939
0.0638251
0.0835425
0.0919717
0.1385
0.0705341
0.137356
0.137073
0.0532328
0.218286
0.140039
0.139469
0.039839
0.0846925
0.03585
0.135358
0.0433796
0.0810004
0.0837415
0.096964
0.0943331
0.139236
0.131451
0.0581099
0.0842095
0.0739618
0.320885
0.0975145
0.0555087
0.0989726
0.117296
0.0254603
0.144423
0.0789898
0.101529
0.0654067
0.0837305
0.117131
0.139209
0.126665
0.140175
0.139217
0.329346
0.0470806
0.0406739
0.124938
0.104733
0.134399
0.087724
0.0758619
0.140012
0.154778
0.137266
0.0957311
0.0918539
0.140192
0.0240001
0.139609
0.0832247
0.0823543
0.0646109
0.139863
0.135724
0.115197
0.0791686
0.0928916
0.136136
0.069459
0.0555932
0.0869325
0.120865
0.0580564
0.181734
0.130248
0.075322
0.140144
0.0816267
0.137306
0.0569771
0.135552
0.04935
0.109047
0.128513
0.0680002
0.0216585
0.0913972
0.062567
0.0366538
0.121822
0.130527
0.0313375
0.1073
0.0964199
0.112419
0.053806
0.118872
0.0153886
0.108754
0.0781766
0.125531
0.140158
0.138044
0.0640336
0.140061
0.140182
0.0860628
0.13517
0.060378
0.0750871
0.0778718
0.0715798
0.0719394
0.138265
0.125134
0.0571791
0.122474
0.1401
0.366472
0.138694
0.0728753
0.0257524
0.0593919
0.072559
0.0279254
0.0642457
0.136566
0.131321
0.138379
0.0656346
0.377135
0.0601068
0.139382
0.0571952
0.00839971
0.133443
0.0599746
0.0768119
0.0879134
0.0614763
0.137097
0.317704
0.0350592
0.0654086
0.116498
0.0869148
0.0736971
0.138137
0.073713
0.132883
0.101134
0.030276
0.0958085
0.13506
0.138231
0.0943448
0.0709616
0.0347179
0.140137
0.139833
0.125083
0.0918036
0.084296
0.108721
0.0308906
0.0838541
0.13957
0.0309889
0.088538
0.084644
0.141464
0.0628341
0.133043
0.140086
0.136236
0.13875
0.118219
0.123066
0.0344603
0.0895711
0.0295673
0.140301
0.13992
0.131628
0.139559
0.136659
0.123244
0.128485
0.0983828
0.0729684
0.119791
0.139599
0.138222
0.13933
0.0679189
0.130028
0.130998
0.1316
0.0752663
0.133568
0.117097
0.0624088
0.118187
0.099861
0.0766857
0.0696712
0.110286
0.0687584
0.0836086
0.129934
0.133575
0.139811
0.0266359
0.131695
0.132731
0.137611
0.0596153
0.0482191
0.106022
0.132915
0.0996639
0.130678
0.0989674
0.0847171
0.136942
0.0788671
0.0828816
0.140184
0.0983012
0.0827424
0.113832
0.138397
0.132512
0.200833
0.0641734
0.130339
0.0863741
0.0759898
0.116401
0.0961135
0.103145
0.138476
0.0811538
0.127811
0.135367
0.102789
0.0774505
0.0175028
0.106136
0.0559432
0.0894822
0.259073
0.0742584
0.0750563
0.138601
0.0778116
0.0723404
0.0319136
0.105045
0.14797
0.144729
0.0634054
0.0945373
0.0544633
0.0317278
0.131513
0.136956
0.0852301
0.152014
0.136332
0.108603
0.110682
0.140137
0.0714218
0.0882511
0.135035
0.138823
0.11496
0.0914724
0.0913876
0.0401335
0.050718
0.104974
0.0874596
0.10484
0.0627551
0.134294
0.0926436
0.257034
0.0848476
0.0280852
0.309269
0.0310811
0.122811
0.105653
0.0352363
0.0880025
0.064342
0.0651379
0.030722
0.137438
0.049538
0.0453803
0.0852746
0.132664
0.13968
0.0244543
0.100422
0.0923408
0.0779254
0.133745
0.122808
0.0734316
0.086252
0.140156
0.101827
0.10118
0.131669
0.0786585
0.328113
0.0706516
0.117803
0.0670018
0.147732
0.0448078
0.138556
0.133393
0.0961166
0.102048
0.199342
0.0524357
0.0837079
0.101097
0.137961
0.0332605
0.0820871
0.140126
0.0462832
0.138445
0.0725881
0.140149
0.0342262
0.0133578
0.0997474
0.0662033
0.111713
0.0665317
0.139156
0.0405878
0.13777
0.0771869
0.10193
0.12113
0.133159
0.0729146
0.0138851
0.0322469
0.122969
0.12742
0.026554
0.147658
0.0515922
0.128332
0.0823023
0.136957
0.0867611
0.138749
0.0971798
0.360295
0.138783
0.140057
0.157208
0.0875947
0.138348
0.0926154
0.287754
0.0703477
0.0821007
0.0614792
0.0922634
0.0666868
0.135744
0.134184
0.0628755
0.138179
0.127362
0.0695156
0.108318
0.126339
0.0827721
0.0727041
0.0929462
0.053781
0.0657154
0.0611137
0.105168
0.104252
0.0359316
0.0761468
0.0234539
0.0477028
0.0754542
0.0599944
0.0831391
0.122879
0.13522
0.14001
0.0914576
0.0588711
0.137415
0.0775684
0.13553
0.0822172
0.0595379
0.039799
0.105864
0.114172
0.139669
0.116569
0.138076
0.0700385
0.120955
0.0925073
0.136569
0.0248457
0.134842
0.123136
0.140082
0.0397182
0.134343
0.136844
0.097614
0.130856
0.0847767
0.139475
0.139852
0.0938154
0.0595115
0.139874
0.110098
0.101733
0.0329672
0.130599
0.0404526
0.0971427
0.138472
0.105288
0.136516
0.0185298
0.139973
0.140156
0.0868433
0.138938
0.139725
0.124033
0.0907305
0.0249108
0.139608
0.0878877
0.280702
0.139718
0.0919319
0.0828308
0.0766183
0.110224
0.135274
0.104735
0.139999
0.0965175
0.0779263
0.0643107
0.140857
0.120759
0.139362
0.0991094
0.140111
0.135185
0.0588856
0.0644147
0.137334
0.074509
0.0544125
0.133705
0.0868149
0.0815827
0.129755
0.139841
0.0930458
0.068205
0.0331332
0.140103
0.130003
0.13843
0.0919905
0.0760548
0.0672875
0.0676876
0.0878851
0.0321464
0.0327357
0.137564
0.119879
0.120382
0.0487563
0.0886501
0.134429
0.0826723
0.0661377
0.0661217
0.132517
0.118923
0.0810086
0.0682549
0.140012
0.101001
0.137973
0.0471772
0.127037
0.0850814
0.0796036
0.0137965
0.0671144
0.134636
0.123192
0.115306
0.114649
0.0200006
0.101887
0.155544
0.138834
0.0346628
0.0380943
0.0920206
0.0536464
0.139287
0.140167
0.12285
0.0891619
0.139693
0.092405
0.0850985
0.0559212
0.139832
0.0929477
0.100427
0.139855
0.0746103
0.129903
0.100273
0.1328
0.181606
0.113536
0.0674284
0.0949664
0.0784532
0.152936
0.108361
0.0598541
0.0957508
0.119416
0.104993
0.0653721
0.08562
0.0859409
0.0635788
0.135747
0.114696
0.0863832
0.0818025
0.140008
0.126702
0.138626
0.0685786
0.119076
0.144052
0.122994
0.22405
0.0567758
0.139968
0.120244
0.0985268
0.0648834
0.0879909
0.105262
0.105907
0.0487067
0.14783
0.12426
0.163187
0.0418785
0.136707
0.140139
0.0832977
0.0403175
0.0574802
0.145004
0.038767
0.0989648
0.0838508
0.134347
0.0792024
0.139519
0.110985
0.110773
0.129831
0.0791855
0.0746245
0.0663231
0.0248134
0.132983
0.0570209
0.0499213
0.051181
0.0828841
0.0875643
0.0871013
0.099185
0.139186
0.137267
0.093499
0.0293941
0.139095
0.140082
0.0647071
0.063505
0.0270816
0.0787616
0.00700141
0.0409472
0.0674575
0.137624
0.134291
0.0288609
0.13601
0.139998
0.0482148
0.0861336
0.135682
0.044712
0.139865
0.0795996
0.0959051
0.0550614
0.0990974
0.112448
0.088248
0.0935352
0.117724
0.0677534
0.0386572
0.0852824
0.0671262
0.0713068
0.090966
0.116273
0.0548394
0.11058
0.11877
0.136909
0.0673366
0.0596094
0.00721762
0.138627
0.13883
0.133584
0.0652135
0.154791
0.132985
0.101844
0.083363
0.137326
0.137681
0.123459
0.0992832
0.0725764
0.135489
0.0631372
0.0702877
0.0466496
0.0522263
0.140205
0.0792088
0.0653774
0.140165
0.0978771
0.137267
0.0956518
0.0772922
0.255766
0.127783
0.132854
0.138561
0.139813
0.124686
0.0781571
0.0896494
0.024701
0.127356
0.101598
0.199379
0.0972415
0.140594
0.0912903
0.139921
0.13775
0.0985961
0.0701977
0.132886
0.101865
0.0793309
0.0738491
0.104534
0.137873
0.10543
0.139525
0.120899
0.139774
0.132872
0.0723894
0.125103
0.140535
0.101849
0.124469
0.138128
0.139856
0.135076
0.110043
0.0707751
0.0896771
0.139039
0.0633392
0.113604
0.0827275
0.136217
0.113497
0.0940979
0.063211
0.0753391
0.177303
0.139972
0.140098
0.115429
0.0669308
0.0410924
0.131466
0.0906032
0.0835594
0.0778967
0.118803
0.0252926
0.0246559
0.0677635
0.118589
0.0585141
0.024913
0.0785438
0.111022
0.0816492
0.086003
0.0921437
0.0379003
0.0981945
0.0942936
0.0699236
0.121337
0.12525
0.0663305
0.137333
0.1378
0.134779
0.123171
0.112663
0.0798099
0.135948
0.129694
0.137274
0.134118
0.009558
0.0628228
0.00714337
0.0463563
0.099446
0.134222
0.0607593
0.0672904
0.139705
0.176482
0.137854
0.135314
0.0425881
0.13987
0.117628
0.0974435
0.0840393
0.103157
0.0636272
0.0647221
0.0880425
0.123836
0.0823545
0.0780653
0.0986819
0.0909514
0.0840709
0.0717144
0.069678
0.0283165
0.0888203
0.0656902
0.0809382
0.139564
0.14135
0.0986843
0.125072
0.138533
0.0757235
0.13911
0.111363
0.0970247
0.0720284
0.127389
0.124773
0.00636967
0.128385
0.0975377
0.00771144
0.0492061
0.129759
0.0813802
0.131807
0.130225
0.0293916
0.131277
0.064647
0.145308
0.0116611
0.0905845
0.0598958
0.0716128
0.135069
0.078556
0.0752386
0.140062
0.109543
0.123467
0.138195
0.0129013
0.128027
0.102571
0.140015
0.133153
0.0340096
0.139412
0.136381
0.140113
0.0642533
0.0958555
0.0976812
0.131376
0.0150233
0.0274096
0.060997
0.139765
0.0862134
0.0268524
0.0813551
0.138491
0.0605443
0.12022
0.118574
0.0712548
0.0643175
0.130123
0.053674
0.0390347
0.0643191
0.105948
0.139068
0.132437
0.140086
0.134924
0.12156
0.130754
0.0631156
0.125461
0.0960385
0.0366129
0.241215
0.0996165
0.129743
0.0299301
0.0908569
0.0902297
0.132723
0.140175
0.0603813
0.0741441
0.0916185
0.0513172
0.139596
0.140182
0.0831603
0.0916966
0.134678
0.07009
0.0750621
0.113277
0.0843207
0.0645603
0.0449185
0.139755
0.0983373
0.107952
0.298848
0.110194
0.0732234
0.138612
0.0771564
0.0944456
0.0923558
0.138268
0.10086
0.139757
0.116401
0.137409
0.0384445
0.133086
0.110144
0.139783
0.123462
0.0398428
0.128683
0.0988563
0.0323451
0.154005
0.138663
0.0452466
0.0938251
0.0723583
0.0854589
0.0764445
0.140015
0.139978
0.100892
0.0938878
0.126246
0.131565
0.0599273
0.0248205
0.256474
0.0886605
0.112142
0.106185
0.0563255
0.0991515
0.129091
0.0466332
0.0852751
0.139077
0.0777322
0.0784932
0.00796836
0.125499
0.081543
0.174872
0.137868
0.0854474
0.139152
0.125453
0.103767
0.0616114
0.13929
0.137298
0.127039
0.139985
0.0383318
0.0973863
0.140191
0.0158883
0.0773708
0.0596479
0.0678947
0.0861744
0.0963563
0.032198
0.0903626
0.0177984
0.103664
0.13421
0.1004
0.269005
0.137566
0.0361841
0.0652276
0.0875144
0.140055
0.096976
0.139583
0.0874569
0.140172
0.0889319
0.0530869
0.139735
0.132473
0.0706483
0.0276878
0.139999
0.0386218
0.131719
0.372677
0.037588
0.139959
0.0807337
0.079096
0.101
0.0808965
0.130125
0.13674
0.124276
0.139991
0.0785416
0.139995
0.0881747
0.0902572
0.0247481
0.0753027
0.0729117
0.114604
0.0670416
0.13603
0.0858867
0.099902
0.106719
0.139447
0.0994501
0.0971044
0.101324
0.0701518
0.106555
0.041084
0.0488842
0.138243
0.0721728
0.104866
0.139729
0.0627373
0.0673461
0.0724116
0.137845
0.0670908
0.0298735
0.130172
0.101854
0.0856898
0.0841041
0.13628
0.147642
0.142846
0.14956
0.0281998
0.0946776
0.0895368
0.0818907
0.159454
0.121626
0.140054
0.101344
0.0856093
0.0999116
0.139431
0.0568153
0.0855076
0.127748
0.139404
0.13807
0.0320423
0.139052
0.1394
0.102581
0.135181
0.0836941
0.132182
0.0763936
0.0702221
0.0993447
0.0989859
0.136894
0.0887197
0.0854731
0.120569
0.0997954
0.138687
0.142856
0.0731315
0.12465
0.0412179
0.126023
0.116286
0.112712
0.120799
0.140022
0.133657
0.134352
0.0928012
0.0954292
0.0649874
0.130817
0.0771587
0.0407519
0.0553115
0.138978
0.0863586
0.0805947
0.040528
0.0737
0.0482631
0.139441
0.134906
0.0364399
0.0768136
0.0626713
0.0844623
0.0662913
0.0510497
0.1165
0.13406
0.0458711
0.140099
0.139776
0.0975486
0.13169
0.081163
0.138984
0.135888
0.120469
0.133953
0.136381
0.129456
0.134121
0.0868992
0.0657478
0.0887227
0.139929
0.0902012
0.0816788
0.140856
0.0539263
0.0363096
0.106843
0.0864972
0.139894
0.088513
0.0743281
0.118313
0.0742246
0.281611
0.13793
0.0332078
0.107274
0.0406655
0.135566
0.0803215
0.138164
0.1023
0.139659
0.115136
0.299484
0.05136
0.158637
0.140011
0.075702
0.040886
0.13621
0.137235
0.0241694
0.0841976
0.14112
0.139254
0.0734263
0.100074
0.10429
0.0818246
0.0340173
0.138046
0.0708535
0.0767841
0.233822
0.0720455
0.136613
0.337702
0.0782978
0.0302362
0.12898
0.0868853
0.139175
0.0748889
0.110988
0.138629
0.0815027
0.091224
0.118844
0.0918699
0.15486
0.111455
0.0560815
0.0474495
0.0878978
0.140277
0.0896495
0.128939
0.0874669
0.114003
0.137532
0.139798
0.0833826
0.0667652
0.131048
0.030543
0.361451
0.0588196
0.0968906
0.0256783
0.0780821
0.0215496
0.0429723
0.102252
0.105006
0.075183
0.133243
0.140296
0.110627
0.128906
0.0811204
0.191814
0.0320487
0.139682
0.0579691
0.0970694
0.139012
0.0732054
0.120936
0.139984
0.0694272
0.0717174
0.319749
0.0594612
0.0898672
0.255731
0.0484304
0.20517
0.0821432
0.13836
0.053473
0.0753953
0.0703191
0.138768
0.108808
0.0876428
0.139779
0.134884
0.0547574
0.139969
0.0921904
0.0731278
0.136279
0.0723375
0.0843779
0.104634
0.041684
0.109225
0.134029
0.0607538
0.139921
0.0267628
0.0834647
0.0683123
0.134479
0.0995191
0.0505728
0.196392
0.0248461
0.138241
0.140018
0.133252
0.0540433
0.0441566
0.0708545
0.0708791
0.0817794
0.139456
0.107566
0.138346
0.134992
0.0182541
0.0647498
0.086865
0.069461
0.0811598
0.129647
0.0721784
0.137182
0.038333
0.0253063
0.0603205
0.0789105
0.177029
0.139952
0.0240845
0.11838
0.0423638
0.0882505
0.125012
0.132589
0.0535621
0.0660967
0.138656
0.118539
0.134004
0.12349
0.0782716
0.140024
0.0554205
0.135831
0.140113
0.0509116
0.146135
0.22912
0.0733583
0.132348
0.086223
0.0906957
0.0839778
0.0745664
0.0267382
0.138874
0.0921104
0.0506369
0.137339
0.0773609
0.137733
0.140186
0.110381
0.105295
0.12616
0.0909372
0.100604
0.0886739
0.0462807
0.0559166
0.123333
0.0858217
0.139822
0.133823
0.0657513
0.13761
0.0410592
0.0664402
0.145075
0.138945
0.014606
0.137864
0.0886425
0.0192994
0.131766
0.136932
0.138008
0.0954928
0.124092
0.165326
0.0125167
0.0738256
0.0516214
0.139968
0.025106
0.139455
0.137948
0.0735183
0.107102
0.100692
0.137333
0.0874058
0.111527
0.0858695
0.0930762
0.137076
0.0896205
0.13806
0.0470043
0.137657
0.0861462
0.0962387
0.144819
0.0661365
0.131587
0.140032
0.136432
0.133699
0.0829591
0.0993635
0.34374
0.0466755
0.139045
0.054272
0.12629
0.119017
0.0758698
0.031561
0.130373
0.0687333
0.0818136
0.0212913
0.0779312
0.0861011
0.0549531
0.0355372
0.0669351
0.127919
0.0915058
0.07555
0.0236964
0.115798
0.0171994
0.138654
0.103817
0.105431
0.025477
0.138102
0.368039
0.138025
0.0881064
0.138721
0.0886465
0.129
0.131773
0.120585
0.0405825
0.108806
0.0829916
0.0281138
0.104256
0.0986522
0.099017
0.0560628
0.00992188
0.137857
0.0884212
0.0732151
0.340975
0.0612224
0.0910249
0.140068
0.138902
0.0698275
0.080023
0.069141
0.0139263
0.137041
0.059165
0.139855
0.068031
0.110453
0.125357
0.0425047
0.138098
0.136883
0.130834
0.322853
0.138076
0.0809898
0.0520479
0.076334
0.0715287
0.128475
0.0879556
0.0468336
0.0166258
0.2409
0.13574
0.0620969
0.118211
0.0651852
0.0603896
0.100825
0.0787129
0.107216
0.0848337
0.0445663
0.141223
0.137354
0.0922814
0.116809
0.136753
0.0348578
0.136436
0.136444
0.125556
0.0927937
0.139847
0.138509
0.0450897
0.121238
0.0409786
0.132192
0.285876
0.12658
0.0432787
0.103702
0.134664
0.0846798
0.0568273
0.137008
0.140043
0.136729
0.0900754
0.042585
0.138119
0.097326
0.136879
0.136379
0.0902218
0.139126
0.0675745
0.122946
0.065343
0.139319
0.099051
0.128543
0.0631695
0.0963149
0.0451406
0.134592
0.0939956
0.139783
0.138824
0.0494597
0.0929462
0.0873981
0.136701
0.109631
0.136527
0.0886513
0.11447
0.13678
0.133539
0.096585
0.134395
0.103525
0.132331
0.0784748
0.0694817
0.0351113
0.13461
0.0714559
0.0717971
0.0766705
0.127298
0.140055
0.0654048
0.138014
0.0357722
0.0666599
0.14015
0.0836643
0.0706585
0.0944245
0.0167737
0.0635985
0.0617222
0.138208
0.0452743
0.137702
0.0393717
0.0515473
0.132798
0.138707
0.0298986
0.14367
0.116751
0.0841736
0.101225
0.0963169
0.0248177
0.0446559
0.129165
0.138333
0.0751505
0.174524
0.135598
0.0628712
0.138073
0.121727
0.129701
0.107863
0.138412
0.054905
0.129816
0.0911469
0.0735301
0.104404
0.0885993
0.0859589
0.0484605
0.106056
0.106514
0.101724
0.0716433
0.112399
0.103703
0.138404
0.10837
0.148963
0.0844963
0.0268487
0.0583461
0.137881
0.328497
0.139476
0.139023
0.0370201
0.0546089
0.101286
0.0960551
0.0478042
0.0665528
0.136221
0.096819
0.139825
0.133775
0.131834
0.0795521
0.124644
0.123601
0.0516206
0.128721
0.144645
0.037195
0.0472265
0.140049
0.0769618
0.118938
0.117326
0.135964
0.136122
0.115951
0.0190676
0.0317107
0.139423
0.0967101
0.0488549
0.108162
0.114301
0.11122
0.138094
0.349046
0.0845138
0.140156
0.139491
0.083115
0.0682722
0.130739
0.105851
0.0497579
0.0275815
0.104053
0.137204
0.0862781
0.136323
0.0488851
0.117547
0.114104
0.0717663
0.0980826
0.103554
0.137462
0.10608
0.0545664
0.128608
0.0803048
0.121484
0.128293
0.12851
0.0845456
0.110045
0.0848579
0.0658073
0.135697
0.133985
0.137731
0.0977606
0.12477
0.0360786
0.0517083
0.140192
0.0936568
0.138863
0.0390427
0.153649
0.133696
0.0910761
0.103983
0.0969202
0.139942
0.130296
0.0858215
0.132514
0.137361
0.11312
0.0602462
0.113807
0.138908
0.100481
0.0728369
0.137476
0.0789025
0.0377897
0.0992437
0.0946918
0.135384
0.0443703
0.132677
0.140955
0.202918
0.11383
0.10154
0.133559
0.140189
0.134614
0.0977278
0.137915
0.0689639
0.13656
0.090466
0.330294
0.125418
0.133622
0.102448
0.0452334
0.133895
0.067011
0.0813147
0.110017
0.0916725
0.0678818
0.120546
0.0762376
0.1009
0.0895406
0.139102
0.0853582
0.131015
0.140113
0.0711767
0.140133
0.106137
0.139607
0.0960957
0.08036
0.264923
0.077653
0.140167
0.0611718
0.140181
0.134131
0.111335
0.0841803
0.123436
0.286527
0.134752
0.135551
0.0204256
0.127488
0.100044
0.104063
0.127017
0.112524
0.0599464
0.129766
0.0980632
0.0350826
0.140114
0.127125
0.0867423
0.0710082
0.131989
0.0759205
0.358922
0.0620405
0.108397
0.127254
0.0484541
0.0364074
0.107568
0.0992168
0.083995
0.106723
0.0613988
0.0689254
0.0901547
0.0494899
0.13992
0.166424
0.136573
0.0770386
0.138936
0.102805
0.118341
0.118939
0.0988265
0.0523214
0.140186
0.106113
0.0850784
0.138622
0.0786201
0.130744
0.140112
0.133927
0.0794095
0.138691
0.104393
0.0856978
0.140046
0.0903442
0.0190687
0.0842987
0.139729
0.228191
0.0471128
0.134396
0.139997
0.0350968
0.140079
0.139099
0.0750127
0.0696472
0.0790797
0.0279923
0.0769596
0.180605
0.139872
0.0635822
0.139778
0.122738
0.126612
0.0809632
0.0537079
0.0529758
0.1394
0.0990997
0.138611
0.130879
0.139887
0.137638
0.113912
0.132167
0.138089
0.123026
0.0820998
0.113936
0.107202
0.0745941
0.140927
0.139479
0.138697
0.121784
0.136651
0.0730604
0.036736
0.136188
0.135704
0.0739295
0.0851839
0.0954738
0.138091
0.0295421
0.0307098
0.140183
0.13448
0.139679
0.0859496
0.138853
0.0915482
0.140135
0.0536007
0.00975595
0.128362
0.109736
0.100116
0.0988426
0.0727857
0.137024
0.114497
0.109645
0.0666916
0.07421
0.0794013
0.0565173
0.129621
0.138915
0.055514
0.185719
0.140124
0.070894
0.0946637
0.134316
0.0387927
0.0671633
0.0639821
0.138244
0.0987287
0.132839
0.0566231
0.224337
0.0735561
0.0212845
0.358962
0.131592
0.089941
0.0707321
0.139751
0.0824936
0.132617
0.147847
0.13832
0.132185
0.139066
0.0333484
0.0903906
0.0859923
0.0591233
0.139912
0.0668232
0.139821
0.0966017
0.0803875
0.140177
0.137496
0.09102
0.130245
0.097355
0.122083
0.109202
0.139151
0.138139
0.136505
0.109498
0.139665
0.074971
0.131923
0.0869323
0.140178
0.138379
0.122942
0.0775476
0.137735
0.137717
0.0432708
0.0721036
0.062089
0.0671684
0.138623
0.137277
0.137306
0.103079
0.0546057
0.123266
0.121437
0.0642724
0.0681215
0.124835
0.0113233
0.0877875
0.0651461
0.138886
0.0705926
0.128476
0.0978851
0.0682231
0.0848459
0.138076
0.114105
0.108201
0.141171
0.0779028
0.140205
0.0972142
0.0653914
0.0792555
0.0331561
0.0903359
0.139133
0.119675
0.137545
0.173144
0.135129
0.0244212
0.084891
0.0595938
0.13653
0.124796
0.138111
0.0783254
0.122199
0.137047
0.0881654
0.103483
0.0932941
0.0845219
0.132616
0.0663603
0.0921054
0.112065
0.097243
0.120631
0.0874572
0.0606322
0.0827994
0.0284952
0.137744
0.0952454
0.0973498
0.138199
0.115413
0.139659
0.139998
0.111441
0.134582
0.136769
0.0968034
0.128949
0.138168
0.129758
0.136223
0.138093
0.120753
0.137672
0.0578031
0.0561385
0.0801862
0.0769853
0.136803
0.140157
0.115901
0.0984864
0.123304
0.139635
0.139956
0.140177
0.0986409
0.0628497
0.079462
0.137265
0.140193
0.0915393
0.131944
0.137452
0.132124
0.138988
0.0781581
0.137138
0.067509
0.0120958
0.0552993
0.0902082
0.0835462
0.108008
0.14218
0.0717339
0.111768
0.0836585
0.0547145
0.127892
0.0948863
0.138494
0.130071
0.140048
0.13995
0.139697
0.137409
0.078557
0.0601671
0.0906807
0.0827539
0.103744
0.0325593
0.0923013
0.140169
0.118165
0.135953
0.0712268
0.137659
0.0864304
0.0525273
0.0872568
0.0815494
0.0832593
0.0947359
0.0731457
0.0920612
0.0807647
0.136792
0.11851
0.076717
0.0912809
0.0681532
0.0259915
0.0294195
0.120563
0.0942539
0.115669
0.0472236
0.0606959
0.14018
0.0772249
0.139927
0.138726
0.138104
0.0756604
0.0916578
0.139859
0.0826654
0.128584
0.0951301
0.0778622
0.10073
0.00849159
0.0567533
0.106484
0.0585293
0.105135
0.0699112
0.127863
0.108031
0.0102859
0.138352
0.334206
0.121412
0.137455
0.0630629
0.0729921
0.139971
0.101775
0.0788688
0.140202
0.0396443
0.138258
0.0610365
0.077756
0.134643
0.0803294
0.140167
0.100709
0.0114356
0.0882238
0.0858892
0.114819
0.137339
0.13058
0.0916267
0.137106
0.100627
0.101574
0.067442
0.0928582
0.0722002
0.115277
0.204655
0.098182
0.044018
0.140026
0.100518
0.065485
0.0126109
0.078392
0.0875497
0.0739198
0.0820923
0.139735
0.0954535
0.073297
0.0820408
0.130464
0.324749
0.139898
0.0786712
0.124997
0.140175
0.0182481
0.139472
0.0398129
0.078842
0.136321
0.140067
0.0997101
0.138536
0.135285
0.0679234
0.141252
0.137239
0.0695828
0.112402
0.0631175
0.131868
0.139007
0.108425
0.139775
0.1284
0.140057
0.10081
0.115418
0.0585176
0.0360473
0.0247748
0.100288
0.137139
0.0868339
0.0822703
0.115753
0.139147
0.0240827
0.0923868
0.135538
0.0698875
0.0630389
0.137225
0.11353
0.139982
0.0820894
0.10051
0.134886
0.130956
0.116671
0.108878
0.10786
0.0375676
0.107512
0.0938899
0.0280731
0.139023
0.139565
0.138285
0.118105
0.0863968
0.125752
0.0888131
0.0377472
0.139964
0.138071
0.0765749
0.047249
0.0436991
0.135665
0.140137
0.139539
0.112354
0.109097
0.137008
0.118306
0.139627
0.129984
0.134844
0.135075
0.0837188
0.136405
0.127161
0.101369
0.124228
0.0905577
0.114279
0.125396
0.11282
0.109682
0.136672
0.0533556
0.11771
0.138659
0.0814212
0.0491065
0.117835
0.118426
0.140127
0.0854929
0.133893
0.138101
0.137894
0.140107
0.124273
0.0347859
0.120776
0.09584
0.0777792
0.13044
0.136136
0.136874
0.13023
0.136161
0.165965
0.102038
0.123674
0.0994951
0.098351
0.114485
0.137038
0.0970771
0.139582
0.0916874
0.071555
0.0711683
0.0991302
0.0911316
0.138262
0.0691925
0.124735
0.128774
0.0979234
0.0983311
0.098302
0.138854
0.140078
0.0934064
0.082795
0.0681402
0.137438
0.102634
0.0778392
0.077072
0.139283
0.0771954
0.0627737
0.0723359
0.140348
0.140043
0.102747
0.0779135
0.139022
0.0626129
0.0904046
0.117911
0.0461038
0.0508866
0.113938
0.126112
0.0831408
0.107107
0.137407
0.0755291
0.123461
0.0860575
0.0701017
0.13496
0.134838
0.136616
0.140451
0.100859
0.0581337
0.141384
0.13864
0.113631
0.0919162
0.134938
0.0920368
0.0672346
0.0921472
0.140124
0.098274
0.133479
0.0949814
0.128609
0.0469692
0.0913183
0.136499
0.119079
0.0984471
0.140197
0.140156
0.0800654
0.128518
0.123752
0.129632
0.0441421
0.137692
0.0529315
0.127127
0.0785752
0.130165
0.0424655
0.130539
0.115094
0.100527
0.131588
0.0827157
0.109115
0.0645802
0.0188058
0.0994768
0.140018
0.136609
0.136357
0.0493234
0.0561172
0.139057
0.139866
0.113761
0.138644
0.076315
0.128029
0.1174
0.0733839
0.0402242
0.113285
0.0880391
0.136054
0.137564
0.0977148
0.040322
0.0865484
0.138231
0.104947
0.122766
0.0691047
0.038677
0.0990815
0.129789
0.103847
0.0370732
0.13512
0.130823
0.09305
0.0871915
0.138472
0.0665515
0.0702014
0.0935549
0.100347
0.106915
0.0727414
0.0984127
0.0406618
0.100078
0.1195
0.138733
0.0864614
0.0724492
0.107258
0.0871523
0.101275
0.102631
0.100103
0.0300228
0.0574701
0.123677
)
;

boundaryField
{
    wings
    {
        type            fixedValue;
        value           uniform 0;
    }
    outlet
    {
        type            freestream;
        freestreamValue uniform 0.14;
        value           nonuniform List<scalar> 
20
(
0.124661
0.13607
0.351214
0.137573
0.127364
0.110542
0.135733
0.242345
0.348097
0.137364
0.422197
0.152014
0.138938
0.110224
0.159454
0.133953
0.319749
0.137182
0.202918
0.140927
)
;
    }
    tunnel
    {
        type            fixedValue;
        value           uniform 0;
    }
    inlet
    {
        type            freestream;
        freestreamValue uniform 0.14;
        value           uniform 0.14;
    }
    defaultFaces
    {
        type            empty;
    }
}


// ************************************************************************* //
