/*--------------------------------*- C++ -*----------------------------------*\
| =========                 |                                                 |
| \\      /  F ield         | OpenFOAM: The Open Source CFD Toolbox           |
|  \\    /   O peration     | Version:  2.3.0                                 |
|   \\  /    A nd           | Web:      www.OpenFOAM.org                      |
|    \\/     M anipulation  |                                                 |
\*---------------------------------------------------------------------------*/
FoamFile
{
    version     2.0;
    format      ascii;
    class       labelList;
    note        "nPoints:13470  nCells:6694  nFaces:26891  nInternalFaces:13273";
    location    "constant/polyMesh";
    object      neighbour;
}
// * * * * * * * * * * * * * * * * * * * * * * * * * * * * * * * * * * * * * //


13273
(
1
12
491
5500
2
13
490
3
14
489
4
15
488
5
16
487
6
17
486
7
18
485
8
19
484
9
20
483
10
21
482
11
22
481
23
120
480
13
24
2758
14
25
15
26
16
27
17
28
18
29
19
30
20
31
21
32
22
33
23
34
35
132
25
36
3634
26
37
27
38
28
39
29
40
30
41
31
42
32
43
33
44
34
45
35
46
47
144
37
48
4176
38
49
39
50
40
51
41
52
42
53
43
54
44
55
45
56
46
57
47
58
59
156
49
60
3266
50
61
51
62
52
63
53
64
54
65
55
66
56
67
57
68
58
69
59
70
71
168
61
72
4325
62
73
63
74
64
75
65
76
66
77
67
78
68
79
69
80
70
81
71
82
83
180
73
84
3995
74
85
75
86
76
87
77
88
78
89
79
90
80
91
81
92
82
93
83
94
95
192
85
96
4298
86
97
87
98
88
99
89
100
90
101
91
102
92
103
93
104
94
105
95
106
107
204
97
108
3730
98
109
99
110
100
111
101
112
102
113
103
114
104
115
105
116
106
117
107
118
119
216
109
4390
6256
110
6191
111
6125
112
5965
113
4697
114
4900
115
5514
116
3901
117
4349
118
5421
119
4554
228
4819
121
132
1380
122
133
1381
123
134
1382
124
135
1383
125
136
1384
126
137
1385
127
138
1386
128
139
1387
129
140
1388
130
141
1389
131
142
1390
143
1391
4890
133
144
134
145
135
146
136
147
137
148
138
149
139
150
140
151
141
152
142
153
143
154
155
3836
145
156
146
157
147
158
148
159
149
160
150
161
151
162
152
163
153
164
154
165
155
166
167
4183
157
168
158
169
159
170
160
171
161
172
162
173
163
174
164
175
165
176
166
177
167
178
179
3015
169
180
170
181
171
182
172
183
173
184
174
185
175
186
176
187
177
188
178
189
179
190
191
3416
181
192
182
193
183
194
184
195
185
196
186
197
187
198
188
199
189
200
190
201
191
202
203
4917
193
204
194
205
195
206
196
207
197
208
198
209
199
210
200
211
201
212
202
213
203
214
215
3052
205
216
206
217
207
218
208
219
209
220
210
221
211
222
212
223
213
224
214
225
215
226
227
5171
217
228
218
229
219
230
220
231
221
232
222
233
223
234
224
235
225
236
226
237
227
238
239
4323
229
4539
230
4512
231
5867
232
5286
233
5127
234
5699
235
5898
236
5454
237
4234
238
3474
239
5399
5220
5666
241
252
1379
4875
242
253
1378
243
254
1377
244
255
1376
245
256
1375
246
257
1374
247
258
1373
248
259
1372
249
260
1371
250
261
1370
251
262
1369
263
360
1368
253
264
3828
254
265
255
266
256
267
257
268
258
269
259
270
260
271
261
272
262
273
263
274
275
372
265
276
4180
266
277
267
278
268
279
269
280
270
281
271
282
272
283
273
284
274
285
275
286
287
384
277
288
3013
278
289
279
290
280
291
281
292
282
293
283
294
284
295
285
296
286
297
287
298
299
396
289
300
3413
290
301
291
302
292
303
293
304
294
305
295
306
296
307
297
308
298
309
299
310
311
408
301
312
4913
302
313
303
314
304
315
305
316
306
317
307
318
308
319
309
320
310
321
311
322
323
420
313
324
3049
314
325
315
326
316
327
317
328
318
329
319
330
320
331
321
332
322
333
323
334
335
432
325
336
5167
326
337
327
338
328
339
329
340
330
341
331
342
332
343
333
344
334
345
335
346
347
444
337
348
4319
338
349
339
350
340
351
341
352
342
353
343
354
344
355
345
356
346
357
347
358
359
456
349
5254
5662
350
5436
351
3512
352
4246
353
5505
354
5909
355
5936
356
5739
357
5170
358
5878
359
5753
468
4546
361
372
2268
362
373
2269
363
374
2270
364
375
2271
365
376
2272
366
377
2273
367
378
2274
368
379
2275
369
380
2276
370
381
2277
371
382
2278
383
2279
5515
373
384
374
385
375
386
376
387
377
388
378
389
379
390
380
391
381
392
382
393
383
394
395
2442
385
396
386
397
387
398
388
399
389
400
390
401
391
402
392
403
393
404
394
405
395
406
407
3663
397
408
398
409
399
410
400
411
401
412
402
413
403
414
404
415
405
416
406
417
407
418
419
4192
409
420
410
421
411
422
412
423
413
424
414
425
415
426
416
427
417
428
418
429
419
430
431
3301
421
432
422
433
423
434
424
435
425
436
426
437
427
438
428
439
429
440
430
441
431
442
443
4360
433
444
434
445
435
446
436
447
437
448
438
449
439
450
440
451
441
452
442
453
443
454
455
4031
445
456
446
457
447
458
448
459
449
460
450
461
451
462
452
463
453
464
454
465
455
466
467
4315
457
468
458
469
459
470
460
471
461
472
462
473
463
474
464
475
465
476
466
477
467
478
479
3778
469
4851
470
5759
471
5917
472
5667
473
4356
474
4521
475
5729
476
5916
477
5992
478
6153
479
6213
4417
6286
481
492
482
493
483
494
484
495
485
496
486
497
487
498
488
499
489
500
490
501
491
502
503
4441
493
504
494
505
495
506
496
507
497
508
498
509
499
510
500
511
501
512
502
513
503
514
515
4662
505
516
506
517
507
518
508
519
509
520
510
521
511
522
512
523
513
524
514
525
515
526
527
5749
517
528
518
529
519
530
520
531
521
532
522
533
523
534
524
535
525
536
526
537
527
538
539
5038
529
540
530
541
531
542
532
543
533
544
534
545
535
546
536
547
537
548
538
549
539
550
551
5257
541
552
542
553
543
554
544
555
545
556
546
557
547
558
548
559
549
560
550
561
551
562
563
5486
553
564
554
565
555
566
556
567
557
568
558
569
559
570
560
571
561
572
562
573
563
574
575
5734
565
576
566
577
567
578
568
579
569
580
570
581
571
582
572
583
573
584
574
585
575
586
587
4693
577
588
578
589
579
590
580
591
581
592
582
593
583
594
584
595
585
596
586
597
587
598
599
3618
589
600
590
601
591
602
592
603
593
604
594
605
595
606
596
607
597
608
598
609
599
610
611
5368
601
612
602
613
603
614
604
615
605
616
606
617
607
618
608
619
609
620
610
621
611
622
623
5718
613
624
614
625
615
626
616
627
617
628
618
629
619
630
620
631
621
632
622
633
623
634
635
5435
625
636
626
637
627
638
628
639
629
640
630
641
631
642
632
643
633
644
634
645
635
646
647
6438
637
648
638
649
639
650
640
651
641
652
642
653
643
654
644
655
645
656
646
657
647
658
659
2881
649
660
650
661
651
662
652
663
653
664
654
665
655
666
656
667
657
668
658
669
659
670
671
2716
661
672
662
673
663
674
664
675
665
676
666
677
667
678
668
679
669
680
670
681
671
682
683
4815
673
684
674
685
675
686
676
687
677
688
678
689
679
690
680
691
681
692
682
693
683
694
695
2660
685
696
686
697
687
698
688
699
689
700
690
701
691
702
692
703
693
704
694
705
695
706
707
3272
697
708
698
709
699
710
700
711
701
712
702
713
703
714
704
715
705
716
706
717
707
718
719
4092
709
720
710
721
711
722
712
723
713
724
714
725
715
726
716
727
717
728
718
729
719
730
731
2484
721
732
722
733
723
734
724
735
725
736
726
737
727
738
728
739
729
740
730
741
731
742
743
2432
733
744
734
745
735
746
736
747
737
748
738
749
739
750
740
751
741
752
742
753
743
754
755
4823
745
756
746
757
747
758
748
759
749
760
750
761
751
762
752
763
753
764
754
765
755
766
767
5176
757
768
758
769
759
770
760
771
761
772
762
773
763
774
764
775
765
776
766
777
767
778
779
2845
769
780
770
781
771
782
772
783
773
784
774
785
775
786
776
787
777
788
778
789
779
790
791
4838
781
792
782
793
783
794
784
795
785
796
786
797
787
798
788
799
789
800
790
801
791
802
803
2786
793
804
794
805
795
806
796
807
797
808
798
809
799
810
800
811
801
812
802
813
803
814
815
3270
805
816
806
817
807
818
808
819
809
820
810
821
811
822
812
823
813
824
814
825
815
826
827
4082
817
828
818
829
819
830
820
831
821
832
822
833
823
834
824
835
825
836
826
837
827
838
839
2652
829
840
830
841
831
842
832
843
833
844
834
845
835
846
836
847
837
848
838
849
839
850
851
5741
841
852
842
853
843
854
844
855
845
856
846
857
847
858
848
859
849
860
850
861
851
862
863
5818
853
864
854
865
855
866
856
867
857
868
858
869
859
870
860
871
861
872
862
873
863
874
875
4611
865
876
866
877
867
878
868
879
869
880
870
881
871
882
872
883
873
884
874
885
875
886
887
5880
877
888
878
889
879
890
880
891
881
892
882
893
883
894
884
895
885
896
886
897
887
898
899
5692
889
900
890
901
891
902
892
903
893
904
894
905
895
906
896
907
897
908
898
909
899
910
911
4115
901
912
902
913
903
914
904
915
905
916
906
917
907
918
908
919
909
920
910
921
911
922
923
3214
913
924
914
925
915
926
916
927
917
928
918
929
919
930
920
931
921
932
922
933
923
934
935
4991
925
936
926
937
927
938
928
939
929
940
930
941
931
942
932
943
933
944
934
945
935
946
947
5689
937
948
938
949
939
950
940
951
941
952
942
953
943
954
944
955
945
956
946
957
947
958
959
4639
949
960
950
961
951
962
952
963
953
964
954
965
955
966
956
967
957
968
958
969
959
970
971
2989
961
972
962
973
963
974
964
975
965
976
966
977
967
978
968
979
969
980
970
981
971
982
983
4041
973
984
974
985
975
986
976
987
977
988
978
989
979
990
980
991
981
992
982
993
983
994
995
3959
985
996
986
997
987
998
988
999
989
1000
990
1001
991
1002
992
1003
993
1004
994
1005
995
1006
1007
5105
997
1008
998
1009
999
1010
1000
1011
1001
1012
1002
1013
1003
1014
1004
1015
1005
1016
1006
1017
1007
1018
1019
3718
1009
1020
1010
1021
1011
1022
1012
1023
1013
1024
1014
1025
1015
1026
1016
1027
1017
1028
1018
1029
1019
1030
1031
4039
1021
1032
1022
1033
1023
1034
1024
1035
1025
1036
1026
1037
1027
1038
1028
1039
1029
1040
1030
1041
1031
1042
1043
3030
1033
1044
1034
1045
1035
1046
1036
1047
1037
1048
1038
1049
1039
1050
1040
1051
1041
1052
1042
1053
1043
1054
1055
5325
1045
1056
1046
1057
1047
1058
1048
1059
1049
1060
1050
1061
1051
1062
1052
1063
1053
1064
1054
1065
1055
1066
1067
6124
1057
1068
1058
1069
1059
1070
1060
1071
1061
1072
1062
1073
1063
1074
1064
1075
1065
1076
1066
1077
1067
1078
1079
3277
1069
1080
1070
1081
1071
1082
1072
1083
1073
1084
1074
1085
1075
1086
1076
1087
1077
1088
1078
1089
1079
1090
1091
2514
1081
1092
1082
1093
1083
1094
1084
1095
1085
1096
1086
1097
1087
1098
1088
1099
1089
1100
1090
1101
1091
1102
1103
4743
1093
1104
1094
1105
1095
1106
1096
1107
1097
1108
1098
1109
1099
1110
1100
1111
1101
1112
1102
1113
1103
1114
1115
3473
1105
1116
1106
1117
1107
1118
1108
1119
1109
1120
1110
1121
1111
1122
1112
1123
1113
1124
1114
1125
1115
1126
1127
5784
1117
1128
1118
1129
1119
1130
1120
1131
1121
1132
1122
1133
1123
1134
1124
1135
1125
1136
1126
1137
1127
1138
1139
4583
1129
1140
1130
1141
1131
1142
1132
1143
1133
1144
1134
1145
1135
1146
1136
1147
1137
1148
1138
1149
1139
1150
1151
4628
1141
1152
1142
1153
1143
1154
1144
1155
1145
1156
1146
1157
1147
1158
1148
1159
1149
1160
1150
1161
1151
1162
1163
6627
1153
1164
1154
1165
1155
1166
1156
1167
1157
1168
1158
1169
1159
1170
1160
1171
1161
1172
1162
1173
1163
1174
1175
6175
1165
1176
1166
1177
1167
1178
1168
1179
1169
1180
1170
1181
1171
1182
1172
1183
1173
1184
1174
1185
1175
1186
1187
2750
1177
1188
1178
1189
1179
1190
1180
1191
1181
1192
1182
1193
1183
1194
1184
1195
1185
1196
1186
1197
1187
1198
1199
4588
1189
1200
1190
1201
1191
1202
1192
1203
1193
1204
1194
1205
1195
1206
1196
1207
1197
1208
1198
1209
1199
1210
1211
2282
1201
1212
1202
1213
1203
1214
1204
1215
1205
1216
1206
1217
1207
1218
1208
1219
1209
1220
1210
1221
1211
1222
1223
5766
1213
1224
1214
1225
1215
1226
1216
1227
1217
1228
1218
1229
1219
1230
1220
1231
1221
1232
1222
1233
1223
1234
1235
5730
1225
1236
1226
1237
1227
1238
1228
1239
1229
1240
1230
1241
1231
1242
1232
1243
1233
1244
1234
1245
1235
1246
1247
3181
1237
1248
1238
1249
1239
1250
1240
1251
1241
1252
1242
1253
1243
1254
1244
1255
1245
1256
1246
1257
1247
1258
1259
5101
1249
1260
1250
1261
1251
1262
1252
1263
1253
1264
1254
1265
1255
1266
1256
1267
1257
1268
1258
1269
1259
1270
1271
3932
1261
1272
1262
1273
1263
1274
1264
1275
1265
1276
1266
1277
1267
1278
1268
1279
1269
1280
1270
1281
1271
1282
1283
4652
1273
1284
1274
1285
1275
1286
1276
1287
1277
1288
1278
1289
1279
1290
1280
1291
1281
1292
1282
1293
1283
1294
1295
4558
1285
1296
1286
1297
1287
1298
1288
1299
1289
1300
1290
1301
1291
1302
1292
1303
1293
1304
1294
1305
1295
1306
1307
2821
1297
1308
1298
1309
1299
1310
1300
1311
1301
1312
1302
1313
1303
1314
1304
1315
1305
1316
1306
1317
1307
1318
1319
4381
1309
1320
1310
1321
1311
1322
1312
1323
1313
1324
1314
1325
1315
1326
1316
1327
1317
1328
1318
1329
1319
1330
1331
4939
1321
1332
1322
1333
1323
1334
1324
1335
1325
1336
1326
1337
1327
1338
1328
1339
1329
1340
1330
1341
1331
1342
1343
5733
1333
1344
1334
1345
1335
1346
1336
1347
1337
1348
1338
1349
1339
1350
1340
1351
1341
1352
1342
1353
1343
1354
1355
3509
1345
1356
1346
1357
1347
1358
1348
1359
1349
1360
1350
1361
1351
1362
1352
1363
1353
1364
1354
1365
1355
1366
1367
3954
1357
1368
1358
1369
1359
1370
1360
1371
1361
1372
1362
1373
1363
1374
1364
1375
1365
1376
1366
1377
1367
1378
1379
2988
1369
1370
1371
1372
1373
1374
1375
1376
1377
1378
1379
4528
1381
1392
1382
1393
1383
1394
1384
1395
1385
1396
1386
1397
1387
1398
1388
1399
1389
1400
1390
1401
1391
1402
1403
5953
1393
1404
1394
1405
1395
1406
1396
1407
1397
1408
1398
1409
1399
1410
1400
1411
1401
1412
1402
1413
1403
1414
1415
2548
1405
1416
1406
1417
1407
1418
1408
1419
1409
1420
1410
1421
1411
1422
1412
1423
1413
1424
1414
1425
1415
1426
1427
4248
1417
1428
1418
1429
1419
1430
1420
1431
1421
1432
1422
1433
1423
1434
1424
1435
1425
1436
1426
1437
1427
1438
1439
2640
1429
1440
1430
1441
1431
1442
1432
1443
1433
1444
1434
1445
1435
1446
1436
1447
1437
1448
1438
1449
1439
1450
1451
3795
1441
1452
1442
1453
1443
1454
1444
1455
1445
1456
1446
1457
1447
1458
1448
1459
1449
1460
1450
1461
1451
1462
1463
4844
1453
1464
1454
1465
1455
1466
1456
1467
1457
1468
1458
1469
1459
1470
1460
1471
1461
1472
1462
1473
1463
1474
1475
2695
1465
1476
1466
1477
1467
1478
1468
1479
1469
1480
1470
1481
1471
1482
1472
1483
1473
1484
1474
1485
1475
1486
1487
2450
1477
1488
1478
1489
1479
1490
1480
1491
1481
1492
1482
1493
1483
1494
1484
1495
1485
1496
1486
1497
1487
1498
1499
4022
1489
1500
1490
1501
1491
1502
1492
1503
1493
1504
1494
1505
1495
1506
1496
1507
1497
1508
1498
1509
1499
1510
1511
3189
1501
1512
1502
1513
1503
1514
1504
1515
1505
1516
1506
1517
1507
1518
1508
1519
1509
1520
1510
1521
1511
1522
1523
3772
1513
1524
1514
1525
1515
1526
1516
1527
1517
1528
1518
1529
1519
1530
1520
1531
1521
1532
1522
1533
1523
1534
1535
5103
1525
1536
1526
1537
1527
1538
1528
1539
1529
1540
1530
1541
1531
1542
1532
1543
1533
1544
1534
1545
1535
1546
1547
3183
1537
1548
1538
1549
1539
1550
1540
1551
1541
1552
1542
1553
1543
1554
1544
1555
1545
1556
1546
1557
1547
1558
1559
5738
1549
1560
1550
1561
1551
1562
1552
1563
1553
1564
1554
1565
1555
1566
1556
1567
1557
1568
1558
1569
1559
1570
1571
5767
1561
1572
1562
1573
1563
1574
1564
1575
1565
1576
1566
1577
1567
1578
1568
1579
1569
1580
1570
1581
1571
1582
1583
2283
1573
1584
1574
1585
1575
1586
1576
1587
1577
1588
1578
1589
1579
1590
1580
1591
1581
1592
1582
1593
1583
1594
1595
4591
1585
1596
1586
1597
1587
1598
1588
1599
1589
1600
1590
1601
1591
1602
1592
1603
1593
1604
1594
1605
1595
1606
1607
2753
1597
1608
1598
1609
1599
1610
1600
1611
1601
1612
1602
1613
1603
1614
1604
1615
1605
1616
1606
1617
1607
1618
1619
6179
1609
1620
1610
1621
1611
1622
1612
1623
1613
1624
1614
1625
1615
1626
1616
1627
1617
1628
1618
1629
1619
1630
1631
6628
1621
1632
1622
1633
1623
1634
1624
1635
1625
1636
1626
1637
1627
1638
1628
1639
1629
1640
1630
1641
1631
1642
1643
4632
1633
1644
1634
1645
1635
1646
1636
1647
1637
1648
1638
1649
1639
1650
1640
1651
1641
1652
1642
1653
1643
1654
1655
4586
1645
1656
1646
1657
1647
1658
1648
1659
1649
1660
1650
1661
1651
1662
1652
1663
1653
1664
1654
1665
1655
1666
1667
5788
1657
1668
1658
1669
1659
1670
1660
1671
1661
1672
1662
1673
1663
1674
1664
1675
1665
1676
1666
1677
1667
1678
1679
3475
1669
1680
1670
1681
1671
1682
1672
1683
1673
1684
1674
1685
1675
1686
1676
1687
1677
1688
1678
1689
1679
1690
1691
4747
1681
1692
1682
1693
1683
1694
1684
1695
1685
1696
1686
1697
1687
1698
1688
1699
1689
1700
1690
1701
1691
1702
1703
2517
1693
1704
1694
1705
1695
1706
1696
1707
1697
1708
1698
1709
1699
1710
1700
1711
1701
1712
1702
1713
1703
1714
1715
3287
1705
1716
1706
1717
1707
1718
1708
1719
1709
1720
1710
1721
1711
1722
1712
1723
1713
1724
1714
1725
1715
1726
1727
6133
1717
1728
1718
1729
1719
1730
1720
1731
1721
1732
1722
1733
1723
1734
1724
1735
1725
1736
1726
1737
1727
1738
1739
5332
1729
1740
1730
1741
1731
1742
1732
1743
1733
1744
1734
1745
1735
1746
1736
1747
1737
1748
1738
1749
1739
1750
1751
3039
1741
1752
1742
1753
1743
1754
1744
1755
1745
1756
1746
1757
1747
1758
1748
1759
1749
1760
1750
1761
1751
1762
1763
4042
1753
1764
1754
1765
1755
1766
1756
1767
1757
1768
1758
1769
1759
1770
1760
1771
1761
1772
1762
1773
1763
1774
1775
3724
1765
1776
1766
1777
1767
1778
1768
1779
1769
1780
1770
1781
1771
1782
1772
1783
1773
1784
1774
1785
1775
1786
1787
5109
1777
1788
1778
1789
1779
1790
1780
1791
1781
1792
1782
1793
1783
1794
1784
1795
1785
1796
1786
1797
1787
1798
1799
3972
1789
1800
1790
1801
1791
1802
1792
1803
1793
1804
1794
1805
1795
1806
1796
1807
1797
1808
1798
1809
1799
1810
1811
4044
1801
1812
1802
1813
1803
1814
1804
1815
1805
1816
1806
1817
1807
1818
1808
1819
1809
1820
1810
1821
1811
1822
1823
2999
1813
1824
1814
1825
1815
1826
1816
1827
1817
1828
1818
1829
1819
1830
1820
1831
1821
1832
1822
1833
1823
1834
1835
4648
1825
1836
1826
1837
1827
1838
1828
1839
1829
1840
1830
1841
1831
1842
1832
1843
1833
1844
1834
1845
1835
1846
1847
5691
1837
1848
1838
1849
1839
1850
1840
1851
1841
1852
1842
1853
1843
1854
1844
1855
1845
1856
1846
1857
1847
1858
1859
4995
1849
1860
1850
1861
1851
1862
1852
1863
1853
1864
1854
1865
1855
1866
1856
1867
1857
1868
1858
1869
1859
1870
1871
3224
1861
1872
1862
1873
1863
1874
1864
1875
1865
1876
1866
1877
1867
1878
1868
1879
1869
1880
1870
1881
1871
1882
1883
4119
1873
1884
1874
1885
1875
1886
1876
1887
1877
1888
1878
1889
1879
1890
1880
1891
1881
1892
1882
1893
1883
1894
1895
5701
1885
1896
1886
1897
1887
1898
1888
1899
1889
1900
1890
1901
1891
1902
1892
1903
1893
1904
1894
1905
1895
1906
1907
5883
1897
1908
1898
1909
1899
1910
1900
1911
1901
1912
1902
1913
1903
1914
1904
1915
1905
1916
1906
1917
1907
1918
1919
4619
1909
1920
1910
1921
1911
1922
1912
1923
1913
1924
1914
1925
1915
1926
1916
1927
1917
1928
1918
1929
1919
1930
1931
5825
1921
1932
1922
1933
1923
1934
1924
1935
1925
1936
1926
1937
1927
1938
1928
1939
1929
1940
1930
1941
1931
1942
1943
5745
1933
1944
1934
1945
1935
1946
1936
1947
1937
1948
1938
1949
1939
1950
1940
1951
1941
1952
1942
1953
1943
1954
1955
2656
1945
1956
1946
1957
1947
1958
1948
1959
1949
1960
1950
1961
1951
1962
1952
1963
1953
1964
1954
1965
1955
1966
1967
4088
1957
1968
1958
1969
1959
1970
1960
1971
1961
1972
1962
1973
1963
1974
1964
1975
1965
1976
1966
1977
1967
1978
1979
3280
1969
1980
1970
1981
1971
1982
1972
1983
1973
1984
1974
1985
1975
1986
1976
1987
1977
1988
1978
1989
1979
1990
1991
2790
1981
1992
1982
1993
1983
1994
1984
1995
1985
1996
1986
1997
1987
1998
1988
1999
1989
2000
1990
2001
1991
2002
2003
4845
1993
2004
1994
2005
1995
2006
1996
2007
1997
2008
1998
2009
1999
2010
2000
2011
2001
2012
2002
2013
2003
2014
2015
2848
2005
2016
2006
2017
2007
2018
2008
2019
2009
2020
2010
2021
2011
2022
2012
2023
2013
2024
2014
2025
2015
2026
2027
5184
2017
2028
2018
2029
2019
2030
2020
2031
2021
2032
2022
2033
2023
2034
2024
2035
2025
2036
2026
2037
2027
2038
2039
4834
2029
2040
2030
2041
2031
2042
2032
2043
2033
2044
2034
2045
2035
2046
2036
2047
2037
2048
2038
2049
2039
2050
2051
2438
2041
2052
2042
2053
2043
2054
2044
2055
2045
2056
2046
2057
2047
2058
2048
2059
2049
2060
2050
2061
2051
2062
2063
2486
2053
2064
2054
2065
2055
2066
2056
2067
2057
2068
2058
2069
2059
2070
2060
2071
2061
2072
2062
2073
2063
2074
2075
4096
2065
2076
2066
2077
2067
2078
2068
2079
2069
2080
2070
2081
2071
2082
2072
2083
2073
2084
2074
2085
2075
2086
2087
3282
2077
2088
2078
2089
2079
2090
2080
2091
2081
2092
2082
2093
2083
2094
2084
2095
2085
2096
2086
2097
2087
2098
2099
2668
2089
2100
2090
2101
2091
2102
2092
2103
2093
2104
2094
2105
2095
2106
2096
2107
2097
2108
2098
2109
2099
2110
2111
4821
2101
2112
2102
2113
2103
2114
2104
2115
2105
2116
2106
2117
2107
2118
2108
2119
2109
2120
2110
2121
2111
2122
2123
2720
2113
2124
2114
2125
2115
2126
2116
2127
2117
2128
2118
2129
2119
2130
2120
2131
2121
2132
2122
2133
2123
2134
2135
2888
2125
2136
2126
2137
2127
2138
2128
2139
2129
2140
2130
2141
2131
2142
2132
2143
2133
2144
2134
2145
2135
2146
2147
2301
2137
2148
2138
2149
2139
2150
2140
2151
2141
2152
2142
2153
2143
2154
2144
2155
2145
2156
2146
2157
2147
2158
2159
4809
2149
2160
2150
2161
2151
2162
2152
2163
2153
2164
2154
2165
2155
2166
2156
2167
2157
2168
2158
2169
2159
2170
2171
5722
2161
2172
2162
2173
2163
2174
2164
2175
2165
2176
2166
2177
2167
2178
2168
2179
2169
2180
2170
2181
2171
2182
2183
4699
2173
2184
2174
2185
2175
2186
2176
2187
2177
2188
2178
2189
2179
2190
2180
2191
2181
2192
2182
2193
2183
2194
2195
3628
2185
2196
2186
2197
2187
2198
2188
2199
2189
2200
2190
2201
2191
2202
2192
2203
2193
2204
2194
2205
2195
2206
2207
5377
2197
2208
2198
2209
2199
2210
2200
2211
2201
2212
2202
2213
2203
2214
2204
2215
2205
2216
2206
2217
2207
2218
2219
5740
2209
2220
2210
2221
2211
2222
2212
2223
2213
2224
2214
2225
2215
2226
2216
2227
2217
2228
2218
2229
2219
2230
2231
5264
2221
2232
2222
2233
2223
2234
2224
2235
2225
2236
2226
2237
2227
2238
2228
2239
2229
2240
2230
2241
2231
2242
2243
5049
2233
2244
2234
2245
2235
2246
2236
2247
2237
2248
2238
2249
2239
2250
2240
2251
2241
2252
2242
2253
2243
2254
2255
5227
2245
2256
2246
2257
2247
2258
2248
2259
2249
2260
2250
2261
2251
2262
2252
2263
2253
2264
2254
2265
2255
2266
2267
6618
2257
2268
2258
2269
2259
2270
2260
2271
2261
2272
2262
2273
2263
2274
2264
2275
2265
2276
2266
2277
2267
2278
2279
4668
2269
2270
2271
2272
2273
2274
2275
2276
2277
2278
2279
4447
2820
3593
3847
4733
3112
3250
3253
5205
3776
4588
5766
3793
4591
5767
3863
4470
4494
5980
2925
4011
4085
4809
3093
4462
5999
6637
3554
3720
5459
5888
2847
3315
3461
5495
2546
2837
3165
4582
2451
4307
4516
5686
3915
4517
4544
6008
2457
3108
3267
5721
3058
4113
4961
5358
2552
2573
2674
3878
3302
3781
5588
6487
2952
3436
4127
5146
2623
3368
3896
4170
2636
4488
4497
6511
2313
4337
4786
5799
2756
3016
3481
5281
2888
4809
5070
2503
3180
3353
5803
2654
4553
4907
5387
2994
3489
4155
5186
2877
4386
6132
6364
2404
2816
4020
4519
3820
4307
5686
6181
2707
5101
5506
5640
4580
5683
6092
6624
2448
2478
2773
4563
2993
4398
4792
6392
3003
3306
4113
6411
2641
2870
3692
2644
3032
3523
4754
2610
2622
2727
4019
3594
4427
5930
6440
3695
4128
4797
5429
2684
2863
2882
6209
2998
3368
4170
5482
3431
3558
4646
5250
3629
3883
5114
6222
3380
4305
4414
6198
2859
3453
4976
5206
3482
4622
4627
5728
3335
3430
3623
4104
3738
4141
4849
5471
2332
2336
3405
3455
2479
2504
2811
3612
3136
3824
5597
6231
3138
5566
5630
5832
2464
2621
3025
4069
3952
5233
6573
2554
3026
6448
6645
2687
3085
3585
4433
2677
2732
2789
3853
3471
4043
5233
3303
3462
3580
3914
2877
3876
4580
6092
2487
4213
4236
5268
4060
5673
5805
5871
2559
4131
4841
5090
3265
3443
5300
6512
4446
4853
5279
6025
3157
3980
5107
5744
2827
3921
4876
4964
3779
4550
4892
5328
3800
4666
5065
5248
2582
4158
4888
5133
2873
3021
4341
5489
3097
3152
3910
4265
2355
2747
4143
6556
2424
4310
4572
5010
3935
5343
5602
6184
3816
4578
4928
5357
5203
5750
6632
4813
5181
5604
5906
2449
3916
4664
5117
3235
4842
6045
6471
2418
4222
5497
5583
2520
2876
5285
5985
2648
3386
5695
6572
2564
2646
2887
3565
2469
2795
5242
6403
2838
3754
5317
6086
2792
4101
4217
4352
2521
2959
5110
5747
2485
3893
4599
4602
2569
3171
3308
5295
3533
3646
4535
6363
2813
3444
3465
4915
3243
3948
5419
6087
2496
3927
4607
4612
2770
3337
4822
6185
5216
5366
5502
5910
2705
2910
3458
4007
2782
3395
4000
5634
2572
3547
4059
4450
2591
3200
3343
5338
2385
2538
3294
3581
2870
3379
3692
3786
3304
4021
5481
6121
3527
4633
5633
6523
3113
3145
3976
5508
2634
2803
3338
6069
3093
5443
6227
2891
4274
4303
5210
4086
5130
5533
5710
3886
3947
3977
6167
2493
2713
2973
6515
3077
3323
4247
5256
3387
3484
5145
5635
3004
3046
4626
4631
2593
3022
4468
5875
2691
3833
4418
4430
2593
3210
3449
4725
2734
3227
3948
5424
3148
3176
4011
5552
3409
3429
4110
4707
2930
2966
3656
3756
3177
6047
6107
6434
3629
5114
5897
6220
2495
3963
4873
3069
5440
6243
6278
3566
5938
6295
4659
5221
5779
5854
2879
4289
4449
6316
2589
3122
3882
3983
2772
3252
4021
5472
3064
4210
5540
5755
3584
3605
3725
4089
2631
3163
5393
5765
3303
3467
3580
3766
3863
4051
4494
4837
3082
3309
4386
6364
2787
3168
4508
5483
2594
3125
4794
5937
3044
3930
5599
6058
3194
4281
6080
2867
3156
3904
4137
3208
4762
5153
6510
4719
5270
5830
5904
2794
3580
3599
3914
3127
3251
4346
4848
2733
3237
5465
3071
3859
4425
6204
3714
5222
5593
5890
3086
4147
6210
6569
3915
4544
4891
4920
2965
3171
3398
5295
2583
2846
3430
4822
3383
5726
6130
6230
2484
3251
4823
3661
3993
5376
6083
3132
3137
3624
5532
2537
3206
3308
3655
2779
3242
3350
5659
3540
3840
5973
6210
2486
3262
4834
2570
2800
3133
3693
3595
3635
4399
5054
4127
4848
5146
6373
3663
5463
5515
3161
3262
4379
4877
2664
2977
4129
6597
2829
3340
4978
5364
2644
4233
4754
5381
2654
2962
3017
5387
3775
4063
5002
2755
3956
6204
2695
3076
4022
4032
5298
6496
3000
4335
4655
5213
2748
3911
6035
6602
2806
3274
3378
5684
2562
3230
3343
3706
3078
3776
5094
5476
3749
4090
4959
3007
3200
4766
5338
2809
3777
4581
5966
3431
4646
5359
6357
5353
5546
6324
6582
3034
3238
5501
6117
3114
3431
5250
6398
2836
5190
5230
4155
4877
5186
6387
3415
5764
6189
6205
3137
3650
4722
5532
3101
3793
5099
5499
4852
5646
5808
3407
4110
4707
6571
2796
3400
3665
5312
2984
3791
5316
5639
2859
3131
3453
6400
2540
2780
3698
4869
3435
5792
6168
6270
2784
3324
5320
5881
3223
4423
6534
6669
4103
5493
6148
3834
4114
5036
3297
3610
3732
4028
2832
3072
3399
3707
3822
3897
5716
6263
2937
3540
3899
5093
3255
4092
2948
4035
4510
3275
4096
4641
5268
6289
2823
3623
3709
4104
4135
5032
5136
5331
3031
5039
5414
5847
2849
3352
4824
5118
3765
3926
5179
5225
3774
5031
5861
3335
3570
3623
3850
2608
3525
2958
4062
4529
4215
4899
5677
5834
3203
3205
5852
6424
2638
4807
5571
6077
3386
5030
5408
6237
3107
3880
4534
4960
3440
4286
6293
6650
3855
4182
5035
4148
5009
6197
3890
4836
5328
6103
3026
5593
6089
6448
3156
3524
4137
4190
3532
3821
4606
5286
4196
4634
4734
5647
3479
3648
4478
6185
2897
3514
4428
4732
3404
3757
4568
5042
3232
3241
4781
6042
3254
3277
4743
3062
3341
5038
5816
3912
4865
5357
6114
3269
3287
4747
2767
4256
6051
6590
2564
2788
4181
6004
3631
3940
6165
3797
5354
6162
3105
3355
5049
5836
2798
3425
4902
5193
2728
3679
4208
6315
5243
5637
5891
6398
2964
3457
4542
6291
3511
5930
6235
6661
2860
3295
3529
4528
2646
2878
2887
3981
3459
3886
4742
6167
2624
4376
4413
5973
4201
4340
6187
6457
2614
2942
3153
3719
5252
5648
5901
6400
2903
4817
5431
6624
2613
2688
4495
6027
4058
4070
4912
2777
3670
5937
2576
3568
3938
3994
3933
3951
4500
2606
3038
5940
6446
3175
5189
6294
6664
3292
3312
5925
6465
2563
3019
3220
5879
2943
5457
5620
6390
2950
3046
4626
3919
4910
5394
5763
2987
4248
5953
3100
4278
5289
6454
2619
3146
3852
5785
2980
3118
4596
4810
2815
3087
3953
3468
4244
4605
5157
5323
5690
5855
2616
3184
4018
6266
3423
3526
4597
5604
2899
3441
6266
6375
2983
3387
5145
6470
3583
5424
5780
2594
3125
3326
3611
3211
5081
5535
5627
4093
4112
4938
2584
2734
5196
3649
3891
2685
3064
5598
5746
3118
3920
4144
4596
2694
3961
5308
5714
3606
4215
5520
5807
2959
3920
4144
3931
5192
5948
3607
3964
4773
5878
2653
3083
5455
2815
3249
3264
3647
3771
5405
6378
2587
3060
3247
5923
3621
4014
5781
2673
3637
3851
4094
2752
2932
3799
5397
2842
2885
3029
6067
3112
3817
4623
4892
4190
4502
5179
5978
3598
5472
5797
2846
4782
6394
3220
3363
4862
3434
3639
5721
6413
3046
3984
4191
4631
2602
2772
5246
2836
4370
5998
6404
3975
5706
6309
3943
5150
5407
6551
2997
3984
4191
2690
4817
4861
5431
4576
4690
3670
4493
3676
4647
4811
5986
4213
4236
5142
6180
3159
3865
4667
4928
2842
3029
4904
5988
2714
2858
3098
6254
3885
5177
5197
5926
3135
4571
5567
6017
3247
3384
4905
5061
5442
5974
6147
2861
2928
3097
6098
3767
3842
5084
5382
3036
3178
5530
4328
4679
5025
5644
4622
4710
4873
3559
4320
4720
5238
2864
3173
4064
3341
3619
4437
6021
2761
4264
6487
6612
3263
5415
6027
3260
4647
5452
3800
3997
4448
4666
2681
2899
3501
4858
5215
5961
6442
2826
3216
3757
4568
2997
3984
5859
3188
3207
3426
6304
2749
2836
4515
2864
3345
3370
2900
3428
5530
3438
3668
4111
2874
5448
5876
6312
2816
4081
4211
4278
3503
5313
5803
6464
3812
5063
5078
5152
2907
4282
4969
6119
4163
4825
4977
5773
5979
6269
3692
4024
4786
5831
2861
3097
4963
6010
2693
3129
3697
2676
2869
3229
6252
2751
4944
5223
2804
3522
3543
3934
2657
4189
6357
4154
5092
5284
5772
3300
3795
4248
2870
4337
5777
2837
3165
3202
4374
5507
6242
6509
6670
4177
5354
4079
4195
4827
4881
3047
3907
2707
3102
4388
4680
2742
4151
5263
3239
3785
5672
6427
2660
2891
3768
5386
2724
2936
6379
6625
3391
4082
5741
3666
4059
5728
4798
4967
2728
3679
4898
5461
3406
4088
5745
3520
5095
6656
2893
3119
4464
4838
3327
4101
4973
5820
3272
4815
3120
4420
4703
5102
3518
5018
5323
5855
2668
2743
2921
3788
5124
6529
6653
2766
3365
4208
6315
2740
2946
6383
6629
2965
3398
4590
5960
3282
4821
3065
3604
5344
5839
3374
5491
6188
6433
2782
3395
5613
6123
2919
3141
4490
4845
2794
5868
6023
3087
6407
6425
3414
3464
5314
5918
3911
5148
6035
4884
4897
6141
3163
3305
5566
5765
4203
4431
5349
5676
2785
5969
6128
6279
3184
6264
6329
3751
3879
6059
6216
2951
4363
5072
6174
3860
4726
6209
4723
5680
6085
3037
3497
3528
6082
4243
4433
5426
2819
3263
3627
5198
5307
5571
5873
2983
3235
6470
2840
4746
6354
3396
3765
3926
4157
2812
2938
4321
3708
4468
4636
3592
4844
3193
3620
4060
5805
3170
4056
6252
6654
2830
4336
4456
5547
4151
4342
4784
5858
2927
3882
3928
5606
2841
3789
4449
4538
4294
5083
5590
5775
4393
5498
5768
6156
3079
3534
3589
6105
4078
5524
6016
3284
4642
5188
5915
3883
4680
3513
3625
3986
5267
2990
5585
5938
6365
2889
3227
3583
5424
3504
4257
4587
4700
4922
4945
5488
6477
3530
5861
6565
2762
4442
6479
3453
4976
6215
6503
2881
3950
4815
4446
4535
4613
6363
4353
4537
4871
6434
3328
3394
3422
4585
2888
4067
4821
3232
3241
4370
5998
3460
4034
4267
5253
4332
4439
5578
6100
3988
5237
5422
2775
2791
2834
5440
3062
3642
4368
5995
3173
6450
6475
5290
6315
3691
4172
4297
6553
4364
5128
5623
5804
2780
3698
4669
6351
3383
4897
5371
5010
5655
5681
4862
5419
3125
3790
5619
6062
4496
5625
5709
6137
2912
3252
3598
5472
2761
2970
3126
6612
2975
3198
5618
5930
4023
5251
5449
3714
4186
4314
6558
3048
6274
6572
4067
4821
5410
3521
5393
5765
5832
3201
4986
4990
6240
3421
3532
3557
4606
3515
5032
5908
3937
4431
5958
3168
3818
5483
4588
5094
6175
2920
4868
6409
3857
4435
5043
4591
5099
6179
3414
3844
4491
5275
3238
3859
4402
3481
3992
4729
4120
4609
4636
4745
3634
5500
6211
3500
3810
4800
6372
2927
3369
3928
5438
3072
3707
3098
4256
6249
4237
4584
5041
6336
3105
3686
4434
6019
3248
4713
5081
6159
3084
3257
3656
4111
4133
6249
2871
2987
3499
6342
2838
3846
5317
6290
4138
5358
5446
2979
3083
3947
5455
4905
5481
3127
4103
5002
3801
5028
5771
5979
4277
6123
6461
2878
2981
3854
6673
3208
3581
4762
4242
5596
5599
6058
4470
5373
6271
5526
6521
3144
3726
6528
6559
2865
4593
2880
2890
3757
6579
5490
5522
5881
3513
4251
5001
3119
3270
4838
3241
4311
4508
4394
4545
5982
4884
5022
5057
3141
3280
4845
3212
3536
6334
3358
4178
5943
3545
4520
5220
5666
3537
4094
3918
4262
5646
3010
4826
5112
3112
3253
4837
5087
3516
3734
3755
3496
4108
4347
4403
3669
5948
6587
3551
3857
4859
6396
2844
4073
4322
6369
3075
3129
4313
3134
3342
3934
3908
4654
5811
5934
4517
5404
6288
3594
4511
5254
5662
2964
3457
3462
4326
4138
4972
5446
3539
3678
4154
5757
3161
4148
5036
3417
6069
6388
3329
3786
5963
3267
3485
5721
6413
6245
6399
4020
6202
3827
4919
5715
5720
4032
4772
6418
6496
2833
2854
4259
3169
3913
4984
4381
4558
5819
3494
3949
6061
6649
3588
4020
4211
3159
4891
5123
5902
3590
4034
4857
5253
3708
5922
6527
5005
5111
5554
4079
4195
5483
6381
3084
5441
5702
4006
5494
5669
3906
3928
4452
5606
3466
3879
5663
3388
3389
3627
3212
5613
6123
3184
4018
4513
5391
5998
3843
4896
4671
6086
3571
3607
3636
4773
4430
4507
4594
3979
3981
4289
4770
6372
3311
3446
3468
5688
4213
4574
6180
4464
4838
5176
4481
5071
3517
5017
5495
4490
4845
5184
3209
5703
5833
5439
5556
5710
5865
3593
3913
4918
5135
3404
4120
4609
4929
3364
4322
6369
6674
3388
3602
3950
4815
5311
5386
2953
3150
3396
6563
3353
3560
5803
6464
3465
4105
6254
3397
5420
4735
5307
5539
4831
6396
3339
5141
5558
2929
3104
4033
6292
6436
3349
3411
4000
4533
5643
5920
6120
3870
5037
5161
3539
4049
4671
5757
3811
4537
5148
6146
5327
5549
5954
2904
2935
2944
4152
4341
5080
5768
4326
4421
6619
3115
4510
4836
5328
3957
5012
5951
4942
6132
4366
6328
5444
5866
6144
5042
5341
6297
5050
6438
4033
4726
5297
2984
4048
5316
6524
3246
3498
3539
3678
3681
3689
5894
2889
3227
4916
4987
3577
3789
5070
4260
5560
4560
5341
6671
5266
5386
3643
3804
3907
4451
4171
5174
5579
3061
3500
3810
5119
3151
4529
4865
5357
4358
4854
4889
4948
4306
4492
4661
5081
5370
5535
5820
3338
6571
3147
3319
3683
3515
4850
6299
6393
2907
4677
4969
5874
4842
6624
6634
3190
4245
5347
3071
3859
5931
6225
3449
4549
4725
6018
3837
5614
4355
5258
5410
5899
2912
3252
4952
4999
4941
5001
6016
4523
5550
5974
6147
4273
5575
3976
4387
5368
5933
3419
3548
3559
5815
4446
4675
5279
6176
3450
4651
4808
5067
5700
5982
6336
6429
3008
3144
4663
6559
4214
5219
5605
3016
4615
4749
4355
5293
5410
3093
4002
5443
6497
3172
4167
4506
4818
2940
3535
5416
6348
4011
4409
5722
2962
3017
4254
6502
3122
3882
3494
3737
3750
3068
3359
5200
3705
5756
6647
3454
5140
6078
6561
3551
3857
5173
3149
3610
4449
6316
3088
3221
4759
6306
4681
5347
5525
3866
6003
6625
3840
5511
5889
3288
3697
4656
3175
4226
4974
5389
3003
3058
4113
3699
5595
6410
6676
3240
3260
5523
3944
6262
6390
3424
4245
3202
3499
4764
5834
3884
6009
6629
4175
4885
6172
3718
4139
4599
3020
4041
4187
4602
3917
4582
5964
2993
3900
5657
3019
4198
5879
2992
4813
5181
3268
4097
4324
4466
4980
5165
5355
5971
3098
3444
3465
5534
3429
3564
4032
4772
3724
4153
4607
3171
3797
3041
4044
4218
4612
4137
4589
5801
6096
4967
6421
3536
4001
4513
4771
4968
6619
3780
5015
3519
3705
4886
3059
4002
4493
5443
3398
4590
4932
5980
3541
3746
4501
4818
3502
6469
6595
3223
3973
4069
4077
5735
5748
5925
6501
3372
5031
6485
3093
4462
5650
6497
3511
3993
6024
3716
5231
5546
6582
4894
5330
6653
3720
3889
4334
5352
3875
5350
5996
3883
4388
5114
4781
5130
5851
3947
4108
4347
5996
3331
5291
3139
4835
3744
4249
4457
6506
4164
4571
4802
5567
3412
5954
3295
3954
4528
4041
4187
4639
4481
4551
6643
4537
4871
5055
5148
3396
3825
4736
4753
5657
3060
4255
5923
4436
5055
5271
6481
5221
5419
6087
6384
3200
3852
4922
4945
6139
4044
4218
4648
3506
4731
6097
3095
3675
3869
5402
3809
4261
4270
5138
4608
6348
4377
4420
5102
3817
4291
5144
5504
3205
3311
3894
6318
3450
3839
5067
4643
6258
6596
3448
3801
5771
6401
3849
4219
6601
4009
4563
5106
5204
3210
5752
5932
5993
3413
4180
4296
3445
3450
4651
4985
3416
4183
4308
4944
4998
3066
6212
3675
3869
4540
5288
4659
5196
3893
4650
5802
5768
5910
6156
4576
5137
5405
3665
4358
4854
5131
3293
3549
5155
6187
3381
3739
4515
5304
5323
4422
4954
5276
6360
3211
3989
4318
6668
3681
4212
4039
5325
5885
4228
4687
6007
4897
6141
6423
3415
4168
5642
5764
5255
5570
6117
3547
4450
4742
6550
3038
3466
4269
3695
4027
5636
3751
6059
4042
5332
5895
3321
3835
5796
6412
3927
4672
5821
4135
5331
6309
6367
3460
3637
4267
6281
5178
5372
6351
3332
3763
4466
4635
3917
3649
3907
4709
3596
3898
4151
4913
5167
5891
3865
4348
5191
5705
5270
5481
6121
6414
4917
5171
5901
4277
6376
6415
6461
3215
4401
4677
6589
3360
3562
4077
6150
3457
4542
6091
6567
3078
4912
5346
5476
3535
3600
3326
4416
5277
4719
5246
3743
6495
6585
5654
6021
3248
3937
4713
4953
5195
6377
3107
4832
6199
4463
4958
6621
3362
4489
4592
5976
3614
4033
4142
6287
6567
4087
5009
5180
5261
4425
5023
4264
5663
4037
4090
5468
5862
3221
3574
3958
4759
3279
3407
4403
3592
3843
4174
3478
3486
4099
4479
6504
3738
4084
5687
3101
4938
5369
5499
4721
5063
5078
5537
4762
4794
5937
3875
5728
3365
4978
4876
6061
6186
3480
4784
4805
4316
5477
3638
3944
6262
3763
3923
4325
5234
3753
3771
5688
5714
3191
3373
4009
4894
3207
4684
5653
6275
4295
4723
4924
5680
3428
3541
4818
3545
3815
3960
6152
3737
5534
3299
3808
5458
5509
3367
3658
6284
4505
6513
4795
5725
6611
3394
5169
6319
6600
4065
5200
6209
5595
5708
3283
4398
4480
6608
3128
3463
3249
3749
6399
3371
3674
4068
4317
3626
4824
4847
6478
3197
3681
3924
4212
5144
4066
5736
6492
4304
4630
5637
3117
3617
4623
4154
4384
5757
6391
3617
3817
4994
3873
5776
4171
4372
4816
5762
6617
3373
4009
4221
5204
3369
3975
3452
4135
5136
5309
3354
3507
4989
6062
3502
3707
4301
4127
6282
4832
4960
6142
3279
3676
3351
3809
5439
5556
4329
4658
5648
3361
3812
3838
3556
5192
6548
3312
3419
4080
3613
5432
6416
4499
5888
6317
3591
6502
3621
4014
6338
3344
3641
4048
4318
6152
6615
6651
4214
4397
4123
4294
4600
5083
3764
4055
5044
5058
4290
5197
4066
4473
5545
5426
5591
6201
3178
3319
5530
4085
4124
5899
3296
3318
6316
3877
4514
5262
3155
3664
4667
3737
3792
6000
3240
4240
5033
3427
3874
4592
4791
3664
3865
5029
5037
6343
3722
4498
4621
4125
4182
5557
5935
5191
5902
3174
3245
3437
4087
4155
6307
3701
4902
4911
6493
3801
5979
3348
4650
5429
5761
5528
5531
3291
3448
5781
6143
3177
3811
4537
6434
3241
5998
4733
4984
6050
3404
4929
6691
3780
4501
5089
4424
5569
4087
4271
5261
4209
6684
4124
4536
5586
3575
4718
3201
4269
3375
4672
5471
5782
3345
3855
6436
5101
5640
5730
3289
5641
5952
6313
5103
5649
5738
3700
3549
5848
6281
6638
3434
3639
4692
6598
4199
4364
4685
5128
4474
6229
6437
3772
4022
4109
3289
4344
6313
4129
4979
6054
4015
4400
5011
5351
3518
3835
5018
4371
4418
4760
4215
5520
5677
5955
3617
4994
6082
6093
3369
4863
4934
3993
5618
5658
3661
5139
5376
5912
3839
4345
6240
5528
6012
3205
3922
5407
3211
4318
5627
6615
5360
4173
4739
5725
3601
6275
4986
5153
3352
5828
6283
3449
5922
6658
4118
4771
4252
4879
5178
5573
3941
4115
4991
3586
4253
4375
3757
6527
6579
5507
6208
6242
6466
3706
4766
5338
5478
3645
4514
5262
5645
3845
4136
4076
4711
3664
5029
6105
6109
5239
6284
3967
4119
4995
4324
4929
6459
6691
3344
4784
4805
5858
4862
3910
4017
4265
4993
4056
5042
6297
4220
4778
5762
4904
4934
5630
5832
3806
4955
3569
4864
6349
6462
3605
3643
4046
6352
4817
5291
3420
3476
4525
5282
3831
5655
6325
5117
5255
3632
4116
5815
3470
5414
3863
4470
5121
4617
4931
6478
4415
5249
6018
6474
3717
4974
6099
3554
3678
3736
3881
4162
4217
4973
4746
5120
4072
5144
6165
3255
5228
4905
4051
4837
5306
5469
6106
4346
4779
3476
4052
4074
4970
3519
4978
6056
3291
4752
4965
6143
4030
4601
4751
5564
4475
4656
4463
5129
5723
6463
3275
5240
3595
3635
3878
4746
6354
3291
3432
4965
3923
4176
4325
6071
6399
3730
5409
5485
5319
5496
6111
4082
4372
3349
4412
4906
5208
3768
4092
3654
3996
5433
6229
3915
4517
5162
4379
4804
3815
3989
5206
6152
5306
6124
3624
3871
4422
5532
3567
5134
4088
4397
3358
4178
4643
6258
3788
4096
3630
4445
4455
3688
4864
6462
4533
4895
5629
6690
4963
5159
5673
5871
5319
6133
3587
4321
5474
3848
4344
3722
4169
4504
4867
3994
3342
5748
5925
5863
6498
6638
3670
4493
5443
3572
4735
4024
5831
6308
3764
4055
5814
4230
4542
6135
6291
4061
5580
5754
3412
3905
4936
3997
4192
4360
3313
5188
5915
4408
4789
4688
5004
6493
3448
3801
4014
3648
4608
6489
3442
3705
5466
6647
4144
4739
4794
5857
6648
5088
5211
5844
6575
3894
5360
3342
5456
3600
3781
4373
3403
4210
4293
6117
3517
3868
4237
3740
4177
4770
6067
3821
4512
6182
6395
3610
4024
4028
4345
5362
3333
4223
4901
5733
3487
5520
5955
4573
5385
5587
6221
4231
4442
6662
4207
4701
6108
4285
4352
5349
5541
4493
5277
3358
5918
6258
3438
4937
5737
3379
4827
5751
3609
3990
4263
4624
4966
5394
6361
4351
4572
5465
4737
4901
6417
3758
3969
4971
5248
4616
4972
4252
4765
5178
5372
4113
5358
6411
3441
4313
4679
5513
4790
5720
6607
4437
5749
3969
4191
4778
4835
5450
4868
5223
3913
4130
4984
5160
3482
5686
5823
6660
5429
5802
6532
4686
4761
3741
4331
5121
3804
5138
5269
4833
6562
6113
6436
4008
4078
4541
5227
5595
6676
3651
4589
4975
5085
3685
5793
6497
4101
3459
3614
6167
4423
5544
5610
3408
5129
6463
3807
5403
5470
4136
4459
4916
3985
5131
6693
5702
5810
3805
4243
4831
6098
3973
5048
6454
4922
5940
3924
4019
4868
6409
3483
5632
5724
4576
4725
6515
4894
5330
4197
5191
5902
5471
5821
6546
3937
4713
6481
6599
3958
4452
4759
6129
3769
4369
5162
3856
4881
3506
4731
6339
3973
4069
5048
3943
3961
5150
5714
3710
3853
4162
4484
4952
3595
3903
5054
5040
5229
3761
4239
3389
5245
3903
5245
3586
4375
6063
6609
4459
4916
4987
4045
4489
5131
6693
4038
4635
4923
5390
4645
5047
4382
4705
3926
3815
4272
5206
4932
3466
4269
5652
3830
5112
5538
3468
3682
5157
6679
3964
4546
6261
6431
3648
4478
6489
4056
3952
4391
5141
4484
4952
4999
4313
4419
3715
5152
5301
3501
4772
6329
4598
5460
6142
6526
4593
4684
4686
3905
4248
4913
5727
3464
4235
3732
5814
4917
5743
3787
6069
6657
4117
5507
5855
6466
4080
5456
3476
4335
6632
4471
4843
5164
3438
4981
5047
4597
4640
4664
4152
5113
3516
6033
6574
5391
5551
6547
4503
4666
5248
3896
5402
5760
6525
4481
4616
4304
3938
3994
5231
3467
3766
6177
6498
4037
4959
3783
3921
3949
4103
4198
4927
4271
4974
5389
4376
4206
5125
5601
6323
4634
4649
5236
3787
6069
4049
6200
6391
4223
4737
5300
5406
5963
4330
4544
6008
3647
3682
5108
3630
4445
6102
6626
5781
5752
4766
3558
3987
4268
5250
3521
4354
4863
4329
4281
4392
6118
4043
4391
4587
4215
4839
4899
5043
5919
4006
4941
6160
4742
5064
3999
5096
4237
5700
6336
4326
4408
3849
3880
5344
4956
5019
6514
6059
3733
4547
5360
3671
4799
6164
6360
4689
5033
5972
5763
6044
6300
5077
5592
6051
6665
4743
5784
6379
4234
5399
6452
4747
5788
6383
5213
3703
4071
4266
5525
4249
4457
6277
4782
6260
6394
4147
6255
6441
3573
4998
6136
6660
3603
4068
5602
3806
4955
5418
4009
5106
6054
4231
5183
6277
3620
3835
5807
4438
5665
5731
6223
4148
4255
5000
3559
3802
5238
6684
3858
4717
4856
5527
3790
4910
5021
5619
4767
5984
6564
6641
4806
6451
4893
5096
5423
5791
4065
5134
6095
3695
5429
6532
3736
4025
6086
3905
4036
3740
4770
4110
6329
5153
6510
4125
5035
5202
4727
5074
4229
4251
4887
6075
3508
4335
4456
6183
5967
6043
6339
3954
4223
5733
3651
3824
5085
5335
4126
6024
4246
5436
6484
5216
5502
4327
4661
4874
3652
5374
5154
6217
4179
4117
4870
3656
4343
5028
6011
6656
5185
5309
4971
5299
6577
3689
4177
6423
4258
4502
5284
4710
5490
4640
4813
5783
5441
6280
6535
4454
4569
5412
4670
4875
5539
5405
6378
6515
4945
5053
6477
6491
5127
6570
4100
4222
5583
3738
5471
6546
4642
5188
4771
6005
3580
3766
6604
3606
3620
3680
5807
6086
4921
4940
3675
6333
4683
4890
5549
5954
4116
4166
5299
4194
4791
5122
5576
3815
4272
4469
4702
4783
5703
3886
5455
3785
3802
5218
3846
6081
5655
5852
6031
6127
3805
4831
4242
5013
5459
5498
5089
5292
5321
4629
5013
4950
5068
5453
6444
3693
4534
4960
4843
5997
6570
5618
5658
5456
4087
6099
6464
5094
5476
5790
6362
5431
5544
6652
3638
4284
6253
6306
4516
5350
6525
3577
3731
3891
4519
5609
5864
3676
4730
5986
3621
4380
6218
5084
6349
6462
3640
3777
4673
4660
5006
5326
3954
4223
5300
3735
4295
4924
4076
4486
6426
3811
5069
5365
5099
5499
5800
6374
5044
5058
5140
6276
6283
6561
3644
3684
4429
6508
3829
6227
3784
4407
5079
3982
4260
3762
5224
6155
3750
4243
6451
4675
6176
4475
4656
5016
3623
3850
6606
4531
4604
5479
3679
3756
5423
4722
5617
6421
4374
5670
3925
4702
3987
4268
3627
5977
6274
6689
4565
4655
5643
5817
4004
4273
4421
5876
6023
5188
6193
3654
5653
6229
4259
4727
3935
5724
6173
3722
4498
4504
3762
4709
4435
5043
5170
6584
4758
5202
5313
6197
3770
5570
5900
3764
5025
5619
6195
3834
5009
5261
5607
6416
6488
5064
4436
4471
5164
6576
5458
5564
5693
6007
4035
4387
4693
5368
4579
6031
6486
4060
4800
3989
4389
4976
5206
3812
5063
4941
5001
5267
5611
5636
5833
3903
4483
4699
5377
4829
5175
4750
6244
4755
5205
5285
4206
5672
5704
4195
4645
4827
5751
4176
4404
5994
6155
5850
6060
6584
4102
4267
6306
6523
4714
6321
3850
6314
6534
4552
5450
6455
4159
5816
5995
4046
4709
4339
4613
4682
3767
4156
4803
4903
5160
5583
4801
5688
6411
3725
4181
4750
5342
6244
3819
3824
5376
6083
6556
4474
6189
6205
6437
4786
5799
4070
5295
5427
4208
4443
5561
5729
6028
4211
4278
5239
4671
4893
5826
6290
3864
4016
4777
5187
5359
5658
4945
5053
5116
6139
4192
4448
4062
3985
4826
4622
4710
5522
5088
5147
5154
6380
4378
4413
5970
3693
5672
6427
5937
3713
4485
6557
3890
5306
6103
6241
4524
5565
5717
6057
4549
5249
6018
6285
3697
4280
4433
4757
5426
4644
4857
4060
4859
6368
4577
4204
4316
5362
5402
6519
4465
5082
5430
4013
5340
4202
5836
6019
3832
4853
5279
6232
4300
5915
6639
6067
6588
3951
3974
5053
6491
4807
5571
6553
5831
5622
3912
5319
6114
6247
5516
4050
4385
4580
4933
4647
4216
6456
6046
6064
6410
5391
6264
6547
5687
5947
6140
4164
4571
5385
5587
4240
6458
6545
3885
5316
5417
5639
5014
4112
5338
5652
4690
5950
4020
4551
5938
6230
6507
6518
4128
4131
4797
4841
3796
5285
5985
6517
4426
4698
6360
4830
6558
3723
4054
6217
3938
4400
5231
4226
4299
5052
4039
5105
4240
5452
5568
4499
5888
3913
4003
4130
5135
4621
5078
5147
5152
4042
5109
4709
5621
3861
5197
6346
4324
4466
4635
4923
3936
3941
5824
5987
3874
3997
5403
5470
4298
4390
3891
4005
5044
3773
5814
4789
5322
6032
3794
5301
6217
3992
6305
6344
4393
5075
4806
5563
5048
5143
6169
5119
5543
5422
5659
6625
3946
3982
5315
5991
5119
5747
5893
4457
5194
6190
4141
4158
4849
4888
3748
3798
6333
3967
3970
5837
6002
4238
4501
4383
5120
6098
6451
5488
6446
3955
4250
5064
3894
3943
6318
4025
4812
5080
3794
5789
6140
4208
5756
5065
5735
5748
4721
5211
5537
5886
3971
4004
5324
6006
3806
4370
6404
5994
6352
4572
5318
4538
4343
6194
6666
3842
5161
4779
5266
5449
5684
6629
4210
4263
5755
5137
5308
3929
5103
4028
6189
6355
4507
5166
6593
4303
4563
5204
4479
6337
4581
4972
3807
4315
4417
4787
6103
6331
3797
4706
5287
6090
4874
5012
5059
5951
5244
6270
6536
4509
4926
4930
5815
4915
6146
5020
6375
4804
5293
3981
5058
5555
6633
3898
4835
5615
3861
3910
6370
4505
6347
3965
4467
4844
4936
4590
5907
5960
5381
4238
6330
6333
5173
5785
5964
5065
5463
4288
4424
5367
5906
6203
6687
4046
5556
5173
5591
4370
5612
5976
4201
5158
5509
6044
6267
4380
6495
6252
5152
3885
5417
5711
6370
4145
4333
5432
6017
4820
6114
6341
5144
4515
6319
6381
4589
6096
6231
4518
6181
6660
5867
5928
4001
4018
4513
4382
4705
5215
6442
4499
5097
5181
6203
4910
5021
5233
5763
4992
5364
6535
4180
4670
4875
4986
4990
5149
4946
5629
6690
3922
5407
6551
4003
4562
5034
4694
5120
6118
4355
5758
5018
4183
4683
4890
4282
4439
5846
4254
6463
6502
3852
4757
4376
4981
4641
4660
5326
6622
4425
5023
4174
4374
3945
4235
4993
4171
5174
5879
6081
6460
4702
5703
5828
4407
5079
5641
5601
6601
6675
3966
6100
6158
5426
5057
5726
4366
5130
5865
4488
5223
4132
5831
6308
4435
4295
4723
4856
4402
4440
4730
5986
5177
6473
3906
3928
4555
5438
4010
4560
5626
6671
5191
6022
6303
6677
3919
4086
4966
5635
4179
4872
6014
4121
6519
3904
4406
5382
4359
5063
6350
4384
4502
5014
5978
3920
4015
5893
4666
5403
5823
6136
4385
4942
6592
3926
5225
6605
5166
6407
4741
6059
4534
5125
4214
5219
5923
5786
5506
6036
6310
6678
5177
5455
4489
4592
4791
5122
4279
4429
6088
6508
3909
3930
6058
5885
6635
6004
3939
4394
4543
4545
4035
5802
5688
5488
6216
6233
6603
4167
4818
4001
5696
6053
5615
6689
4940
5289
6476
4363
4496
5841
4349
5514
6268
4182
4497
5557
6575
4196
5801
4764
6129
6507
4366
4654
5085
5335
4669
5352
5811
6473
5939
6602
5895
6636
4326
4421
4053
4621
4664
4867
3984
5859
5242
5860
6630
5712
5887
5110
5111
5792
5655
5852
4310
4572
4577
5438
4702
4783
4918
4062
5821
4109
4432
5066
4669
6351
4615
5273
6623
4652
5101
5506
4292
4477
4869
4080
4116
3998
6149
4650
5761
5849
6602
6218
4545
5156
5621
3957
5363
6444
3946
5987
4129
4979
5631
6597
6318
4452
4759
5159
5275
5871
4115
5991
4347
4617
5090
4964
6536
5050
5311
4500
4756
5473
5644
4227
5477
6245
4122
4657
4640
4664
5247
4570
4918
6130
6230
4041
4602
5105
5220
5226
6651
4636
4745
4283
4461
5598
6085
4179
4872
5753
6026
4980
5165
5789
4267
5253
6406
3971
6002
4722
5617
5989
6102
4971
5748
4672
5782
5856
4119
6006
4044
4612
5109
6284
4500
4825
6443
4354
4863
5668
5933
4065
4347
5200
4168
4595
5642
6066
6328
6332
6673
4498
4895
6690
6328
4665
5780
5706
6239
6659
4322
5312
4106
4879
5502
5618
5930
4149
5201
5422
6668
4832
5460
6142
4547
4768
5158
5509
4983
6614
6154
5781
4298
4325
5234
4028
5433
6355
4360
5343
6135
6397
5826
6081
6281
5208
5949
6005
4013
4416
4853
5059
4674
5797
5707
6004
6429
5547
6531
4078
4541
5547
4530
4988
4989
4837
5121
5870
5697
4230
4542
5542
6287
4188
6497
5566
5199
6585
5395
5626
6542
4365
6346
6473
6263
5273
6450
4688
5133
4109
4184
5217
5449
5433
5075
5080
4410
4485
6126
6557
4610
4847
5516
4840
4961
5358
5446
4228
5172
6007
4315
4360
5470
4516
5096
5423
6093
5677
5834
6342
4362
4959
4351
6325
6453
4139
4121
5362
5999
6519
4153
4270
6044
4489
5976
6685
5269
4673
4933
6405
6581
6168
6270
4671
4893
4780
6296
6688
4755
5205
4074
4236
5142
4891
5162
5896
5147
5154
6217
4168
6066
5042
4404
5010
5681
6211
4173
4912
6504
5522
5881
5026
5458
5693
6109
4303
5266
5437
4299
5569
6292
6095
5027
5813
5070
6520
5249
6663
5230
4763
5348
4240
5272
5568
5363
5453
5504
4574
4691
6369
5213
6120
5008
5425
5946
6063
4527
4711
4423
6150
6265
4508
5679
5815
4134
6137
6202
4459
4241
5265
5365
5798
4678
4911
5563
5070
6520
5418
5887
4484
4185
5224
5621
4383
4392
4765
5372
6052
6251
4779
4220
4938
6513
4102
6604
4850
5136
5309
5773
4804
4324
5485
6459
4620
4691
4866
6065
4247
4249
6542
4465
5430
6363
4217
5848
6281
4127
4481
4551
4412
4906
6514
5132
5589
5869
5065
5463
5735
6236
4419
5760
4174
6571
4378
4937
5379
5478
4355
5293
5484
5692
4860
4625
6539
4684
5613
6275
5701
4568
5950
4935
5288
4207
4250
6550
4244
5157
5882
5076
5853
4444
5035
4275
5608
6235
5761
6013
4894
4853
6025
5780
6013
4881
5098
5679
4378
5383
6590
4278
5289
6476
4354
4171
4372
6096
4616
4822
4510
6635
4437
5732
6178
6486
5782
6029
4724
5440
6461
5032
5203
5331
4739
5056
5073
5448
4573
4594
5385
5698
4921
5400
4155
4331
4787
5469
4740
5045
5494
5682
5615
4266
5525
4529
6636
4644
4425
5645
6204
4343
4736
6056
5797
6029
4453
5787
5905
5366
5489
5910
6560
4346
4779
5266
5437
4214
4397
6443
6480
4767
6564
4649
4975
5085
6134
4860
4889
4948
4170
4506
5814
4867
5447
6382
5401
4180
4296
4670
4795
5725
4432
4540
5288
6435
4310
5543
5030
6151
4545
5621
4488
4186
4369
4820
5496
5156
5529
4308
4683
4650
5849
4416
5024
5340
4304
4630
4807
5225
6343
4778
4448
4216
5086
6052
6251
4503
6505
6577
5169
4406
5801
5355
5491
5705
4659
5854
4320
5238
5945
5209
5395
5518
5626
5458
5564
4483
5812
5921
4638
4880
6076
5631
6597
6679
4379
4804
5293
5484
4860
5704
4657
5320
4226
4288
5052
5570
6606
4904
4934
5361
4869
6251
4953
4672
5856
5601
6094
6323
4816
5762
5330
5694
6070
4925
5497
4329
4658
4830
6448
4444
4653
6131
6610
4974
4979
6054
6071
5039
5172
4689
4887
5972
6135
6397
5345
6445
4309
4708
5333
5913
4306
4492
4706
5454
6138
4365
6327
4970
6014
5100
6228
4785
6404
6470
5965
6540
6655
4334
5132
5591
4600
6272
4344
5505
6163
5395
6542
5356
4742
6550
5216
5969
6015
6048
4339
4401
6176
4463
6463
4719
5904
5592
6479
4259
4676
4727
4487
6096
6231
4495
4665
5560
4270
4476
4676
5322
6032
6630
5460
6681
4300
5588
4963
5159
5113
5272
4511
5467
6240
4587
5758
6101
4520
5420
4674
5575
4846
5311
5386
4525
5282
6024
4494
4590
5907
5980
4382
5215
4333
6166
6428
4553
4757
4907
4694
6078
5104
5521
5151
5214
5585
4711
6157
6644
5077
5408
5943
4649
6359
6603
5659
6303
6353
6625
5719
6684
5444
6332
4663
5977
6274
4454
4994
5412
4411
4500
6443
4478
5540
6260
5334
5882
5527
4297
5727
4630
4807
5409
6099
6113
5588
6620
4986
5153
5652
4717
4749
4998
5527
5694
6357
5562
6339
6659
5015
6517
4744
5298
4314
5743
4443
5992
6667
4404
5444
6042
6145
5684
6310
6371
6629
6571
4658
4830
5470
5108
5631
4549
5632
6020
6152
4460
5167
5662
4685
6311
6273
6388
6419
4472
5171
5666
4428
4562
5034
4679
5024
5277
6503
4651
4704
4712
4526
5422
5927
6406
6422
5056
5296
5459
6058
5967
5845
6183
4761
6389
5069
5365
5798
6672
4618
4909
4947
5158
5863
4601
5172
4914
5263
6569
6194
5079
4990
6040
6282
4531
5029
5479
5421
6248
5809
5860
6578
6630
4635
5465
5676
5943
4357
5294
5877
6309
4395
4521
5667
6047
6434
6439
4826
6094
4422
4614
4954
4740
5941
6068
5392
5862
6598
5168
5609
5384
5945
4728
4993
4451
4486
5685
6426
6589
4600
5083
5654
4556
5449
5497
5984
6641
4459
5287
5892
6193
6012
5685
6589
4981
4626
4896
5603
6340
6307
4800
5388
4939
5462
6123
4392
6118
5092
5466
4780
6592
4762
6510
4453
5668
4596
5725
4976
6039
6215
5485
6256
4700
5329
5468
5013
5075
5017
5495
5550
5674
6028
4942
5287
6090
6592
4484
4753
5310
5224
5510
6155
5546
6001
4618
4677
5501
6225
4419
5134
5010
4811
5452
5568
6057
5647
6349
4509
5524
4789
5919
4483
4699
5697
4461
6219
6482
4477
6068
6480
4761
5777
4914
5970
6239
6490
6659
5031
6037
6485
5024
5612
6286
4694
4760
4707
4631
5762
5876
5342
5610
5218
5719
4455
4715
5276
5254
5436
6484
4884
5022
4682
4951
4760
5698
4953
5958
4896
5603
6186
4685
5128
5708
4859
5574
5794
4662
5104
5521
5624
5104
5822
4769
4811
5986
4662
5500
5732
6445
6479
4708
5916
5202
5935
5769
6608
4909
4559
4668
5515
5463
4538
5320
5881
5556
5865
6390
4693
5787
5115
5504
4480
6244
4541
6183
6116
4552
5769
6455
6608
4511
5464
5467
5151
5398
4935
5650
5278
5579
5795
4613
6363
5318
4567
5165
5301
4690
5875
4950
5068
5770
5664
4814
5794
4520
5420
5475
5027
5445
6038
5713
6547
5523
5847
4495
5138
6027
5086
5941
6260
6504
6680
4715
4753
4677
5241
5874
6646
5812
4698
5062
4527
5241
5284
5597
5772
4497
5605
5806
4625
5019
6539
4732
4754
4755
4676
5168
5842
5844
5538
5352
5092
4791
5594
6199
6382
6513
6683
5089
5401
6354
6593
6145
4530
6265
4836
5662
4539
5867
6301
4803
6605
6169
5548
5413
4627
4695
5041
5168
5625
5666
5729
6028
4802
5660
6408
6430
5759
6431
6591
4769
5297
4970
6289
4787
5121
5870
4748
6157
4875
4865
4926
6265
5182
5705
5346
5373
6271
6353
4997
6259
5622
5160
6025
5076
5519
6072
5058
4819
6395
6285
6330
5547
5017
5156
4704
4851
5753
6032
6177
5107
5512
5744
5838
5752
4787
5087
5870
5938
4566
5310
4798
6186
4819
5421
6439
6507
6518
6583
4820
5162
5896
5369
5404
6288
6371
4652
5175
6206
6236
6410
4638
4880
5154
5959
6033
6380
4874
5059
5493
4794
5857
6045
6062
5367
5715
6097
4792
5450
6170
5129
5165
5723
5950
5115
5611
5636
4783
4950
6444
5983
5302
5503
4620
5361
4878
5778
6084
6562
6515
5894
6583
4820
5123
5896
4908
4996
6021
5683
6296
6688
5531
6472
4628
5784
6003
4744
5305
6181
4645
5737
5751
4632
5788
6009
4676
5094
4734
5099
5403
4684
5613
5503
6593
4744
5305
5707
4739
4621
5744
5192
6115
6548
4602
5105
4908
4751
5080
5511
5889
6169
6600
5182
5687
5947
5360
6272
6424
5164
5928
4612
5109
5501
6225
4923
5390
4617
5577
5944
4665
5818
5880
4909
6055
6164
6350
6409
6623
4972
5577
4682
4969
4674
5825
5883
4738
5126
5678
4892
5328
4832
5900
6199
5507
6670
4896
5678
6660
6627
6677
4644
5888
6317
5637
4778
6628
6678
5620
6262
6280
4975
5236
5950
4824
4931
5118
6478
5209
5626
5689
5849
6594
5608
5957
5416
6462
4663
6151
5772
5169
5359
5658
4656
5691
5856
6134
4712
6222
4949
5827
6574
4775
6134
5920
6097
4701
5648
5221
5003
5957
6110
6517
5749
5581
5315
4928
5357
6618
6676
5526
6553
6296
6314
5324
5008
6063
4688
5628
5975
5473
5640
6611
5969
6073
6128
5829
6558
4982
5653
6389
4788
5016
5847
5628
5572
6560
5922
5260
5536
4714
5779
5854
5734
6118
4872
5678
6014
4756
4828
6112
6521
4900
5965
6540
4715
5924
5722
5074
5329
5517
6049
5649
5742
6617
4920
6420
5634
6214
5015
5381
5760
5536
5561
5522
6306
5207
6420
6599
4927
6148
5072
4902
5004
5193
6493
5434
5651
5265
6107
6533
5270
5456
6311
6465
6326
6350
4750
5746
5542
6287
6461
6485
4769
5297
6327
6346
6528
5281
6614
6631
5134
6095
4919
6555
4884
6141
5140
5828
4975
5801
4752
4965
5097
6056
6322
6512
5061
5126
5361
5845
5843
6293
6640
6106
5642
5150
5390
5120
6111
5241
5929
6646
5651
6623
6102
4796
4812
5198
5307
5072
6141
5907
6491
6521
5067
5000
5830
5904
5984
6389
5373
5427
5664
4936
6012
5669
6048
4985
5385
5698
5580
5646
6032
6057
6067
6301
5280
5326
6026
5211
5844
5886
6631
4828
5914
6359
4855
5278
5491
5971
5232
5356
6542
5428
5956
4955
5851
4822
6185
4950
6569
4861
5190
6470
5433
5661
5693
6007
6192
4978
5097
6056
5310
5968
5485
5798
6672
6682
6504
6680
5564
5903
6457
4841
5516
5005
5007
6305
6447
6557
6338
5108
6378
6425
5235
6564
5037
5161
5450
6170
6000
6649
4907
5207
5387
5722
5114
5776
5897
5452
5317
5903
6563
4843
6171
6651
6513
6683
4842
6432
5176
5228
5833
5053
5116
6094
4881
5259
5934
5175
5819
6220
5593
6098
5981
6276
6283
5184
5240
5858
6635
5397
5531
6472
5956
5966
6688
5944
4943
6402
5670
5210
5813
6516
5577
5636
5228
6373
4888
5563
5908
6299
5759
6431
5026
5754
6273
5122
5576
4958
5487
6433
5746
6320
4898
5378
5194
6030
6116
6368
6323
6079
6652
4916
5185
5380
5647
6636
5126
5336
5674
5117
5223
5086
5805
6041
6539
5294
6576
4873
5678
6110
4964
5007
5240
6387
5392
5779
6384
5267
5589
5341
5958
4921
4940
5400
5911
5341
5958
6035
6297
6228
6330
5014
5978
6194
5216
5366
5975
6094
6323
5953
6188
5087
6200
4997
5107
6034
5274
6422
5528
5531
5514
6533
4939
5462
6140
4984
5583
6080
5988
4952
6254
6483
5067
5654
6272
6176
5480
5628
5687
5348
5243
5973
6569
6146
6514
5252
5012
4992
6097
6188
6433
6210
6446
4929
5339
6344
5430
5660
6530
4988
5854
6148
5123
5218
6427
6475
5778
6087
5295
5427
5683
6296
5185
5999
6386
5670
5406
6249
5379
5733
5911
6015
6595
5857
6634
6648
5281
6511
5163
5312
5629
5863
6177
6498
5299
5576
5830
6414
6610
5829
6088
6119
5676
6164
6360
5533
5370
5820
5918
5612
5913
6685
6686
5278
6543
5721
6548
5956
6193
5280
5713
6418
6616
6010
6061
5300
5145
5394
5005
5554
5073
5607
6291
5829
6289
5594
5081
5820
5116
5321
5477
5182
5947
5511
5060
5708
6311
6055
6164
6305
5478
6008
5560
5741
4989
5553
5553
6468
5689
5824
6555
6642
5159
5412
5691
5837
5852
6031
6424
5107
5512
5527
5575
5745
5904
6197
5952
5437
6282
5006
6235
6661
5827
6121
5007
6060
6613
6186
5279
6232
6356
6001
6495
6585
5135
5459
5466
5960
5474
5661
5796
5370
6670
5451
6403
6657
5233
6195
5034
5425
5084
5931
5513
5277
6573
5474
5661
5813
6070
5095
5656
5479
5040
5943
6037
5908
5972
6545
6232
5803
5484
6307
6605
5257
5749
5283
5572
6151
6572
6014
6181
5397
6066
5494
5669
6052
5793
6172
6386
5511
6600
5143
5227
5264
6516
6541
5587
5602
6184
6221
5569
5719
5510
5939
6576
6166
6312
5425
5946
5135
6046
6064
6465
5442
6622
5924
6126
6174
5603
5742
6467
5115
5611
6252
6654
5214
5584
6643
5924
5432
6619
5558
5768
5853
6101
5408
5541
5537
5660
6408
6508
5995
5416
5682
5870
5872
6575
5424
5944
5461
6224
6226
6644
5284
5289
5889
6454
5771
6077
5826
6607
5866
6144
6308
6228
5603
5742
6467
5578
5493
6413
6425
5747
5893
5617
5989
5839
6601
5717
5453
5303
5255
5778
6562
6162
5131
5896
5334
5445
5882
5601
5704
6147
5286
5699
6019
5301
5533
5498
5596
5472
5975
5908
5405
5875
5942
5374
6011
6393
6050
5329
5473
5163
6120
5889
6454
5635
5174
5579
5872
5939
6227
6468
6637
6453
6219
6365
6187
6457
6460
6257
6177
6025
5382
6180
6419
6122
5861
6354
5464
5625
6381
5739
5878
5475
5489
6201
5879
6222
5795
6370
5573
5978
6194
5313
6356
6464
5906
5355
5634
5949
6214
5806
5832
5219
5605
5232
5840
5993
5384
5519
5945
6079
6404
6115
5827
6574
5632
5724
5746
5755
6320
5221
5419
5977
5873
6143
5351
5776
6074
6167
5237
5469
6106
6610
5967
6043
5694
6165
6212
6544
5345
6483
6076
6665
5694
6070
5872
5343
6135
6234
6488
5920
5774
6643
6376
5251
5496
6111
6475
5923
5399
5327
5492
6161
5529
6343
5399
6452
6586
6618
5795
5383
6237
6590
6079
6150
6512
5356
6104
5318
5409
5296
5567
6408
5380
6650
6106
6379
6294
6284
6669
5806
6589
6053
6403
5727
5891
5711
6524
6536
5270
5481
5645
6204
6594
5594
5411
5467
6111
6383
5743
5901
5378
5436
5447
5395
5518
6662
5486
5816
5758
5853
6101
5638
6112
6233
5333
6369
6674
5758
5783
6563
5695
5970
5740
5836
5365
6540
6015
5361
6622
5942
6352
5939
6481
6602
5565
5717
5948
6409
5461
6224
6449
6041
6539
5342
6244
5723
6264
6329
6631
5750
6632
5489
5572
6560
5907
5867
5428
6435
5461
6196
6644
6361
6471
5303
5401
5482
6122
6182
6017
6428
5642
5764
6505
5411
6221
6474
5321
6139
5796
6089
6412
6336
6429
6331
5539
5714
5875
5393
6608
6516
6419
6356
5337
6327
6566
5692
5880
5417
6460
5409
6341
6550
6192
6578
5796
5701
5883
6124
6241
6238
5549
6342
5558
6038
6043
6133
6247
5536
6568
5545
5590
5352
5811
5561
6028
6065
5918
6258
6596
5398
5680
6447
5513
5532
6298
5839
6601
5949
6483
5348
6345
6128
6313
5373
5676
6076
5548
6525
5353
5546
5675
6074
5381
5543
5705
6506
5912
6040
6165
6444
5441
5720
6560
5715
5817
5718
5379
6358
6692
6034
6250
6518
6456
5376
6393
5540
6260
6394
6522
5740
5921
6406
6422
5404
5647
6499
6349
5695
6340
5586
5623
6212
6001
6218
6495
6072
6664
6453
5551
6084
6598
5773
5480
5574
5794
6159
6552
6472
6085
6482
5709
6441
5482
6519
5413
5534
5737
6318
6051
6520
6474
6663
6082
5478
6008
5523
5572
5942
5994
6352
5931
6524
5533
5635
6400
5835
5756
6232
5664
5892
6592
5660
5990
5607
5616
6320
6526
5718
5736
6438
6282
6583
6267
6554
6334
5633
6238
6261
6042
5545
6653
5966
5570
5900
6312
6619
5716
6263
6375
5504
5898
5997
5786
6239
6490
5616
5819
6417
5891
6398
6325
6391
6398
5884
6561
6331
5644
6273
5901
6400
6362
5631
6105
6361
6633
6139
6381
6307
5734
5905
6420
6433
6543
5638
6108
5971
5890
5955
6412
6321
5845
5700
6341
6530
6156
6374
5732
6489
5869
6037
6474
5850
5909
6222
5545
5590
5668
5580
5529
6259
6687
5962
6236
5944
6049
5592
6665
5586
6664
5807
5731
6119
5847
5641
6265
6458
5811
5934
5834
5940
6249
6658
6692
6065
5872
5839
6690
6553
6377
6076
6665
6397
6415
6162
5990
6405
5686
5823
6558
5674
6591
6301
6304
5586
5623
5697
5617
6421
6045
6062
6471
5959
6380
5840
5932
5993
6527
5818
6065
6043
6339
6367
5975
5568
6057
5765
6017
5719
6077
5589
5599
6481
6599
5825
6505
6478
5624
6158
6373
5754
6151
6274
6572
5633
5810
6253
6523
5774
6394
6522
6365
6643
5983
5915
5596
5775
6201
6662
6089
6577
6046
5599
6231
6317
5774
6377
5685
5726
6130
6426
6663
5744
5838
6387
5786
6390
6234
5957
6289
5864
6174
6314
6534
5770
5976
5846
5874
6385
5858
6526
6681
6195
6207
6490
5672
5704
5804
5665
5868
6202
6159
6552
6493
6120
5988
6338
6190
5702
5949
5727
6233
6477
5926
6689
6494
6016
5920
6259
6573
6594
5754
5743
6467
6500
5793
6386
6115
6526
6240
5799
6021
5979
6011
6269
5841
6392
6271
5693
6620
6640
5980
5876
6023
5917
6591
5775
6531
6012
5769
5792
6168
6455
6010
6368
6147
5897
6220
6324
6161
5866
6145
6085
6127
6178
5941
6052
6581
6288
6609
5824
6208
6466
6645
5837
5880
6340
5860
6005
6278
5804
5984
5898
6570
5982
5883
5810
5770
6309
6367
6066
6429
6046
5842
5911
5865
5887
6000
6649
5763
6300
6554
6205
6616
6203
6053
6403
5933
6607
5971
6030
6609
6136
5916
5766
6494
6088
6223
6211
5905
6206
5933
6541
5963
5767
6500
5936
6584
5921
5818
6467
5825
6162
6154
6556
5963
6020
5878
6681
5791
6391
5917
5996
5987
6496
6337
6347
6626
5833
6401
6317
6299
6522
5787
6074
6146
6514
6384
6598
5991
6002
6563
6594
6003
5859
6201
6239
5995
6009
5947
6140
6022
6175
6677
6200
6647
6626
6171
6373
6006
6655
6389
6036
6179
6678
6093
5812
6041
6387
6273
6388
6657
6243
6278
6537
6196
6019
6492
5905
6259
6687
6335
6109
5846
5927
6246
6136
5849
6290
6414
6283
6119
6610
6047
6248
6439
5921
5856
5906
6687
6579
6671
5842
6549
6441
6293
6580
6650
6511
6246
6604
6638
5909
6163
6332
6673
5899
6466
6045
5964
6053
6407
5884
6084
6187
6126
6295
6145
6023
6158
5910
6156
6041
6077
6401
6646
6182
6395
6432
6257
5981
6276
6241
6635
6326
6614
6554
6089
6412
5956
6193
6585
6250
6588
6247
6636
6074
6570
6520
6382
6188
6457
6460
5936
6476
6011
6656
6568
6667
6233
6359
6603
5992
6591
6091
6192
5932
6174
6064
5977
6689
6422
6449
6122
6182
6157
6226
6385
6348
6527
6521
5959
6131
6584
6446
6068
6027
6294
6063
6609
6450
5985
6110
6016
6279
5954
6161
6235
6131
6517
6030
6173
6376
6107
6268
6533
6472
6125
6688
6632
6170
6255
6392
6073
6340
6075
6210
6261
6431
6084
6562
6004
6184
6416
6110
6013
6372
6102
6626
6405
6581
6013
6153
6104
6155
6525
6138
6402
6302
6370
6218
6029
6379
6334
6029
6383
6396
6160
6485
6104
6190
6303
6362
6154
6238
6261
6173
6486
6131
6574
6423
6588
6297
6310
6374
6593
6070
6653
6208
6242
6668
6302
6468
6332
6267
6248
6160
6531
6108
6078
6080
6237
6071
6326
6614
6163
6366
6451
6501
6245
6101
6664
6075
6458
6545
6080
6652
6290
6532
6154
6556
6384
6166
6469
6487
6243
6537
6364
6634
6532
6209
6113
6158
6406
6331
6506
6546
6268
6546
6477
6491
6292
6341
6623
6277
6442
6489
6414
6576
6241
6191
6655
6219
6178
6486
6279
6230
6507
6426
6510
6595
6247
6359
6202
6476
6402
6452
6548
6401
6308
6316
6321
6173
6397
6415
6652
6213
6667
6226
6599
6531
6342
6366
6223
6455
6319
6255
6552
6615
6435
6627
6211
6628
6419
6298
6411
6355
6506
6256
6682
6537
6573
6253
6315
6356
6207
6490
6555
6382
6647
6607
6418
6236
6501
6280
6642
6215
6621
6286
6686
6277
6442
6645
6293
6603
6295
6335
6663
6312
6449
6538
6348
6538
6637
6437
6291
6488
6590
6622
6509
6567
6399
6449
6538
6268
6518
6583
6456
6644
6445
6549
6682
6529
6679
6523
6266
6616
6375
6300
6299
6393
6524
6353
6424
6304
6561
6334
6313
6535
6330
6333
6686
6567
6371
6436
6684
6365
6416
6488
6554
6304
6468
6637
6345
6344
6358
6465
6405
6600
6681
6413
6324
6417
6582
6335
6551
6350
6566
6673
6417
6494
6680
6372
6605
6447
6353
6362
6473
6500
6683
6456
6437
6656
6371
6374
6633
6648
6484
6613
6659
6396
6415
6522
6565
6575
6538
6646
6435
6657
6549
6432
6586
6565
6428
6501
6496
6544
6502
6588
6565
6587
6508
6530
6564
6641
6439
6541
6484
6613
6661
6549
6480
6483
6482
6503
6587
6586
6551
6545
6672
6691
6595
6612
6633
6587
6662
6557
6612
6516
6541
6611
6666
6580
6639
6650
6617
6645
6577
6658
6692
6631
6582
6559
6566
6597
6679
6641
6540
6675
6642
6649
6578
6544
6621
6621
6616
6615
6642
6596
6596
6674
6685
6630
6671
6639
6640
6624
6651
6666
6669
6675
6680
6661
6683
6676
6639
6640
6677
6678
6648
6666
6672
6691
6682
6668
6686
6675
6692
6693
6693
)


// ************************************************************************* //
