/*--------------------------------*- C++ -*----------------------------------*\
| =========                 |                                                 |
| \\      /  F ield         | OpenFOAM: The Open Source CFD Toolbox           |
|  \\    /   O peration     | Version:  2.3.0                                 |
|   \\  /    A nd           | Web:      www.OpenFOAM.org                      |
|    \\/     M anipulation  |                                                 |
\*---------------------------------------------------------------------------*/
FoamFile
{
    version     2.0;
    format      ascii;
    class       volScalarField;
    location    "400";
    object      nut;
}
// * * * * * * * * * * * * * * * * * * * * * * * * * * * * * * * * * * * * * //

dimensions      [0 2 -1 0 0 0 0];

internalField   nonuniform List<scalar> 
7994
(
0.0670379
0.061977
0.057238
0.0528796
0.0489554
0.0455087
0.0425652
0.0401249
0.0381516
0.0365699
0.0352722
0.0341341
0.0330297
0.0318421
0.0304715
0.072961
0.0693848
0.0661877
0.0634011
0.0610352
0.0590803
0.05751
0.0562853
0.0553597
0.0546848
0.0542137
0.0539045
0.0537215
0.0536356
0.0536244
0.0782761
0.0757227
0.0735152
0.0716437
0.0700881
0.0688198
0.0678051
0.0670087
0.0663962
0.0659363
0.0656015
0.0653685
0.0652182
0.0651349
0.0651063
0.0828064
0.0809557
0.0793806
0.0780586
0.0769642
0.0760698
0.0753481
0.0747733
0.0743223
0.0739752
0.0737147
0.0735269
0.0734003
0.0733255
0.073295
0.0866035
0.085229
0.0840623
0.0830823
0.0822665
0.0815931
0.0810421
0.0805957
0.0802385
0.0799573
0.0797412
0.0795814
0.0794704
0.0794023
0.0793724
0.0897846
0.0887263
0.0878306
0.0870736
0.0864369
0.0859043
0.0854618
0.085097
0.0847998
0.0845614
0.0843747
0.0842338
0.084134
0.0840713
0.0840426
0.0924246
0.0916034
0.0908982
0.090294
0.0897787
0.0893412
0.088972
0.0886628
0.0884067
0.088198
0.0880321
0.0879049
0.0878135
0.0877551
0.0877275
0.0946468
0.0939985
0.0934275
0.0929306
0.0925006
0.0921301
0.0918128
0.0915433
0.0913169
0.0911299
0.0909793
0.0908626
0.0907776
0.0907226
0.0906963
0.09656
0.0960151
0.0955368
0.0951167
0.0947486
0.0944271
0.094148
0.0939078
0.0937037
0.0935332
0.0933944
0.0932858
0.0932059
0.0931538
0.0931285
0.0981747
0.0977166
0.0973099
0.0969483
0.096627
0.0963425
0.0960923
0.0958746
0.0956875
0.0955299
0.0954005
0.0952984
0.0952228
0.095173
0.0951486
0.0995519
0.0991633
0.0988134
0.0984974
0.0982125
0.0979567
0.0977288
0.0975285
0.097355
0.0972076
0.0970859
0.0969892
0.096917
0.0968693
0.0968456
0.100733
0.100403
0.100099
0.099819
0.0995632
0.0993298
0.0991192
0.0989326
0.0987698
0.0986309
0.0985159
0.0984238
0.0983541
0.0983081
0.0982853
0.101757
0.101475
0.101206
0.100955
0.100723
0.100507
0.10031
0.100135
0.0999798
0.0998476
0.0997389
0.0996519
0.0995826
0.0995385
0.0995165
0.102651
0.102412
0.102167
0.101939
0.101727
0.101523
0.101336
0.101173
0.101023
0.100895
0.100792
0.100714
0.100639
0.100598
0.100576
0.030485
0.0318786
0.0330681
0.0341675
0.0352988
0.0365912
0.0381711
0.0401464
0.0425915
0.0455412
0.0489944
0.0529246
0.0572887
0.0620333
0.0670995
0.0536234
0.053633
0.0537177
0.0539002
0.0542096
0.054682
0.0553595
0.0562888
0.0575184
0.0590946
0.061056
0.0634291
0.0662232
0.0694282
0.073013
0.0651066
0.0651359
0.06522
0.0653714
0.0656056
0.0659419
0.0664038
0.0670186
0.0678179
0.068836
0.0701083
0.0716685
0.0735455
0.0757595
0.0783202
0.0732954
0.0733268
0.0734027
0.0735304
0.0737194
0.0739813
0.07433
0.0747828
0.0753597
0.0760841
0.0769816
0.0780799
0.0794066
0.0809876
0.0828455
0.0793728
0.0794036
0.0794725
0.0795844
0.0797453
0.0799625
0.080245
0.0806037
0.0810519
0.081605
0.0822811
0.0831003
0.0840847
0.0852571
0.0866387
0.0840429
0.0840723
0.0841356
0.0842362
0.0843778
0.0845654
0.0848049
0.0851033
0.0854695
0.0859139
0.0864488
0.0870887
0.0878498
0.0887512
0.0898168
0.0877277
0.0877557
0.0878145
0.0879065
0.0880342
0.0882008
0.0884102
0.0886672
0.0889776
0.0893484
0.089788
0.0903062
0.0909143
0.0916254
0.0924556
0.0906963
0.0907229
0.0907781
0.0908633
0.0909804
0.0911314
0.0913189
0.091546
0.0918164
0.092135
0.0925073
0.0929398
0.0934404
0.0940164
0.0946715
0.0931284
0.0931537
0.0932058
0.0932857
0.0933944
0.0935334
0.0937042
0.0939088
0.0941497
0.0944297
0.0947527
0.0951232
0.0955467
0.0960299
0.0965812
0.0951484
0.0951726
0.095222
0.0952974
0.0953995
0.095529
0.0956868
0.095874
0.0960921
0.0963429
0.0966285
0.096952
0.0973171
0.0977286
0.0981925
0.0968454
0.0968685
0.0969157
0.0969873
0.0970839
0.0972057
0.0973532
0.0975267
0.0977269
0.0979548
0.0982114
0.0984983
0.0988178
0.0991732
0.0995698
0.0982852
0.0983073
0.0983522
0.0984205
0.0985127
0.0986283
0.0987674
0.0989299
0.0991157
0.0993254
0.099559
0.0998168
0.1001
0.10041
0.100749
0.0995169
0.0995381
0.0995803
0.0996456
0.0997345
0.099845
0.0999776
0.100131
0.100305
0.1005
0.100715
0.100949
0.101204
0.101478
0.101769
0.100578
0.100599
0.100637
0.100698
0.100786
0.100892
0.101021
0.101166
0.101329
0.101516
0.101715
0.101929
0.102162
0.10241
0.102662
0.0137199
0.0108385
0.00853426
0.00675436
0.00557501
0.0047317
0.00406441
0.00349495
0.00298442
0.00251297
0.0020713
0.00165694
0.00127194
0.000917902
0.000657664
0.0137843
0.0111041
0.00893922
0.00725291
0.00604718
0.0051632
0.00447619
0.00390441
0.0034004
0.0029378
0.00250276
0.00208943
0.00169622
0.00132287
0.00101792
0.0138738
0.0113955
0.00936482
0.00777234
0.00655027
0.00561951
0.00489341
0.00429832
0.00378276
0.00331442
0.00287466
0.00245382
0.00204631
0.00164855
0.00131449
0.0139817
0.0116879
0.00978113
0.0082659
0.00704475
0.00607507
0.00530307
0.004671
0.00413002
0.00364474
0.00319225
0.00275893
0.00233513
0.00191402
0.00155571
0.0140959
0.0119698
0.01018
0.00872465
0.00751379
0.00651666
0.00570088
0.00502582
0.00445035
0.0039397
0.00346833
0.003019
0.00257805
0.00213531
0.00175486
0.0142256
0.0122391
0.0105566
0.00914987
0.00795199
0.00693658
0.00608293
0.00536448
0.00474983
0.00420803
0.00371304
0.00324489
0.00278622
0.00232328
0.00192218
0.0143302
0.0124902
0.0109056
0.00954311
0.00835873
0.00733104
0.00644586
0.00568669
0.00503161
0.00445533
0.00393332
0.00344418
0.00296731
0.00248527
0.00206488
0.0144615
0.0127267
0.0112257
0.00990526
0.00873485
0.00769875
0.00678746
0.0059915
0.00529698
0.00468493
0.00413384
0.00362212
0.00312669
0.00262647
0.00218804
0.014539
0.0129415
0.011518
0.0102376
0.00908155
0.00803974
0.0071067
0.00627802
0.00554632
0.00489873
0.00431765
0.00378241
0.00326822
0.0027506
0.00229532
0.0146471
0.0131387
0.0117838
0.0105416
0.00940029
0.00835484
0.0074035
0.00654594
0.00577987
0.00509797
0.00448691
0.00392779
0.00339486
0.00286055
0.00238948
0.0147199
0.0133174
0.0120253
0.010819
0.0096925
0.00864504
0.00767824
0.00679512
0.00599762
0.00528326
0.00464288
0.00405998
0.00350855
0.00295836
0.00247258
0.0148166
0.0134827
0.0122448
0.0110717
0.00995992
0.00891192
0.0079324
0.00702704
0.00620107
0.00545629
0.00478798
0.00418188
0.00361199
0.00304614
0.00254641
0.0148834
0.0136332
0.0124441
0.0113012
0.0102027
0.00915315
0.00815994
0.00723412
0.00638339
0.0056115
0.00491536
0.00428743
0.00370271
0.0031244
0.00261188
0.0149775
0.0137985
0.0126465
0.0115256
0.0104538
0.00942583
0.00844101
0.0074855
0.00659545
0.00578896
0.00507708
0.00441872
0.00379824
0.00319587
0.00267261
0.000658951
0.000915639
0.00126594
0.0016459
0.00205309
0.00248523
0.00294484
0.00344176
0.00399765
0.00465698
0.00551166
0.00674072
0.00854714
0.0108723
0.0137742
0.00101847
0.00131707
0.00168349
0.00206934
0.00247388
0.00289845
0.00334938
0.00384207
0.00440634
0.00509575
0.0059979
0.00723267
0.0089574
0.011141
0.0138304
0.00131438
0.00163941
0.00202745
0.00242553
0.00283636
0.00326547
0.00372361
0.00423183
0.00482604
0.00556126
0.00651088
0.00775646
0.00938709
0.0114342
0.0139237
0.00155506
0.00190185
0.00231085
0.00272363
0.00314634
0.00358893
0.00406658
0.00460471
0.00524128
0.00602604
0.0070147
0.00825907
0.00980689
0.0117292
0.0140347
0.00175377
0.00212046
0.0025491
0.00297792
0.00341671
0.00387968
0.00438577
0.00496257
0.00564604
0.00647668
0.00749296
0.00872562
0.0102045
0.0120119
0.0141416
0.00192072
0.00230607
0.00275331
0.00319921
0.00365742
0.004146
0.00468638
0.00530589
0.00603553
0.00690519
0.00793902
0.00915481
0.0105758
0.0122828
0.0142884
0.00206313
0.00246604
0.00293109
0.00339496
0.00387518
0.00439295
0.00497076
0.00563358
0.00640579
0.00730724
0.00835154
0.00954949
0.0109218
0.0125376
0.0144011
0.00218606
0.0026055
0.00308776
0.00357029
0.00407434
0.00462341
0.00523962
0.00594409
0.00675417
0.0076812
0.00873168
0.00991271
0.0112427
0.0127762
0.0145315
0.00229318
0.00272818
0.0032271
0.00372871
0.00425768
0.00483889
0.00549288
0.00623616
0.00707937
0.00802718
0.00908142
0.0102469
0.0115389
0.0129978
0.0146392
0.00238718
0.00283685
0.00335195
0.00387282
0.00442713
0.0050403
0.00573046
0.0065092
0.00738128
0.00834631
0.00940296
0.010554
0.0118107
0.0132006
0.0147358
0.00247035
0.00293379
0.00346442
0.0040044
0.0045839
0.00522816
0.00595232
0.00676318
0.00766046
0.00864002
0.00969819
0.0108355
0.0120585
0.0133837
0.0148168
0.00254336
0.00301993
0.00356599
0.00412504
0.00472927
0.00540314
0.0061586
0.00699809
0.00791759
0.00890977
0.0099688
0.0110928
0.0122838
0.0135514
0.0149087
0.00261235
0.00310111
0.0036598
0.00423556
0.0048625
0.0055645
0.00634986
0.00721794
0.00815702
0.00915881
0.0102179
0.0113281
0.0124892
0.0137049
0.014984
0.00265373
0.00315353
0.00373468
0.00433597
0.00499333
0.00572204
0.00653384
0.00739874
0.00834503
0.00936885
0.0104197
0.0115296
0.0126596
0.0138216
0.0150056
0.00128743
0.00387664
0.00672998
0.0098029
0.013098
0.0166213
0.0203898
0.0244298
0.0287715
0.0334413
0.0384535
0.0438054
0.0494755
0.0554255
0.0616051
9.27293e-08
0.000424467
0.00172193
0.00385
0.00634147
0.00931459
0.0127796
0.0167403
0.0211956
0.0261372
0.0315469
0.0373935
0.0436299
0.0501937
0.0570073
0
0.000210644
0.00108587
0.00254507
0.00436745
0.00668775
0.00955082
0.0129923
0.0170373
0.0216957
0.0269592
0.0327975
0.0391565
0.045959
0.0531081
2.74951e-06
0.000182296
0.00109152
0.00216502
0.00361983
0.00552514
0.00794269
0.010932
0.0145454
0.0188213
0.0237781
0.029408
0.0356717
0.0424977
0.0497846
6.19256e-05
0.000513997
0.00105104
0.00194802
0.0031938
0.00484249
0.00696016
0.00961674
0.0128803
0.0168103
0.0214495
0.0268157
0.0328935
0.0396292
0.0469291
0.000346132
0.000619668
0.000982888
0.00177371
0.00288112
0.0043552
0.00626121
0.00867177
0.0116622
0.015304
0.0196575
0.0247617
0.0306245
0.0372133
0.0444464
0.000397373
0.000598693
0.00096878
0.00163118
0.00263184
0.00397467
0.00572023
0.00794054
0.0107134
0.0141168
0.0182222
0.0230846
0.0287317
0.0351522
0.0422867
0.000390305
0.000566166
0.000957326
0.00151523
0.00242898
0.00366671
0.00528365
0.00735016
0.0099443
0.0131474
0.0170375
0.0216808
0.0271191
0.0333544
0.0403204
0.000381961
0.000547515
0.000932351
0.00141867
0.00226181
0.00341274
0.00492285
0.00686087
0.00930429
0.0123357
0.0160375
0.0204835
0.0257277
0.0317917
0.0386619
0.000376043
0.0005371
0.0009049
0.00134082
0.00212219
0.00319991
0.00461935
0.00644761
0.00876132
0.0116435
0.015179
0.0194476
0.0245134
0.0304148
0.037156
0.000371313
0.000531392
0.000887943
0.00130073
0.00200647
0.00301921
0.00436024
0.00609322
0.00829362
0.0110443
0.0144319
0.0185402
0.0234417
0.0291855
0.0357819
0.000367414
0.000528951
0.000881755
0.00128348
0.00191049
0.00286406
0.00413622
0.00578546
0.00788574
0.0105195
0.0137742
0.0177368
0.022485
0.0280745
0.0345167
0.000364062
0.000527917
0.000879892
0.00127092
0.00182934
0.00272942
0.00394042
0.0055153
0.00752629
0.0100552
0.0131898
0.0170193
0.0216262
0.0270765
0.0334152
0.000360948
0.000526741
0.00087762
0.00125681
0.0017596
0.00261128
0.00376762
0.00527591
0.00720663
0.00964075
0.0126663
0.016374
0.0208506
0.0261702
0.0323842
0.000357936
0.000525054
0.000874395
0.00124376
0.00170992
0.00250784
0.00361393
0.00506208
0.00692017
0.00926816
0.012194
0.0157895
0.0201443
0.0253356
0.0314069
0.000355098
0.000523482
0.000872371
0.00123698
0.00168598
0.00241865
0.00347658
0.00486981
0.0066617
0.00893095
0.0117651
0.0152566
0.0194967
0.0245645
0.0305084
0.00035252
0.000522497
0.00087249
0.0012357
0.00167434
0.00234165
0.00335331
0.0046959
0.00642711
0.00862398
0.0113734
0.0147682
0.0189013
0.0238573
0.0297079
0.00035019
0.000521963
0.000873855
0.00123636
0.00166473
0.00227402
0.0032421
0.00453781
0.00621308
0.00834309
0.011014
0.0143189
0.0183523
0.0232039
0.0289516
0.000348018
0.000521453
0.000875082
0.00123623
0.00165356
0.00221425
0.00314118
0.0043934
0.00601688
0.00808491
0.0106829
0.0139039
0.0178442
0.0225966
0.028241
0.000345925
0.000520684
0.000875454
0.00123475
0.00164218
0.00216743
0.00304984
0.00426097
0.00583628
0.00784665
0.0103766
0.013519
0.0173707
0.0220254
0.0275587
0.000343895
0.000519711
0.00087532
0.00123338
0.00163457
0.00213991
0.0029684
0.00413928
0.00566946
0.00762599
0.0100923
0.0131613
0.0169316
0.0215047
0.0269969
0.000341958
0.000518774
0.000875431
0.00123348
0.00163188
0.00212576
0.00289633
0.00402731
0.00551489
0.007421
0.00982771
0.0128277
0.0165199
0.0210032
0.0263479
0.000340143
0.000518034
0.000876161
0.00123517
0.00163232
0.00211657
0.00283205
0.00392409
0.00537131
0.00723002
0.00958068
0.0125155
0.0161337
0.0205359
0.0258221
0.000338448
0.00051747
0.000877343
0.00123763
0.00163355
0.00210769
0.00277396
0.00382865
0.00523759
0.00705161
0.00934943
0.0122227
0.0157711
0.0200978
0.025307
0.000336846
0.000516952
0.000878541
0.00123992
0.00163404
0.00209766
0.00272171
0.00374013
0.00511274
0.00688454
0.00913244
0.0119475
0.0154294
0.0196819
0.024801
0.000335305
0.000516355
0.000879391
0.00124148
0.00163346
0.00208741
0.00267874
0.00365827
0.00499594
0.00672774
0.00892835
0.011688
0.0151062
0.0192851
0.0243138
0.000333804
0.000515638
0.000879814
0.00124242
0.00163262
0.0020795
0.00264974
0.00358347
0.00488656
0.00658025
0.00873589
0.0114426
0.0147989
0.0189046
0.0238447
0.000332344
0.000514851
0.000880003
0.00124326
0.00163265
0.00207545
0.00263287
0.00351578
0.00478412
0.00644124
0.00855398
0.0112101
0.0145072
0.0185471
0.0234344
0.000330936
0.000514085
0.000880234
0.00124448
0.00163405
0.00207474
0.00262255
0.0034545
0.00468811
0.00630999
0.0083817
0.0109893
0.0142301
0.0182066
0.023021
0.000329591
0.000513399
0.000880672
0.00124624
0.0016366
0.00207585
0.00261443
0.00339852
0.00459799
0.00618586
0.00821829
0.0107797
0.0139669
0.0178837
0.0226359
0.000328311
0.000512799
0.00088131
0.00124837
0.00163969
0.00207737
0.00260627
0.00334695
0.00451322
0.00606829
0.00806305
0.01058
0.0137152
0.0175702
0.0222346
0.000327088
0.000512247
0.00088202
0.00125057
0.0016427
0.00207838
0.00259731
0.00329971
0.00443335
0.00595676
0.00791534
0.0103897
0.0134751
0.017274
0.0218946
0.000325909
0.000511691
0.00088264
0.00125252
0.00164519
0.00207856
0.00258801
0.00325874
0.00435819
0.00585083
0.00777462
0.0102081
0.0132455
0.0169889
0.0215359
0.000324762
0.000511095
0.000883064
0.00125409
0.00164711
0.00207827
0.00257982
0.00322739
0.00428801
0.00575014
0.00764036
0.0100343
0.0130252
0.0167132
0.0211935
0.000323641
0.000510449
0.000883274
0.00125529
0.00164868
0.00207824
0.00257424
0.00320645
0.00422309
0.00565443
0.00751212
0.00986804
0.0128144
0.0164529
0.0208944
0.000322546
0.000509774
0.000883341
0.00125632
0.0016503
0.0020791
0.00257166
0.00319318
0.00416335
0.00556348
0.00738951
0.00970868
0.0126117
0.0161982
0.0205609
0.00032148
0.0005091
0.000883372
0.00125738
0.00165225
0.00208106
0.0025715
0.00318406
0.00410823
0.00547704
0.00727218
0.00955582
0.0124173
0.0159581
0.0202957
0.000320448
0.000508457
0.000883455
0.0012586
0.00165464
0.00208394
0.00257275
0.00317651
0.00405704
0.00539481
0.00715983
0.00940927
0.0122314
0.01573
0.0200259
0.000319452
0.000507857
0.000883628
0.00126
0.00165739
0.00208736
0.00257446
0.0031691
0.00400918
0.00531651
0.00705223
0.00926871
0.0120531
0.0155089
0.0197475
0.000318491
0.000507297
0.000883874
0.00126152
0.0016603
0.00209088
0.00257598
0.00316119
0.00396447
0.00524188
0.00694912
0.00913382
0.0118819
0.0152974
0.0195
0.000317561
0.00050676
0.000884143
0.00126305
0.00166315
0.00209416
0.00257695
0.00315278
0.00392358
0.00517076
0.00685029
0.00900439
0.0117178
0.0150955
0.0192592
0.000316658
0.000506226
0.000884371
0.00126446
0.00166575
0.00209701
0.00257735
0.00314444
0.00388834
0.00510321
0.00675552
0.00888004
0.0115596
0.0148972
0.0189983
0.000315777
0.000505682
0.000884514
0.00126568
0.00166804
0.00209942
0.00257747
0.00313722
0.00386077
0.00503949
0.00666466
0.00876044
0.0114071
0.0147069
0.0187746
0.000314914
0.000505118
0.000884548
0.00126669
0.00167001
0.00210156
0.0025778
0.00313203
0.00384114
0.00497983
0.00657756
0.00864532
0.0112602
0.0145236
0.01855
0.000314068
0.000504537
0.000884484
0.00126752
0.00167178
0.00210367
0.00257879
0.00312922
0.00382777
0.00492421
0.00649409
0.00853441
0.011118
0.0143444
0.0183188
0.000313238
0.000503949
0.000884357
0.00126825
0.0016735
0.00210599
0.00258064
0.00312851
0.00381835
0.00487235
0.00641412
0.00842747
0.0109805
0.0141705
0.0181013
0.000312426
0.000503365
0.000884208
0.00126896
0.00167529
0.00210864
0.00258334
0.00312933
0.00381097
0.00482381
0.00633743
0.00832414
0.0108468
0.0139986
0.0178735
0.000311635
0.000502798
0.000884076
0.00126972
0.00167723
0.00211165
0.0025867
0.00313099
0.00380434
0.00477812
0.00626381
0.00822426
0.0107173
0.0138356
0.0176914
0.000310865
0.000502253
0.000883981
0.00127054
0.00167931
0.00211493
0.00259045
0.00313296
0.00379773
0.00473494
0.00619307
0.00812764
0.0105915
0.0136747
0.0174718
0.000310116
0.000501732
0.000883927
0.00127144
0.00168151
0.00211837
0.00259431
0.00313482
0.00379078
0.00469416
0.006125
0.00803406
0.0104692
0.0135178
0.017278
0.000309389
0.00050123
0.000883901
0.00127237
0.00168374
0.00212181
0.00259807
0.00313633
0.00378346
0.00465614
0.00605947
0.00794339
0.0103506
0.0133678
0.0171045
0.00030868
0.000500742
0.000883881
0.00127329
0.00168592
0.00212513
0.00260156
0.0031374
0.00377602
0.00462185
0.0059965
0.00785563
0.0102359
0.0132227
0.0169203
0.000307989
0.000500259
0.000883845
0.00127416
0.00168799
0.00212823
0.00260471
0.00313815
0.00376901
0.00459268
0.00593618
0.00777052
0.0101237
0.0130766
0.0167149
0.000307312
0.000499776
0.000883772
0.00127493
0.00168989
0.00213108
0.00260757
0.0031388
0.00376311
0.00456961
0.00587873
0.00768811
0.0100153
0.0129412
0.0165839
0.000306649
0.000499289
0.000883652
0.0012756
0.00169161
0.00213369
0.00261024
0.00313968
0.00375885
0.00455244
0.00582427
0.0076083
0.00990965
0.0128035
0.0163709
0.000305999
0.000498796
0.000883482
0.00127616
0.00169317
0.00213614
0.00261289
0.00314106
0.00375643
0.00454001
0.0057728
0.00753102
0.00980678
0.012671
0.0162179
0.00030536
0.0004983
0.000883271
0.00127663
0.00169462
0.00213851
0.00261566
0.00314309
0.00375568
0.00453082
0.00572416
0.00745615
0.00970623
0.0125389
0.0160313
0.000304733
0.000497804
0.000883033
0.00127705
0.001696
0.00214089
0.00261866
0.00314581
0.00375626
0.00452358
0.00567806
0.00738353
0.00960786
0.0124095
0.015869
0.00030412
0.000497314
0.000882786
0.00127745
0.00169738
0.00214334
0.00262193
0.00314912
0.00375775
0.00451728
0.00563419
0.00731305
0.00951184
0.0122846
0.0157188
0.000303521
0.000496833
0.000882545
0.00127785
0.00169879
0.00214591
0.00262547
0.00315289
0.00375974
0.00451129
0.00559228
0.00724466
0.0094184
0.0121639
0.0155721
0.000302936
0.000496365
0.00088232
0.00127828
0.00170026
0.00214859
0.00262921
0.00315692
0.0037619
0.0045052
0.00555215
0.00717832
0.00932753
0.0120466
0.0154234
0.000302368
0.00049591
0.000882114
0.00127874
0.00170177
0.00215136
0.00263308
0.00316105
0.00376396
0.00449881
0.00551378
0.00711397
0.00923906
0.0119318
0.0152778
0.000301816
0.000495468
0.000881928
0.00127922
0.00170332
0.00215417
0.00263697
0.00316512
0.00376577
0.00449208
0.00547737
0.0070516
0.00915315
0.0118215
0.0151496
0.00030128
0.000495038
0.000881755
0.00127971
0.00170488
0.00215697
0.00264081
0.00316903
0.00376725
0.00448512
0.00544346
0.00699124
0.00906979
0.0117145
0.0150153
0.000300761
0.000494616
0.000881587
0.0012802
0.0017064
0.0021597
0.00264451
0.00317269
0.0037684
0.00447821
0.0054129
0.00693299
0.00898886
0.01161
0.0148826
0.000300261
0.0004942
0.000881418
0.00128066
0.00170787
0.00216233
0.00264803
0.00317609
0.00376932
0.00447177
0.00538661
0.00687698
0.00891028
0.0115081
0.0147527
0.000299778
0.000493788
0.000881238
0.00128109
0.00170927
0.00216482
0.00265136
0.00317927
0.0037702
0.00446625
0.00536512
0.00682337
0.00883388
0.0114081
0.0146226
0.000299318
0.000493376
0.000881041
0.00128146
0.00171056
0.00216717
0.0026545
0.0031823
0.00377124
0.00446202
0.00534829
0.00677225
0.00875971
0.0113111
0.0145046
0.000298878
0.000492967
0.00088084
0.0012818
0.00171178
0.00216941
0.00265752
0.00318531
0.00377267
0.00445926
0.00533546
0.00672371
0.00868789
0.0112173
0.014389
0.000298483
0.000492546
0.000880601
0.00128206
0.00171289
0.00217151
0.00266044
0.00318839
0.00377461
0.00445794
0.00532569
0.00667774
0.0086185
0.0111263
0.0142729
0.000298084
0.000492153
0.000880469
0.00128241
0.00171406
0.00217366
0.00266345
0.00319173
0.00377722
0.00445801
0.00531818
0.00663424
0.00855138
0.011037
0.0141569
0.000297901
0.000491659
0.000880115
0.00128257
0.00171516
0.00217588
0.0026667
0.00319556
0.00378071
0.00445938
0.00531228
0.00659355
0.00848731
0.0109529
0.0140625
0.000297281
0.000491401
0.000880157
0.00128258
0.00171553
0.00217698
0.00266867
0.00319819
0.00378326
0.00446022
0.00530618
0.00655306
0.00842375
0.0108676
0.0139361
0.000299253
0.000492021
0.00088344
0.00128979
0.00172605
0.00218997
0.00268337
0.0032138
0.00379874
0.00447354
0.00531156
0.00652953
0.0083758
0.0107962
0.0138576
0.000280353
0.000468078
0.000839413
0.0012345
0.00166613
0.00212985
0.00262552
0.003159
0.00374602
0.00441971
0.00524944
0.00642576
0.00825508
0.0106731
0.0137225
0.00128459
0.00386695
0.00671315
0.00977932
0.0130711
0.0165945
0.0203674
0.0244164
0.0287711
0.033456
0.0384836
0.0438494
0.0495307
0.0554889
0.0616731
9.19201e-08
0.000422936
0.00171572
0.00384039
0.00633021
0.00930355
0.0127711
0.0167374
0.0212016
0.0261552
0.0315788
0.0374396
0.043689
0.0502632
0.0570851
0
0.000212609
0.00109286
0.0025519
0.00437495
0.0066973
0.00956342
0.0130094
0.0170605
0.0217273
0.027001
0.0328507
0.039221
0.0460334
0.0531888
3.39987e-06
0.000196723
0.0010979
0.00217625
0.00363357
0.00554198
0.00796353
0.0109578
0.0145773
0.0188607
0.0238265
0.0294663
0.0357405
0.0425759
0.04987
6.21608e-05
0.000514796
0.00105395
0.00195497
0.00320534
0.00485854
0.00698098
0.00964318
0.0129134
0.0168512
0.0214993
0.0268755
0.0329636
0.039709
0.0470167
0.000347274
0.000614065
0.000983133
0.00177699
0.00288849
0.00436803
0.00627996
0.00869672
0.0116941
0.0153441
0.0197067
0.0248209
0.0306943
0.037293
0.044534
0.00039965
0.000589283
0.000949516
0.00163086
0.00263614
0.00398401
0.00573627
0.00796358
0.0107438
0.0141555
0.0182701
0.0231426
0.0288002
0.0352309
0.0423741
0.000392582
0.00055821
0.000937915
0.00151265
0.00243106
0.00367331
0.00529631
0.00737075
0.00997283
0.0131843
0.0170837
0.021737
0.0271857
0.033431
0.0404042
0.000384417
0.000542182
0.000917782
0.00141548
0.00226237
0.00341728
0.00493293
0.0068786
0.0093306
0.0123707
0.0160818
0.0205377
0.0257922
0.0318662
0.038745
0.000378707
0.000533552
0.000893549
0.00133365
0.00212144
0.00320287
0.00462731
0.00646247
0.00878514
0.0116764
0.0152213
0.0194997
0.024576
0.0304879
0.0372401
0.0003739
0.000527826
0.000874441
0.00127913
0.00200328
0.0030207
0.00436641
0.00610577
0.00831476
0.011075
0.0144722
0.0185906
0.0235026
0.0292576
0.0358669
0.000369807
0.000524968
0.000866547
0.00125792
0.00190522
0.00286421
0.00414083
0.00579597
0.00790414
0.0105479
0.0138126
0.0177854
0.0225444
0.0281458
0.034602
0.000366362
0.000524166
0.000865537
0.00124814
0.00182304
0.00272844
0.00394367
0.00552405
0.00754247
0.0100811
0.0132262
0.0170662
0.0216843
0.0271472
0.0335009
0.000363291
0.000523806
0.000865613
0.00123817
0.00175246
0.00260947
0.00376971
0.00528315
0.00722089
0.00966425
0.0127006
0.0164193
0.0209076
0.0262402
0.0324693
0.000360338
0.000522823
0.000863938
0.00122577
0.00169272
0.0025043
0.00361493
0.00506799
0.0069327
0.00928944
0.0122263
0.0158333
0.0202001
0.0254046
0.0314907
0.000357466
0.000521383
0.000861668
0.00121617
0.00165653
0.00241239
0.00347641
0.0048745
0.00667273
0.00895038
0.0117954
0.0152988
0.0195513
0.0246331
0.030595
0.000354787
0.000520234
0.000861031
0.001213
0.00164168
0.00233314
0.00335197
0.00469949
0.0064368
0.00864178
0.0114018
0.0148089
0.018955
0.0239257
0.0297948
0.00035237
0.000519681
0.000862374
0.00121415
0.00163436
0.00226432
0.00323975
0.00454038
0.00622156
0.0083594
0.0110405
0.0143581
0.018405
0.0232715
0.0290358
0.000350172
0.000519459
0.000864523
0.00121612
0.00162693
0.00220338
0.00313803
0.00439508
0.00602427
0.00809988
0.0107078
0.0139415
0.0178954
0.0226619
0.0283182
0.0003481
0.000519137
0.000866182
0.00121674
0.00161735
0.0021494
0.00304534
0.0042618
0.0058427
0.00786044
0.0104001
0.0135551
0.0174212
0.0220916
0.0276451
0.000346085
0.000518494
0.000866855
0.00121594
0.00160774
0.00210861
0.00296129
0.00413915
0.00567497
0.0076387
0.0101145
0.0131953
0.0169782
0.0215568
0.0270117
0.000344122
0.000517645
0.000867042
0.00121534
0.00160207
0.00208643
0.00288635
0.00402609
0.00551953
0.00743265
0.00984839
0.0128594
0.0165632
0.0210541
0.0264137
0.00034225
0.000516848
0.000867523
0.00121628
0.00160116
0.00207611
0.00281999
0.0039218
0.00537506
0.00724057
0.00959975
0.0125445
0.0161723
0.0205761
0.0258304
0.000340498
0.000516256
0.00086864
0.00121875
0.00160307
0.0020697
0.00276068
0.00382539
0.00524044
0.00706102
0.00936677
0.0122489
0.0158052
0.0201331
0.025336
0.000338862
0.000515838
0.000870196
0.00122193
0.00160556
0.00206306
0.00270688
0.00373601
0.00511469
0.00689274
0.00914793
0.0119707
0.0154586
0.0197089
0.0248014
0.000337316
0.000515459
0.00087175
0.00122487
0.00160716
0.00205492
0.00265808
0.00365286
0.00499695
0.00673466
0.00894187
0.0117081
0.0151304
0.0193062
0.0243199
0.000335825
0.000514988
0.000872926
0.00122702
0.00160751
0.00204608
0.00261717
0.00357565
0.00488646
0.00658582
0.00874738
0.0114596
0.0148189
0.0189227
0.0238569
0.000334369
0.000514379
0.000873622
0.00122842
0.00160735
0.00203907
0.00258939
0.00350479
0.00478267
0.00644539
0.00856345
0.0112243
0.0145241
0.0185637
0.0234503
0.000332947
0.00051368
0.000874021
0.00122961
0.00160786
0.00203573
0.00257399
0.00344053
0.00468517
0.00631268
0.00838924
0.0110011
0.0142446
0.0182226
0.0230395
0.000331572
0.000512982
0.000874413
0.0012311
0.00160969
0.00203583
0.00256559
0.00338235
0.00459358
0.00618711
0.00822404
0.0107893
0.0139796
0.0178992
0.0226558
0.000330256
0.000512358
0.000874999
0.00123312
0.00161274
0.00203796
0.0025596
0.00332922
0.00450745
0.00606817
0.00806721
0.010588
0.0137267
0.0175856
0.0222564
0.000329003
0.000511824
0.000875805
0.00123558
0.00161644
0.00204064
0.00255357
0.00328019
0.00442632
0.00595537
0.0079181
0.0103963
0.0134856
0.0172894
0.0219177
0.000327808
0.000511349
0.00087672
0.00123817
0.00162016
0.00204287
0.00254655
0.00323483
0.00434974
0.00584827
0.00777616
0.0102135
0.0132554
0.0170046
0.0215624
0.000326658
0.00051088
0.00087758
0.00124058
0.00162341
0.00204418
0.00253866
0.00319418
0.00427747
0.00574645
0.00764085
0.0100389
0.0130346
0.0167296
0.021222
0.000325541
0.000510373
0.000878252
0.00124259
0.00162599
0.00204472
0.00253107
0.00316144
0.00420962
0.00564957
0.00751171
0.00987196
0.0128238
0.0164705
0.0209276
0.000324449
0.000509809
0.000878686
0.00124417
0.00162805
0.00204513
0.00252546
0.00313905
0.00414661
0.00555738
0.00738832
0.00971211
0.0126211
0.0162169
0.0205955
0.000323378
0.000509198
0.000878925
0.00124546
0.00162996
0.00204616
0.00252277
0.00312551
0.00408858
0.00546971
0.00727031
0.00955895
0.0124271
0.0159787
0.0203377
0.000322333
0.000508572
0.000879074
0.00124669
0.00163209
0.00204824
0.0025228
0.00311732
0.00403517
0.00538635
0.00715739
0.00941227
0.0122419
0.0157531
0.0200732
0.000321317
0.000507964
0.00087924
0.00124803
0.00163463
0.00205137
0.00252466
0.00311145
0.00398577
0.00530707
0.00704933
0.00927174
0.0120644
0.0155335
0.0197929
0.000320335
0.000507395
0.000879489
0.00124956
0.0016376
0.00205521
0.00252734
0.00310607
0.0039397
0.00523163
0.00694588
0.00913702
0.0118941
0.0153239
0.0195504
0.000319388
0.00050687
0.000879829
0.00125126
0.00164084
0.00205936
0.00253008
0.00310025
0.00389652
0.00515975
0.00684681
0.00900784
0.0117309
0.0151237
0.0193111
0.000318474
0.000506378
0.000880223
0.00125303
0.00164413
0.00206343
0.00253236
0.00309372
0.00385627
0.00509123
0.00675188
0.00888382
0.0115736
0.0149268
0.0190516
0.000317589
0.0005059
0.000880613
0.00125476
0.00164727
0.00206713
0.00253397
0.00308667
0.00381996
0.00502597
0.00666085
0.00876458
0.011422
0.0147377
0.018829
0.000316728
0.000505418
0.000880938
0.00125632
0.00165011
0.00207034
0.00253502
0.00307989
0.0037897
0.00496409
0.00657351
0.00864983
0.0112758
0.0145554
0.0186044
0.000315885
0.000504917
0.00088116
0.00125767
0.0016526
0.00207312
0.00253589
0.00307446
0.00376723
0.00490587
0.0064897
0.00853927
0.0111344
0.0143768
0.0183725
0.00031506
0.000504395
0.000881269
0.00125881
0.00165479
0.00207567
0.00253709
0.00307119
0.00375221
0.00485149
0.0064093
0.00843263
0.0109974
0.0142032
0.0181534
0.000314249
0.000503856
0.000881283
0.00125978
0.00165681
0.00207825
0.002539
0.00307024
0.00374265
0.00480087
0.00633214
0.0083295
0.010864
0.0140313
0.0179249
0.000313454
0.000503312
0.000881244
0.00126066
0.00165881
0.00208108
0.00254179
0.00307124
0.00373629
0.00475366
0.00625808
0.0082298
0.0107349
0.0138691
0.0177463
0.000312678
0.000502775
0.000881194
0.00126155
0.00166091
0.00208427
0.0025454
0.00307355
0.00373142
0.00470942
0.00618693
0.00813321
0.010609
0.0137055
0.0175105
0.000311921
0.000502257
0.000881169
0.00126249
0.00166316
0.0020878
0.00254961
0.00307655
0.00372694
0.00466768
0.0061185
0.00803966
0.0104872
0.013554
0.0173711
0.000311186
0.000501762
0.000881186
0.00126352
0.00166557
0.0020916
0.00255415
0.00307972
0.00372224
0.00462814
0.00605263
0.00794922
0.0103702
0.0134116
0.0172094
0.000310471
0.000501291
0.000881246
0.00126461
0.00166808
0.00209552
0.00255876
0.00308268
0.00371705
0.00459069
0.00598924
0.00786196
0.0102575
0.0132705
0.017009
0.000309778
0.000500838
0.000881332
0.00126574
0.00167062
0.00209943
0.00256321
0.00308522
0.00371135
0.00455569
0.00592824
0.00777749
0.0101472
0.0131252
0.0167908
0.000309102
0.000500397
0.000881422
0.00126685
0.00167311
0.0021032
0.00256736
0.00308727
0.0037054
0.00452405
0.00586962
0.00769569
0.01004
0.012989
0.0166516
0.000308444
0.000499961
0.000881492
0.0012679
0.00167547
0.00210674
0.00257114
0.00308892
0.00369974
0.0044972
0.00581346
0.0076163
0.00993498
0.0128496
0.0164327
0.000307801
0.000499522
0.000881521
0.00126885
0.00167765
0.00211
0.00257459
0.00309041
0.00369506
0.0044762
0.00575991
0.00753914
0.00983216
0.0127148
0.0162733
0.000307171
0.000499077
0.000881499
0.00126969
0.00167963
0.00211301
0.00257782
0.00309206
0.00369193
0.004461
0.0057091
0.00746408
0.00973124
0.0125806
0.0160843
0.000306553
0.000498626
0.000881424
0.00127041
0.00168144
0.00211582
0.00258098
0.00309415
0.00369057
0.00445053
0.00566101
0.00739102
0.00963217
0.0124489
0.0159172
0.000305948
0.00049817
0.000881302
0.00127104
0.00168313
0.00211853
0.00258423
0.00309687
0.00369088
0.0044433
0.00561546
0.0073199
0.00953525
0.0123218
0.0157642
0.000305355
0.000497713
0.00088115
0.0012716
0.00168474
0.00212123
0.00258769
0.00310025
0.00369253
0.00443798
0.00557221
0.00725073
0.00944069
0.0121988
0.0156129
0.000304777
0.00049726
0.000880984
0.00127214
0.00168633
0.002124
0.00259142
0.00310424
0.00369509
0.00443357
0.00553098
0.00718354
0.00934866
0.0120797
0.0154657
0.000304214
0.000496815
0.000880822
0.00127267
0.00168794
0.00212688
0.00259541
0.00310868
0.00369817
0.00442941
0.00549155
0.00711828
0.00925903
0.0119633
0.0153172
0.000303667
0.000496384
0.000880675
0.00127323
0.00168961
0.00212986
0.00259961
0.00311341
0.00370143
0.00442509
0.00545372
0.00705496
0.00917196
0.0118514
0.0151863
0.000303137
0.000495966
0.00088055
0.00127382
0.00169133
0.00213294
0.00260394
0.00311825
0.00370459
0.00442038
0.00541742
0.00699356
0.00908744
0.0117427
0.0150497
0.000302627
0.000495562
0.000880447
0.00127444
0.0016931
0.00213608
0.00260832
0.00312306
0.00370749
0.00441522
0.00538276
0.00693406
0.00900536
0.0116368
0.0149165
0.000302137
0.00049517
0.000880363
0.00127507
0.00169487
0.00213921
0.00261266
0.0031277
0.00371002
0.00440968
0.00535009
0.00687648
0.00892567
0.0115339
0.0147874
0.000301668
0.000494788
0.000880291
0.00127571
0.00169664
0.0021423
0.00261688
0.0031321
0.00371217
0.00440397
0.00532011
0.00682085
0.00884822
0.0114331
0.0146571
0.000301225
0.000494412
0.00088022
0.00127634
0.00169836
0.0021453
0.00262093
0.00313622
0.003714
0.00439843
0.00529373
0.0067673
0.00877307
0.0113354
0.0145366
0.000300805
0.000494042
0.000880158
0.00127694
0.00170002
0.00214819
0.0026248
0.0031401
0.00371567
0.00439354
0.00527179
0.00671597
0.00869999
0.0112394
0.0144124
0.000300434
0.000493661
0.000880062
0.00127748
0.00170158
0.00215091
0.00262845
0.00314377
0.00371738
0.00438971
0.00525454
0.00666712
0.00862966
0.0111497
0.0143183
0.000300063
0.000493307
0.000880066
0.00127809
0.00170315
0.00215361
0.00263204
0.00314742
0.00371942
0.00438732
0.00524171
0.00662087
0.00856144
0.0110585
0.0141774
0.000299911
0.00049285
0.000879851
0.0012785
0.00170462
0.00215627
0.0026357
0.00315134
0.00372217
0.00438665
0.00523258
0.00657773
0.00849646
0.0109754
0.0141083
0.000299333
0.000492642
0.000879949
0.00127867
0.00170527
0.00215772
0.00263795
0.00315392
0.00372401
0.00438604
0.00522509
0.00653521
0.00843246
0.0108925
0.0139888
0.000301357
0.000493354
0.000883484
0.00128612
0.00171598
0.00217084
0.00265261
0.00316919
0.00373876
0.00439849
0.00523022
0.00651055
0.00838448
0.0108219
0.0139006
0.000282564
0.000469043
0.000839547
0.00123151
0.00165729
0.00211231
0.00259648
0.00311587
0.00368682
0.00434443
0.00516776
0.00640399
0.00826321
0.0107012
0.0137858
0.132292
0.145937
0.0303399
0.270047
0.120204
0.0251632
0.0249223
0.137051
0.120585
0.108432
0.13769
0.139825
0.138241
0.138486
0.108027
0.107598
0.0945554
0.196186
0.079321
0.0800844
0.139807
0.138116
0.101584
0.150358
0.104593
0.141115
0.126807
0.0919938
0.166965
0.132238
0.0171895
0.0681919
0.0676672
0.126622
0.13987
0.126836
0.0172384
0.102171
0.102179
0.132053
0.0500598
0.0502054
0.120801
0.137543
0.137426
0.137066
0.111963
0.111774
0.12895
0.121437
0.0861001
0.0861585
0.139146
0.145112
0.134852
0.139602
0.131326
0.136139
0.111887
0.153738
0.0815696
0.0753024
0.140329
0.138554
0.152586
0.10623
0.106229
0.12679
0.137581
0.129413
0.0275325
0.027824
0.123842
0.129425
0.119187
0.0528909
0.0511921
0.12131
0.133841
0.136406
0.0683817
0.0685052
0.141271
0.131887
0.120158
0.0530441
0.0531531
0.130374
0.136607
0.099063
0.0978685
0.127574
0.137629
0.133211
0.121795
0.121927
0.139759
0.10879
0.127804
0.0790676
0.0985358
0.0970783
0.0797796
0.162632
0.0747899
0.124835
0.090839
0.0230763
0.0230759
0.138378
0.113941
0.126485
0.116915
0.137901
0.109065
0.105362
0.11293
0.106057
0.125561
0.139751
0.103547
0.0625415
0.0455997
0.0448333
0.136981
0.127197
0.105725
0.105163
0.157144
0.11279
0.115968
0.116131
0.134058
0.102028
0.101957
0.0938455
0.0353104
0.0353817
0.0996705
0.0997342
0.107343
0.139405
0.127402
0.0874565
0.0359873
0.0359974
0.0311113
0.0312641
0.110288
0.0608401
0.110552
0.118682
0.122625
0.140021
0.131249
0.102073
0.137819
0.103274
0.139882
0.136937
0.108624
0.13357
0.12219
0.359399
0.13162
0.0580571
0.116054
0.115834
0.103187
0.134935
0.0245397
0.377787
0.127601
0.123028
0.145677
0.135568
0.137952
0.136198
0.203825
0.0943175
0.138059
0.0923973
0.116014
0.131536
0.0856984
0.129436
0.0973273
0.0633414
0.0635127
0.0776685
0.0787654
0.137427
0.136824
0.103733
0.103932
0.102889
0.0739095
0.0371251
0.0740711
0.0741847
0.240068
0.0597706
0.0602237
0.0987737
0.0987012
0.160445
0.103169
0.021891
0.0217941
0.136158
0.0656367
0.125085
0.123875
0.124122
0.0947693
0.0948114
0.138105
0.123369
0.051661
0.0509183
0.109809
0.137104
0.100391
0.0719496
0.07177
0.11782
0.109277
0.110163
0.133736
0.133858
0.032425
0.0325946
0.136699
0.139767
0.0421319
0.0424251
0.12566
0.137879
0.117697
0.117789
0.134729
0.134395
0.139352
0.281846
0.127481
0.0212003
0.0328535
0.032899
0.0929531
0.126076
0.0654458
0.0655673
0.137709
0.139129
0.125838
0.126997
0.137281
0.137504
0.105087
0.166687
0.131194
0.126771
0.0614284
0.138288
0.0240869
0.124769
0.0875042
0.139983
0.0558637
0.0563054
0.139707
0.133212
0.0712496
0.0713932
0.16163
0.127703
0.102949
0.11728
0.135772
0.181251
0.136532
0.137058
0.0351463
0.1115
0.11276
0.0524829
0.145747
0.0925169
0.0925831
0.136373
0.139162
0.0602741
0.0603277
0.0546022
0.0547062
0.175651
0.138889
0.101821
0.101195
0.117122
0.1172
0.140835
0.123831
0.139218
0.136462
0.136912
0.104951
0.124654
0.133284
0.0792535
0.0798245
0.0168737
0.137248
0.100133
0.100418
0.0387619
0.039805
0.0814723
0.0820864
0.0191968
0.132194
0.0192323
0.137591
0.125563
0.320611
0.131077
0.0648113
0.136961
0.127498
0.109766
0.0372682
0.0373206
0.0206636
0.136892
0.118925
0.304464
0.0411134
0.0412168
0.166618
0.142334
0.0469495
0.11137
0.135651
0.0614888
0.13903
0.136848
0.0875885
0.0875916
0.110404
0.127031
0.0402703
0.0403659
0.111267
0.110752
0.129377
0.133487
0.130204
0.0544982
0.0545971
0.129991
0.139364
0.134121
0.0372715
0.0846823
0.0844314
0.066496
0.00791024
0.137596
0.13667
0.137766
0.0501116
0.0502438
0.112673
0.0352423
0.0352245
0.124887
0.0762956
0.0768682
0.344114
0.136059
0.0274785
0.0274957
0.10449
0.103738
0.138073
0.232047
0.127507
0.133238
0.127548
0.137713
0.139026
0.117356
0.216753
0.138506
0.0948622
0.115935
0.123697
0.0321059
0.125056
0.0611865
0.113806
0.109838
0.0770396
0.134495
0.137784
0.136934
0.138705
0.0661632
0.0661628
0.0325448
0.137732
0.136738
0.139332
0.130538
0.348862
0.136032
0.132864
0.117631
0.114557
0.109299
0.109925
0.139374
0.139425
0.138456
0.137673
0.139794
0.154611
0.138422
0.227651
0.0371985
0.0373097
0.0976652
0.0977199
0.381074
0.137882
0.108985
0.0302771
0.0789651
0.0792763
0.13271
0.064534
0.0646354
0.142294
0.124211
0.133355
0.0602063
0.0590411
0.108853
0.108868
0.228589
0.13107
0.135108
0.0762267
0.0763652
0.129717
0.0577921
0.166463
0.138724
0.139393
0.109434
0.129205
0.117687
0.0196892
0.0289709
0.0294657
0.127327
0.124611
0.153145
0.120223
0.119471
0.125062
0.122294
0.029344
0.0293789
0.123095
0.0689507
0.13717
0.137222
0.0452537
0.0452676
0.132253
0.0970002
0.0970812
0.137975
0.0965064
0.0965699
0.133837
0.117513
0.12413
0.123852
0.118195
0.138048
0.134826
0.138287
0.126311
0.0932293
0.08957
0.137724
0.135563
0.137873
0.123308
0.108718
0.112644
0.1291
0.0533232
0.120594
0.0994388
0.0995177
0.103877
0.139819
0.137167
0.133815
0.0819286
0.0819437
0.137408
0.131038
0.139485
0.138647
0.133293
0.128547
0.0920243
0.129343
0.132785
0.135012
0.137967
0.105562
0.105897
0.126816
0.127989
0.0625438
0.0626733
0.107726
0.219283
0.118322
0.135059
0.0926839
0.0926226
0.137604
0.134605
0.11377
0.113758
0.13817
0.134267
0.114041
0.121621
0.0895172
0.0578073
0.104728
0.104744
0.103447
0.0778017
0.0843953
0.0956686
0.0955608
0.0859866
0.125185
0.0737425
0.0741938
0.102273
0.102276
0.123241
0.136625
0.138719
0.12189
0.120701
0.116873
0.138568
0.0967783
0.0974112
0.137695
0.0841596
0.0842296
0.139636
0.0963714
0.0715781
0.0715406
0.126374
0.127354
0.130013
0.0835861
0.139399
0.00594509
0.0255769
0.130379
0.209871
0.138393
0.133137
0.17925
0.365033
0.0418836
0.0420059
0.112162
0.127985
0.138271
0.129995
0.134517
0.14715
0.136551
0.139689
0.151465
0.129859
0.10186
0.101893
0.0178351
0.107165
0.125523
0.122277
0.14557
0.233684
0.137052
0.114934
0.0273544
0.112902
0.13831
0.109746
0.109832
0.0466479
0.134163
0.115261
0.106559
0.136601
0.138371
0.124298
0.11761
0.127
0.128761
0.133105
0.139901
0.132801
0.0749501
0.0750441
0.119973
0.0305371
0.0303322
0.138337
0.0723716
0.072508
0.125348
0.138409
0.171765
0.101055
0.101092
0.1309
0.137746
0.123752
0.105308
0.0883296
0.0883678
0.134127
0.139569
0.0982744
0.129693
0.0500353
0.10588
0.136012
0.115667
0.0725612
0.069151
0.0797334
0.0798858
0.130088
0.138601
0.139305
0.00930187
0.0596604
0.059791
0.137811
0.125725
0.134696
0.0203968
0.0204563
0.139962
0.152582
0.0505093
0.0505211
0.138101
0.13121
0.0554334
0.0555651
0.119854
0.112267
0.139699
0.133122
0.139951
0.139595
0.0668558
0.0655674
0.0708412
0.0714315
0.138522
0.0844825
0.0849141
0.146349
0.063075
0.138733
0.0887678
0.0888219
0.0769592
0.158915
0.0444968
0.13832
0.126922
0.049385
0.111046
0.0408478
0.195119
0.0653419
0.0655496
0.11006
0.0779308
0.104172
0.138483
0.00477397
0.0745111
0.0746258
0.190027
0.134628
0.144368
0.129405
0.0820707
0.082116
0.265303
0.145603
0.13878
0.127549
0.135242
0.167387
0.135289
0.0267832
0.0267705
0.0290615
0.0290976
0.0614589
0.059469
0.0807745
0.134864
0.110941
0.110625
0.232003
0.123576
0.0214196
0.012766
0.0200927
0.0201373
0.0712585
0.071157
0.105043
0.118759
0.0939725
0.0944219
0.215692
0.104208
0.127192
0.0265895
0.13406
0.133091
0.128529
0.138952
0.136875
0.122542
0.138452
0.138888
0.139504
0.0437792
0.0433705
0.0267567
0.131235
0.247739
0.116787
0.0192556
0.0192999
0.102208
0.10175
0.129467
0.0856477
0.102094
0.102028
0.0229301
0.125494
0.10649
0.309532
0.139244
0.0690469
0.0692303
0.111968
0.112542
0.105054
0.106503
0.113297
0.324278
0.137136
0.134461
0.0322426
0.032476
0.133007
0.0643128
0.0643947
0.128943
0.061819
0.0628255
0.137728
0.123386
0.119239
0.126621
0.0826409
0.0871539
0.123271
0.123735
0.138596
0.0550038
0.0557029
0.0637105
0.0168958
0.0723763
0.0728965
0.134579
0.0798826
0.029921
0.0303396
0.243901
0.105756
0.0361864
0.0359327
0.138012
0.105854
0.106572
0.0613994
0.109381
0.109054
0.106211
0.0240984
0.128061
0.110205
0.110237
0.139756
0.0241459
0.0239021
0.139151
0.135605
0.0439513
0.0442197
0.138628
0.0599641
0.0601676
0.124994
0.126572
0.102657
0.139762
0.0683569
0.0362343
0.12189
0.1355
0.124633
0.138714
0.114835
0.0292983
0.137383
0.0995132
0.0995649
0.127685
0.0887821
0.120345
0.138966
0.0662855
0.0661494
0.132337
0.0611044
0.0614442
0.1126
0.106439
0.0693976
0.102441
0.095745
0.096133
0.138596
0.13121
0.0862372
0.086287
0.13961
0.122322
0.131037
0.134855
0.123125
0.0833508
0.0846527
0.120083
0.106797
0.118227
0.0235617
0.0236417
0.0905506
0.138239
0.190999
0.26799
0.287702
0.139723
0.119577
0.138092
0.102534
0.137704
0.0276317
0.112355
0.139358
0.116262
0.116156
0.116414
0.136965
0.130352
0.14407
0.139546
0.139827
0.130332
0.124238
0.107729
0.00714067
0.136853
0.0233285
0.13802
0.126615
0.138712
0.0554923
0.0555999
0.160389
0.128031
0.0201436
0.0200728
0.299402
0.138468
0.138964
0.0363467
0.0367169
0.133967
0.133251
0.13634
0.132634
0.137024
0.138176
0.103625
0.10366
0.1377
0.123726
0.0425092
0.0426115
0.128413
0.132938
0.02872
0.0195196
0.104067
0.120539
0.083415
0.137425
0.139445
0.137664
0.0941908
0.11172
0.107799
0.136805
0.0734532
0.0599796
0.140627
0.0400127
0.1083
0.108288
0.139104
0.126256
0.132116
0.12817
0.129903
0.0993436
0.0989384
0.128136
0.138925
0.136765
0.137097
0.0514757
0.033434
0.0335342
0.139078
0.0555353
0.120614
0.139092
0.0659586
0.0513625
0.0531574
0.111398
0.102096
0.102131
0.137418
0.111164
0.0189358
0.124794
0.167999
0.0746172
0.133851
0.111931
0.0197247
0.111636
0.100045
0.138384
0.134716
0.13758
0.127767
0.124363
0.120084
0.131167
0.132909
0.101615
0.104522
0.125993
0.0591105
0.0590671
0.13748
0.205491
0.120318
0.117444
0.117196
0.028958
0.136475
0.118486
0.112784
0.112762
0.138812
0.0931979
0.0932624
0.114744
0.129034
0.137275
0.0917309
0.106295
0.106309
0.122591
0.104329
0.104473
0.139067
0.135807
0.11837
0.135063
0.128979
0.0755898
0.0460957
0.0461417
0.0952594
0.0953491
0.10316
0.130066
0.0259578
0.12748
0.127308
0.103036
0.103247
0.119323
0.0936205
0.100574
0.126182
0.116506
0.104982
0.158718
0.136316
0.138151
0.0961694
0.0962256
0.136776
0.0331759
0.126121
0.129216
0.138743
0.132658
0.112311
0.137782
0.130764
0.0156414
0.106843
0.0211758
0.0599786
0.0599909
0.126949
0.0775784
0.0775924
0.108126
0.129798
0.138173
0.113394
0.108904
0.114015
0.137835
0.0897093
0.13733
0.0928255
0.134445
0.0567686
0.11316
0.129624
0.138492
0.0736503
0.0732127
0.13112
0.10557
0.135465
0.0557215
0.0527681
0.13882
0.144846
0.113134
0.115497
0.0241321
0.0242638
0.0850948
0.038045
0.038477
0.0637258
0.0640506
0.139775
0.111283
0.0699937
0.099798
0.192259
0.0580617
0.0871287
0.132465
0.131113
0.139425
0.137084
0.138958
0.123135
0.0190393
0.132036
0.0510026
0.138274
0.120605
0.1067
0.105007
0.111592
0.040942
0.106671
0.106597
0.0360402
0.0311307
0.0314629
0.126754
0.138328
0.0677651
0.138711
0.116348
0.115293
0.102682
0.102708
0.13355
0.0638983
0.117814
0.127627
0.130531
0.115032
0.100823
0.100897
0.134311
0.133588
0.288105
0.139736
0.109806
0.13903
0.0342351
0.137206
0.102859
0.0295982
0.0297738
0.017775
0.0724287
0.0724125
0.138927
0.0434616
0.0665105
0.104553
0.101522
0.139711
0.0196842
0.00484644
0.0888743
0.0894189
0.0393034
0.0101232
0.129256
0.0297847
0.106087
0.138986
0.0161981
0.179596
0.0614765
0.0997781
0.0997275
0.042147
0.133476
0.0889297
0.0682638
0.0686835
0.0298602
0.0488492
0.0221751
0.137123
0.138971
0.0390178
0.039153
0.373801
0.0890108
0.0890616
0.132111
0.0495137
0.0496399
0.11556
0.115747
0.137222
0.0679151
0.0679286
0.041639
0.135345
0.135678
0.129847
0.00804888
0.129339
0.134977
0.0598684
0.082179
0.0815065
0.136627
0.042537
0.042612
0.0808558
0.0809014
0.136629
0.0328783
0.0329181
0.0863638
0.0872513
0.133443
0.0568491
0.136119
0.114027
0.077858
0.0779225
0.138945
0.129332
0.138256
0.0274157
0.102455
0.116823
0.100583
0.100639
0.111632
0.0744165
0.0747416
0.125408
0.102692
0.102319
0.137519
0.138355
0.130527
0.11097
0.111281
0.0949875
0.0978229
0.202364
0.139222
0.114421
0.114434
0.13836
0.131364
0.0143569
0.138656
0.138193
0.138301
0.135236
0.136063
0.0166632
0.108614
0.126893
0.137275
0.137776
0.0620595
0.0625033
0.132984
0.128046
0.119981
0.141222
0.11378
0.108743
0.109089
0.136265
0.0210824
0.13962
0.0450479
0.094359
0.119411
0.137318
0.135168
0.129465
0.0992713
0.13514
0.134887
0.0600061
0.0601507
0.0841388
0.0835763
0.123131
0.139451
0.0998863
0.0998265
0.122716
0.0935392
0.0935516
0.0678378
0.0665624
0.0576509
0.0573145
0.0200951
0.0457729
0.045923
0.104956
0.137346
0.110598
0.142933
0.137312
0.110738
0.112836
0.137666
0.138411
0.0712881
0.0713527
0.121046
0.124068
0.115742
0.0334384
0.0337027
0.116291
0.116686
0.134543
0.0311428
0.133659
0.0838159
0.0838713
0.133976
0.0366339
0.0278808
0.0713335
0.0714821
0.0431135
0.139467
0.128142
0.0118776
0.135088
0.120098
0.124532
0.132453
0.0612979
0.133937
0.137835
0.0381186
0.0382611
0.136382
0.125427
0.0919779
0.101872
0.110245
0.110367
0.125224
0.125586
0.112257
0.0478841
0.0992053
0.0992526
0.107637
0.10941
0.109387
0.134167
0.107241
0.146128
0.135763
0.0820212
0.138591
0.0827132
0.11426
0.0146348
0.131033
0.201059
0.110871
0.135422
0.11292
0.0251161
0.0250888
0.122987
0.122779
0.119291
0.0093535
0.13505
0.133574
0.0186057
0.136459
0.105563
0.134749
0.139881
0.10445
0.153848
0.018735
0.0918898
0.0398116
0.0520175
0.0520618
0.13892
0.137335
0.0590009
0.138121
0.13991
0.119251
0.119002
0.349522
0.135534
0.102317
0.135893
0.0940206
0.0941004
0.106609
0.139272
0.0796973
0.0828903
0.0807624
0.0809358
0.13423
0.0201046
0.113511
0.0987918
0.137577
0.106237
0.113744
0.091978
0.135956
0.137854
0.141594
0.0148597
0.00749558
0.132061
0.135201
0.135347
0.10421
0.104229
0.315718
0.202507
0.138424
0.137449
0.139562
0.0957717
0.135972
0.137518
0.0636196
0.139483
0.114007
0.0450572
0.0930963
0.0500095
0.0506986
0.139601
0.0499757
0.0501013
0.0756675
0.0756124
0.0443854
0.113434
0.113134
0.113359
0.110511
0.111066
0.138327
0.138413
0.112944
0.0253133
0.11694
0.107183
0.242031
0.0362843
0.138398
0.127421
0.136317
0.10714
0.158047
0.104422
0.0516529
0.139219
0.0471102
0.0472611
0.139611
0.137037
0.120584
0.128447
0.0619164
0.046357
0.133378
0.106268
0.113695
0.137582
0.128915
0.13816
0.144413
0.132833
0.128096
0.132742
0.0737341
0.0740742
0.0983229
0.0982104
0.133236
0.113399
0.0239223
0.0239404
0.139682
0.0904035
0.128933
0.0164185
0.0281406
0.0282422
0.136796
0.126143
0.136639
0.107679
0.10727
0.118489
0.104402
0.137695
0.133009
0.124189
0.135405
0.0857368
0.0857982
0.101947
0.102001
0.133093
0.138807
0.134869
0.0532461
0.145442
0.126102
0.0285119
0.0285473
0.111798
0.104478
0.0271585
0.0762404
0.076193
0.0343926
0.0344866
0.114166
0.377814
0.117145
0.128294
0.023319
0.139073
0.138435
0.112977
0.0725673
0.118022
0.0329612
0.0971334
0.138423
0.0726165
0.0954994
0.0958869
0.138505
0.136543
0.142987
0.150294
0.138203
0.0883489
0.1324
0.00664877
0.10404
0.132855
0.106288
0.105935
0.126549
0.161238
0.138637
0.125995
0.11156
0.112032
0.120977
0.124913
0.138881
0.139311
0.139632
0.135882
0.123137
0.0480074
0.0479841
0.113307
0.113278
0.125018
0.136953
0.0300866
0.097748
0.0978452
0.0906056
0.100182
0.136284
0.104847
0.0577347
0.0576144
0.13696
0.0310356
0.0311509
0.135227
0.104782
0.0671505
0.0679625
0.13884
0.119154
0.10968
0.306437
0.117548
0.105245
0.137358
0.0425595
0.0429631
0.132949
0.117667
0.118051
0.111298
0.0262679
0.0145272
0.124524
0.139433
0.0836401
0.100433
0.102093
0.10445
0.113122
0.0358356
0.102744
0.119652
0.132112
0.135544
0.118796
0.0346221
0.0350739
0.124391
0.11125
0.112939
0.091155
0.091252
0.139919
0.0701681
0.131608
0.117705
0.404485
0.0703332
0.0646538
0.0648268
0.0677191
0.0679572
0.0162284
0.0874788
0.0884873
0.105574
0.0383678
0.0389513
0.138934
0.122134
0.128781
0.292886
0.137638
0.105593
0.0293926
0.0294411
0.124459
0.133145
0.1353
0.0227395
0.139174
0.267474
0.13841
0.125516
0.0232654
0.0662015
0.0663464
0.387331
0.0321079
0.0518544
0.132833
0.1139
0.113932
0.0361428
0.125474
0.0528513
0.0532778
0.0533759
0.0927988
0.0935512
0.0903627
0.0904284
0.0170872
0.0827628
0.0853904
0.209867
0.196088
0.138738
0.0985517
0.0991422
0.139987
0.10584
0.0305825
0.0518162
0.05194
0.0175603
0.130069
0.122624
0.127564
0.129136
0.0768587
0.0767694
0.131915
0.129823
0.0456574
0.0459876
0.150123
0.0181249
0.134214
0.0313947
0.0317466
0.0863336
0.087195
0.131417
0.138894
0.104495
0.104906
0.0235234
0.109576
0.115357
0.138746
0.0390758
0.0994367
0.0993629
0.0197247
0.139954
0.138064
0.131907
0.0541637
0.0317037
0.0319908
0.108111
0.177863
0.0231901
0.0232592
0.0161915
0.137717
0.0885345
0.122775
0.0997779
0.0359835
0.070641
0.408016
0.135933
0.11049
0.134378
0.134833
0.126158
0.132126
0.109579
0.0565307
0.056658
0.0178139
0.106044
0.132155
0.124087
0.123866
0.359576
0.136372
0.136155
0.134182
0.0528387
0.0747263
0.137714
0.184885
0.133018
0.0757395
0.122204
0.137043
0.00355963
0.0167423
0.137624
0.115438
0.122613
0.137377
0.130585
0.10665
0.107361
0.0245511
0.0246838
0.139684
0.13493
0.0168423
0.0436106
0.0437135
0.103718
0.155706
0.128616
0.115818
0.130506
0.134644
0.0404272
0.10357
0.100906
0.100877
0.131496
0.13454
0.0409087
0.102043
0.0266199
0.121771
0.121589
0.127971
0.136446
0.13816
0.103395
0.0773033
0.0772751
0.139255
0.127671
0.0957444
0.0967102
0.0322412
0.0323248
0.11669
0.125123
0.102267
0.0893958
0.121363
0.13904
0.0565182
0.138775
0.00760132
0.137102
0.135954
0.104297
0.133614
0.132522
0.0389686
0.0337444
0.0948581
0.132998
0.139218
0.102329
0.137438
0.137412
0.120805
0.0925319
0.0925392
0.124013
0.130978
0.103482
0.138063
0.128899
0.102689
0.0531448
0.150187
0.138483
0.061268
0.0614236
0.13401
0.135695
0.10046
0.10049
0.133846
0.106003
0.106018
0.133519
0.128012
0.110106
0.139615
0.132235
0.104052
0.00584015
0.0459679
0.0458149
0.118677
0.118533
0.0288008
0.0956363
0.0955985
0.096251
0.129778
0.0992541
0.119776
0.119943
0.106541
0.175708
0.137557
0.103964
0.134417
0.122563
0.128042
0.1279
0.139813
0.13316
0.10997
0.081725
0.0818011
0.10842
0.10819
0.108702
0.108355
0.138285
0.102936
0.102928
0.136336
0.134035
0.133885
0.135147
0.0362427
0.0362702
0.0462513
0.0464928
0.121951
0.0244627
0.0245664
0.119645
0.0318392
0.0318484
0.134045
0.0554059
0.055545
0.0339506
0.0342777
0.113151
0.139408
0.113713
0.123881
0.139166
0.137625
0.124211
0.135579
0.128374
0.102679
0.112126
0.114923
0.127182
0.0187758
0.134669
0.128661
0.129126
0.107221
0.116445
0.139621
0.04146
0.0416567
0.129573
0.129234
0.105588
0.124765
0.104112
0.133549
0.106668
0.135773
0.023661
0.0237382
0.0314807
0.140693
0.328557
0.0302719
0.0303827
0.10771
0.139234
0.0798558
0.107716
0.166416
0.0919984
0.12587
0.139826
0.101758
0.0930527
0.130105
0.151924
0.136275
0.134238
0.132221
0.0612034
0.0619339
0.104524
0.0629871
0.137419
0.119168
0.0364385
0.209752
0.0471842
0.0473019
0.13911
0.108089
0.137007
0.139801
0.0864983
0.0936964
0.119719
0.119523
0.148738
0.145392
0.13969
0.119482
0.101825
0.101861
0.125525
0.10507
0.126124
0.00874986
0.097558
0.097652
0.103221
0.139755
0.136046
0.225878
0.136798
0.139125
0.0307446
0.0306752
0.103478
0.137154
0.115839
0.115879
0.0692546
0.0689027
0.12345
0.121342
0.139969
0.0841544
0.0842763
0.137629
0.09711
0.0971926
0.103316
0.10346
0.237667
0.130268
0.111714
0.111695
0.10764
0.141014
0.0243757
0.118239
0.11831
0.130031
0.13485
0.119749
0.119277
0.0219549
0.374752
0.0697346
0.069758
0.139225
0.231909
0.134011
0.0928525
0.0935151
0.132454
0.0848059
0.0178431
0.0959448
0.0983768
0.128809
0.138106
0.114423
0.114656
0.135954
0.0560567
0.0561554
0.0684594
0.0290236
0.139239
0.066295
0.0674339
0.113695
0.101671
0.116486
0.116285
0.108536
0.13797
0.114061
0.103315
0.106219
0.00458263
0.139966
0.137828
0.258942
0.103513
0.137869
0.135448
0.122184
0.022054
0.136074
0.225507
0.0851457
0.085208
0.0681175
0.0689749
0.0299657
0.0300456
0.120339
0.111497
0.0995686
0.0996351
0.00741112
0.128414
0.117863
0.0241403
0.114462
0.11416
0.136747
0.153481
0.119769
0.121904
0.117962
0.117989
0.162875
0.139987
0.138484
0.139592
0.126978
0.136922
0.0227771
0.0171147
0.137822
0.0790796
0.079289
0.139651
0.11137
0.340455
0.117322
0.117238
0.135548
0.0217073
0.137858
0.105117
0.10465
0.129829
0.0251862
0.125842
0.0658701
0.0659502
0.128754
0.136673
0.134121
0.0912601
0.117888
0.155778
0.138899
0.108642
0.026858
0.0364954
0.0365617
0.117672
0.0750415
0.0741085
0.0293181
0.0293811
0.101663
0.13859
0.138029
0.0550516
0.100524
0.100478
0.0228552
0.13696
0.14485
0.0464132
0.0464034
0.132178
0.279249
0.00607303
0.120786
0.121319
0.122422
0.122351
0.129557
0.101884
0.128877
0.0930874
0.13037
0.123078
0.037483
0.0375135
0.0742442
0.072392
0.0365559
0.0367487
0.139882
0.0833019
0.0477539
0.139884
0.117807
0.134747
0.137487
0.139955
0.0490151
0.0491803
0.139061
0.138512
0.018464
0.134153
0.12552
0.0161233
0.0850477
0.138067
0.0231173
0.113377
0.107713
0.114125
0.0395956
0.0399991
0.057505
0.0577089
0.129961
0.139849
0.0822585
0.0821952
0.0610049
0.0833011
0.138398
0.0611239
0.139969
0.0955769
0.0959577
0.04082
0.136572
0.138179
0.110139
0.141816
0.130862
0.132559
0.0444612
0.0415885
0.105982
0.104143
0.00272399
0.0847665
0.0848169
0.134906
0.126675
0.108532
0.117075
0.138994
0.115987
0.130668
0.115947
0.0714531
0.0728281
0.114874
0.116713
0.135286
0.0132751
0.0297137
0.121884
0.108659
0.103372
0.0365267
0.0366385
0.151527
0.0263236
0.138065
0.135362
0.134736
0.040607
0.0406666
0.124112
0.288751
0.181452
0.137712
0.139235
0.139234
0.139535
0.0931315
0.101983
0.102117
0.131834
0.10518
0.119903
0.118329
0.137036
0.0449542
0.132027
0.0253286
0.0780941
0.0780117
0.133654
0.115361
0.103683
0.10339
0.105441
0.0247638
0.0245796
0.109339
0.109474
0.117423
0.231536
0.0700843
0.130515
0.0697446
0.0468907
0.0470099
0.0932626
0.0923019
0.024968
0.0165815
0.135575
0.107384
0.0797299
0.137533
0.0164389
0.134251
0.139768
0.128939
0.127177
0.110956
0.097058
0.0951903
0.121727
0.132378
0.110158
0.134843
0.133971
0.131313
0.126183
0.139946
0.114123
0.136672
0.125065
0.13637
0.112025
0.11167
0.179618
0.136111
0.135699
0.0230622
0.112464
0.112591
0.0185123
0.0478
0.0475566
0.114296
0.112753
0.0937663
0.0937869
0.0785986
0.115281
0.11532
0.0396814
0.0264676
0.102864
0.10292
0.105181
0.1133
0.138946
0.0163035
0.102602
0.0767061
0.10699
0.106484
0.0507119
0.0508602
0.076846
0.0769317
0.0419618
0.0420617
0.0743498
0.0176461
0.126468
0.0245562
0.101891
0.103263
0.0885033
0.0890161
0.141906
0.274537
0.134385
0.108258
0.134351
0.135561
0.0234117
0.108381
0.126608
0.102114
0.102145
0.135854
0.107588
0.0229775
0.108298
0.0237891
0.0166405
0.130463
0.037393
0.0374077
0.0943715
0.0782186
0.0431966
0.0433063
0.135996
0.132855
0.103567
0.103635
0.0186047
0.0233357
0.089827
0.00334274
0.126557
0.139065
0.069036
0.0691236
0.124068
0.0352618
0.137996
0.132347
0.126606
0.139495
0.139341
0.0671825
0.0677908
0.0767644
0.137698
0.1376
0.139625
0.138537
0.0342255
0.0347618
0.0194466
0.136264
0.0696529
0.11532
0.00586705
0.016329
0.13953
0.0185248
0.0190207
0.0190651
0.138153
0.137197
0.0666539
0.0678436
0.138237
0.0265796
0.0264676
0.0186541
0.138473
0.132456
0.111786
0.111751
0.0944915
0.0451977
0.0445697
0.0224274
0.0991386
0.0991826
0.103776
0.018298
0.121478
0.0288102
0.0120282
0.138781
0.238681
0.0300332
0.0498931
0.0764246
0.0167405
0.114327
0.11448
0.131089
0.128882
0.116112
0.048278
0.13521
0.0739471
0.13273
0.0764458
0.0761582
0.0376707
0.0377677
0.124527
0.0566954
0.0453893
0.0462933
0.137319
0.138959
0.039154
0.0392349
0.136075
0.103706
0.0992352
0.0989555
0.0914899
0.142122
0.127038
0.0507115
0.051108
0.137529
0.114289
0.0934824
0.112048
0.112262
0.0787892
0.0788428
0.120994
0.110067
0.110608
0.131588
0.0344363
0.0344588
0.123063
0.247502
0.0959321
0.130149
0.0636578
0.134834
0.139264
0.0969796
0.0622668
0.0623807
0.1148
0.0943458
0.119796
0.128894
0.178002
0.0853984
0.107115
0.0221612
0.0219636
0.0953086
0.131174
0.133819
0.040828
0.0409027
0.0780493
0.0782565
0.134034
0.137538
0.0520545
0.0525017
0.102139
0.133782
0.0899162
0.0893691
0.089428
0.145934
0.133129
0.13016
0.0933899
0.0887961
0.0892286
0.0412075
0.127833
0.13955
0.113812
0.11583
0.133696
0.106497
0.106938
0.0639478
0.126274
0.139591
0.0442179
0.0300391
0.0303016
0.139733
0.138068
0.0609512
0.0612992
0.0346079
0.0346794
0.124332
0.103959
0.110809
0.111104
0.131877
0.0886782
0.123883
0.100087
0.10291
0.102826
0.0389628
0.0390634
0.0992398
0.113765
0.159127
0.10946
0.118365
0.0913575
0.0913919
0.129776
0.0360469
0.0360932
0.11528
0.11509
0.12153
0.137637
0.103283
0.0390764
0.101983
0.115399
0.0301162
0.122718
0.123323
0.135651
0.0786814
0.079213
0.0887497
0.0888149
0.0211702
0.234048
0.103401
0.0111698
0.0721192
0.109962
0.109923
0.130905
0.0174737
0.0520209
0.0520646
0.114261
0.114222
0.376262
0.131223
0.165223
0.054208
0.053548
0.0591317
0.0592316
0.115073
0.133197
0.0356297
0.1189
0.119274
0.0209976
0.0323279
0.0262736
0.0264559
0.113565
0.1137
0.0916325
0.0921565
0.135121
0.0758533
0.076309
0.107512
0.0575721
0.0576492
0.127322
0.137913
0.102872
0.119864
0.0854675
0.0855083
0.0917582
0.0943362
0.136643
0.13623
0.319615
0.121022
0.126112
0.132749
0.125816
0.115835
0.00326599
0.0165366
0.135504
0.0201126
0.0200504
0.135823
0.121196
0.103272
0.038255
0.0381538
0.138191
0.120452
0.138321
0.0411819
0.0411886
0.0189015
0.102508
0.102444
0.137923
0.102894
0.137827
0.104084
0.0292347
0.104737
0.108405
0.0707312
0.135991
0.136172
0.104623
0.1223
0.132956
0.137349
0.123861
0.0390811
0.128495
0.13546
0.025224
0.0251937
0.126533
0.0545672
0.111298
0.0165807
0.0178515
0.123238
0.0959385
0.0686016
0.0685951
0.105772
0.13689
0.112561
0.102169
0.102339
0.0317789
0.13314
0.121183
0.196723
0.138383
0.123227
0.139967
0.106024
0.136505
0.112238
0.0773827
0.0910614
0.0910288
0.134393
0.139943
0.0257579
0.136921
0.0267513
0.0267836
0.102529
0.105795
0.105418
0.103921
0.103946
0.0242334
0.0443671
0.0444656
0.139055
0.0458911
0.0460013
0.119942
0.0095218
0.10112
0.102172
0.125949
0.107474
0.149077
0.198118
0.22134
0.104069
0.134488
0.135265
0.0267174
0.0268231
0.011138
0.0422415
0.0422105
0.0526279
0.0544702
0.119693
0.119874
0.0561332
0.0562608
0.372544
0.0276705
0.0277496
0.115444
0.108855
0.109156
0.112726
0.0489591
0.0868366
0.0868999
0.137755
0.137242
0.113205
0.0482634
0.0484764
0.137921
0.13261
0.111128
0.102989
0.121655
0.0805581
0.0801875
0.0283392
0.0120053
0.0551942
0.0365822
0.0551566
0.0377937
0.133222
0.0774899
0.0776325
0.0926117
0.0930534
0.053726
0.0537464
0.0163389
0.131217
0.116829
0.116883
0.13343
0.13421
0.02662
0.0266357
0.110619
0.136887
0.131235
0.0561336
0.0558933
0.00741766
0.126646
0.114365
0.0500279
0.101614
0.00645287
0.0493119
0.055662
0.0554991
0.126751
0.108984
0.0953876
0.112641
0.112695
0.136601
0.0862743
0.0863069
0.0905175
0.0904892
0.0375312
0.11721
0.0883781
0.0440154
0.102958
0.104731
0.107703
0.129568
0.058344
0.058221
0.295641
0.0188229
0.0189176
0.117593
0.116542
0.137653
0.134822
0.103619
0.10363
0.113615
0.0478255
0.0477194
0.105789
0.125024
0.028553
0.138511
0.138485
0.132641
0.107728
0.139178
0.0172852
0.139666
0.113037
0.13425
0.0989984
0.0990428
0.127197
0.0701576
0.103276
0.130074
0.019662
0.116069
0.092006
0.0923038
0.0815955
0.0815678
0.110426
0.138558
0.136115
0.122061
0.105741
0.130344
0.130398
0.138117
0.121327
0.139993
0.135881
0.11738
0.117549
0.0913775
0.189548
0.134538
0.0693891
0.0694638
0.130458
0.0752051
0.0752423
0.137329
0.00826051
0.138286
0.0827726
0.0828583
0.127971
0.120823
0.141807
0.127226
0.133304
0.0207218
0.0206848
0.0204181
0.0204651
0.0317566
0.0316739
0.0717764
0.0733418
0.132764
0.0847923
0.137128
0.0365327
0.0366753
0.106202
0.136367
0.0549149
0.0551314
0.0964293
0.0923403
0.0525217
0.13456
0.119912
0.0994121
0.128952
0.192829
0.139515
0.134157
0.0500984
0.0501843
0.103138
0.110031
0.0260628
0.045685
0.0457833
0.138653
0.0173461
0.133813
0.129989
0.138194
0.067032
0.0669837
0.137177
0.0199777
0.0199321
0.0265913
0.0268419
0.0308289
0.0309334
0.0475113
0.047597
0.134451
0.139863
0.0925944
0.130795
0.116493
0.1219
0.0385202
0.0343275
0.0343514
0.135139
0.0250594
0.119709
0.119589
0.0728233
0.07293
0.0332453
0.0343888
0.111506
0.0637267
0.120693
0.138578
0.0589569
0.0714956
0.0986756
0.105611
0.0149331
0.16652
0.0504719
0.0506177
0.104532
0.104552
0.0428297
0.042933
0.0992309
0.0994756
0.0474996
0.138962
0.0238064
0.0241179
0.135254
0.143141
0.137943
0.102435
0.0163545
0.103733
0.108294
0.138829
0.0117616
0.0461174
0.046232
0.137261
0.106515
0.0363097
0.0363067
0.114019
0.0411133
0.137332
0.131372
0.117338
0.083277
0.0832942
0.0505995
0.0985097
0.0351177
0.10121
0.100871
0.103436
0.0968868
0.0416316
0.028854
0.0287284
0.12594
0.137832
0.0368609
0.0369034
0.112399
0.134234
0.0431809
0.151798
0.0193695
0.0193973
0.0572181
0.0574202
0.125708
0.114972
0.115027
0.118658
0.139173
0.12892
0.0279326
0.0279692
0.0418001
0.0417819
0.133652
0.122395
0.122538
0.138778
0.0903279
0.0898634
0.131503
0.113079
0.123074
0.0700417
0.069945
0.104119
0.116235
0.124777
0.0164731
0.105126
0.105204
0.0179846
0.137655
0.0625315
0.0322332
0.100122
0.0982499
0.042066
0.0830269
0.0869277
0.0870042
0.133127
0.133504
0.109427
0.0819265
0.137252
0.139206
0.0172119
0.106781
0.135929
0.0853682
0.0870784
0.103771
0.0215904
0.1044
0.0969531
0.0968751
0.105254
0.116178
0.105134
0.106963
0.023513
0.133113
0.108611
0.136464
0.103837
0.125847
0.110764
0.0577197
0.102954
0.11178
0.139545
0.108058
0.10341
0.127873
0.127362
0.00563854
0.117933
0.12618
0.0229766
0.0500902
0.0495719
0.0573835
0.109552
0.151896
0.135562
0.00352234
0.101909
0.101995
0.131907
0.133284
0.135603
0.125154
0.125887
0.101976
0.115644
0.0608199
0.0609081
0.130934
0.0529617
0.0594833
0.0596185
0.0757397
0.0218497
0.111888
0.0855395
0.135205
0.173139
0.13734
0.0674323
0.0674218
0.124347
0.138747
0.0237969
0.118238
0.062539
0.130882
0.106005
0.137732
0.101863
0.101903
0.0908931
0.119399
0.120043
0.068325
0.0431553
0.0430412
0.13668
0.114176
0.00841923
0.234655
0.0879482
0.131888
0.138942
0.103052
0.114234
0.131545
0.132883
0.105847
0.105831
0.0571267
0.0572253
0.134953
0.138357
0.0277446
0.121229
0.0237756
0.114283
0.0903794
0.118254
0.139447
0.123454
0.138622
0.109402
0.0381005
0.0382571
0.130122
0.0282386
0.130265
0.101623
0.12398
0.0228107
0.109696
0.128144
0.138685
0.0927015
0.0927613
0.133175
0.137528
0.158054
0.134488
0.101395
0.101438
0.147125
0.131021
0.135495
0.12502
0.00314973
0.102815
0.132111
0.123676
0.0405468
0.137145
0.133775
0.139863
0.138884
0.129558
0.0751308
0.116521
0.116941
0.113953
0.132164
0.118002
0.021155
0.137951
0.138923
0.139741
0.111949
0.021841
0.126092
0.138352
0.104656
0.138081
0.0304304
0.0304542
0.135676
0.0970523
0.104843
0.135392
0.0434253
0.0435305
0.137382
0.122048
0.0486382
0.0487742
0.131421
0.136513
0.075448
0.138011
0.0201448
0.160147
0.127601
0.0455333
0.0456678
0.13813
0.209724
0.126266
0.135966
0.0207989
0.0208317
0.1082
0.138146
0.0888375
0.0888764
0.135534
0.136886
0.138581
0.218175
0.117432
0.139915
0.10856
0.127438
0.1337
0.115301
0.0547558
0.0549009
0.133702
0.119141
0.125656
0.0104677
0.138856
0.132454
0.103196
0.104512
0.133515
0.0834595
0.0835001
0.138471
0.111766
0.138182
0.0902232
0.180993
0.188265
0.133567
0.0649284
0.0645982
0.13886
0.123824
0.0682454
0.0680744
0.0504206
0.0508107
0.109619
0.135861
0.107223
0.107381
0.106516
0.0329602
0.0334583
0.0225636
0.0226413
0.129411
0.0465142
0.135877
0.108088
0.103707
0.0926042
0.0926655
0.0169944
0.130286
0.116633
0.13575
0.13648
0.0625457
0.0617767
0.12683
0.114984
0.115094
0.053829
0.138585
0.136435
0.0978365
0.0979842
0.0804009
0.080635
0.109687
0.139036
0.00485779
0.0417493
0.137879
0.0227083
0.103495
0.116281
0.130384
0.136295
0.103094
0.125258
0.0572491
0.0574054
0.13899
0.0738951
0.0738328
0.0965291
0.138542
0.112951
0.13336
0.0116433
0.137104
0.0252908
0.0940549
0.113809
0.120487
0.126735
0.117879
0.12567
0.122475
0.108202
0.10654
0.13828
0.137401
0.035953
0.137646
0.0947345
0.0941186
0.056238
0.0852763
0.124401
0.0254199
0.0205244
0.129019
0.135083
0.136924
0.111571
0.124248
0.139291
0.0439165
0.0436653
0.133927
0.0961197
0.096173
0.122581
0.139152
0.0229521
0.0230324
0.135358
0.0544329
0.0332563
0.135073
0.116711
0.0196352
0.0196171
0.131403
0.138555
0.104125
0.0237868
0.0170174
0.138012
0.121944
0.367907
0.137759
0.138813
0.0827549
0.0833079
0.105538
0.127653
0.0614647
0.0614855
0.0163883
0.120481
0.122825
0.0912001
0.0142069
0.121846
0.0837898
0.139672
0.0230141
0.128976
0.126958
0.102285
0.139227
0.0591269
0.0585337
0.078847
0.0789916
0.133339
0.110321
0.135456
0.105655
0.104002
0.0985188
0.0983765
0.14689
0.121685
0.111175
0.111043
0.0789244
0.0788537
0.00890571
0.130533
0.104893
0.047415
0.0417957
0.0180641
0.0488412
0.103846
0.0754108
0.0749326
0.118195
0.0232328
0.0232798
0.0602246
0.0896213
0.0896723
0.0441513
0.0449761
0.0658287
0.0659813
0.137343
0.0322271
0.0322938
0.128619
0.126172
0.127934
0.0734144
0.0734568
0.132827
0.00879479
0.063326
0.0634538
0.107359
0.127859
0.128302
0.0509542
0.0508456
0.0619355
0.124783
0.125547
0.00415005
0.118362
0.118854
0.043371
0.0434563
0.050645
0.0506063
0.139467
0.0880677
0.0885223
0.138342
0.132961
0.109917
0.130982
0.137603
0.184321
0.0416344
0.0429448
0.103796
0.137204
0.138845
0.135466
0.13778
0.132075
0.122978
0.158341
0.135422
0.133245
0.139927
0.139103
0.138616
0.13865
0.138643
0.0156185
0.115069
0.10578
0.105775
0.0603513
0.0563864
0.0565609
0.0518199
0.0513757
0.13361
0.104535
0.104726
0.143288
0.13608
0.104868
0.104717
0.123782
0.00327191
0.103981
0.138654
0.121857
0.103481
0.0205898
0.103476
0.103371
0.129595
0.0221413
0.0456773
0.136796
0.112229
0.120459
0.0360512
0.0365603
0.138684
0.121824
0.0439366
0.0521865
0.124579
0.139948
0.0744108
0.0741275
0.112857
0.0215824
0.0555957
0.0539677
0.137986
0.103204
0.123911
0.124144
0.0428747
0.139572
0.0489366
0.0491401
0.00967339
0.00280898
0.0975653
0.0976667
0.114103
0.107527
0.119288
0.121044
0.120725
0.060651
0.0607586
0.0849045
0.0852079
0.135507
0.106041
0.0641394
0.0673464
0.0702164
0.0696309
0.100988
0.0032967
0.119905
0.131196
0.137558
0.080678
0.0807816
0.0512172
0.018371
0.0690427
0.0691336
0.0381607
0.0381867
0.0044517
0.00385681
0.0306935
0.104963
0.138787
0.0675729
0.0707002
0.128723
0.00956889
0.121918
0.0558941
0.0560146
0.0630646
0.121999
0.122196
0.0627308
0.0629198
0.00404312
0.109721
0.0188648
0.114677
0.133385
0.028267
0.137916
0.139277
0.024379
0.0244896
0.137553
0.0610322
0.0611407
0.131954
0.0909168
0.123602
0.0789517
0.0795041
0.139732
0.13771
0.115231
0.109089
0.0605525
0.0605908
0.10421
0.123755
0.0887864
0.0767403
0.019747
0.0305408
0.0640171
0.0638576
0.131093
0.136987
0.133956
0.135494
0.13895
0.138541
0.0174698
0.109515
0.109677
0.139484
0.131972
0.0542978
0.0543787
0.0616064
0.061694
0.13324
0.0329319
0.101466
0.138067
0.119065
0.0240668
0.024101
0.033871
0.0449329
0.0454701
0.103174
0.123094
0.123046
0.110672
0.034874
0.0906577
0.0917237
0.140308
0.133237
0.0837457
0.085148
0.0723341
0.146311
0.138345
0.136411
0.135759
0.103191
0.0968912
0.0457488
0.136319
0.098215
0.0982853
0.102079
0.118665
0.109334
0.124476
0.120202
0.0222263
0.0220692
0.128497
0.113182
0.12354
0.15211
0.103387
0.114429
0.172215
0.00537566
0.0640487
0.136326
0.130338
0.106802
0.1397
0.112755
0.118017
0.133674
0.0178958
0.0790638
0.0878673
0.0867539
0.0804423
0.0816028
0.0865731
0.137207
0.061643
0.0611514
0.120095
0.118906
0.0865617
0.0647758
0.0645021
0.13997
0.13666
0.0563638
0.0578136
0.138733
0.138692
0.120521
0.120765
0.102677
0.137755
0.0483173
0.124773
0.123503
0.0390319
0.0392638
0.0354386
0.108638
0.12184
0.0202115
0.133932
0.134203
0.109096
0.108676
0.101869
0.140379
0.131086
0.121532
0.0167091
0.0163369
0.138403
0.0269058
0.0271035
0.13733
0.0200149
0.0960655
0.179107
0.0161672
0.0495371
0.118874
0.0233128
0.0234002
0.116469
0.128552
0.132146
0.0434139
0.0441477
0.00401384
0.115206
0.0848155
0.124485
0.0988255
0.0999145
0.137999
0.135037
0.106771
0.139923
0.137833
0.105843
0.105859
0.0665787
0.137115
0.0399114
0.0400141
0.138595
0.137309
0.0974694
0.137129
0.127983
0.137729
0.138407
0.024984
0.0251399
0.0108643
0.0289046
0.0289306
0.107007
0.106086
0.136289
0.114966
0.113629
0.0636829
0.0632926
0.103576
0.137809
0.0729213
0.0729136
0.137474
0.107021
0.107754
0.109454
0.108551
0.119267
0.136647
0.107036
0.129329
0.102106
0.132123
0.135833
0.0984923
0.0985413
0.0376596
0.112133
0.138755
0.0787573
0.0792375
0.122915
0.0875866
0.0878541
0.136635
0.108053
0.108039
0.137198
0.0366294
0.0367297
0.113882
0.118481
0.139549
0.128276
0.131793
0.13782
0.119906
0.112103
0.119054
0.138597
0.12924
0.131738
0.104874
0.135248
0.0921471
0.0876477
0.0877247
0.134821
0.1259
0.125918
0.139467
0.135943
0.139391
0.115798
0.101497
0.118713
0.107794
0.107956
0.132441
0.139726
0.139475
0.116914
0.129112
0.139287
0.133259
0.112126
0.100055
0.137807
0.0192429
0.0783331
0.0784003
0.138746
0.0179644
0.102094
0.134599
0.10704
0.115428
0.104846
0.127157
0.117019
0.136206
0.115772
0.117455
0.134782
0.135564
0.105426
0.0467842
0.0467825
0.138972
0.206565
0.0309567
0.0309908
0.0135769
0.111129
0.111064
0.139365
0.10078
0.100884
0.100273
0.101733
0.104967
0.0326686
0.0328258
0.110565
0.108556
0.120924
0.0805089
0.026751
0.0268533
0.110958
0.139026
0.106996
0.0872119
0.131634
0.0873457
0.12435
0.0507214
0.0508415
0.124033
0.110723
0.117358
0.00438789
0.0936407
0.0935936
0.139561
0.104904
0.136489
0.0813091
0.216349
0.130787
0.0875756
0.0868892
0.137698
0.0350842
0.292914
0.0917938
0.0918933
0.136134
0.12143
0.109628
0.104365
0.0117925
0.131255
0.0526973
0.138831
0.122302
0.110911
0.103389
0.103251
0.136715
0.00656968
0.288094
0.130391
0.0830904
0.0835415
0.117952
0.0635017
0.063633
0.0805944
0.0787576
0.136499
0.135531
0.137387
0.103502
0.106515
0.136103
0.135748
0.0972856
0.135515
0.118737
0.118899
0.0669927
0.128264
0.052235
0.0523167
0.123622
0.0670537
0.125358
0.00578319
0.0955026
0.0955219
0.0933945
0.0934549
0.0992604
0.0977501
0.129094
0.101414
0.121008
0.0508765
0.0494806
0.0534617
0.0537529
0.110358
0.121906
0.00285336
0.0905982
0.0897447
0.100155
0.023837
0.02383
0.138759
0.0681451
0.135677
0.00424455
0.13453
0.0415423
0.139903
0.0460702
0.13594
0.238697
0.13882
0.131524
0.104928
0.00450988
0.0256313
0.0250704
0.121876
0.122551
0.135361
0.0963541
0.0686832
0.0652324
0.0652255
0.130926
0.10765
0.0789734
0.129869
0.120333
0.138896
0.027911
0.0280034
0.00499639
0.122395
0.0884615
0.0866184
0.101924
0.103118
0.0303782
0.0309135
0.103811
0.131504
0.139142
0.120641
0.118575
0.0294405
0.115742
0.037839
0.138031
0.129159
0.0763273
0.0693735
0.107858
0.111218
0.0938568
0.0939138
0.111654
0.343859
0.092959
0.136745
0.131062
0.10872
0.123638
0.131334
0.114225
0.108996
0.109833
0.138232
0.0588879
0.0569438
0.0304163
0.0927264
0.128192
0.0105525
0.123227
0.0501602
0.0503369
0.138138
0.046617
0.0469171
0.0365088
0.134793
0.0256094
0.136028
0.0390112
0.32487
0.13435
0.0789428
0.122277
0.138022
0.180971
0.126648
0.0835048
0.127908
0.00506942
0.080027
0.0800795
0.0405471
0.0410325
0.0710242
0.0515982
0.0517236
0.0287628
0.0288284
0.12915
0.136794
0.0243192
0.0996236
0.0996997
0.0244191
0.139578
0.11137
0.137066
0.117401
0.0976778
0.0985732
0.0850749
0.0845182
0.0734987
0.10932
0.109296
0.11465
0.069735
0.136256
0.13877
0.0215972
0.106175
0.132997
0.138502
0.111914
0.100205
0.099821
0.0380726
0.0403452
0.140171
0.124975
0.0678268
0.136074
0.0732905
0.13713
0.120266
0.103843
0.0548179
0.0549734
0.00768245
0.123756
0.0698048
0.072814
0.130527
0.139094
0.0129703
0.111421
0.0980479
0.0973266
0.0941862
0.094489
0.13401
0.102891
0.102918
0.0272603
0.0273077
0.0869265
0.0859831
0.00383273
0.125684
0.106969
0.129948
0.0946227
0.0925534
0.139643
0.137276
0.181841
0.00770906
0.133692
0.0771046
0.077163
0.0533131
0.0488708
0.138037
0.052678
0.0511788
0.138744
0.109235
0.13853
0.096203
0.121384
0.124065
0.114069
0.138208
0.138357
0.0952416
0.0946661
0.0344693
0.0352236
0.128505
0.124762
0.122213
0.109433
0.133374
0.107515
0.107519
0.131924
0.106245
0.103628
0.138819
0.135191
0.137439
0.107815
0.136273
0.139865
0.150719
0.114688
0.138161
0.106954
0.0607199
0.0255882
0.0257234
0.0336022
0.0336561
0.0948284
0.0917743
0.0293551
0.0293464
0.153704
0.130666
0.12851
0.0521568
0.125451
0.106842
0.0218665
0.137087
0.131496
0.107693
0.0941999
0.092528
0.134077
0.121995
0.127951
0.0256324
0.0141703
0.137453
0.133146
0.110956
0.0426329
0.116328
0.139928
0.0599201
0.136797
0.137051
0.139645
0.136561
0.0698818
0.069911
0.0660302
0.061635
0.139506
0.0449872
0.0128965
0.0522457
0.114464
0.114543
0.131336
0.0513183
0.0514722
0.137499
0.13249
0.132665
0.108935
0.0205039
0.0674759
0.0676508
0.131615
0.135782
0.00441071
0.0986826
0.10987
0.0905211
0.0905564
0.137105
0.138563
0.136009
0.12992
0.135629
0.0980481
0.120104
0.106825
0.104153
0.0976676
0.108942
0.117166
0.138559
0.139752
0.138357
0.105098
0.11877
0.138091
0.128701
0.107743
0.122091
0.122109
0.117695
0.107669
0.104921
0.105036
0.125452
0.10784
0.138387
0.136331
0.051576
0.051937
0.0501486
0.00932992
0.0609778
0.0611524
0.12817
0.134262
0.119738
0.0361871
0.0362923
0.0920559
0.0921229
0.102718
0.119771
0.120543
0.126359
0.0282842
0.0213047
0.0136196
0.0961077
0.0961569
0.132304
0.0291737
0.0758596
0.314102
0.136762
0.115215
0.138789
0.0847788
0.0848567
0.106806
0.13994
0.134728
0.338674
0.13727
0.122971
0.115346
0.0937862
0.0938379
0.0377921
0.0982564
0.0980953
0.0185869
0.0420934
0.0412263
0.104434
0.104447
0.131645
0.139258
0.126681
0.139785
0.134004
0.122805
0.128766
0.0876664
0.113617
0.132835
0.129766
0.121964
0.116554
0.16113
0.12022
0.13248
0.12801
0.121304
0.0217869
0.0218604
0.164737
0.130102
0.139015
0.109036
0.0601429
0.109279
0.0637349
0.0638091
0.0842814
0.0846415
0.13481
0.133068
0.127101
0.13514
0.0970179
0.120883
0.0725487
0.0109171
0.029637
0.0895691
0.0266234
0.0266568
0.0308539
0.13205
0.131432
0.0548373
0.0550077
0.117288
0.132108
0.108612
0.108994
0.132638
0.0659025
0.130736
0.121539
0.0552288
0.0530468
0.139391
0.118938
0.134647
0.100647
0.0996861
0.106437
0.132234
0.050888
0.136353
0.110664
0.107333
0.110932
0.100221
0.131191
0.113974
0.139122
0.11129
0.110393
0.124897
0.133599
0.0432406
0.0815124
0.0777554
0.111332
0.111341
0.0608777
0.0609484
0.118773
0.122395
0.102928
0.0452007
0.138232
0.135211
0.0197843
0.135389
0.136703
0.138615
0.128198
0.141926
0.106571
0.105141
0.0439008
0.0439846
0.104617
0.104623
0.139348
0.133531
0.115686
0.131452
0.125216
0.00890873
0.136975
0.104836
0.139225
0.134661
0.0964011
0.0963222
0.0463657
0.0479278
0.140638
0.138856
0.134787
0.104393
0.119291
0.106485
0.15972
0.00687036
0.128842
0.126627
0.094956
0.0950163
0.101236
0.132531
0.107906
0.107102
0.0607927
0.127647
0.129598
0.108408
0.134618
0.101959
0.142799
0.135493
0.139487
0.108116
0.00832939
0.139292
0.121355
0.137508
0.121339
0.129211
0.123086
0.138243
0.13219
0.00833937
0.135849
0.161119
0.115418
0.116331
0.139986
0.133796
0.0414991
0.0416197
0.00607957
0.0578054
0.0579219
0.117237
0.118397
0.148693
0.108351
0.0326026
0.0326431
0.0172754
0.123459
0.121313
0.139103
0.0333408
0.130476
0.0189145
0.122195
0.136681
0.0126656
0.309774
0.134525
0.137462
0.344597
0.134387
0.0137331
0.130832
0.106713
0.11892
0.106865
0.0818574
0.0818433
0.0215525
0.126123
0.0272294
0.139511
0.0994666
0.138046
0.121907
0.0567175
0.128239
0.113881
0.136334
0.129766
0.121806
0.0278077
0.0408439
0.0351079
0.0342693
0.115912
0.0892811
0.0893475
0.0308063
0.0308778
0.132179
0.0311238
0.122907
0.0710903
0.071286
0.128616
0.0799266
0.0802014
0.136066
0.139836
0.0911019
0.0911705
0.135458
0.0411081
0.178933
0.0416262
0.129846
0.102495
0.139564
0.0882596
0.0884667
0.114314
0.0987661
0.131963
0.138838
0.11736
0.118676
0.0382893
0.0383558
0.137117
0.0833636
0.0832646
0.0366219
0.0372746
0.12889
0.0280916
0.135644
0.0220067
0.104176
0.136598
0.12744
0.106099
0.107881
0.0458811
0.0460226
0.136337
0.117063
0.116992
0.0161103
0.0201587
0.123519
0.0867413
0.0870321
0.0748019
0.0747781
0.0391569
0.0391758
0.0616046
0.133786
0.299263
0.131655
0.133366
0.102415
0.109344
0.0833015
0.00899189
0.139418
0.107761
0.139862
0.142362
0.122204
0.113119
0.121938
0.0632296
0.0656298
0.139928
0.139822
0.130588
0.116403
0.0844394
0.138955
0.116079
0.130179
0.13817
0.245765
0.0375065
0.0368668
0.025172
0.138921
0.138552
0.107007
0.107201
0.168471
0.137025
0.120378
0.135553
0.124989
0.0144479
0.130227
0.138085
0.125198
0.126898
0.10587
0.138223
0.148482
0.104095
0.0763768
0.13584
0.00388994
0.065044
0.043646
0.0437549
0.138852
0.119744
0.120725
0.058271
0.138912
0.136417
0.115749
0.0408425
0.0409365
0.105081
0.108324
0.116905
0.0948426
0.139154
0.139972
0.138378
0.139426
0.0871355
0.130709
0.131155
0.134145
0.0832327
0.0826534
0.125564
0.11853
0.0273344
0.0460499
0.0380996
0.135866
0.042427
0.04201
0.0931373
0.0457694
0.0458854
0.132475
0.136722
0.137034
0.0544183
0.135956
0.0385924
0.134925
0.0105906
0.0456911
0.134392
0.136451
0.118397
0.0197498
0.0102515
0.131619
0.126902
0.126961
0.133079
0.114943
0.129704
0.134363
0.137806
0.196157
0.13363
0.104354
0.104801
0.136916
0.131238
0.130429
0.0384473
0.0718678
0.0733347
0.00560295
0.0813458
0.0813485
0.110581
0.0832532
0.0832836
0.0415438
0.0417014
0.107402
0.107314
0.138196
0.128831
0.132689
0.136197
0.13646
0.110547
0.132498
0.132033
0.0150194
0.104576
0.0914801
0.0911079
0.139534
0.139809
0.123289
0.00325601
0.116521
0.11661
0.0344386
0.0359993
0.149687
0.0323906
0.0325605
0.0499058
0.0500152
0.0666264
0.12102
0.102074
0.135734
0.125678
0.136799
0.106078
0.106801
0.0223312
0.123292
0.13627
0.160386
0.109579
0.048132
0.131073
0.138129
0.0310933
0.03117
0.10265
0.120401
0.120503
0.138897
0.136323
0.134973
0.18805
0.140757
0.137607
0.129594
0.00573436
0.138022
0.139808
0.104813
0.137442
0.139798
0.00371768
0.243651
0.139465
0.124048
0.130658
0.134621
0.137023
0.119301
0.0782207
0.0783681
0.095336
0.0954305
0.134852
0.138753
0.137867
0.102017
0.129224
0.00482609
0.136656
0.0883378
0.088029
0.122223
0.137899
0.00595731
0.139356
0.137538
0.137526
0.124837
0.130247
0.137235
0.136702
0.00780793
0.0516548
0.112882
0.0105016
0.00442698
0.0961632
0.0962162
0.132088
0.118208
0.0404252
0.046549
0.122063
0.10331
0.13202
0.102975
0.103491
0.0125551
0.00297203
0.0236891
0.0132007
0.120005
0.0155204
0.0274449
0.0126446
0.0141643
0.136213
0.399047
)
;

boundaryField
{
    wings
    {
        type            nutUSpaldingWallFunction;
        Cmu             0.09;
        kappa           0.41;
        E               9.8;
        value           nonuniform List<scalar> 
150
(
2.65831e-05
2.45825e-05
2.2122e-05
2.0005e-05
1.98128e-05
2.0634e-05
2.10813e-05
2.11009e-05
2.08886e-05
2.06116e-05
2.03372e-05
2.00846e-05
1.98562e-05
1.96485e-05
1.94565e-05
1.92765e-05
1.91074e-05
1.89493e-05
1.88022e-05
1.86646e-05
1.85347e-05
1.84113e-05
1.82937e-05
1.81819e-05
1.8076e-05
1.79757e-05
1.78801e-05
1.77887e-05
1.77008e-05
1.76161e-05
1.75347e-05
1.74564e-05
1.73814e-05
1.73094e-05
1.72401e-05
1.71731e-05
1.71083e-05
1.70453e-05
1.69842e-05
1.69249e-05
1.68675e-05
1.6812e-05
1.67582e-05
1.67061e-05
1.66555e-05
1.66063e-05
1.65583e-05
1.65116e-05
1.64659e-05
1.64215e-05
1.63782e-05
1.6336e-05
1.6295e-05
1.62551e-05
1.62164e-05
1.61786e-05
1.61419e-05
1.61061e-05
1.60712e-05
1.60372e-05
1.60041e-05
1.5972e-05
1.59409e-05
1.59107e-05
1.58818e-05
1.58541e-05
1.58278e-05
1.58033e-05
1.57803e-05
1.57612e-05
1.57417e-05
1.57399e-05
1.57041e-05
1.58261e-05
1.53947e-05
2.68756e-05
2.43389e-05
2.16594e-05
1.94552e-05
1.93303e-05
2.02557e-05
2.0773e-05
2.0839e-05
2.06479e-05
2.03803e-05
2.0114e-05
1.98704e-05
1.96507e-05
1.94499e-05
1.9263e-05
1.90879e-05
1.89242e-05
1.87719e-05
1.86298e-05
1.84963e-05
1.83697e-05
1.82494e-05
1.81352e-05
1.80271e-05
1.79247e-05
1.78273e-05
1.77342e-05
1.76448e-05
1.75588e-05
1.74762e-05
1.73969e-05
1.7321e-05
1.7248e-05
1.71778e-05
1.711e-05
1.70443e-05
1.69805e-05
1.69188e-05
1.68589e-05
1.6801e-05
1.6745e-05
1.66907e-05
1.6638e-05
1.65868e-05
1.6537e-05
1.64884e-05
1.6441e-05
1.63948e-05
1.63498e-05
1.63059e-05
1.62632e-05
1.62217e-05
1.61813e-05
1.61418e-05
1.61034e-05
1.60658e-05
1.60292e-05
1.59933e-05
1.59583e-05
1.59242e-05
1.58909e-05
1.58586e-05
1.58273e-05
1.57969e-05
1.57676e-05
1.57395e-05
1.57127e-05
1.56874e-05
1.56636e-05
1.56433e-05
1.56222e-05
1.56187e-05
1.55807e-05
1.57e-05
1.52551e-05
)
;
    }
    outlet
    {
        type            freestream;
        freestreamValue uniform 0.14;
        value           nonuniform List<scalar> 
20
(
0.133211
0.377787
0.219283
0.233684
0.132938
0.349522
0.0904035
0.136284
0.408016
0.0930874
0.123063
0.141807
0.136464
0.118238
0.158054
0.160147
0.135966
0.136987
0.136499
0.399047
)
;
    }
    tunnel
    {
        type            nutUSpaldingWallFunction;
        Cmu             0.09;
        kappa           0.41;
        E               9.8;
        value           nonuniform List<scalar> 
40
(
0.0102352
0.00632419
0.00618394
0.00755499
0.0093831
0.00965772
0.0102935
0.00831246
0.00932529
0.00888089
0.00644772
0.00698643
0.00824494
0.00807277
0.00920408
0.00773034
0.00761071
0.00975088
0.00827585
0.00847379
0.00645822
0.00869953
0.0082384
0.0104021
0.00833191
0.00555296
0.0076204
0.00889702
0.00549529
0.0114012
0.00760778
0.0100135
0.00738559
0.00573938
0.00771872
0.0063121
0.00723425
0.00901958
0.00732146
0.00867288
)
;
    }
    inlet
    {
        type            freestream;
        freestreamValue uniform 0.14;
        value           uniform 0.14;
    }
    defaultFaces
    {
        type            empty;
    }
}


// ************************************************************************* //
