/*--------------------------------*- C++ -*----------------------------------*\
| =========                 |                                                 |
| \\      /  F ield         | OpenFOAM: The Open Source CFD Toolbox           |
|  \\    /   O peration     | Version:  2.3.0                                 |
|   \\  /    A nd           | Web:      www.OpenFOAM.org                      |
|    \\/     M anipulation  |                                                 |
\*---------------------------------------------------------------------------*/
FoamFile
{
    version     2.0;
    format      ascii;
    class       labelList;
    note        "nPoints:16070  nCells:7994  nFaces:32091  nInternalFaces:15873";
    location    "constant/polyMesh";
    object      neighbour;
}
// * * * * * * * * * * * * * * * * * * * * * * * * * * * * * * * * * * * * * //


15873
(
1
15
854
6062
2
16
853
3
17
852
4
18
851
5
19
850
6
20
849
7
21
848
8
22
847
9
23
846
10
24
845
11
25
844
12
26
843
13
27
842
14
28
841
29
210
840
16
30
4326
17
31
18
32
19
33
20
34
21
35
22
36
23
37
24
38
25
39
26
40
27
41
28
42
29
43
44
225
31
45
3809
32
46
33
47
34
48
35
49
36
50
37
51
38
52
39
53
40
54
41
55
42
56
43
57
44
58
59
240
46
60
5738
47
61
48
62
49
63
50
64
51
65
52
66
53
67
54
68
55
69
56
70
57
71
58
72
59
73
74
255
61
75
6360
62
76
63
77
64
78
65
79
66
80
67
81
68
82
69
83
70
84
71
85
72
86
73
87
74
88
89
270
76
90
5674
77
91
78
92
79
93
80
94
81
95
82
96
83
97
84
98
85
99
86
100
87
101
88
102
89
103
104
285
91
105
7044
92
106
93
107
94
108
95
109
96
110
97
111
98
112
99
113
100
114
101
115
102
116
103
117
104
118
119
300
106
120
3643
107
121
108
122
109
123
110
124
111
125
112
126
113
127
114
128
115
129
116
130
117
131
118
132
119
133
134
315
121
135
5119
122
136
123
137
124
138
125
139
126
140
127
141
128
142
129
143
130
144
131
145
132
146
133
147
134
148
149
330
136
150
6935
137
151
138
152
139
153
140
154
141
155
142
156
143
157
144
158
145
159
146
160
147
161
148
162
149
163
164
345
151
165
4278
152
166
153
167
154
168
155
169
156
170
157
171
158
172
159
173
160
174
161
175
162
176
163
177
164
178
179
360
166
180
4896
167
181
168
182
169
183
170
184
171
185
172
186
173
187
174
188
175
189
176
190
177
191
178
192
179
193
194
375
181
195
4620
182
196
183
197
184
198
185
199
186
200
187
201
188
202
189
203
190
204
191
205
192
206
193
207
194
208
209
390
196
5439
6810
197
6380
198
5873
199
3366
200
4946
201
6526
202
6932
203
6799
204
6222
205
4449
206
5062
207
6287
208
4262
209
7107
405
6769
211
225
1965
212
226
1966
213
227
1967
214
228
1968
215
229
1969
216
230
1970
217
231
1971
218
232
1972
219
233
1973
220
234
1974
221
235
1975
222
236
1976
223
237
1977
224
238
1978
239
1979
6063
226
240
227
241
228
242
229
243
230
244
231
245
232
246
233
247
234
248
235
249
236
250
237
251
238
252
239
253
254
4327
241
255
242
256
243
257
244
258
245
259
246
260
247
261
248
262
249
263
250
264
251
265
252
266
253
267
254
268
269
3810
256
270
257
271
258
272
259
273
260
274
261
275
262
276
263
277
264
278
265
279
266
280
267
281
268
282
269
283
284
5739
271
285
272
286
273
287
274
288
275
289
276
290
277
291
278
292
279
293
280
294
281
295
282
296
283
297
284
298
299
6361
286
300
287
301
288
302
289
303
290
304
291
305
292
306
293
307
294
308
295
309
296
310
297
311
298
312
299
313
314
5675
301
315
302
316
303
317
304
318
305
319
306
320
307
321
308
322
309
323
310
324
311
325
312
326
313
327
314
328
329
7043
316
330
317
331
318
332
319
333
320
334
321
335
322
336
323
337
324
338
325
339
326
340
327
341
328
342
329
343
344
3642
331
345
332
346
333
347
334
348
335
349
336
350
337
351
338
352
339
353
340
354
341
355
342
356
343
357
344
358
359
5120
346
360
347
361
348
362
349
363
350
364
351
365
352
366
353
367
354
368
355
369
356
370
357
371
358
372
359
373
374
6936
361
375
362
376
363
377
364
378
365
379
366
380
367
381
368
382
369
383
370
384
371
385
372
386
373
387
374
388
389
4277
376
390
377
391
378
392
379
393
380
394
381
395
382
396
383
397
384
398
385
399
386
400
387
401
388
402
389
403
404
4895
391
405
392
406
393
407
394
408
395
409
396
410
397
411
398
412
399
413
400
414
401
415
402
416
403
417
404
418
419
4619
406
4096
407
5907
408
3112
409
6975
410
5163
411
6860
412
5685
413
5626
414
4918
415
6091
416
5026
417
4252
418
6262
419
5960
5438
7068
421
435
1964
6175
422
436
1963
423
437
1962
424
438
1961
425
439
1960
426
440
1959
427
441
1958
428
442
1957
429
443
1956
430
444
1955
431
445
1954
432
446
1953
433
447
1952
434
448
1951
449
630
1950
436
450
4784
437
451
438
452
439
453
440
454
441
455
442
456
443
457
444
458
445
459
446
460
447
461
448
462
449
463
464
645
451
465
3401
452
466
453
467
454
468
455
469
456
470
457
471
458
472
459
473
460
474
461
475
462
476
463
477
464
478
479
660
466
480
4872
467
481
468
482
469
483
470
484
471
485
472
486
473
487
474
488
475
489
476
490
477
491
478
492
479
493
494
675
481
495
5552
482
496
483
497
484
498
485
499
486
500
487
501
488
502
489
503
490
504
491
505
492
506
493
507
494
508
509
690
496
510
3902
497
511
498
512
499
513
500
514
501
515
502
516
503
517
504
518
505
519
506
520
507
521
508
522
509
523
524
705
511
525
5398
512
526
513
527
514
528
515
529
516
530
517
531
518
532
519
533
520
534
521
535
522
536
523
537
524
538
539
720
526
540
6092
527
541
528
542
529
543
530
544
531
545
532
546
533
547
534
548
535
549
536
550
537
551
538
552
539
553
554
735
541
555
5291
542
556
543
557
544
558
545
559
546
560
547
561
548
562
549
563
550
564
551
565
552
566
553
567
554
568
569
750
556
570
5519
557
571
558
572
559
573
560
574
561
575
562
576
563
577
564
578
565
579
566
580
567
581
568
582
569
583
584
765
571
585
4274
572
586
573
587
574
588
575
589
576
590
577
591
578
592
579
593
580
594
581
595
582
596
583
597
584
598
599
780
586
600
5443
587
601
588
602
589
603
590
604
591
605
592
606
593
607
594
608
595
609
596
610
597
611
598
612
599
613
614
795
601
615
4837
602
616
603
617
604
618
605
619
606
620
607
621
608
622
609
623
610
624
611
625
612
626
613
627
614
628
629
810
616
6074
6873
617
7660
618
7654
619
6454
620
6377
621
7431
622
5990
623
5903
624
7071
625
7099
626
7152
627
7042
628
7283
629
5750
825
5324
631
645
3075
632
646
3076
633
647
3077
634
648
3078
635
649
3079
636
650
3080
637
651
3081
638
652
3082
639
653
3083
640
654
3084
641
655
3085
642
656
3086
643
657
3087
644
658
3088
659
3089
4797
646
660
647
661
648
662
649
663
650
664
651
665
652
666
653
667
654
668
655
669
656
670
657
671
658
672
659
673
674
6034
661
675
662
676
663
677
664
678
665
679
666
680
667
681
668
682
669
683
670
684
671
685
672
686
673
687
674
688
689
3120
676
690
677
691
678
692
679
693
680
694
681
695
682
696
683
697
684
698
685
699
686
700
687
701
688
702
689
703
704
6503
691
705
692
706
693
707
694
708
695
709
696
710
697
711
698
712
699
713
700
714
701
715
702
716
703
717
704
718
719
4884
706
720
707
721
708
722
709
723
710
724
711
725
712
726
713
727
714
728
715
729
716
730
717
731
718
732
719
733
734
5211
721
735
722
736
723
737
724
738
725
739
726
740
727
741
728
742
729
743
730
744
731
745
732
746
733
747
734
748
749
4361
736
750
737
751
738
752
739
753
740
754
741
755
742
756
743
757
744
758
745
759
746
760
747
761
748
762
749
763
764
6156
751
765
752
766
753
767
754
768
755
769
756
770
757
771
758
772
759
773
760
774
761
775
762
776
763
777
764
778
779
5791
766
780
767
781
768
782
769
783
770
784
771
785
772
786
773
787
774
788
775
789
776
790
777
791
778
792
779
793
794
5751
781
795
782
796
783
797
784
798
785
799
786
800
787
801
788
802
789
803
790
804
791
805
792
806
793
807
794
808
809
4744
796
810
797
811
798
812
799
813
800
814
801
815
802
816
803
817
804
818
805
819
806
820
807
821
808
822
809
823
824
5890
811
825
812
826
813
827
814
828
815
829
816
830
817
831
818
832
819
833
820
834
821
835
822
836
823
837
824
838
839
5393
826
6672
827
6691
828
6704
829
6703
830
7214
831
5518
832
4659
833
7264
834
6574
835
6671
836
6909
837
7062
838
7270
839
7359
5478
6618
841
855
842
856
843
857
844
858
845
859
846
860
847
861
848
862
849
863
850
864
851
865
852
866
853
867
854
868
869
3170
856
870
857
871
858
872
859
873
860
874
861
875
862
876
863
877
864
878
865
879
866
880
867
881
868
882
869
883
884
3885
871
885
872
886
873
887
874
888
875
889
876
890
877
891
878
892
879
893
880
894
881
895
882
896
883
897
884
898
899
6742
886
900
887
901
888
902
889
903
890
904
891
905
892
906
893
907
894
908
895
909
896
910
897
911
898
912
899
913
914
6268
901
915
902
916
903
917
904
918
905
919
906
920
907
921
908
922
909
923
910
924
911
925
912
926
913
927
914
928
929
6763
916
930
917
931
918
932
919
933
920
934
921
935
922
936
923
937
924
938
925
939
926
940
927
941
928
942
929
943
944
5704
931
945
932
946
933
947
934
948
935
949
936
950
937
951
938
952
939
953
940
954
941
955
942
956
943
957
944
958
959
3763
946
960
947
961
948
962
949
963
950
964
951
965
952
966
953
967
954
968
955
969
956
970
957
971
958
972
959
973
974
4677
961
975
962
976
963
977
964
978
965
979
966
980
967
981
968
982
969
983
970
984
971
985
972
986
973
987
974
988
989
6031
976
990
977
991
978
992
979
993
980
994
981
995
982
996
983
997
984
998
985
999
986
1000
987
1001
988
1002
989
1003
1004
5827
991
1005
992
1006
993
1007
994
1008
995
1009
996
1010
997
1011
998
1012
999
1013
1000
1014
1001
1015
1002
1016
1003
1017
1004
1018
1019
6080
1006
1020
1007
1021
1008
1022
1009
1023
1010
1024
1011
1025
1012
1026
1013
1027
1014
1028
1015
1029
1016
1030
1017
1031
1018
1032
1019
1033
1034
3426
1021
1035
1022
1036
1023
1037
1024
1038
1025
1039
1026
1040
1027
1041
1028
1042
1029
1043
1030
1044
1031
1045
1032
1046
1033
1047
1034
1048
1049
6898
1036
1050
1037
1051
1038
1052
1039
1053
1040
1054
1041
1055
1042
1056
1043
1057
1044
1058
1045
1059
1046
1060
1047
1061
1048
1062
1049
1063
1064
5667
1051
1065
1052
1066
1053
1067
1054
1068
1055
1069
1056
1070
1057
1071
1058
1072
1059
1073
1060
1074
1061
1075
1062
1076
1063
1077
1064
1078
1079
5564
1066
1080
1067
1081
1068
1082
1069
1083
1070
1084
1071
1085
1072
1086
1073
1087
1074
1088
1075
1089
1076
1090
1077
1091
1078
1092
1079
1093
1094
6949
1081
1095
1082
1096
1083
1097
1084
1098
1085
1099
1086
1100
1087
1101
1088
1102
1089
1103
1090
1104
1091
1105
1092
1106
1093
1107
1094
1108
1109
6101
1096
1110
1097
1111
1098
1112
1099
1113
1100
1114
1101
1115
1102
1116
1103
1117
1104
1118
1105
1119
1106
1120
1107
1121
1108
1122
1109
1123
1124
3911
1111
1125
1112
1126
1113
1127
1114
1128
1115
1129
1116
1130
1117
1131
1118
1132
1119
1133
1120
1134
1121
1135
1122
1136
1123
1137
1124
1138
1139
3463
1126
1140
1127
1141
1128
1142
1129
1143
1130
1144
1131
1145
1132
1146
1133
1147
1134
1148
1135
1149
1136
1150
1137
1151
1138
1152
1139
1153
1154
6064
1141
1155
1142
1156
1143
1157
1144
1158
1145
1159
1146
1160
1147
1161
1148
1162
1149
1163
1150
1164
1151
1165
1152
1166
1153
1167
1154
1168
1169
6405
1156
1170
1157
1171
1158
1172
1159
1173
1160
1174
1161
1175
1162
1176
1163
1177
1164
1178
1165
1179
1166
1180
1167
1181
1168
1182
1169
1183
1184
3882
1171
1185
1172
1186
1173
1187
1174
1188
1175
1189
1176
1190
1177
1191
1178
1192
1179
1193
1180
1194
1181
1195
1182
1196
1183
1197
1184
1198
1199
6003
1186
1200
1187
1201
1188
1202
1189
1203
1190
1204
1191
1205
1192
1206
1193
1207
1194
1208
1195
1209
1196
1210
1197
1211
1198
1212
1199
1213
1214
4831
1201
1215
1202
1216
1203
1217
1204
1218
1205
1219
1206
1220
1207
1221
1208
1222
1209
1223
1210
1224
1211
1225
1212
1226
1213
1227
1214
1228
1229
4226
1216
1230
1217
1231
1218
1232
1219
1233
1220
1234
1221
1235
1222
1236
1223
1237
1224
1238
1225
1239
1226
1240
1227
1241
1228
1242
1229
1243
1244
5052
1231
1245
1232
1246
1233
1247
1234
1248
1235
1249
1236
1250
1237
1251
1238
1252
1239
1253
1240
1254
1241
1255
1242
1256
1243
1257
1244
1258
1259
3562
1246
1260
1247
1261
1248
1262
1249
1263
1250
1264
1251
1265
1252
1266
1253
1267
1254
1268
1255
1269
1256
1270
1257
1271
1258
1272
1259
1273
1274
6910
1261
1275
1262
1276
1263
1277
1264
1278
1265
1279
1266
1280
1267
1281
1268
1282
1269
1283
1270
1284
1271
1285
1272
1286
1273
1287
1274
1288
1289
4627
1276
1290
1277
1291
1278
1292
1279
1293
1280
1294
1281
1295
1282
1296
1283
1297
1284
1298
1285
1299
1286
1300
1287
1301
1288
1302
1289
1303
1304
6138
1291
1305
1292
1306
1293
1307
1294
1308
1295
1309
1296
1310
1297
1311
1298
1312
1299
1313
1300
1314
1301
1315
1302
1316
1303
1317
1304
1318
1319
5819
1306
1320
1307
1321
1308
1322
1309
1323
1310
1324
1311
1325
1312
1326
1313
1327
1314
1328
1315
1329
1316
1330
1317
1331
1318
1332
1319
1333
1334
7516
1321
1335
1322
1336
1323
1337
1324
1338
1325
1339
1326
1340
1327
1341
1328
1342
1329
1343
1330
1344
1331
1345
1332
1346
1333
1347
1334
1348
1349
5844
1336
1350
1337
1351
1338
1352
1339
1353
1340
1354
1341
1355
1342
1356
1343
1357
1344
1358
1345
1359
1346
1360
1347
1361
1348
1362
1349
1363
1364
6867
1351
1365
1352
1366
1353
1367
1354
1368
1355
1369
1356
1370
1357
1371
1358
1372
1359
1373
1360
1374
1361
1375
1362
1376
1363
1377
1364
1378
1379
3160
1366
1380
1367
1381
1368
1382
1369
1383
1370
1384
1371
1385
1372
1386
1373
1387
1374
1388
1375
1389
1376
1390
1377
1391
1378
1392
1379
1393
1394
5722
1381
1395
1382
1396
1383
1397
1384
1398
1385
1399
1386
1400
1387
1401
1388
1402
1389
1403
1390
1404
1391
1405
1392
1406
1393
1407
1394
1408
1409
7335
1396
1410
1397
1411
1398
1412
1399
1413
1400
1414
1401
1415
1402
1416
1403
1417
1404
1418
1405
1419
1406
1420
1407
1421
1408
1422
1409
1423
1424
6907
1411
1425
1412
1426
1413
1427
1414
1428
1415
1429
1416
1430
1417
1431
1418
1432
1419
1433
1420
1434
1421
1435
1422
1436
1423
1437
1424
1438
1439
6728
1426
1440
1427
1441
1428
1442
1429
1443
1430
1444
1431
1445
1432
1446
1433
1447
1434
1448
1435
1449
1436
1450
1437
1451
1438
1452
1439
1453
1454
4880
1441
1455
1442
1456
1443
1457
1444
1458
1445
1459
1446
1460
1447
1461
1448
1462
1449
1463
1450
1464
1451
1465
1452
1466
1453
1467
1454
1468
1469
5007
1456
1470
1457
1471
1458
1472
1459
1473
1460
1474
1461
1475
1462
1476
1463
1477
1464
1478
1465
1479
1466
1480
1467
1481
1468
1482
1469
1483
1484
6876
1471
1485
1472
1486
1473
1487
1474
1488
1475
1489
1476
1490
1477
1491
1478
1492
1479
1493
1480
1494
1481
1495
1482
1496
1483
1497
1484
1498
1499
6490
1486
1500
1487
1501
1488
1502
1489
1503
1490
1504
1491
1505
1492
1506
1493
1507
1494
1508
1495
1509
1496
1510
1497
1511
1498
1512
1499
1513
1514
3978
1501
1515
1502
1516
1503
1517
1504
1518
1505
1519
1506
1520
1507
1521
1508
1522
1509
1523
1510
1524
1511
1525
1512
1526
1513
1527
1514
1528
1529
5047
1516
1530
1517
1531
1518
1532
1519
1533
1520
1534
1521
1535
1522
1536
1523
1537
1524
1538
1525
1539
1526
1540
1527
1541
1528
1542
1529
1543
1544
4835
1531
1545
1532
1546
1533
1547
1534
1548
1535
1549
1536
1550
1537
1551
1538
1552
1539
1553
1540
1554
1541
1555
1542
1556
1543
1557
1544
1558
1559
6407
1546
1560
1547
1561
1548
1562
1549
1563
1550
1564
1551
1565
1552
1566
1553
1567
1554
1568
1555
1569
1556
1570
1557
1571
1558
1572
1559
1573
1574
3197
1561
1575
1562
1576
1563
1577
1564
1578
1565
1579
1566
1580
1567
1581
1568
1582
1569
1583
1570
1584
1571
1585
1572
1586
1573
1587
1574
1588
1589
6804
1576
1590
1577
1591
1578
1592
1579
1593
1580
1594
1581
1595
1582
1596
1583
1597
1584
1598
1585
1599
1586
1600
1587
1601
1588
1602
1589
1603
1604
7494
1591
1605
1592
1606
1593
1607
1594
1608
1595
1609
1596
1610
1597
1611
1598
1612
1599
1613
1600
1614
1601
1615
1602
1616
1603
1617
1604
1618
1619
5613
1606
1620
1607
1621
1608
1622
1609
1623
1610
1624
1611
1625
1612
1626
1613
1627
1614
1628
1615
1629
1616
1630
1617
1631
1618
1632
1619
1633
1634
3297
1621
1635
1622
1636
1623
1637
1624
1638
1625
1639
1626
1640
1627
1641
1628
1642
1629
1643
1630
1644
1631
1645
1632
1646
1633
1647
1634
1648
1649
5999
1636
1650
1637
1651
1638
1652
1639
1653
1640
1654
1641
1655
1642
1656
1643
1657
1644
1658
1645
1659
1646
1660
1647
1661
1648
1662
1649
1663
1664
6356
1651
1665
1652
1666
1653
1667
1654
1668
1655
1669
1656
1670
1657
1671
1658
1672
1659
1673
1660
1674
1661
1675
1662
1676
1663
1677
1664
1678
1679
3832
1666
1680
1667
1681
1668
1682
1669
1683
1670
1684
1671
1685
1672
1686
1673
1687
1674
1688
1675
1689
1676
1690
1677
1691
1678
1692
1679
1693
1694
6001
1681
1695
1682
1696
1683
1697
1684
1698
1685
1699
1686
1700
1687
1701
1688
1702
1689
1703
1690
1704
1691
1705
1692
1706
1693
1707
1694
1708
1709
3759
1696
1710
1697
1711
1698
1712
1699
1713
1700
1714
1701
1715
1702
1716
1703
1717
1704
1718
1705
1719
1706
1720
1707
1721
1708
1722
1709
1723
1724
4014
1711
1725
1712
1726
1713
1727
1714
1728
1715
1729
1716
1730
1717
1731
1718
1732
1719
1733
1720
1734
1721
1735
1722
1736
1723
1737
1724
1738
1739
5753
1726
1740
1727
1741
1728
1742
1729
1743
1730
1744
1731
1745
1732
1746
1733
1747
1734
1748
1735
1749
1736
1750
1737
1751
1738
1752
1739
1753
1754
6041
1741
1755
1742
1756
1743
1757
1744
1758
1745
1759
1746
1760
1747
1761
1748
1762
1749
1763
1750
1764
1751
1765
1752
1766
1753
1767
1754
1768
1769
6497
1756
1770
1757
1771
1758
1772
1759
1773
1760
1774
1761
1775
1762
1776
1763
1777
1764
1778
1765
1779
1766
1780
1767
1781
1768
1782
1769
1783
1784
6128
1771
1785
1772
1786
1773
1787
1774
1788
1775
1789
1776
1790
1777
1791
1778
1792
1779
1793
1780
1794
1781
1795
1782
1796
1783
1797
1784
1798
1799
3859
1786
1800
1787
1801
1788
1802
1789
1803
1790
1804
1791
1805
1792
1806
1793
1807
1794
1808
1795
1809
1796
1810
1797
1811
1798
1812
1799
1813
1814
3409
1801
1815
1802
1816
1803
1817
1804
1818
1805
1819
1806
1820
1807
1821
1808
1822
1809
1823
1810
1824
1811
1825
1812
1826
1813
1827
1814
1828
1829
5522
1816
1830
1817
1831
1818
1832
1819
1833
1820
1834
1821
1835
1822
1836
1823
1837
1824
1838
1825
1839
1826
1840
1827
1841
1828
1842
1829
1843
1844
5933
1831
1845
1832
1846
1833
1847
1834
1848
1835
1849
1836
1850
1837
1851
1838
1852
1839
1853
1840
1854
1841
1855
1842
1856
1843
1857
1844
1858
1859
4483
1846
1860
1847
1861
1848
1862
1849
1863
1850
1864
1851
1865
1852
1866
1853
1867
1854
1868
1855
1869
1856
1870
1857
1871
1858
1872
1859
1873
1874
5521
1861
1875
1862
1876
1863
1877
1864
1878
1865
1879
1866
1880
1867
1881
1868
1882
1869
1883
1870
1884
1871
1885
1872
1886
1873
1887
1874
1888
1889
5426
1876
1890
1877
1891
1878
1892
1879
1893
1880
1894
1881
1895
1882
1896
1883
1897
1884
1898
1885
1899
1886
1900
1887
1901
1888
1902
1889
1903
1904
6698
1891
1905
1892
1906
1893
1907
1894
1908
1895
1909
1896
1910
1897
1911
1898
1912
1899
1913
1900
1914
1901
1915
1902
1916
1903
1917
1904
1918
1919
4809
1906
1920
1907
1921
1908
1922
1909
1923
1910
1924
1911
1925
1912
1926
1913
1927
1914
1928
1915
1929
1916
1930
1917
1931
1918
1932
1919
1933
1934
6159
1921
1935
1922
1936
1923
1937
1924
1938
1925
1939
1926
1940
1927
1941
1928
1942
1929
1943
1930
1944
1931
1945
1932
1946
1933
1947
1934
1948
1949
3126
1936
1950
1937
1951
1938
1952
1939
1953
1940
1954
1941
1955
1942
1956
1943
1957
1944
1958
1945
1959
1946
1960
1947
1961
1948
1962
1949
1963
1964
5455
1951
1952
1953
1954
1955
1956
1957
1958
1959
1960
1961
1962
1963
1964
5703
1966
1980
1967
1981
1968
1982
1969
1983
1970
1984
1971
1985
1972
1986
1973
1987
1974
1988
1975
1989
1976
1990
1977
1991
1978
1992
1979
1993
1994
3171
1981
1995
1982
1996
1983
1997
1984
1998
1985
1999
1986
2000
1987
2001
1988
2002
1989
2003
1990
2004
1991
2005
1992
2006
1993
2007
1994
2008
2009
3886
1996
2010
1997
2011
1998
2012
1999
2013
2000
2014
2001
2015
2002
2016
2003
2017
2004
2018
2005
2019
2006
2020
2007
2021
2008
2022
2009
2023
2024
6743
2011
2025
2012
2026
2013
2027
2014
2028
2015
2029
2016
2030
2017
2031
2018
2032
2019
2033
2020
2034
2021
2035
2022
2036
2023
2037
2024
2038
2039
6269
2026
2040
2027
2041
2028
2042
2029
2043
2030
2044
2031
2045
2032
2046
2033
2047
2034
2048
2035
2049
2036
2050
2037
2051
2038
2052
2039
2053
2054
6764
2041
2055
2042
2056
2043
2057
2044
2058
2045
2059
2046
2060
2047
2061
2048
2062
2049
2063
2050
2064
2051
2065
2052
2066
2053
2067
2054
2068
2069
5705
2056
2070
2057
2071
2058
2072
2059
2073
2060
2074
2061
2075
2062
2076
2063
2077
2064
2078
2065
2079
2066
2080
2067
2081
2068
2082
2069
2083
2084
3764
2071
2085
2072
2086
2073
2087
2074
2088
2075
2089
2076
2090
2077
2091
2078
2092
2079
2093
2080
2094
2081
2095
2082
2096
2083
2097
2084
2098
2099
4678
2086
2100
2087
2101
2088
2102
2089
2103
2090
2104
2091
2105
2092
2106
2093
2107
2094
2108
2095
2109
2096
2110
2097
2111
2098
2112
2099
2113
2114
6032
2101
2115
2102
2116
2103
2117
2104
2118
2105
2119
2106
2120
2107
2121
2108
2122
2109
2123
2110
2124
2111
2125
2112
2126
2113
2127
2114
2128
2129
5828
2116
2130
2117
2131
2118
2132
2119
2133
2120
2134
2121
2135
2122
2136
2123
2137
2124
2138
2125
2139
2126
2140
2127
2141
2128
2142
2129
2143
2144
6081
2131
2145
2132
2146
2133
2147
2134
2148
2135
2149
2136
2150
2137
2151
2138
2152
2139
2153
2140
2154
2141
2155
2142
2156
2143
2157
2144
2158
2159
3427
2146
2160
2147
2161
2148
2162
2149
2163
2150
2164
2151
2165
2152
2166
2153
2167
2154
2168
2155
2169
2156
2170
2157
2171
2158
2172
2159
2173
2174
6899
2161
2175
2162
2176
2163
2177
2164
2178
2165
2179
2166
2180
2167
2181
2168
2182
2169
2183
2170
2184
2171
2185
2172
2186
2173
2187
2174
2188
2189
5668
2176
2190
2177
2191
2178
2192
2179
2193
2180
2194
2181
2195
2182
2196
2183
2197
2184
2198
2185
2199
2186
2200
2187
2201
2188
2202
2189
2203
2204
5565
2191
2205
2192
2206
2193
2207
2194
2208
2195
2209
2196
2210
2197
2211
2198
2212
2199
2213
2200
2214
2201
2215
2202
2216
2203
2217
2204
2218
2219
6950
2206
2220
2207
2221
2208
2222
2209
2223
2210
2224
2211
2225
2212
2226
2213
2227
2214
2228
2215
2229
2216
2230
2217
2231
2218
2232
2219
2233
2234
6102
2221
2235
2222
2236
2223
2237
2224
2238
2225
2239
2226
2240
2227
2241
2228
2242
2229
2243
2230
2244
2231
2245
2232
2246
2233
2247
2234
2248
2249
3912
2236
2250
2237
2251
2238
2252
2239
2253
2240
2254
2241
2255
2242
2256
2243
2257
2244
2258
2245
2259
2246
2260
2247
2261
2248
2262
2249
2263
2264
3464
2251
2265
2252
2266
2253
2267
2254
2268
2255
2269
2256
2270
2257
2271
2258
2272
2259
2273
2260
2274
2261
2275
2262
2276
2263
2277
2264
2278
2279
6065
2266
2280
2267
2281
2268
2282
2269
2283
2270
2284
2271
2285
2272
2286
2273
2287
2274
2288
2275
2289
2276
2290
2277
2291
2278
2292
2279
2293
2294
6406
2281
2295
2282
2296
2283
2297
2284
2298
2285
2299
2286
2300
2287
2301
2288
2302
2289
2303
2290
2304
2291
2305
2292
2306
2293
2307
2294
2308
2309
3883
2296
2310
2297
2311
2298
2312
2299
2313
2300
2314
2301
2315
2302
2316
2303
2317
2304
2318
2305
2319
2306
2320
2307
2321
2308
2322
2309
2323
2324
6004
2311
2325
2312
2326
2313
2327
2314
2328
2315
2329
2316
2330
2317
2331
2318
2332
2319
2333
2320
2334
2321
2335
2322
2336
2323
2337
2324
2338
2339
4832
2326
2340
2327
2341
2328
2342
2329
2343
2330
2344
2331
2345
2332
2346
2333
2347
2334
2348
2335
2349
2336
2350
2337
2351
2338
2352
2339
2353
2354
4227
2341
2355
2342
2356
2343
2357
2344
2358
2345
2359
2346
2360
2347
2361
2348
2362
2349
2363
2350
2364
2351
2365
2352
2366
2353
2367
2354
2368
2369
5053
2356
2370
2357
2371
2358
2372
2359
2373
2360
2374
2361
2375
2362
2376
2363
2377
2364
2378
2365
2379
2366
2380
2367
2381
2368
2382
2369
2383
2384
3563
2371
2385
2372
2386
2373
2387
2374
2388
2375
2389
2376
2390
2377
2391
2378
2392
2379
2393
2380
2394
2381
2395
2382
2396
2383
2397
2384
2398
2399
6911
2386
2400
2387
2401
2388
2402
2389
2403
2390
2404
2391
2405
2392
2406
2393
2407
2394
2408
2395
2409
2396
2410
2397
2411
2398
2412
2399
2413
2414
4628
2401
2415
2402
2416
2403
2417
2404
2418
2405
2419
2406
2420
2407
2421
2408
2422
2409
2423
2410
2424
2411
2425
2412
2426
2413
2427
2414
2428
2429
6139
2416
2430
2417
2431
2418
2432
2419
2433
2420
2434
2421
2435
2422
2436
2423
2437
2424
2438
2425
2439
2426
2440
2427
2441
2428
2442
2429
2443
2444
5820
2431
2445
2432
2446
2433
2447
2434
2448
2435
2449
2436
2450
2437
2451
2438
2452
2439
2453
2440
2454
2441
2455
2442
2456
2443
2457
2444
2458
2459
7517
2446
2460
2447
2461
2448
2462
2449
2463
2450
2464
2451
2465
2452
2466
2453
2467
2454
2468
2455
2469
2456
2470
2457
2471
2458
2472
2459
2473
2474
5845
2461
2475
2462
2476
2463
2477
2464
2478
2465
2479
2466
2480
2467
2481
2468
2482
2469
2483
2470
2484
2471
2485
2472
2486
2473
2487
2474
2488
2489
6868
2476
2490
2477
2491
2478
2492
2479
2493
2480
2494
2481
2495
2482
2496
2483
2497
2484
2498
2485
2499
2486
2500
2487
2501
2488
2502
2489
2503
2504
3161
2491
2505
2492
2506
2493
2507
2494
2508
2495
2509
2496
2510
2497
2511
2498
2512
2499
2513
2500
2514
2501
2515
2502
2516
2503
2517
2504
2518
2519
5723
2506
2520
2507
2521
2508
2522
2509
2523
2510
2524
2511
2525
2512
2526
2513
2527
2514
2528
2515
2529
2516
2530
2517
2531
2518
2532
2519
2533
2534
7336
2521
2535
2522
2536
2523
2537
2524
2538
2525
2539
2526
2540
2527
2541
2528
2542
2529
2543
2530
2544
2531
2545
2532
2546
2533
2547
2534
2548
2549
6908
2536
2550
2537
2551
2538
2552
2539
2553
2540
2554
2541
2555
2542
2556
2543
2557
2544
2558
2545
2559
2546
2560
2547
2561
2548
2562
2549
2563
2564
6729
2551
2565
2552
2566
2553
2567
2554
2568
2555
2569
2556
2570
2557
2571
2558
2572
2559
2573
2560
2574
2561
2575
2562
2576
2563
2577
2564
2578
2579
4881
2566
2580
2567
2581
2568
2582
2569
2583
2570
2584
2571
2585
2572
2586
2573
2587
2574
2588
2575
2589
2576
2590
2577
2591
2578
2592
2579
2593
2594
5008
2581
2595
2582
2596
2583
2597
2584
2598
2585
2599
2586
2600
2587
2601
2588
2602
2589
2603
2590
2604
2591
2605
2592
2606
2593
2607
2594
2608
2609
6877
2596
2610
2597
2611
2598
2612
2599
2613
2600
2614
2601
2615
2602
2616
2603
2617
2604
2618
2605
2619
2606
2620
2607
2621
2608
2622
2609
2623
2624
6491
2611
2625
2612
2626
2613
2627
2614
2628
2615
2629
2616
2630
2617
2631
2618
2632
2619
2633
2620
2634
2621
2635
2622
2636
2623
2637
2624
2638
2639
3979
2626
2640
2627
2641
2628
2642
2629
2643
2630
2644
2631
2645
2632
2646
2633
2647
2634
2648
2635
2649
2636
2650
2637
2651
2638
2652
2639
2653
2654
5048
2641
2655
2642
2656
2643
2657
2644
2658
2645
2659
2646
2660
2647
2661
2648
2662
2649
2663
2650
2664
2651
2665
2652
2666
2653
2667
2654
2668
2669
4836
2656
2670
2657
2671
2658
2672
2659
2673
2660
2674
2661
2675
2662
2676
2663
2677
2664
2678
2665
2679
2666
2680
2667
2681
2668
2682
2669
2683
2684
6408
2671
2685
2672
2686
2673
2687
2674
2688
2675
2689
2676
2690
2677
2691
2678
2692
2679
2693
2680
2694
2681
2695
2682
2696
2683
2697
2684
2698
2699
3198
2686
2700
2687
2701
2688
2702
2689
2703
2690
2704
2691
2705
2692
2706
2693
2707
2694
2708
2695
2709
2696
2710
2697
2711
2698
2712
2699
2713
2714
6805
2701
2715
2702
2716
2703
2717
2704
2718
2705
2719
2706
2720
2707
2721
2708
2722
2709
2723
2710
2724
2711
2725
2712
2726
2713
2727
2714
2728
2729
7495
2716
2730
2717
2731
2718
2732
2719
2733
2720
2734
2721
2735
2722
2736
2723
2737
2724
2738
2725
2739
2726
2740
2727
2741
2728
2742
2729
2743
2744
5614
2731
2745
2732
2746
2733
2747
2734
2748
2735
2749
2736
2750
2737
2751
2738
2752
2739
2753
2740
2754
2741
2755
2742
2756
2743
2757
2744
2758
2759
3298
2746
2760
2747
2761
2748
2762
2749
2763
2750
2764
2751
2765
2752
2766
2753
2767
2754
2768
2755
2769
2756
2770
2757
2771
2758
2772
2759
2773
2774
6000
2761
2775
2762
2776
2763
2777
2764
2778
2765
2779
2766
2780
2767
2781
2768
2782
2769
2783
2770
2784
2771
2785
2772
2786
2773
2787
2774
2788
2789
6357
2776
2790
2777
2791
2778
2792
2779
2793
2780
2794
2781
2795
2782
2796
2783
2797
2784
2798
2785
2799
2786
2800
2787
2801
2788
2802
2789
2803
2804
3833
2791
2805
2792
2806
2793
2807
2794
2808
2795
2809
2796
2810
2797
2811
2798
2812
2799
2813
2800
2814
2801
2815
2802
2816
2803
2817
2804
2818
2819
6002
2806
2820
2807
2821
2808
2822
2809
2823
2810
2824
2811
2825
2812
2826
2813
2827
2814
2828
2815
2829
2816
2830
2817
2831
2818
2832
2819
2833
2834
3760
2821
2835
2822
2836
2823
2837
2824
2838
2825
2839
2826
2840
2827
2841
2828
2842
2829
2843
2830
2844
2831
2845
2832
2846
2833
2847
2834
2848
2849
4015
2836
2850
2837
2851
2838
2852
2839
2853
2840
2854
2841
2855
2842
2856
2843
2857
2844
2858
2845
2859
2846
2860
2847
2861
2848
2862
2849
2863
2864
5754
2851
2865
2852
2866
2853
2867
2854
2868
2855
2869
2856
2870
2857
2871
2858
2872
2859
2873
2860
2874
2861
2875
2862
2876
2863
2877
2864
2878
2879
6042
2866
2880
2867
2881
2868
2882
2869
2883
2870
2884
2871
2885
2872
2886
2873
2887
2874
2888
2875
2889
2876
2890
2877
2891
2878
2892
2879
2893
2894
6498
2881
2895
2882
2896
2883
2897
2884
2898
2885
2899
2886
2900
2887
2901
2888
2902
2889
2903
2890
2904
2891
2905
2892
2906
2893
2907
2894
2908
2909
6129
2896
2910
2897
2911
2898
2912
2899
2913
2900
2914
2901
2915
2902
2916
2903
2917
2904
2918
2905
2919
2906
2920
2907
2921
2908
2922
2909
2923
2924
3860
2911
2925
2912
2926
2913
2927
2914
2928
2915
2929
2916
2930
2917
2931
2918
2932
2919
2933
2920
2934
2921
2935
2922
2936
2923
2937
2924
2938
2939
3411
2926
2940
2927
2941
2928
2942
2929
2943
2930
2944
2931
2945
2932
2946
2933
2947
2934
2948
2935
2949
2936
2950
2937
2951
2938
2952
2939
2953
2954
5523
2941
2955
2942
2956
2943
2957
2944
2958
2945
2959
2946
2960
2947
2961
2948
2962
2949
2963
2950
2964
2951
2965
2952
2966
2953
2967
2954
2968
2969
5934
2956
2970
2957
2971
2958
2972
2959
2973
2960
2974
2961
2975
2962
2976
2963
2977
2964
2978
2965
2979
2966
2980
2967
2981
2968
2982
2969
2983
2984
4490
2971
2985
2972
2986
2973
2987
2974
2988
2975
2989
2976
2990
2977
2991
2978
2992
2979
2993
2980
2994
2981
2995
2982
2996
2983
2997
2984
2998
2999
5531
2986
3000
2987
3001
2988
3002
2989
3003
2990
3004
2991
3005
2992
3006
2993
3007
2994
3008
2995
3009
2996
3010
2997
3011
2998
3012
2999
3013
3014
5490
3001
3015
3002
3016
3003
3017
3004
3018
3005
3019
3006
3020
3007
3021
3008
3022
3009
3023
3010
3024
3011
3025
3012
3026
3013
3027
3014
3028
3029
6722
3016
3030
3017
3031
3018
3032
3019
3033
3020
3034
3021
3035
3022
3036
3023
3037
3024
3038
3025
3039
3026
3040
3027
3041
3028
3042
3029
3043
3044
4854
3031
3045
3032
3046
3033
3047
3034
3048
3035
3049
3036
3050
3037
3051
3038
3052
3039
3053
3040
3054
3041
3055
3042
3056
3043
3057
3044
3058
3059
6822
3046
3060
3047
3061
3048
3062
3049
3063
3050
3064
3051
3065
3052
3066
3053
3067
3054
3068
3055
3069
3056
3070
3057
3071
3058
3072
3059
3073
3074
5952
3061
3075
3062
3076
3063
3077
3064
3078
3065
3079
3066
3080
3067
3081
3068
3082
3069
3083
3070
3084
3071
3085
3072
3086
3073
3087
3074
3088
3089
7645
3076
3077
3078
3079
3080
3081
3082
3083
3084
3085
3086
3087
3088
3089
3693
3716
5561
5593
6148
3546
3557
4049
4789
3672
4794
4970
6852
3622
5932
6023
6506
4093
5202
6832
7652
3722
5379
5753
5786
3723
5380
5754
5787
4211
7086
7232
7653
3951
5263
5590
6135
6386
6639
6938
7810
4498
4937
5975
6893
3248
3937
4201
5279
3111
3306
3711
3728
3656
3683
6451
7564
3826
4459
6628
7572
3827
4460
6629
7573
3179
5143
5492
6016
3840
4979
5463
5671
3189
3641
6990
7742
3192
3644
6991
7743
3937
4600
5279
6312
4330
5735
6889
3988
5907
6975
3428
3998
4948
7571
4719
5344
5771
5797
4217
4409
7343
7489
3208
3345
3618
6569
3895
5143
5148
5390
3193
3391
4808
5088
3273
3415
3718
6190
4162
6034
6503
3288
3535
5184
6392
3289
3536
5185
6393
4339
4985
6327
6999
4247
5082
5276
6367
3177
3560
7673
7906
5455
6159
6476
3224
3730
4620
6028
3223
3731
4619
6443
3173
4095
6962
7916
5284
6130
6588
7900
5285
6131
6589
7901
6540
6587
6648
7561
3402
3567
4158
4365
5508
6085
6105
6739
3322
4496
5209
5570
3373
5019
7176
7870
3431
4171
7173
7882
3682
3750
5401
7623
4391
5498
6020
6800
4782
5182
6966
7868
4783
5183
6967
7869
3548
4067
4495
6489
4018
5317
6610
6789
3259
3451
3588
4386
3231
4962
5036
5082
4354
5257
6417
7344
3169
3458
3744
4503
3219
3238
6458
7362
3677
3982
5050
5579
4230
4491
5396
7212
3280
3665
3747
3824
3391
3807
5100
3353
3583
4822
6939
3270
4625
5058
6353
3637
4051
6078
6946
3638
4052
6079
6947
3188
4054
4904
6132
3524
3604
4412
5866
3503
6036
6931
7093
4727
5722
6867
4728
5723
6868
3201
3595
4080
4103
4013
4307
4877
7600
3975
4218
7076
7164
3308
3535
6795
7296
3309
3536
6602
7297
3242
4723
5681
7620
3608
3881
7552
7821
3249
4926
7179
3719
3885
6062
3720
3886
6063
3989
4007
5199
5347
3605
6979
7862
3580
3721
3951
7356
3447
4795
5830
6224
3448
4796
5831
6225
3611
3997
4589
3848
4062
4107
7880
5148
5834
6215
5144
5149
5615
5835
3791
5401
5456
6369
6121
6296
7083
7384
3668
5596
7839
5688
6060
6279
7802
5689
6061
6308
7803
4041
5100
6738
3419
4045
5474
5672
4752
5230
7444
4644
4813
6431
3387
3585
6016
7751
3225
3388
4841
6017
4649
4814
6432
4349
4489
4910
3247
3484
5445
5560
4626
6655
7255
7739
3585
5492
6016
7236
4604
6407
6804
4605
6408
6805
4018
4413
5317
7149
3969
4542
6115
6457
4060
4417
5025
3858
5517
6135
6496
3412
3573
6988
7332
3240
4458
4851
5774
3310
4689
5669
7061
3592
4192
6066
6811
4161
5440
6187
7459
3413
5023
6569
3782
4882
5087
3296
7760
7818
7933
6252
6719
7374
7674
4748
5847
7109
7430
4749
5848
7110
7591
3246
4860
5357
7992
3618
5208
6569
6579
3387
4609
6926
7261
3388
4610
6927
7020
5838
6301
6812
7926
5189
5297
6458
3629
4709
5679
6586
3630
4710
5680
6587
3451
3477
4386
6370
3731
5363
7069
3730
5362
6664
3586
4267
4348
3336
3820
5618
5677
3337
3821
5619
5678
3571
3947
6247
7227
3572
3948
6248
7228
3793
5697
6403
6465
3548
4541
7619
3617
4776
6524
6578
3973
4785
5740
6824
5002
5010
5352
6701
5003
5011
5353
6702
3907
4019
7022
7279
3908
4020
7023
7280
3491
6853
7914
3416
4399
4863
6622
4730
4820
6198
6068
6223
6982
7622
3307
7096
7620
3989
4463
5212
5347
3570
5973
7678
7849
5981
6073
7088
7421
3913
4088
7463
3252
5794
6185
6613
7365
7698
3458
3946
7259
3798
5034
6801
7606
5983
7747
7835
7879
3540
5264
6185
3425
3504
4769
3410
4344
6546
7524
3742
6071
6718
7378
3580
4421
5375
6318
3551
3944
5334
6256
4220
6113
6163
7908
4481
5690
5955
3843
4106
6231
6476
3698
4859
7993
3339
3715
5093
6643
3486
5023
5406
6520
4217
7489
7781
7927
3423
3825
4982
5917
3500
4995
5623
6504
4312
5154
7392
7541
3349
3539
3983
4979
5921
6794
7354
7470
3327
3429
3710
4177
5669
6008
6249
3837
4454
7534
7580
4240
5333
7626
3789
4362
5307
6051
4344
6524
6578
7482
3489
6263
6439
6965
3497
4387
4852
5138
3498
4388
4853
5139
3407
3746
3973
5335
3408
3974
5336
4025
4865
6923
7350
4364
4925
5415
6013
3649
3876
4121
5489
3648
3735
4122
5488
4887
5736
6222
7562
6115
6457
6896
7540
4761
5514
7608
7827
5213
5588
6151
5214
5589
6152
3333
3729
3982
7655
3433
3497
5624
6014
3498
4237
5625
6015
3597
5250
6183
6798
3596
5251
6184
6797
3428
3557
3805
3998
3950
4180
6690
5529
5613
5999
5530
5614
6000
3588
4317
4375
5776
4735
6558
6715
7171
3829
4008
6444
6886
4857
4902
5060
5269
4858
4903
5095
5566
4939
6184
7100
7174
4940
6183
7101
7175
5870
6466
6889
4439
5023
6854
3853
6026
6528
3854
6027
6529
4157
7484
7811
7367
7861
7934
7965
4650
4717
4824
6628
4632
5562
6038
7389
4633
5563
6039
7390
3424
4479
4562
5963
3874
4345
4878
6912
3875
4346
4879
5860
3716
6311
6857
7659
3361
4898
4952
5044
4419
5758
5844
7687
4420
5759
5845
7688
3687
5103
7912
3450
3599
3924
7127
3440
5298
5868
7721
3441
5299
5869
7722
3413
3439
4439
7551
4123
4211
4625
3993
5109
6771
7090
3994
5110
6928
7091
3738
4303
5289
7509
3844
4959
6019
6058
4541
6174
7016
7619
3795
3870
7462
3673
5580
6304
7854
3753
3939
4006
7651
4604
5239
5856
4605
5240
5857
4537
4972
5628
6147
4060
4417
5020
3362
3381
3530
4740
3363
3382
3531
4741
3474
3659
4535
6604
3774
4622
4882
6089
4054
4714
5029
7551
3413
3439
4033
3946
5081
7928
7965
3659
4577
5989
6726
4900
6744
6978
7322
4463
5347
5356
4209
5709
7519
7964
3727
3842
4369
4667
3747
3823
5654
5850
4828
7625
7778
3422
6059
6231
6725
3617
4615
4776
5178
4325
4839
5445
6734
4792
5310
5977
4366
5284
6130
7111
4367
5285
6131
7112
3515
3968
5215
6324
5044
5533
7361
3872
4431
5884
3873
4432
5885
4463
4788
5356
7598
3476
5095
5638
7106
4946
5873
7160
3481
4193
4703
6959
4860
6492
6495
7992
3518
3689
5548
5710
4653
4861
5798
7836
3394
4535
6339
7370
4646
4842
5637
5687
3374
7040
7870
4584
5027
6675
3960
4216
4430
4624
4049
5199
5671
6730
4131
4782
7056
7602
4132
4783
7057
7603
5103
6177
6914
7912
3697
3852
4937
5462
3530
5713
5910
3531
5714
5911
4387
4852
5448
6076
4388
4853
5449
6077
4471
4866
7937
3927
4273
6280
7065
3472
7019
3473
4348
5109
5130
5434
7090
5110
5131
5435
7091
3807
4258
3727
3891
4941
7153
3512
3670
3784
5079
3395
6934
7129
4381
6339
7427
4037
4186
4793
7727
3695
4607
6666
7624
3707
3718
4440
6382
5272
5729
6786
7554
4716
5730
6006
6787
4784
4872
7738
5818
7861
7934
3657
4912
7261
7951
3658
4913
6603
7406
6561
7312
7702
7895
6562
7313
7704
7896
3466
3780
4320
3467
3781
4321
3859
4194
5522
4621
6752
7485
3860
4195
5523
4412
4876
6923
4439
3518
3678
4769
5548
4240
6036
6260
4843
4922
7219
3600
4287
5024
5314
3478
3555
4115
6969
5403
6191
6290
4914
6010
6122
7574
4915
6011
6123
7575
5720
6175
6231
3505
5073
6246
3654
4140
6107
3475
5548
5744
5388
6080
6898
5389
6081
6899
4787
7010
5058
6348
7081
4222
4863
5882
7915
3462
7113
7882
4481
5690
5743
7139
3899
4398
6421
4288
4762
6605
7498
4299
5108
6420
7806
5116
5304
7116
7699
5117
5305
7117
7700
3525
3549
4221
7067
4639
5029
5004
5274
7721
5005
5275
7722
4609
5584
5586
6926
4610
5587
6916
6927
4307
4329
4891
4960
3529
3738
5289
7485
4021
4636
6170
6634
5077
6713
6765
5078
6714
6766
6286
6302
7486
7723
3547
4934
7755
4022
5374
5049
5684
6112
7553
3641
5304
6990
7116
3644
5305
6991
7117
3746
3822
4497
5335
3753
3802
4525
6545
3989
4007
6037
6595
5081
6428
4009
4217
4466
7621
5077
6026
6372
6713
5078
6027
6373
6714
4171
5189
5297
3911
6064
6601
3912
6065
6602
3969
5580
6638
6806
5184
5213
5335
5185
5214
5336
3523
5174
5217
5932
5350
5978
6838
7001
4475
4598
5010
6331
4476
4599
5011
6332
4609
5822
7751
4610
4841
5823
3683
4170
4174
3677
3982
5744
4602
5997
6970
5145
6370
7386
4567
5150
6120
3532
3600
4287
6323
4288
4762
5442
7805
3485
6205
6875
5258
6258
7130
3583
3631
4231
4822
4332
6276
7194
4144
5905
6884
5416
6666
6717
5877
5880
6774
7669
3714
4729
4840
5227
3901
6814
7540
4044
5334
5941
6256
5189
5913
6853
3664
3746
4785
5450
4810
6088
6485
7594
3662
5128
5315
6322
3505
5357
6246
7992
3813
3898
4495
7248
4256
6688
4257
6689
5922
5946
6781
7680
3765
4040
5623
3880
4312
5253
7541
3512
5079
5503
6984
6036
6499
7073
5744
7205
3825
6303
4621
6311
7385
7524
5202
5337
6832
7639
3702
4114
6154
6951
3537
3615
5591
6986
3538
3616
4372
5592
5018
5602
6981
7016
3739
5520
4356
4566
5528
5947
3699
3913
4088
5652
4000
7329
7411
3532
5204
6023
6539
3589
7290
7641
7758
3811
5710
4318
5015
5763
7634
4319
5016
5764
7635
4131
4954
5956
7602
4132
4955
5957
7603
4738
5708
3581
3890
3987
3549
4003
7752
4222
5238
5802
6644
3646
3660
6736
7504
3647
3661
6737
7505
4829
7318
7391
4431
6680
4432
6681
3812
7254
5494
5804
5945
6778
4482
4591
4956
5487
5653
6528
5654
6529
4609
5586
5822
4610
5587
5823
3984
5356
7773
5716
6596
7729
3905
4486
5177
7784
3748
4431
4512
7692
3749
4432
4513
7693
3715
4579
6244
7050
4047
4572
5072
6309
3840
4834
5671
4434
4622
6145
5036
6482
4846
5469
5974
6460
6954
7180
4422
5009
5194
5221
6550
6993
7245
5512
5649
6728
7158
5513
5650
6729
7159
3757
6525
7878
3972
4054
4714
6802
4371
4834
4104
5688
6060
6459
4105
4645
6061
6712
3611
4120
4726
4002
5042
5673
7825
5052
5594
6910
5053
5595
6911
3942
4092
5261
6540
4302
5083
7258
7373
4101
4692
6455
7907
5103
5570
5818
5352
6047
6140
6590
5353
6048
6141
6591
6265
6724
7849
3574
4506
6673
3575
4507
6674
3987
4412
5528
3947
4112
4149
3948
4113
4150
4892
6391
6985
7883
3940
6375
6997
7249
4857
6288
6969
7316
4858
6584
7464
7561
3977
5367
3987
4330
5735
3844
4883
6058
6684
4828
6663
4091
5290
5502
7963
4347
7281
6017
7237
7282
4217
4409
4466
7410
5690
7615
4406
4949
6727
4478
5874
6848
7265
4961
6400
7327
7417
4078
6958
7307
3653
5661
7351
7601
4072
4188
5942
7188
4103
4417
5280
4334
5097
5251
4335
5098
5250
4405
4722
4981
7979
4263
4487
7764
4116
4360
3845
4959
6019
6856
4166
5325
5918
6543
4167
5326
5919
6544
3890
6310
6829
4134
7862
7916
4210
4536
5360
6973
4182
5948
6466
6617
3612
6007
7552
4270
4985
6314
6999
4043
4971
7051
7154
5501
5994
5044
5533
6880
4616
5281
7005
7535
4042
6905
7168
7197
5822
5834
6266
5823
5835
6267
4098
7345
4033
6477
5984
6445
6917
7432
5985
6446
6918
7433
4663
4818
5860
6760
4502
6297
4611
5832
5936
6820
6298
7089
7201
7841
3962
4650
4745
5635
3963
4651
4746
5636
6085
6105
6467
6630
4360
5220
5716
6532
4297
6541
7556
4298
6542
7557
3850
4443
6663
6298
6374
7276
7841
4351
4421
5125
6318
4920
5793
6340
7148
4716
4932
5144
6787
3889
4189
5070
7532
3691
4223
4234
3692
4224
4235
3988
5542
7323
7595
4117
4323
4907
4947
4813
5233
5120
7043
7449
5119
7044
7448
4814
7340
3734
4664
6886
7347
4697
4742
6530
4698
4743
6531
3866
4334
4996
3865
4335
4997
6652
6655
6942
7739
4484
4692
5415
7243
3801
5206
5951
6434
6863
7607
7975
4479
5342
5971
4103
4272
5074
5968
4155
4559
4648
4780
5886
7019
4781
5887
7020
4251
7672
3785
4266
6530
3786
4267
6531
3852
6869
7330
3980
4521
5821
7394
3775
5160
5450
3776
5161
5451
4137
4452
5402
7098
4056
4626
6354
7357
3941
4038
5746
3980
4521
5812
6230
5520
6136
6953
4265
6257
6720
7292
5179
5195
5817
7161
7854
7883
4532
5076
7210
7913
4906
5349
6037
7917
4862
6265
6762
7879
3689
5548
3811
4769
5137
5077
6253
6337
6949
5078
6254
6338
6950
3922
5725
5867
6780
3791
5208
6579
4358
7672
4877
4942
6409
7600
3825
4999
5617
6303
4524
4665
5235
7592
4023
4324
5209
4201
4674
5089
5647
6085
6630
4383
5032
5599
6052
4234
5471
5956
4235
5472
5957
4797
6326
7645
4003
4583
4833
4855
3791
4092
5456
4395
4615
5085
5178
4012
5462
7793
5141
6348
4049
6730
7917
5219
5338
5587
6916
3920
4271
4770
7985
4192
6124
7231
3790
6328
6500
7168
4051
4074
6946
7544
4052
4086
6947
7542
3794
4455
5320
6227
3806
4425
6968
4171
4562
5297
5963
3735
4003
4563
4855
4063
6355
7081
3779
4330
5287
4453
5657
6655
6942
4703
5090
7523
7770
3814
4143
7314
3893
5986
4280
7385
4000
4734
5310
7757
4425
6260
4414
6695
7944
4415
6696
7945
3977
5737
5874
5002
6045
6118
5003
6046
6119
5061
6346
6790
7592
4550
4742
4767
6530
4551
4743
4768
6531
6155
6376
3779
6466
6617
3795
4655
6809
4394
4896
4393
4895
3741
7268
7476
7849
4365
7931
7934
7950
4751
6481
7911
3743
6963
3966
5738
5814
7396
3967
5739
5813
7397
7318
7461
5503
5510
6522
5246
5405
5482
7604
6904
6983
7678
5783
6718
6847
4122
4563
4978
4473
6362
6428
5330
5858
7184
7455
3775
3776
5336
5116
5304
5884
5117
5305
5885
4134
7497
7916
5762
5948
6387
6595
4573
5055
5951
7817
4269
7583
5853
6575
7077
7637
5854
6576
7078
7638
4101
5770
5870
6330
4447
6288
6969
4892
5399
6391
6611
4014
4475
6001
4015
4476
6002
4827
5115
5172
7764
4081
4654
6235
4400
4677
5704
4401
4678
5705
3850
4443
4995
4055
4209
5479
7546
4387
4950
5448
7900
4388
4951
5449
7901
4218
5086
5756
7164
4643
4720
5872
7030
4377
4674
5400
6324
4368
5012
5370
6785
5279
6656
7815
5303
6050
7755
3822
5069
3823
5070
4337
4632
6563
7389
4338
4633
6564
7390
3931
7569
4745
5213
5635
4746
5214
5636
4191
6075
3950
5056
6162
7608
4406
4949
6136
4780
5886
7504
4781
5887
7505
4465
4864
7146
7865
4081
6089
7291
7897
4830
4947
5436
5806
7197
7399
4607
4179
4259
4276
4721
4411
5554
7015
4279
4930
6852
4012
5076
3932
4282
6680
7692
3933
4283
6681
7693
6480
7040
7302
4467
4868
7207
7866
3861
4878
5458
6912
4111
4764
6790
5096
7124
7583
3872
5884
5984
6990
3873
5885
5985
6991
3857
4787
4834
6025
7325
7565
6127
4001
4033
4639
7486
3966
4326
5738
3967
4327
5739
3879
6872
4948
5204
6323
4190
5247
7009
5227
6904
6983
6796
6964
7506
7579
5631
6023
6297
6539
6088
6213
7594
7628
5105
5244
6804
7135
5106
5245
5423
6805
4835
5186
5856
4836
5187
5857
6623
6661
6624
6662
3974
4786
5451
4999
3917
4109
4679
3918
4110
4680
3909
4102
5384
6600
6665
6716
7891
4854
5226
6241
6822
4284
5546
5826
7193
4598
6001
6356
4599
6002
6357
4802
6448
6699
6835
4803
6449
6700
6836
4660
4927
5170
7006
4670
4874
7530
5726
7234
7274
7699
5727
7235
7275
7700
5840
7072
5440
6180
6335
6777
4136
6376
6568
3990
4286
6705
6724
7852
6307
7507
7527
5904
5974
6460
6961
4053
4212
5236
7244
4107
6363
6829
4477
4729
4840
5188
4231
6033
4328
4672
5442
5495
6869
7793
3911
6253
6795
3912
6254
6602
3926
5772
6502
7514
4354
5599
6052
6880
4016
5840
7055
4125
6371
7807
6128
6772
6129
6773
5576
7403
7859
5459
5577
7470
7860
4094
6343
7478
7851
4510
5059
6259
7768
5250
5489
5801
5251
5488
5800
4901
6207
6748
7910
4165
6221
6848
7265
4142
4454
4975
5790
4532
5051
5076
4509
5359
7533
7648
4740
5984
4741
5985
4554
4668
5152
4555
4669
5153
3959
4121
7021
4142
4454
5664
6433
4520
5280
7421
7710
4859
5137
6353
4025
5253
6923
5409
7355
7948
6003
6405
7774
6004
6055
6406
4614
4724
5780
6035
4414
6742
4415
6743
4056
4169
4181
7357
4188
5160
7188
7528
5161
7122
7189
5735
6296
4983
6155
7978
4703
4938
5090
6959
4228
4671
5093
4196
4207
5433
7170
4657
6824
7554
4395
5688
6459
7789
4477
5689
6712
7824
4558
4699
5532
4545
5901
6398
4441
4546
5902
6399
6439
6747
6896
4264
5398
5552
4282
4592
5505
6736
4283
4593
5506
6737
4126
6125
6857
4047
5072
6521
7191
4194
5545
7312
4195
5549
7313
4205
4763
7773
5773
5809
6511
6891
6101
6102
5222
5357
3919
6176
7413
7585
4485
4569
5127
7791
5307
5436
5924
6551
5534
6977
7572
5535
6978
7322
3959
5837
7021
4376
4561
7349
4008
4013
4307
4960
4051
4074
4993
4044
4052
4086
4994
5303
7127
7755
4331
4721
6545
7202
5221
7245
7358
3992
4350
4921
4359
4861
7567
7784
6282
6669
7198
7702
6283
6670
7199
7704
4666
5248
6617
4010
4199
7262
4011
4200
7263
5328
6583
6849
7255
3949
4664
5836
7347
3988
5444
5907
7323
5089
6522
4179
5396
5527
6582
5717
5783
6847
4799
5804
5945
7697
7701
7839
5748
6584
7464
4408
4937
5462
5781
4352
4422
4516
3990
4640
5158
7682
5623
6846
4075
4456
4076
4457
4013
4165
7600
5056
7818
5367
7759
4111
4573
6756
7949
4644
5111
5306
6830
4649
5112
5309
6831
4185
6169
7318
7391
4697
5300
5505
7111
4698
5301
5506
7112
4557
5168
5441
6232
5080
7285
4230
5516
7212
4825
6629
6888
7573
4824
5361
6887
4448
4825
6888
4353
6385
6707
6960
4877
4891
6217
7712
4617
6559
4618
6560
4377
7230
7670
6395
7851
4057
4856
7344
7381
4178
4503
5012
5351
4676
5342
5971
4320
4785
4175
4321
5976
5995
7663
4248
6386
6639
7545
4421
6952
5047
6490
7150
5048
6491
7151
4039
4975
4656
6956
7053
7412
6809
3984
5463
7748
4246
7748
4600
6312
6738
6953
4140
5009
5194
5745
4229
4504
6160
5210
6705
5414
6807
7173
7542
4715
5358
7938
4238
6424
7379
6317
6425
7380
4114
6740
7041
7420
4682
4705
6099
6815
6954
7180
7689
4371
6842
6971
7289
7369
7548
6324
7935
4736
5064
5318
4438
5904
6460
5469
4306
4659
4965
7627
4147
4151
5253
5866
4269
5392
5783
5682
6730
4664
5502
4328
4672
6352
6580
6680
7037
6581
6681
7038
4655
7496
4664
5379
5753
5380
5754
4291
4702
4787
4906
5524
6037
6595
4434
6145
6282
7312
7702
6283
7313
7704
4034
4308
7058
5374
7386
7539
4505
5776
7070
4470
4850
7747
7835
4312
7350
4182
5248
6617
6929
4340
5071
6111
6464
4341
5094
6465
7537
4158
5500
5570
5937
4447
6288
7114
7182
4574
5239
5618
7799
4575
5240
5619
7800
4639
4688
6242
5226
5294
5341
6494
4255
5221
5695
6993
4612
5107
6028
4839
5596
5746
4082
5063
6071
4443
5108
7259
4258
5151
6024
4176
6905
7326
6146
7353
7403
5799
7186
6191
6817
7664
4998
5743
7350
7782
5292
5645
5249
5387
6718
6847
5652
5499
5880
7473
7563
4223
4224
4249
5021
5359
4239
4527
4724
5780
4801
4984
4889
5633
5929
4790
5121
6537
7310
4791
5697
6538
7311
4305
6643
4070
4641
4822
6939
7718
7836
7924
4211
7653
7845
4543
5567
6548
7064
4634
6138
6850
7687
4635
6139
6851
7688
4273
4699
6482
4455
4580
6227
7299
4438
5295
6220
7436
4573
4750
5055
4580
6070
7238
7798
5568
6839
7428
5569
6840
7189
7429
5867
6819
4530
5091
7277
4531
5092
7278
5022
5368
6344
6739
4701
6066
6195
5030
5136
5288
5791
5074
6291
6304
5087
6075
5292
5600
5645
4244
5642
6125
6190
4557
4560
5403
5441
5252
5543
6416
7726
5941
6807
5084
6639
7510
7810
5349
7917
4126
4244
5559
6125
4101
5173
6236
7384
4329
4960
6570
5748
7138
6250
6586
7114
4156
4294
6806
4208
4928
5894
5444
5907
6769
4571
5377
5378
6963
4615
4800
7789
4400
5704
7142
7558
4401
5705
7143
7559
5282
7489
7781
7937
4520
5383
5553
7735
5554
5641
7736
4152
5721
6725
4905
5574
4380
5086
7233
7812
4459
5915
6133
4460
5916
6134
4652
5951
4506
5629
6414
4507
5630
6415
4192
6740
4240
5150
7878
5525
6948
7954
4472
6965
7746
4958
5950
7348
7577
4957
5928
7333
7576
4869
5994
6263
4997
6158
4996
6157
4625
6467
6630
4725
6177
6914
7089
6135
6461
7987
5177
5785
4435
5676
7675
7929
5277
5385
5387
5483
5763
6580
7037
7634
5764
6581
7038
7635
4684
7056
4685
7057
4660
4935
7084
7441
5268
5401
4561
5049
5136
7776
4590
5609
6221
4363
4435
7675
4662
4817
5766
7250
4663
4818
5767
7118
4737
5745
4544
5404
5662
6518
5063
5634
4729
4911
7824
4562
6205
6884
4747
5944
6501
7886
6610
6789
7291
7897
4304
5417
6631
5167
6271
6359
7931
4456
6414
6486
4457
6415
6487
5417
6310
6363
5075
6705
6937
5095
5470
5566
5638
5302
5616
6961
7492
4923
6394
6757
4999
5617
6343
5724
6533
7166
5167
6770
4798
5593
6148
7705
5792
6865
7013
7447
5127
6925
7791
6475
6640
6660
5711
6686
6839
7762
5712
6422
6840
7763
4590
5836
4315
6448
6571
4316
6449
6572
4458
4851
5612
6094
4801
5479
7940
4358
5293
7308
5414
4553
5071
6464
7181
5017
5861
6723
7853
4535
5293
6607
4786
5391
5741
4870
7360
7782
4196
4384
4544
4461
5012
5843
5527
5925
4438
5295
7760
5479
5961
6710
6387
7837
4398
5620
5729
6688
5157
5621
5730
6689
4305
5068
6643
4219
4583
4612
4848
4926
6234
7400
7109
7531
5943
7110
7189
5331
6313
6960
4654
4336
5905
7676
7684
6086
6772
6087
6773
5433
6008
4706
4727
6566
6775
4707
4728
6567
6776
4282
5300
5505
4283
5301
5506
5400
7698
4556
5430
5715
7352
4323
4424
5056
5598
4630
4647
5536
6994
4788
6600
7598
6067
6697
7366
7968
4544
5662
7753
4736
6785
6962
4527
5961
5503
5504
6984
6467
5104
5571
7121
4714
5006
5782
5971
4255
5695
6758
6855
4368
5370
6302
6733
5516
6272
7827
5976
6054
4793
6676
7543
6977
7156
7572
4846
6124
6452
4259
5882
4993
6632
4994
6633
4250
4775
6117
6749
4748
4831
5052
4749
4832
5053
4579
4671
7424
5528
5947
6866
4624
6582
4750
4816
4969
5219
5707
6916
5429
6154
6951
7767
4954
6632
4955
6633
5661
6478
7321
7612
4441
5157
6689
6316
6771
7596
4904
5029
7723
7147
5234
5724
5790
6800
5190
5251
5362
5800
5191
5250
5363
5801
4425
6968
5024
6170
6532
6933
4763
7773
4962
5953
7765
5926
6997
7249
5236
7648
7923
5721
7165
7204
4577
6604
6838
5026
6262
6552
4693
5007
5649
6649
4694
5008
5650
6650
4274
5443
5138
5372
5987
5139
5373
5988
4910
5100
4922
5802
5385
5699
7366
7500
5773
6093
6511
7727
4935
6287
7107
4934
6818
7890
4515
6207
6748
5171
5908
6214
4347
4780
7281
4781
7282
4748
4831
7468
7590
5698
6545
4369
5132
7771
4561
5049
6112
4362
5265
5307
4350
6841
5443
5519
4948
5174
5204
7010
4843
4922
5527
4393
4895
6936
4394
4896
6935
4455
4842
5637
5561
5642
6857
4491
5396
5611
6334
4592
4593
4331
4823
7843
4378
5637
5789
7299
5210
6159
6476
6479
7254
6095
7805
5594
5655
5847
6881
5595
5656
5848
6882
4637
7658
4396
4732
5325
5918
4397
4733
5326
5919
5747
6218
6284
4885
5013
6047
7382
4886
5014
6048
7383
4709
5915
5979
4710
5916
5980
4539
5899
7962
5604
5795
6151
6657
5605
5796
6152
6658
4433
4761
6667
4953
7087
7461
5046
7402
7565
5025
5891
4480
5908
7292
4891
5024
5314
6170
5526
5567
7334
7838
4785
5450
6824
7554
4786
5451
6825
7555
4998
5284
5618
5677
6588
5285
5619
5678
6589
4426
5325
7294
4427
5326
7295
4870
5198
7070
4756
7341
7643
4757
7342
7644
5635
6782
5636
6783
4850
5464
5466
7689
4947
5436
4505
7725
7912
4332
5746
6441
4989
6062
4990
6063
5829
6261
5386
6931
6866
5925
7193
5445
7211
5330
5858
7002
7076
6299
7227
6300
7228
5316
6066
7231
4802
5691
6699
4803
5692
6700
6239
6327
7315
5121
6188
6537
5697
6465
6538
4613
6903
7657
7856
4995
5532
6280
6504
6546
6752
4554
5424
7525
4555
5425
7526
4780
7019
4781
7020
4570
5805
6212
4715
6482
4668
5152
5164
4669
5153
5165
5991
6271
6359
5124
5533
5792
7013
7377
7848
6292
6605
6615
4558
5532
6504
7958
4559
7412
4486
4623
7784
5024
7954
5211
5288
6156
4711
5074
6423
7213
7284
4838
5509
7398
5167
7931
4697
4742
6130
4698
4743
6131
5000
6573
6568
6999
4416
7414
7560
7647
4789
6469
5338
5587
5680
5837
6597
7425
7914
6597
7024
7425
7756
5198
5690
5743
7349
7471
7667
7045
7889
5684
6874
7553
4491
5926
7212
7304
5090
6273
7523
4682
4873
5118
7082
7087
7125
7461
5193
5268
5784
5669
6021
7061
5232
5464
6419
6934
6890
7615
4767
4768
5875
7051
7154
7695
5876
7052
7155
7696
4670
4671
7424
5360
6199
6973
7533
4594
5191
4595
5190
4615
7490
5311
5920
6902
5312
5921
6794
6688
6708
5775
6622
7219
5930
6835
5931
6836
4826
5211
6438
7446
5568
6483
6850
7428
5569
6484
6851
7429
4488
5972
6245
5151
6727
4557
6029
6232
7501
4655
6809
7031
4587
7047
5640
6188
6464
7014
4597
5408
5641
4876
5206
5207
6447
4908
6237
4909
6238
5366
5779
7679
5114
5429
6619
7000
7767
4727
6867
7744
4728
6868
7745
5164
5165
6820
5067
5410
6234
7844
5436
6162
6551
6190
6167
6966
7868
6168
6967
7869
5661
6478
6964
7351
4552
4683
6768
7864
4603
5826
6272
7692
7693
6162
6551
7258
6789
6861
5402
5556
5340
6454
7842
7986
4616
5752
6019
7535
7825
7096
5319
6260
6499
5157
6422
4810
5842
6295
6453
4539
5015
5484
7437
7634
5016
5485
7438
7635
4538
4606
4608
6411
6525
7582
4746
5607
6944
5062
5736
6222
5424
5534
6977
7525
5425
5535
6978
7526
6239
6327
6474
5912
6194
6462
4874
7299
5091
5540
5092
5541
4569
6100
5381
5643
5382
5644
4848
4928
6785
4662
5223
6759
7185
6784
5101
6606
6945
7612
6431
7033
7753
4672
7713
6432
7035
7768
4643
4720
4821
7465
4603
5546
6870
7683
5616
5974
6961
4570
5805
7857
4726
4907
7673
4503
5351
6362
4907
5295
5598
7436
5379
6118
5380
6119
4729
7511
4751
6481
7305
6692
7846
5846
7627
7970
5842
5938
4514
4661
5627
5475
5521
5933
6442
7203
7907
6329
6335
6685
6857
7659
5413
6892
7890
4660
7006
7084
5805
6727
7641
5491
5531
5934
7545
4552
5717
6645
6768
4690
5155
6669
7198
4691
5156
6670
7199
4699
7009
5570
5937
6173
5653
5849
6661
4656
5975
6956
5276
6367
6892
7890
5130
5851
5892
6678
5131
5852
5893
6679
4844
6506
5843
5163
6197
6975
6219
6336
7439
7946
7440
7947
4793
6511
6676
6891
5140
6973
7814
5551
7207
7238
4686
5611
7048
7795
5116
6682
6940
5117
6683
6941
4956
5601
7656
6289
6550
7245
5126
5799
6256
4651
4718
5741
7613
5937
6173
6437
7360
4755
6535
6924
7032
5968
6073
6249
7394
4860
5467
6013
6492
4613
5989
6726
7625
6301
7479
7801
5096
6347
7202
4924
5833
7636
7867
4661
7519
5464
5466
6934
7129
5728
5755
7089
7201
4957
5824
7576
4958
5825
7577
4753
5355
5839
6235
6389
5806
6385
6900
7187
6604
4576
5503
5510
5577
7354
7470
5515
5752
6684
5108
7962
5526
5567
5699
7500
4962
5639
4711
6638
6987
6117
6436
7977
6021
4706
5624
6775
4707
5625
6776
4715
5036
5651
6668
5388
5853
6080
7220
5389
5854
6081
7221
5138
5372
5966
5139
5373
5967
7376
7968
4638
4731
5640
6424
7379
6425
7380
6103
6368
7246
6290
7248
7772
4642
6906
6958
7184
7547
7667
7846
5469
7606
5355
5696
6258
6705
6937
7472
7682
6328
6615
7332
4945
5060
6512
4682
6419
7427
7796
5774
6685
6212
4612
5378
5683
5645
7300
7683
4641
5284
5618
7111
5285
5619
7112
5089
5360
5647
4606
5810
4938
6340
6959
7148
4974
6203
7097
7804
6601
6795
7007
7296
4847
5900
7321
7612
5378
7543
5027
5429
6619
4754
5508
6739
6920
5734
5973
7570
7678
4666
5248
7410
5061
5065
5235
7592
5232
5501
5803
6409
7600
4661
5487
7519
6940
7692
6941
7693
5120
6430
6936
5119
6429
6935
4658
4956
5487
6370
5408
5430
5923
5896
6001
5897
6002
5520
6522
4839
5267
5596
5032
5599
7106
5826
7885
5105
5856
5106
5857
5515
5989
4765
5208
5180
5742
6040
6317
6803
6928
6664
4828
6040
4963
5998
6374
6411
7005
4989
5629
7457
4990
5630
7458
4895
5438
4896
5439
6627
6754
6861
7755
7567
7587
7659
4823
6582
6872
6194
6354
4634
6138
6910
4635
6139
6911
4730
4988
5017
6647
7246
7352
7604
5392
5546
7681
7683
5875
7695
5876
7696
5655
7217
5656
7218
4919
6242
6741
4702
5708
5383
7364
7490
7694
5210
6189
6698
6756
7777
5760
7053
7412
6149
6198
4735
7742
5641
5923
7511
5049
5684
6285
5059
5482
7604
6757
6906
7426
4739
7743
4973
6782
4825
6783
6790
7303
7949
5798
5970
7568
6075
5462
7209
7308
5143
5492
6786
5145
6106
6319
5518
7264
5175
5780
4817
5859
5224
6200
5420
6301
7926
7301
7569
6155
6999
7315
5125
5859
5126
5860
5234
7646
7646
6378
5018
5021
5602
7960
6199
7045
5066
6611
7082
7243
5342
6609
6802
5888
6031
5889
6032
5434
5534
6133
5435
5535
6134
5470
5689
6308
7824
4705
6456
7514
7826
4954
5311
7017
4955
5312
7018
5084
6259
7510
5404
6021
6381
7536
6753
7058
5099
6072
6533
6830
6917
7521
6831
6918
7522
7398
7907
4914
6010
7028
4915
6011
7029
4898
5409
6534
7905
4747
5041
5658
7794
5505
5506
6841
5241
6555
7404
7783
4961
5672
6358
5217
7010
7684
4927
5322
6012
7595
5118
6507
5004
5274
5005
5275
5998
7450
7858
7974
5718
6250
5719
6251
5761
6051
5717
6864
7651
7989
5340
6074
6416
7986
5782
6482
6825
7555
4973
7104
7422
4825
6629
7423
5041
5658
7069
5168
6232
5925
7202
5062
5736
7706
5009
5832
6820
4963
7546
5339
5486
7841
6263
7673
7873
7874
4851
5861
5216
7181
7364
5311
6167
7056
5312
6168
7057
4827
5172
7329
4864
6715
5370
6862
4890
5194
6107
4844
6506
4868
6252
6719
5713
7432
5714
7433
4950
4951
5147
5751
5890
6509
6746
6510
6100
7538
5345
5346
6165
4822
7269
5201
7163
4805
4904
5033
5051
5696
5308
6694
7031
5927
7085
7133
5015
5529
6043
5016
5530
6044
5412
5688
6279
7789
6485
6612
7491
7750
5409
6333
7905
7948
5514
6162
5140
6527
5384
5511
7479
7801
5208
5416
6666
5475
5521
5877
6189
4950
5138
4951
5139
5238
5882
6112
5567
5862
6548
7838
4804
5374
6453
7539
5109
5424
5434
5534
5110
5425
5435
5535
6436
7054
7518
5646
6517
5654
5850
7008
7297
5013
5713
6047
6590
5014
5714
6048
6591
7102
7685
7103
7686
5720
6175
6825
7010
5356
7773
5583
5652
7234
7274
7981
4943
7235
7275
5205
6837
6511
4842
5687
5817
5388
5853
6097
5389
5854
6098
5179
6034
5333
6137
7952
4849
5042
6375
7345
7416
7850
4984
5225
6543
7665
6544
7666
4942
5407
7581
5230
7529
7819
5037
5298
5448
6076
5038
5299
5449
6077
5088
6212
5210
6159
6698
5938
7750
5015
5244
6043
7437
5016
5245
6044
7438
5233
6828
6834
7288
5302
5616
6762
7879
4921
6033
7269
5458
6912
5459
6913
5491
5531
5946
6274
5237
5774
5898
5168
6440
6878
5826
7843
5169
6887
4884
6438
6640
5413
7460
7856
6244
7050
7485
5550
5959
6051
6003
6004
7167
5329
7543
7752
5840
5047
6407
5048
6408
5443
6758
6873
4906
5282
5524
4919
5608
7481
5615
5835
6852
5507
7795
5066
5467
6013
6611
6480
7302
5501
6270
6606
5067
5843
5042
5945
7492
5974
7180
4988
6014
6076
6015
6077
6722
6822
5378
6963
5257
6307
7507
6120
7418
6970
7419
5141
5855
7225
6401
7924
5001
5142
5983
4922
7915
6431
7171
6988
7168
7326
5384
7937
5068
6379
6767
7633
6432
7866
6439
7306
7790
5198
6009
5750
6585
7115
7797
5552
5962
5176
6339
6607
5234
5790
5663
5807
5976
6054
5253
5866
4897
7525
7859
6913
7526
7860
5007
5649
6728
5008
5650
6729
6050
5001
5142
5422
5211
6503
5270
5452
6350
5271
5453
6351
4981
5575
6182
7703
7758
7781
7927
5958
7169
7192
5334
5749
5941
5555
5327
5467
5880
6561
6774
7732
5438
5658
7068
7794
4942
5407
7712
5281
7821
5922
6562
6781
7733
6114
6164
7157
5437
6030
7518
5134
7108
7418
5135
5262
7443
5033
5417
6363
6972
5509
5598
6695
6921
7868
6696
6922
7869
5151
6727
5958
7169
7314
5726
5886
7234
5727
5887
7235
7150
7918
7151
7919
6740
7002
7076
7420
5060
5269
5412
6279
5626
6091
6793
5267
6734
5342
6609
6692
5358
7065
6451
7777
7778
5259
6711
7967
5509
7225
7463
5843
7734
5175
7323
5067
6785
5319
5364
6217
6612
4931
5320
7200
4970
6852
7690
5149
5391
7671
5561
5642
6190
7626
6145
7586
7904
7920
5073
5525
6565
6948
6956
7903
7957
5431
5814
7396
5432
5813
7397
5263
6376
7039
7863
5697
6403
7982
5118
5975
6507
6893
5150
6137
7147
6201
6526
7746
7571
6261
7290
6130
6131
5281
6856
7361
5970
6401
7509
5665
5666
6049
5054
6894
5057
6895
7527
7852
5502
6066
6400
5639
7520
7974
5757
6329
6335
6793
5171
5908
6813
5763
6140
6580
6590
5764
6141
6581
6591
5134
5218
7108
7714
5135
7715
7803
5195
5348
5576
5964
7272
5577
5965
7273
5740
7813
6752
7050
7482
5063
5821
5130
6678
6843
7090
5131
6679
6844
7091
5034
6157
7606
5199
5347
5073
6246
6469
6565
5736
6706
4987
5394
6596
5544
6745
7493
5230
5328
5402
5556
5082
5276
5651
6980
4999
5411
6343
6094
7024
7457
7944
7458
7945
5381
7422
7556
7875
5382
7423
7557
7876
5446
6780
5447
7186
5969
5939
6299
5940
6300
5154
5743
5012
5351
6142
5350
5978
5270
5452
5271
5453
5624
5868
5625
5869
5681
5745
7691
6876
6877
5681
6056
6118
6057
6119
6445
7432
6446
7433
5861
6275
6278
7670
5162
6371
6675
5093
5114
7530
5104
5359
5397
6105
7584
5416
6291
7286
6091
6413
6480
7040
5375
5517
5867
6496
7694
5147
5751
7667
5339
7276
7841
7855
5193
5997
6286
7723
6620
7333
5585
5841
7331
7668
5082
6010
6649
7833
6011
6650
7834
5661
6349
7321
7601
5638
5929
6417
7106
5045
7538
5904
5575
5927
6201
7133
7821
5797
7425
7756
5417
5559
6972
5186
5187
5308
5508
6085
7462
5345
5346
5928
7319
7387
7269
7578
6690
5950
7320
7408
5141
6348
5536
7515
6120
5128
5315
6287
5292
6477
6862
7497
5128
5610
7210
5415
7243
5894
5891
6169
5160
6623
7531
5161
6624
6381
7536
5369
7373
5917
5761
5313
5721
7204
7496
6337
6338
5829
6261
5837
6853
7914
7367
7965
5981
6521
7088
5611
6334
5200
7364
7490
6320
7026
6075
6089
6127
5510
7903
5471
5824
5472
5825
7646
5246
6153
7317
6970
6204
7377
6184
6673
7100
6183
6674
7101
5731
5821
7394
5368
6344
6478
5597
6812
7130
7926
5818
5602
6614
5239
7337
5240
7338
5439
6028
7727
6255
7379
7380
5984
6917
7742
5985
6918
7743
6143
6463
6665
7963
5280
7534
5172
5283
5977
7708
7709
5176
6935
6936
6402
7981
5323
6180
6197
6845
5181
5258
5420
5610
5599
6417
7106
5659
6759
5660
6760
5237
5774
7330
6285
6438
6475
6640
7893
7894
6226
6568
7787
5339
5351
6362
7855
5218
7442
5219
7640
7446
7667
5855
5504
7814
6353
6265
6724
5148
5149
6388
7034
7980
5460
5875
7079
7154
5890
7471
7407
6216
7147
6136
6316
6424
5936
6425
7139
7392
5306
5581
6830
5309
5582
6831
6709
5499
5877
6189
5602
6174
6614
7016
7266
7267
5517
6819
7176
6860
6975
5935
6952
5936
6820
5296
5395
6290
7501
6359
7241
6628
7156
7572
5395
6012
7597
5493
7393
5310
5870
6121
6889
5217
7049
5444
7441
5975
7209
6792
7829
5200
6517
5195
6660
5421
6411
7005
5355
5610
7210
5863
6695
7685
5864
6696
7686
5335
5653
5336
5654
5677
7918
5678
7919
5608
5923
7511
7113
6429
6797
6430
6798
6096
7124
7583
7930
5784
7508
5334
6326
5553
7549
7630
7735
5554
5670
7015
7736
7782
5671
6277
7488
6505
7260
7911
5679
6586
5680
6587
6648
6833
7049
6837
7815
5511
6434
5317
5511
7614
6173
7070
6160
6784
7837
6509
6510
5953
7230
7411
7145
7484
7811
5708
6915
7639
7640
5815
7881
7954
6502
5583
5652
5768
5446
5665
5766
5447
5666
5767
5230
7529
7940
5294
7724
6206
7785
5496
7142
7371
7558
5497
7143
7372
7559
5742
5777
5899
7368
5803
6270
7287
7339
6800
5420
5610
6240
7923
6281
6925
6181
7985
7716
7717
7000
7003
7767
5562
6396
6553
7079
5563
6397
6554
7080
7135
7337
7136
7338
6153
7537
6960
7248
7816
7047
6067
6645
7968
6456
6989
7826
6784
7047
7343
7598
6208
6625
7590
7830
6165
6209
6626
7831
5533
7361
6258
6365
6435
7867
7959
5718
6250
7114
7137
5719
6251
7138
5566
6308
7803
7153
7759
5686
6532
6933
5924
5968
6871
6022
7213
7675
7929
6242
6052
7862
6279
7108
5572
6045
5573
6046
6005
7242
7452
6006
7122
7555
7763
6566
7011
6567
7012
7932
5812
6008
6249
5558
6410
6426
7472
6613
7710
6534
5770
7398
5303
7127
7632
5331
6174
6313
6614
6637
6866
7569
6156
7446
6627
7587
5354
5788
7582
5519
6092
6993
5634
7209
7308
6274
6722
6690
6191
7597
7664
6884
5512
6649
5513
6650
7195
7262
7196
7263
5973
7492
5808
5884
5885
5879
6715
5924
5508
5579
5881
6719
7365
6082
6083
6126
6653
6937
6479
7058
6322
6346
5343
6400
7395
5838
5370
6302
7486
5364
6382
5321
6110
6084
7200
7828
6547
6996
7459
5542
5778
6187
5750
6672
7115
6167
6168
5467
5622
6492
6354
7444
5343
7395
7543
6366
7164
7009
7162
5914
6115
6395
7761
6148
7147
5584
5586
5679
6833
7640
5473
7737
7983
5946
6274
6468
6676
7611
5363
5771
7069
5594
5847
5595
5848
6241
6326
7690
5509
7463
5983
6755
5452
6701
5453
6702
6463
7182
7963
5696
5768
7269
7578
7960
5647
6116
6746
7887
5683
5800
5801
5555
7063
5944
6329
6685
7886
5995
7560
7663
6135
6496
6599
6945
5457
6309
6667
5539
6456
6502
7514
7215
7822
7216
7823
5955
5725
6496
5489
5771
5801
7585
5488
5683
5800
6118
6119
5643
5915
5644
5916
5640
6459
5483
6067
5555
7063
7073
5812
6067
6097
6098
6824
7407
7813
6825
7105
5698
7840
5478
5890
7471
5815
5917
7881
6012
7617
5507
6105
6467
7232
6092
6550
6767
7633
7925
7698
7935
5784
6327
6195
6958
7287
7536
5578
7288
7537
6516
6520
6854
5949
6295
6465
7317
7821
5894
6821
7844
6596
7224
7729
6512
7850
6892
7764
5606
5963
7398
6569
5706
6858
6915
6926
5707
6859
6916
6927
6365
5742
5777
6534
5515
5978
6684
6805
7136
7495
7379
7380
5521
6189
6698
5711
6398
6483
7873
5712
6399
6484
7874
6452
6418
7317
7100
7439
7946
7101
7440
7947
5483
5699
7893
7894
6207
7190
7358
6443
6810
5778
7791
7241
7547
5495
6378
7441
5794
6632
7185
6200
6633
7833
7834
7452
7267
6047
6048
6161
6747
7607
7902
5703
6476
5748
6369
6321
6519
6870
7250
7469
6913
7251
5964
6943
7887
5965
6473
7155
7888
7072
7453
5803
5928
6171
6801
7333
7004
7747
5475
5933
6086
7445
7302
5958
7192
5540
6078
5541
6079
5486
6362
7328
6404
6412
6817
7669
5913
5950
6211
7348
5491
5934
6087
7451
5765
6618
7546
5763
6056
6140
7643
5764
6057
6141
7644
5578
7515
6008
6341
7634
7808
6342
7635
7809
7328
7677
6319
6963
7021
5531
6274
6722
7680
6178
6214
6305
7984
5734
6206
7570
5829
6527
6571
6921
7502
6572
6922
7503
5646
6517
7424
5880
7682
6090
6770
7187
5900
6444
6527
6973
5527
5611
6522
7479
5649
7721
5650
7722
6321
6523
5810
6885
7141
6371
6813
7214
6993
6953
5933
6086
5934
6087
5762
5770
5917
7881
6788
7092
7332
7119
7341
7120
7342
6841
6259
7510
6104
6208
7007
7830
6055
6209
7008
7831
5695
6855
7726
5956
6486
5957
6487
6197
6547
6515
6758
6855
6488
7404
7783
6086
7445
7895
5698
6069
6992
7131
7769
6087
7451
7896
6814
7540
7746
5775
7048
7219
6748
5640
7014
5641
6217
5676
6314
6366
6878
7241
7455
5862
6126
6493
5785
6968
6185
6276
6345
7626
5875
7079
5876
7080
5667
6337
6949
5668
6338
6950
6308
6881
7217
6882
7218
6313
6614
6707
6282
6350
7898
6283
6351
7899
6792
7829
7880
6182
7562
6113
7403
6114
6834
7035
6809
7031
6284
6638
5879
6561
7732
5881
6562
7733
5768
6469
6915
7639
6315
6345
7331
6986
6383
6509
6657
6384
6510
6658
7153
7978
7987
6266
6541
6986
5680
6267
6542
7144
7385
5655
5656
5982
6389
6390
6690
6071
7300
7378
5728
6049
6336
6902
7178
7250
7469
6228
6713
6765
6229
6714
6766
5749
6186
6807
6164
6471
7888
6418
6957
6409
6568
7787
6094
6100
7538
6043
7494
6044
7495
6017
6388
7835
6218
6495
5987
6826
7074
5988
6827
7075
5747
6985
7941
7259
6014
6015
5685
6777
5780
6035
7656
5965
7052
7155
5693
6559
5694
6560
5996
6539
7324
5883
5894
6821
6979
7169
7381
7661
5664
7191
6782
6783
5684
7192
5953
6761
6125
6628
7422
6629
7423
7300
6203
6578
6199
5909
5922
7363
7733
7289
7369
7296
6910
6911
6462
6779
7939
6443
5811
6759
7185
5799
6760
7186
7033
7753
6474
7098
7939
6919
7191
6632
7017
6633
7018
5830
6898
5831
6899
6072
5707
7550
7631
6195
6412
6375
7825
7969
6360
7044
7466
6361
7043
7467
6816
7650
6122
6123
6986
7691
6037
6730
7917
6664
5769
6860
5794
6634
6741
6285
6475
6712
7695
7719
7871
7696
7720
7872
5863
6414
7457
5864
6415
7458
6502
7193
7170
7176
7239
7387
7870
7173
7240
7408
7882
7034
7183
7650
7771
6175
6231
6763
6764
6325
6915
7714
7631
6106
6319
6816
6630
6872
5901
7428
5902
7429
7432
7433
6103
6418
6982
5815
6532
6645
5851
5979
5852
5980
6059
7738
6725
6566
7335
6567
7336
6533
7409
5811
6318
6593
7708
6594
7709
7656
7725
6005
6826
6709
6827
5790
5821
6533
5888
6513
7094
7637
5889
6514
7095
7638
5945
7492
6121
6952
7163
7305
6360
6361
6782
7813
6783
7105
6903
7655
5971
5895
6218
7161
7508
6107
6186
7283
5791
6058
6411
6041
6042
6177
7725
7912
6054
7026
7066
6091
6413
6793
6483
6850
7744
6484
6851
7745
6322
6869
6906
6304
6638
5770
6330
7349
7471
7847
6082
7017
6083
7018
6246
6180
6777
6845
7413
7190
7358
7649
7046
7160
7238
7798
6219
7615
6420
7905
6180
6187
6150
6808
7647
6694
6893
7031
7551
7691
7840
6369
6792
6972
6041
6045
7226
6042
6046
7229
6525
6570
7582
6070
6622
6874
6156
6181
6644
6583
6609
6849
6734
6396
6553
6765
6397
6554
6766
6176
7413
6455
6897
6256
6347
7202
7689
6068
6976
7703
6427
7877
6150
6474
7487
6050
7632
6930
7046
7085
5978
6838
6318
6780
6230
6361
7175
6360
7174
6596
6312
6656
6738
6475
6660
7966
6138
7516
7687
6139
7517
7688
7751
5835
6078
6894
6079
6895
6031
6080
7220
6032
6081
7221
6984
6097
6337
6098
6338
6803
7620
6711
7513
7983
6016
7751
6848
7347
6176
7614
7629
6390
6610
7291
7055
5914
6315
7761
5938
5955
6867
7516
6868
7517
5878
7013
7848
5942
5943
6208
7007
7296
6209
6662
5979
7137
5980
7059
6731
6732
7993
6407
6408
7002
7307
6759
6912
6913
6149
6653
7838
5992
7685
5993
7686
5996
6753
7324
7454
6310
6819
6014
6076
6015
6077
7788
6441
7206
7211
7247
6029
6232
7030
6093
6380
7305
7356
6166
7669
7447
7970
7990
5906
6196
5909
6210
7126
6007
6821
7552
6593
6594
5930
7094
5931
7095
6379
7286
5979
6133
7893
5980
6134
7894
6441
7206
7701
6331
7119
7341
6332
7120
7342
6198
6281
7030
6420
7368
5994
7401
6398
6421
6399
6422
5990
7071
7599
6961
6458
6659
6654
7563
7732
7292
7346
7733
6580
6590
6680
6581
6591
6681
6194
6423
7609
6577
7113
6115
6896
7556
7557
5920
6108
5921
6109
7178
7740
7741
6468
6418
6823
7843
6998
7545
6636
7046
7387
7192
7344
6513
6750
6514
6751
6506
7049
6316
6952
7596
6317
6090
7139
6157
6247
7474
6158
6248
7475
6807
6881
7109
6882
7110
6100
6685
7680
6292
6364
6330
7788
7491
7712
7750
7408
6592
6822
7388
7645
7411
6375
7249
7662
7969
6453
7972
7973
7824
6457
6987
7540
6262
6501
7068
6022
7964
6748
7738
7910
6186
6470
7154
6471
6530
7281
7822
6531
7282
7823
6073
6033
6280
7065
6401
6442
6404
6706
6817
6762
7487
7632
6871
7258
6389
7130
7004
6244
6643
7391
6688
7215
6689
7216
6040
7431
7967
6385
6770
7187
6695
7457
7944
6696
7458
7945
7790
7487
7679
6297
6584
7508
6374
7276
6356
7119
6357
7120
7468
7775
6708
7256
6687
6709
6880
6979
6173
7070
7360
6649
6650
6996
7225
6179
6697
7064
7128
7366
7535
6277
6517
7409
6536
6202
6710
7049
6136
6738
6953
6382
6995
7293
6253
6372
6254
6373
6664
7499
7501
6059
6749
7910
7094
7095
7065
6660
6298
6374
7878
6396
6731
7077
6397
6732
7078
6903
6497
6498
7135
7136
7898
7899
6370
6890
6987
7749
6461
6619
7000
7807
6779
7253
7775
6331
6701
6332
6702
6684
7165
7735
7802
7715
7736
7944
7945
6405
7252
6406
6549
6778
6976
6328
6500
6615
7299
7798
6230
6249
7394
6871
6515
7660
6894
6895
6902
7017
7018
7118
6110
7346
7363
7139
7392
6861
6437
7877
6550
6380
7160
7756
6292
6508
6605
6864
7618
7786
6898
6899
6507
6599
6945
6253
6949
6254
6950
6938
6982
7007
7252
7774
7034
7650
6186
6543
7665
7740
6544
7666
7741
6227
6472
7287
7339
7536
7126
7272
7859
6744
7273
6163
6470
6887
6548
7204
6969
6889
6588
7918
6589
7919
6951
7067
6937
7472
6497
6556
6498
6557
6802
7036
7444
7893
7894
6512
7952
6701
6702
6573
7855
7858
6665
6678
6716
6666
6679
6717
7624
7149
7051
7353
7955
7052
7354
7956
7626
6198
6723
6239
7679
6392
6657
6393
6658
7352
7604
7003
7041
6745
6620
6621
7285
6387
6595
6315
6747
6896
7156
7272
6888
7273
7167
7591
6473
7080
7155
6966
6967
7480
7633
6933
6801
7387
7870
6383
6553
6943
7079
7162
7425
7089
6786
6826
7074
6388
6827
7075
6644
7847
6706
7133
7588
7589
7331
6547
6402
6464
6290
6355
7839
7845
6262
6501
6552
7886
6655
6958
6558
6654
6715
6845
7616
6760
7186
6306
6636
6423
7213
7609
7424
7482
6257
6720
7124
6677
7846
6904
7785
6289
6661
6662
6719
7346
7674
7113
7408
7882
6631
7325
7628
6635
7892
6266
6641
7407
6267
6642
7671
7491
7941
6890
7615
6460
6954
7906
6376
7039
6799
6386
6938
6976
6396
6731
6765
6397
6732
6766
6955
7183
7771
7804
6372
6392
6528
6373
6393
6529
6718
6276
6345
7607
7902
6333
7948
7291
6455
6897
7384
6742
6921
7502
6743
6922
7503
6808
6992
7244
7399
7388
7724
6840
7122
7189
7763
7391
6817
7006
7664
6299
7277
6300
7278
6586
6540
6587
7097
7866
7179
7734
7806
7377
7848
7048
6499
6352
6965
6733
7450
7819
7820
6762
7875
7876
6742
6763
7502
6743
6764
7503
6419
7796
6960
7816
6523
7885
6652
6942
7026
7676
7684
7853
6863
7166
7488
7616
7889
7960
6841
7025
7060
7022
7023
6806
7161
7776
7819
7820
7706
7652
7245
7358
6879
7286
6364
6414
6486
7102
7685
6415
6487
7103
7686
6453
7750
6829
7083
7201
7227
7228
7614
7820
6495
7992
6879
6672
7115
7936
6526
6932
7562
7381
7527
6870
7683
6363
6754
7659
6656
6707
7650
7771
7902
6424
6425
7519
6366
6878
7233
6519
6667
7426
6948
7571
7935
6858
7549
7630
7388
7415
6413
7788
7643
7644
7257
7400
6639
7545
7791
6890
7725
6607
6849
7957
7037
7195
7262
7038
7196
7263
7224
6791
7584
7902
7303
7309
6644
7377
7306
7401
7790
6669
7382
6670
7383
7290
7621
6872
7255
7081
7119
7120
6412
6924
7417
6770
6637
6866
7130
7926
7164
7460
7765
6938
7246
7810
7508
7807
6713
6714
6454
7431
7842
7456
7713
6693
6767
6810
6536
7181
7293
6509
6746
6510
6944
7027
6900
6997
7837
6787
6812
7629
6767
7884
6528
6529
6616
6756
7777
7478
7851
6775
6776
7611
7567
7014
7779
7015
7780
6535
7032
7252
7253
7863
6654
7473
7563
7032
6552
6515
7737
7344
7427
7257
6686
6708
6687
6462
6493
6558
6654
6900
7244
7399
7328
7367
6797
7448
6798
7449
6828
6834
6919
7580
7642
6971
7548
7797
7867
7953
7976
7977
6905
7197
7776
6721
7233
7465
7812
7211
7087
7568
7069
6665
7963
7382
7521
7383
7522
7149
7477
7548
6543
7371
6544
7372
6538
7288
7340
7537
7625
7778
6480
6951
7654
7568
7726
6987
6884
7490
6555
7943
7284
6678
7137
7788
7363
7828
6842
7272
7887
7273
7888
7374
7674
7804
6944
7027
7098
6579
7623
7612
7324
7454
6848
7347
7744
7745
6612
7435
7972
7973
6745
6808
7647
7009
7162
7619
6876
7028
6877
7029
7941
7334
7838
7200
7724
7828
7941
7226
7229
7063
6992
7399
7794
6640
6846
6716
7891
7921
6920
6637
6651
7805
7434
6563
6750
6564
6751
6873
6803
6928
7922
6828
7033
7287
6523
7885
6717
7922
7140
7373
7827
6546
7345
7093
6932
6984
7005
6706
7133
7061
7145
7310
7339
7832
7254
7464
7556
7875
7557
7876
7193
7144
7595
6653
6602
7253
7297
6823
7886
6657
6658
7027
7000
7943
6772
7226
7279
6773
7229
7280
7334
7396
7439
7397
7440
7198
7199
6575
6699
6576
6700
6842
7298
7011
7012
6931
7093
7294
7371
7295
7372
6733
7450
6671
7264
7627
7389
7637
7390
7638
6621
7285
7348
7482
7623
7843
7036
7444
6970
7042
7283
7953
7574
7575
6971
7375
7817
6682
7504
6683
7505
7271
7362
6862
6962
7497
7916
6739
6920
7343
7489
6795
7252
7406
7731
7982
6646
7131
6815
7796
7209
7476
7527
7661
7852
7036
7629
7925
7293
6837
7815
7131
6757
7303
7949
6865
7359
6675
7333
7474
7348
7475
7798
6625
7430
6626
7532
6661
7590
6662
7591
6754
7485
7402
7541
6741
6933
7892
7971
7984
7046
7160
6651
7104
7422
7875
7613
7671
7876
6847
6838
7001
7370
6659
7024
7676
6833
7419
7301
7456
7208
7903
7204
7271
7676
7856
7962
7373
7369
7707
7938
7521
7522
6909
7970
6691
7227
7946
7228
7947
7807
7611
6692
6875
7148
7059
6940
7708
6941
7709
6708
7256
6709
7763
6704
7936
7846
6879
7286
7884
6893
6920
7376
7968
6750
6751
6704
7214
7393
7936
7121
7357
7609
7754
7842
7511
6843
6844
6883
7892
6747
7306
7975
6974
7465
7605
7165
7564
7672
6907
6908
7077
7078
7820
6741
6849
7255
7739
7957
6940
7504
6941
7505
6811
7860
7909
7315
6943
7165
7518
6835
6836
7050
7454
7587
7001
7004
7129
7949
7309
6873
6981
7016
7230
7558
7559
7826
7989
7107
7904
7260
7921
7279
7280
7445
7895
7873
7874
6793
7622
7785
7066
7939
7185
7451
7896
6929
6826
6827
7146
7170
7865
7897
7801
6796
6964
7584
6972
7118
7251
7086
7232
7589
7588
6932
7562
7409
7040
7036
6854
7494
7851
7315
7727
7002
7307
7629
7214
7393
6965
7746
6945
7796
7929
7964
6980
7586
7932
7544
7355
6871
7258
7033
7718
6917
6918
7316
7442
7443
7035
7142
7143
7365
7188
7428
7429
7298
7090
7921
7091
7922
6860
7928
7958
7217
7218
7285
7620
7726
7507
7535
7405
7730
6927
7406
7731
7897
6962
7194
7766
7566
7651
7847
7991
7053
7885
7553
7915
6959
7148
7028
7029
7233
7854
7749
7217
7218
7124
7134
7930
7212
7304
7483
7891
7911
7156
7157
6930
7327
7460
7319
7320
6901
7942
7121
7083
7384
7942
7250
7368
7570
7360
7426
7158
7335
7159
7336
7062
7970
7677
7966
7140
7642
7294
7295
6988
7032
7085
7025
7459
7405
7922
7047
7837
7327
7417
7073
7427
7777
7778
7066
7887
7888
7239
7319
7240
7320
7298
7906
7183
7386
7539
7053
6982
7481
7622
7579
7056
7057
7565
7707
7523
7770
7853
6997
7908
7909
7749
7289
7932
7230
7670
7268
7314
7161
7883
7415
7566
7737
7988
7742
7743
7923
7246
7510
7810
7325
7435
7594
7172
7617
7249
7304
7662
7370
7414
7767
7747
7597
7253
7297
7158
7335
7159
7336
7447
7549
7550
7261
7406
7585
7222
7898
7223
7899
7271
7060
7172
7066
7080
7150
7151
7060
7980
7515
7262
7263
7265
7759
7414
7560
7152
7283
7467
7466
7616
7889
7795
7871
7872
7190
7649
7976
7072
7658
7454
7138
7624
7499
7811
7270
7990
7073
7500
7977
7231
7752
7794
7099
7599
7177
7215
7236
7216
7237
7663
7389
7390
7203
7925
7718
7920
7979
7417
7123
7506
7203
7140
7421
7171
7334
7865
7878
7220
7221
7551
7691
7374
7512
7284
7152
7959
7946
7947
7602
7972
7603
7973
7407
7813
7613
7671
7904
7802
7531
7532
7195
7196
7652
7984
7310
7339
7311
7832
7251
7244
7267
7206
7653
7701
7480
7633
7925
7553
7915
7764
7376
7976
7977
7370
7498
7450
7529
7819
7974
7636
7892
7930
7494
7495
7182
7624
7191
7483
7608
7827
7371
7372
7524
7610
7181
7811
7170
7753
7586
7918
7919
7953
7978
7322
7573
7721
7722
7619
7305
7596
7409
7484
7775
7831
7415
7314
7865
7459
7499
7542
7466
7589
7467
7588
7544
7453
7658
7353
7955
7259
7734
7689
7582
7980
7307
7547
7877
7762
7518
7211
7766
7799
7800
7877
7702
7704
7690
7656
7243
7462
7655
7506
7512
7768
7739
7903
7957
7330
7675
7236
7237
7795
7637
7638
7226
7279
7898
7229
7280
7899
7478
7668
7463
7395
7584
7951
7982
7822
7823
7512
7319
7544
7320
7542
7455
7256
7266
7528
7506
7579
7766
7816
7470
7324
7762
7806
7905
7596
7921
7405
7627
7356
7452
7528
7555
7476
7661
7359
7990
7362
7310
7699
7311
7700
7858
7474
7576
7475
7577
7822
7823
7939
7340
7477
7792
7848
7435
7868
7869
7571
7681
7569
7593
7606
7309
7711
7601
7412
7426
7832
7895
7896
7418
7652
7352
7480
7401
7573
7595
7402
7350
7782
7611
7728
7460
7765
7913
7729
7415
7437
7716
7438
7717
7832
7643
7644
7598
7610
7674
7985
7579
7766
7469
7956
7552
7844
7759
7609
7991
7507
7914
7828
7488
7757
7500
7728
7657
7707
7804
7707
7817
7938
7864
7681
7840
7661
7521
7522
7524
7980
7645
7628
7936
7752
7439
7440
7734
7806
7790
7565
7469
7414
7647
7730
7593
7713
7765
7585
7434
7610
7705
7442
7443
7561
7560
7663
7642
7613
7531
7590
7754
7850
7952
7594
7673
7906
7808
7809
7904
7639
7640
7669
7776
7991
7466
7589
7467
7588
7680
7554
7748
7547
7593
7805
7480
7655
7561
7812
7774
7830
7473
7682
7576
7577
7605
7548
7586
7761
7614
7622
7785
7711
7818
7488
7694
7679
7712
7783
7978
7987
7793
7913
7623
7769
7814
7617
7617
7558
7559
7567
7587
7866
7618
7786
7983
7649
7768
7687
7688
7529
7940
7974
7812
7908
7909
7762
7534
7646
7591
7616
7960
7580
7756
7581
7628
7940
7779
7731
7780
7732
7625
7672
7786
7989
7907
7678
7833
7900
7834
7901
7817
7938
7710
7787
7863
7651
7801
7713
7664
7959
7967
7975
7972
7973
7849
7852
7975
7818
7705
7636
7930
7792
7927
7714
7735
7715
7736
7971
7703
7758
7710
7769
7814
7864
7697
7660
7986
7856
7962
7986
7711
7933
7719
7740
7720
7741
7729
7761
7889
7728
7966
7840
7770
7724
7723
7871
7872
7701
7845
7757
7708
7709
7857
7952
7920
7979
7933
7802
7803
7799
7808
7800
7809
7942
7871
7955
7872
7956
7861
7779
7951
7780
7988
7910
7955
7956
7873
7874
7862
7842
7967
7935
7792
7825
7969
7923
7853
7816
7931
7950
7830
7831
7981
7982
7857
7943
7829
7988
7863
7850
7927
7913
7971
7984
7808
7809
7989
7880
7900
7901
7879
7924
7942
7845
7948
7985
7884
7858
7937
7908
7909
7966
7976
7971
7924
7954
7884
7932
7911
7979
7958
7961
7964
7969
7961
7987
7958
7961
7981
7959
7965
7988
7991
)


// ************************************************************************* //
