/*--------------------------------*- C++ -*----------------------------------*\
| =========                 |                                                 |
| \\      /  F ield         | OpenFOAM: The Open Source CFD Toolbox           |
|  \\    /   O peration     | Version:  2.3.0                                 |
|   \\  /    A nd           | Web:      www.OpenFOAM.org                      |
|    \\/     M anipulation  |                                                 |
\*---------------------------------------------------------------------------*/
FoamFile
{
    version     2.0;
    format      ascii;
    class       volScalarField;
    location    "2000";
    object      p;
}
// * * * * * * * * * * * * * * * * * * * * * * * * * * * * * * * * * * * * * //

dimensions      [0 2 -2 0 0 0 0];

internalField   nonuniform List<scalar> 
6523
(
-0.00919587
-1.16219
-1.49738
-0.902354
0.643938
3.38003
7.88967
15.1966
25.8948
38.0292
49.2603
69.8354
19.5138
21.8757
25.4614
30.6658
37.8568
47.189
58.6812
72.249
87.6356
104.403
122.289
140.769
35.7332
40.1937
45.6258
51.9129
59.0422
66.9577
75.5812
84.7795
94.3653
104.132
113.89
123.447
47.5389
52.5392
58.345
64.8068
71.9073
79.5493
87.618
95.9665
104.429
112.832
120.99
128.741
56.5796
61.4295
66.8805
72.685
78.8479
85.2996
91.9768
98.7932
105.656
112.463
119.107
125.497
63.5643
67.9311
72.9376
78.1843
83.7072
89.4476
95.3531
101.36
107.395
113.386
119.252
124.921
69.0597
72.7075
77.2152
81.896
86.8066
91.9104
97.164
102.522
107.919
113.294
118.595
123.758
72.7881
76.1667
80.3346
84.5933
89.0077
93.5881
98.3531
103.289
108.311
113.313
118.206
122.96
76.3034
79.0967
82.7561
86.5885
90.6457
94.8538
99.2778
103.8
108.365
113.032
117.618
122.107
79.566
81.6701
84.4634
87.711
91.6456
96.1716
100.45
104.439
108.181
111.805
116.257
121.183
123.242
151.09
170.58
186.551
199.674
209.65
216.327
219.757
220.221
218.21
214.483
210.04
157.391
170.88
181.885
190.647
197.266
201.845
204.579
205.733
205.588
204.4
202.413
199.58
132.776
142.06
151.115
159.656
167.45
174.297
180.033
184.537
187.75
189.674
190.387
189.985
136.077
143.128
149.883
156.209
161.986
167.12
171.548
175.231
178.145
180.261
181.667
182.858
131.655
137.672
143.517
149.085
154.286
159.039
163.283
166.973
170.069
172.531
174.467
176.324
130.383
135.684
140.802
145.665
150.209
154.383
158.148
161.481
164.357
166.752
168.756
170.507
128.751
133.596
138.259
142.689
146.822
150.631
154.084
157.178
159.895
162.232
164.243
166.239
127.575
132.08
136.414
140.524
144.322
147.813
150.987
153.862
156.396
158.612
160.577
162.393
126.506
130.777
134.828
138.715
142.314
145.558
148.506
151.204
153.603
155.654
157.448
159.121
125.627
129.656
133.318
137.027
140.471
143.758
146.473
148.981
151.211
153.165
154.731
156.265
43.1101
42.2224
41.3114
40.4092
39.5862
38.9206
38.5114
38.4347
38.7177
39.4127
40.9004
44.7671
46.1178
45.3637
44.6276
43.9557
43.4081
43.0569
43.0269
43.5151
44.7506
46.9448
50.1459
54.0007
49.1172
48.5724
48.0436
47.5892
47.2879
47.251
47.6154
48.5082
50.0435
52.2846
55.1636
58.374
51.8859
51.5392
51.2061
50.9517
50.8707
51.0703
51.6427
52.6619
54.1813
56.1988
58.6272
61.2621
54.4793
54.2545
54.0442
53.9337
54.0044
54.335
54.9927
56.0311
57.4815
59.3309
61.5053
63.8495
56.6155
56.6282
56.5097
56.5078
56.681
57.0872
57.7792
58.8031
60.182
61.9089
63.9333
66.1162
58.6931
58.6494
58.6691
58.7451
58.9703
59.4075
60.1021
61.1
62.417
64.0386
65.9313
67.9844
60.4245
60.5408
60.5827
60.6844
60.9299
61.374
62.0563
63.0551
64.3719
65.9479
67.7941
69.8302
61.5786
62.1141
62.2295
62.3558
62.5958
63.0082
63.615
64.5902
65.8805
67.2878
68.9166
70.7893
62.8738
63.4537
63.6959
63.875
64.1419
64.5294
65.0977
66.5694
68.3951
69.8358
71.7253
74.2749
53.3849
57.5334
60.5566
63.5646
66.5647
69.4806
72.3176
75.1235
77.9463
80.813
83.706
86.5527
58.1589
60.5593
62.327
64.3603
66.6568
69.1651
71.8062
74.5131
77.2439
79.9908
82.7229
85.3095
61.5048
64.2844
66.1855
67.929
69.7397
71.6657
73.6945
75.8122
78.004
80.2723
82.5893
84.7946
63.8969
66.4894
68.3622
69.9916
71.6512
73.3616
75.1177
76.9233
78.7787
80.6948
82.702
84.7059
66.1959
68.4582
70.1725
71.6252
73.1139
74.6448
76.2159
77.8267
79.4736
81.1536
82.9019
84.7836
68.2914
70.3463
71.9542
73.2692
74.6041
75.9653
77.3589
78.7837
80.238
81.7146
83.2289
84.8697
70.0386
71.9716
73.5164
74.7391
75.9613
77.1944
78.4475
79.7174
81.0048
82.3039
83.6197
85.0199
71.8675
73.6894
75.0474
76.0661
77.1436
78.2598
79.4015
80.5501
81.7049
82.8629
84.0314
85.2609
72.7872
74.6554
76.0433
77.0381
78.0768
79.1467
80.2205
81.2782
82.3278
83.3697
84.423
85.5226
76.8311
78.2508
78.3198
78.1556
78.9395
79.9554
80.988
81.9517
82.8966
83.8345
84.8053
85.8285
-234.003
-214.128
-191.042
-172.338
-153.114
-131.942
-110.267
-89.183
-69.5072
-52.2136
-37.8311
-27.0008
-132.63
-132.221
-130.424
-128.365
-126.303
-122.603
-116.279
-107.003
-94.6826
-79.9344
-64.0284
-49.7138
-137.747
-137.583
-137.429
-136.384
-133.93
-130.091
-124.662
-117.091
-107.125
-94.805
-80.388
-65.8966
-125.802
-125.719
-125.484
-125.069
-124.327
-122.956
-120.695
-117.114
-111.331
-102.654
-90.8706
-77.6923
-123.165
-123.133
-123.066
-122.875
-122.44
-121.555
-119.958
-117.352
-113.187
-106.737
-97.262
-85.8732
-118.568
-118.538
-118.467
-118.318
-118.045
-117.549
-116.65
-115.083
-112.392
-107.852
-100.477
-91.0967
-115.34
-115.32
-115.279
-115.185
-114.998
-114.645
-114
-112.868
-110.941
-107.622
-101.886
-94.2941
-112.042
-112.026
-111.992
-111.919
-111.778
-111.523
-111.067
-110.255
-108.862
-106.448
-102.094
-96.0701
-109.052
-109.04
-109.015
-108.959
-108.851
-108.656
-108.305
-107.683
-106.611
-104.781
-101.479
-96.7267
-106.159
-106.149
-106.129
-106.085
-106
-105.847
-105.575
-105.091
-104.245
-102.8
-100.214
-96.2817
-103.378
-103.371
-103.356
-103.322
-103.255
-103.133
-102.917
-102.53
-101.846
-100.674
-98.5956
-95.3913
-100.665
-100.659
-100.647
-100.619
-100.565
-100.466
-100.289
-99.9721
-99.4096
-98.4374
-96.7354
-94.0525
-98.0122
-98.0074
-97.9978
-97.9753
-97.9305
-97.8477
-97.7001
-97.4366
-96.9671
-96.1504
-94.7408
-92.5979
-95.4168
-95.4127
-95.405
-95.3867
-95.3495
-95.28
-95.1557
-94.9336
-94.5361
-93.8399
-92.65
-90.8792
-92.8626
-92.8597
-92.8546
-92.8416
-92.8136
-92.7591
-92.6597
-92.4789
-92.1497
-91.5616
-90.5543
-89.0752
-90.3246
-90.3224
-90.319
-90.3091
-90.2866
-90.2415
-90.1573
-90.0019
-89.715
-89.1977
-88.2977
-86.8123
-87.8112
-87.8097
-87.8074
-87.8
-87.7817
-87.7437
-87.6718
-87.5375
-87.2874
-86.832
-86.0356
-84.795
-85.3204
-85.3198
-85.3194
-85.3154
-85.3028
-85.2738
-85.216
-85.1047
-84.8919
-84.4971
-83.8049
-82.7662
-82.8349
-82.8353
-82.8372
-82.8372
-82.831
-82.812
-82.7695
-82.6818
-82.5052
-82.161
-81.5309
-80.6473
-80.3418
-80.3431
-80.3468
-80.3501
-80.3489
-80.3375
-80.306
-80.2344
-80.0826
-79.7832
-79.2102
-78.0745
-77.8322
-77.8346
-77.8412
-77.8495
-77.856
-77.8561
-77.8416
-77.7953
-77.6804
-77.4372
-76.9989
-76.3249
-75.2828
-75.286
-75.2947
-75.3066
-75.3186
-75.3267
-75.3234
-75.2929
-75.1995
-74.9876
-74.5879
-73.805
-72.6958
-72.6997
-72.7105
-72.726
-72.7434
-72.7593
-72.7675
-72.7539
-72.6859
-72.5066
-72.1296
-71.424
-70.0682
-70.0729
-70.0854
-70.104
-70.1259
-70.1486
-70.1664
-70.1665
-70.1185
-69.972
-69.6651
-69.0078
-67.4071
-67.4122
-67.426
-67.4467
-67.4718
-67.4993
-67.5244
-67.5353
-67.5027
-67.3739
-67.0827
-66.5262
-64.7221
-64.7276
-64.7424
-64.7648
-64.7926
-64.8241
-64.8553
-64.8759
-64.8589
-64.7528
-64.4818
-63.9226
-62.0247
-62.0304
-62.0457
-62.0691
-62.0983
-62.1322
-62.1675
-62.1953
-62.191
-62.1042
-61.8596
-61.3391
-59.3288
-59.3347
-59.3501
-59.3737
-59.4034
-59.4383
-59.4757
-59.5076
-59.5117
-59.438
-59.2109
-58.7508
-56.6394
-56.6457
-56.6619
-56.6866
-56.7177
-56.7548
-56.7962
-56.8361
-56.8568
-56.8174
-56.6461
-56.2643
-53.9674
-53.9735
-53.9889
-54.0123
-54.0412
-54.0747
-54.1104
-54.142
-54.1521
-54.1062
-53.9333
-53.2886
-51.336
-51.3421
-51.3582
-51.3827
-51.4131
-51.4486
-51.4871
-51.5234
-51.542
-51.5055
-51.3668
-51.2716
-48.733
-48.7395
-48.7565
-48.7829
-48.8164
-48.8562
-48.8999
-48.9416
-48.9676
-48.9537
-48.8594
-48.4212
-46.139
-46.1468
-46.1667
-46.1976
-46.2382
-46.2886
-46.3477
-46.4115
-46.4677
-46.4826
-46.4032
-46.3466
-43.5252
-43.5332
-43.5543
-43.5875
-43.6317
-43.6879
-43.7555
-43.8314
-43.9039
-43.9418
-43.8696
-43.4712
-40.8996
-40.9076
-40.9287
-40.962
-41.0064
-41.0627
-41.1309
-41.2076
-41.2794
-41.3109
-41.2509
-41.0097
-38.282
-38.2902
-38.3114
-38.3452
-38.3901
-38.4477
-38.5185
-38.6006
-38.6842
-38.7394
-38.7296
-38.7302
-35.6843
-35.6922
-35.7124
-35.7443
-35.7864
-35.8399
-35.9046
-35.9777
-36.0497
-36.0977
-36.0699
-35.6253
-33.1311
-33.1392
-33.1597
-33.1919
-33.2344
-33.2888
-33.3556
-33.4339
-33.5153
-33.5692
-33.5536
-33.6978
-30.6181
-30.626
-30.646
-30.6775
-30.7192
-30.7721
-30.8368
-30.9114
-30.9886
-31.0494
-31.0528
-30.7563
-28.1516
-28.1594
-28.1798
-28.2121
-28.255
-28.31
-28.3782
-28.4589
-28.5456
-28.6174
-28.6527
-28.7455
-25.7173
-25.7251
-25.7455
-25.7778
-25.8211
-25.8769
-25.9464
-26.029
-26.1191
-26.1992
-26.2471
-26.2215
-23.3181
-23.3261
-23.3464
-23.3783
-23.4211
-23.4765
-23.5459
-23.6291
-23.7214
-23.8077
-23.8626
-23.8207
-20.9609
-20.9687
-20.9884
-21.0195
-21.0609
-21.1147
-21.1821
-21.2632
-21.3539
-21.4387
-21.4903
-21.4732
-18.6495
-18.6574
-18.6767
-18.7072
-18.748
-18.8008
-18.8672
-18.9479
-19.0404
-19.1313
-19.1914
-19.211
-16.3854
-16.3932
-16.412
-16.4415
-16.4806
-16.531
-16.5938
-16.6694
-16.7554
-16.8408
-16.8907
-16.7495
-14.1739
-14.1817
-14.2008
-14.2306
-14.2705
-14.3219
-14.3861
-14.4637
-14.5518
-14.6367
-14.7054
-14.8528
-11.9944
-12.0027
-12.0229
-12.0547
-12.0974
-12.1528
-12.2227
-12.3079
-12.4067
-12.509
-12.6053
-12.7861
-9.83409
-9.84242
-9.86289
-9.89519
-9.93884
-9.99567
-10.0672
-10.1539
-10.2543
-10.3626
-10.4578
-10.3567
-7.6963
-7.70474
-7.72543
-7.75823
-7.80273
-7.86104
-7.93494
-8.0255
-8.13072
-8.23854
-8.33391
-8.50485
-5.57964
-5.58811
-5.60885
-5.6416
-5.68616
-5.74482
-5.8196
-5.9118
-6.02035
-6.13481
-6.2287
-6.29317
-3.49115
-3.49962
-3.51996
-3.55188
-3.59506
-3.65188
-3.72438
-3.81398
-3.92015
-4.03581
-4.12929
-4.06239
-1.44562
-1.45385
-1.47363
-1.50463
-1.54643
-1.60125
-1.67121
-1.75791
-1.86015
-1.96906
-2.07437
-2.21134
0.558171
0.549659
0.529739
0.49839
0.456151
0.400781
0.329969
0.2416
0.135298
0.0182781
-0.0990115
-0.316176
2.5272
2.51846
2.49849
2.46723
2.42521
2.37048
2.30112
2.21571
2.11336
1.99552
1.88242
1.97189
4.46197
4.4528
4.43184
4.39912
4.35484
4.29687
4.22297
4.13081
4.01943
3.89729
3.78242
3.55017
6.384
6.37436
6.35249
6.31841
6.27239
6.21215
6.13554
6.04045
5.92639
5.80394
5.70558
5.57255
8.28907
8.2792
8.25677
8.22179
8.17451
8.11279
8.03459
7.93802
7.82161
7.68857
7.57079
7.6286
10.1794
10.1689
10.1454
10.1086
10.0588
9.99357
9.91069
9.80791
9.68357
9.54378
9.41517
9.26213
12.0623
12.0514
12.027
11.9892
11.9379
11.8706
11.7853
11.6798
11.5529
11.4137
11.3103
11.2936
13.9291
13.9178
13.8928
13.8542
13.802
13.7337
13.6471
13.5403
13.4119
13.2685
13.1576
13.2046
15.7743
15.7625
15.7364
15.6962
15.6418
15.5708
15.4806
15.3691
15.2355
15.0846
14.9352
14.7782
17.6023
17.5899
17.5628
17.5209
17.4644
17.3906
17.2972
17.1827
17.0465
16.8939
16.7485
16.667
19.4151
19.402
19.3735
19.3293
19.2694
19.1911
19.0919
18.9699
18.8241
18.6602
18.5091
18.4147
21.2209
21.2062
21.1758
21.1295
21.0671
20.9858
20.8833
20.7584
20.6111
20.4462
20.2989
20.3647
23.004
22.9883
22.9557
22.906
22.839
22.7517
22.6416
22.5068
22.348
22.1747
22.0106
21.7632
24.7866
24.7691
24.7334
24.6792
24.6061
24.5114
24.3928
24.2494
24.0825
23.8978
23.7236
23.7244
26.5765
26.5557
26.5146
26.4527
26.3696
26.2625
26.1294
25.97
25.788
25.5917
25.3939
25.2095
28.3895
28.3653
28.3173
28.2451
28.1483
28.0237
27.8699
27.6888
27.4871
27.2777
27.069
26.8525
30.243
30.2151
30.1586
30.0742
29.9605
29.8145
29.6361
29.4298
29.2076
28.9887
28.8035
28.7837
32.1424
32.1087
32.0388
31.9353
31.7963
31.6193
31.4059
31.1644
30.9126
30.677
30.499
30.4746
34.0987
34.0591
33.9685
33.8341
33.6561
33.4336
33.1727
32.8896
32.6129
32.3785
32.231
32.3403
36.0161
35.9743
35.8683
35.6997
35.4734
35.1947
34.8782
34.5525
34.2597
34.0503
33.9776
34.1325
37.9683
37.871
37.7136
37.4635
37.1415
36.7725
36.3916
36.0449
35.7868
35.6706
35.7399
36.0629
40.598
40.2136
39.8552
39.4291
38.9392
38.421
37.9399
37.5655
37.3613
37.373
37.6225
38.1516
41.6948
39.717
38.4098
37.721
37.4483
37.3978
37.5059
37.7556
38.1491
38.6977
39.4105
40.319
393.489
385.46
372.853
356.508
337.454
316.676
295.561
275.56
257.772
242.642
230.223
220.091
281.083
282.383
281.88
280.278
277.778
274.101
268.892
261.982
253.49
243.844
233.917
225.029
259.221
260.295
260.306
259.975
259.045
257.332
254.673
250.935
245.99
239.761
232.513
225.195
263.218
262.795
261.506
259.888
257.784
255.111
251.778
247.721
242.891
237.231
230.829
224.243
251.425
251.074
250.453
249.609
248.404
246.756
244.552
241.677
238.023
233.502
228.155
222.444
239.596
239.457
239.258
238.899
238.315
237.434
236.148
234.334
231.855
228.571
224.421
219.747
232.247
232.146
231.984
231.676
231.208
230.518
229.529
228.142
226.242
223.691
220.363
216.399
226.19
226.107
225.961
225.695
225.303
224.733
223.923
222.794
221.249
219.168
216.421
213.058
220.409
220.35
220.243
220.045
219.749
219.312
218.683
217.795
216.563
214.879
212.618
209.799
215.222
215.18
215.099
214.947
214.716
214.374
213.877
213.17
212.18
210.813
208.953
206.584
210.645
210.613
210.546
210.42
210.229
209.946
209.535
208.949
208.126
206.985
205.413
203.334
206.492
206.466
206.41
206.305
206.145
205.907
205.561
205.066
204.37
203.401
202.06
200.261
202.672
202.652
202.605
202.516
202.381
202.178
201.885
201.465
200.871
200.043
198.888
197.303
199.136
199.123
199.084
199.009
198.894
198.721
198.47
198.11
197.602
196.893
195.905
194.514
195.855
195.847
195.815
195.75
195.65
195.501
195.284
194.973
194.533
193.922
193.08
191.87
192.789
192.785
192.757
192.7
192.613
192.481
192.29
192.016
191.628
191.082
190.323
189.247
189.908
189.906
189.881
189.831
189.754
189.638
189.468
189.225
188.881
188.399
187.73
186.804
187.19
187.189
187.166
187.123
187.054
186.95
186.798
186.581
186.273
185.841
185.234
184.356
184.616
184.615
184.595
184.556
184.494
184.4
184.264
184.067
183.788
183.394
182.84
182.02
182.172
182.171
182.153
182.118
182.062
181.977
181.853
181.675
181.422
181.066
180.568
179.833
179.843
179.842
179.827
179.796
179.745
179.668
179.557
179.396
179.168
178.846
178.399
177.744
177.618
177.617
177.604
177.576
177.531
177.462
177.36
177.215
177.009
176.718
176.314
175.72
175.485
175.484
175.474
175.449
175.408
175.345
175.253
175.122
174.935
174.673
174.309
173.778
173.433
173.434
173.425
173.404
173.366
173.309
173.225
173.106
172.936
172.699
172.369
171.876
171.455
171.456
171.449
171.43
171.395
171.343
171.267
171.157
171.002
170.785
170.483
170
169.543
169.545
169.538
169.521
169.49
169.442
169.371
169.27
169.127
168.928
168.657
168.211
167.692
167.693
167.687
167.672
167.642
167.598
167.532
167.438
167.305
167.119
166.867
166.438
165.895
165.896
165.89
165.875
165.848
165.806
165.745
165.657
165.532
165.357
165.129
164.775
164.147
164.148
164.142
164.128
164.103
164.064
164.006
163.924
163.807
163.64
163.42
163.151
162.44
162.441
162.437
162.425
162.402
162.365
162.312
162.235
162.126
161.97
161.756
161.544
160.781
160.781
160.776
160.765
160.743
160.709
160.659
160.587
160.487
160.343
160.139
159.988
159.158
159.159
159.154
159.143
159.123
159.091
159.044
158.977
158.884
158.754
158.561
158.432
157.57
157.57
157.565
157.555
157.536
157.505
157.461
157.398
157.309
157.186
156.995
156.86
156.004
156.005
156.001
155.993
155.976
155.948
155.906
155.847
155.762
155.645
155.461
155.304
154.474
154.475
154.471
154.463
154.447
154.421
154.382
154.326
154.246
154.137
153.968
153.837
152.971
152.971
152.968
152.961
152.947
152.922
152.885
152.832
152.758
152.656
152.5
152.374
151.491
151.491
151.488
151.482
151.469
151.446
151.411
151.363
151.294
151.201
151.061
150.987
150.031
150.031
150.029
150.023
150.011
149.989
149.957
149.912
149.848
149.762
149.628
149.562
148.584
148.585
148.584
148.579
148.568
148.548
148.518
148.475
148.415
148.334
148.204
148.133
147.158
147.158
147.157
147.152
147.142
147.123
147.094
147.053
146.995
146.917
146.791
146.719
145.746
145.746
145.744
145.74
145.73
145.712
145.684
145.645
145.59
145.515
145.394
145.318
144.346
144.346
144.344
144.34
144.331
144.313
144.288
144.251
144.2
144.132
144.023
143.972
142.952
142.952
142.951
142.948
142.94
142.924
142.901
142.868
142.821
142.76
142.663
142.649
141.567
141.568
141.567
141.564
141.556
141.542
141.52
141.49
141.447
141.392
141.298
141.287
140.189
140.19
140.188
140.185
140.178
140.164
140.144
140.115
140.075
140.024
139.936
139.913
138.813
138.814
138.812
138.809
138.802
138.789
138.769
138.742
138.703
138.654
138.568
138.547
137.438
137.438
137.436
137.433
137.426
137.414
137.396
137.37
137.333
137.288
137.21
137.177
136.058
136.058
136.057
136.055
136.049
136.038
136.021
135.997
135.964
135.924
135.853
135.843
134.679
134.679
134.677
134.675
134.67
134.66
134.645
134.623
134.594
134.558
134.496
134.486
133.295
133.295
133.293
133.291
133.286
133.277
133.263
133.243
133.217
133.185
133.13
133.124
131.903
131.902
131.9
131.898
131.894
131.886
131.873
131.856
131.832
131.803
131.754
131.756
130.494
130.495
130.494
130.493
130.49
130.484
130.473
130.458
130.438
130.416
130.378
130.415
129.079
129.079
129.078
129.077
129.075
129.07
129.06
129.048
129.033
129.017
128.985
129.035
127.648
127.648
127.646
127.645
127.644
127.64
127.632
127.622
127.61
127.599
127.573
127.633
126.193
126.193
126.192
126.192
126.191
126.188
126.182
126.175
126.166
126.161
126.143
126.221
124.718
124.718
124.717
124.716
124.716
124.714
124.71
124.705
124.701
124.701
124.688
124.782
123.212
123.213
123.212
123.213
123.214
123.214
123.212
123.21
123.211
123.219
123.216
123.341
121.68
121.68
121.679
121.68
121.682
121.683
121.684
121.686
121.692
121.708
121.715
121.85
120.111
120.111
120.11
120.111
120.114
120.117
120.12
120.126
120.138
120.164
120.184
120.335
118.499
118.499
118.498
118.499
118.503
118.508
118.515
118.526
118.546
118.583
118.619
118.804
116.837
116.837
116.836
116.838
116.843
116.851
116.862
116.879
116.908
116.959
117.017
117.246
115.112
115.113
115.113
115.116
115.124
115.135
115.151
115.176
115.215
115.281
115.357
115.639
113.327
113.327
113.327
113.331
113.34
113.354
113.375
113.407
113.459
113.545
113.645
113.99
111.474
111.471
111.468
111.47
111.479
111.496
111.522
111.563
111.629
111.734
111.851
112.219
109.481
109.484
109.488
109.496
109.512
109.537
109.573
109.628
109.712
109.845
109.996
110.355
107.409
107.41
107.411
107.419
107.439
107.471
107.518
107.59
107.699
107.87
108.079
108.465
105.215
105.213
105.212
105.22
105.242
105.28
105.34
105.433
105.573
105.79
106.074
106.49
102.808
102.812
102.818
102.834
102.866
102.92
103.002
103.125
103.307
103.58
103.95
104.414
100.216
100.218
100.224
100.244
100.287
100.359
100.469
100.634
100.877
101.23
101.72
102.303
97.3626
97.3618
97.3689
97.3949
97.4522
97.5498
97.7
97.925
98.2524
98.7179
99.3607
100.101
94.1049
94.1123
94.1307
94.1752
94.2625
94.4061
94.6227
94.9403
95.3926
96.0166
96.8637
97.8119
90.3698
90.3745
90.402
90.4692
90.6028
90.8207
91.1462
91.6121
92.254
93.1032
94.2216
95.4956
85.8871
85.9188
85.962
86.081
86.3063
86.6639
87.1818
87.8927
88.8265
89.9942
91.4327
93.1356
80.1595
80.0635
80.2077
80.5017
80.9749
81.6592
82.5701
83.7212
85.1216
86.7565
88.6156
90.7122
71.8563
72.2548
72.8044
73.5222
74.5626
75.9109
77.5262
79.3746
81.4312
83.6624
86.0334
88.5504
93.3591
37.6389
12.1007
56.8528
105.574
101.116
-62.554
111.546
62.542
33.615
52.4796
102.36
97.9121
61.2404
48.0848
122.203
-15.2831
75.6796
13.1611
138.665
83.6141
109.929
62.7859
118.708
99.153
124.759
31.3962
110.928
87.7695
82.1014
23.7343
144.72
58.8876
102.259
91.4515
101.481
95.4443
119.03
52.9406
96.2078
99.4039
111.055
-32.2291
54.3535
40.9937
-51.3978
37.4759
82.32
94.9664
102.311
89.5511
148.167
-56.9159
110.993
29.3944
61.949
90.9476
117.541
36.0133
85.5442
93.9502
102.36
98.0774
155.946
145.956
62.3207
55.1212
54.4154
96.5413
105.649
101.18
153.344
121.196
34.21
84.2618
-21.0799
87.3489
34.8507
76.3696
90.5664
61.5978
17.0679
-18.9181
90.1497
100.042
-17.9294
11.9655
102.673
93.0494
17.845
30.4331
16.5405
150.493
88.0404
115.993
151.821
93.8799
103.624
21.0636
62.2737
101.776
111.75
71.4586
-53.0504
-2.18649
108.731
71.4822
106.209
94.5297
4.76032
-69.8681
89.7196
107.23
110.17
67.8733
71.2783
92.8017
99.845
109.578
-39.6375
109.633
108.87
139.184
97.3315
98.7346
82.5221
42.5993
56.9317
8.05129
141.81
-19.5709
89.03
-6.70569
64.3664
34.1941
89.1153
-50.5214
115.407
73.7903
111.866
167.628
-11.9092
16.5782
106.577
109.188
83.2965
105.592
-9.35703
54.3718
85.1891
52.321
-4.23577
-76.6473
98.1124
-44.4933
82.3367
101.475
124.556
61.2151
94.9533
58.3087
88.1569
103.104
-12.303
76.0815
110.943
-27.2785
102.814
108.675
129.677
104.837
90.9081
108.324
103.229
127.187
107.182
110.285
115.146
82.5721
61.6873
93.4077
75.0396
147.035
108.613
97.6948
25.1381
78.8517
-51.3507
89.0163
101.827
124.53
-21.4733
26.2034
88.3549
109.449
90.7971
117.801
89.9165
185.107
28.9024
78.5502
10.3828
42.649
6.24874
96.8724
1.44362
24.1687
79.6656
-0.476171
138.944
-1.99049
119.665
106.704
107.617
88.1414
92.9754
29.3832
57.6472
47.3005
-12.923
38.712
100.649
34.3662
79.2974
14.1108
114.213
108.323
99.6907
141.05
113.084
96.5567
91.9986
98.9512
-45.223
196.809
145.588
94.9604
105.603
97.1671
15.9101
123.776
95.0587
101.048
113.058
76.7261
102.807
102.369
64.0663
163.251
-46.6924
-16.3976
166.974
121.047
131.773
68.2889
121.806
42.3213
107.442
125.502
-12.7988
8.46667
-6.25446
15.4226
92.2189
-30.1239
49.4235
37.2056
100.029
87.3865
79.7647
20.4925
23.2082
106.085
107.433
92.229
93.273
-38.4187
120.309
109.089
92.0522
107.353
-6.14699
98.4705
102.362
125.448
91.4669
106.187
95.5117
49.5447
113.945
49.4602
129.628
85.6475
109.174
92.5883
98.6108
88.275
113.624
125.662
119.424
84.1829
104.648
102.271
100.895
150.357
97.4991
88.7415
92.6049
115.193
105.98
164.282
105.136
103.681
-20.6361
15.7704
78.0761
81.7401
88.1619
78.589
76.4837
0.728225
-40.0169
102.388
95.9638
57.9883
98.7119
46.9139
137.738
50.3792
95.8994
88.5253
100.294
106.539
80.869
74.4746
55.4226
114.081
80.6907
116.293
-55.2824
24.961
25.156
96.2488
120.776
91.1986
-18.6576
106.641
47.6589
105.847
99.3233
26.9599
160.565
108.265
196.383
-20.9041
91.2265
99.0234
108.138
49.448
-13.4731
-49.7217
87.742
18.586
100.722
112.798
-21.2359
111.578
128.527
105.961
91.9466
4.89673
108.33
52.2988
-36.9535
116.119
106.95
23.9161
107.354
136.298
50.4298
60.7048
48.1405
98.0333
115.113
93.9074
98.2255
117.282
18.6718
103.725
59.498
158.59
81.465
108.818
36.5859
147.576
56.8701
74.5538
91.7042
16.5488
185.196
195.627
129.809
104.053
109.01
60.9286
84.1779
37.5171
180.231
-33.1251
63.2417
99.0398
108.222
103.505
137.116
176.372
96.4153
107.443
105.759
90.4563
116.893
106.441
142.139
108.555
102.524
103.825
94.5078
121.597
13.0702
-1.67633
207.7
-56.3305
133.745
83.699
136.381
76.3387
-30.7052
129.164
94.4655
91.1131
92.5409
99.1769
98.3133
129.07
72.8923
-48.2271
101.575
105.877
26.2287
-62.3458
68.9807
67.1745
79.5079
-31.3207
69.4859
19.598
91.8093
48.2235
76.3597
125.68
118.792
29.2101
53.108
102.277
116.52
125.606
101.583
68.2876
105.427
107.54
95.7569
117.02
133.15
84.5626
63.0215
108.231
116.482
90.3954
100.45
142.226
101.834
105.378
138.979
92.3794
91.2945
90.9748
102.891
-28.7235
160.529
109.103
55.7108
102.955
99.0064
94.1828
90.2991
77.596
109.107
-48.5899
84.5826
24.7955
22.7887
91.4906
156.295
-16.8898
21.8429
99.3758
92.0722
17.1428
87.3906
131.977
87.7821
55.2632
113.762
96.9827
85.5421
141.188
28.6619
116.37
25.1282
160.297
105.039
70.3837
106.813
107.563
76.4202
100.176
108.048
67.4946
108.554
89.7473
95.0415
136.714
107.369
91.8345
105.506
81.4881
99.4874
79.0201
60.4826
99.2013
-14.3192
101.53
86.3833
130.617
-3.84967
105.771
154.666
193.414
90.1703
-34.7265
136.381
75.8815
40.4413
120.415
-0.0965969
102.916
99.6216
-6.13998
63.0647
134.276
49.5789
118.06
172.862
51.5648
120.38
117.981
91.9065
137.507
107.453
105.163
21.7253
91.0502
59.4035
110.478
110.768
-67.7068
146.414
11.9213
126.957
27.7575
148.044
96.3657
101.072
-83.3511
98.4864
89.8492
66.1071
93.4566
112.833
104.383
102.654
85.4757
127.649
89.8113
6.83673
28.0559
110.235
90.6093
111.367
101.804
73.1675
148.814
105.847
126.524
136.716
107.012
79.4389
92.4883
22.5742
31.9512
139.267
78.6062
2.76579
36.0882
-16.0661
91.5378
90.308
175.363
92.5553
-23.9145
182.547
128.499
93.5799
81.3554
94.4401
23.6978
59.9463
69.0742
-15.3982
163.025
138.309
89.5593
150.773
-72.6175
-32.4859
83.6738
104.036
86.9185
107.575
57.7583
95.5361
61.4016
137.03
93.278
119.348
59.8939
-42.052
74.0396
91.5654
44.8482
46.0448
-33.8881
90.1824
20.057
106.726
96.9413
80.2977
119.189
-21.8232
97.2103
56.944
-14.7302
85.4713
100.343
120.194
107.6
96.3143
137.212
107.408
41.7418
104.185
56.1705
86.0377
110.291
131.768
66.108
98.1744
22.8541
124.256
-4.82018
91.2652
92.992
24.3855
143.27
125.587
95.0408
114.86
97.1156
104.397
-51.6174
163.431
11.8915
60.9229
99.5656
128.049
26.6495
118.189
130.286
113.718
71.5447
121.084
98.5893
-44.5104
106.897
161.723
134.815
89.7418
89.5847
105.287
108.601
63.9313
33.5929
90.5603
78.0107
90.666
98.1371
115.816
106.604
90.7927
97.1132
186.89
19.5404
37.9976
102.209
43.2674
15.7545
-25.3448
96.9701
72.1207
104.078
-9.35678
92.8602
109.373
104.243
-15.9768
111.904
105.112
100.859
87.5443
127.376
98.2134
27.4757
-2.9753
96.8299
94.0331
96.8478
94.2682
98.9413
89.7554
107.239
194.822
117.302
71.9208
110.096
182.242
164.699
52.6022
115.629
122.914
127.58
111.034
-33.7809
22.1573
75.6
82.8264
121.634
101.73
139.493
107.326
-35.7865
90.8292
89.3048
67.8074
90.8085
-13.4263
35.298
130.195
107.304
104.995
114.369
103.039
170.831
40.3982
51.5584
38.9365
100.95
100.446
27.719
91.8132
92.3545
-29.2831
-4.76291
75.5323
84.9317
86.1045
106.902
102.745
73.7741
71.7791
-15.1303
105.488
69.1304
65.7635
104.263
51.8818
29.2985
89.921
117.723
98.385
105.663
84.6327
104.117
91.0889
100.342
85.2005
104.323
106.666
102.096
102.817
106.391
104.083
166.195
107.635
110.193
142.934
67.6579
59.8496
160.108
86.2443
18.3386
12.3861
78.7392
116.753
55.2481
117.266
73.7268
158.723
97.1549
93.9458
117.433
-35.8101
125.674
-3.63819
52.2347
142.38
92.5701
106.056
83.6781
90.9895
114.156
3.13377
141.385
100.742
113.367
106.371
153.714
102.23
129.544
114.685
89.729
108.454
117.393
21.2749
74.2049
120.84
171.765
63.9632
97.3167
59.2062
118.342
133.731
136.325
100.823
39.3232
23.781
-32.7686
105.541
103.014
103.91
115.294
106.987
31.1562
52.514
160.866
109.394
199.156
69.8756
34.0604
136.013
49.7214
130.402
96.7842
13.8731
80.5141
100.634
126.076
10.466
37.9701
93.9616
103.035
96.4617
107.267
36.5957
53.8399
74.4466
-12.0403
95.3914
-34.0093
0.453201
91.7294
22.2711
116.58
108.349
112.297
156.567
108.032
89.4955
43.5993
50.2441
103.805
44.566
-8.65256
94.7501
49.3337
104.105
21.3113
-15.7891
-6.04013
88.3553
89.0346
108.557
-27.8936
156.694
92.218
72.2018
114.567
175.339
134.136
97.5525
52.0886
108.387
9.78356
67.0085
-6.88833
123.569
129.327
194.503
92.1633
146.238
118.329
62.7594
105.523
149.534
106.505
112.251
104.8
104.452
112.434
69.3211
100.473
-1.2453
18.0989
92.6408
100.221
16.864
75.0316
107.621
-25.4285
93.7289
-6.08251
169.391
111.701
115.945
83.0524
115.974
-17.6833
72.0775
47.4939
121.52
97.0442
67.3936
135.95
15.6131
87.4719
109.269
-44.7241
134.436
128.687
93.4173
123.995
92.3422
194.683
107.701
89.8546
98.1526
107.534
95.5903
171.238
103.884
163.489
-8.73183
89.3225
-4.03497
115.532
105.216
111.339
57.177
168.693
166.202
94.1001
53.6538
103.707
85.6009
39.1984
99.7315
-47.4907
140.361
89.0777
6.57726
130.12
-48.0045
-48.1634
26.715
51.4529
93.0154
92.7827
56.9182
104.02
83.6162
35.2713
67.8697
179.877
94.9409
-5.19839
102.099
40.2397
-52.8631
78.8808
69.2326
91.3551
-19.7866
-48.6964
57.6502
153.684
88.6389
88.6339
164.753
66.1914
40.4581
69.7837
-21.8537
-20.8521
95.7779
109.515
97.5719
39.3089
67.109
101.011
67.4273
70.2288
94.4841
105.812
166.117
111.325
71.0421
90.0961
58.3244
152.304
112.85
124.952
60.043
122.52
17.141
77.4341
49.1501
104.849
-25.25
135.801
122.485
97.3864
106.583
-68.5026
102.476
93.2715
40.9032
139.1
118.429
123.231
119.274
107.223
102.818
104.526
107.401
188.81
99.4297
111.901
-61.6528
202.839
76.7039
-66.7584
89.1318
-12.9897
-42.4142
57.5505
118.635
96.0502
71.9188
50.6461
-38.7706
44.3134
74.9254
95.9455
106.658
129.587
103.371
183.565
103.991
-31.2212
103.472
93.6407
101.267
76.5028
2.61423
95.7544
140.673
14.6202
160.504
90.7319
145.097
-14.9699
99.085
83.2371
171.33
141.587
110.137
98.5796
26.1649
-2.31547
91.8664
107.15
54.9534
134.707
189.913
76.1918
94.0145
106.515
-9.35476
-38.3593
67.7298
115.19
98.8845
101.391
93.188
128.861
9.55412
90.6332
102.198
41.2555
17.2836
122.345
-10.7317
129.768
70.652
104.651
24.4553
104.238
-87.8747
99.3224
95.2963
68.8038
65.0546
111.934
88.5659
99.6418
-1.95858
216.144
85.2796
77.3808
95.3394
89.9215
95.687
118.476
105.869
106.664
49.8449
-78.5748
99.4979
93.7676
138.625
95.1753
111.8
91.1561
97.4167
62.0553
113.584
54.9646
102.801
87.1289
34.5059
102.845
26.2334
123.864
86.9112
200.901
102.452
81.1398
141.362
67.8582
79.7101
116.887
-49.7839
90.9371
89.5323
4.4169
122.336
157.772
-54.6944
95.3091
28.7747
120.43
90.7544
98.1014
109.108
-3.30921
98.5061
181.372
69.7169
107.304
126.801
74.8762
91.4943
18.0891
111.112
99.7585
-60.6994
20.2441
125.583
109.659
153.701
83.1569
98.1544
98.8905
57.3387
101.998
77.9131
83.42
-8.36116
128.339
148.256
46.192
102.559
102.004
11.1418
133.316
32.0444
92.7722
6.86255
92.9379
100.624
123.36
-42.4256
58.0409
49.1146
103.543
100.284
90.0758
90.0079
154.984
125.193
108.058
91.5121
84.1897
38.9344
157.323
123.994
108.741
96.4759
1.5715
46.5683
53.3826
88.6245
20.2817
101.581
165.23
130.732
103.845
87.7598
103.149
170.504
103.007
104.526
-10.5333
49.2705
32.876
106.803
106.387
1.79479
109.072
93.3735
63.4123
27.907
107.12
77.6848
13.6394
75.2125
108.731
105.827
75.0073
-18.4839
114.799
-7.92041
74.8072
108.027
108.408
56.3854
112.209
90.4592
121.319
100.088
79.423
104.257
-61.9373
-1.14163
88.6035
110.88
111.115
-5.84637
109.477
114.556
148.37
-25.2955
128.837
89.2775
-76.0006
87.8811
13.0164
108.552
40.948
181.383
71.0248
7.85648
103.511
93.5224
79.3391
-66.3328
99.6042
107.501
120.045
75.6209
70.3503
52.5792
115.212
93.7054
35.7334
101.53
0.472432
-26.4378
108.561
98.4203
29.6459
104.709
158.904
104.118
124.97
110.741
47.6213
138.479
104.822
175.87
53.6392
0.234839
-56.577
48.0004
-80.8268
-56.9681
81.2675
97.8619
104.308
109.536
89.8669
87.3943
63.9928
107.674
38.9002
5.59583
104.203
93.7271
-0.957134
108.974
29.563
-25.5417
-48.8122
108.072
113.411
25.7187
84.6563
-60.1317
122.491
102.157
121.697
58.991
121.559
77.2097
91.2598
29.2527
49.5958
65.2245
-41.6512
104.524
137.717
181.741
102.683
45.6785
-67.3025
102
112.104
61.2262
126.21
-23.3416
49.2364
35.8829
105.433
103.242
28.2839
79.9548
115.552
108.267
86.4336
107.483
65.0954
103.456
98.4549
164.402
120.535
-81.2993
92.9726
106.91
100.61
89.6963
106.175
69.7417
97.4556
49.4573
84.0637
103.376
111.466
105.013
161.883
85.5343
92.3648
100.348
87.998
71.9931
99.4374
62.2634
79.7391
59.1914
119.451
101.067
80.7267
-79.592
96.5592
117.488
63.8539
44.9887
11.3301
69.5022
75.0746
-33.5296
86.4475
103.829
104.5
-71.6856
-81.5223
8.43996
107.296
90.2722
-23.9085
103.393
90.5794
-10.5339
62.7009
6.68175
99.6244
63.7792
-54.5053
146.597
49.5995
111.205
5.71884
117.439
80.147
-9.88648
103.918
77.859
112.308
205.673
116.284
29.3039
79.3821
94.0521
94.2689
199.739
91.1674
121.807
158.066
69.5942
99.8566
73.9724
58.8913
17.6601
123.58
111.089
-0.988339
126.174
104.177
56.7664
87.2801
59.6053
106.325
127.178
105.387
93.6408
89.0386
85.447
14.0604
132.463
-38.0212
-36.4189
87.2681
134.75
-83.2099
41.8084
146.383
57.9661
160.075
113.473
115.2
82.8485
107.605
-62.3326
95.6982
103.248
58.608
65.1618
86.1047
56.17
91.8361
202.545
114.514
-21.3283
139.156
169.61
-45.1391
127.415
106.058
137.443
100.421
30.1463
107.538
102.456
29.4748
80.8473
87.6501
100.418
90.1818
113.947
-58.1573
88.7727
88.618
-74.8049
90.2561
134.682
79.6584
50.8368
101.093
21.8997
36.641
126.783
177.906
21.081
94.5682
112.096
126.901
98.1578
88.8432
167.71
93.1373
113.592
120.97
92.0848
103.518
86.2692
124.614
90.4576
-35.972
90.5757
123.88
-6.41768
21.1365
106.378
90.3378
116.385
102.728
105.595
102.358
104.792
102.615
99.2606
88.7424
-51.8876
-5.52905
42.0225
5.35966
64.9202
54.1733
117.025
112.602
101.751
103.308
106.642
-3.25843
14.3639
124.7
95.9721
108.221
116.969
104.365
99.7355
135.655
67.5217
111.928
104.127
106.017
115.25
11.1787
125.902
103.422
-14.544
74.7729
139.197
108.912
190.466
87.8617
125.409
3.15111
157.79
106.278
102.178
92.9153
107.953
167.825
142.03
-75.6356
104.33
68.7284
199.676
107.295
104.042
116.727
103.773
87.9661
-53.1597
37.1346
39.6659
95.4758
40.9774
86.3722
102.173
84.8609
98.5996
45.7004
105.201
100.146
110.531
82.8528
24.2521
94.5309
105.082
160.635
76.2776
11.2018
172.354
-47.2189
89.226
58.4752
92.3207
108.968
130.96
37.3199
102.844
65.8513
96.7333
64.0813
78.0618
121.728
68.5698
0.796753
-23.0474
-8.50517
-1.12908
115.786
103.628
86.8772
33.6685
93.9464
95.1986
156.238
112.483
44.0985
58.8964
118.99
117.591
104.25
36.4137
61.9378
82.232
98.5984
-38.6433
67.2138
63.1646
68.992
106.578
-27.1318
100.28
93.6913
71.7686
110.722
106.536
52.3903
37.9536
166.461
144.568
119.302
132.176
77.7791
107.778
6.13608
-62.5535
100.889
87.6242
191.047
89.7422
103.936
148.87
188.375
65.191
90.9111
86.8942
141.692
119.256
-25.6651
125.116
95.2116
120.116
85.9915
-36.0089
24.8123
94.6357
102.039
102.755
89.9322
154.305
25.2444
21.2814
143.361
150.102
-1.49916
60.6313
107.14
96.4898
137.268
123.146
96.8276
101.401
-79.4197
46.6855
133.459
-82.6169
116.972
51.043
97.0245
17.9422
46.1551
57.4776
34.8925
-13.3379
92.4428
97.7582
101.675
41.8543
90.1114
104.566
5.873
-14.3991
109.785
109.898
215.488
103.644
102.102
79.1624
93.7938
133.175
-13.3666
-44.2302
92.3399
51.1817
43.4356
115.536
159.101
97.9009
88.9504
91.1586
109.695
102.813
117.885
-13.8981
97.2871
101.43
67.8727
107.411
22.5525
113.763
96.4744
106.588
-9.15528
100.705
35.3117
107.735
102.6
103.359
49.9512
91.8245
70.5492
105.883
107.955
105.282
63.7772
47.3919
27.7294
82.5145
89.1033
-18.9192
102.973
87.5105
92.7778
-23.67
-18.871
41.5388
185.768
4.31631
75.3521
149.555
132.054
99.0077
146.3
72.9395
104.003
43.8683
107.729
106.72
3.6726
86.0093
79.3222
105.53
141.291
90.523
112.866
-62.8809
0.880385
66.0405
-29.25
42.3088
75.2411
2.93598
98.491
94.5905
111.069
59.1396
14.1345
95.3852
106.449
143.904
89.1966
41.2548
113.1
31.8106
198.252
166.456
-46.4758
97.0725
53.9438
168.443
126
62.3441
101.433
97.8009
91.2709
133.867
150.462
100.587
78.6334
106.548
89.8045
107.041
124.532
85.8065
92.0531
118.052
44.9061
57.9731
84.7528
-60.7498
65.3517
53.5333
65.0771
-4.06056
110.579
97.5388
9.64873
103.029
122.535
99.4232
84.849
53.163
154.762
-38.8427
70.3121
139.225
106.928
104.32
100.176
107.56
-35.545
107.175
87.4194
101.131
113.111
65.868
74.5102
-84.8876
-35.7594
-2.41085
12.1355
65.9539
74.0062
59.5029
70.3106
65.811
144.956
98.6176
101.157
-21.9184
-31.4676
106.497
90.396
32.1952
-6.54965
-65.1742
35.4189
86.6679
68.1017
33.6095
72.0475
54.6305
41.3474
94.3623
89.7754
-14.7044
5.64451
31.9733
80.0669
115.682
74.8035
12.8811
102.697
-51.5785
106.033
106.172
-33.0813
178.326
93.3876
200.8
35.0851
105.195
72.441
25.1793
81.2659
137.714
107.37
126.771
167.851
102.034
107.405
107.526
113.563
136.977
66.4134
104.822
124.022
96.4996
137.206
103.232
129.727
16.9508
94.6573
88.6238
33.5284
71.9912
89.4962
103.979
7.11893
103.781
107.805
108.338
104.079
69.4483
54.2
102.479
31.7855
105.84
-31.7968
89.2012
77.4398
103.197
147.677
90.9448
106.005
102.37
106.445
109.142
116.051
87.8665
105.453
109.995
171.529
8.38798
75.8401
110.795
85.619
75.9852
30.3853
97.0129
93.8719
132.314
81.2999
119.851
-65.7351
91.9123
93.2213
-52.9171
151.919
128.389
168.007
16.3818
105.036
72.4761
76.4224
65.0839
33.5676
118.604
67.5454
82.3065
79.7054
85.5174
66.7967
74.1065
23.1594
68.1757
46.6223
108.365
152.909
71.4514
102.815
11.7042
108.686
109.02
26.8548
82.0935
103.252
-45.7193
107.417
105.064
93.0462
177.757
4.57822
16.4972
112.174
40.1201
91.9095
-72.8153
44.5311
113.905
91.8159
89.7636
119.271
112.327
98.9514
80.2742
105.744
-29.9391
121.294
127.994
92.5705
46.8204
103.363
-47.9625
10.1171
31.0461
105.958
98.0775
30.7088
93.3393
16.6428
-17.3648
54.1199
77.3107
88.8219
107.11
-42.4663
38.5293
117.284
119.789
99.3736
84.7884
99.3347
23.5856
58.7924
3.91251
66.9886
77.1313
-87.7727
99.977
-88.7335
-51.4073
-41.1327
91.8593
29.5146
88.5551
185.144
115.952
101.267
61.9063
70.3316
24.2589
116.763
103.983
102.773
108.04
102.644
9.94007
77.6968
102.19
142.401
-37.7
43.4208
57.8729
102.801
188.645
94.6293
67.6628
97.6229
54.0974
103.919
68.0228
94.5584
125.47
-64.473
65.2684
-75.6962
85.6378
116.471
39.3404
156.235
108.01
91.1302
90.1317
75.4855
108.495
112.827
42.8671
102.919
107.817
101.138
87.787
97.9043
86.9287
101.154
75.3699
86.2123
82.5897
32.7239
47.9921
20.3917
128.832
179.096
-38.0098
108.724
107.988
115.239
96.6374
167.977
161.525
68.199
108.935
62.3864
103.673
113.061
119.815
88.9933
-8.31546
209.077
139.304
97.5455
-5.17282
94.6389
133.633
114.422
107.131
43.0355
107.593
85.9298
104.326
111.088
-12.2106
-32.5005
118.694
22.4814
102.958
2.95224
102.041
17.7684
96.708
36.9454
88.9562
63.4371
105.336
107.143
99.5679
119.61
-34.0959
74.4932
185.944
28.5908
46.7372
-14.9521
110.142
103.148
109.112
101.325
109.774
106.909
173.153
61.1831
109.271
126.19
22.998
149.195
110.063
205.515
-61.1504
60.0284
169.139
93.5374
91.5796
75.8272
99.1899
-18.5836
2.644
-10.9375
99.1571
73.6871
90.4946
97.1531
102.002
11.6986
70.9668
102.717
91.2621
114.458
65.5142
89.432
89.3048
90.3738
-28.4975
53.959
104.01
115.076
113.033
132.915
156.637
100.77
86.9771
107.344
143.491
35.6581
168.267
31.5733
43.6562
50.3037
94.2462
97.2234
26.1476
61.6587
95.6648
94.6245
93.1442
49.0786
128.504
75.3337
115.706
-47.6846
119.872
108.324
96.7871
41.6794
69.9989
94.8056
164.677
52.6149
176.369
26.5082
109.375
96.1643
-33.0051
142.956
120.984
93.4655
147.536
98.6823
152.402
87.7612
106.76
82.6824
82.02
58.5521
142.765
103.808
131.504
55.3114
111.13
116.42
50.7203
35.9235
108.26
163.928
91.6046
104.578
-62.826
96.1489
95.3707
87.6994
98.1095
90.8747
30.8167
211.693
114.531
162.337
101.462
107.468
102.512
113.842
107.689
61.6448
99.09
96.7136
16.775
68.0118
109.599
-38.6363
-3.37847
16.9819
-4.1538
153.394
138.982
194.371
45.4657
94.7986
175.461
-55.8438
110.552
44.8925
105.866
-70.4882
56.825
152.043
103.144
86.3939
81.6248
2.41187
10.6644
106.797
82.2739
71.34
110.17
131.797
91.5358
171.887
50.702
8.07767
27.6007
101.179
105.517
98.1187
96.3889
-28.4439
108.762
142.292
90.2626
127.019
65.452
75.1669
155.666
144.294
21.1144
-35.4672
143.814
169.634
181.215
-67.0488
76.7407
62.4359
121.258
-82.896
147.196
106.818
98.9135
93.8475
105.076
112.875
74.286
20.3019
55.6152
110.955
90.8432
1.55091
90.8085
67.8494
138.839
72.4808
69.7601
-55.2514
91.2516
107.156
94.7917
-29.0364
117.312
95.9256
14.8549
95.0064
82.5743
-71.3954
140.6
108.557
109.43
89.495
16.5334
94.7605
-10.3778
64.6606
131.032
136.121
66.3923
95.3017
82.9776
-73.4791
-4.27345
91.4174
106.218
144.903
107.94
99.1716
67.4871
89.4089
94.532
-41.0443
-61.5167
-14.6665
173.089
52.0253
124.315
149.227
99.671
67.6167
82.9521
108.944
-79.9304
102.547
129.983
91.0924
22.91
101.594
105.564
95.8649
28.4684
85.8851
94.2179
123.215
91.0642
90.1884
59.1756
-19.3451
69.5586
90.5497
102.505
-18.6124
119.225
70.663
136.819
58.2016
79.8817
106.539
81.2845
55.2912
102.883
99.3437
66.8543
70.7403
53.2588
86.2882
-12.2316
95.3689
84.0574
99.3034
94.825
119.898
122.156
98.5912
83.7271
112.083
-77.7478
45.3165
124.156
102.473
56.2745
91.7802
85.7618
141.823
78.7492
105.381
108.606
97.5165
96.7112
35.7548
72.6274
110.507
90.5256
104.904
112.04
59.6041
107.773
-70.2637
77.7111
-57.859
91.5336
93.1439
87.4984
89.5114
140.167
103.525
-59.2223
87.2957
80.8355
65.4959
67.9461
104.991
-47.4395
99.044
89.3589
62.2082
70.7316
85.0056
208.807
-51.0068
86.8201
77.156
105.312
78.654
72.3956
149.933
13.1703
106.888
150.944
84.6632
-66.8362
98.6396
23.1605
103.286
102.254
139.551
95.4235
77.116
36.0645
33.3913
90.849
100.928
-26.1487
90.6353
102.617
96.9868
65.5209
86.7447
113.525
125.24
-24.3353
4.91933
104.412
148.529
50.304
48.9241
107.308
89.7223
70.8955
132.62
148.692
124.186
96.1252
184.915
31.0565
97.8898
161.172
111.004
61.6853
107.798
123.639
81.215
113.941
40.4201
141.801
87.6889
98.1066
90.1295
56.7758
83.6482
-15.7778
95.9872
101.9
87.0564
142.139
103.353
43.9044
102.947
159.249
3.49266
110.402
58.7422
95.2332
110.107
147.366
92.0634
5.81979
173.576
102.122
15.4818
101.945
39.6286
109.166
157.547
108.183
105.703
82.522
102.99
91.1775
106.411
177.098
107.909
128.375
108.941
95.0221
90.6395
111.453
-56.4381
31.4718
5.2689
93.8749
84.1894
72.944
108.361
40.7872
120.233
58.1635
70.8554
83.1398
143.107
71.5894
14.3599
75.7157
113.701
-49.5177
-3.99322
97.0506
64.9544
12.8751
76.3741
133.102
112.643
-33.4586
-2.42122
88.7731
102.145
67.8208
95.8305
32.1561
99.5324
172.239
162.817
58.2321
42.3243
14.4059
98.5914
127.52
78.7971
65.4169
81.4623
132.267
132.413
62.5936
85.8848
-23.7637
115.813
20.8375
96.1115
-33.3985
215.898
151.259
145.787
103.124
82.5548
35.7888
73.2559
-20.1518
71.9977
86.2014
132.247
108.272
106.062
94.5441
92.4526
79.5998
47.2477
103.177
85.6583
100.368
53.5478
43.5343
101.426
138.76
101.082
85.5734
109.798
91.819
185.69
117.2
71.9045
89.62
82.4542
103.708
98.0198
-8.39524
77.7397
62.8399
177.085
143.857
87.8023
37.5108
-1.45611
92.7399
163.574
86.9334
100.281
64.0432
60.3209
173.278
37.9608
98.3428
117.684
-49.0104
90.2188
188.042
100.534
-69.2285
136.673
92.062
94.3613
-21.8955
-56.4111
160.087
10.9907
99.1215
66.411
30.509
51.5057
100.119
17.7809
20.7999
12.771
142.847
109.531
97.9365
116.732
136.506
81.6722
166.229
67.8359
-22.9759
17.0272
65.238
93.5995
116.481
111.938
-47.7945
10.1224
11.8257
10.7002
-51.3338
115.059
103.966
87.8036
193.394
64.5689
147.7
150.988
104.491
109.092
91.3483
103.605
127.633
93.0586
98.455
55.5485
67.17
99.878
109.652
109.606
137.806
107.763
83.7706
104.814
119.418
-19.3824
91.7511
34.1187
102.03
72.8651
117.693
-59.358
109.885
78.44
94.6483
102.221
76.149
177.679
-6.03902
24.5631
13.2708
155.235
-40.79
87.3096
111.91
96.0315
81.9759
61.9423
19.2051
-51.4923
-31.6896
99.7898
103.352
101.925
147.884
95.9728
91.1713
114.693
56.057
104.321
88.9395
110.612
-0.187514
109.833
105.338
85.5648
41.8587
87.9
133.378
100.642
82.2244
103.286
91.1532
130.242
12.5791
105.14
66.1815
93.9259
66.9395
82.0791
73.0502
146.189
33.1416
85.1913
100.169
155.227
123.724
99.6021
83.5247
102.708
140.993
78.1985
85.1028
146.467
108.195
0.611566
99.2546
66.2727
105.631
-67.3519
27.9323
106.176
86.8391
107.551
106.777
73.934
29.5226
102.896
106.455
148.046
180.374
89.9782
100.563
120.482
36.3993
-15.2464
169.095
118.403
21.92
62.6896
89.9583
-5.75537
102.893
82.4484
35.1633
95.2294
76.212
-9.99458
-16.3874
164.268
-31.144
99.922
68.1607
90.0134
100.319
94.794
91.4871
109.413
106.945
149.177
86.398
94.8046
123.279
6.19882
12.5886
50.8892
99.4099
46.0588
91.0443
-56.7171
-75.601
87.016
206.684
70.9124
94.2581
-65.2409
94.6402
100.975
90.4494
150.526
106.545
115.282
92.0117
104.501
10.094
10.6641
-6.10479
51.0654
91.0307
-87.9082
112.2
150.497
95.885
89.7731
128.425
93.8419
108.24
128.891
122.643
108.559
118.36
61.7924
95.108
102.375
195.592
-38.7207
-3.73502
82.9613
124.936
80.7169
105.193
91.425
-26.1619
73.0166
107.304
103.041
157.764
34.2444
77.8315
100.332
8.11392
89.4652
101.655
175.132
-39.3687
10.8523
93.7291
40.9966
62.3892
150.891
52.9333
97.0555
79.2286
74.6382
159.518
135.541
-44.2251
92.0473
107.332
85.625
45.2904
100.621
84.2433
106.306
96.7102
91.0112
124.98
163.077
106.653
105.336
214.324
104.744
113.748
6.20829
169.77
89.8599
122.185
73.5687
110.004
99.7386
18.6455
94.47
109.079
95.123
97.2093
103.369
216.067
80.9163
36.5815
93.3458
130.773
108.122
201.138
57.3163
196.169
-17.523
93.5113
9.11665
126.819
44.7351
91.7101
85.8251
167.953
110.46
192.122
142.513
93.5363
89.9296
190.414
172.568
-80.7094
-23.442
83.5891
68.9308
102.201
55.9687
85.9483
94.9137
5.45425
40.2159
51.1615
188.562
-62.6696
48.2078
100.01
169.681
101.429
-61.9054
189.798
145.213
106.97
66.1
93.8351
91.2039
-39.8264
101.828
101.1
98.6438
58.8211
28.5942
119.266
30.3749
100.513
173.329
129.762
97.9332
65.6322
108.337
96.6256
68.2049
103.677
95.769
83.0344
31.5102
65.1284
177.025
124.362
80.6314
113.537
46.095
54.08
189.512
86.5456
152.187
82.371
142.604
179.192
83.0194
109.798
92.5193
127.946
101.616
144.366
91.5193
102.507
204.143
90.0649
111.654
73.6069
138.138
77.4329
104.367
110.606
102.054
79.4109
86.0137
129.569
75.6992
101.909
109.979
120.469
84.4628
66.4799
-25.2854
94.4766
43.6771
105.212
107.707
-69.1147
88.7969
90.4296
109.892
196.272
103.039
87.639
161.894
105.324
65.2464
154.705
-6.40924
93.619
68.2109
123.128
-60.4192
90.5404
-68.0528
84.981
90.8272
97.8759
112.905
89.4439
99.99
63.8112
151.645
127.045
36.5249
68.0926
61.5579
99.1213
102.79
-79.5086
80.8896
91.1837
113.414
105.147
181.62
56.5744
71.2633
108.82
85.9172
101.882
94.8984
99.5049
97.2471
102.593
104.079
97.361
-82.2537
92.3594
210.322
75.0147
183.096
152.546
105.171
-72.1881
108.203
111.905
90.3975
92.3459
183.515
22.2971
134.791
-36.2766
84.1798
104.645
90.2872
61.8228
101.902
26.6576
38.5273
78.7104
-23.0948
89.1767
65.892
184.684
103.632
149.19
95.0962
112.633
106.453
96.216
104.518
124.868
95.8831
124.177
132.651
103.948
63.0793
-22.9648
31.5947
72.031
128.663
75.6712
92.521
150.836
123.078
-87.6638
95.4199
103.755
112.715
180.388
-72.9721
92.07
102.992
108.636
93.2209
104.415
62.2774
95.1858
83.2711
17.9408
102.814
88.0973
182.71
-19.0167
24.2857
80.1543
33.2321
143.923
105.228
-26.1934
175.34
178.525
74.861
73.194
103.103
76.9196
72.2203
71.569
103.474
85.5313
77.4565
96.1735
-50.9899
0.24301
113.757
-0.735503
114.331
96.882
4.84956
140.832
72.536
87.176
92.4094
16.303
30.9485
109.137
112.262
98.2004
110.338
-87.5547
110.036
61.7221
130.193
90.8295
-15.7729
72.5602
-55.7245
109.101
156.935
-53.2766
29.5185
97.2152
89.4924
102.562
77.5964
106.911
92.4047
111.54
76.1084
85.4573
88.1882
82.9917
81.8349
110.123
7.68829
130.847
87.8291
103.33
106.77
130.813
50.7508
153.537
93.3595
-26.9409
110.197
104.675
5.40212
164.731
116.093
-69.8575
30.2343
88.6061
94.5673
106.404
102.216
106.615
56.7523
90.611
69.8028
101.081
61.3462
126.591
89.1452
97.0244
86.4873
9.05387
158.096
156.507
122.407
117.26
-39.6958
142.63
91.7706
100.646
-12.9995
170.505
164.333
112.297
48.1571
97.4749
105.177
34.0535
123.716
100.123
132.076
42.5768
141.819
93.2132
90.365
106.934
-5.96015
49.1624
103.484
135.828
13.8032
82.6008
7.85159
47.1262
209.282
134.273
78.1178
78.9203
83.5867
121.312
109.95
73.9365
26.4577
-34.7362
120.921
41.4455
84.2861
158.177
111.775
163.082
133.804
71.397
95.2513
93.0469
176.823
101.408
130.957
63.3013
107.243
-55.5015
82.2663
88.7994
108.493
42.2228
104.961
106.056
72.5698
137.522
90.1589
95.4729
102.888
89.176
69.4124
138.304
96.5939
98.3621
55.0171
81.0193
103.64
178.488
104.547
74.437
81.1368
112.027
115.41
104.211
104.631
63.9484
107.696
90.8294
134.683
112.284
87.7587
106.351
111.057
104.872
99.4623
104.58
119.083
62.8713
96.3752
-8.22209
85.6224
72.7435
87.3202
54.1828
108.148
70.144
86.227
89.2254
98.7755
64.0042
39.2059
103.838
147.73
110.329
1.32532
-26.8152
85.5784
100.788
103.023
65.3813
109.307
70.9219
111.821
125.463
23.658
111.59
119.763
36.2933
110.053
152.97
71.7981
99.8262
139.73
109.308
75.3136
23.8251
81.2971
-38.0218
-1.32865
109.817
73.8361
100.123
24.1994
62.6185
38.4319
93.3452
84.5557
90.5721
63.0242
156.405
55.5215
148.491
108.197
101.736
112.299
59.2071
32.3958
62.1691
107.787
96.0372
49.094
65.4121
47.3458
120.974
84.6837
-70.7401
100.157
-23.6894
-11.0348
102.471
49.7584
111.299
104.55
64.7443
-30.9988
84.0205
140.017
210.901
-20.2168
-23.8868
193.605
-37.9517
90.1356
42.7186
103.574
104.973
62.6363
-27.2721
-67.4588
86.6165
126.461
49.64
64.819
100.76
56.5552
112.915
17.0583
139.132
74.4638
47.0214
81.8176
90.5422
-43.8625
60.352
65.2735
-34.5063
129.734
107.914
101.902
86.4957
79.8252
100.979
59.2765
15.9126
71.9848
128.575
183.814
47.6157
-59.6536
155.271
29.9727
77.8332
80.8088
207.884
99.9263
112.973
70.139
104.092
107.051
110.463
-4.76452
103.568
88.9476
92.6487
46.9593
121.5
88.2537
104.781
154.532
106.223
65.4365
79.3347
175.142
70.2664
87.1767
95.6926
100.973
55.7148
100.023
114.989
102.19
98.7892
48.8666
116.678
-52.289
99.873
88.2472
134.815
132.954
94.8897
101.932
79.8315
70.0005
88.2934
85.9009
104.685
133.856
104.601
88.0031
105.387
16.2056
86.5498
88.6464
116.738
135.232
104.798
-9.33803
100.199
83.3063
106.674
102.069
168.687
107.387
82.2126
107.316
82.8027
103.017
82.4363
-64.93
107.622
135.176
193.148
55.6591
146.086
191.174
92.2453
103.166
82.6294
135.12
109.373
112.316
63.5744
85.6438
113.43
81.6724
103.749
10.8785
101.077
56.6881
87.0879
99.3786
160.744
107.475
161.874
192.414
106.615
154.769
88.2584
113.667
41.7967
173.14
107.347
9.15864
89.277
141.018
105.931
104.348
100.546
105.76
101.415
134.431
87.648
7.9583
98.71
71.8835
88.9128
83.2124
67.2401
110.292
47.9555
0.97973
96.8741
124.725
26.4623
-21.9749
114.273
85.857
97.5959
82.9797
-36.3132
101.906
89.3413
121.47
91.8666
-0.29086
119.831
121.888
97.6988
-18.809
74.6818
66.4453
90.7239
8.47264
103.377
77.8683
96.4524
66.539
63.8365
-72.054
117.696
81.5197
68.3534
81.1803
-1.72805
-10.7232
132.017
105.454
131.704
41.364
108.444
68.0178
91.2033
154.74
113.39
87.5335
61.3629
50.292
107.007
-5.48277
125.926
96.8772
61.7982
113.914
104.103
111.201
98.2358
9.11633
76.1319
58.4223
-81.1149
94.214
55.9207
129.992
83.8974
-49.3591
125.714
103.022
95.7529
144.999
11.6092
65.6581
92.6765
57.8735
144.314
79.0159
184.099
152.359
70.8614
119.381
27.8616
76.3829
106.843
113.288
86.9229
61.2105
199.641
142.239
107.32
107.351
3.38289
151.895
108.468
-3.2317
99.056
93.0896
105.631
186.624
8.05943
5.49729
102.641
49.7724
122.013
99.9141
170.746
157.038
101.296
-64.6997
106.604
109.024
103.394
88.8374
72.77
107.423
109.939
176.803
97.2708
107.493
107.045
100.053
109.457
160.737
91.9936
77.9835
156.236
101.552
106.096
105.323
97.5575
90.7455
53.7759
98.1682
102.585
59.2997
61.8195
86.6098
94.1244
72.8887
51.7784
67.6939
52.483
92.8737
-69.604
207.317
-16.4367
103.666
44.6133
82.5304
85.7611
48.267
68.6786
95.119
163.382
36.0944
0.766987
116.122
114.633
110.285
76.312
88.339
108.739
16.7168
-41.0418
108.213
-77.4741
-55.5286
98.1254
15.058
134.709
107.191
95.246
87.4967
69.0477
134.705
145.046
-8.94694
102.886
32.2019
52.2392
106.791
164.111
144.865
83.6848
172.845
180.19
115.056
-43.0194
83.2939
127.556
107.081
32.2498
99.2034
120.08
116.826
141.581
62.0233
136.995
91.4161
146.905
145.741
93.236
80.3536
88.5431
98.6461
79.8003
78.8206
155.292
-80.7612
133.46
107.358
-37.3694
57.53
-6.91674
99.0311
63.3368
-8.44582
83.3603
-29.7864
101.578
108.301
106.929
145.311
75.8498
99.6039
100.199
91.7857
177.958
198.846
111.801
104.437
133.884
85.7412
103.919
99.0976
91.4205
-86.9557
133.754
123.537
92.475
108.18
186.988
80.0729
66.6925
99.8212
90.4251
50.7366
96.6628
84.2277
29.1995
-68.736
143.019
189.47
66.3621
81.9989
92.803
100.943
112.729
134.604
16.8747
-76.8975
55.0845
99.3693
84.2006
58.6356
109.414
43.9691
152.18
43.7965
98.9868
172.763
106.975
33.4066
107.261
115.705
149.965
86.633
96.272
105.944
65.4109
88.3688
103.268
132.433
99.128
112.522
87.1933
84.7849
107.409
55.6579
91.4947
83.5383
95.5702
134.068
112.412
103.345
86.1873
83.9494
87.8011
112.139
102.309
-11.3831
101.284
97.3415
109.254
65.1905
93.7903
82.242
96.181
143.816
106.766
107.408
81.5794
45.7453
75.1398
104.865
99.5132
104.213
98.8924
68.6233
46.094
-10.1655
90.6685
119.057
114.221
44.1463
140.297
99.1459
45.4454
18.3347
85.6245
-17.3313
91.3747
103.29
104.796
59.2904
105.532
109.638
91.1991
186.265
123.126
60.0518
142.027
82.1329
88.1243
103.086
58.3924
111.767
55.5772
-86.0464
115.464
65.9446
94.782
101.612
140.048
88.2239
113.684
151.466
158.867
7.69884
76.1561
-77.3341
66.7784
88.2977
119.026
103.597
82.7262
52.8636
146.486
86.2905
-20.1945
102.784
99.9191
107.17
-16.4099
120.351
104.755
105.154
117.126
115.1
93.0816
87.0833
13.2821
-37.3702
104.504
19.2705
104.896
203.889
18.9287
114.262
89.8194
-0.381121
117.749
33.5728
181.934
99.2951
89.8579
107.365
84.9991
86.8149
153.353
99.4848
92.5634
128.637
96.4187
42.9314
177.364
105.271
92.9785
92.4255
46.6968
90.7883
111.598
95.7097
84.4372
96.7327
85.892
97.4438
89.6451
111.962
42.2553
91.3033
62.7938
92.8278
55.5659
108.267
105.114
97.1571
71.4681
96.2201
145.235
97.8125
133.711
103.068
92.2038
1.40307
-19.9194
121.151
148.354
123.228
24.8171
66.4906
116.976
111.483
81.6851
27.781
128.512
171.424
14.609
78.6749
115.4
72.1421
84.553
93.2355
99.1008
4.90185
64.0894
90.3
97.7027
120.211
83.5419
99.8709
135.366
109.087
162.061
106.057
97.3199
25.4805
174.665
91.6554
98.8331
34.4605
51.855
-15.7786
114.675
127.808
92.4182
74.1036
66.2684
139.074
96.1358
78.06
118.665
86.5315
108.187
89.0469
42.5448
92.7571
140.977
107.547
97.3416
146.543
19.3503
100.605
88.2413
150.176
-5.54405
65.2977
93.0142
2.24422
101.592
111.357
127.285
97.7258
96.2704
110.568
146.516
88.861
6.55672
205.466
108.016
156.387
113.604
123.167
97.861
152.937
80.4308
96.8029
134.975
202.265
110.547
86.2043
149.491
168.422
150.731
65.0659
)
;

boundaryField
{
    wings
    {
        type            zeroGradient;
    }
    outlet
    {
        type            freestreamPressure;
    }
    tunnel
    {
        type            zeroGradient;
    }
    inlet
    {
        type            freestreamPressure;
    }
    defaultFaces
    {
        type            empty;
    }
}


// ************************************************************************* //
