/*--------------------------------*- C++ -*----------------------------------*\
| =========                 |                                                 |
| \\      /  F ield         | OpenFOAM: The Open Source CFD Toolbox           |
|  \\    /   O peration     | Version:  2.3.0                                 |
|   \\  /    A nd           | Web:      www.OpenFOAM.org                      |
|    \\/     M anipulation  |                                                 |
\*---------------------------------------------------------------------------*/
FoamFile
{
    version     2.0;
    format      ascii;
    class       volScalarField;
    location    "8000";
    object      p;
}
// * * * * * * * * * * * * * * * * * * * * * * * * * * * * * * * * * * * * * //

dimensions      [0 2 -2 0 0 0 0];

internalField   nonuniform List<scalar> 
6728
(
-3.59063e-05
-2.1107
-3.70457
-4.90803
-5.67058
-6.00262
-5.90566
-5.28811
-4.09879
-2.65676
-0.603689
6.76006
3.24368
2.01956
1.13149
0.491638
0.227445
0.521548
1.56914
3.53287
6.50589
10.5273
15.686
21.9176
6.24379
6.06349
6.26399
6.8047
7.68682
8.90286
10.4385
12.27
14.3659
16.6834
19.1673
21.733
8.62526
8.76605
9.18879
9.85634
10.77
11.933
13.34
14.9708
16.7924
18.7572
20.8044
22.8665
10.4712
10.8709
11.451
12.2105
13.1345
14.2148
15.4401
16.794
18.2536
19.7907
21.3701
22.9558
11.9624
12.4333
13.0269
13.7587
14.6139
15.5863
16.6685
17.8484
19.1087
20.4287
21.7825
23.1436
13.0881
13.6178
14.2079
14.9028
15.6892
16.5656
17.5292
18.5698
19.6765
20.8345
22.025
23.2265
14.0794
14.5607
15.11
15.7647
16.4919
17.2925
18.1699
19.1078
20.1021
21.143
22.2194
23.3095
14.8099
15.2688
15.763
16.3524
17.0179
17.7432
18.5454
19.4224
20.343
21.296
22.2836
23.276
15.4985
15.9464
16.2777
16.7373
17.3232
17.9562
18.672
19.5194
20.3982
21.3049
22.2367
23.1535
25.3344
34.386
39.3503
43.3305
46.6074
48.9862
50.4073
50.9182
50.6183
49.6501
48.2172
46.7136
28.1725
33.6814
37.9726
41.1876
43.4949
45.0071
45.8189
46.0377
45.8007
45.2404
44.4719
43.6655
24.3159
26.9422
29.5318
31.9855
34.2261
36.1952
37.8468
39.143
40.0646
40.6122
40.8171
40.7811
24.9063
26.926
28.8992
30.7732
32.4984
34.0346
35.3556
36.4451
37.2987
37.9198
38.3233
38.5553
24.534
26.1141
27.6809
29.1989
30.6348
31.9603
33.1537
34.1977
35.0809
35.7959
36.3409
36.7407
24.4996
25.8513
27.1865
28.4795
29.7065
30.8474
31.887
32.8143
33.623
34.3092
34.8683
35.3222
24.4278
25.6221
26.7983
27.9355
29.015
30.0246
30.95
31.7864
32.53
33.1793
33.7275
34.2032
24.4036
25.4837
26.5468
27.5709
28.5413
29.4451
30.2732
31.0307
31.7128
32.3167
32.8331
33.305
24.2892
25.2973
26.2882
27.2419
28.1476
28.9779
29.7443
30.4426
31.0669
31.6197
32.0847
32.5469
24.1241
25.1062
26.0477
26.9557
27.749
28.6165
29.35
29.9908
30.5535
31.0523
31.4593
31.8917
20.3346
20.5116
20.7072
20.9385
21.1796
21.4015
21.5772
21.691
21.7359
21.7152
21.5469
21.7863
20.4783
20.5693
20.6248
20.6648
20.688
20.6996
20.708
20.7235
20.746
20.8111
20.7717
20.9025
20.5605
20.5843
20.5706
20.5483
20.528
20.519
20.5256
20.5496
20.5726
20.6324
20.6396
20.7268
20.6865
20.7283
20.7554
20.7862
20.8217
20.8616
20.9032
20.9487
20.9801
21.0251
21.0452
21.1081
20.824
20.8831
20.9316
20.9805
21.0277
21.0731
21.1159
21.1613
21.1967
21.2367
21.2677
21.3265
20.933
20.9872
21.0304
21.0711
21.108
21.1423
21.1745
21.2094
21.2387
21.2683
21.2968
21.3508
21.032
21.073
21.1116
21.1473
21.1769
21.2
21.2151
21.2327
21.2494
21.2654
21.2829
21.3344
21.1135
21.154
21.1953
21.2343
21.2722
21.2967
21.302
21.3038
21.3067
21.3026
21.2814
21.2546
21.2004
21.2427
21.2835
21.3191
21.3467
21.3679
21.292
21.257
21.2553
21.2666
21.2482
21.2011
21.2358
21.2868
21.3306
21.3811
21.5083
21.665
21.5996
21.5256
21.5055
21.5358
21.5142
20.6431
21.9665
21.9043
22.2754
22.4681
22.5855
22.6248
22.6129
22.5906
22.6075
22.6975
22.8534
23.048
20.9775
20.9157
21.1063
21.198
21.3827
21.6016
21.8439
22.083
22.3063
22.518
22.7236
22.9165
20.8162
20.8526
21.0112
21.1015
21.2698
21.4559
21.6767
21.9154
22.1584
22.3959
22.6212
22.8164
21.1933
21.2655
21.406
21.5053
21.6468
21.7792
21.9263
22.0801
22.2429
22.4146
22.5941
22.7633
21.4054
21.4816
21.6028
21.7026
21.8295
21.9468
22.0732
22.1994
22.3291
22.4633
22.605
22.747
21.425
21.5091
21.6336
21.7477
21.8786
22.0001
22.1261
22.2486
22.3711
22.4929
22.6163
22.7405
21.4132
21.5163
21.6622
21.8001
21.9422
22.0692
22.1914
22.3049
22.4153
22.5228
22.63
22.7389
21.2984
21.4554
21.6685
21.8579
22.0298
22.165
22.2793
22.3783
22.4715
22.5614
22.6504
22.7423
21.3051
21.5695
21.8178
22.0203
22.1786
22.2898
22.3782
22.4532
22.526
22.5986
22.6718
22.7498
20.465
21.1592
21.686
22.0311
22.2913
22.4082
22.465
22.5161
22.5726
22.6354
22.7006
22.7691
-150.065
-129.679
-109.657
-91.8344
-74.6327
-58.3081
-43.7584
-31.5367
-21.7743
-14.271
-8.62019
-4.10866
-43.1523
-43.1727
-43.787
-43.2368
-41.1831
-37.7615
-33.175
-27.722
-21.8595
-16.0941
-10.8576
-6.20157
-16.4747
-17.348
-18.2228
-18.8202
-19.2411
-19.3207
-18.8273
-17.5952
-15.573
-12.8446
-9.64684
-6.29805
-20.5029
-20.0323
-19.5663
-18.9579
-18.2126
-17.2568
-16.0491
-14.5684
-12.7909
-10.6917
-8.27806
-5.69126
-17.6601
-17.2677
-17.06
-16.6759
-16.1063
-15.3069
-14.2423
-12.8914
-11.2578
-9.36473
-7.23683
-4.97252
-11.7175
-11.6312
-11.6645
-11.5631
-11.3838
-11.0842
-10.6038
-9.87973
-8.86465
-7.5391
-5.90684
-4.04916
-8.13264
-8.14053
-8.1498
-8.07481
-7.97382
-7.80485
-7.52735
-7.09418
-6.45451
-5.56199
-4.37915
-2.94947
-6.05629
-6.0675
-6.03702
-5.9614
-5.86202
-5.70102
-5.45618
-5.09806
-4.5919
-3.90123
-2.98392
-1.88914
-4.20188
-4.20754
-4.17504
-4.12241
-4.0466
-3.91964
-3.72621
-3.44093
-3.0344
-2.47672
-1.72506
-0.810711
-2.46975
-2.47243
-2.44758
-2.41321
-2.35931
-2.26786
-2.12658
-1.9131
-1.60077
-1.16143
-0.552858
0.226762
-0.992488
-0.993311
-0.97344
-0.946446
-0.903305
-0.832232
-0.722246
-0.555395
-0.309887
0.0385763
0.524387
1.17398
0.264388
0.265108
0.282402
0.306565
0.343569
0.401916
0.492435
0.629372
0.830557
1.11666
1.51358
2.05168
1.37906
1.3806
1.39578
1.41754
1.44889
1.49671
1.57165
1.68495
1.85155
2.08925
2.41849
2.84113
2.38429
2.38629
2.39979
2.41926
2.44581
2.48548
2.54832
2.6434
2.78382
2.98596
3.27262
3.66315
3.29248
3.29471
3.30688
3.32434
3.34727
3.38119
3.4351
3.51664
3.63753
3.8125
4.0625
4.41186
4.11571
4.11803
4.12909
4.14479
4.16504
4.19467
4.24129
4.31168
4.41613
4.56732
4.78198
5.08126
4.86733
4.8696
4.87965
4.8938
4.91203
4.93818
4.97848
5.03936
5.12977
5.26087
5.44677
5.70395
5.55746
5.55968
5.56895
5.5819
5.59872
5.62209
5.65709
5.71017
5.78902
5.90366
6.06678
6.28847
6.19467
6.19688
6.20554
6.21756
6.23323
6.25425
6.28489
6.3316
6.4009
6.50167
6.64573
6.83774
6.78602
6.78822
6.79638
6.80762
6.82216
6.84107
6.86808
6.90947
6.97071
7.05967
7.18753
7.3543
7.33713
7.33933
7.34704
7.35758
7.37101
7.38806
7.41212
7.44904
7.50352
7.58257
7.697
7.8433
7.85288
7.85506
7.86235
7.87224
7.88463
7.90012
7.92178
7.9549
8.00368
8.07441
8.1777
8.30764
8.33711
8.33924
8.34614
8.35542
8.36687
8.38116
8.40088
8.4307
8.47456
8.53798
8.63113
8.74581
8.79325
8.79529
8.80181
8.81053
8.82115
8.83451
8.85266
8.87957
8.91918
8.97627
9.06052
9.16232
9.22377
9.22579
9.23204
9.24034
9.25035
9.26306
9.27994
9.30438
9.34049
9.39246
9.46985
9.56196
9.63191
9.63384
9.63979
9.64769
9.65717
9.66934
9.68509
9.70738
9.7405
9.78803
9.85922
9.94138
10.0194
10.0213
10.027
10.0346
10.0436
10.0552
10.0699
10.0904
10.1209
10.1644
10.2303
10.304
10.3878
10.3897
10.3953
10.4026
10.4113
10.4225
10.4363
10.4551
10.4834
10.5234
10.5847
10.6528
10.7397
10.7415
10.7469
10.754
10.7623
10.7728
10.7857
10.8032
10.8294
10.8666
10.9238
10.9876
11.0763
11.078
11.0831
11.0898
11.0977
11.1077
11.1196
11.1359
11.1602
11.1945
11.2476
11.3076
11.397
11.3989
11.4039
11.4106
11.4182
11.4277
11.439
11.4542
11.4768
11.5085
11.5573
11.614
11.7054
11.7072
11.712
11.7184
11.7257
11.7346
11.7453
11.7594
11.7802
11.8092
11.8534
11.8958
12.0021
12.0037
12.0084
12.0145
12.0213
12.0297
12.0398
12.0529
12.0718
12.0981
12.139
12.1734
12.2872
12.2889
12.2935
12.2994
12.306
12.314
12.3238
12.3363
12.354
12.3787
12.4188
12.4611
12.563
12.5645
12.5688
12.5744
12.5808
12.5885
12.598
12.6099
12.6266
12.6497
12.6867
12.7199
12.8283
12.8299
12.8342
12.8397
12.846
12.8535
12.8627
12.8741
12.8897
12.9115
12.9459
12.9835
13.085
13.0866
13.0908
13.0962
13.1023
13.1096
13.1187
13.1295
13.1443
13.1649
13.1973
13.2215
13.3342
13.3357
13.3398
13.345
13.3509
13.358
13.3666
13.3769
13.3906
13.4096
13.4406
13.4604
13.576
13.5774
13.5813
13.5864
13.5921
13.5989
13.6073
13.6172
13.6304
13.6488
13.6805
13.7085
13.8099
13.8113
13.8152
13.8203
13.8259
13.8326
13.8408
13.8502
13.8629
13.8802
13.9093
13.9306
14.0374
14.0388
14.0425
14.0475
14.053
14.0595
14.0672
14.0762
14.0883
14.1045
14.1317
14.1552
14.258
14.2595
14.2633
14.2681
14.2736
14.2799
14.2874
14.296
14.3076
14.3231
14.349
14.3713
14.4725
14.4742
14.478
14.4829
14.4882
14.4944
14.5017
14.51
14.5209
14.5355
14.5596
14.5782
14.6848
14.6859
14.6892
14.6935
14.6984
14.7041
14.7108
14.7186
14.7287
14.7421
14.7643
14.779
14.8884
14.8897
14.8933
14.8978
14.9027
14.9083
14.9147
14.9222
14.9317
14.9438
14.9639
14.9758
15.0873
15.0889
15.0925
15.097
15.102
15.1076
15.1141
15.1215
15.1309
15.1427
15.163
15.1744
15.2854
15.2866
15.2897
15.2938
15.2984
15.3036
15.3097
15.317
15.326
15.3371
15.3571
15.363
15.477
15.4781
15.4814
15.4856
15.4901
15.4953
15.5013
15.5084
15.5171
15.5275
15.5471
15.5619
15.6646
15.6658
15.669
15.6732
15.6777
15.6828
15.6888
15.6958
15.7042
15.7141
15.7322
15.74
15.8479
15.8494
15.8528
15.857
15.8615
15.8667
15.8726
15.8795
15.8877
15.897
15.914
15.9281
16.0308
16.0318
16.0348
16.0386
16.0429
16.0478
16.0535
16.0602
16.0683
16.0777
16.0944
16.1124
16.2084
16.2095
16.2125
16.2164
16.2207
16.2256
16.2311
16.2376
16.2452
16.2544
16.2698
16.2774
16.3828
16.3839
16.3869
16.3908
16.395
16.3998
16.4051
16.4113
16.4182
16.4261
16.4402
16.4441
16.5539
16.5553
16.5584
16.5623
16.5665
16.5713
16.5765
16.5825
16.5891
16.5969
16.6118
16.6266
16.7255
16.7265
16.7292
16.7328
16.7366
16.741
16.7459
16.7513
16.7572
16.7635
16.7751
16.7673
16.8926
16.8937
16.8965
16.9002
16.904
16.9083
16.913
16.9179
16.9231
16.928
16.9378
16.9424
17.0578
17.059
17.0619
17.0655
17.0695
17.0739
17.0787
17.0839
17.0898
17.0962
17.1088
17.1235
17.222
17.2233
17.2261
17.2298
17.2337
17.2381
17.2429
17.2481
17.2541
17.2607
17.2716
17.2696
17.3857
17.3866
17.3893
17.3927
17.3965
17.4007
17.4052
17.4103
17.416
17.4223
17.4341
17.4438
17.5458
17.5469
17.5496
17.5532
17.5569
17.5611
17.5656
17.5705
17.5761
17.5821
17.5928
17.591
17.704
17.7053
17.7082
17.7117
17.7155
17.7197
17.7242
17.7289
17.7343
17.7396
17.7495
17.7522
17.8639
17.8647
17.8671
17.8703
17.8738
17.8776
17.8818
17.8864
17.8917
17.8969
17.9066
17.9119
18.0194
18.0203
18.023
18.0264
18.0299
18.0339
18.0381
18.0426
18.0479
18.0529
18.0615
18.0641
18.174
18.1751
18.1777
18.1811
18.1846
18.1886
18.1929
18.1974
18.2027
18.2076
18.2159
18.2176
18.3273
18.3286
18.3313
18.3347
18.3384
18.3424
18.3467
18.3513
18.3565
18.3614
18.3698
18.371
18.4821
18.4829
18.4853
18.4885
18.4919
18.4957
18.4999
18.5045
18.5097
18.5143
18.5219
18.5226
18.6335
18.6344
18.6369
18.6401
18.6436
18.6476
18.652
18.6569
18.6626
18.6681
18.6766
18.6827
18.7824
18.7834
18.7861
18.7896
18.7934
18.7978
18.8028
18.8084
18.8149
18.8214
18.8305
18.828
18.9286
18.9299
18.9327
18.9364
18.9406
18.9456
18.9514
18.9581
18.966
18.9739
18.9852
18.9826
19.0765
19.0775
19.0801
19.0837
19.0881
19.0935
19.1003
19.1084
19.1182
19.1281
19.1419
19.139
19.2076
19.2088
19.2119
19.2164
19.2224
19.2304
19.2407
19.2534
19.2685
19.2835
19.3022
19.3029
19.3543
19.356
19.3593
19.3646
19.3718
19.3817
19.395
19.4115
19.431
19.4499
19.471
19.47
19.3952
19.3946
19.4017
19.4126
19.4311
19.4576
19.4919
19.532
19.5743
19.6115
19.6429
19.6456
19.6625
19.6778
19.6721
19.6861
19.7072
19.7333
19.7638
19.7966
19.8279
19.8505
19.8644
19.8479
19.0984
18.8924
18.9913
19.1167
19.2541
19.4111
19.5808
19.7464
19.8889
19.9907
20.048
20.0407
168.307
152.023
136.084
121.452
107.567
94.4739
82.7512
72.8065
64.7651
58.4742
53.6168
50.1195
81.258
79.4002
80.3116
80.2056
78.8528
76.3835
72.9756
68.8172
64.2243
59.5761
55.2044
51.6194
58.7765
58.9654
60.3594
60.9759
61.3876
61.5249
61.232
60.3536
58.8206
56.6651
54.0272
51.4047
61.8599
61.989
61.8974
61.315
60.7132
59.9655
59.0275
57.8702
56.4661
54.778
52.7749
50.724
59.6761
59.8718
59.6191
59.2364
58.7995
58.1768
57.3479
56.2964
55.0155
53.5046
51.752
49.9506
55.0176
55.1689
55.0538
54.9867
54.8652
54.6265
54.2469
53.6814
52.8866
51.8333
50.4954
49.0218
52.148
52.2042
52.1328
52.1143
52.0358
51.892
51.664
51.3152
50.8033
50.086
49.1119
47.9527
50.3567
50.3607
50.3112
50.2823
50.1952
50.0605
49.8595
49.5678
49.1571
48.5948
47.8321
46.878
48.6935
48.6867
48.6614
48.6378
48.5703
48.4673
48.3092
48.0767
47.746
47.2901
46.6695
45.8651
47.1353
47.135
47.1254
47.1091
47.0633
46.9908
46.8756
46.7023
46.4498
46.0942
45.6049
44.992
45.7979
45.8048
45.8005
45.7875
45.7537
45.698
45.6085
45.473
45.2743
44.9912
44.5916
44.0647
44.6495
44.6584
44.6544
44.6432
44.6162
44.5701
44.496
44.3838
44.2187
43.9828
43.6474
43.1805
43.6228
43.6309
43.6272
43.6185
43.597
43.5587
43.497
43.4031
43.2644
43.0652
42.7837
42.3932
42.6918
42.6982
42.6951
42.6888
42.6716
42.64
42.5887
42.51
42.3932
42.2242
41.9834
41.6458
41.8456
41.8504
41.848
41.8434
41.8295
41.8031
41.7599
41.6933
41.5941
41.4498
41.243
40.9467
41.0716
41.0753
41.0738
41.0705
41.0592
41.0371
41.0004
40.9437
40.8588
40.7353
40.5589
40.3001
40.3566
40.3601
40.3602
40.3585
40.3494
40.3308
40.2997
40.2511
40.1781
40.0713
39.9192
39.6929
39.6922
39.6964
39.6988
39.6989
39.6915
39.676
39.6495
39.6079
39.5451
39.4534
39.3242
39.1379
39.074
39.0792
39.0837
39.0849
39.0787
39.0657
39.043
39.0068
38.9519
38.8711
38.7552
38.5889
38.4977
38.5037
38.5091
38.5109
38.5057
38.4946
38.4748
38.4428
38.3941
38.3219
38.2177
38.0659
37.9591
37.9652
37.9707
37.9726
37.9682
37.9588
37.9414
37.9132
37.87
37.8059
37.7141
37.5841
37.4533
37.4589
37.4641
37.4661
37.4624
37.4544
37.4391
37.4142
37.3758
37.3185
37.2342
37.1268
36.9759
36.9808
36.9857
36.9876
36.9845
36.9777
36.9643
36.9423
36.9086
36.8586
36.7841
36.6881
36.5229
36.5272
36.5317
36.5335
36.531
36.5252
36.5133
36.4937
36.4634
36.4188
36.3512
36.2502
36.0918
36.0954
36.0996
36.1013
36.0992
36.0942
36.0835
36.0657
36.038
35.9971
35.937
35.8403
35.6795
35.6827
35.6867
35.6886
35.687
35.6827
35.6731
35.6569
35.6315
35.5937
35.5395
35.4478
35.2845
35.2874
35.2915
35.2939
35.293
35.2893
35.2807
35.2661
35.2429
35.2077
35.1578
35.0736
34.9059
34.9087
34.9129
34.9162
34.9161
34.9128
34.9052
34.892
34.871
34.8389
34.7932
34.7191
34.5414
34.5444
34.5491
34.5535
34.5541
34.5514
34.5449
34.5333
34.5147
34.4863
34.4461
34.381
34.1911
34.1947
34.1998
34.2049
34.206
34.2038
34.1982
34.188
34.1715
34.1461
34.1099
34.0472
33.8563
33.8598
33.8647
33.87
33.871
33.869
33.864
33.8546
33.8393
33.8157
33.7824
33.7139
33.5325
33.536
33.541
33.5464
33.5474
33.5456
33.5412
33.5324
33.5181
33.4955
33.4648
33.3983
33.2194
33.2229
33.2279
33.2332
33.2343
33.2329
33.2291
33.2212
33.2081
33.1872
33.1598
33.0991
32.9172
32.9207
32.9255
32.9306
32.9317
32.9306
32.9273
32.9203
32.9087
32.8901
32.8667
32.8127
32.6241
32.6274
32.6321
32.637
32.6382
32.6374
32.6346
32.6283
32.6178
32.6005
32.5791
32.5265
32.3409
32.3437
32.348
32.3524
32.3534
32.3526
32.35
32.3441
32.3342
32.3177
32.2976
32.2479
32.064
32.0665
32.0706
32.0748
32.0758
32.0753
32.0729
32.0674
32.0582
32.0427
32.0237
31.9805
31.7928
31.7952
31.7993
31.8034
31.8048
31.8048
31.8028
31.7978
31.7895
31.7752
31.7576
31.7146
31.5279
31.5304
31.5344
31.5386
31.5405
31.5409
31.5392
31.5347
31.527
31.5138
31.4978
31.4539
31.2701
31.2723
31.2761
31.2802
31.2827
31.2833
31.2818
31.2778
31.2709
31.2588
31.2446
31.2128
31.0169
31.019
31.023
31.0273
31.0302
31.0312
31.0299
31.0265
31.0203
31.0095
30.9965
30.9643
30.7689
30.771
30.775
30.7794
30.7827
30.7838
30.7827
30.7798
30.7742
30.7641
30.7515
30.7205
30.5261
30.5281
30.532
30.5364
30.5398
30.541
30.5401
30.5376
30.5327
30.5239
30.5134
30.4844
30.284
30.2867
30.2911
30.2961
30.3
30.3017
30.3013
30.2994
30.2952
30.2875
30.2787
30.2523
30.0506
30.0529
30.0568
30.0615
30.0651
30.0666
30.0664
30.0648
30.0612
30.0542
30.0467
30.0256
29.8207
29.8226
29.8263
29.8307
29.834
29.8353
29.835
29.8335
29.83
29.8234
29.8156
29.7922
29.5894
29.5918
29.596
29.6007
29.6043
29.6059
29.6059
29.6047
29.6015
29.5951
29.5876
29.564
29.3637
29.3661
29.3699
29.3744
29.3779
29.3795
29.3797
29.3788
29.376
29.3703
29.364
29.3413
29.1414
29.1435
29.1472
29.1515
29.1547
29.1563
29.1566
29.1559
29.1535
29.1484
29.1432
29.1211
28.9229
28.9244
28.9276
28.9315
28.9343
28.9357
28.936
28.9354
28.9333
28.9288
28.9247
28.9036
28.701
28.703
28.7066
28.7108
28.7139
28.7158
28.7166
28.7164
28.7149
28.7111
28.7084
28.6885
28.4827
28.4845
28.4879
28.4919
28.4951
28.4973
28.4985
28.4987
28.4978
28.4947
28.4932
28.475
28.2663
28.268
28.2712
28.275
28.278
28.2805
28.2819
28.2823
28.2819
28.2795
28.2794
28.2637
28.0511
28.0524
28.0553
28.0588
28.0618
28.0644
28.066
28.0666
28.0667
28.0651
28.066
28.0529
27.8315
27.8333
27.8366
27.8406
27.8441
27.8474
27.8495
27.8506
27.8514
27.8507
27.8529
27.8422
27.6145
27.616
27.6191
27.623
27.6266
27.6302
27.6327
27.6342
27.6357
27.636
27.6395
27.6312
27.3971
27.3985
27.4016
27.4054
27.409
27.4127
27.4153
27.4171
27.4192
27.4203
27.4248
27.4188
27.1782
27.1796
27.1826
27.1864
27.1901
27.1939
27.1967
27.1988
27.2014
27.2034
27.2089
27.2057
26.9555
26.9572
26.9603
26.9645
26.9685
26.9727
26.9759
26.9787
26.9821
26.9851
26.9919
26.9923
26.7326
26.734
26.737
26.7411
26.7451
26.7495
26.753
26.7564
26.7607
26.765
26.7733
26.7778
26.5071
26.5085
26.5113
26.5152
26.5193
26.5237
26.5275
26.5315
26.5367
26.5425
26.5524
26.5614
26.2743
26.2762
26.2795
26.2839
26.2885
26.2935
26.298
26.3029
26.3095
26.3172
26.329
26.3426
26.0409
26.0423
26.0452
26.0494
26.0539
26.0591
26.0642
26.0702
26.0783
26.0883
26.1028
26.1186
25.8009
25.8022
25.8051
25.8092
25.8137
25.8192
25.825
25.8322
25.8422
25.8553
25.8745
25.8945
25.5524
25.5536
25.5564
25.5605
25.5654
25.5714
25.5783
25.5872
25.5998
25.6169
25.6431
25.6786
25.2907
25.2924
25.2956
25.3003
25.306
25.3131
25.3216
25.3327
25.3481
25.3688
25.3993
25.4374
25.0196
25.0212
25.0243
25.0291
25.0352
25.0433
25.0534
25.067
25.0856
25.1104
25.1451
25.1977
24.7355
24.7368
24.7397
24.7445
24.751
24.7602
24.7725
24.7894
24.8127
24.8442
24.8855
24.9606
24.4297
24.4309
24.4339
24.4394
24.4472
24.4586
24.4746
24.4967
24.5273
24.5692
24.6209
24.7113
24.0966
24.0985
24.1022
24.109
24.1192
24.1342
24.1559
24.1857
24.2265
24.282
24.349
24.4523
23.7239
23.7258
23.7302
23.7389
23.7529
23.7744
23.8056
23.8485
23.9054
23.9804
24.0693
24.1923
23.3227
23.3247
23.33
23.3413
23.3601
23.3898
23.4335
23.4932
23.5711
23.6704
23.7855
23.9352
22.7661
22.7678
22.7795
22.8011
22.8398
22.8991
22.9813
23.0856
23.2092
23.3511
23.5033
23.6826
22.3069
22.3239
22.3252
22.3598
22.4176
22.4999
22.6086
22.7416
22.8942
23.0641
23.2425
23.4384
20.9516
20.7384
20.8626
21.0486
21.2877
21.5831
21.9118
22.2356
22.5262
22.7815
23.0088
23.2382
23.1596
22.5458
19.2116
23.1103
15.536
17.606
39.993
15.9824
28.1574
3.6194
33.2457
25.9442
25.2323
23.0534
19.4349
21.6416
16.8844
41.5271
12.213
20.8254
21.7598
35.1534
12.631
24.4581
30.0577
16.0755
16.5637
25.3405
19.0026
24.0412
10.359
27.1262
24.113
24.8451
8.68785
25.9187
28.4198
23.4779
23.5265
24.3612
9.19813
21.4458
9.18917
18.3279
22.44
19.8026
25.4648
13.7697
31.4305
27.2558
27.6007
17.1954
20.7009
20.6859
23.581
31.3672
23.3817
23.4201
18.5711
29.5981
20.9825
33.2285
18.7186
20.6344
24.7041
28.3861
24.1236
20.0444
33.769
13.0396
22.6002
35.3972
20.1324
22.178
19.644
23.538
30.4854
18.8162
15.8303
23.2642
24.2885
34.8822
20.7948
24.6092
22.9585
17.6917
22.2243
28.2572
34.3113
25.0865
26.2169
27.0722
31.6589
22.744
23.4577
19.903
20.0942
19.2684
16.3783
21.1494
21.0234
29.465
32.9426
18.5583
25.2424
14.6729
22.5022
23.3167
16.6525
32.986
18.1096
27.6696
22.4208
21.6646
23.1771
4.16832
32.6011
20.6025
30.1692
37.228
19.2306
15.1562
24.3773
25.9177
23.225
15.0511
24.4263
33.387
24.0958
12.3864
22.8046
22.9165
25.161
40.4396
25.5004
25.6972
23.0705
11.7353
32.0338
19.8761
24.8543
29.9493
22.6619
27.8516
18.7937
26.6069
25.1411
23.6007
14.968
29.1526
20.6216
24.5403
22.8489
26.7726
28.8741
24.9068
20.6151
17.3058
23.5206
15.8078
16.5457
28.6042
8.87943
29.2476
8.10092
20.3474
27.8665
8.03956
27.9724
23.5254
23.5501
34.273
26.9584
39.0781
9.57585
22.6493
8.50411
45.8115
16.7881
23.0377
23.6996
23.2408
12.8809
17.9525
17.8411
21.0049
28.3057
24.1852
21.502
27.56
8.2061
6.91981
36.0141
17.5083
27.4248
23.9356
38.0139
39.1289
19.141
19.9975
36.1801
20.7607
23.2532
9.93051
23.4498
20.7218
19.1998
20.9054
18.3231
7.63704
23.8692
27.6565
23.4263
34.4628
25.6225
23.6375
27.484
14.8557
23.8503
24.5772
25.7264
18.2523
5.05984
27.8253
32.9391
22.5612
14.1215
34.428
28.0444
16.4102
20.8674
24.3069
26.8485
19.6069
23.511
25.4037
35.1793
19.6483
14.1612
25.4391
29.4532
12.8435
27.3774
40.8696
-1.26096
15.6121
15.8974
25.4301
23.5907
19.8172
15.9563
22.347
20.5601
35.3639
24.3672
34.219
21.9287
22.3751
19.964
26.8867
29.7898
18.6364
23.2492
28.125
37.1607
25.6573
24.2848
23.6864
22.3266
9.8611
25.6582
23.4486
20.0982
16.2743
22.2797
21.8525
21.9564
13.8299
17.9176
11.8494
16.4455
21.4581
11.2534
48.0354
24.0625
18.5866
31.7086
23.1862
24.9527
17.7053
23.6437
18.486
13.0529
40.7906
19.7425
12.5997
32.19
22.8059
11.6814
23.8314
15.5964
24.8705
23.5387
19.6684
29.0953
32.5149
21.6924
32.6035
24.2874
31.9656
20.6272
15.7381
18.5527
22.6354
26.9484
36.6884
38.2294
35.0012
30.5224
13.2967
19.7069
23.538
21.8787
18.8572
29.3432
24.3929
11.4857
22.2218
26.0352
11.5114
24.823
18.4584
21.229
23.4526
38.5244
15.6236
21.6429
19.1478
18.308
22.2226
21.5066
13.5087
37.7923
19.4588
29.3803
39.0336
26.3138
33.5595
24.1574
19.8714
20.1784
37.7676
12.6056
19.952
22
21.0452
20.5602
16.8843
27.6251
24.1358
21.4797
20.524
23.4258
24.1581
18.306
19.4548
18.5443
22.6872
23.9925
22.2916
22.4953
20.1502
29.9224
26.2445
11.0877
23.5196
16.4223
37.5072
30.6096
20.2696
34.0299
21.743
23.1336
48.3812
23.3999
6.55054
19.7573
7.14354
12.2874
21.5203
11.1267
28.3613
27.3271
43.261
29.5712
22.8872
27.0415
10.0089
6.08279
22.1436
16.5863
18.2104
21.5202
27.0109
23.3637
23.7055
28.745
24.5717
36.2644
40.7375
34.0132
19.7541
20.8863
23.3314
23.047
25.1665
20.5335
14.8591
17.399
25.0493
20.3409
16.9107
27.5267
22.2188
23.5361
18.6085
35.0475
6.98902
23.4689
19.6442
14.4072
25.42
3.24071
17.5867
14.151
46.733
21.8521
21.9982
23.2896
20.2303
21.4816
28.2579
22.9954
25.5622
26.9354
23.9487
23.26
27.6694
21.2709
34.6386
21.235
31.7389
20.1882
23.5317
35.0765
20.9444
25.2743
22.8162
22.5909
18.5354
18.6397
1.14239
18.9361
30.9122
25.2396
12.3708
4.84219
18.3918
28.5627
26.5758
24.7471
26.3274
21.4659
35.6557
22.6793
5.92483
20.7485
22.5224
14.7426
23.3503
10.3623
23.7392
20.8402
30.1241
26.8093
16.4615
22.3775
21.2453
24.6122
12.0507
24.7039
25.8998
21.553
32.3362
13.7463
25.4771
12.8281
17.8998
35.9885
20.5265
3.50434
34.1551
20.8292
25.2434
37.63
17.2734
38.9017
38.9206
23.0411
23.2186
20.9122
23.1676
15.3143
22.1097
19.2344
21.2342
29.6247
21.6793
18.1008
23.5943
21.8054
15.0374
9.36696
31.9905
29.8469
24.0396
43.402
24.2071
14.6886
20.6858
10.1183
32.4914
37.87
22.8313
28.9258
22.2115
26.0264
21.527
28.5931
14.5062
22.7557
19.0903
10.0951
21.3351
25.1738
27.8596
23.1849
17.0453
24.5021
21.3808
21.047
30.4561
24.445
16.8001
12.0691
27.8554
21.5517
22.5965
16.3221
11.059
16.0791
36.3158
31.7843
21.6913
22.5148
18.8682
23.0534
15.6502
23.7231
19.9036
21.7625
18.5186
35.9553
19.2626
33.7035
23.0392
17.7357
21.5888
25.1324
16.3855
22.0273
22.3705
16.0619
15.9121
24.5998
24.4589
9.35458
23.8687
27.1419
28.4963
26.3517
23.5902
23.2897
22.0866
23.1113
42.7508
16.0697
23.9914
23.5644
24.5872
19.2191
32.5008
31.516
24.8448
21.0812
23.585
26.3107
23.3517
25.5992
33.5552
23.2746
14.5795
18.2779
23.226
22.7906
21.3558
23.9715
24.6007
51.7145
23.2577
21.0145
26.1551
19.5219
20.1078
16.2168
22.8689
25.7512
6.84799
33.5366
24.5198
43.3862
19.5383
24.1463
19.6286
4.10627
13.6639
5.41356
24.514
26.3591
17.6055
27.177
29.8977
23.3028
24.0276
23.0365
28.873
19.855
23.6581
11.8052
6.99801
34.6411
11.9848
22.6114
23.6529
26.7561
27.6158
-0.247729
10.2149
23.1305
25.1465
21.0678
24.0055
23.3218
29.8589
23.2011
30.0653
2.5227
25.1495
30.471
27.0467
28.7096
16.6492
25.975
29.6211
25.7365
23.9358
5.80933
23.2082
12.5217
19.8597
17.2936
23.088
9.80125
23.7513
24.45
20.7774
24.0374
29.1484
23.6667
23.1542
21.2674
23.492
23.9345
22.2095
17.8286
19.169
23.9931
21.5498
9.90087
31.8916
22.1936
30.0258
16.7166
22.8109
31.5642
23.7547
19.4199
26.5261
23.0867
36.7725
19.8741
18.1438
14.396
14.9434
14.9961
25.6084
22.8226
10.8605
32.5761
33.3819
19.7189
36.7219
23.0041
43.4369
21.1798
24.7563
33.2325
7.83245
18.7897
19.7626
23.0223
23.5934
22.0115
33.3494
19.2425
39.7025
24.3512
20.8578
27.5429
27.088
24.4361
13.6827
28.4353
19.1576
23.0557
28.7023
23.7984
19.0187
24.0757
24.8982
25.0566
23.8915
13.9965
19.8684
19.7496
27.6566
45.7146
21.6289
32.2204
13.508
18.3318
23.1322
15.2031
12.4615
18.4672
19.3914
17.3857
17.8518
17.8732
9.81393
24.3644
22.3097
31.1669
20.6614
24.2778
14.9628
38.3408
33.397
40.9098
11.4109
22.9407
13.2327
28.7684
20.2655
23.1379
36.9919
15.4148
23.2886
23.2929
22.7951
20.0523
21.9635
19.0527
22.8142
25.9423
15.2637
24.6549
35.3138
34.0541
35.4835
29.3958
24.4134
20.5299
23.204
0.760181
30.045
14.1356
32.8841
28.3853
27.1379
23.4228
20.9809
29.0393
34.5992
20.1976
25.2313
20.147
32.595
23.3065
36.2826
30.1248
24.4052
29.3741
24.9675
21.2056
23.4838
39.7622
21.0389
11.466
31.167
37.3606
35.2454
23.9808
32.0724
24.4416
19.0906
25.2247
23.0933
27.9842
17.4816
31.379
23.0803
13.4352
45.0593
9.34283
23.054
20.7285
22.9905
38.3912
17.6228
19.2281
19.2763
18.7839
26.8583
12.7696
18.4618
4.9333
38.8973
4.40801
23.1963
9.90663
30.0212
21.546
10.371
8.78203
13.9743
20.7203
18.0943
21.2418
9.28114
26.1973
28.9592
5.10702
23.5451
25.7241
15.2166
33.181
19.696
26.5984
40.0986
23.0107
27.3222
25.6774
15.8183
28.4764
21.2069
20.7658
30.1062
8.88924
18.6941
27.9448
18.647
35.5465
15.4259
33.4332
8.56736
28.6873
25.0602
15.7783
32.9223
24.0324
30.6364
26.8412
20.2727
33.5524
26.8435
25.9655
13.8334
22.8562
24.706
33.8255
21.2877
19.7597
19.9567
19.8275
27.0106
20.6896
35.8313
23.4348
18.4273
20.271
8.78504
22.2115
27.5299
29.1196
41.989
25.6013
23.6348
23.5577
23.6483
18.0926
22.9848
21.9981
24.6395
41.9419
9.69116
22.0254
11.2276
23.9366
22.4849
16.0382
24.1426
23.1341
44.3352
32.4551
16.0233
17.6525
29.2278
22.37
19.926
24.3437
23.7763
18.1133
22.6387
14.8338
16.9266
24.1078
17.686
24.1177
21.089
23.7724
24.3705
20.2253
39.5347
21.7118
13.1153
43.4548
11.223
31.2184
23.453
11.0906
26.4948
19.1785
23.4842
31.6443
32.5504
36.5489
22.9715
19.1649
9.30168
22.6003
35.6415
18.0297
26.2067
12.1226
21.9531
17.2963
21.9565
20.869
23.037
22.5575
33.2514
21.3504
23.5574
25.5648
20.978
26.8059
23.6981
25.6556
29.1417
20.8418
28.06
13.3572
21.249
21.4973
27.0902
39.0282
24.5461
24.3865
23.512
14.4936
15.2076
25.4599
23.7238
24.122
25.0506
8.48681
29.919
22.9012
22.461
23.0106
22.3562
25.8194
13.7804
16.8957
8.03895
27.9313
20.1411
28.6016
11.5129
16.0219
16.7138
22.9
22.1796
27.7217
6.63046
10.4648
22.9314
28.8233
35.3157
28.2432
21.1048
28.049
29.1348
27.2245
20.4618
15.7616
21.4186
23.1776
18.9405
29.4959
32.494
34.9734
24.2539
15.7369
16.2176
16.0701
11.2259
35.5212
22.5579
22.5078
19.9124
19.044
33.1593
29.4775
21.9286
24.2266
23.8207
19.8912
19.7701
26.5776
22.2108
46.8914
24.2582
27.6803
23.4855
28.1287
14.5051
21.1709
26.1959
24.566
24.0322
14.5674
33.6524
19.4628
23.8895
20.0599
-1.43751
26.8441
20.893
26.1613
22.7418
19.8702
23.3271
23.8112
32.6204
24.2782
23.6629
20.0424
28.8745
23.5736
24.1373
18.9862
24.0908
22.6593
25.0287
19.4993
18.1045
24.4477
13.3281
19.3304
22.9323
23.531
34.0639
13.9026
20.3583
26.128
38.2314
21.3586
24.2671
22.6512
24.7352
-2.8722
24.38
17.3686
26.3197
14.2273
11.2419
22.8953
27.0481
23.786
14.0791
38.0001
24.165
28.8506
8.51421
23.5629
22.7652
24.4893
16.5738
19.1329
20.284
22.0433
16.5309
29.396
24.8326
19.2071
32.0503
23.1213
11.707
23.453
21.5693
21.3427
23.7038
19.4691
11.0394
32.5841
20.1788
12.3104
35.703
11.3608
28.8559
23.3924
23.8295
21.1609
29.6116
16.0354
24.326
35.0593
14.708
29.4205
26.3427
22.201
21.5
46.1256
20.7803
27.1647
28.6462
30.6839
21.1681
36.8633
30.3876
31.8282
21.1133
23.9529
23.0284
17.1234
25.1213
21.7676
22.2521
29.4265
26.3045
12.0865
29.1125
25.8455
23.6916
23.4301
10.5696
18.9098
23.22
17.5642
23.5581
33.0081
21.4501
14.5317
14.5892
20.5949
23.2536
19.2993
16.1048
33.827
21.9784
21.457
19.5452
20.8632
15.9926
19.7228
16.3374
21.3695
21.7262
20.7331
35.7373
25.0299
36.1746
27.1241
28.278
24.8544
34.3197
21.5079
22.7484
39.5045
17.0538
21.2725
10.418
23.44
29.5869
24.6511
27.8551
14.9181
17.1701
14.4009
17.1249
21.5563
31.0802
24.4564
22.8143
19.0745
20.3799
25.7415
38.9491
23.1283
27.1052
21.8114
31.985
18.0609
20.0705
14.1863
20.8585
22.2156
19.4818
22.9338
19.3317
23.1731
43.8975
22.2218
21.9418
24.267
25.1834
25.6797
37.1311
16.1232
26.9661
31.7434
18.0336
20.6431
6.14913
15.6673
23.0266
20.2654
11.4441
22.1831
22.6652
24.8931
22.0207
14.6153
42.5624
21.9101
22.3542
22.5751
32.8894
20.489
22.1407
8.98301
34.8554
13.0933
12.4448
30.9262
22.395
13.3281
21.1079
24.9869
20.3211
26.5113
19.2436
19.4465
11.9639
17.126
24.1273
17.6125
17.3234
21.5764
18.6526
25.9759
26.558
-2.3243
22.5292
25.8191
36.1084
12.4134
38.5831
12.3964
20.8549
20.7571
24.1787
19.7545
37.1516
2.79882
22.1962
31.8372
21.6246
23.2507
15.3931
22.3061
22.5194
28.0577
30.3007
25.917
18.9837
22.9273
27.3021
35.6765
45.7957
22.5602
29.8019
24.2008
22.5415
18.1313
23.039
17.3247
29.0098
32.3163
21.6294
0.200844
18.706
21.7498
13.3202
11.8692
25.1809
22.6377
10.0617
24.4425
0.334172
19.6138
15.74
15.1303
34.0256
24.062
27.9581
31.59
24.573
24.3034
21.4746
24.3506
23.0405
15.0466
24.443
21.0923
18.658
19.9786
14.412
23.3804
24.8039
8.54262
18.7714
22.4646
32.7579
37.8021
21.114
23.5305
23.6307
29.8516
21.0816
27.8736
23.1851
20.9174
26.1756
18.8799
32.9696
25.8962
20.8856
16.821
29.3649
36.6193
15.6445
24.9002
21.557
23.1628
30.2525
19.8711
20.9703
34.5707
11.255
14.1245
25.0088
23.6541
24.0337
17.7225
22.444
21.7427
19.7395
30.7539
13.9492
9.70641
23.2189
19.3755
21.0302
13.2889
25.2719
27.2726
20.3786
14.8351
22.7799
24.9404
33.3717
24.2226
24.2745
23.1831
38.9123
22.8202
37.3053
9.49241
13.5453
31.7075
27.6447
29.0432
35.9136
22.1703
26.8793
24.9068
31.4015
23.2449
31.0476
28.6047
25.1931
31.5229
20.4781
12.6903
22.0629
13.4244
20.8847
22.4709
18.6523
17.6408
22.8074
19.4372
23.7931
23.8925
22.2205
20.332
30.7276
21.0684
11.2204
16.6565
16.8301
23.0983
7.07798
19.6358
28.4515
22.7107
8.13482
20.1157
30.1437
43.504
19.1957
24.4127
18.2294
23.341
25.7154
24.2772
27.7014
27.2669
24.2707
36.114
19.4568
26.8541
21.629
31.0075
17.7241
20.3769
20.8706
47.9243
15.8591
37.5455
39.7801
24.148
22.875
26.6342
30.3739
18.9253
32.95
7.26774
25.3666
27.7578
33.6559
19.0553
27.1304
34.7424
23.3538
18.1543
22.7807
23.4853
23.4079
27.0457
20.389
23.8349
30.1599
5.51496
13.1332
25.7259
19.4793
25.7517
17.0272
23.4751
24.6085
18.6291
7.93275
24.4598
24.5012
18.8952
23.8417
20.4171
14.6855
37.6986
21.1696
18.1448
23.344
32.1432
42.2949
22.616
34.7843
23.4762
22.2497
21.8194
10.7242
21.4027
19.9937
22.9871
27.4088
23.7926
24.4151
35.831
21.9281
17.3704
11.4973
14.6885
44.3206
7.98778
18.381
24.0725
28.1533
13.5262
20.2168
22.8256
30.9589
21.8764
20.1966
31.2783
20.4349
29.776
23.8369
31.8625
28.9244
35.8315
19.4571
23.2532
32.4516
28.9497
25.6342
31.5748
19.8487
33.0795
17.033
16.9023
24.3456
28.8094
21.725
25.1651
17.5005
24.5155
31.1109
36.8064
25.5758
17.8832
22.5599
34.1559
37.2608
22.1447
36.1977
20.3982
24.4884
22.9882
15.4888
16.6166
22.5774
20.197
21.7534
18.4126
22.7361
20.5832
36.7179
-2.95855
34.2045
45.0352
24.2529
26.725
20.2099
26.8781
9.4062
18.7186
23.0686
23.9533
11.1868
22.984
34.8924
23.7069
22.5049
23.9831
30.8788
18.3881
24.2081
43.3652
19.221
34.0552
19.0137
13.7629
19.9563
13.2232
25.8746
22.6334
12.9599
24.4313
23.898
19.6702
18.6501
31.1476
25.9077
18.5777
38.9458
22.8594
2.91826
14.445
31.2353
24.574
16.3277
22.9673
12.9883
31.0031
31.7839
32.8139
28.8224
21.8548
25.5538
30.6639
18.8267
20.0669
21.8485
23.0642
15.8687
28.6985
29.3685
18.583
12.4561
15.2509
26.2746
21.3906
14.8656
18.5095
21.8045
23.1329
20.9615
25.855
22.7572
22.84
23.4502
23.2883
17.6589
20.5902
16.1337
15.2084
24.9101
30.5573
32.0362
9.72698
24.8337
30.9143
24.1726
32.2357
19.603
22.0862
24.4473
16.3448
28.0203
26.2514
30.3261
23.6211
20.5353
16.2575
5.00576
21.5254
22.2636
20.888
28.6152
38.3023
44.9087
21.3276
26.2176
33.2992
24.787
24.1988
35.6003
19.274
26.655
23.5023
44.2895
15.0419
19.4514
29.9033
24.0455
33.6984
12.8327
14.2323
21.0002
34.5001
32.5232
23.5362
5.22502
30.8652
16.3497
13.8272
23.6613
14.6658
19.8507
32.0652
4.65594
49.8152
23.0919
22.5089
9.21331
19.8398
24.8608
20.6166
26.5696
42.194
5.53196
25.1428
23.6694
26.9372
17.2007
31.7403
23.7026
7.98852
18.9533
22.4349
21.961
17.2921
32.6206
20.6864
34.6962
26.2447
20.2691
21.4129
26.1452
30.0615
24.3634
23.9995
30.9776
22.9922
10.8054
23.5621
29.354
5.74513
21.3149
31.88
22.5849
7.14802
25.4639
17.8004
16.4233
24.9147
19.9853
27.44
19.7342
24.2086
26.1985
27.3134
13.4014
23.4398
27.9002
27.416
24.533
22.6311
10.0616
22.9363
20.7479
17.5375
21.8277
23.3209
38.566
25.1328
26.485
12.7825
30.502
25.8018
23.5553
30.9482
44.3944
24.4678
21.5407
19.3699
35.6656
1.64995
19.5004
9.81312
8.99347
33.7091
23.4689
26.5207
23.9902
27.8441
13.4547
23.1307
29.8177
19.2679
37.4616
22.1881
23.0914
16.329
18.2236
21.7985
12.5834
23.8402
28.0129
22.9008
25.0875
19.8872
13.004
33.8205
10.8796
31.3448
25.7881
20.0419
20.5549
23.6489
28.1499
15.1728
18.2624
0.639954
17.6065
27.6705
23.4587
23.0963
24.7162
21.9509
21.7759
29.1657
8.19022
17.6005
30.843
24.0864
33.7739
25.3522
7.94963
23.8243
35.1253
21.2464
24.056
16.1922
24.8987
22.9517
21.8763
24.068
19.9065
26.0559
10.5263
16.9903
29.1215
20.5358
26.6253
40.168
27.5185
22.856
43.8097
19.4819
24.7028
11.214
11.9283
20.1967
18.2865
20.5266
5.84498
30.1849
14.1752
35.2569
31.6626
28.93
11.0227
7.90918
21.7676
39.4877
23.4286
23.4162
22.7632
30.3121
10.6907
32.2777
17.9367
22.7561
22.9033
23.5149
21.9336
22.1825
38.5023
23.0685
27.8481
14.5257
23.1002
19.5099
22.663
24.0086
20.7162
39.1831
22.2681
9.22952
21.4616
21.9133
20.9107
12.8651
17.8034
20.3089
22.1411
25.5114
36.2691
29.6508
22.5509
23.2469
39.7285
28.5966
24.3309
27.9436
22.6243
21.0265
15.0095
26.5704
26.6009
22.5322
24.2599
48.4042
17.0625
30.4375
21.7514
12.4233
25.4223
26.5294
18.8742
13.6012
26.047
24.1228
16.5066
24.8516
20.6049
20.7144
21.4916
25.4484
12.2015
26.3891
23.3863
25.7105
23.9528
22.2605
24.178
30.1673
10.9214
21.8704
19.7403
15.2418
21.9793
4.54403
23.6291
13.5696
18.0379
20.701
32.7406
28.7407
10.8729
20.6105
22.4171
22.3756
34.6513
12.2925
21.1439
22.9893
18.9103
24.6205
22.8139
14.652
29.6349
28.8679
12.7285
7.57521
22.1414
23.3163
29.5235
23.3964
16.9023
19.9734
23.1602
18.7823
27.5705
20.6678
30.6124
34.1769
22.1261
26.6806
15.017
23.0856
25.3123
16.9633
21.1306
20.608
17.0666
37.8584
22.1225
36.8824
22.8643
19.2983
32.9366
19.7816
22.6546
21.633
21.4407
23.0459
37.639
14.4715
25.6052
15.0684
25.1889
21.7641
27.0264
19.343
2.75596
24.2273
33.2253
30.3054
20.0974
8.39791
29.1071
21.8492
27.5555
24.1869
22.8937
20.7576
23.425
26.3041
9.02292
32.4565
23.34
21.161
16.3699
34.6008
22.7119
25.4321
28.3252
26.6313
23.5076
35.2867
27.7559
20.7961
28.5784
24.0643
17.7521
22.0014
20.7631
10.7118
21.1163
20.4253
16.6279
22.7397
1.92763
23.6933
35.4408
23.1465
27.0443
13.8414
17.711
19.0273
23.3779
24.7721
44.7197
29.1728
14.2918
22.8091
26.5029
14.0136
25.2021
41.7619
25.4116
22.6415
19.5019
26.284
27.5435
25.6642
18.6774
23.6487
26.2613
23.2601
32.3073
33.8815
19.0915
32.7708
31.8398
15.8087
23.3378
20.7784
22.5314
23.5253
24.7616
20.4414
22.8736
15.4857
22.8116
21.6993
18.2825
20.4804
22.8899
20.9422
17.6583
21.8358
31.7318
-2.01427
22.3517
19.025
6.96437
25.1133
13.1541
23.505
42.9584
25.7492
15.2716
24.3867
40.0713
24.0492
0.786399
19.1358
21.8275
23.0438
19.5022
23.7342
19.3223
23.5172
27.3374
10.3683
28.1922
24.1742
23.2348
27.0279
20.3865
24.4887
5.93812
18.1889
11.0511
25.1987
19.1386
9.62152
14.1762
22.7599
23.1017
13.2883
19.7355
22.7606
21.0866
18.2268
22.7126
37.1145
20.973
29.3955
24.9537
33.413
28.5357
21.9809
14.9847
22.2538
26.9864
20.376
16.2771
18.0367
19.6008
24.4228
20.4831
24.3138
29.0736
15.3028
23.4551
17.7622
26.4428
18.3512
26.9962
26.904
26.0363
16.972
22.2474
21.484
27.9943
26.2431
21.069
18.0122
21.6944
23.6555
22.8946
39.5363
20.8484
17.9608
25.1127
29.4425
20.6022
28.2134
21.4425
30.2585
32.0745
21.2004
22.6874
19.5506
21.2082
20.0576
23.7142
32.666
24.86
26.3622
35.8501
25.779
16.8109
23.82
31.9804
26.5281
20.636
18.589
23.1516
29.1696
21.185
16.2914
22.7765
32.7758
32.5864
8.58512
30.9575
23.5058
25.3072
22.014
17.1763
24.8604
18.0714
18.1278
25.9425
20.5675
23.0848
18.7364
7.152
29.0865
20.4618
34.4391
34.9879
22.5425
17.2828
37.1274
28.9527
28.4695
15.9973
23.1346
20.8864
23.213
22.5907
23.2153
4.24154
19.0936
18.4797
23.335
18.3035
23.3522
14.6867
13.0972
22.9592
15.1507
16.7369
36.9549
26.7006
23.2436
33.491
34.4324
14.8326
22.7173
24.6576
23.0804
17.5179
39.4458
23.1213
26.8373
25.527
15.8724
19.8977
25.4056
6.29707
23.3895
24.1645
27.9295
17.9493
24.6825
28.0093
14.8299
40.4303
17.4026
14.5508
25.5623
23.2025
33.2888
25.5999
19.6104
28.7884
12.0293
33.1027
31.4376
32.8359
22.1955
30.2482
20.3178
28.8087
24.8204
23.3935
24.6653
22.5089
16.7496
29.0483
13.5376
37.3239
31.0529
13.2002
26.1493
18.3534
23.2972
23.7231
13.8006
17.331
25.9288
31.9737
21.8365
31.414
22.8062
26.2127
32.8899
19.8082
15.5034
28.5419
18.5277
41.5326
20.5434
23.7399
-2.41754
21.4027
14.0556
23.064
11.5075
23.5585
39.5703
31.4067
19.4251
16.4472
12.2301
23.937
25.59
20.7633
19.2426
15.2264
24.0844
22.9432
30.4231
22.3148
18.5207
30.6266
32.0059
26.4864
14.4173
30.2561
20.6375
28.3337
36.5548
34.6909
-6.95757
32.324
22.8347
20.3967
22.3585
1.06705
23.5946
18.0066
31.7052
25.4561
6.85954
21.6637
41.2259
19.9233
11.5099
23.7043
15.0502
18.1328
22.5708
19.0839
33.0607
22.4768
28.9579
26.1444
23.6628
22.097
41.2421
24.6174
23.7284
22.5841
15.1016
13.8693
19.5694
22.6787
22.6101
17.5454
9.73981
29.0195
26.3281
15.1725
24.5435
21.9632
15.4302
22.6974
31.647
24.1657
23.5289
28.6671
22.2368
27.7067
12.2667
13.9829
22.4974
15.7117
28.3819
24.9666
17.0803
18.4704
21.153
16.1852
18.537
35.7734
23.6475
27.8411
22.0132
15.9321
31.3746
32.8831
19.3283
22.5983
19.5002
19.9432
17.7215
25.0766
27.4313
23.2414
24.685
21.2444
22.3416
19.4127
27.2231
29.2611
23.4618
12.7599
15.6257
23.5174
22.7561
30.2771
20.4829
22.6569
37.423
23.0129
23.4462
44.6372
7.56841
23.7211
18.1835
20.6208
23.8765
21.8703
23.3902
18.0588
29.9542
28.3895
27.8985
27.4914
20.6268
23.4599
18.2242
17.3014
28.0965
13.7071
16.7641
38.9394
22.8044
16.1007
13.6699
13.5812
26.3919
5.4893
22.494
34.343
26.7927
17.9157
8.54188
23.9544
22.2831
22.5993
28.0742
18.4226
24.8068
36.7886
21.5545
22.2793
34.8128
9.74704
26.7201
23.7585
39.6692
28.7083
47.43
26.1529
23.6865
13.8009
25.0812
20.5504
19.5746
31.0864
9.26573
32.8237
15.2816
27.4014
18.8839
33.8191
20.9783
13.2756
18.7035
17.6966
25.1798
19.2992
21.2246
37.5335
21.4151
22.9048
4.05345
22.8507
14.0191
33.8041
11.8264
29.0358
23.1157
22.7279
28.0994
27.8978
34.0127
22.9482
23.5644
24.9001
24.3089
26.5769
26.6598
21.5765
33.6731
20.2629
39.672
16.3626
23.6505
24.9342
19.6054
22.4284
8.7278
12.6539
24.5581
32.4447
22.8445
20.3823
30.7963
26.3074
28.5816
25.6693
20.7817
44.3003
13.8965
35.0685
24.7317
30.1647
20.3304
29.6354
22.5619
22.3361
20.0025
20.2484
24.0948
17.3746
18.4858
24.3444
30.8325
32.8842
34.1746
19.2237
20.7909
34.2691
36.4652
15.8534
42.2347
28.778
20.8651
36.5568
26.1446
24.5799
35.6413
11.5549
40.8656
24.7032
22.4299
22.2504
17.3256
10.9313
28.8899
22.2046
23.2647
33.2627
16.2012
17.5763
14.9689
26.211
33.8844
17.5977
23.4883
9.75649
4.61582
23.1219
29.6241
13.3968
46.3192
19.1729
22.7561
21.9562
6.93677
18.3479
26.4283
38.1665
12.3988
29.9784
10.0729
16.2474
20.3713
24.6102
31.5526
26.4544
26.9602
31.9626
17.463
24.4471
28.1605
21.659
18.8717
15.5062
11.6215
18.3344
13.3267
27.4975
22.0793
31.414
29.8109
30.8319
24.4726
29.7767
19.8662
19.9341
32.194
22.4971
8.77894
24.7209
20.9252
18.5017
25.3149
24.3325
21.094
24.4841
36.1703
16.0946
22.4644
23.4781
31.0769
21.5358
15.0236
27.3397
23.5058
37.7481
26.4024
22.0519
23.0545
27.2546
27.9757
22.8395
32.3334
27.554
21.6795
6.08377
18.3922
24.8234
25.9654
14.6798
34.0545
10.0137
21.6422
31.1894
23.5314
27.7388
24.2203
26.1513
20.2709
19.3082
24.377
21.1794
-2.90145
12.3366
32.5639
27.0082
25.0818
20.403
24.2797
34.9028
16.8417
32.5146
29.9221
4.39513
26.2854
25.3441
19.8796
26.9875
16.6717
28.5107
24.3006
24.3829
19.7932
3.1296
28.7238
26.3351
14.9198
23.3816
35.7343
17.9463
17.9806
11.4687
26.2216
19.3804
27.2121
18.1717
42.4228
20.0991
21.1669
22.8303
29.7896
23.0518
23.3646
38.75
23.0417
25.8936
21.5903
20.4462
21.9954
14.9983
23.8758
24.2184
20.9474
17.7931
22.7037
24.6578
22.7873
23.9857
21.3796
25.222
24.997
23.1031
20.7382
34.8418
25.0009
31.2748
12.66
17.4076
18.5672
5.83625
25.7444
20.385
18.2508
42.6455
14.3498
14.6569
21.7829
39.2735
10.4375
33.0934
17.0965
16.0233
30.2251
31.3145
21.1802
27.4098
14.1155
5.81225
41.4627
21.7762
18.9997
24.0298
21.3048
18.7231
30.6115
11.3091
19.5855
18.9966
29.74
12.0472
31.3766
30.3167
30.5279
25.5387
21.4433
13.5755
21.6123
22.3628
20.679
23.4255
31.172
28.1415
34.1176
24.1725
17.8642
20.83
14.9992
12.9151
23.4957
19.5738
21.4489
23.8603
18.6392
10.1492
22.4616
23.9238
25.2774
16.475
20.4299
25.5714
15.5021
22.6009
22.3665
31.0343
20.6032
27.3775
30.8276
25.107
21.2718
21.8777
22.3422
22.5179
22.3199
15.6876
21.041
28.492
33.7006
35.1987
16.7177
8.95247
24.5372
25.27
31.9312
10.5603
25.0441
19.665
31.7285
18.95
28.2079
28.2821
29.6991
33.3338
32.3566
22.164
19.443
23.2784
23.4117
21.9248
25.1083
26.7164
18.7136
16.0056
22.3677
22.1559
23.3121
12.7715
26.1769
21.489
8.91599
11.8502
16.7839
21.0441
27.7488
7.13241
35.9338
32.836
20.0883
17.4646
20.1139
18.3383
28.6355
16.2507
-3.35494
36.6841
23.4633
22.1244
28.2433
24.606
24.0367
25.8238
16.1781
24.948
23.2808
35.6133
18.4991
22.1372
30.3623
20.1281
24.4779
30.7001
21.5005
8.88905
12.0972
25.2668
22.9557
26.501
24.0737
20.1899
33.2726
24.8218
42.3872
18.895
28.122
21.0999
26.6526
29.2842
31.0185
27.0247
21.4505
23.5601
27.6434
16.3734
23.5806
40.6319
13.9272
-2.31162
22.5138
11.1225
29
35.8582
20.8206
27.1857
24.5235
28.8019
17.1161
35.859
20.4105
24.9472
29.0538
7.49761
19.5756
24.7367
24.1032
23.6044
21.9066
26.9954
23.9672
12.3179
22.5424
22.5848
26.2831
24.3351
23.2736
22.3156
27.2862
18.9393
33.2532
33.3813
20.6147
22.7704
32.4082
19.5952
20.1429
27.7137
8.26877
23.9884
23.4178
22.8215
23.5685
23.1135
19.3389
23.5071
23.5407
21.8627
15.8911
9.99414
23.1117
8.23352
4.7444
12.4489
23.027
26.2347
7.79823
21.881
20.8681
34.9653
33.5209
21.5747
30.6786
21.0638
19.7426
44.1437
20.4054
16.7244
15.3916
22.6344
20.6935
23.669
34.3361
17.9132
24.6053
25.4943
17.8248
24.5369
10.8656
37.067
13.7691
22.4601
40.913
15.5326
23.8233
30.5127
25.2033
21.946
20.5099
20.3834
24.1879
25.5146
23.4973
21.5037
19.8731
21.047
33.1976
31.1689
36.8939
13.4715
26.1296
35.6854
25.9837
-0.759863
22.8244
21.6694
17.3383
24.5291
24.9632
24.5841
23.0231
17.4213
23.6299
27.6883
29.9279
21.654
24.2732
18.5304
23.1962
20.13
20.7948
27.5446
6.33129
37.6993
15.5831
22.1919
22.6229
34.1027
19.0416
23.9894
16.3441
7.1157
19.0902
23.0669
15.7552
29.9245
23.5179
37.5501
23.3576
21.0157
21.9649
23.8169
26.7962
19.2641
17.2241
22.1726
25.8958
22.5998
21.9892
21.5134
24.5141
23.9364
23.1941
29.5983
24.3456
28.2078
24.1143
22.8863
23.5776
26.3311
22.5085
24.5076
23.1404
24.2367
23.8112
18.8906
20.9899
19.7457
23.0654
36.8715
24.6574
32.2484
21.0107
12.2283
24.7257
39.0287
22.8075
23.4905
20.6559
18.481
2.70076
5.89759
14.7999
12.5289
8.68023
8.35858
27.2067
21.0402
25.9181
21.4837
23.7321
32.0375
13.9802
24.7318
33.5391
16.4415
22.1921
24.4661
10.6817
24.0938
24.5616
17.8027
22.1131
24.4444
23.8651
24.2725
24.3117
23.5865
30.369
27.5314
35.8685
21.1641
25.4479
29.5713
35.3473
19.9771
31.7133
32.1661
20.2782
17.4197
17.2608
19.1223
23.5594
20.9707
18.6089
25.7808
22.4662
24.3718
28.8964
34.1325
16.0917
21.9128
1.18562
15.384
21.7472
27.6546
17.3891
15.6741
18.2086
22.8713
17.0007
4.05526
19.5728
23.2638
26.0833
35.2039
36.5386
30.6765
16.6709
5.55207
22.1852
31.1839
20.1948
38.4774
23.9428
22.8286
23.4108
21.3397
18.4198
21.7013
22.5916
20.1688
24.6983
33.0674
39.1936
4.91301
17.8822
0.418616
25.9708
31.9683
20.8604
30.6043
25.6542
15.3823
13.6973
36.6091
25.2532
27.4024
24.9513
23.5196
26.4766
25.5297
23.6821
30.9196
23.8794
23.8242
23.03
18.5411
42.1543
15.846
23.0601
23.5982
23.2236
22.694
20.7457
23.5249
40.7768
21.374
20.2684
22.6785
25.3438
38.46
17.6933
24.0301
24.1831
21.9208
25.7268
19.2985
28.9371
31.067
41.2482
11.8604
24.5432
23.8932
22.4997
32.3121
22.0695
26.1503
30.02
27.1997
19.9514
4.02178
23.0381
9.85228
24.8176
21.1459
19.2626
24.4938
18.1704
7.5761
31.3039
13.7335
8.05507
21.8246
23.7615
22.5301
25.7919
20.103
24.4031
19.5019
20.213
28.5252
18.812
26.1458
17.92
29.2261
20.4385
23.2405
11.6604
25.4556
24.065
42.2068
23.0908
10.0411
21.1556
37.5536
18.6599
23.9725
16.4524
23.4441
20.7251
23.7945
19.8834
25.9574
34.6018
26.2756
22.5275
30.5024
2.51068
27.4241
35.7316
26.9057
26.1643
25.405
17.7294
16.0757
22.149
24.8204
18.2798
22.354
22.0482
13.7463
28.4912
18.1291
21.8023
15.7109
27.6298
14.335
13.9404
24.7514
25.069
19.0752
41.6362
20.7637
2.55722
23.7707
20.0732
25.4786
22.9443
29.0452
24.0986
25.8886
21.1464
32.077
21.1465
35.4049
17.8853
16.74
24.526
32.9929
22.9509
27.6894
16.4236
21.396
24.7694
28.4526
25.6421
28.1127
46.2355
24.5508
17.4698
20.0953
25.5846
20.5445
16.84
27.6836
20.2614
31.2181
24.0647
21.5309
24.1226
13.5324
25.0914
8.06649
25.2469
31.7255
19.2694
12.5704
21.1922
18.9748
19.9586
30.7194
36.4321
17.2416
22.9049
20.2528
18.5526
23.2205
40.8019
20.6839
19.7816
28.8262
15.7741
25.0857
24.7183
1.45794
27.9631
33.5542
27.1548
1.88404
15.0701
25.7474
23.1082
11.773
34.8521
20.7432
35.8767
15.5446
18.6618
23.5153
23.7818
-1.60756
10.2079
19.3486
26.8255
24.7489
28.5909
23.538
17.9414
23.5726
22.8177
29.7986
27.0639
24.5848
41.255
11.4275
29.7939
19.3446
20.1218
13.1087
12.5053
20.7582
41.8527
22.2221
19.7224
36.7006
25.6925
20.9834
18.1704
26.2676
2.54463
24.2568
21.0966
17.7783
40.6169
13.6374
22.0762
21.8145
22.8318
24.6433
9.0507
27.8986
29.8249
23.5293
13.3944
23.3127
20.171
30.8091
1.81057
39.3728
24.363
12.0259
12.8657
18.5969
31.438
27.3135
24.2084
13.1728
25.3929
16.4639
21.3162
22.8212
36.6001
20.2176
34.2327
18.7538
22.2567
30.6811
9.23987
17.1344
25.1377
20.6809
6.32851
38.2312
28.3277
18.7465
22.2205
18.8124
24.6272
6.26856
19.1513
14.431
19.1149
-0.84428
22.7035
23.233
20.4255
14.2158
23.7262
37.1851
28.776
23.6166
16.6443
26.8983
29.4056
11.7653
24.6023
20.8984
5.60918
23.7976
30.0352
32.3334
13.4994
21.8855
36.4509
19.9478
20.3258
18.9806
31.6958
20.2464
26.411
29.0323
14.1979
22.3176
23.4495
24.7641
25.142
26.391
30.4521
20.213
21.7992
24.0572
13.7477
37.8572
21.6758
22.8921
31.9644
22.8013
42.0807
34.7699
35.0893
11.2136
24.1593
27.6628
20.5788
32.8842
28.6316
26.2388
30.3997
5.91627
22.8406
18.4571
20.6628
22.5264
5.69087
23.6973
23.9448
13.3095
22.6702
21.3773
30.1826
20.7212
22.5131
23.7676
19.4915
29.0739
27.6977
12.2493
38.0178
26.4845
10.7551
22.682
30.4841
16.2121
26.0469
20.7554
26.5779
28.4917
19.3875
15.4009
20.6986
16.875
19.0035
20.2461
-0.805522
34.1711
28.5807
21.7133
36.9664
25.0988
24.061
21.569
20.2986
21.1511
25.5302
20.9814
22.8912
21.1788
24.856
25.3392
34.5613
22.8342
34.9477
19.186
28.1831
25.9718
28.856
20.5073
23.8097
38.1555
23.6997
28.3798
26.2036
-0.100303
21.1059
34.1123
20.4919
23.4693
29.1535
18.8327
25.4888
21.7106
23.3237
26.6554
18.3876
25.1843
24.726
18.9656
23.622
22.8213
34.9118
17.0775
16.8687
13.2078
21.8842
30.0555
13.3692
23.5693
27.1468
22.6799
46.4819
27.7279
22.8454
44.6873
36.2207
18.3539
22.7063
22.2149
14.2633
21.2188
22.6027
17.9031
22.6507
20.1256
14.6546
33.9411
21.3483
30.7151
10.3697
21.463
16.5411
39.0657
21.0655
8.44518
19.9331
23.5952
38.5694
16.9787
22.6207
1.84758
22.635
23.4809
20.3524
21.2895
11.81
23.2922
23.7827
20.1446
24.7551
21.8204
23.398
32.5498
16.975
27.775
22.6243
22.1916
30.8121
4.39349
30.3932
24.9312
29.1134
23.5796
2.48529
17.1336
20.1823
16.6164
21.7455
32.0659
26.295
36.8004
27.0362
9.60662
13.3141
24.3901
13.1484
19.0822
21.2397
16.9783
20.1336
44.8757
19.773
35.3839
17.1727
24.2647
19.799
26.0077
22.0923
26.6973
31.1533
25.2851
26.6584
30.9569
24.2814
21.4628
8.28476
23.8921
19.2719
17.1281
21.1804
24.1395
21.3235
6.92344
22.1091
29.9286
37.7182
34.6316
31.9996
30.4585
22.8912
32.8045
21.6329
31.2353
25.4186
17.4801
20.8191
20.3158
25.13
23.894
32.8655
21.7767
10.3147
17.2302
20.8259
22.9249
28.0537
23.6881
24.2775
23.2881
26.1609
20.7349
23.8394
22.8084
20.8006
23.7212
20.9621
24.1474
34.1413
19.0659
15.3524
7.04261
20.3421
11.1631
19.501
16.0469
23.2121
26.9158
30.2494
19.0931
23.6667
26.843
24.0946
29.6905
22.6161
29.1157
25.1851
26.7044
25.7761
23.8567
25.4484
19.7497
23.7824
26.3804
22.8858
22.4119
29.3734
32.6057
23.5237
18.8995
13.7391
10.3318
32.7031
14.6072
24.4068
25.2884
26.6937
28.3675
23.4878
24.6471
24.7744
20.4391
14.5798
18.7221
31.5067
3.47038
25.9274
18.1203
22.7438
18.8791
19.1963
32.16
21.0365
37.3732
15.7537
16.1812
22.2402
23.6728
32.5338
29.8677
35.7182
26.8344
34.5448
14.308
15.7601
23.2857
29.0972
22.6588
34.4628
21.5656
22.5491
30.1083
15.6289
31.9708
21.4308
15.2723
34.6517
20.4663
22.6472
14.3064
16.7026
16.26
26.1977
19.2707
17.3128
24.2241
23.2033
13.5339
23.0781
23.2814
19.5514
21.7817
20.4589
23.9433
10.7518
19.6145
21.7274
5.18328
27.8153
23.0042
27.3034
32.5369
22.7733
32.4116
26.6651
23.4043
28.027
19.7704
20.6549
27.5188
19.6479
25.7443
21.2933
23.93
20.1423
21.0981
28.7573
15.6559
23.473
23.8527
24.0272
23.7705
33.4618
17.2017
24.3164
23.5571
38.3961
23.9262
27.9116
24.7536
40.5456
28.5009
16.3106
21.3125
18.5169
26.7054
24.9625
15.7248
22.702
22.7595
21.4045
20.9674
21.4356
22.4723
3.37106
22.9473
26.3034
21.7764
20.6951
18.7739
27.8786
21.7335
21.3852
26.1941
23.5477
25.1813
33.0203
32.6185
21.0974
25.7402
23.3816
18.2909
20.756
36.3693
23.218
25.4805
26.2266
18.5512
20.8539
18.9135
23.304
29.9314
10.2279
21.3654
20.8411
11.5415
6.72425
33.7799
27.2084
25.8144
27.4897
15.5419
34.5627
22.7521
5.30794
29.1097
23.9135
19.4279
23.8296
22.8759
22.5388
30.7711
22.7103
17.345
10.9994
17.8721
23.7703
20.2601
22.6302
17.5026
21.2427
25.3793
22.3821
21.9528
21.2552
23.9538
26.512
17.5803
22.386
15.8379
22.7122
24.6545
20.3742
8.79998
21.9836
30.7268
17.0396
22.07
29.6098
24.7766
25.5366
19.6154
24.8502
21.1535
21.2592
36.683
22.0884
24.288
22.8243
27.763
25.6207
22.6424
14.7626
20.4369
17.7105
20.2961
24.4109
26.4789
30.5457
22.7274
17.0078
14.0282
23.483
29.8528
22.2157
22.0716
37.4249
20.8733
22.6945
22.5686
24.177
23.1846
20.7392
23.5713
29.1219
21.325
20.162
21.5833
20.9895
10.4006
25.724
28.9908
30.883
28.702
21.3444
13.1284
29.2958
31.3502
19.2777
23.8482
16.0212
19.1253
14.5251
21.6041
23.879
24.3691
34.89
19.0466
17.8626
27.6784
23.6407
24.9136
40.3371
24.4217
24.0673
19.7006
41.8241
17.1976
23.8649
29.1415
23.7625
22.2688
20.6342
22.6375
13.7889
37.7361
22.4939
17.0585
24.1138
23.8778
22.9202
23.6831
17.3242
9.48422
22.1477
20.3714
47.3807
23.3904
37.2257
37.9272
23.5221
22.5202
23.8667
23.8428
16.4597
31.4858
28.3453
36.3122
25.4882
22.4961
26.0726
12.6864
17.6323
15.7464
21.5286
20.092
27.1185
19.9369
13.3411
28.4291
17.7427
21.0724
25.0552
35.5827
12.1583
23.4343
27.2392
19.1877
20.9027
24.2326
6.17157
31.589
19.7443
18.4231
22.1499
34.3507
12.5097
23.6357
29.3508
23.7075
23.4491
28.1735
21.8165
23.9129
23.4847
30.1118
35.249
27.3869
20.1752
27.859
26.6112
30.7741
23.3687
21.7332
10.7333
38.0406
19.1981
25.5814
23.6485
24.4109
24.0205
22.6698
48.6597
55.0089
17.5018
25.3535
3.24153
26.1492
21.3599
26.8363
20.5263
22.6499
23.5524
25.1448
25.329
20.4366
22.8871
27.2744
24.2294
35.8763
23.6724
25.0596
20.6008
18.8429
20.6955
23.3095
15.7897
23.8461
21.4181
16.8634
19.0872
22.4733
14.5179
28.2398
22.9309
26.7503
42.4586
19.6683
3.79817
23.9545
18.7337
20.6355
31.808
22.5241
33.2734
18.394
31.2199
39.4226
33.8713
28.999
20.109
24.7571
29.5656
24.7501
24.8849
23.8914
17.9199
20.2297
22.5088
23.2393
19.5258
23.541
20.1129
24.4779
23.5263
22.8619
23.6369
21.1317
24.5195
31.5645
17.9951
26.3315
21.7808
40.9272
15.2579
25.6334
22.6317
11.906
35.013
22.1051
20.7458
19.8266
17.7106
23.2776
24.3727
5.54355
39.2394
23.517
22.3675
23.7926
19.537
24.8757
23.6859
26.5263
20.9908
25.3439
21.0226
7.72235
23.7535
23.0753
17.2423
14.4099
22.2084
24.6339
36.832
3.38642
22.5695
25.4541
23.8053
23.1498
23.6069
19.663
26.1061
24.858
22.5855
32.1236
19.3092
22.0991
18.765
23.6448
22.051
20.5536
13.4504
30.8711
21.3395
20.4206
22.8851
20.3348
19.3731
28.0861
31.6824
24.1037
13.2817
26.994
18.1839
24.6015
27.1329
30.5014
20.3771
21.5704
29.4097
29.5418
40.8177
14.335
30.198
33.5082
28.5794
26.8478
15.6055
13.5133
17.4765
17.5621
21.6885
26.8965
23.2871
23.7112
22.6238
22.132
28.3204
29.3472
29.3532
17.1611
16.2339
25.3078
23.5328
20.6636
22.4671
28.4735
26.3977
23.6182
21.8864
22.2578
22.6179
23.2303
29.6758
19.3494
21.0886
21.3634
22.0457
21.8426
21.1975
12.1888
24.3819
25.7856
21.4835
29.9387
28.6401
20.8131
21.0577
24.9249
22.0845
24.6918
-3.60424
23.8311
18.04
24.7849
21.5659
40.5545
24.5667
17.2035
23.3838
28.8017
20.5271
13.9674
21.6183
23.7747
31.9766
23.5292
8.56978
24.1518
22.6362
29.9408
16.6816
16.9523
19.5061
19.089
37.8872
24.2189
36.617
28.7151
29.7419
22.6503
24.2092
24.9914
23.4964
21.9261
17.1573
23.6937
29.5665
20.7323
31.3346
20.6074
22.8865
34.6152
26.8297
19.4961
21.3841
23.8598
23.119
31.3718
6.98054
22.946
22.6765
22.7817
25.8234
21.4526
21.1134
16.4228
22.5761
24.5055
22.3871
21.0263
21.2382
-1.09068
23.8477
22.8424
23.0637
16.9781
20.9239
24.0794
23.9569
16.8336
37.6686
27.8669
25.4043
22.7498
17.8977
40.0038
22.0428
27.3568
22.2165
21.3592
23.6749
22.6494
22.9016
21.0752
)
;

boundaryField
{
    wings
    {
        type            zeroGradient;
    }
    outlet
    {
        type            freestreamPressure;
    }
    tunnel
    {
        type            zeroGradient;
    }
    inlet
    {
        type            freestreamPressure;
    }
    defaultFaces
    {
        type            empty;
    }
}


// ************************************************************************* //
