5.0 -35.8478920678
10.0 -15.7628998136
15.0 1.21554139831
20.0 1.57410913729
25.0 0.700413676695
30.0 1.00618409322
35.0 1.07225592669
40.0 0.974383363559
45.0 1.05354497797
50.0 1.10190425636
55.0 1.13739916017
60.0 1.18155882288
65.0 1.22309560551
70.0 1.26674870381
75.0 1.29856353941
80.0 1.3272361072
85.0 1.35022722034
90.0 1.36350168729
95.0 1.37750654237
100.0 1.38676817458
105.0 1.39244332331
110.0 1.3951634322
115.0 1.39825508771
120.0 1.39808329576
125.0 1.39788546949
130.0 1.39605800551
135.0 1.3943874322
140.0 1.39231474068
145.0 1.38973148432
150.0 1.38806556356
155.0 1.38703535424
160.0 1.38611035169
165.0 1.38604381653
170.0 1.38697643983
175.0 1.38859508475
180.0 1.39114616398
185.0 1.3950211661
190.0 1.39950455508
195.0 1.40567456708
200.0 1.41294426602
205.0 1.42165121496
210.0 1.43094502055
215.0 1.44289566504
220.0 1.45480964691
225.0 1.46831357314
230.0 1.4835814861
235.0 1.49899780686
240.0 1.51491295119
245.0 1.53206039144
250.0 1.55109044157
255.0 1.56927138686
260.0 1.58903043479
265.0 1.60670889157
270.0 1.62866691369
275.0 1.64809799534
280.0 1.66806707127
285.0 1.68669988585
290.0 1.70398791182
295.0 1.72103142004
300.0 1.73535360564
305.0 1.74862939877
310.0 1.75983592436
315.0 1.7662650914
320.0 1.77280794894
325.0 1.77283838555
330.0 1.77113808432
335.0 1.76746471369
340.0 1.75738950487
345.0 1.74182864589
350.0 1.72283596593
355.0 1.70086046106
360.0 1.67726617453
365.0 1.6458438328
370.0 1.61089355339
375.0 1.57422617042
380.0 1.53855127021
385.0 1.49457789847
390.0 1.44879112407
395.0 1.40326850911
400.0 1.35835572928
405.0 1.31367281784
410.0 1.26837526339
415.0 1.22233650102
420.0 1.17237394915
425.0 1.12681118347
430.0 1.08879102203
435.0 1.0438824928
440.0 1.00012219237
445.0 0.956036955508
450.0 0.930687690678
455.0 0.896103802966
460.0 0.856157280085
465.0 0.829027064407
470.0 0.802955080932
475.0 0.777834926695
480.0 0.754492987288
485.0 0.73334557839
490.0 0.714688730932
495.0 0.698083369068
500.0 0.683277548305
505.0 0.670318577966
510.0 0.659118443644
515.0 0.64883622161
520.0 0.641193067373
525.0 0.635483815678
530.0 0.629942575424
535.0 0.626393636017
540.0 0.623986611864
545.0 0.623226287288
550.0 0.623138555085
555.0 0.624821227966
560.0 0.628137432203
565.0 0.631854107203
570.0 0.636831316949
575.0 0.642971021186
580.0 0.650322335169
585.0 0.659376625424
590.0 0.66877755339
595.0 0.677625810169
600.0 0.690029377119
605.0 0.703265299153
610.0 0.714791666102
615.0 0.730038009746
620.0 0.745967452542
625.0 0.761783117373
630.0 0.776720495763
635.0 0.793301633898
640.0 0.810980895763
645.0 0.830965694068
650.0 0.849879113136
655.0 0.866479773305
660.0 0.887043242797
665.0 0.907887340254
670.0 0.929387045339
675.0 0.94930858178
680.0 0.966767122458
685.0 0.98350440339
690.0 1.00473792966
695.0 1.02697737881
700.0 1.04571339576
705.0 1.0621017572
710.0 1.08295699407
715.0 1.0992646911
720.0 1.11759645932
725.0 1.13529191907
730.0 1.15352276568
735.0 1.17201644661
740.0 1.18896711822
745.0 1.20424998771
750.0 1.22144279915
755.0 1.23919985424
760.0 1.25523962839
765.0 1.27134111017
770.0 1.28688457331
775.0 1.30263414153
780.0 1.31779172161
785.0 1.33304692203
790.0 1.34765495763
795.0 1.3622457072
800.0 1.37610827415
805.0 1.38981025847
810.0 1.40262717373
815.0 1.41506395
820.0 1.42670824492
825.0 1.43733432585
830.0 1.44688849068
835.0 1.45371116208
840.0 1.46133593182
845.0 1.46660692581
850.0 1.4696157078
855.0 1.47179739233
860.0 1.4705657489
865.0 1.46753320593
870.0 1.46265695483
875.0 1.45555566297
880.0 1.44599198
885.0 1.43478379339
890.0 1.41977642555
895.0 1.40277987898
900.0 1.38402349814
905.0 1.36302596458
910.0 1.34336965381
915.0 1.32060498475
920.0 1.29370623263
925.0 1.26718965
930.0 1.24088665339
935.0 1.21244384788
940.0 1.18343401653
945.0 1.15622420424
950.0 1.12919612754
955.0 1.10210899068
960.0 1.07545640424
965.0 1.05083956186
970.0 1.02922895042
975.0 1.00294565212
980.0 0.97573922839
985.0 0.953783129661
990.0 0.936194075424
995.0 0.913637747881
1000.0 0.894549509746
1005.0 0.877292459746
1010.0 0.86093304322
1015.0 0.845584701695
1020.0 0.831373121186
1025.0 0.818411651695
1030.0 0.806772974153
1035.0 0.796394395763
1040.0 0.787270826695
1045.0 0.779372700424
1050.0 0.772955454661
1055.0 0.768025530932
1060.0 0.763216940678
1065.0 0.759609685169
1070.0 0.757486730085
1075.0 0.756580939407
1080.0 0.756698080932
1085.0 0.757750135169
1090.0 0.759286209746
1095.0 0.762562365678
1100.0 0.766496087288
1105.0 0.771011464831
1110.0 0.776641727542
1115.0 0.783113641102
1120.0 0.789183152542
1125.0 0.797645561017
1130.0 0.806676674576
1135.0 0.815872632203
1140.0 0.824790310169
1145.0 0.835837033475
1150.0 0.847413937288
1155.0 0.858987014831
1160.0 0.870618815678
1165.0 0.882444533475
1170.0 0.894768648305
1175.0 0.907723966525
1180.0 0.921303977119
1185.0 0.93503960339
1190.0 0.949912960169
1195.0 0.964613965678
1200.0 0.980251633051
1205.0 0.995028219492
1210.0 1.00615877839
1215.0 1.02121705508
1220.0 1.03828301525
1225.0 1.05085121229
1230.0 1.06526577669
1235.0 1.08207172415
1240.0 1.09506225042
1245.0 1.10997051737
1250.0 1.12369964322
1255.0 1.13578277331
1260.0 1.15007882797
1265.0 1.16453208263
1270.0 1.17782824025
1275.0 1.19064300042
1280.0 1.20322305085
1285.0 1.21545976737
1290.0 1.22740827246
1295.0 1.23873631186
1300.0 1.24981582034
1305.0 1.26007778856
1310.0 1.27003688432
1315.0 1.27906057331
1320.0 1.28765417373
1325.0 1.29518686271
1330.0 1.30213895381
1335.0 1.30791183475
1340.0 1.31312684407
1345.0 1.31678641271
1350.0 1.31905174576
1355.0 1.32089516483
1360.0 1.32134553898
1365.0 1.32014839449
1370.0 1.31769409958
1375.0 1.31391372669
1380.0 1.30884604364
1385.0 1.30219925339
1390.0 1.29524615339
1395.0 1.28576057203
1400.0 1.27515167119
1405.0 1.26357468602
1410.0 1.25219064661
1415.0 1.23791274703
1420.0 1.22350537373
1425.0 1.20775703305
1430.0 1.19109509576
1435.0 1.17465803517
1440.0 1.15809765551
1445.0 1.14018216695
1450.0 1.12198009746
1455.0 1.10614724915
1460.0 1.09145439322
1465.0 1.072660875
1470.0 1.05402631864
1475.0 1.0348087911
1480.0 1.02303812203
1485.0 1.00697707839
1490.0 0.988577805932
1495.0 0.97560390678
1500.0 0.961631136864
1505.0 0.947397247881
1510.0 0.933413009746
1515.0 0.921901712712
1520.0 0.911274921186
1525.0 0.900918479661
1530.0 0.891209447034
1535.0 0.882383954237
1540.0 0.874511562712
1545.0 0.867453512712
1550.0 0.861221944492
1555.0 0.855869753814
1560.0 0.851564022881
1565.0 0.848232491525
1570.0 0.845075097458
1575.0 0.842778954237
1580.0 0.841522727119
1585.0 0.841108394915
1590.0 0.841459664407
1595.0 0.842519094492
1600.0 0.84389292161
1605.0 0.846626003814
1610.0 0.849730775847
1615.0 0.853329127966
1620.0 0.857726117797
1625.0 0.863039494068
1630.0 0.868646994915
1635.0 0.874584542373
1640.0 0.880670194492
1645.0 0.888158545763
1650.0 0.89604965339
1655.0 0.904040516102
1660.0 0.91159885
1665.0 0.920023827119
1670.0 0.929772642373
1675.0 0.939352841525
1680.0 0.948777141102
1685.0 0.958696811864
1690.0 0.968852819915
1695.0 0.97819442161
1700.0 0.989335429661
1705.0 1.00063149831
1710.0 1.01286909788
1715.0 1.02095997458
1720.0 1.03197137712
1725.0 1.04465047203
1730.0 1.05408869364
1735.0 1.0648357678
1740.0 1.07728952161
1745.0 1.08689974364
1750.0 1.09789891314
1755.0 1.10792859153
1760.0 1.11772422627
1765.0 1.12755766017
1770.0 1.13762210508
1775.0 1.14672469576
1780.0 1.15562567542
1785.0 1.16425539195
1790.0 1.17253978644
1795.0 1.18038801525
1800.0 1.18777178771
1805.0 1.19464263729
1810.0 1.20099007161
1815.0 1.20676011568
1820.0 1.21192744958
1825.0 1.21644191356
1830.0 1.21981548178
1835.0 1.2233738089
1840.0 1.2259746322
1845.0 1.22739635847
1850.0 1.22805244237
1855.0 1.22799876864
1860.0 1.22749300424
1865.0 1.22578304322
1870.0 1.2231879572
1875.0 1.21970594661
1880.0 1.21546124576
1885.0 1.21090678347
1890.0 1.20479051907
1895.0 1.19789915847
1900.0 1.19057862119
1905.0 1.1833139928
1910.0 1.17424737924
1915.0 1.16460147881
1920.0 1.15459982754
1925.0 1.1447015839
1930.0 1.13378955678
1935.0 1.12276241186
1940.0 1.11163427966
1945.0 1.10027709449
1950.0 1.08877028263
1955.0 1.07687647712
1960.0 1.06640519025
1965.0 1.05669942415
1970.0 1.04440519153
1975.0 1.03141563898
1980.0 1.02061968941
1985.0 1.01170041186
1990.0 1.00115679873
1995.0 0.990099060593
2000.0 0.981487001695
2005.0 0.972303973305
2010.0 0.962864193644
2015.0 0.955009111441
2020.0 0.947728687712
2025.0 0.940679972458
2030.0 0.934067055085
2035.0 0.928015969915
2040.0 0.922574482203
2045.0 0.917735537288
2050.0 0.913476590254
2055.0 0.909802840254
2060.0 0.906572300424
2065.0 0.904421400847
2070.0 0.902599392797
2075.0 0.900996527119
2080.0 0.900166562288
2085.0 0.900116299153
2090.0 0.900494494492
2095.0 0.901257131356
2100.0 0.902859619068
2105.0 0.90482574322
2110.0 0.906805957203
2115.0 0.910090059322
2120.0 0.913300456356
2125.0 0.91698082839
2130.0 0.921342648729
2135.0 0.926021884322
2140.0 0.930493490678
2145.0 0.936060873729
2150.0 0.941952432203
2155.0 0.947910941102
2160.0 0.953935494492
2165.0 0.960092220763
2170.0 0.966554749153
2175.0 0.973396911017
2180.0 0.980608394492
2185.0 0.987942248305
2190.0 0.995871598305
2195.0 1.00373056059
2200.0 1.01211287288
2205.0 1.01960940763
2210.0 1.02644376017
2215.0 1.03453650212
2220.0 1.04386894492
2225.0 1.05067744788
2230.0 1.05809655932
2235.0 1.06642383178
2240.0 1.07337981695
2245.0 1.08176733475
2250.0 1.08854401186
2255.0 1.09564794703
2260.0 1.10342453856
2265.0 1.10950197373
2270.0 1.11593510339
2275.0 1.12229109534
2280.0 1.12830693432
2285.0 1.133953225
2290.0 1.13924363771
2295.0 1.14415895127
2300.0 1.1486937661
2305.0 1.15280597839
2310.0 1.15647833008
2315.0 1.15968439703
2320.0 1.16240819661
2325.0 1.16471818517
2330.0 1.1664327928
2335.0 1.1673721911
2340.0 1.16803511525
2345.0 1.16810713347
2350.0 1.16778071059
2355.0 1.16671546144
2360.0 1.16509414068
2365.0 1.16288606822
2370.0 1.16017232458
2375.0 1.15728372034
2380.0 1.15337378983
2385.0 1.14896820381
2390.0 1.14427306356
2395.0 1.13960605763
2400.0 1.13377496017
2405.0 1.12754909322
2410.0 1.12123922542
2415.0 1.11445709958
2420.0 1.10793043729
2425.0 1.10083746441
2430.0 1.09341864576
2435.0 1.08591156525
2440.0 1.07831977797
2445.0 1.07014146695
2450.0 1.06222473644
2455.0 1.05534442415
2460.0 1.04825486864
2465.0 1.04022632246
2470.0 1.0313044178
2475.0 1.02593136229
2480.0 1.01873264153
2485.0 1.01032559492
2490.0 1.00412655297
2495.0 0.997684422458
2500.0 0.991913030932
2505.0 0.985713457627
2510.0 0.97995120678
2515.0 0.974705319492
2520.0 0.969849333475
2525.0 0.965342801271
2530.0 0.961194435169
2535.0 0.957436659746
2540.0 0.954081585169
2545.0 0.951137890678
2550.0 0.948601170763
2555.0 0.946477124153
2560.0 0.944690623305
2565.0 0.943332466102
2570.0 0.942525373729
2575.0 0.942157698729
2580.0 0.942022919492
2585.0 0.942313562712
2590.0 0.943012945339
2595.0 0.944035627119
2600.0 0.945413702542
2605.0 0.947336659322
2610.0 0.949461149153
2615.0 0.951526770763
2620.0 0.954501947034
2625.0 0.957733485169
2630.0 0.961036017797
2635.0 0.964294040678
2640.0 0.968349286864
2645.0 0.97264096822
2650.0 0.976967148305
2655.0 0.981335231356
2660.0 0.985811080508
2665.0 0.990512259746
2670.0 0.995477123729
2675.0 1.00070461144
2680.0 1.00634529746
2685.0 1.01195411059
2690.0 1.01791165127
2695.0 1.02354571822
2700.0 1.02780604195
2705.0 1.03356371398
2710.0 1.04012641017
2715.0 1.04574559068
2720.0 1.05053972585
2725.0 1.05659044068
2730.0 1.06141721017
2735.0 1.06683062076
2740.0 1.07240231271
2745.0 1.07790719958
2750.0 1.08263343814
2755.0 1.08719961568
2760.0 1.09178377161
2765.0 1.09655824407
2770.0 1.1005455322
2775.0 1.10427818983
2780.0 1.1079296072
2785.0 1.11134286186
2790.0 1.11446595085
2795.0 1.11727118517
2800.0 1.11975487246
2805.0 1.12191305212
2810.0 1.12386955169
2815.0 1.12517049703
2820.0 1.12613921864
2825.0 1.12703660212
2830.0 1.12752808644
2835.0 1.12749952712
2840.0 1.12702942415
2845.0 1.12640534619
2850.0 1.12536219322
2855.0 1.12383965763
2860.0 1.12200478898
2865.0 1.11993842966
2870.0 1.1173326589
2875.0 1.11437883602
2880.0 1.11121059492
2885.0 1.10807951441
2890.0 1.10417980297
2895.0 1.10004519788
2900.0 1.09585467458
2905.0 1.09160007288
2910.0 1.08698873178
2915.0 1.08248580339
2920.0 1.07783296864
2925.0 1.0725995572
2930.0 1.067263275
2935.0 1.06158548432
2940.0 1.05627100593
2945.0 1.05230909661
2950.0 1.04693671653
2955.0 1.04081397246
2960.0 1.03564238305
2965.0 1.03136362797
2970.0 1.026344
2975.0 1.02099659831
2980.0 1.0167465089
2985.0 1.01256903305
2990.0 1.00799486568
2995.0 1.00352598136
3000.0 0.999568074576
3005.0 0.996318435593
3010.0 0.99268785678
3015.0 0.989178295339
3020.0 0.986169610169
3025.0 0.983488738136
3030.0 0.981067667797
3035.0 0.978907908898
3040.0 0.97701517839
3045.0 0.975471488983
3050.0 0.974294843644
3055.0 0.973155842373
3060.0 0.972321597034
3065.0 0.971836836864
3070.0 0.971753475
3075.0 0.971771317797
3080.0 0.972136321186
3085.0 0.972817779661
3090.0 0.973705293644
3095.0 0.974813922034
3100.0 0.976208303814
3105.0 0.977949617797
3110.0 0.979818597881
3115.0 0.981845570763
3120.0 0.983946797881
3125.0 0.986566996186
3130.0 0.989358487288
3135.0 0.992213445339
3140.0 0.994935842373
3145.0 0.997998799576
3150.0 1.00155885508
3155.0 1.00507766907
3160.0 1.00855923559
3165.0 1.01221820636
3170.0 1.0159835339
3175.0 1.01944912458
3180.0 1.0235702178
3185.0 1.02773562415
3190.0 1.03222552669
3195.0 1.03517453644
3200.0 1.03916292458
3205.0 1.04376083602
3210.0 1.04770560932
3215.0 1.05104678051
3220.0 1.05521665042
3225.0 1.058909925
3230.0 1.06276662119
3235.0 1.06595900212
3240.0 1.06936265212
3245.0 1.07301428941
3250.0 1.07608177712
3255.0 1.07897096695
3260.0 1.08181923686
3265.0 1.08452518347
3270.0 1.08704569958
3275.0 1.08935903898
3280.0 1.09146023305
3285.0 1.09334872161
3290.0 1.09501699619
3295.0 1.09645813941
3300.0 1.09771548644
3305.0 1.09846774407
3310.0 1.09926243263
3315.0 1.09980497797
3320.0 1.10003660169
3325.0 1.09990206992
3330.0 1.09967015042
3335.0 1.09914156737
3340.0 1.09830543941
3345.0 1.09720864703
3350.0 1.09607251992
3355.0 1.09444354153
3360.0 1.09260488475
3365.0 1.0906572678
3370.0 1.08869829492
3375.0 1.08624054915
3380.0 1.08361169364
3385.0 1.08091500212
3390.0 1.07834850805
3395.0 1.07547564492
3400.0 1.07215459025
3405.0 1.06887422542
3410.0 1.06563890847
3415.0 1.06225615127
3420.0 1.05910872839
3425.0 1.05537786144
3430.0 1.05161328432
3435.0 1.04771870424
3440.0 1.04431420085
3445.0 1.04125550932
3450.0 1.03763347288
3455.0 1.03349420805
3460.0 1.03058064322
3465.0 1.02746166186
3470.0 1.02398665508
3475.0 1.02113721059
3480.0 1.01805418644
3485.0 1.01483785975
3490.0 1.01239817119
3495.0 1.00986332246
3500.0 1.00739283263
3505.0 1.00510433644
3510.0 1.00300479449
3515.0 1.00110082415
3520.0 0.999378623729
3525.0 0.997844383475
3530.0 0.996499557627
3535.0 0.995354145339
3540.0 0.994363847458
3545.0 0.993722104237
3550.0 0.993182960169
3555.0 0.992747063983
3560.0 0.992573066525
3565.0 0.992639599153
3570.0 0.992875247034
3575.0 0.993296783051
3580.0 0.993814975424
3585.0 0.994691933898
3590.0 0.995610451695
3595.0 0.996702138559
3600.0 0.998045997034
3605.0 0.999515565678
3610.0 1.00094871737
3615.0 1.00276689237
3620.0 1.0047232339
3625.0 1.00672857924
3630.0 1.00864536695
3635.0 1.01079504237
3640.0 1.01329471822
3645.0 1.01576624322
3650.0 1.01821190466
3655.0 1.02078026695
3660.0 1.02342273983
3665.0 1.02585696568
3670.0 1.02875088941
3675.0 1.03167638347
3680.0 1.03483101525
3685.0 1.03689812331
3690.0 1.03969567754
3695.0 1.04291756907
3700.0 1.04567404322
3705.0 1.04799977839
3710.0 1.05089445763
3715.0 1.05345831822
3720.0 1.05589534831
3725.0 1.05842824788
3730.0 1.06074233051
3735.0 1.06298958475
3740.0 1.06525908051
3745.0 1.06727528771
3750.0 1.06919848263
3755.0 1.07102175508
3760.0 1.07271895
3765.0 1.07427891822
3770.0 1.07568694703
3775.0 1.07694502331
3780.0 1.07804564025
3785.0 1.07898908941
3790.0 1.07979412373
3795.0 1.08042462331
3800.0 1.08080103686
3805.0 1.0810240661
3810.0 1.08121079025
3815.0 1.08111278686
3820.0 1.08084924915
3825.0 1.08042850508
3830.0 1.0798697589
3835.0 1.07913475381
3840.0 1.07819055
3845.0 1.07718448941
3850.0 1.07597942161
3855.0 1.07457011314
3860.0 1.0730711161
3865.0 1.07161154915
3870.0 1.0697953572
3875.0 1.06786392797
3880.0 1.06591104703
3885.0 1.06380566186
3890.0 1.06178689492
3895.0 1.05958681186
3900.0 1.05728649492
3905.0 1.05495488517
3910.0 1.05259381525
3915.0 1.05004553051
3920.0 1.04756781653
3925.0 1.04570163559
3930.0 1.04320430678
3935.0 1.04036725424
3940.0 1.03795549364
3945.0 1.03594001441
3950.0 1.03358623305
3955.0 1.03107753263
3960.0 1.02907377034
3965.0 1.02690659703
3970.0 1.02482108136
3975.0 1.02275735763
3980.0 1.02093463178
3985.0 1.01919428856
3990.0 1.01752505
3995.0 1.01595981822
4000.0 1.0145127411
4005.0 1.01319637754
4010.0 1.01200496144
4015.0 1.01094384449
4020.0 1.01001022881
4025.0 1.00921412585
4030.0 1.00863366822
4035.0 1.00803141653
4040.0 1.00760668771
4045.0 1.0073957411
4050.0 1.00729367373
4055.0 1.00731262034
4060.0 1.00744935127
4065.0 1.00771937161
4070.0 1.00817328008
4075.0 1.0086935322
4080.0 1.00934003898
4085.0 1.01015925805
4090.0 1.01101998136
4095.0 1.01203687161
4100.0 1.01320629195
4105.0 1.01444417034
4110.0 1.0156332839
4115.0 1.01710949322
4120.0 1.01866745
4125.0 1.02023580636
4130.0 1.0219193661
4135.0 1.02362475381
4140.0 1.02527499492
4145.0 1.02707842161
4150.0 1.0290758411
4155.0 1.031006925
4160.0 1.03270190508
4165.0 1.03446870593
4170.0 1.03649304407
4175.0 1.03878110085
4180.0 1.040213525
4185.0 1.04213512585
4190.0 1.04434685381
4195.0 1.04598710424
4200.0 1.04781282288
4205.0 1.04988487373
4210.0 1.05146438263
4215.0 1.05312327331
4220.0 1.05489047161
4225.0 1.0563942161
4230.0 1.05781854788
4235.0 1.059222225
4240.0 1.06055282542
4245.0 1.0617970822
4250.0 1.06293943686
4255.0 1.06398442161
4260.0 1.06492495169
4265.0 1.06576513559
4270.0 1.06649322966
4275.0 1.06711461356
4280.0 1.06763999322
4285.0 1.06804891653
4290.0 1.06830167627
4295.0 1.06842863983
4300.0 1.06848968178
4305.0 1.06841349068
4310.0 1.06819849322
4315.0 1.06790600254
4320.0 1.06747471059
4325.0 1.0669358411
4330.0 1.06631282203
4335.0 1.0656263
4340.0 1.06474377542
4345.0 1.06375960508
4350.0 1.06272646483
4355.0 1.06171033729
4360.0 1.06044948814
4365.0 1.05911073093
4370.0 1.057762
4375.0 1.05630952881
4380.0 1.05483565508
4385.0 1.05340593051
4390.0 1.05184632966
4395.0 1.05011775254
4400.0 1.04844831017
4405.0 1.04698278136
4410.0 1.04545815212
4415.0 1.04371031822
4420.0 1.04173859958
4425.0 1.04051658432
4430.0 1.03887489449
4435.0 1.0369807911
4440.0 1.03558571229
4445.0 1.03404118178
4450.0 1.03229270169
4455.0 1.03096556822
4460.0 1.02957897924
4465.0 1.02810780085
4470.0 1.02686406525
4475.0 1.02569591568
4480.0 1.02455054703
4485.0 1.02347315254
4490.0 1.02247278644
4495.0 1.02156455551
4500.0 1.02074226017
4505.0 1.02001125975
4510.0 1.01936662669
4515.0 1.01881753263
4520.0 1.0183378661
4525.0 1.01802915763
4530.0 1.01776827966
4535.0 1.01757964322
4540.0 1.01746594915
4545.0 1.01751178729
4550.0 1.01760629703
4555.0 1.01782178263
4560.0 1.01813340254
4565.0 1.01846303475
4570.0 1.01899642542
4575.0 1.01955968898
4580.0 1.02011908136
4585.0 1.02086555
4590.0 1.02169204661
4595.0 1.02254841568
4600.0 1.02338225847
4605.0 1.02441418729
4610.0 1.02550452415
4615.0 1.02662641695
4620.0 1.02773382754
4625.0 1.02895838602
4630.0 1.03019344661
4635.0 1.03144607288
4640.0 1.03273038347
4645.0 1.03407674068
4650.0 1.03528824237
4655.0 1.03652450975
4660.0 1.0379280428
4665.0 1.03951308686
4670.0 1.04050774492
4675.0 1.0418411411
4680.0 1.04337567458
4685.0 1.04451203856
4690.0 1.04577538898
4695.0 1.0471100661
4700.0 1.04824247119
4705.0 1.04945043856
4710.0 1.05070485297
4715.0 1.05165854068
4720.0 1.05265909492
4725.0 1.05364324195
4730.0 1.05455898729
4735.0 1.05540747161
4740.0 1.05618161398
4745.0 1.05689103093
4750.0 1.05752694661
4755.0 1.05809346949
4760.0 1.05858055339
4765.0 1.05894145932
4770.0 1.05932079831
4775.0 1.0595968339
4780.0 1.05977605636
4785.0 1.05982654958
4790.0 1.05983742288
4795.0 1.0597839678
4800.0 1.05962563644
4805.0 1.05942120212
4810.0 1.05909960466
4815.0 1.05871748856
4820.0 1.05828643347
4825.0 1.05773893686
4830.0 1.05712596864
4835.0 1.05646138814
4840.0 1.05580846441
4845.0 1.05498783263
4850.0 1.05411868517
4855.0 1.05322928898
4860.0 1.05227020042
4865.0 1.05134299025
4870.0 1.05033464746
4875.0 1.04927132331
4880.0 1.04819382754
4885.0 1.04709398178
4890.0 1.04590581737
4895.0 1.04474362119
4900.0 1.04386726822
4905.0 1.04268932797
4910.0 1.04134681568
4915.0 1.04019936568
4920.0 1.03923691568
4925.0 1.03810891483
4930.0 1.03690027246
4935.0 1.03593032585
4940.0 1.03479879237
4945.0 1.03381487797
4950.0 1.03287489407
4955.0 1.03195286059
4960.0 1.03102265975
4965.0 1.03020278814
4970.0 1.02942178475
4975.0 1.02868798347
4980.0 1.02800068517
4985.0 1.02737457712
4990.0 1.02680641949
4995.0 1.02630411822
5000.0 1.02586104322
5005.0 1.02548467712
5010.0 1.02515567966
5015.0 1.02494635339
5020.0 1.02476830381
5025.0 1.02464171356
5030.0 1.02456800466
5035.0 1.02460465593
5040.0 1.02467384958
5045.0 1.02482755805
5050.0 1.02504855847
5055.0 1.02528119364
5060.0 1.0256565428
5065.0 1.02605115085
5070.0 1.02644355593
5075.0 1.02696581314
5080.0 1.02754391864
5085.0 1.02814255424
5090.0 1.02872541907
5095.0 1.0294457589
5100.0 1.0302071089
5105.0 1.03098898178
5110.0 1.0317618589
5115.0 1.03261542669
5120.0 1.03347609025
5125.0 1.03434837203
5130.0 1.03524257712
5135.0 1.03617890127
5140.0 1.03702188517
5145.0 1.03788156949
5150.0 1.03885765975
5155.0 1.03995847797
5160.0 1.04064814364
5165.0 1.04157229831
5170.0 1.04263656992
5175.0 1.04342386102
5180.0 1.0442970322
5185.0 1.04520170169
5190.0 1.04604139153
5195.0 1.04687612924
5200.0 1.04762342203
5205.0 1.04834796992
5210.0 1.04907997415
5215.0 1.04972863347
5220.0 1.05033941017
5225.0 1.05091641017
5230.0 1.05144662373
5235.0 1.05193203941
5240.0 1.05236261271
5245.0 1.05274457034
5250.0 1.05307041059
5255.0 1.05335949364
5260.0 1.05354627542
5265.0 1.05370730932
5270.0 1.05382620466
5275.0 1.05390198263
5280.0 1.05388223008
5285.0 1.0538341911
5290.0 1.05371561949
5295.0 1.05353994407
5300.0 1.05332339576
5305.0 1.05307305212
5310.0 1.05273904153
5315.0 1.05235174025
5320.0 1.05193585593
5325.0 1.05151753432
5330.0 1.05099139703
5335.0 1.05042171822
5340.0 1.04984210508
5345.0 1.04924565254
5350.0 1.04863164237
5355.0 1.047983425
5360.0 1.04729477034
5365.0 1.0465664
5370.0 1.045823025
5375.0 1.04501748008
5380.0 1.0442185428
5385.0 1.04336846059
5390.0 1.04261101907
5395.0 1.0419244589
5400.0 1.04111019195
5405.0 1.04017276186
5410.0 1.03959365763
5415.0 1.03882697076
5420.0 1.03792920678
5425.0 1.03725320169
5430.0 1.03655925169
5435.0 1.03583410042
5440.0 1.03524652415
5445.0 1.03458409915
5450.0 1.03392747839
5455.0 1.03334432034
5460.0 1.03280341059
5465.0 1.03230122161
5470.0 1.03183111695
5475.0 1.03140185551
5480.0 1.03101061525
5485.0 1.03066657712
5490.0 1.0303622589
5495.0 1.03010556949
5500.0 1.02988097797
5505.0 1.02973960593
5510.0 1.02961847373
5515.0 1.02953353305
5520.0 1.02948662542
5525.0 1.02951658856
5530.0 1.02956678814
5535.0 1.02967733475
5540.0 1.02983396737
5545.0 1.03001281271
5550.0 1.03024748602
5555.0 1.03053064576
5560.0 1.03084844788
5565.0 1.03116430805
5570.0 1.03156819746
5575.0 1.03200362161
5580.0 1.03245546441
5585.0 1.03288968432
5590.0 1.03337760636
5595.0 1.03394536356
5600.0 1.03451215805
5605.0 1.0350727678
5610.0 1.03566504068
5615.0 1.03627442966
5620.0 1.03684005297
5625.0 1.03751092669
5630.0 1.03819269195
5635.0 1.0389263072
5640.0 1.03940682246
5645.0 1.04005911314
5650.0 1.0408150822
5655.0 1.04146271822
5660.0 1.04200344068
5665.0 1.04268202797
5670.0 1.04328418983
5675.0 1.04385726483
5680.0 1.0444471339
5685.0 1.04492909407
5690.0 1.04547954492
5695.0 1.04602843517
5700.0 1.04651403093
5705.0 1.04696543729
5710.0 1.04738490085
5715.0 1.0477794928
5720.0 1.04814086737
5725.0 1.04847101102
5730.0 1.04876242542
5735.0 1.04902133517
5740.0 1.04924024153
5745.0 1.04941604788
5750.0 1.04956413602
5755.0 1.04968225297
5760.0 1.04975782585
5765.0 1.04976868475
5770.0 1.04975945
5775.0 1.04972278602
5780.0 1.04963255339
5785.0 1.04952464025
5790.0 1.04935892203
5795.0 1.04915814746
5800.0 1.04893304068
5805.0 1.04869491525
5810.0 1.04839093559
5815.0 1.04805317161
5820.0 1.0477029428
5825.0 1.04735961271
5830.0 1.04693771992
5835.0 1.04651043771
5840.0 1.046051625
5845.0 1.04555861398
5850.0 1.04508068898
5855.0 1.04458085381
5860.0 1.04406856441
5865.0 1.04356445551
5870.0 1.04306399534
5875.0 1.04250137373
5880.0 1.04186402415
5885.0 1.04145816695
5890.0 1.04091401271
5895.0 1.04027974025
5900.0 1.03973515763
5905.0 1.03928181102
5910.0 1.0387143322
5915.0 1.03821056356
5920.0 1.03773207161
5925.0 1.0372414428
5930.0 1.03684092881
5935.0 1.03638505551
5940.0 1.03593032119
5945.0 1.03552913008
5950.0 1.03515746949
5955.0 1.03481350763
5960.0 1.03449060551
5965.0 1.03419625212
5970.0 1.03392762246
5975.0 1.03369220466
5980.0 1.03348420847
5985.0 1.03330942627
5990.0 1.03315740763
5995.0 1.03306275424
6000.0 1.03298027585
6005.0 1.03292381017
6010.0 1.03289519449
6015.0 1.03291971186
6020.0 1.03295597797
6025.0 1.0330356322
6030.0 1.03314695169
6035.0 1.03328089788
6040.0 1.03343210042
6045.0 1.03363177542
6050.0 1.03386099703
6055.0 1.03410521695
6060.0 1.03434974237
6065.0 1.03465502712
6070.0 1.03498434661
6075.0 1.03531849364
6080.0 1.03568260381
6085.0 1.03603374153
6090.0 1.03642077415
6095.0 1.03682661229
6100.0 1.03724164661
6105.0 1.03766404407
6110.0 1.03812275424
6115.0 1.03854814195
6120.0 1.0389382339
6125.0 1.03940178941
6130.0 1.03993639068
6135.0 1.04027029492
6140.0 1.04071508305
6145.0 1.04123163136
6150.0 1.04161625169
6155.0 1.04204085424
6160.0 1.04248946229
6165.0 1.04287465551
6170.0 1.04328512458
6175.0 1.04371268432
6180.0 1.04403500424
6185.0 1.04437738093
6190.0 1.04471324576
6195.0 1.04503102627
6200.0 1.04532195424
6205.0 1.04559140508
6210.0 1.04583569619
6215.0 1.04606020297
6220.0 1.04625827627
6225.0 1.04643402076
6230.0 1.04658163517
6235.0 1.04668997076
6240.0 1.04680152839
6245.0 1.04687888941
6250.0 1.04692261186
6255.0 1.04693340805
6260.0 1.04692115424
6265.0 1.0468865678
6270.0 1.04682172797
6275.0 1.04673455381
6280.0 1.04663195763
6285.0 1.04648965551
6290.0 1.04632387924
6295.0 1.0461400072
6300.0 1.04595427288
6305.0 1.04571866483
6310.0 1.04546424492
6315.0 1.04519215551
6320.0 1.04492159492
6325.0 1.04461387331
6330.0 1.04430048136
6335.0 1.04399272669
6340.0 1.04365641992
6345.0 1.04328126102
6350.0 1.0429356089
6355.0 1.04261932203
6360.0 1.04223677415
6365.0 1.04179165381
6370.0 1.04151163644
6375.0 1.04113768263
6380.0 1.04069747585
6385.0 1.04031673729
6390.0 1.04000194788
6395.0 1.03960297542
6400.0 1.03928225339
6405.0 1.03892904449
6410.0 1.03856764364
6415.0 1.03820384576
6420.0 1.03792423305
6425.0 1.03762866483
6430.0 1.03733296017
6435.0 1.03705520297
6440.0 1.03679595551
6445.0 1.03655889492
6450.0 1.03633780339
6455.0 1.03613720593
6460.0 1.03595342754
6465.0 1.03579226271
6470.0 1.03565046102
6475.0 1.03553169873
6480.0 1.03543272458
6485.0 1.03535213178
6490.0 1.03529853008
6495.0 1.03527135805
6500.0 1.03526567288
6505.0 1.03527201271
6510.0 1.03530238008
6515.0 1.03536002669
6520.0 1.03543831271
6525.0 1.0355337089
6530.0 1.03563957331
6535.0 1.03577992034
6540.0 1.0359404822
6545.0 1.03611095085
6550.0 1.03628256441
6555.0 1.03649543856
6560.0 1.03671411822
6565.0 1.03695245042
6570.0 1.03721141568
6575.0 1.03746503008
6580.0 1.03773334576
6585.0 1.0380107161
6590.0 1.03830024322
6595.0 1.03857975424
6600.0 1.03886252373
6605.0 1.03918231314
6610.0 1.03954391144
6615.0 1.03977176186
6620.0 1.04008210636
6625.0 1.04044895593
6630.0 1.04076269407
6635.0 1.04102065085
6640.0 1.04135134915
6645.0 1.04161820508
6650.0 1.04190991907
6655.0 1.04220897924
6660.0 1.04248882458
6665.0 1.04272770975
6670.0 1.04298890381
6675.0 1.04323752542
6680.0 1.04346608008
6685.0 1.04367867119
6690.0 1.04387543136
6695.0 1.04406003941
6700.0 1.04422839068
6705.0 1.04438204661
6710.0 1.04451647754
6715.0 1.04463494068
6720.0 1.04473460169
6725.0 1.04481786992
6730.0 1.04488614661
6735.0 1.04492828602
6740.0 1.04494992669
6745.0 1.04495856102
6750.0 1.04495559407
6755.0 1.04492436907
6760.0 1.04488238856
6765.0 1.04482401356
6770.0 1.04474132585
6775.0 1.04464054703
6780.0 1.04452859068
6785.0 1.04441125678
6790.0 1.04427384788
6795.0 1.04410606059
6800.0 1.04393387754
6805.0 1.04374699449
6810.0 1.04354342839
6815.0 1.04333957119
6820.0 1.04312453941
6825.0 1.04289820085
6830.0 1.04266450297
6835.0 1.04243475466
6840.0 1.04220315593
6845.0 1.04193779322
6850.0 1.04163965381
6855.0 1.04145055254
6860.0 1.04119180466
6865.0 1.04088277203
6870.0 1.04065368051
6875.0 1.04040311568
6880.0 1.04011384492
6885.0 1.03989421102
6890.0 1.03964943008
6895.0 1.03939377669
6900.0 1.03913077669
6905.0 1.03893275466
6910.0 1.0387206072
6915.0 1.03850733602
6920.0 1.03828629788
6925.0 1.03810778347
6930.0 1.03794353771
6935.0 1.03778156017
6940.0 1.03762622712
6945.0 1.03748502797
6950.0 1.03735894915
6955.0 1.03725081949
6960.0 1.03715526864
6965.0 1.03707427754
6970.0 1.03700501992
6975.0 1.03696388051
6980.0 1.0369188
6985.0 1.03689378814
6990.0 1.03689110127
6995.0 1.03690551992
7000.0 1.03692489364
7005.0 1.03696137119
7010.0 1.03701509195
7015.0 1.03708761229
7020.0 1.03717271441
7025.0 1.03726602288
7030.0 1.0373702178
7035.0 1.03748600847
7040.0 1.03761098941
7045.0 1.03776070212
7050.0 1.03791579025
7055.0 1.03807315212
7060.0 1.03824521144
7065.0 1.03842420381
7070.0 1.03861196059
7075.0 1.0388011411
7080.0 1.03900925551
7085.0 1.03924421398
7090.0 1.03939725424
7095.0 1.03960934746
7100.0 1.03986452203
7105.0 1.04005246907
7110.0 1.04025934746
7115.0 1.04050493305
7120.0 1.04069232331
7125.0 1.04090020169
7130.0 1.04114183475
7135.0 1.04132767924
7140.0 1.04152185508
7145.0 1.04172041271
7150.0 1.04191924576
7155.0 1.04207330636
7160.0 1.04224840636
7165.0 1.04242915551
7170.0 1.04258899237
7175.0 1.04273413898
7180.0 1.04286599915
7185.0 1.04299164237
7190.0 1.04310781144
7195.0 1.043213525
7200.0 1.04330510297
7205.0 1.04338495297
7210.0 1.04345151398
7215.0 1.04350168517
7220.0 1.04355254873
7225.0 1.04358532712
7230.0 1.04359761314
7235.0 1.04359901653
7240.0 1.04359517924
7245.0 1.04357198559
7250.0 1.04354016144
7255.0 1.04349618347
7260.0 1.04343976186
7265.0 1.04337160975
7270.0 1.04328931949
7275.0 1.04320504576
7280.0 1.04310366695
7285.0 1.0429990339
7290.0 1.04288619619
7295.0 1.04275993305
7300.0 1.0426225
7305.0 1.04247969407
7310.0 1.04232232881
7315.0 1.04215916737
7320.0 1.04197975339
7325.0 1.04185556314
7330.0 1.04168164237
7335.0 1.04147311441
7340.0 1.04132122034
7345.0 1.0411516661
7350.0 1.04094340381
7355.0 1.04078528559
7360.0 1.04061091568
7365.0 1.04040363686
7370.0 1.04024367203
7375.0 1.04007367754
7380.0 1.03989379576
7385.0 1.03972888729
7390.0 1.03958714153
7395.0 1.03942265847
7400.0 1.03924744068
7405.0 1.03912406525
7410.0 1.03899334492
7415.0 1.03886150085
7420.0 1.03873460254
7425.0 1.03862056441
7430.0 1.03851825212
7435.0 1.03842625847
7440.0 1.0383404839
7445.0 1.03826418093
7450.0 1.03819748771
7455.0 1.03814323263
7460.0 1.03810367288
7465.0 1.03806256949
7470.0 1.03803912754
7475.0 1.03802981864
7480.0 1.03802503814
7485.0 1.03802888305
7490.0 1.03804742373
7495.0 1.03807459153
7500.0 1.03811137076
7505.0 1.03815931822
7510.0 1.03821560636
7515.0 1.03828645297
7520.0 1.03836097797
7525.0 1.03844116356
7530.0 1.03853392627
7535.0 1.03863277203
7540.0 1.03873910975
7545.0 1.03885110678
7550.0 1.03896169619
7555.0 1.03909404661
7560.0 1.03924236186
7565.0 1.03935311229
7570.0 1.03948703263
7575.0 1.03965500085
7580.0 1.03978003008
7585.0 1.03991961695
7590.0 1.04009169153
7595.0 1.04022196102
7600.0 1.04036522797
7605.0 1.04053957288
7610.0 1.04067351992
7615.0 1.04081693729
7620.0 1.04096868347
7625.0 1.04110828686
7630.0 1.04122825424
7635.0 1.04138395932
7640.0 1.04150434746
7645.0 1.04162699873
7650.0 1.04174696017
7655.0 1.04186240254
7660.0 1.04197007034
7665.0 1.04207025212
7670.0 1.04216265805
7675.0 1.04224927203
7680.0 1.04232810975
7685.0 1.04239988347
7690.0 1.04245286314
7695.0 1.04252250636
7700.0 1.04256021907
7705.0 1.04259637712
7710.0 1.04262984025
7715.0 1.04264988008
7720.0 1.04265663559
7725.0 1.04265971525
7730.0 1.04265543983
7735.0 1.04264197669
7740.0 1.04261522797
7745.0 1.04258014322
7750.0 1.04254321059
7755.0 1.04249709237
7760.0 1.04243768771
7765.0 1.04237587797
7770.0 1.04230671356
7775.0 1.04222963559
7780.0 1.04214605042
7785.0 1.04205751907
7790.0 1.04196120975
7795.0 1.04188071737
7800.0 1.04177168347
7805.0 1.0416394839
7810.0 1.04155671314
7815.0 1.04144102839
7820.0 1.04129468771
7825.0 1.04120145466
7830.0 1.04108052924
7835.0 1.04093008432
7840.0 1.04081932458
7845.0 1.04070022966
7850.0 1.04056700763
7855.0 1.04045807966
7860.0 1.04032231144
7865.0 1.04021211102
7870.0 1.04009498602
7875.0 1.03996783517
7880.0 1.03986215297
7885.0 1.03976339407
7890.0 1.03965008559
7895.0 1.03955344915
7900.0 1.03946472161
7905.0 1.03937783517
7910.0 1.03929546949
7915.0 1.03921748814
7920.0 1.03914572288
7925.0 1.03907198517
7930.0 1.03901929492
7935.0 1.03896802542
7940.0 1.03892551483
7945.0 1.03888145636
7950.0 1.0388605661
7955.0 1.03883431653
7960.0 1.03881555763
7965.0 1.03881092881
7970.0 1.03880404322
7975.0 1.03881595466
7980.0 1.03882348686
7985.0 1.03884473051
7990.0 1.03887134407
7995.0 1.03890870042
8000.0 1.03894803898
8005.0 1.03899176356
8010.0 1.03904509661
8015.0 1.03910196864
8020.0 1.03915827924
8025.0 1.03922956992
8030.0 1.0393049589
8035.0 1.03938642881
8040.0 1.03947157415
8045.0 1.03956110381
8050.0 1.03963735975
8055.0 1.03974554449
8060.0 1.03984214576
8065.0 1.03992194746
8070.0 1.04003805
8075.0 1.04012972034
8080.0 1.04022760763
8085.0 1.04034852203
8090.0 1.04044090381
8095.0 1.04054826314
8100.0 1.04064742712
8105.0 1.04073572034
8110.0 1.04083954831
8115.0 1.04094945169
8120.0 1.04103293983
8125.0 1.04112716525
8130.0 1.04121616059
8135.0 1.04130106229
8140.0 1.04138878305
8145.0 1.04146817331
8150.0 1.0415330089
8155.0 1.04160349364
8160.0 1.04166620763
8165.0 1.04173753432
8170.0 1.04179134237
8175.0 1.04183512161
8180.0 1.04186858263
8185.0 1.04191277669
8190.0 1.04194326568
8195.0 1.04196753602
8200.0 1.04198911525
8205.0 1.04199769915
8210.0 1.04200825169
8215.0 1.04200580975
8220.0 1.04200533559
8225.0 1.04199440847
8230.0 1.04197612966
8235.0 1.04195417373
8240.0 1.04192868263
8245.0 1.04189654703
8250.0 1.04185197627
8255.0 1.04180627331
8260.0 1.04176889534
8265.0 1.04170792712
8270.0 1.04164596653
8275.0 1.04159685466
8280.0 1.04152725424
8285.0 1.04144889831
8290.0 1.04139115593
8295.0 1.04131109449
8300.0 1.0412241089
8305.0 1.04115972034
8310.0 1.0410672178
8315.0 1.04099180763
8320.0 1.04090989322
8325.0 1.04080990085
8330.0 1.04073349237
8335.0 1.04064451229
8340.0 1.04056089746
8345.0 1.04048589915
8350.0 1.04039168856
8355.0 1.04031372288
8360.0 1.04023815636
8365.0 1.04014874958
8370.0 1.04007445381
8375.0 1.04000538814
8380.0 1.03993872288
8385.0 1.03985864025
8390.0 1.03980638432
8395.0 1.03974622203
8400.0 1.03967998729
8405.0 1.03962364153
8410.0 1.03958241059
8415.0 1.03952946229
8420.0 1.03949713602
8425.0 1.03945732797
8430.0 1.03943178729
8435.0 1.03940046059
8440.0 1.03938848602
8445.0 1.03935801568
8450.0 1.03936511441
8455.0 1.03934694068
8460.0 1.03934811695
8465.0 1.03935876356
8470.0 1.03935910169
8475.0 1.03938500847
8480.0 1.03939086441
8485.0 1.03941847669
8490.0 1.03944552585
8495.0 1.03947907881
8500.0 1.03951799873
8505.0 1.03955579873
8510.0 1.03960404831
8515.0 1.03963634576
8520.0 1.03969943856
8525.0 1.03975080805
8530.0 1.03980077034
8535.0 1.03987714831
8540.0 1.03992626864
8545.0 1.039995875
8550.0 1.04006025297
8555.0 1.04013367712
8560.0 1.04019424788
8565.0 1.04027360847
8570.0 1.04033587754
8575.0 1.04040210593
8580.0 1.04048132924
8585.0 1.04054374492
8590.0 1.04061449576
8595.0 1.0406866589
8600.0 1.04075867924
8605.0 1.04083550763
8610.0 1.04088083136
8615.0 1.04095341992
8620.0 1.04101611907
8625.0 1.04107048602
8630.0 1.04113275763
8635.0 1.04118669746
8640.0 1.04122905169
8645.0 1.04127578771
8650.0 1.04133423941
8655.0 1.04136783432
8660.0 1.04141441695
8665.0 1.0414310589
8670.0 1.0414645
8675.0 1.04149172966
8680.0 1.04150482797
8685.0 1.04153247415
8690.0 1.04153793941
8695.0 1.04155201992
8700.0 1.04155408898
8705.0 1.04155672203
8710.0 1.04155115763
8715.0 1.04154615466
8720.0 1.04153422881
8725.0 1.04151989831
8730.0 1.04149525169
8735.0 1.04147964407
8740.0 1.04144270254
8745.0 1.04142836017
8750.0 1.04137912331
8755.0 1.04135079068
8760.0 1.04130493602
8765.0 1.04126897161
8770.0 1.04122734746
8775.0 1.04117400551
8780.0 1.04112602076
8785.0 1.04107351822
8790.0 1.04102425932
8795.0 1.04097259788
8800.0 1.04090638814
8805.0 1.04085429873
8810.0 1.04079740424
8815.0 1.0407393822
8820.0 1.04068714492
8825.0 1.04062657797
8830.0 1.04057052712
8835.0 1.0405095322
8840.0 1.04044754873
8845.0 1.04038867246
8850.0 1.04032117754
8855.0 1.04028518475
8860.0 1.04022701271
8865.0 1.04017195127
8870.0 1.04012903644
8875.0 1.04008923093
8880.0 1.04004038475
8885.0 1.04000269915
8890.0 1.03995894153
8895.0 1.03991956441
8900.0 1.03988343602
8905.0 1.03985296144
8910.0 1.03983124449
8915.0 1.03979695975
8920.0 1.03978795847
8925.0 1.03975834068
8930.0 1.03975527542
8935.0 1.03973456144
8940.0 1.0397348911
8945.0 1.03972392797
8950.0 1.03972850085
8955.0 1.03972771229
8960.0 1.03973652881
8965.0 1.03974379619
8970.0 1.0397564322
8975.0 1.039773875
8980.0 1.03979033093
8985.0 1.03981286271
8990.0 1.03984076441
8995.0 1.03986415169
9000.0 1.03989078602
9005.0 1.03993282331
9010.0 1.03996285297
9015.0 1.03999853898
9020.0 1.04003662415
9025.0 1.04007824576
9030.0 1.04011887839
9035.0 1.04016516695
9040.0 1.04020749661
9045.0 1.04026819534
9050.0 1.04030629153
9055.0 1.04035682373
9060.0 1.04039704195
9065.0 1.04045477839
9070.0 1.04049076059
9075.0 1.04054892458
9080.0 1.04059635
9085.0 1.04064434407
9090.0 1.04068922712
9095.0 1.04072959492
9100.0 1.04077447839
9105.0 1.04082586271
9110.0 1.04086354195
9115.0 1.04091661907
9120.0 1.04094751992
9125.0 1.04097940847
9130.0 1.04101327203
9135.0 1.04105787034
9140.0 1.04107393517
9145.0 1.04111259831
9150.0 1.04113162712
9155.0 1.04116054153
9160.0 1.04117405763
9165.0 1.04119957881
9170.0 1.04120546441
9175.0 1.04122716737
9180.0 1.04122711653
9185.0 1.04124288347
9190.0 1.04123986186
9195.0 1.04124503178
9200.0 1.04124158093
9205.0 1.04123615339
9210.0 1.04122973093
9215.0 1.0412187911
9220.0 1.04120727881
9225.0 1.04118997797
9230.0 1.04117507203
9235.0 1.0411522572
9240.0 1.04113099068
9245.0 1.04110605339
9250.0 1.04107800254
9255.0 1.04105348432
9260.0 1.04102330975
9265.0 1.04098692458
9270.0 1.04095462797
9275.0 1.04090806864
9280.0 1.04088042924
9285.0 1.04083556271
9290.0 1.04080410593
9295.0 1.0407579661
9300.0 1.04073201525
9305.0 1.04069349873
9310.0 1.04065059831
9315.0 1.04061208093
9320.0 1.04056366949
9325.0 1.04053489661
9330.0 1.04048775636
9335.0 1.04044881229
9340.0 1.0404122661
9345.0 1.04037332119
9350.0 1.04033804619
9355.0 1.04030164407
9360.0 1.04026933602
9365.0 1.04023462966
9370.0 1.04020613644
9375.0 1.04017566949
9380.0 1.04014929619
9385.0 1.04012264492
9390.0 1.04010008771
9395.0 1.04007725169
9400.0 1.04005935847
9405.0 1.04004161017
9410.0 1.04002626229
9415.0 1.04001572034
9420.0 1.04000164746
9425.0 1.03999873559
9430.0 1.0399876322
9435.0 1.03998896144
9440.0 1.03998464153
9445.0 1.03998724619
9450.0 1.03999140381
9455.0 1.03999570805
9460.0 1.04000622542
9465.0 1.04001392331
9470.0 1.04002910551
9475.0 1.0400423161
9480.0 1.04005792542
9485.0 1.04007791949
9490.0 1.04009607542
9495.0 1.04011946229
9500.0 1.04014313136
9505.0 1.04016652034
9510.0 1.04019358305
9515.0 1.04022078983
9520.0 1.04025039619
9525.0 1.04027887754
9530.0 1.04030848686
9535.0 1.04034332712
9540.0 1.04037209068
9545.0 1.04040820424
9550.0 1.04043739407
9555.0 1.04047435551
9560.0 1.04050354746
9565.0 1.04053839153
9570.0 1.04057224576
9575.0 1.04060412415
9580.0 1.04063713136
9585.0 1.04066858686
9590.0 1.04070032246
9595.0 1.04072965975
9600.0 1.04076181907
9605.0 1.04078522331
9610.0 1.0408169572
9615.0 1.04083824237
9620.0 1.04086700932
9625.0 1.04088575042
9630.0 1.04091154958
9635.0 1.04092689915
9640.0 1.04094930636
9645.0 1.04096126356
9650.0 1.04097943178
9655.0 1.04099053898
9660.0 1.04099980678
9665.0 1.04101302924
9670.0 1.04101424322
9675.0 1.04102534449
9680.0 1.04102486017
9685.0 1.04102748432
9690.0 1.04102699661
9695.0 1.04102283856
9700.0 1.04102065169
9705.0 1.04101182966
9710.0 1.04100582627
9715.0 1.04099403432
9720.0 1.04098421525
9725.0 1.04097030085
9730.0 1.04095369831
9735.0 1.04094062881
9740.0 1.04092148093
9745.0 1.04090162839
9750.0 1.04088247881
9755.0 1.04085965678
9760.0 1.04083838517
9765.0 1.04081301907
9770.0 1.04079089703
9775.0 1.0407638339
9780.0 1.04073874364
9785.0 1.04071252669
9790.0 1.04068277331
9795.0 1.0406603678
9800.0 1.04062807119
9805.0 1.04060566398
9810.0 1.04057379068
9815.0 1.04054883941
9820.0 1.04051993178
9825.0 1.04049455678
9830.0 1.04046776695
9835.0 1.04043984958
9840.0 1.04041899153
9845.0 1.04039022754
9850.0 1.04037106483
9855.0 1.04034357246
9860.0 1.04032695297
9865.0 1.04030412246
9870.0 1.04028453771
9875.0 1.0402676411
9880.0 1.04024932966
9885.0 1.04023582373
9890.0 1.04022005636
9895.0 1.04020994237
9900.0 1.04019629576
9905.0 1.04018999703
9910.0 1.04017931864
9915.0 1.0401747178
9920.0 1.04017039703
9925.0 1.04016579915
9930.0 1.04016614195
9935.0 1.04016493602
9940.0 1.04016740042
9945.0 1.04017085805
9950.0 1.04017544407
9955.0 1.04018229407
9960.0 1.040189425
9965.0 1.0402000911
9970.0 1.04020934364
9975.0 1.04022128347
9980.0 1.04023604746
9985.0 1.04024798941
9990.0 1.04026572161
9995.0 1.04028190424
10000.0 1.04029879025
