5.0 -6.56595975424
10.0 -3.84551909322
15.0 -1.21126912712
20.0 -0.101470228814
25.0 0.147821076271
30.0 0.128130521186
35.0 0.0875107161017
40.0 0.0672155720339
45.0 0.0633757076271
50.0 0.0638520974576
55.0 0.0638994661017
60.0 0.0636232161017
65.0 0.0637971228814
70.0 0.0639967330508
75.0 0.0641594533898
80.0 0.0643756186441
85.0 0.0645638474576
90.0 0.0646783728814
95.0 0.0646988855932
100.0 0.0646474364407
105.0 0.064416940678
110.0 0.0640550042373
115.0 0.0635744830508
120.0 0.0629756737288
125.0 0.0622798389831
130.0 0.0614592372881
135.0 0.0606268728814
140.0 0.0597548601695
145.0 0.0587436822034
150.0 0.0578265169492
155.0 0.0568830042373
160.0 0.0559294449153
165.0 0.0550174576271
170.0 0.0541425381356
175.0 0.0533004576271
180.0 0.0525463855932
185.0 0.0518212033898
190.0 0.0511255847458
195.0 0.0505032245763
200.0 0.0499324618644
205.0 0.0493993644068
210.0 0.0489223813559
215.0 0.0484789872881
220.0 0.0480638135593
225.0 0.0476887457627
230.0 0.0473448813559
235.0 0.0470326483051
240.0 0.0467431949153
245.0 0.0464788432203
250.0 0.0462372584746
255.0 0.0460151652542
260.0 0.0458126101695
265.0 0.0456238728814
270.0 0.045447970339
275.0 0.0452858008475
280.0 0.0451307923729
285.0 0.0449830550847
290.0 0.0448441483051
295.0 0.0447050762712
300.0 0.0445708983051
305.0 0.0444342033898
310.0 0.0442943813559
315.0 0.0441512881356
320.0 0.0439999237288
325.0 0.0438445805085
330.0 0.0436734110169
335.0 0.0434954915254
340.0 0.0432970211864
345.0 0.0430826271186
350.0 0.0428517033898
355.0 0.042608970339
360.0 0.0423487542373
365.0 0.0420652076271
370.0 0.0417611779661
375.0 0.0414661864407
380.0 0.0411669322034
385.0 0.0408628432203
390.0 0.0405530550847
395.0 0.0402487542373
400.0 0.0399461186441
405.0 0.0396455762712
410.0 0.0393551059322
415.0 0.0390663813559
420.0 0.0387779661017
425.0 0.0385064788136
430.0 0.0382374788136
435.0 0.0379772923729
440.0 0.0377251016949
445.0 0.037485440678
450.0 0.0372537118644
455.0 0.0370355932203
460.0 0.0368262033898
465.0 0.0366296016949
470.0 0.0364411228814
475.0 0.0362650042373
480.0 0.0360962372881
485.0 0.0359391525424
490.0 0.0357900720339
495.0 0.0356469491525
500.0 0.0355121525424
505.0 0.0353835
510.0 0.0352597415254
515.0 0.0351441313559
520.0 0.0350305932203
525.0 0.0349203898305
530.0 0.0348169067797
535.0 0.0347163601695
540.0 0.0346167033898
545.0 0.0345172754237
550.0 0.0344264915254
555.0 0.0343373050847
560.0 0.0342451991525
565.0 0.0341601313559
570.0 0.0340751144068
575.0 0.033988470339
580.0 0.0339071694915
585.0 0.0338319830508
590.0 0.0337507754237
595.0 0.0336767076271
600.0 0.0336014745763
605.0 0.0335313813559
610.0 0.0334561271186
615.0 0.0333878432203
620.0 0.0333185847458
625.0 0.0332507627119
630.0 0.0331848177966
635.0 0.0331248474576
640.0 0.0330637288136
645.0 0.0330028177966
650.0 0.0329435211864
655.0 0.0328863050847
660.0 0.0328298728814
665.0 0.0327753940678
670.0 0.0327189449153
675.0 0.0326649661017
680.0 0.0326124067797
685.0 0.0325633601695
690.0 0.0325159915254
695.0 0.0324718855932
700.0 0.0324238008475
705.0 0.0323779237288
710.0 0.0323335677966
715.0 0.0322936101695
720.0 0.0322495635593
725.0 0.0322074067797
730.0 0.0321701483051
735.0 0.0321294491525
740.0 0.0320899364407
745.0 0.0320543516949
750.0 0.0320142966102
755.0 0.0319790211864
760.0 0.0319429110169
765.0 0.0319089449153
770.0 0.0318748813559
775.0 0.0318405677966
780.0 0.0318110254237
785.0 0.0317777881356
790.0 0.0317465423729
795.0 0.0317156610169
800.0 0.0316886822034
805.0 0.0316585084746
810.0 0.0316302288136
815.0 0.0316025211864
820.0 0.0315765889831
825.0 0.0315517966102
830.0 0.0315255805085
835.0 0.0315024025424
840.0 0.0314794788136
845.0 0.0314565635593
850.0 0.0314346440678
855.0 0.0314145889831
860.0 0.0313933898305
865.0 0.0313750169492
870.0 0.0313568898305
875.0 0.0313390423729
880.0 0.0313219533898
885.0 0.0313066822034
890.0 0.0312905423729
895.0 0.0312769915254
900.0 0.0312635932203
905.0 0.0312506186441
910.0 0.0312389449153
915.0 0.0312269110169
920.0 0.0312163135593
925.0 0.0312059449153
930.0 0.0311965211864
935.0 0.031187809322
940.0 0.031178970339
945.0 0.0311722669492
950.0 0.0311642881356
955.0 0.0311567584746
960.0 0.0311494957627
965.0 0.0311442161017
970.0 0.0311392288136
975.0 0.0311337372881
980.0 0.0311289364407
985.0 0.0311242966102
990.0 0.0311194025424
995.0 0.031115529661
1000.0 0.0311118474576
1005.0 0.0311084067797
1010.0 0.0311051567797
1015.0 0.0311024661017
1020.0 0.0310998898305
1025.0 0.0310973305085
1030.0 0.0310950847458
1035.0 0.031093190678
1040.0 0.0310912415254
1045.0 0.0310896271186
1050.0 0.0310883728814
1055.0 0.0310875
1060.0 0.0310865889831
1065.0 0.0310859152542
1070.0 0.031085559322
1075.0 0.0310854110169
1080.0 0.0310851440678
1085.0 0.0310860254237
1090.0 0.0310858389831
1095.0 0.0310863516949
1100.0 0.0310868347458
1105.0 0.0310878855932
1110.0 0.0310893135593
1115.0 0.0310899152542
1120.0 0.0310914830508
1125.0 0.0310928432203
1130.0 0.0310936694915
1135.0 0.0310958813559
1140.0 0.0310965423729
1145.0 0.0310985423729
1150.0 0.0311008813559
1155.0 0.0311016610169
1160.0 0.031103220339
1165.0 0.0311053347458
1170.0 0.0311074745763
1175.0 0.0311089194915
1180.0 0.0311105211864
1185.0 0.0311132881356
1190.0 0.0311139322034
1195.0 0.0311157161017
1200.0 0.0311185381356
1205.0 0.0311194322034
1210.0 0.031121
1215.0 0.0311233305085
1220.0 0.0311242415254
1225.0 0.0311267966102
1230.0 0.0311277457627
1235.0 0.0311296694915
1240.0 0.0311311779661
1245.0 0.0311327669492
1250.0 0.0311341016949
1255.0 0.0311358940678
1260.0 0.0311370254237
1265.0 0.0311388305085
1270.0 0.0311398855932
1275.0 0.0311416271186
1280.0 0.0311426271186
1285.0 0.0311443601695
1290.0 0.0311452245763
1295.0 0.0311469788136
1300.0 0.0311478347458
1305.0 0.0311495254237
1310.0 0.0311503177966
1315.0 0.0311519449153
1320.0 0.0311527457627
1325.0 0.0311542711864
1330.0 0.0311550677966
1335.0 0.0311566101695
1340.0 0.0311573050847
1345.0 0.0311588516949
1350.0 0.0311595211864
1355.0 0.0311610508475
1360.0 0.0311616355932
1365.0 0.0311631694915
1370.0 0.0311637669492
1375.0 0.0311651737288
1380.0 0.0311658855932
1385.0 0.0311670466102
1390.0 0.0311679576271
1395.0 0.031169
1400.0 0.0311699067797
1405.0 0.0311708855932
1410.0 0.0311718644068
1415.0 0.0311727754237
1420.0 0.0311736991525
1425.0 0.0311747076271
1430.0 0.0311754194915
1435.0 0.0311766059322
1440.0 0.0311771355932
1445.0 0.0311785211864
1450.0 0.0311788983051
1455.0 0.0311803008475
1460.0 0.0311807923729
1465.0 0.0311818771186
1470.0 0.0311826228814
1475.0 0.0311834745763
1480.0 0.0311843644068
1485.0 0.031185190678
1490.0 0.0311858771186
1495.0 0.0311869872881
1500.0 0.0311873940678
1505.0 0.0311886694915
1510.0 0.0311891016949
1515.0 0.0311901101695
1520.0 0.0311907838983
1525.0 0.0311915762712
1530.0 0.0311922923729
1535.0 0.0311931737288
1540.0 0.0311936567797
1545.0 0.0311947330508
1550.0 0.0311951652542
1555.0 0.031196059322
1560.0 0.0311966610169
1565.0 0.0311974449153
1570.0 0.0311979576271
1575.0 0.0311988601695
1580.0 0.031199279661
1585.0 0.0312001313559
1590.0 0.0312006186441
1595.0 0.0312013686441
1600.0 0.0312018135593
1605.0 0.0312025932203
1610.0 0.0312029830508
1615.0 0.0312037542373
1620.0 0.0312041694915
1625.0 0.0312048516949
1630.0 0.0312052288136
1635.0 0.0312059533898
1640.0 0.0312063008475
1645.0 0.0312069618644
1650.0 0.0312073050847
1655.0 0.0312079533898
1660.0 0.0312082754237
1665.0 0.0312089194915
1670.0 0.0312092118644
1675.0 0.0312097966102
1680.0 0.0312100720339
1685.0 0.0312106525424
1690.0 0.0312109194915
1695.0 0.0312114661017
1700.0 0.0312116949153
1705.0 0.0312122288136
1710.0 0.0312124576271
1715.0 0.0312129745763
1720.0 0.0312131652542
1725.0 0.0312136483051
1730.0 0.0312138432203
1735.0 0.0312143177966
1740.0 0.0312144830508
1745.0 0.0312149322034
1750.0 0.0312150847458
1755.0 0.0312155211864
1760.0 0.0312156652542
1765.0 0.0312160805085
1770.0 0.0312161949153
1775.0 0.0312165974576
1780.0 0.0312167161017
1785.0 0.0312170932203
1790.0 0.0312171949153
1795.0 0.0312175635593
1800.0 0.0312176483051
1805.0 0.0312180042373
1810.0 0.0312180805085
1815.0 0.0312184194915
1820.0 0.0312184830508
1825.0 0.0312188135593
1830.0 0.0312188686441
1835.0 0.0312191864407
1840.0 0.0312192330508
1845.0 0.0312195338983
1850.0 0.0312195762712
1855.0 0.0312198601695
1860.0 0.0312198601695
1865.0 0.0312201440678
1870.0 0.0312201694915
1875.0 0.0312204533898
1880.0 0.0312204618644
1885.0 0.031220720339
1890.0 0.031220720339
1895.0 0.0312209830508
1900.0 0.0312209872881
1905.0 0.0312212415254
1910.0 0.03122125
1915.0 0.0312214915254
1920.0 0.031221470339
1925.0 0.0312217076271
1930.0 0.0312216864407
1935.0 0.0312219279661
1940.0 0.0312218983051
1945.0 0.0312221271186
1950.0 0.0312221016949
1955.0 0.0312223262712
1960.0 0.0312222881356
1965.0 0.0312225084746
1970.0 0.0312224745763
1975.0 0.0312226864407
1980.0 0.0312226483051
1985.0 0.0312228559322
1990.0 0.031222809322
1995.0 0.0312230169492
2000.0 0.0312229745763
2005.0 0.0312231779661
2010.0 0.0312231228814
2015.0 0.0312233177966
2020.0 0.0312232627119
2025.0 0.0312234661017
2030.0 0.0312234067797
2035.0 0.0312235974576
2040.0 0.031223529661
2045.0 0.0312237245763
2050.0 0.0312236652542
2055.0 0.0312238474576
2060.0 0.031223779661
2065.0 0.0312239661017
2070.0 0.0312238940678
2075.0 0.0312240762712
2080.0 0.0312240042373
2085.0 0.0312241822034
2090.0 0.0312241016949
2095.0 0.0312242711864
2100.0 0.0312241864407
2105.0 0.0312232118644
2110.0 0.0312248474576
2115.0 0.0312246949153
2120.0 0.0312245127119
2125.0 0.0312239067797
2130.0 0.0312248686441
2135.0 0.0312243898305
2140.0 0.0312245805085
2145.0 0.0312252669492
2150.0 0.0312245169492
2155.0 0.031223970339
2160.0 0.0312242923729
2165.0 0.0312237415254
2170.0 0.0312240211864
2175.0 0.0312239830508
2180.0 0.031224559322
2185.0 0.03122425
2190.0 0.0312243601695
2195.0 0.0312252627119
2200.0 0.0312260423729
2205.0 0.0312254322034
2210.0 0.0312241440678
2215.0 0.031224779661
2220.0 0.0312262542373
2225.0 0.0312242923729
2230.0 0.0312243177966
2235.0 0.0312265677966
2240.0 0.0312244618644
2245.0 0.0312248601695
2250.0 0.0312264194915
2255.0 0.0312244025424
2260.0 0.0312261313559
2265.0 0.0312248516949
2270.0 0.0312248008475
2275.0 0.0312243516949
2280.0 0.0312255423729
2285.0 0.0312248559322
2290.0 0.0312250127119
2295.0 0.0312245550847
2300.0 0.0312274618644
2305.0 0.0312248728814
2310.0 0.0312264449153
2315.0 0.0312242669492
2320.0 0.0312250084746
2325.0 0.0312253813559
2330.0 0.031224970339
2335.0 0.0312270084746
2340.0 0.0312239533898
2345.0 0.0312265762712
2350.0 0.0312250127119
2355.0 0.0312270932203
2360.0 0.0312247838983
2365.0 0.0312251440678
2370.0 0.0312257966102
2375.0 0.0312268008475
2380.0 0.0312244110169
2385.0 0.0312253050847
2390.0 0.0312247118644
2395.0 0.0312252838983
2400.0 0.0312258771186
2405.0 0.031225809322
2410.0 0.0312254661017
2415.0 0.0312260254237
2420.0 0.0312241101695
2425.0 0.031225940678
2430.0 0.0312259618644
2435.0 0.0312258008475
2440.0 0.0312273177966
2445.0 0.0312238644068
2450.0 0.0312253135593
2455.0 0.0312259661017
2460.0 0.0312258813559
2465.0 0.0312258940678
2470.0 0.0312263940678
2475.0 0.0312239533898
2480.0 0.0312255889831
2485.0 0.0312259661017
2490.0 0.0312258898305
2495.0 0.0312259237288
2500.0 0.0312254745763
2505.0 0.0312251864407
2510.0 0.0312254110169
2515.0 0.0312273389831
2520.0 0.031224440678
2525.0 0.0312262076271
2530.0 0.0312258050847
2535.0 0.0312256483051
2540.0 0.0312255466102
2545.0 0.0312252711864
2550.0 0.0312254237288
2555.0 0.0312258220339
2560.0 0.0312258347458
2565.0 0.0312257881356
2570.0 0.0312254067797
2575.0 0.0312253559322
2580.0 0.0312247288136
2585.0 0.0312253050847
2590.0 0.031226029661
2595.0 0.0312260084746
2600.0 0.0312257584746
2605.0 0.0312252669492
2610.0 0.0312253516949
2615.0 0.0312257372881
2620.0 0.0312257669492
2625.0 0.0312257415254
2630.0 0.0312256313559
2635.0 0.0312256271186
2640.0 0.0312256440678
2645.0 0.0312257076271
2650.0 0.0312256483051
2655.0 0.0312256101695
2660.0 0.0312257372881
2665.0 0.0312257457627
2670.0 0.0312256737288
2675.0 0.0312256355932
2680.0 0.0312256144068
2685.0 0.0312257161017
2690.0 0.0312257881356
2695.0 0.0312256822034
2700.0 0.0312256016949
2705.0 0.0312256016949
2710.0 0.0312257033898
2715.0 0.0312257669492
2720.0 0.0312257711864
2725.0 0.0312256483051
2730.0 0.0312256101695
2735.0 0.0312256652542
2740.0 0.0312257033898
2745.0 0.0312257881356
2750.0 0.0312257161017
2755.0 0.0312256101695
2760.0 0.0312256864407
2765.0 0.0312257584746
2770.0 0.0312256652542
2775.0 0.0312274152542
2780.0 0.0312242754237
2785.0 0.031225690678
2790.0 0.03122625
2795.0 0.0312261991525
2800.0 0.0312252881356
2805.0 0.0312253432203
2810.0 0.03122575
2815.0 0.0312259237288
2820.0 0.0312258432203
2825.0 0.0312255042373
2830.0 0.0312255762712
2835.0 0.0312257627119
2840.0 0.0312257584746
2845.0 0.0312256822034
2850.0 0.03122575
2855.0 0.0312256610169
2860.0 0.0312256822034
2865.0 0.0312257754237
2870.0 0.0312256737288
2875.0 0.0312257033898
2880.0 0.0312256822034
2885.0 0.0312256398305
2890.0 0.0312257881356
2895.0 0.0312257838983
2900.0 0.0312255847458
2905.0 0.0312256525424
2910.0 0.0312257881356
2915.0 0.0312256228814
2920.0 0.0312257838983
2925.0 0.0312257669492
2930.0 0.0312255720339
2935.0 0.03122575
2940.0 0.031225720339
2945.0 0.0312256271186
2950.0 0.0312257881356
2955.0 0.0312257033898
2960.0 0.0312256101695
2965.0 0.0312257584746
2970.0 0.0312257457627
2975.0 0.0312256144068
2980.0 0.0312258135593
2985.0 0.0312256779661
2990.0 0.0312255762712
2995.0 0.0312258220339
3000.0 0.0312256737288
3005.0 0.0312256525424
3010.0 0.0312258644068
3015.0 0.0312256313559
3020.0 0.0312255974576
3025.0 0.0312257881356
3030.0 0.0312256567797
3035.0 0.0312257076271
3040.0 0.0312258220339
3045.0 0.031225690678
3050.0 0.0312256271186
3055.0 0.031225779661
3060.0 0.0312256483051
3065.0 0.031225720339
3070.0 0.0312258262712
3075.0 0.0312255720339
3080.0 0.0312256398305
3085.0 0.0312257966102
3090.0 0.0312256398305
3095.0 0.0312257372881
3100.0 0.0312257838983
3105.0 0.0312255720339
3110.0 0.0312256822034
3115.0 0.031225779661
3120.0 0.0312256440678
3125.0 0.0312257415254
3130.0 0.0312257330508
3135.0 0.0312255847458
3140.0 0.0312256694915
3145.0 0.0312257838983
3150.0 0.0312256440678
3155.0 0.0312257288136
3160.0 0.0312257627119
3165.0 0.0312256059322
3170.0 0.0312257076271
3175.0 0.0312257415254
3180.0 0.0312256228814
3185.0 0.0312257457627
3190.0 0.0312257584746
3195.0 0.0312256271186
3200.0 0.0312257245763
3205.0 0.0312257627119
3210.0 0.0312256228814
3215.0 0.0312257161017
3220.0 0.0312257754237
3225.0 0.0312256313559
3230.0 0.0312257033898
3235.0 0.0312257288136
3240.0 0.0312256228814
3245.0 0.0312257372881
3250.0 0.0312257584746
3255.0 0.0312256313559
3260.0 0.0312257118644
3265.0 0.0312257118644
3270.0 0.0312256483051
3275.0 0.031225720339
3280.0 0.0312257627119
3285.0 0.0312256313559
3290.0 0.031225690678
3295.0 0.0312257330508
3300.0 0.0312256398305
3305.0 0.0312257330508
3310.0 0.0312257542373
3315.0 0.0312256313559
3320.0 0.0312256652542
3325.0 0.0312257542373
3330.0 0.0312256525424
3335.0 0.0312257076271
3340.0 0.0312257584746
3345.0 0.0312256355932
3350.0 0.0312256864407
3355.0 0.0312257372881
3360.0 0.0312256440678
3365.0 0.031225690678
3370.0 0.0312257584746
3375.0 0.0312256483051
3380.0 0.0312256652542
3385.0 0.03122575
3390.0 0.0312256652542
3395.0 0.0312256525424
3400.0 0.03122575
3405.0 0.0312256694915
3410.0 0.0312256525424
3415.0 0.0312257584746
3420.0 0.0312256864407
3425.0 0.0312256694915
3430.0 0.0312257288136
3435.0 0.0312256864407
3440.0 0.0312256398305
3445.0 0.0312257542373
3450.0 0.0312257076271
3455.0 0.0312256525424
3460.0 0.0312257457627
3465.0 0.0312257118644
3470.0 0.0312256355932
3475.0 0.0312257372881
3480.0 0.0312257288136
3485.0 0.0312256440678
3490.0 0.031225690678
3495.0 0.0312257372881
3500.0 0.0312256483051
3505.0 0.0312257118644
3510.0 0.0312257457627
3515.0 0.0312256440678
3520.0 0.0312256567797
3525.0 0.03122575
3530.0 0.0312256652542
3535.0 0.0312256525424
3540.0 0.0312257584746
3545.0 0.0312256652542
3550.0 0.0312256355932
3555.0 0.0312257330508
3560.0 0.0312257161017
3565.0 0.0312256355932
3570.0 0.0312257330508
3575.0 0.0312256949153
3580.0 0.0312256398305
3585.0 0.0312256864407
3590.0 0.0312257457627
3595.0 0.0312256483051
3600.0 0.0312257118644
3605.0 0.03122575
3610.0 0.0312256398305
3615.0 0.0312256567797
3620.0 0.0312257627119
3625.0 0.0312256610169
3630.0 0.0312256398305
3635.0 0.0312257457627
3640.0 0.0312257118644
3645.0 0.0312256271186
3650.0 0.0312257330508
3655.0 0.0312257245763
3660.0 0.0312256271186
3665.0 0.0312256822034
3670.0 0.0312257372881
3675.0 0.0312256355932
3680.0 0.0312256652542
3685.0 0.0312257669492
3690.0 0.0312256779661
3695.0 0.0312256610169
3700.0 0.0312257627119
3705.0 0.0312256822034
3710.0 0.0312256144068
3715.0 0.0312257161017
3720.0 0.0312257033898
3725.0 0.0312256186441
3730.0 0.0312256652542
3735.0 0.0312257754237
3740.0 0.0312256271186
3745.0 0.0312256440678
3750.0 0.0312257627119
3755.0 0.0312256483051
3760.0 0.0312256186441
3765.0 0.0312257372881
3770.0 0.0312257033898
3775.0 0.0312256059322
3780.0 0.0312257457627
3785.0 0.031225720339
3790.0 0.0312256525424
3795.0 0.0312256567797
3800.0 0.0312257711864
3805.0 0.0312256483051
3810.0 0.0312256779661
3815.0 0.03122575
3820.0 0.0312257033898
3825.0 0.0312256101695
3830.0 0.0312257627119
3835.0 0.0312257288136
3840.0 0.0312256144068
3845.0 0.0312256991525
3850.0 0.0312257330508
3855.0 0.0312256567797
3860.0 0.0312256398305
3865.0 0.0312257711864
3870.0 0.0312256440678
3875.0 0.0312256271186
3880.0 0.0312257584746
3885.0 0.0312257118644
3890.0 0.0312256144068
3895.0 0.03122575
3900.0 0.0312257669492
3905.0 0.0312256271186
3910.0 0.0312257118644
3915.0 0.031225779661
3920.0 0.0312256483051
3925.0 0.0312256440678
3930.0 0.0312257669492
3935.0 0.0312256440678
3940.0 0.0312256271186
3945.0 0.0312257711864
3950.0 0.0312257627119
3955.0 0.0312256101695
3960.0 0.031225720339
3965.0 0.0312257627119
3970.0 0.0312256228814
3975.0 0.0312256144068
3980.0 0.0312257838983
3985.0 0.0312256737288
3990.0 0.0312256059322
3995.0 0.0312257457627
4000.0 0.0312257330508
4005.0 0.0312256059322
4010.0 0.0312257542373
4015.0 0.0312257754237
4020.0 0.0312256271186
4025.0 0.0312256949153
4030.0 0.0312257754237
4035.0 0.0312256398305
4040.0 0.0312256398305
4045.0 0.031225779661
4050.0 0.0312257245763
4055.0 0.0312255974576
4060.0 0.0312257711864
4065.0 0.0312257076271
4070.0 0.0312256271186
4075.0 0.0312256694915
4080.0 0.0312257881356
4085.0 0.0312256101695
4090.0 0.0312256525424
4095.0 0.0312257669492
4100.0 0.0312256610169
4105.0 0.0312255974576
4110.0 0.0312257627119
4115.0 0.0312257161017
4120.0 0.0312255932203
4125.0 0.0312256991525
4130.0 0.031225720339
4135.0 0.0312256440678
4140.0 0.0312256567797
4145.0 0.0312257966102
4150.0 0.0312256610169
4155.0 0.0312256525424
4160.0 0.0312257457627
4165.0 0.0312257288136
4170.0 0.0312256059322
4175.0 0.0312257542373
4180.0 0.0312257288136
4185.0 0.0312256313559
4190.0 0.0312256610169
4195.0 0.0312257754237
4200.0 0.0312256483051
4205.0 0.0312256440678
4210.0 0.0312257330508
4215.0 0.0312256694915
4220.0 0.0312255932203
4225.0 0.03122575
4230.0 0.0312257161017
4235.0 0.0312256228814
4240.0 0.0312256694915
4245.0 0.031225779661
4250.0 0.0312256398305
4255.0 0.0312256271186
4260.0 0.0312257754237
4265.0 0.0312257076271
4270.0 0.0312256271186
4275.0 0.0312257033898
4280.0 0.0312257245763
4285.0 0.0312255847458
4290.0 0.0312256567797
4295.0 0.0312257754237
4300.0 0.0312256398305
4305.0 0.0312256398305
4310.0 0.0312256949153
4315.0 0.0312256991525
4320.0 0.0312255805085
4325.0 0.0312257542373
4330.0 0.0312257161017
4335.0 0.0312256483051
4340.0 0.0312256355932
4345.0 0.0312257330508
4350.0 0.0312257245763
4355.0 0.0312255805085
4360.0 0.0312257754237
4365.0 0.0312256864407
4370.0 0.0312256737288
4375.0 0.0312256440678
4380.0 0.0312257669492
4385.0 0.0312256991525
4390.0 0.0312255974576
4395.0 0.0312257542373
4400.0 0.0312256822034
4405.0 0.0312256864407
4410.0 0.0312256355932
4415.0 0.0312257245763
4420.0 0.0312256525424
4425.0 0.0312256016949
4430.0 0.0312257330508
4435.0 0.0312256864407
4440.0 0.0312257245763
4445.0 0.0312256271186
4450.0 0.0312257881356
4455.0 0.0312256483051
4460.0 0.0312255974576
4465.0 0.0312257245763
4470.0 0.0312256864407
4475.0 0.0312257415254
4480.0 0.0312256016949
4485.0 0.031225779661
4490.0 0.0312257457627
4495.0 0.0312256610169
4500.0 0.0312257076271
4505.0 0.0312256822034
4510.0 0.0312257584746
4515.0 0.0312256059322
4520.0 0.0312257118644
4525.0 0.0312256440678
4530.0 0.0312256483051
4535.0 0.0312256949153
4540.0 0.0312256610169
4545.0 0.0312257372881
4550.0 0.0312256186441
4555.0 0.0312257754237
4560.0 0.0312256610169
4565.0 0.0312256694915
4570.0 0.0312256949153
4575.0 0.031225720339
4580.0 0.0312257923729
4585.0 0.0312256101695
4590.0 0.0312257627119
4595.0 0.0312256525424
4600.0 0.0312256949153
4605.0 0.0312256398305
4610.0 0.0312257161017
4615.0 0.0312257330508
4620.0 0.0312255974576
4625.0 0.0312257627119
4630.0 0.0312256440678
4635.0 0.03122575
4640.0 0.0312256313559
4645.0 0.0312257161017
4650.0 0.0312257627119
4655.0 0.0312256101695
4660.0 0.0312257627119
4665.0 0.0312256101695
4670.0 0.0312257415254
4675.0 0.0312256398305
4680.0 0.031225690678
4685.0 0.0312256949153
4690.0 0.0312256228814
4695.0 0.03122575
4700.0 0.0312256101695
4705.0 0.0312257457627
4710.0 0.0312256313559
4715.0 0.0312257584746
4720.0 0.0312256737288
4725.0 0.0312256779661
4730.0 0.0312257711864
4735.0 0.0312256440678
4740.0 0.03122575
4745.0 0.0312255847458
4750.0 0.0312257245763
4755.0 0.0312256779661
4760.0 0.0312256610169
4765.0 0.0312257118644
4770.0 0.0312256610169
4775.0 0.0312257711864
4780.0 0.0312255974576
4785.0 0.03122575
4790.0 0.0312256864407
4795.0 0.0312257415254
4800.0 0.0312257245763
4805.0 0.0312256610169
4810.0 0.0312257754237
4815.0 0.0312256101695
4820.0 0.0312257584746
4825.0 0.0312256144068
4830.0 0.0312257161017
4835.0 0.0312257330508
4840.0 0.0312256440678
4845.0 0.0312257245763
4850.0 0.0312256101695
4855.0 0.0312257669492
4860.0 0.0312256186441
4865.0 0.0312257584746
4870.0 0.0312256313559
4875.0 0.0312257161017
4880.0 0.0312257542373
4885.0 0.0312256186441
4890.0 0.0312257754237
4895.0 0.0312255974576
4900.0 0.0312257415254
4905.0 0.0312256186441
4910.0 0.0312257033898
4915.0 0.0312256822034
4920.0 0.0312256864407
4925.0 0.0312257415254
4930.0 0.0312255932203
4935.0 0.0312257330508
4940.0 0.0312256271186
4945.0 0.0312257669492
4950.0 0.0312257033898
4955.0 0.0312257033898
4960.0 0.0312257627119
4965.0 0.0312256398305
4970.0 0.0312257457627
4975.0 0.0312255889831
4980.0 0.0312257330508
4985.0 0.0312256737288
4990.0 0.0312256779661
4995.0 0.0312257118644
5000.0 0.0312256440678
