1	0.00113558
2	0.00207777
3	0.0028331
4	0.00174371
5	0.00201548
6	0.00148308
7	0.000980984
8	0.00143867
9	0.000910116
10	0.000852606
11	0.000959764
12	0.000515665
13	0.000492883
14	0.000655508
15	0.000460907
16	0.00031464
17	0.000389343
18	0.000308569
19	0.000252081
20	0.00021918
21	0.000213004
22	0.000134518
23	0.000138551
24	0.000118631
25	0.000112828
26	0.000121427
27	4.97323e-05
28	6.72033e-05
29	8.12604e-05
30	5.79264e-05
31	4.89119e-05
32	4.71933e-05
33	3.03559e-05
34	3.6656e-05
35	3.1579e-05
36	1.96971e-05
37	2.8348e-05
38	2.22715e-05
39	2.385e-05
40	2.49862e-05
41	2.48035e-05
42	1.68033e-05
43	1.4234e-05
44	2.12546e-05
45	1.95719e-05
46	1.31429e-05
47	1.62162e-05
48	1.54523e-05
49	1.2077e-05
50	1.00612e-05
51	7.81776e-06
52	9.01328e-06
53	1.06987e-05
54	1.14279e-05
55	1.02883e-05
56	8.92242e-06
57	6.00368e-06
58	7.46791e-06
59	8.50516e-06
60	8.64703e-06
61	9.38573e-06
62	8.8953e-06
63	6.42641e-06
64	6.85614e-06
65	7.41446e-06
66	8.44278e-06
67	8.43602e-06
68	8.5784e-06
69	8.2051e-06
70	7.99925e-06
71	8.06347e-06
72	6.70347e-06
73	7.14709e-06
74	7.47468e-06
75	8.25629e-06
76	8.83041e-06
77	9.00435e-06
78	8.86801e-06
79	8.64542e-06
80	8.51581e-06
81	8.57893e-06
82	8.74958e-06
83	8.89588e-06
84	8.94279e-06
85	8.91394e-06
86	8.87913e-06
87	8.90729e-06
88	6.34313e-06
89	7.77102e-06
90	7.85434e-06
91	7.94498e-06
92	7.99632e-06
93	7.96403e-06
94	7.84437e-06
95	7.72078e-06
96	7.67496e-06
97	7.74108e-06
98	7.82604e-06
99	7.88463e-06
100	7.87043e-06
101	4.50624e-06
102	5.01279e-06
103	7.72296e-06
104	4.48831e-06
105	5.25151e-06
106	4.58832e-06
107	5.23849e-06
108	4.541e-06
109	5.2139e-06
110	4.6057e-06
111	5.41348e-06
112	4.58096e-06
113	5.31312e-06
114	4.53098e-06
115	5.29245e-06
116	4.52396e-06
117	5.31665e-06
118	4.32702e-06
119	4.28752e-06
120	5.05316e-06
121	4.39845e-06
122	4.1885e-06
123	4.95302e-06
124	4.2185e-06
125	4.02198e-06
126	4.81151e-06
127	4.12674e-06
128	3.85638e-06
129	4.67288e-06
130	6.02686e-06
131	5.07995e-06
132	5.86347e-06
133	4.76059e-06
134	5.48536e-06
135	4.57516e-06
136	5.38753e-06
137	4.6458e-06
138	5.192e-06
139	4.45554e-06
140	4.92728e-06
141	4.29351e-06
142	4.79687e-06
143	4.28115e-06
144	4.62835e-06
145	4.13423e-06
146	4.43499e-06
147	3.99749e-06
148	4.32589e-06
149	3.95218e-06
150	4.20511e-06
151	4.68103e-06
152	3.95105e-06
153	4.10194e-06
154	3.77996e-06
155	4.01676e-06
156	3.62961e-06
157	3.71668e-06
158	3.69536e-06
159	3.65522e-06
160	3.98302e-06
161	3.68781e-06
162	3.69225e-06
163	3.63546e-06
164	3.52366e-06
165	3.40977e-06
166	3.33677e-06
167	3.31697e-06
168	3.32558e-06
169	3.32116e-06
170	3.28215e-06
171	3.21586e-06
172	3.14827e-06
173	3.10028e-06
174	3.07584e-06
175	3.06416e-06
176	3.04946e-06
177	3.0234e-06
178	2.98807e-06
179	3.45679e-06
180	2.97948e-06
181	2.96049e-06
182	3.35849e-06
183	3.50073e-06
184	2.92172e-06
185	3.50031e-06
186	3.52449e-06
187	2.8769e-06
188	3.38388e-06
189	3.43232e-06
190	2.79679e-06
191	2.7564e-06
192	3.19123e-06
193	2.87411e-06
194	2.54333e-06
195	2.49716e-06
196	2.72002e-06
197	2.51594e-06
198	2.58408e-06
199	2.48063e-06
200	2.67292e-06
201	2.79711e-06
202	2.36316e-06
203	2.7278e-06
204	2.61147e-06
205	2.41979e-06
206	2.4137e-06
207	2.81695e-06
208	2.36874e-06
209	2.5531e-06
210	2.31829e-06
211	2.76064e-06
212	2.73245e-06
213	2.67663e-06
214	2.51321e-06
215	2.61072e-06
216	2.40249e-06
217	2.44267e-06
218	3.1317e-06
219	2.69809e-06
220	2.9167e-06
221	2.75523e-06
222	3.04826e-06
223	2.96261e-06
224	3.23123e-06
225	3.22561e-06
226	2.28782e-06
227	3.29037e-06
228	1.71288e-06
229	1.52494e-06
230	1.52454e-06
231	1.36858e-06
232	1.38579e-06
233	1.45849e-06
234	3.31415e-06
235	3.34077e-06
236	3.34181e-06
237	3.32079e-06
238	1.78789e-06
239	3.34617e-06
240	3.1125e-06
241	3.10425e-06
242	2.4045e-06
243	2.54599e-06
244	2.58178e-06
245	2.49126e-06
246	3.24638e-06
247	3.10609e-06
248	2.53198e-06
249	2.54371e-06
250	2.62711e-06
251	2.53168e-06
252	2.53605e-06
253	3.22517e-06
254	2.51559e-06
255	2.73965e-06
256	2.5579e-06
257	2.58407e-06
258	2.31261e-06
259	2.65402e-06
260	2.73003e-06
261	2.68359e-06
262	2.68767e-06
263	2.38437e-06
264	2.24891e-06
265	2.10297e-06
266	1.98087e-06
267	1.95056e-06
268	2.93966e-06
269	2.30038e-06
270	2.25215e-06
271	1.90916e-06
272	2.43828e-06
273	1.65408e-06
274	2.00666e-06
275	2.0319e-06
276	2.12871e-06
277	2.1749e-06
278	2.09871e-06
279	1.83483e-06
280	1.67736e-06
281	1.69036e-06
282	1.74407e-06
283	1.74293e-06
284	2.38218e-06
285	3.02976e-06
286	3.16425e-06
287	3.07188e-06
288	2.75718e-06
289	2.4671e-06
290	2.13586e-06
291	1.98368e-06
292	2.11548e-06
293	2.56335e-06
294	2.92679e-06
295	3.25134e-06
296	3.28106e-06
297	3.07603e-06
298	2.6504e-06
299	2.71064e-06
300	2.74357e-06
301	2.74343e-06
302	2.76592e-06
303	2.80177e-06
304	2.83623e-06
305	2.86363e-06
306	2.88865e-06
307	2.91822e-06
308	2.95311e-06
309	4.05514e-06
310	2.99021e-06
311	3.05211e-06
312	4.09081e-06
313	3.13884e-06
314	4.40979e-06
315	3.19303e-06
316	4.50841e-06
317	4.72237e-06
318	3.30097e-06
319	4.64252e-06
320	4.79857e-06
321	3.15979e-06
322	4.23294e-06
323	4.52057e-06
324	5.02012e-06
325	3.39456e-06
326	4.50478e-06
327	4.68292e-06
328	5.14955e-06
329	3.4746e-06
330	4.65175e-06
331	4.90858e-06
332	5.41974e-06
333	3.65469e-06
334	4.8357e-06
335	5.10099e-06
336	5.65819e-06
337	3.85009e-06
338	5.06129e-06
339	5.37005e-06
340	5.96159e-06
341	4.09819e-06
342	5.33919e-06
343	5.68707e-06
344	6.31196e-06
345	4.40367e-06
346	5.64456e-06
347	6.03046e-06
348	4.16409e-06
349	5.68422e-06
350	6.48023e-06
351	4.6484e-06
352	6.13237e-06
353	6.75954e-06
354	4.78235e-06
355	6.24608e-06
356	7.02751e-06
357	5.10155e-06
358	6.55538e-06
359	4.49674e-06
360	5.78549e-06
361	7.07822e-06
362	5.44346e-06
363	7.14464e-06
364	4.97799e-06
365	5.17835e-06
366	5.24888e-06
367	6.4705e-06
368	5.32234e-06
369	7.21949e-06
370	5.33987e-06
371	5.6407e-06
372	5.69766e-06
373	5.66913e-06
374	7.4991e-06
375	6.08583e-06
376	8.25784e-06
377	5.89571e-06
378	6.11515e-06
379	6.21497e-06
380	6.20368e-06
381	7.86415e-06
382	6.33739e-06
383	8.4241e-06
384	6.0544e-06
385	6.61618e-06
386	6.69357e-06
387	6.68783e-06
388	6.71071e-06
389	6.78465e-06
390	6.89934e-06
391	6.96397e-06
392	7.00732e-06
393	7.06252e-06
394	7.13359e-06
395	7.20602e-06
396	7.26993e-06
397	7.32589e-06
398	7.38009e-06
399	7.43923e-06
400	7.50412e-06
401	7.57038e-06
402	7.63346e-06
403	7.69245e-06
404	7.74961e-06
405	7.80828e-06
406	7.86984e-06
407	7.93244e-06
408	7.99231e-06
409	8.05047e-06
410	8.10822e-06
411	8.16789e-06
412	8.22741e-06
413	8.28782e-06
414	8.34859e-06
415	8.40813e-06
416	8.46671e-06
417	8.52342e-06
418	8.5782e-06
419	8.63242e-06
420	8.68716e-06
421	8.74052e-06
422	8.79197e-06
423	8.84285e-06
424	8.89751e-06
425	8.94689e-06
426	8.99543e-06
427	9.0439e-06
428	9.09221e-06
429	9.13961e-06
430	9.18668e-06
431	9.23415e-06
432	9.28308e-06
433	9.33282e-06
434	9.38417e-06
435	9.43596e-06
436	9.48731e-06
437	9.53945e-06
438	9.59552e-06
439	9.64667e-06
440	9.70738e-06
441	9.77102e-06
442	9.83611e-06
443	9.90189e-06
444	9.34929e-06
445	9.45543e-06
446	9.53077e-06
447	9.58013e-06
448	9.63465e-06
449	9.71059e-06
450	9.79672e-06
451	9.87157e-06
452	9.92953e-06
453	9.99027e-06
454	1.00682e-05
455	1.01703e-05
456	1.02851e-05
457	1.04011e-05
458	1.05199e-05
459	1.06499e-05
460	1.07952e-05
461	1.09615e-05
462	1.11536e-05
463	1.13632e-05
464	1.15824e-05
465	1.18078e-05
466	1.20504e-05
467	1.23147e-05
468	1.26055e-05
469	1.29229e-05
470	1.32503e-05
471	1.35789e-05
472	1.39203e-05
473	2.49636e-05
474	2.2246e-05
475	1.83657e-05
476	2.03002e-05
477	2.22821e-05
478	2.27665e-05
479	2.23216e-05
480	2.22469e-05
481	2.30619e-05
482	2.40212e-05
483	2.47341e-05
484	2.52302e-05
485	2.56954e-05
486	2.62571e-05
487	2.68937e-05
488	2.75477e-05
489	2.81479e-05
490	2.86939e-05
491	2.92489e-05
492	2.98153e-05
493	3.03332e-05
494	3.07953e-05
495	3.1222e-05
496	3.16769e-05
497	3.22594e-05
498	3.28206e-05
499	3.31506e-05
500	3.3266e-05
501	3.34194e-05
502	3.37035e-05
503	3.40433e-05
504	3.43135e-05
505	3.44373e-05
506	3.44379e-05
507	3.43919e-05
508	3.43462e-05
509	3.42875e-05
510	3.41196e-05
511	3.39814e-05
512	3.38516e-05
513	3.34786e-05
514	5.21712e-05
515	4.40109e-05
516	3.91876e-05
517	4.68869e-05
518	4.67762e-05
519	4.91993e-05
520	4.10837e-05
521	3.60384e-05
522	4.19805e-05
523	4.43322e-05
524	3.40338e-05
525	3.13622e-05
526	4.30257e-05
527	4.30035e-05
528	3.39979e-05
529	3.70818e-05
530	3.78644e-05
531	3.07163e-05
532	3.16661e-05
533	3.05524e-05
534	2.96452e-05
535	2.72927e-05
536	2.58947e-05
537	2.57399e-05
538	2.62789e-05
539	2.89374e-05
540	1.24604e-05
541	1.44631e-05
542	1.49813e-05
543	1.75626e-05
544	1.90262e-05
545	1.95589e-05
546	1.99937e-05
547	2.00334e-05
548	1.9511e-05
549	1.89589e-05
550	1.8483e-05
551	1.80122e-05
552	1.63343e-05
553	1.54302e-05
554	1.51062e-05
555	1.51293e-05
556	1.24719e-05
557	1.28954e-05
558	2.47297e-05
559	2.38556e-05
560	1.15058e-05
561	2.15917e-05
562	2.01606e-05
563	1.86461e-05
564	1.75767e-05
565	1.66066e-05
566	1.57421e-05
567	1.48146e-05
568	1.41339e-05
569	1.33026e-05
570	1.26456e-05
571	1.22165e-05
572	1.19116e-05
573	1.16328e-05
574	1.13106e-05
575	1.09459e-05
576	1.05627e-05
577	1.02021e-05
578	9.87168e-06
579	9.62067e-06
580	9.37574e-06
581	9.08817e-06
582	8.78794e-06
583	8.58015e-06
584	8.42506e-06
585	8.27778e-06
586	8.1075e-06
587	7.96277e-06
588	7.85523e-06
589	7.75903e-06
590	7.65776e-06
591	7.54184e-06
592	3.52629e-06
593	3.63457e-06
594	3.6039e-06
595	3.50378e-06
596	3.49015e-06
597	3.60475e-06
598	3.73657e-06
599	3.79019e-06
600	3.77354e-06
601	3.7337e-06
602	3.70887e-06
603	3.70669e-06
604	3.7158e-06
605	3.72177e-06
606	3.71564e-06
607	3.69675e-06
608	3.67368e-06
609	3.65581e-06
610	3.64456e-06
611	2.90009e-06
612	2.62299e-06
613	2.34101e-06
614	2.20675e-06
615	2.20488e-06
616	2.22536e-06
617	2.17521e-06
618	2.09648e-06
619	2.05633e-06
620	2.0299e-06
621	1.87594e-06
622	2.15766e-06
623	1.96609e-06
624	1.82543e-06
625	1.96395e-06
626	1.80279e-06
627	1.98005e-06
628	1.77258e-06
629	1.76711e-06
630	1.92089e-06
631	1.74698e-06
632	1.73791e-06
633	1.73543e-06
634	1.88603e-06
635	1.75367e-06
636	2.49204e-06
637	2.46556e-06
638	2.93924e-06
639	3.17082e-06
640	3.22746e-06
641	3.17989e-06
642	3.13274e-06
643	3.14207e-06
644	3.20882e-06
645	3.2914e-06
646	3.3454e-06
647	3.35751e-06
648	3.34195e-06
649	3.32251e-06
650	3.31716e-06
651	3.33054e-06
652	3.35532e-06
653	3.37922e-06
654	3.39352e-06
655	3.39714e-06
656	3.39493e-06
657	3.39397e-06
658	3.39836e-06
659	3.40826e-06
660	3.42095e-06
661	3.43265e-06
662	3.44087e-06
663	3.44533e-06
664	3.44808e-06
665	3.45158e-06
666	3.4573e-06
667	3.46543e-06
668	3.47483e-06
669	3.48349e-06
670	3.49063e-06
671	3.49607e-06
672	3.50073e-06
673	3.50609e-06
674	3.51277e-06
675	3.52033e-06
676	3.52836e-06
677	3.53595e-06
678	3.54314e-06
679	3.5492e-06
680	3.55435e-06
681	3.55897e-06
682	3.56324e-06
683	3.56715e-06
684	3.57059e-06
685	3.57379e-06
686	3.57678e-06
687	3.57908e-06
688	3.58089e-06
689	3.58238e-06
690	3.58361e-06
691	3.58446e-06
692	3.58517e-06
693	3.5856e-06
694	3.58575e-06
695	3.58546e-06
696	3.58518e-06
697	3.58474e-06
698	3.65183e-06
699	2.90476e-06
700	3.10938e-06
701	3.42165e-06
702	4.25364e-06
703	3.42739e-06
704	3.48422e-06
705	3.52533e-06
706	3.53812e-06
707	3.56891e-06
708	4.37508e-06
709	3.60026e-06
710	3.57535e-06
711	3.56726e-06
712	3.55991e-06
713	3.54965e-06
714	3.54091e-06
715	3.53606e-06
716	3.53392e-06
717	3.53221e-06
718	3.52817e-06
719	3.52213e-06
720	3.51702e-06
721	3.5154e-06
722	3.51567e-06
723	3.51632e-06
724	3.51514e-06
725	3.5137e-06
726	3.5134e-06
727	3.51578e-06
728	3.51969e-06
729	3.52315e-06
730	3.52573e-06
731	3.52874e-06
732	3.53228e-06
733	3.53721e-06
734	3.54244e-06
735	3.54828e-06
736	3.5549e-06
737	3.56148e-06
738	3.56749e-06
739	3.57278e-06
740	3.57558e-06
741	3.57523e-06
742	3.57346e-06
743	3.57356e-06
744	3.57651e-06
745	3.58233e-06
746	3.58953e-06
747	3.59622e-06
748	3.60096e-06
749	3.60496e-06
750	3.60867e-06
751	3.6132e-06
752	3.61875e-06
753	3.6252e-06
754	3.6307e-06
755	3.63577e-06
756	3.64036e-06
757	3.64486e-06
758	3.64992e-06
759	3.65587e-06
760	3.66126e-06
761	3.66669e-06
762	3.67243e-06
763	3.67822e-06
764	3.68377e-06
765	3.68954e-06
766	3.69383e-06
767	3.69543e-06
768	3.69252e-06
769	3.68859e-06
770	3.68724e-06
771	3.68988e-06
772	3.69432e-06
773	3.69897e-06
774	3.70208e-06
775	3.70303e-06
776	3.70311e-06
777	3.66673e-06
778	5.01256e-06
779	3.49543e-06
780	3.87904e-06
781	3.85924e-06
782	3.74151e-06
783	3.71852e-06
784	3.79241e-06
785	3.85248e-06
786	3.85464e-06
787	3.82779e-06
788	3.81775e-06
789	3.83437e-06
790	3.85316e-06
791	3.85306e-06
792	3.83679e-06
793	3.82394e-06
794	3.82714e-06
795	3.83999e-06
796	3.84723e-06
797	3.8404e-06
798	3.82523e-06
799	3.81422e-06
800	3.81271e-06
801	3.8163e-06
802	3.81677e-06
803	3.81082e-06
804	3.80235e-06
805	3.7977e-06
806	3.79887e-06
807	3.80275e-06
808	3.80461e-06
809	3.80259e-06
810	3.79877e-06
811	3.79634e-06
812	3.79644e-06
813	3.79764e-06
814	3.79773e-06
815	3.79627e-06
816	3.79495e-06
817	3.79413e-06
818	3.79522e-06
819	3.79746e-06
820	3.79954e-06
821	3.80012e-06
822	3.80104e-06
823	3.80167e-06
824	3.80413e-06
825	3.80486e-06
826	3.80531e-06
827	3.80177e-06
828	3.80039e-06
829	3.79712e-06
830	3.79932e-06
831	3.7965e-06
832	3.80038e-06
833	3.79738e-06
834	3.80619e-06
835	3.8045e-06
836	3.81873e-06
837	3.81332e-06
838	3.82536e-06
839	3.81432e-06
840	3.82368e-06
841	3.80683e-06
842	3.80977e-06
843	3.78557e-06
844	3.79164e-06
845	3.77179e-06
846	3.78805e-06
847	3.77308e-06
848	3.79281e-06
849	3.77713e-06
850	3.79555e-06
851	3.77917e-06
852	3.79638e-06
853	3.78052e-06
854	3.79555e-06
855	3.77804e-06
856	3.78931e-06
857	3.76192e-06
858	3.75666e-06
859	3.72241e-06
860	3.7269e-06
861	3.70464e-06
862	3.72031e-06
863	3.70019e-06
864	3.71696e-06
865	3.70036e-06
866	3.71996e-06
867	3.70582e-06
868	3.72145e-06
869	3.70355e-06
870	3.7148e-06
871	3.7002e-06
872	3.71498e-06
873	3.70534e-06
874	3.71839e-06
875	3.70819e-06
876	3.71789e-06
877	3.71014e-06
878	3.71967e-06
879	3.71506e-06
880	3.72308e-06
881	3.71992e-06
882	3.72703e-06
883	3.72506e-06
884	3.72812e-06
885	3.72255e-06
886	3.72085e-06
887	3.7151e-06
888	3.71425e-06
889	3.71227e-06
890	3.71288e-06
891	3.71171e-06
892	3.71062e-06
893	3.70857e-06
894	3.70366e-06
895	3.70108e-06
896	3.70112e-06
897	3.70009e-06
898	3.69659e-06
899	3.69271e-06
900	3.69106e-06
901	3.69283e-06
902	3.6974e-06
903	3.70273e-06
904	3.70774e-06
905	3.71203e-06
906	3.71474e-06
907	3.7219e-06
908	3.72981e-06
909	3.73702e-06
910	3.74299e-06
911	3.74782e-06
912	3.75268e-06
913	3.75759e-06
914	3.76307e-06
915	3.76844e-06
916	3.77376e-06
917	3.77894e-06
918	3.78423e-06
919	3.78969e-06
920	3.79555e-06
921	3.80166e-06
922	3.80831e-06
923	3.81528e-06
924	3.82287e-06
925	3.83076e-06
926	3.83818e-06
927	3.84535e-06
928	3.85314e-06
929	3.86198e-06
930	3.87176e-06
931	3.88215e-06
932	3.89375e-06
933	3.90641e-06
934	3.92018e-06
935	3.9345e-06
936	3.94953e-06
937	3.96519e-06
938	3.98173e-06
939	3.99901e-06
940	4.01731e-06
941	4.03636e-06
942	4.05673e-06
943	4.07803e-06
944	4.10048e-06
945	4.12383e-06
946	4.14855e-06
947	4.17447e-06
948	4.20185e-06
949	4.22946e-06
950	4.25737e-06
951	4.28487e-06
952	4.31348e-06
953	4.34342e-06
954	4.37477e-06
955	4.40631e-06
956	4.43754e-06
957	4.46791e-06
958	4.4993e-06
959	4.53161e-06
960	4.5656e-06
961	4.60029e-06
962	4.63658e-06
963	4.67352e-06
964	4.71199e-06
965	4.75151e-06
966	4.79258e-06
967	4.8337e-06
968	4.87554e-06
969	4.91795e-06
970	4.96135e-06
971	5.00495e-06
972	5.0495e-06
973	5.09526e-06
974	5.14231e-06
975	5.19018e-06
976	5.23894e-06
977	5.28727e-06
978	5.33477e-06
979	5.38208e-06
980	5.43102e-06
981	5.48156e-06
982	5.53323e-06
983	5.58643e-06
984	5.64067e-06
985	5.69616e-06
986	5.75221e-06
987	5.80759e-06
988	5.86261e-06
989	5.91812e-06
990	5.97283e-06
991	6.02718e-06
992	6.08201e-06
993	6.13908e-06
994	6.19737e-06
995	4.41579e-06
996	5.26881e-06
997	5.82544e-06
998	4.63704e-06
999	5.42515e-06
1000	5.41854e-06
1001	5.6694e-06
1002	4.55931e-06
1003	5.71334e-06
1004	6.24736e-06
1005	5.09967e-06
1006	5.92843e-06
1007	5.72024e-06
1008	5.39452e-06
1009	2.50135e-06
1010	2.79031e-06
1011	6.06508e-06
1012	3.76249e-06
1013	6.13959e-06
1014	4.03462e-06
1015	2.64236e-06
1016	2.60115e-06
1017	4.57807e-06
1018	6.06436e-06
1019	3.19355e-06
1020	5.16799e-06
1021	6.0493e-06
1022	4.297e-06
1023	3.26945e-06
1024	5.82327e-06
1025	3.17306e-06
1026	3.14965e-06
1027	3.52127e-06
1028	4.88629e-06
1029	3.49681e-06
1030	4.48197e-06
1031	3.57167e-06
1032	4.54525e-06
1033	3.85554e-06
1034	5.06954e-06
1035	3.76477e-06
1036	4.59137e-06
1037	4.10937e-06
1038	5.40101e-06
1039	4.12985e-06
1040	5.06304e-06
1041	4.29269e-06
1042	5.47189e-06
1043	4.66577e-06
1044	4.77668e-06
1045	5.01546e-06
1046	4.99886e-06
1047	5.01731e-06
1048	5.10758e-06
1049	5.19095e-06
1050	5.25394e-06
1051	5.31284e-06
1052	5.37945e-06
1053	5.1632e-06
1054	6.68335e-06
1055	5.34299e-06
1056	6.88023e-06
1057	5.91525e-06
1058	5.3958e-06
1059	7.10824e-06
1060	6.62773e-06
1061	5.65527e-06
1062	7.63948e-06
1063	6.91145e-06
1064	5.90415e-06
1065	8.13848e-06
1066	7.50916e-06
1067	6.20728e-06
1068	8.78503e-06
1069	8.0331e-06
1070	6.53095e-06
1071	9.41129e-06
1072	8.68666e-06
1073	6.89684e-06
1074	1.01262e-05
1075	9.33659e-06
1076	7.30189e-06
1077	1.08474e-05
1078	1.00228e-05
1079	7.69712e-06
1080	1.15639e-05
1081	1.06739e-05
1082	8.02459e-06
1083	1.22025e-05
1084	1.13072e-05
1085	8.39371e-06
1086	1.28481e-05
1087	1.18979e-05
1088	8.6806e-06
1089	1.33565e-05
1090	1.24186e-05
1091	1.58741e-05
1092	1.16072e-05
1093	1.09368e-05
1094	1.62115e-05
1095	1.27429e-05
1096	1.15175e-05
1097	1.6498e-05
1098	1.21856e-05
1099	1.13961e-05
1100	1.64598e-05
1101	1.29783e-05
1102	1.15709e-05
1103	1.62036e-05
1104	1.24714e-05
1105	1.73286e-05
1106	1.51052e-05
1107	1.37743e-05
1108	1.54769e-05
1109	1.55936e-05
1110	1.32877e-05
1111	1.22526e-05
1112	1.48876e-05
1113	1.63849e-05
1114	1.42775e-05
1115	1.32662e-05
1116	1.38945e-05
1117	1.38597e-05
1118	1.18176e-05
1119	1.54276e-05
1120	1.29243e-05
1121	1.48867e-05
1122	1.21766e-05
1123	1.35587e-05
1124	1.12339e-05
1125	1.39579e-05
1126	1.13673e-05
1127	1.33113e-05
1128	1.07932e-05
1129	1.1851e-05
1130	1.32858e-05
1131	1.27996e-05
1132	1.165e-05
1133	9.60097e-06
1134	9.10736e-06
1135	1.02666e-05
1136	8.53735e-06
1137	9.27855e-06
1138	7.99325e-06
1139	9.40125e-06
1140	7.64485e-06
1141	7.00546e-06
1142	8.67252e-06
1143	6.80295e-06
1144	7.85647e-06
1145	6.83262e-06
1146	7.28683e-06
1147	5.93284e-06
1148	7.40507e-06
1149	5.59078e-06
1150	6.6163e-06
1151	6.89007e-06
1152	5.28337e-06
1153	6.00428e-06
1154	6.21508e-06
1155	4.92622e-06
1156	5.44053e-06
1157	5.78719e-06
1158	4.78661e-06
1159	5.02269e-06
1160	5.46179e-06
1161	4.63605e-06
1162	4.62626e-06
1163	4.83557e-06
1164	5.40445e-06
1165	5.05958e-06
1166	5.13667e-06
1167	5.23658e-06
1168	4.92918e-06
1169	5.14626e-06
1170	4.8891e-06
1171	5.0207e-06
1172	5.18547e-06
1173	4.90946e-06
1174	4.71554e-06
1175	4.86699e-06
1176	4.70514e-06
1177	4.62639e-06
1178	4.67357e-06
1179	4.54318e-06
1180	4.36821e-06
1181	4.48237e-06
1182	4.38589e-06
1183	4.28578e-06
1184	4.90754e-06
1185	4.19827e-06
1186	4.20699e-06
1187	4.04913e-06
1188	4.33344e-06
1189	4.61843e-06
1190	3.59329e-06
1191	3.87607e-06
1192	4.00506e-06
1193	3.38388e-06
1194	3.76157e-06
1195	2.64094e-06
1196	3.68985e-06
1197	2.97829e-06
1198	3.50398e-06
1199	2.87475e-06
1200	3.43868e-06
1201	2.76519e-06
1202	3.44171e-06
1203	2.67284e-06
1204	2.28056e-06
1205	2.97924e-06
1206	2.52822e-06
1207	2.4986e-06
1208	2.2337e-06
1209	2.97416e-06
1210	2.41617e-06
1211	2.38337e-06
1212	2.14847e-06
1213	2.05661e-06
1214	2.06498e-06
1215	2.12039e-06
1216	2.14218e-06
1217	2.13045e-06
1218	2.27078e-06
1219	2.10778e-06
1220	2.24736e-06
1221	2.42616e-06
1222	1.99235e-06
1223	2.08768e-06
1224	2.23169e-06
1225	2.31207e-06
1226	1.97878e-06
1227	1.60862e-06
1228	2.1357e-06
1229	2.15903e-06
1230	2.17795e-06
1231	2.0543e-06
1232	1.74784e-06
1233	2.10189e-06
1234	2.15265e-06
1235	1.86773e-06
1236	1.7594e-06
1237	1.57209e-06
1238	2.11284e-06
1239	1.64757e-06
1240	2.04985e-06
1241	1.97345e-06
1242	2.01449e-06
1243	1.82184e-06
1244	2.11822e-06
1245	1.58577e-06
1246	1.92254e-06
1247	1.82488e-06
1248	1.96751e-06
1249	1.84868e-06
1250	1.32188e-06
1251	2.08164e-06
1252	2.10264e-06
1253	1.33044e-06
1254	1.32903e-06
1255	2.07807e-06
1256	2.15766e-06
1257	1.94265e-06
1258	2.15811e-06
1259	1.9121e-06
1260	1.85577e-06
1261	2.15979e-06
1262	2.21838e-06
1263	2.21428e-06
1264	1.89688e-06
1265	1.6914e-06
1266	2.06718e-06
1267	2.23516e-06
1268	1.74785e-06
1269	1.86174e-06
1270	2.03692e-06
1271	2.28171e-06
1272	1.82055e-06
1273	2.00124e-06
1274	2.14898e-06
1275	2.36475e-06
1276	1.83782e-06
1277	1.98911e-06
1278	2.14101e-06
1279	2.39056e-06
1280	2.58268e-06
1281	1.97567e-06
1282	2.40399e-06
1283	2.35507e-06
1284	2.33436e-06
1285	2.39713e-06
1286	2.49917e-06
1287	2.48421e-06
1288	2.49186e-06
1289	2.37779e-06
1290	2.30794e-06
1291	2.31491e-06
1292	2.43838e-06
1293	2.47291e-06
1294	2.51707e-06
1295	2.44659e-06
1296	2.39342e-06
1297	2.35015e-06
1298	2.44349e-06
1299	2.48294e-06
1300	2.54342e-06
1301	2.49337e-06
1302	2.46102e-06
1303	2.40237e-06
1304	2.47194e-06
1305	2.50238e-06
1306	2.56629e-06
1307	2.52357e-06
1308	2.50569e-06
1309	2.44509e-06
1310	2.50192e-06
1311	2.51974e-06
1312	2.58146e-06
1313	2.54057e-06
1314	2.53308e-06
1315	2.47482e-06
1316	2.52617e-06
1317	2.53249e-06
1318	2.58938e-06
1319	3.39676e-06
1320	2.86687e-06
1321	2.76927e-06
1322	2.73072e-06
1323	3.03879e-06
1324	2.78513e-06
1325	2.76375e-06
1326	2.76016e-06
1327	3.29867e-06
1328	2.85173e-06
1329	2.77382e-06
1330	3.53465e-06
1331	2.81853e-06
1332	2.82069e-06
1333	3.39653e-06
1334	2.85742e-06
1335	2.76634e-06
1336	3.43849e-06
1337	2.81235e-06
1338	2.81436e-06
1339	3.34958e-06
1340	2.84877e-06
1341	3.65432e-06
1342	2.55048e-06
1343	3.00747e-06
1344	3.06742e-06
1345	2.96756e-06
1346	2.89074e-06
1347	2.89864e-06
1348	2.97275e-06
1349	3.0061e-06
1350	3.01137e-06
1351	2.96866e-06
1352	2.94618e-06
1353	2.93908e-06
1354	2.96667e-06
1355	2.97338e-06
1356	2.97837e-06
1357	2.95369e-06
1358	2.94457e-06
1359	2.9349e-06
1360	2.94809e-06
1361	2.94715e-06
1362	2.95e-06
1363	2.93499e-06
1364	2.93089e-06
1365	2.92424e-06
1366	2.93184e-06
1367	2.93062e-06
1368	2.93116e-06
1369	2.91772e-06
1370	2.90705e-06
1371	2.89343e-06
1372	2.88856e-06
1373	2.8799e-06
1374	2.87556e-06
1375	2.85706e-06
1376	2.83948e-06
1377	2.82155e-06
1378	2.81097e-06
1379	2.80651e-06
1380	2.79946e-06
1381	2.79579e-06
1382	2.78282e-06
1383	2.77919e-06
1384	2.7664e-06
1385	2.7656e-06
1386	2.75287e-06
1387	2.75198e-06
1388	2.73785e-06
1389	2.73796e-06
1390	2.72419e-06
1391	2.72367e-06
1392	2.70636e-06
1393	2.70617e-06
1394	2.68908e-06
1395	2.69259e-06
1396	2.67644e-06
1397	2.6793e-06
1398	2.65924e-06
1399	2.65923e-06
1400	2.64012e-06
1401	2.643e-06
1402	2.62524e-06
1403	2.62523e-06
1404	2.6036e-06
1405	2.60258e-06
1406	2.58469e-06
1407	2.58852e-06
1408	2.57429e-06
1409	2.57648e-06
1410	2.55913e-06
1411	2.55708e-06
1412	2.53876e-06
1413	2.53641e-06
1414	2.52006e-06
1415	2.51809e-06
1416	2.50332e-06
1417	2.50147e-06
1418	2.48831e-06
1419	2.48645e-06
1420	2.47443e-06
1421	2.47185e-06
1422	2.46062e-06
1423	2.45781e-06
1424	2.44823e-06
1425	2.44662e-06
1426	2.43824e-06
1427	2.43289e-06
1428	2.41981e-06
1429	2.41097e-06
1430	2.3998e-06
1431	2.39376e-06
1432	2.38497e-06
1433	2.3767e-06
1434	2.36486e-06
1435	2.35638e-06
1436	2.34831e-06
1437	2.34432e-06
1438	2.33951e-06
1439	2.33636e-06
1440	2.33134e-06
1441	2.32681e-06
1442	2.32028e-06
1443	2.31539e-06
1444	2.31042e-06
1445	2.30409e-06
1446	2.29709e-06
1447	2.29223e-06
1448	2.28731e-06
1449	2.28301e-06
1450	2.27804e-06
1451	2.2745e-06
1452	2.27184e-06
1453	2.27087e-06
1454	2.26943e-06
1455	2.26799e-06
1456	2.26584e-06
1457	2.26468e-06
1458	2.26422e-06
1459	2.26487e-06
1460	2.26512e-06
1461	2.26506e-06
1462	2.26403e-06
1463	2.26297e-06
1464	2.26163e-06
1465	2.26085e-06
1466	2.26017e-06
1467	2.26009e-06
1468	2.25997e-06
1469	2.36186e-06
1470	2.55263e-06
1471	2.6782e-06
1472	2.00216e-06
1473	2.02977e-06
1474	2.32118e-06
1475	2.08825e-06
1476	2.47488e-06
1477	2.2096e-06
1478	2.356e-06
1479	2.15174e-06
1480	2.30427e-06
1481	2.15072e-06
1482	2.18752e-06
1483	2.2913e-06
1484	2.21384e-06
1485	2.25423e-06
1486	2.27653e-06
1487	2.11975e-06
1488	2.2413e-06
1489	2.24109e-06
1490	2.15946e-06
1491	2.33898e-06
1492	2.28973e-06
1493	2.1498e-06
1494	2.36408e-06
1495	2.2531e-06
1496	2.11249e-06
1497	2.37916e-06
1498	2.21887e-06
1499	2.07262e-06
1500	2.35506e-06
1501	2.13676e-06
1502	1.99087e-06
1503	2.04913e-06
1504	2.15356e-06
1505	2.00545e-06
1506	2.38659e-06
1507	2.17751e-06
1508	2.05318e-06
1509	2.25286e-06
1510	1.91363e-06
1511	1.8455e-06
1512	2.2783e-06
1513	2.25513e-06
1514	1.80458e-06
1515	2.28347e-06
1516	2.35403e-06
1517	1.54064e-06
1518	1.97331e-06
1519	1.79059e-06
1520	1.5109e-06
1521	1.75407e-06
1522	1.85303e-06
1523	1.8656e-06
1524	1.81061e-06
1525	1.79664e-06
1526	1.85413e-06
1527	1.9152e-06
1528	1.94819e-06
1529	1.9516e-06
1530	1.95103e-06
1531	1.97624e-06
1532	1.78381e-06
1533	2.59357e-06
1534	2.48041e-06
1535	1.79985e-06
1536	2.55434e-06
1537	2.4076e-06
1538	2.17615e-06
1539	1.9065e-06
1540	2.81395e-06
1541	2.74202e-06
1542	2.27463e-06
1543	1.93167e-06
1544	2.82015e-06
1545	2.81631e-06
1546	2.55711e-06
1547	2.16811e-06
1548	2.32576e-06
1549	2.55125e-06
1550	2.64586e-06
1551	2.59735e-06
1552	2.47286e-06
1553	2.46368e-06
1554	2.57068e-06
1555	2.664e-06
1556	2.68757e-06
1557	2.64882e-06
1558	2.62334e-06
1559	2.66432e-06
1560	2.73461e-06
1561	2.78045e-06
1562	2.78374e-06
1563	2.7715e-06
1564	2.78428e-06
1565	2.82553e-06
1566	2.86458e-06
1567	2.88321e-06
1568	2.88367e-06
1569	2.88644e-06
1570	2.90529e-06
1571	2.93426e-06
1572	2.95603e-06
1573	2.9626e-06
1574	2.96404e-06
1575	2.97456e-06
1576	4.36899e-06
1577	3.83565e-06
1578	3.75295e-06
1579	4.1887e-06
1580	3.64079e-06
1581	3.42697e-06
1582	4.32197e-06
1583	3.76009e-06
1584	3.69978e-06
1585	4.21347e-06
1586	3.6512e-06
1587	3.47583e-06
1588	4.18014e-06
1589	3.6638e-06
1590	3.61115e-06
1591	4.14434e-06
1592	3.6057e-06
1593	3.45264e-06
1594	3.99907e-06
1595	3.54219e-06
1596	3.4852e-06
1597	3.98106e-06
1598	3.48981e-06
1599	4.33804e-06
1600	3.50681e-06
1601	3.39555e-06
1602	3.30213e-06
1603	4.04627e-06
1604	3.4096e-06
1605	3.36258e-06
1606	3.63147e-06
1607	4.09186e-06
1608	3.03365e-06
1609	3.3687e-06
1610	3.37507e-06
1611	3.25726e-06
1612	3.14515e-06
1613	3.12064e-06
1614	3.13001e-06
1615	3.12445e-06
1616	3.0929e-06
1617	3.03723e-06
1618	2.97846e-06
1619	2.93465e-06
1620	2.90327e-06
1621	2.87317e-06
1622	2.83692e-06
1623	2.79134e-06
1624	2.7424e-06
1625	2.69862e-06
1626	2.66267e-06
1627	2.6302e-06
1628	2.59623e-06
1629	2.55782e-06
1630	2.51654e-06
1631	2.8678e-06
1632	2.73112e-06
1633	2.60396e-06
1634	2.57177e-06
1635	2.83491e-06
1636	2.47892e-06
1637	2.27515e-06
1638	2.02075e-06
1639	2.50347e-06
1640	2.14025e-06
1641	2.07054e-06
1642	1.79187e-06
1643	2.11532e-06
1644	1.72963e-06
1645	2.27125e-06
1646	2.16712e-06
1647	1.76598e-06
1648	2.08944e-06
1649	1.60002e-06
1650	1.72158e-06
1651	1.55195e-06
1652	1.52514e-06
1653	1.49854e-06
1654	1.6169e-06
1655	1.53084e-06
1656	1.44609e-06
1657	1.47918e-06
1658	1.54955e-06
1659	1.51163e-06
1660	1.36735e-06
1661	1.42498e-06
1662	1.34344e-06
1663	1.49951e-06
1664	1.34181e-06
1665	1.3129e-06
1666	1.30899e-06
1667	1.34516e-06
1668	1.39736e-06
1669	1.26453e-06
1670	1.26357e-06
1671	1.23504e-06
1672	1.20928e-06
1673	1.40754e-06
1674	1.2006e-06
1675	1.17174e-06
1676	1.49835e-06
1677	1.2172e-06
1678	1.41161e-06
1679	1.25508e-06
1680	1.19016e-06
1681	1.18879e-06
1682	1.41654e-06
1683	1.24485e-06
1684	1.27735e-06
1685	1.27668e-06
1686	1.37999e-06
1687	1.2672e-06
1688	1.29956e-06
1689	1.358e-06
1690	1.30773e-06
1691	1.31293e-06
1692	1.32223e-06
1693	1.31313e-06
1694	1.33384e-06
1695	1.32892e-06
1696	1.35621e-06
1697	1.35222e-06
1698	1.19486e-06
1699	1.34314e-06
1700	1.27505e-06
1701	1.19139e-06
1702	1.3674e-06
1703	1.34224e-06
1704	1.22661e-06
1705	1.38781e-06
1706	1.3415e-06
1707	1.20915e-06
1708	1.05376e-06
1709	1.31251e-06
1710	1.19595e-06
1711	1.21869e-06
1712	1.14046e-06
1713	1.00264e-06
1714	1.19917e-06
1715	1.00253e-06
1716	9.83085e-07
1717	9.44872e-07
1718	1.0016e-06
1719	1.01751e-06
1720	1.08937e-06
1721	9.52962e-07
1722	9.90675e-07
1723	1.06285e-06
1724	1.09961e-06
1725	1.11982e-06
1726	1.01355e-06
1727	1.0128e-06
1728	9.21211e-07
1729	9.36117e-07
1730	1.0027e-06
1731	1.03213e-06
1732	1.00296e-06
1733	1.03162e-06
1734	9.68817e-07
1735	9.77524e-07
1736	9.81586e-07
1737	1.04287e-06
1738	1.01324e-06
1739	1.00097e-06
1740	9.70995e-07
1741	9.53571e-07
1742	9.53829e-07
1743	9.79967e-07
1744	9.95378e-07
1745	1.00849e-06
1746	9.9244e-07
1747	9.90243e-07
1748	9.80589e-07
1749	1.00965e-06
1750	1.01317e-06
1751	1.03741e-06
1752	1.01434e-06
1753	1.02892e-06
1754	1.00814e-06
1755	1.04845e-06
1756	1.03642e-06
1757	1.07026e-06
1758	1.03675e-06
1759	1.06485e-06
1760	1.03587e-06
1761	1.08286e-06
1762	1.05999e-06
1763	1.09903e-06
1764	1.05965e-06
1765	1.09638e-06
1766	1.06321e-06
1767	1.11391e-06
1768	1.08383e-06
1769	1.12592e-06
1770	1.08239e-06
1771	1.12538e-06
1772	1.08853e-06
1773	1.1418e-06
1774	1.10496e-06
1775	1.15017e-06
1776	1.10296e-06
1777	1.15166e-06
1778	1.11108e-06
1779	1.16653e-06
1780	1.12299e-06
1781	1.17152e-06
1782	1.12104e-06
1783	1.17436e-06
1784	1.12975e-06
1785	1.18663e-06
1786	1.1371e-06
1787	1.18847e-06
1788	1.13449e-06
1789	1.19221e-06
1790	1.14231e-06
1791	1.20092e-06
1792	1.14532e-06
1793	1.20104e-06
1794	1.14373e-06
1795	1.20506e-06
1796	1.14949e-06
1797	1.2097e-06
1798	1.14836e-06
1799	1.20851e-06
1800	1.14711e-06
1801	1.2118e-06
1802	1.14962e-06
1803	1.2122e-06
1804	1.60631e-06
1805	1.43696e-06
1806	1.39322e-06
1807	1.31424e-06
1808	1.40278e-06
1809	1.23555e-06
1810	1.28221e-06
1811	1.33461e-06
1812	1.53996e-06
1813	1.41594e-06
1814	1.36608e-06
1815	1.60416e-06
1816	1.38014e-06
1817	1.38111e-06
1818	1.5541e-06
1819	1.40746e-06
1820	1.35518e-06
1821	1.57524e-06
1822	1.37881e-06
1823	1.37967e-06
1824	1.51771e-06
1825	1.39579e-06
1826	1.71334e-06
1827	1.41548e-06
1828	1.37331e-06
1829	1.36642e-06
1830	1.64746e-06
1831	1.42149e-06
1832	1.37966e-06
1833	1.51274e-06
1834	1.69964e-06
1835	1.40781e-06
1836	1.3694e-06
1837	1.48537e-06
1838	1.69795e-06
1839	1.39624e-06
1840	1.75558e-06
1841	1.36583e-06
1842	1.62645e-06
1843	1.36334e-06
1844	1.52885e-06
1845	1.35604e-06
1846	1.58029e-06
1847	1.35392e-06
1848	1.55281e-06
1849	1.72246e-06
1850	1.313e-06
1851	1.40652e-06
1852	1.39124e-06
1853	1.34459e-06
1854	1.32953e-06
1855	1.34445e-06
1856	1.36087e-06
1857	1.35597e-06
1858	1.34093e-06
1859	1.32219e-06
1860	1.31996e-06
1861	1.32058e-06
1862	1.32262e-06
1863	1.31261e-06
1864	1.30311e-06
1865	1.2884e-06
1866	1.2855e-06
1867	1.28002e-06
1868	1.27978e-06
1869	1.2698e-06
1870	1.26396e-06
1871	1.25109e-06
1872	1.24803e-06
1873	1.23938e-06
1874	1.23766e-06
1875	1.22712e-06
1876	1.22261e-06
1877	1.21072e-06
1878	1.20721e-06
1879	1.19705e-06
1880	1.19395e-06
1881	1.18304e-06
1882	1.17892e-06
1883	1.16782e-06
1884	1.1642e-06
1885	1.15404e-06
1886	1.15047e-06
1887	1.14017e-06
1888	1.13616e-06
1889	1.12616e-06
1890	1.12227e-06
1891	1.11254e-06
1892	1.10832e-06
1893	1.09846e-06
1894	1.09394e-06
1895	1.0844e-06
1896	1.08011e-06
1897	1.07118e-06
1898	1.06683e-06
1899	1.05811e-06
1900	1.05347e-06
1901	1.04499e-06
1902	1.0401e-06
1903	1.03183e-06
1904	1.0269e-06
1905	1.019e-06
1906	1.014e-06
1907	1.00631e-06
1908	1.00125e-06
1909	9.93733e-07
1910	9.88506e-07
1911	9.8104e-07
1912	9.75633e-07
1913	9.68242e-07
1914	9.72558e-07
1915	8.27767e-07
1916	8.59678e-07
1917	1.01129e-06
1918	9.51055e-07
1919	8.95205e-07
1920	8.20389e-07
1921	8.09302e-07
1922	9.3922e-07
1923	8.13728e-07
1924	8.16726e-07
1925	7.94125e-07
1926	8.72332e-07
1927	7.67364e-07
1928	8.21517e-07
1929	8.86401e-07
1930	8.64547e-07
1931	8.54504e-07
1932	8.96588e-07
1933	8.72449e-07
1934	8.59506e-07
1935	7.70316e-07
1936	7.23961e-07
1937	9.78147e-07
1938	7.72761e-07
1939	8.58881e-07
1940	7.46952e-07
1941	8.18595e-07
1942	7.38102e-07
1943	7.35765e-07
1944	7.99501e-07
1945	7.70718e-07
1946	7.81878e-07
1947	7.77944e-07
1948	7.03341e-07
1949	7.32855e-07
1950	7.36418e-07
1951	7.01818e-07
1952	7.71937e-07
1953	7.38515e-07
1954	8.26783e-07
1955	8.28369e-07
1956	7.54322e-07
1957	8.4597e-07
1958	7.75968e-07
1959	8.6429e-07
1960	8.5126e-07
1961	7.58365e-07
1962	8.75505e-07
1963	7.89793e-07
1964	7.10128e-07
1965	8.46405e-07
1966	7.43474e-07
1967	6.95852e-07
1968	7.3836e-07
1969	6.57819e-07
1970	7.97631e-07
1971	6.95907e-07
1972	6.52177e-07
1973	7.40807e-07
1974	6.91813e-07
1975	6.62998e-07
1976	7.78006e-07
1977	7.15674e-07
1978	6.69425e-07
1979	7.94649e-07
1980	7.24355e-07
1981	6.94356e-07
1982	5.79633e-07
1983	5.31804e-07
1984	6.01918e-07
1985	6.47704e-07
1986	6.51608e-07
1987	6.11407e-07
1988	5.87645e-07
1989	6.13579e-07
1990	6.45583e-07
1991	6.60284e-07
1992	6.50132e-07
1993	6.3309e-07
1994	6.37657e-07
1995	6.59079e-07
1996	6.77202e-07
1997	6.81234e-07
1998	6.73736e-07
1999	6.70666e-07
2000	6.81267e-07
2001	6.97113e-07
2002	7.07023e-07
2003	7.0762e-07
2004	7.04881e-07
2005	7.08228e-07
2006	7.18986e-07
2007	7.3021e-07
2008	7.36068e-07
2009	7.36489e-07
2010	7.37227e-07
2011	7.4292e-07
2012	7.52282e-07
2013	7.60149e-07
2014	7.6371e-07
2015	7.64725e-07
2016	7.67392e-07
2017	7.73554e-07
2018	7.81054e-07
2019	7.86326e-07
2020	7.88626e-07
2021	7.90056e-07
2022	7.93501e-07
2023	7.99021e-07
2024	8.04501e-07
2025	8.07781e-07
2026	8.09352e-07
2027	8.11134e-07
2028	8.14652e-07
2029	8.19024e-07
2030	8.2267e-07
2031	8.24585e-07
2032	8.25841e-07
2033	8.27686e-07
2034	8.3068e-07
2035	8.33593e-07
2036	8.35522e-07
2037	8.36477e-07
2038	8.37375e-07
2039	8.39048e-07
2040	8.41148e-07
2041	8.42931e-07
2042	8.43934e-07
2043	8.44434e-07
2044	1.18093e-06
2045	1.01823e-06
2046	1.00521e-06
2047	1.19025e-06
2048	9.96073e-07
2049	9.5324e-07
2050	1.16588e-06
2051	1.00939e-06
2052	1.00211e-06
2053	1.19565e-06
2054	1.00909e-06
2055	9.8018e-07
2056	1.14088e-06
2057	9.99256e-07
2058	9.90646e-07
2059	1.17326e-06
2060	1.00584e-06
2061	9.84849e-07
2062	1.11682e-06
2063	9.88818e-07
2064	9.76062e-07
2065	1.13833e-06
2066	9.95012e-07
2067	1.25194e-06
2068	1.00191e-06
2069	9.83944e-07
2070	1.04802e-06
2071	9.50006e-07
2072	1.21833e-06
2073	9.90843e-07
2074	1.25537e-06
2075	9.70623e-07
2076	1.2123e-06
2077	9.67782e-07
2078	1.18093e-06
2079	9.62897e-07
2080	1.18317e-06
2081	9.53639e-07
2082	1.1691e-06
2083	9.47964e-07
2084	1.14138e-06
2085	9.41173e-07
2086	1.11753e-06
2087	1.22922e-06
2088	9.32706e-07
2089	9.8522e-07
2090	9.64268e-07
2091	9.34162e-07
2092	9.28204e-07
2093	9.41112e-07
2094	9.48697e-07
2095	9.40333e-07
2096	9.21995e-07
2097	9.08545e-07
2098	9.03835e-07
2099	9.03936e-07
2100	9.01188e-07
2101	8.92623e-07
2102	8.79937e-07
2103	8.69748e-07
2104	8.63316e-07
2105	8.5957e-07
2106	8.54438e-07
2107	9.51793e-07
2108	7.94484e-07
2109	9.19397e-07
2110	7.80592e-07
2111	8.1042e-07
2112	9.32316e-07
2113	7.79718e-07
2114	7.80597e-07
2115	8.63371e-07
2116	1.05064e-06
2117	8.93819e-07
2118	9.14208e-07
2119	1.01735e-06
2120	8.80937e-07
2121	8.91057e-07
2122	9.53351e-07
2123	8.40388e-07
2124	8.40493e-07
2125	8.58279e-07
2126	8.19371e-07
2127	7.8382e-07
2128	7.95996e-07
2129	7.3359e-07
2130	7.6358e-07
2131	6.88508e-07
2132	6.06122e-07
2133	6.66951e-07
2134	6.68614e-07
2135	6.15518e-07
2136	5.59836e-07
2137	5.51288e-07
2138	5.6473e-07
2139	6.02711e-07
2140	5.40772e-07
2141	7.17324e-07
2142	5.63672e-07
2143	5.7964e-07
2144	5.23662e-07
2145	6.66235e-07
2146	5.13155e-07
2147	6.71454e-07
2148	5.7124e-07
2149	5.309e-07
2150	4.84332e-07
2151	4.96152e-07
2152	5.21181e-07
2153	5.28156e-07
2154	6.23706e-07
2155	5.83734e-07
2156	4.88891e-07
2157	4.60518e-07
2158	4.61655e-07
2159	4.86783e-07
2160	5.38644e-07
2161	6.66745e-07
2162	6.82455e-07
2163	6.21982e-07
2164	5.61043e-07
2165	5.33396e-07
2166	5.32196e-07
2167	5.70207e-07
2168	6.16639e-07
2169	4.90966e-07
2170	4.80703e-07
2171	5.85667e-07
2172	5.21986e-07
2173	4.40459e-07
2174	4.61752e-07
2175	5.04812e-07
2176	4.89185e-07
2177	5.19374e-07
2178	4.99872e-07
2179	5.05707e-07
2180	4.77609e-07
2181	5.09092e-07
2182	4.92723e-07
2183	5.31181e-07
2184	5.25183e-07
2185	5.35696e-07
2186	5.10765e-07
2187	4.06179e-07
2188	4.1358e-07
2189	4.91666e-07
2190	3.77583e-07
2191	4.30445e-07
2192	4.4221e-07
2193	4.62521e-07
2194	4.5868e-07
2195	3.87464e-07
2196	4.43257e-07
2197	3.96553e-07
2198	3.8861e-07
2199	3.62158e-07
2200	4.43068e-07
2201	4.07263e-07
2202	3.9438e-07
2203	3.42599e-07
2204	4.42067e-07
2205	4.10935e-07
2206	4.11775e-07
2207	4.00191e-07
2208	3.48024e-07
2209	4.4968e-07
2210	4.21015e-07
2211	4.24001e-07
2212	4.11986e-07
2213	3.69652e-07
2214	3.14459e-07
2215	3.3711e-07
2216	3.73496e-07
2217	3.94595e-07
2218	3.93539e-07
2219	3.66655e-07
2220	3.44246e-07
2221	3.56687e-07
2222	3.81382e-07
2223	3.97047e-07
2224	3.95089e-07
2225	3.76022e-07
2226	3.64907e-07
2227	3.75613e-07
2228	3.94301e-07
2229	4.04772e-07
2230	4.01768e-07
2231	3.87806e-07
2232	3.82633e-07
2233	3.92029e-07
2234	4.06535e-07
2235	4.13458e-07
2236	4.10203e-07
2237	3.99787e-07
2238	3.97997e-07
2239	4.06307e-07
2240	4.17859e-07
2241	4.2219e-07
2242	4.18785e-07
2243	4.10876e-07
2244	4.11056e-07
2245	4.18274e-07
2246	4.27491e-07
2247	4.29941e-07
2248	4.26771e-07
2249	4.20697e-07
2250	4.2227e-07
2251	4.28549e-07
2252	4.35975e-07
2253	4.36825e-07
2254	4.33666e-07
2255	4.29058e-07
2256	4.31537e-07
2257	4.36808e-07
2258	4.42426e-07
2259	4.4198e-07
2260	4.39183e-07
2261	4.3587e-07
2262	4.38973e-07
2263	4.43256e-07
2264	4.4733e-07
2265	4.45807e-07
2266	4.43354e-07
2267	4.4116e-07
2268	4.44565e-07
2269	4.47725e-07
2270	4.50222e-07
2271	4.47742e-07
2272	4.45903e-07
2273	4.44617e-07
2274	4.47891e-07
2275	4.49589e-07
2276	4.50453e-07
2277	4.4734e-07
2278	6.05951e-07
2279	5.21688e-07
2280	5.14253e-07
2281	4.94115e-07
2282	5.10555e-07
2283	4.63722e-07
2284	4.87821e-07
2285	4.924e-07
2286	5.83396e-07
2287	5.15444e-07
2288	5.10113e-07
2289	5.96767e-07
2290	5.13643e-07
2291	5.05869e-07
2292	5.89591e-07
2293	5.14483e-07
2294	5.08936e-07
2295	5.83512e-07
2296	5.12938e-07
2297	5.05451e-07
2298	5.75309e-07
2299	5.12109e-07
2300	6.46335e-07
2301	5.15609e-07
2302	5.10201e-07
2303	5.41511e-07
2304	6.55148e-07
2305	4.9724e-07
2306	5.55423e-07
2307	5.45924e-07
2308	5.1614e-07
2309	5.07248e-07
2310	5.21996e-07
2311	5.38674e-07
2312	5.44697e-07
2313	5.35124e-07
2314	5.21989e-07
2315	5.18029e-07
2316	5.2303e-07
2317	5.2877e-07
2318	5.30054e-07
2319	5.23893e-07
2320	5.15511e-07
2321	5.1055e-07
2322	5.11012e-07
2323	5.12394e-07
2324	5.11995e-07
2325	5.07601e-07
2326	5.02203e-07
2327	4.98004e-07
2328	4.97041e-07
2329	4.96773e-07
2330	4.96023e-07
2331	4.93111e-07
2332	4.89669e-07
2333	4.86227e-07
2334	4.84761e-07
2335	4.83764e-07
2336	4.82457e-07
2337	4.80256e-07
2338	4.7742e-07
2339	4.75034e-07
2340	4.72965e-07
2341	4.71599e-07
2342	4.69615e-07
2343	4.67613e-07
2344	4.64815e-07
2345	4.6256e-07
2346	4.60072e-07
2347	4.58217e-07
2348	4.55812e-07
2349	4.53636e-07
2350	4.50863e-07
2351	4.4853e-07
2352	4.45863e-07
2353	4.43685e-07
2354	4.41047e-07
2355	4.38697e-07
2356	4.3586e-07
2357	4.33394e-07
2358	4.30582e-07
2359	4.28142e-07
2360	4.25321e-07
2361	4.22776e-07
2362	4.1985e-07
2363	4.1724e-07
2364	4.14324e-07
2365	4.11724e-07
2366	4.08815e-07
2367	4.06177e-07
2368	4.03245e-07
2369	4.00591e-07
2370	3.97658e-07
2371	3.94991e-07
2372	3.92062e-07
2373	3.89409e-07
2374	3.86499e-07
2375	3.83831e-07
2376	3.80914e-07
2377	3.78262e-07
2378	3.75367e-07
2379	3.72713e-07
2380	3.69796e-07
2381	3.67123e-07
2382	4.90568e-07
2383	3.74828e-07
2384	3.18165e-07
2385	3.0963e-07
2386	3.72075e-07
2387	3.56924e-07
2388	3.38595e-07
2389	3.08306e-07
2390	2.98568e-07
2391	3.41124e-07
2392	3.04403e-07
2393	3.03627e-07
2394	2.92351e-07
2395	3.40932e-07
2396	3.64211e-07
2397	3.87854e-07
2398	3.96015e-07
2399	3.92345e-07
2400	3.87869e-07
2401	3.8966e-07
2402	3.96559e-07
2403	4.04317e-07
2404	4.07989e-07
2405	4.078e-07
2406	4.05492e-07
2407	4.0484e-07
2408	4.05664e-07
2409	4.07762e-07
2410	4.07867e-07
2411	4.06381e-07
2412	4.02976e-07
2413	4.00233e-07
2414	3.97566e-07
2415	3.95721e-07
2416	3.92775e-07
2417	3.89429e-07
2418	3.84828e-07
2419	3.80558e-07
2420	3.75841e-07
2421	3.71528e-07
2422	3.66538e-07
2423	3.61448e-07
2424	3.55582e-07
2425	3.49606e-07
2426	3.43039e-07
2427	3.36262e-07
2428	2.94658e-07
2429	3.10239e-07
2430	2.96058e-07
2431	3.22725e-07
2432	3.0248e-07
2433	3.34338e-07
2434	3.14376e-07
2435	2.61985e-07
2436	3.11818e-07
2437	2.48214e-07
2438	2.93125e-07
2439	2.47917e-07
2440	3.15455e-07
2441	2.51148e-07
2442	3.19198e-07
2443	2.52946e-07
2444	3.24969e-07
2445	2.56827e-07
2446	3.38283e-07
2447	2.6007e-07
2448	3.4327e-07
2449	2.64002e-07
2450	3.51384e-07
2451	2.68366e-07
2452	3.61431e-07
2453	2.72161e-07
2454	3.67914e-07
2455	2.76281e-07
2456	3.75517e-07
2457	2.8048e-07
2458	3.83948e-07
2459	2.84503e-07
2460	3.91035e-07
2461	2.88701e-07
2462	2.83401e-07
2463	2.96567e-07
2464	3.98773e-07
2465	3.44483e-07
2466	2.95397e-07
2467	4.03441e-07
2468	3.00036e-07
2469	4.16975e-07
2470	3.63621e-07
2471	3.05051e-07
2472	4.16102e-07
2473	3.07139e-07
2474	4.20551e-07
2475	3.17601e-07
2476	3.05454e-07
2477	3.79689e-07
2478	3.03191e-07
2479	2.96517e-07
2480	3.97857e-07
2481	3.17616e-07
2482	3.10148e-07
2483	3.91273e-07
2484	3.13418e-07
2485	3.03848e-07
2486	3.98467e-07
2487	3.20811e-07
2488	3.14778e-07
2489	4.01751e-07
2490	3.21842e-07
2491	3.12501e-07
2492	4.01732e-07
2493	3.24327e-07
2494	3.18489e-07
2495	4.07408e-07
2496	3.27277e-07
2497	3.19188e-07
2498	4.04598e-07
2499	3.27844e-07
2500	3.21727e-07
2501	4.08488e-07
2502	3.30505e-07
2503	3.23487e-07
2504	4.05337e-07
2505	3.30429e-07
2506	3.24254e-07
2507	4.06215e-07
2508	3.32101e-07
2509	3.25718e-07
2510	4.03554e-07
2511	3.31865e-07
2512	3.25851e-07
2513	4.02048e-07
2514	3.3243e-07
2515	3.26572e-07
2516	3.99246e-07
2517	3.32048e-07
2518	3.26431e-07
2519	3.95764e-07
2520	3.31775e-07
2521	3.26387e-07
2522	3.92073e-07
2523	3.31123e-07
2524	3.26147e-07
2525	3.87495e-07
2526	3.30362e-07
2527	3.25391e-07
2528	3.82898e-07
2529	3.29356e-07
2530	3.2475e-07
2531	3.77524e-07
2532	3.28118e-07
2533	4.20937e-07
2534	3.31022e-07
2535	3.26086e-07
2536	3.5945e-07
2537	3.18634e-07
2538	4.05773e-07
2539	3.2981e-07
2540	4.23339e-07
2541	3.21934e-07
2542	4.13392e-07
2543	3.24473e-07
2544	4.0548e-07
2545	3.24033e-07
2546	4.04061e-07
2547	3.20254e-07
2548	4.00792e-07
2549	3.18484e-07
2550	3.94594e-07
2551	3.17176e-07
2552	3.86879e-07
2553	4.20349e-07
2554	3.1853e-07
2555	3.31567e-07
2556	3.24039e-07
2557	3.16037e-07
2558	3.17547e-07
2559	3.23615e-07
2560	3.26615e-07
2561	3.23399e-07
2562	3.18306e-07
2563	3.15559e-07
2564	3.16295e-07
2565	3.17566e-07
2566	3.17448e-07
2567	3.14556e-07
2568	3.11062e-07
2569	3.08432e-07
2570	3.07644e-07
2571	3.07007e-07
2572	3.05928e-07
2573	3.0335e-07
2574	3.00338e-07
2575	2.97663e-07
2576	2.96078e-07
2577	2.94466e-07
2578	2.92876e-07
2579	2.90379e-07
2580	2.87928e-07
2581	2.85312e-07
2582	2.83434e-07
2583	4.26296e-07
2584	3.24929e-07
2585	3.28241e-07
2586	3.43866e-07
2587	4.07352e-07
2588	3.16754e-07
2589	3.13047e-07
2590	3.21246e-07
2591	3.61947e-07
2592	3.04648e-07
2593	3.05587e-07
2594	3.21061e-07
2595	2.95042e-07
2596	2.98381e-07
2597	3.14312e-07
2598	2.82707e-07
2599	2.82456e-07
2600	2.84409e-07
2601	2.76012e-07
2602	2.60631e-07
2603	2.67534e-07
2604	2.43671e-07
2605	2.55591e-07
2606	2.26915e-07
2607	2.43874e-07
2608	2.12079e-07
2609	2.27901e-07
2610	2.27819e-07
2611	2.08635e-07
2612	2.21892e-07
2613	1.92296e-07
2614	2.43617e-07
2615	1.93946e-07
2616	2.20743e-07
2617	2.07942e-07
2618	2.0702e-07
2619	1.86635e-07
2620	1.8333e-07
2621	2.0771e-07
2622	1.91097e-07
2623	1.86864e-07
2624	1.76357e-07
2625	2.21806e-07
2626	1.80156e-07
2627	1.84122e-07
2628	1.77758e-07
2629	1.7493e-07
2630	1.74128e-07
2631	1.68854e-07
2632	1.75162e-07
2633	1.82099e-07
2634	1.58952e-07
2635	1.72552e-07
2636	4.20899e-07
2637	1.75436e-07
2638	3.99216e-07
2639	3.96302e-07
2640	3.96753e-07
2641	4.14452e-07
2642	3.93756e-07
2643	4.25965e-07
2644	3.87539e-07
2645	3.78194e-07
2646	4.00288e-07
2647	2.96476e-07
2648	3.86841e-07
2649	3.70804e-07
2650	3.74856e-07
2651	3.76722e-07
2652	3.71628e-07
2653	3.88211e-07
2654	2.96757e-07
2655	3.73477e-07
2656	3.58818e-07
2657	3.59486e-07
2658	3.60091e-07
2659	3.66095e-07
2660	3.88754e-07
2661	2.97289e-07
2662	3.6064e-07
2663	3.56725e-07
2664	3.58041e-07
2665	3.59762e-07
2666	3.71416e-07
2667	3.96922e-07
2668	2.98736e-07
2669	3.56007e-07
2670	3.66219e-07
2671	3.92704e-07
2672	3.80036e-07
2673	3.62971e-07
2674	4.04799e-07
2675	2.89755e-07
2676	3.70561e-07
2677	4.15645e-07
2678	3.87176e-07
2679	3.76705e-07
2680	3.6909e-07
2681	3.73119e-07
2682	3.87247e-07
2683	4.08014e-07
2684	4.0652e-07
2685	3.95975e-07
2686	2.69059e-07
2687	3.90808e-07
2688	4.07376e-07
2689	2.76678e-07
2690	4.08631e-07
2691	4.19041e-07
2692	2.80744e-07
2693	4.13723e-07
2694	2.67888e-07
2695	1.63133e-07
2696	4.06508e-07
2697	4.20422e-07
2698	2.2226e-07
2699	1.68534e-07
2700	1.65778e-07
2701	4.18397e-07
2702	2.21596e-07
2703	1.73095e-07
2704	1.70505e-07
2705	2.35362e-07
2706	1.74636e-07
2707	2.48516e-07
2708	2.26128e-07
2709	2.10289e-07
2710	1.73466e-07
2711	2.3917e-07
2712	1.80533e-07
2713	2.55186e-07
2714	2.7383e-07
2715	3.08185e-07
2716	2.64688e-07
2717	2.70112e-07
2718	2.82823e-07
2719	2.7161e-07
2720	2.80344e-07
2721	3.04655e-07
2722	2.69202e-07
2723	2.74737e-07
2724	3.04292e-07
2725	2.73084e-07
2726	2.8117e-07
2727	3.07618e-07
2728	2.72376e-07
2729	2.78024e-07
2730	3.12728e-07
2731	2.72744e-07
2732	2.80823e-07
2733	3.12832e-07
2734	2.73526e-07
2735	2.79507e-07
2736	3.17057e-07
2737	2.72078e-07
2738	2.80004e-07
2739	3.16966e-07
2740	2.72968e-07
2741	2.79348e-07
2742	3.19421e-07
2743	2.71001e-07
2744	2.78731e-07
2745	3.19342e-07
2746	2.71093e-07
2747	2.77809e-07
2748	3.20452e-07
2749	2.69173e-07
2750	2.76779e-07
2751	3.20117e-07
2752	2.68108e-07
2753	2.77255e-07
2754	2.65473e-07
2755	2.83811e-07
2756	2.67813e-07
2757	2.89463e-07
2758	2.62881e-07
2759	2.78099e-07
2760	2.62397e-07
2761	2.80019e-07
2762	2.63299e-07
2763	2.82413e-07
2764	2.59364e-07
2765	2.76337e-07
2766	2.58183e-07
2767	2.76014e-07
2768	2.58166e-07
2769	2.76994e-07
2770	2.55087e-07
2771	2.72474e-07
2772	2.53426e-07
2773	2.71238e-07
2774	2.52553e-07
2775	2.70935e-07
2776	2.49695e-07
2777	2.67089e-07
2778	2.47632e-07
2779	2.65311e-07
2780	2.46013e-07
2781	2.63991e-07
2782	2.43139e-07
2783	2.60424e-07
2784	2.40714e-07
2785	2.58151e-07
2786	2.38529e-07
2787	2.55992e-07
2788	2.35627e-07
2789	2.52489e-07
2790	2.33066e-07
2791	2.4982e-07
2792	2.30634e-07
2793	2.39031e-07
2794	2.85568e-07
2795	4.26065e-07
2796	1.82461e-07
2797	1.98804e-07
2798	2.29178e-07
2799	2.68945e-07
2800	4.09704e-07
2801	4.21944e-07
2802	2.89804e-07
2803	4.0928e-07
2804	4.10567e-07
2805	4.2539e-07
2806	2.80165e-07
2807	4.00494e-07
2808	4.01402e-07
2809	1.61953e-07
2810	1.7015e-07
2811	4.20707e-07
2812	1.76605e-07
2813	3.99766e-07
2814	1.62038e-07
2815	4.09284e-07
2816	1.46305e-07
2817	4.09113e-07
2818	4.22889e-07
2819	1.47307e-07
2820	3.92655e-07
2821	1.50602e-07
2822	3.94157e-07
2823	1.41615e-07
2824	3.86871e-07
2825	1.41811e-07
2826	3.83922e-07
2827	1.36966e-07
2828	3.75332e-07
2829	4.17678e-07
2830	4.16164e-07
2831	3.65523e-07
2832	4.00216e-07
2833	4.06286e-07
2834	3.80805e-07
2835	3.98774e-07
2836	3.84429e-07
2837	3.91088e-07
2838	3.46571e-07
2839	3.86398e-07
2840	3.54121e-07
2841	3.77478e-07
2842	3.61705e-07
2843	3.67926e-07
2844	3.34181e-07
2845	3.20577e-07
2846	3.3322e-07
2847	3.14448e-07
2848	2.95945e-07
2849	3.24562e-07
2850	3.02032e-07
2851	3.33256e-07
2852	3.36466e-07
2853	3.01428e-07
2854	2.77346e-07
2855	3.09236e-07
2856	3.01223e-07
2857	2.92549e-07
2858	2.89564e-07
2859	2.76774e-07
2860	2.94279e-07
2861	2.75648e-07
2862	2.8723e-07
2863	3.11186e-07
2864	2.65558e-07
2865	2.88243e-07
2866	2.52348e-07
2867	2.52911e-07
2868	2.61853e-07
2869	2.70423e-07
2870	2.55196e-07
2871	2.78231e-07
2872	2.45772e-07
2873	2.58221e-07
2874	2.42962e-07
2875	2.39499e-07
2876	2.46394e-07
2877	2.50461e-07
2878	2.32748e-07
2879	2.48718e-07
2880	2.30612e-07
2881	2.45397e-07
2882	2.52898e-07
2883	2.26042e-07
2884	2.53096e-07
2885	2.35515e-07
2886	2.36789e-07
2887	2.21217e-07
2888	2.41857e-07
2889	2.32304e-07
2890	2.17913e-07
2891	2.39366e-07
2892	2.63929e-07
2893	2.30342e-07
2894	2.16211e-07
2895	2.07573e-07
2896	2.00616e-07
2897	2.056e-07
2898	2.29749e-07
2899	2.24707e-07
2900	2.14635e-07
2901	2.23848e-07
2902	2.16979e-07
2903	2.18055e-07
2904	2.20821e-07
2905	2.17356e-07
2906	2.50989e-07
2907	2.65616e-07
2908	2.22371e-07
2909	2.30038e-07
2910	2.21312e-07
2911	2.21072e-07
2912	2.25723e-07
2913	2.32704e-07
2914	2.52618e-07
2915	2.73251e-07
2916	2.73862e-07
2917	2.37055e-07
2918	2.33615e-07
2919	2.41341e-07
2920	2.44281e-07
2921	2.42357e-07
2922	2.43097e-07
2923	2.4854e-07
2924	2.55663e-07
2925	2.60707e-07
2926	2.55994e-07
2927	2.54046e-07
2928	2.59145e-07
2929	2.57517e-07
2930	2.57267e-07
2931	2.57323e-07
2932	2.57434e-07
2933	2.61143e-07
2934	2.64593e-07
2935	2.68998e-07
2936	2.69131e-07
2937	2.69096e-07
2938	2.69576e-07
2939	2.73765e-07
2940	2.76886e-07
2941	2.81841e-07
2942	2.80873e-07
2943	2.80174e-07
2944	2.80298e-07
2945	2.84162e-07
2946	2.86709e-07
2947	2.93074e-07
2948	2.91647e-07
2949	2.89454e-07
2950	2.89122e-07
2951	2.92096e-07
2952	2.93867e-07
2953	3.0266e-07
2954	3.01542e-07
2955	2.96895e-07
2956	2.96086e-07
2957	2.97773e-07
2958	2.98121e-07
2959	3.10337e-07
2960	3.1143e-07
2961	3.02372e-07
2962	3.01483e-07
2963	3.0124e-07
2964	2.9878e-07
2965	3.14308e-07
2966	3.21438e-07
2967	3.05852e-07
2968	3.06134e-07
2969	3.03326e-07
2970	2.96555e-07
2971	3.1319e-07
2972	3.26204e-07
2973	3.06684e-07
2974	3.12104e-07
2975	2.99501e-07
2976	2.83749e-07
2977	3.04057e-07
2978	3.2458e-07
2979	3.10005e-07
2980	3.19483e-07
2981	3.02964e-07
2982	2.80158e-07
2983	2.85429e-07
2984	3.21418e-07
2985	3.29498e-07
2986	3.215e-07
2987	3.14535e-07
2988	3.12894e-07
2989	3.35282e-07
2990	3.01372e-07
2991	3.0371e-07
2992	2.94135e-07
2993	2.94809e-07
2994	3.2157e-07
2995	3.05189e-07
2996	3.14098e-07
2997	3.41678e-07
2998	3.01047e-07
2999	2.95244e-07
3000	2.84276e-07
3001	2.98664e-07
3002	3.21001e-07
3003	3.15629e-07
3004	3.13821e-07
3005	3.25969e-07
3006	3.33959e-07
3007	2.92514e-07
3008	2.85858e-07
3009	2.80516e-07
3010	3.03807e-07
3011	3.15118e-07
3012	3.18699e-07
3013	3.12513e-07
3014	3.16047e-07
3015	3.28068e-07
3016	2.83805e-07
3017	2.81383e-07
3018	2.79693e-07
3019	2.87612e-07
3020	2.65045e-07
3021	2.66271e-07
3022	2.70888e-07
3023	3.22043e-07
3024	2.87355e-07
3025	2.93406e-07
3026	3.01498e-07
3027	2.76618e-07
3028	2.71532e-07
3029	3.17588e-07
3030	3.23835e-07
3031	3.07098e-07
3032	2.82801e-07
3033	2.7831e-07
3034	2.91356e-07
3035	3.0714e-07
3036	2.58014e-07
3037	2.51754e-07
3038	2.7679e-07
3039	2.90793e-07
3040	2.80239e-07
3041	2.897e-07
3042	2.89787e-07
3043	2.56807e-07
3044	2.60366e-07
3045	2.92218e-07
3046	2.8653e-07
3047	2.61221e-07
3048	2.43824e-07
3049	2.48329e-07
3050	2.63234e-07
3051	2.57782e-07
3052	2.78376e-07
3053	2.49848e-07
3054	2.63886e-07
3055	2.34383e-07
3056	2.34909e-07
3057	2.34121e-07
3058	2.63348e-07
3059	2.55433e-07
3060	2.29493e-07
3061	2.17791e-07
3062	2.28703e-07
3063	2.43317e-07
3064	2.28255e-07
3065	2.51557e-07
3066	2.08674e-07
3067	2.17441e-07
3068	2.06999e-07
3069	2.15334e-07
3070	2.06044e-07
3071	2.06106e-07
3072	2.36655e-07
3073	2.30277e-07
3074	2.00036e-07
3075	1.86055e-07
3076	2.12731e-07
3077	2.0784e-07
3078	2.0608e-07
3079	1.94503e-07
3080	2.08882e-07
3081	2.16118e-07
3082	2.04078e-07
3083	1.76729e-07
3084	4.11066e-07
3085	2.00039e-07
3086	2.07379e-07
3087	1.73987e-07
3088	1.59224e-07
3089	3.92681e-07
3090	1.70706e-07
3091	1.77351e-07
3092	3.96134e-07
3093	4.12859e-07
3094	1.66404e-07
3095	4.19819e-07
3096	4.10479e-07
3097	4.03875e-07
3098	4.04455e-07
3099	4.1631e-07
3100	4.09748e-07
3101	3.9491e-07
3102	3.85159e-07
3103	3.88203e-07
3104	3.88361e-07
3105	3.88408e-07
3106	3.8597e-07
3107	3.8696e-07
3108	3.84139e-07
3109	3.82914e-07
3110	3.77838e-07
3111	3.76711e-07
3112	3.73264e-07
3113	3.7381e-07
3114	3.70244e-07
3115	3.69117e-07
3116	3.63272e-07
3117	3.60211e-07
3118	3.53482e-07
3119	3.51076e-07
3120	3.46217e-07
3121	3.45829e-07
3122	3.41787e-07
3123	3.40683e-07
3124	3.34828e-07
3125	3.32129e-07
3126	3.26118e-07
3127	3.25425e-07
3128	3.22012e-07
3129	3.22455e-07
3130	3.17804e-07
3131	3.16106e-07
3132	3.1059e-07
3133	3.10752e-07
3134	3.09217e-07
3135	3.06975e-07
3136	3.08274e-07
3137	3.07426e-07
3138	3.0156e-07
3139	3.02822e-07
3140	3.02536e-07
3141	3.07698e-07
3142	3.07336e-07
3143	3.0929e-07
3144	3.06763e-07
3145	3.10306e-07
3146	3.1379e-07
3147	3.2024e-07
3148	3.21755e-07
3149	3.23168e-07
3150	3.1735e-07
3151	3.25342e-07
3152	3.29604e-07
3153	3.32872e-07
3154	3.33533e-07
3155	3.36496e-07
3156	3.32179e-07
3157	3.40418e-07
3158	3.43504e-07
3159	3.46167e-07
3160	3.48635e-07
3161	3.5367e-07
3162	3.4835e-07
3163	3.55037e-07
3164	3.57617e-07
3165	3.59847e-07
3166	3.6399e-07
3167	3.70521e-07
3168	3.64095e-07
3169	3.69304e-07
3170	3.71588e-07
3171	3.732e-07
3172	3.77898e-07
3173	3.87521e-07
3174	3.80125e-07
3175	3.82617e-07
3176	3.86084e-07
3177	3.86646e-07
3178	3.90402e-07
3179	4.03945e-07
3180	3.95981e-07
3181	3.95491e-07
3182	3.97968e-07
3183	4.05075e-07
3184	4.12974e-07
3185	4.1187e-07
3186	4.13141e-07
3187	4.08792e-07
3188	4.11052e-07
3189	4.14615e-07
3190	4.22361e-07
3191	4.21459e-07
3192	1.76322e-07
3193	3.8862e-07
3194	3.90504e-07
3195	2.1546e-07
3196	2.24256e-07
3197	4.16634e-07
3198	1.73805e-07
3199	4.07074e-07
3200	3.98605e-07
3201	2.13823e-07
3202	2.27791e-07
3203	4.23127e-07
3204	1.74467e-07
3205	4.10746e-07
3206	4.22147e-07
3207	1.8991e-07
3208	4.23646e-07
3209	2.02277e-07
3210	4.18717e-07
3211	1.76294e-07
3212	1.82657e-07
3213	3.81758e-07
3214	4.16373e-07
3215	2.2272e-07
3216	2.34372e-07
3217	4.2173e-07
3218	1.62473e-07
3219	4.03429e-07
3220	1.9871e-07
3221	2.27009e-07
3222	2.31082e-07
3223	2.20164e-07
3224	2.00942e-07
3225	1.84951e-07
3226	4.20107e-07
3227	1.83907e-07
3228	1.86369e-07
3229	4.05195e-07
3230	1.77093e-07
3231	1.67458e-07
3232	1.62025e-07
3233	4.06263e-07
3234	1.75523e-07
3235	1.74135e-07
3236	4.19291e-07
3237	1.72238e-07
3238	4.21723e-07
3239	1.69845e-07
3240	1.72486e-07
3241	3.83193e-07
3242	1.87615e-07
3243	2.20172e-07
3244	2.20591e-07
3245	4.1562e-07
3246	1.60571e-07
3247	3.9883e-07
3248	1.90207e-07
3249	2.19463e-07
3250	4.16623e-07
3251	1.63876e-07
3252	1.61836e-07
3253	3.66916e-07
3254	4.13833e-07
3255	2.03103e-07
3256	2.07887e-07
3257	3.94796e-07
3258	1.49086e-07
3259	3.73223e-07
3260	4.22461e-07
3261	2.00072e-07
3262	4.15624e-07
3263	1.47491e-07
3264	3.69314e-07
3265	3.9326e-07
3266	1.64492e-07
3267	4.10822e-07
3268	4.12453e-07
3269	3.9037e-07
3270	1.51192e-07
3271	3.99609e-07
3272	3.82889e-07
3273	3.91754e-07
3274	4.18995e-07
3275	3.97966e-07
3276	1.47599e-07
3277	3.50388e-07
3278	3.81852e-07
3279	4.07171e-07
3280	3.84155e-07
3281	4.16095e-07
3282	3.92258e-07
3283	3.56515e-07
3284	3.81727e-07
3285	3.90674e-07
3286	3.66293e-07
3287	3.98881e-07
3288	3.80055e-07
3289	3.43793e-07
3290	3.70822e-07
3291	3.74184e-07
3292	3.51915e-07
3293	3.77124e-07
3294	3.63672e-07
3295	3.354e-07
3296	3.5644e-07
3297	3.56401e-07
3298	3.38134e-07
3299	3.56329e-07
3300	3.4678e-07
3301	3.25461e-07
3302	3.3986e-07
3303	3.38099e-07
3304	3.24716e-07
3305	3.36318e-07
3306	3.29401e-07
3307	3.13604e-07
3308	3.22254e-07
3309	3.19545e-07
3310	3.10465e-07
3311	3.16455e-07
3312	3.11179e-07
3313	2.99747e-07
3314	3.03435e-07
3315	3.00199e-07
3316	2.94416e-07
3317	2.94698e-07
3318	2.92648e-07
3319	2.88977e-07
3320	2.84163e-07
3321	2.77079e-07
3322	2.80162e-07
3323	2.79024e-07
3324	2.76676e-07
3325	2.68856e-07
3326	2.63938e-07
3327	2.63697e-07
3328	2.63764e-07
3329	2.59586e-07
3330	2.54476e-07
3331	2.53893e-07
3332	2.50799e-07
3333	2.45583e-07
3334	2.43087e-07
3335	2.42081e-07
3336	2.40401e-07
3337	2.34899e-07
3338	2.32682e-07
3339	2.28666e-07
3340	2.28453e-07
3341	2.24923e-07
3342	2.25825e-07
3343	2.20122e-07
3344	2.17624e-07
3345	2.13285e-07
3346	2.13887e-07
3347	2.11901e-07
3348	2.114e-07
3349	2.06343e-07
3350	2.06609e-07
3351	2.03554e-07
3352	2.03967e-07
3353	2.00713e-07
3354	2.03101e-07
3355	2.0137e-07
3356	2.02696e-07
3357	1.99518e-07
3358	2.01213e-07
3359	1.99555e-07
3360	2.02184e-07
3361	2.00239e-07
3362	2.01727e-07
3363	1.98557e-07
3364	1.99335e-07
3365	1.96277e-07
3366	1.97882e-07
3367	1.95709e-07
3368	1.97526e-07
3369	1.94769e-07
3370	1.95712e-07
3371	1.92445e-07
3372	1.93906e-07
3373	1.91903e-07
3374	1.94436e-07
3375	1.92744e-07
3376	1.94782e-07
3377	1.92232e-07
3378	1.9403e-07
3379	1.92293e-07
3380	1.95549e-07
3381	1.94828e-07
3382	1.97918e-07
3383	1.96147e-07
3384	1.98503e-07
3385	1.96912e-07
3386	2.00411e-07
3387	2.0014e-07
3388	2.0398e-07
3389	2.02919e-07
3390	2.05737e-07
3391	2.04251e-07
3392	2.07794e-07
3393	2.07608e-07
3394	2.06915e-07
3395	2.0535e-07
3396	2.0719e-07
3397	2.04863e-07
3398	2.12612e-07
3399	2.13753e-07
3400	2.15115e-07
3401	2.15243e-07
3402	2.20023e-07
3403	2.16062e-07
3404	2.20786e-07
3405	2.21153e-07
3406	2.22779e-07
3407	2.24303e-07
3408	2.31082e-07
3409	2.25805e-07
3410	2.28141e-07
3411	2.28905e-07
3412	2.3048e-07
3413	2.32278e-07
3414	2.4153e-07
3415	2.35601e-07
3416	2.35517e-07
3417	2.35132e-07
3418	2.40753e-07
3419	2.45174e-07
3420	2.45861e-07
3421	2.45986e-07
3422	2.43347e-07
3423	2.43322e-07
3424	2.46329e-07
3425	2.50102e-07
3426	2.51077e-07
3427	2.54805e-07
3428	2.50454e-07
3429	2.52375e-07
3430	2.51018e-07
3431	2.54509e-07
3432	2.54909e-07
3433	2.60642e-07
3434	2.56263e-07
3435	2.60716e-07
3436	2.55858e-07
3437	2.59665e-07
3438	2.58193e-07
3439	2.64293e-07
3440	2.60542e-07
3441	2.67005e-07
3442	2.60385e-07
3443	2.65403e-07
3444	2.61164e-07
3445	2.67205e-07
3446	2.63273e-07
3447	2.7084e-07
3448	2.63789e-07
3449	2.70313e-07
3450	2.6371e-07
3451	2.69851e-07
3452	2.6494e-07
3453	2.72833e-07
3454	2.65873e-07
3455	2.73664e-07
3456	2.65589e-07
3457	2.72218e-07
3458	2.65905e-07
3459	2.73598e-07
3460	2.66729e-07
3461	2.75207e-07
3462	2.66577e-07
3463	2.73786e-07
3464	2.662e-07
3465	2.73521e-07
3466	2.66515e-07
3467	2.7511e-07
3468	2.66442e-07
3469	2.74234e-07
3470	2.65673e-07
3471	2.72768e-07
3472	2.6535e-07
3473	2.73649e-07
3474	2.6523e-07
3475	2.73275e-07
3476	2.64358e-07
3477	2.7119e-07
3478	2.63423e-07
3479	2.71125e-07
3480	2.63011e-07
3481	2.71018e-07
3482	2.62107e-07
3483	2.68707e-07
3484	2.60741e-07
3485	2.67637e-07
3486	2.59918e-07
3487	2.67422e-07
3488	2.58941e-07
3489	2.65027e-07
3490	2.57167e-07
3491	2.63145e-07
3492	2.55834e-07
3493	2.626e-07
3494	2.54685e-07
3495	2.60136e-07
3496	2.5259e-07
3497	2.57643e-07
3498	2.50776e-07
3499	2.56655e-07
3500	2.49429e-07
3501	2.54053e-07
3502	2.4704e-07
3503	2.51153e-07
3504	2.44834e-07
3505	2.4973e-07
3506	2.43237e-07
3507	2.46919e-07
3508	2.40553e-07
3509	2.43815e-07
3510	2.38101e-07
3511	2.42045e-07
3512	2.39359e-07
3513	2.23225e-07
3514	2.50366e-07
3515	2.38938e-07
3516	2.33764e-07
3517	2.24578e-07
3518	2.16146e-07
3519	2.39359e-07
3520	2.33529e-07
3521	2.31032e-07
3522	2.19657e-07
3523	2.07684e-07
3524	2.27351e-07
3525	2.26757e-07
3526	2.23692e-07
3527	2.13861e-07
3528	2.09326e-07
3529	2.07487e-07
3530	2.17074e-07
3531	2.15142e-07
3532	2.10918e-07
3533	2.03315e-07
3534	2.02249e-07
3535	2.02059e-07
3536	2.04798e-07
3537	2.01757e-07
3538	2.00015e-07
3539	1.95838e-07
3540	1.92857e-07
3541	1.9089e-07
3542	1.94286e-07
3543	1.92854e-07
3544	1.87671e-07
3545	4.18858e-07
3546	2.25184e-07
3547	2.12999e-07
3548	1.75366e-07
3549	3.76112e-07
3550	1.94363e-07
3551	1.9558e-07
3552	1.86023e-07
3553	3.76321e-07
3554	1.96984e-07
3555	1.83319e-07
3556	3.82147e-07
3557	1.91181e-07
3558	1.73542e-07
3559	3.77498e-07
3560	1.84446e-07
3561	3.92526e-07
3562	1.87829e-07
3563	3.98407e-07
3564	1.75974e-07
3565	3.8787e-07
3566	1.68591e-07
3567	3.71566e-07
3568	4.09568e-07
3569	1.86783e-07
3570	3.75214e-07
3571	3.82355e-07
3572	4.12054e-07
3573	1.82405e-07
3574	3.38644e-07
3575	3.42127e-07
3576	3.87525e-07
3577	1.88197e-07
3578	3.43065e-07
3579	3.35022e-07
3580	3.55348e-07
3581	3.90996e-07
3582	4.09803e-07
3583	4.07503e-07
3584	3.77415e-07
3585	3.48572e-07
3586	3.33487e-07
3587	3.4939e-07
3588	3.75827e-07
3589	3.96807e-07
3590	3.89473e-07
3591	3.65451e-07
3592	3.27781e-07
3593	3.0542e-07
3594	3.16083e-07
3595	3.58424e-07
3596	3.94927e-07
3597	4.03243e-07
3598	3.74649e-07
3599	3.3762e-07
3600	2.92933e-07
3601	2.89448e-07
3602	3.3676e-07
3603	3.96736e-07
3604	1.7853e-07
3605	3.12613e-07
3606	2.88414e-07
3607	2.88935e-07
3608	2.99218e-07
3609	3.47756e-07
3610	3.89285e-07
3611	4.03067e-07
3612	3.78056e-07
3613	3.43926e-07
3614	3.05692e-07
3615	2.94563e-07
3616	3.22154e-07
3617	3.74243e-07
3618	4.12248e-07
3619	4.1806e-07
3620	3.84501e-07
3621	3.45475e-07
3622	3.06698e-07
3623	3.07221e-07
3624	3.55001e-07
3625	4.15683e-07
3626	2.05286e-07
3627	3.39172e-07
3628	3.17776e-07
3629	3.19589e-07
3630	3.30351e-07
3631	3.69466e-07
3632	4.06275e-07
3633	1.95711e-07
3634	3.20753e-07
3635	3.19397e-07
3636	3.47885e-07
3637	3.89034e-07
3638	4.20411e-07
3639	1.95381e-07
3640	3.07609e-07
3641	3.07707e-07
3642	3.60162e-07
3643	1.94917e-07
3644	3.40088e-07
3645	3.53696e-07
3646	3.89322e-07
3647	4.20469e-07
3648	2.08482e-07
3649	3.1483e-07
3650	3.45001e-07
3651	4.16583e-07
3652	2.24874e-07
3653	3.87809e-07
3654	3.86044e-07
3655	4.07543e-07
3656	3.98796e-07
3657	3.93474e-07
3658	4.13207e-07
3659	2.1162e-07
3660	3.48516e-07
3661	3.69479e-07
3662	2.00874e-07
3663	3.73566e-07
3664	3.97422e-07
3665	1.88593e-07
3666	3.72633e-07
3667	3.78222e-07
3668	4.14187e-07
3669	2.13342e-07
3670	3.92192e-07
3671	4.00239e-07
3672	1.90731e-07
3673	3.6469e-07
3674	3.85881e-07
3675	2.04181e-07
3676	3.77127e-07
3677	4.08249e-07
3678	2.08893e-07
3679	3.93394e-07
3680	4.02813e-07
3681	1.93277e-07
3682	3.73653e-07
3683	4.05857e-07
3684	2.15759e-07
3685	3.93852e-07
3686	4.13459e-07
3687	2.00962e-07
3688	3.98839e-07
3689	4.1786e-07
3690	2.01214e-07
3691	3.86405e-07
3692	4.10328e-07
3693	2.1426e-07
3694	3.99676e-07
3695	1.98419e-07
3696	3.59184e-07
3697	4.10075e-07
3698	2.17252e-07
3699	2.00636e-07
3700	3.67344e-07
3701	3.77028e-07
3702	2.02216e-07
3703	3.94524e-07
3704	2.00363e-07
3705	1.86987e-07
3706	3.83274e-07
3707	4.17306e-07
3708	2.1204e-07
3709	3.84092e-07
3710	1.84894e-07
3711	4.10395e-07
3712	2.02854e-07
3713	4.12928e-07
3714	1.91586e-07
3715	3.53059e-07
3716	4.05122e-07
3717	2.1687e-07
3718	2.07873e-07
3719	3.69436e-07
3720	3.8123e-07
3721	1.89839e-07
3722	3.76042e-07
3723	1.92239e-07
3724	1.89143e-07
3725	3.65601e-07
3726	4.08779e-07
3727	2.05907e-07
3728	3.79564e-07
3729	4.17593e-07
3730	2.02089e-07
3731	1.84932e-07
3732	3.56523e-07
3733	3.67076e-07
3734	4.21154e-07
3735	2.14271e-07
3736	4.20015e-07
3737	1.68886e-07
3738	3.83944e-07
3739	3.88873e-07
3740	1.82943e-07
3741	3.5538e-07
3742	3.95002e-07
3743	2.04755e-07
3744	3.8257e-07
3745	3.98604e-07
3746	1.70797e-07
3747	3.50512e-07
3748	3.77854e-07
3749	1.93344e-07
3750	3.57684e-07
3751	3.8015e-07
3752	1.66816e-07
3753	3.88161e-07
3754	3.91656e-07
3755	3.99263e-07
3756	4.13849e-07
3757	4.21934e-07
3758	1.56137e-07
3759	3.59389e-07
3760	3.50299e-07
3761	3.72293e-07
3762	4.12273e-07
3763	1.66437e-07
3764	3.62654e-07
3765	3.34778e-07
3766	3.38149e-07
3767	3.6364e-07
3768	4.04804e-07
3769	1.61785e-07
3770	3.48889e-07
3771	3.18324e-07
3772	3.21501e-07
3773	3.45875e-07
3774	3.87682e-07
3775	4.11893e-07
3776	4.07787e-07
3777	3.69891e-07
3778	3.28344e-07
3779	2.96977e-07
3780	3.13889e-07
3781	3.58814e-07
3782	3.96316e-07
3783	3.98697e-07
3784	3.76105e-07
3785	3.19322e-07
3786	2.76472e-07
3787	2.7281e-07
3788	3.20399e-07
3789	3.7258e-07
3790	3.92822e-07
3791	3.7328e-07
3792	3.3347e-07
3793	2.6845e-07
3794	2.40579e-07
3795	2.71599e-07
3796	3.36055e-07
3797	3.7804e-07
3798	3.75104e-07
3799	3.39725e-07
3800	2.88734e-07
3801	2.27957e-07
3802	2.33697e-07
3803	2.85161e-07
3804	3.45653e-07
3805	3.65329e-07
3806	3.42578e-07
3807	3.02651e-07
3808	2.48324e-07
3809	2.12049e-07
3810	2.40979e-07
3811	2.9801e-07
3812	3.41815e-07
3813	3.40216e-07
3814	3.07783e-07
3815	2.68591e-07
3816	2.18611e-07
3817	2.07825e-07
3818	2.50361e-07
3819	3.02203e-07
3820	3.28702e-07
3821	3.12515e-07
3822	2.77256e-07
3823	2.43929e-07
3824	2.01417e-07
3825	2.05979e-07
3826	2.53336e-07
3827	2.97579e-07
3828	3.12003e-07
3829	2.89249e-07
3830	2.55534e-07
3831	2.2569e-07
3832	1.90683e-07
3833	2.04063e-07
3834	2.53206e-07
3835	2.913e-07
3836	2.9941e-07
3837	2.74353e-07
3838	2.40827e-07
3839	2.1146e-07
3840	1.89964e-07
3841	1.98336e-07
3842	2.46266e-07
3843	2.82447e-07
3844	2.91454e-07
3845	2.67429e-07
3846	2.34358e-07
3847	2.06509e-07
3848	1.87183e-07
3849	1.94025e-07
3850	2.40587e-07
3851	2.78283e-07
3852	2.93329e-07
3853	2.75754e-07
3854	2.43563e-07
3855	2.11341e-07
3856	1.92337e-07
3857	1.93557e-07
3858	2.38068e-07
3859	2.77746e-07
3860	2.98459e-07
3861	2.88519e-07
3862	2.59039e-07
3863	2.24755e-07
3864	2.02808e-07
3865	1.94856e-07
3866	2.34752e-07
3867	2.7565e-07
3868	3.02472e-07
3869	3.00481e-07
3870	2.77871e-07
3871	2.45212e-07
3872	2.24025e-07
3873	2.05265e-07
3874	2.28879e-07
3875	2.62297e-07
3876	2.92792e-07
3877	3.02738e-07
3878	2.92455e-07
3879	2.66046e-07
3880	2.37304e-07
3881	2.15141e-07
3882	2.15767e-07
3883	2.4227e-07
3884	2.79892e-07
3885	3.03014e-07
3886	3.05719e-07
3887	2.8671e-07
3888	2.5726e-07
3889	2.30928e-07
3890	2.18058e-07
3891	2.35945e-07
3892	2.74636e-07
3893	3.04491e-07
3894	3.15433e-07
3895	3.04768e-07
3896	2.79776e-07
3897	2.45552e-07
3898	2.21175e-07
3899	2.34121e-07
3900	2.74625e-07
3901	3.11561e-07
3902	3.28409e-07
3903	3.22152e-07
3904	2.98408e-07
3905	2.56583e-07
3906	2.47664e-07
3907	2.49303e-07
3908	2.75163e-07
3909	3.02882e-07
3910	3.18475e-07
3911	3.16364e-07
3912	3.00706e-07
3913	2.76785e-07
3914	2.58522e-07
3915	2.47521e-07
3916	2.64688e-07
3917	2.94359e-07
3918	3.17986e-07
3919	3.26238e-07
3920	3.1636e-07
3921	2.88149e-07
3922	2.54813e-07
3923	2.45603e-07
3924	2.7026e-07
3925	3.08663e-07
3926	3.36046e-07
3927	3.42577e-07
3928	3.27253e-07
3929	2.88093e-07
3930	2.45258e-07
3931	2.44118e-07
3932	2.85156e-07
3933	3.32482e-07
3934	3.56674e-07
3935	3.56783e-07
3936	3.30101e-07
3937	2.73555e-07
3938	2.51117e-07
3939	2.55348e-07
3940	2.96318e-07
3941	3.36945e-07
3942	3.53023e-07
3943	3.46554e-07
3944	3.14042e-07
3945	2.90859e-07
3946	2.48549e-07
3947	2.57659e-07
3948	2.98916e-07
3949	3.36493e-07
3950	3.49722e-07
3951	3.425e-07
3952	3.09742e-07
3953	2.80732e-07
3954	2.42603e-07
3955	2.57032e-07
3956	3.01388e-07
3957	3.37632e-07
3958	3.47286e-07
3959	3.37174e-07
3960	2.97333e-07
3961	2.72299e-07
3962	2.38966e-07
3963	2.58807e-07
3964	3.03492e-07
3965	3.3461e-07
3966	3.39283e-07
3967	3.26383e-07
3968	2.83587e-07
3969	2.60112e-07
3970	2.33914e-07
3971	2.59116e-07
3972	3.0245e-07
3973	3.28253e-07
3974	3.28086e-07
3975	3.11998e-07
3976	2.66129e-07
3977	2.4632e-07
3978	2.29973e-07
3979	2.59031e-07
3980	2.98258e-07
3981	3.17296e-07
3982	3.11874e-07
3983	2.92298e-07
3984	2.45667e-07
3985	2.3149e-07
3986	2.27892e-07
3987	2.59773e-07
3988	2.91779e-07
3989	3.01784e-07
3990	2.89715e-07
3991	2.65716e-07
3992	2.2286e-07
3993	2.17809e-07
3994	2.30119e-07
3995	2.63041e-07
3996	2.8379e-07
3997	2.82315e-07
3998	2.60117e-07
3999	2.29558e-07
4000	2.04027e-07
4001	2.04103e-07
4002	2.32608e-07
4003	2.6423e-07
4004	2.74998e-07
4005	2.65452e-07
4006	2.27223e-07
4007	2.14094e-07
4008	1.88026e-07
4009	2.00876e-07
4010	2.33721e-07
4011	2.57724e-07
4012	2.58018e-07
4013	2.44492e-07
4014	2.05001e-07
4015	1.88868e-07
4016	1.75088e-07
4017	1.9893e-07
4018	2.31514e-07
4019	2.46429e-07
4020	2.37907e-07
4021	2.1985e-07
4022	1.83837e-07
4023	1.58429e-07
4024	1.64788e-07
4025	1.99924e-07
4026	2.30905e-07
4027	2.37527e-07
4028	2.20098e-07
4029	1.94246e-07
4030	1.53176e-07
4031	1.44762e-07
4032	1.68964e-07
4033	2.07867e-07
4034	2.28307e-07
4035	2.21489e-07
4036	1.97995e-07
4037	1.67197e-07
4038	1.33916e-07
4039	1.43451e-07
4040	1.76438e-07
4041	2.09699e-07
4042	2.16399e-07
4043	2.00242e-07
4044	1.74934e-07
4045	1.44304e-07
4046	1.27477e-07
4047	1.47798e-07
4048	1.81115e-07
4049	2.03886e-07
4050	1.99483e-07
4051	1.79913e-07
4052	1.55339e-07
4053	1.28316e-07
4054	1.25123e-07
4055	1.51408e-07
4056	1.80777e-07
4057	1.94184e-07
4058	1.82812e-07
4059	1.62385e-07
4060	1.42255e-07
4061	1.19362e-07
4062	1.23759e-07
4063	1.51756e-07
4064	1.76402e-07
4065	1.83549e-07
4066	1.69632e-07
4067	1.50548e-07
4068	1.3168e-07
4069	1.13565e-07
4070	1.22128e-07
4071	1.50889e-07
4072	1.72517e-07
4073	1.76763e-07
4074	1.61923e-07
4075	1.42589e-07
4076	1.25191e-07
4077	1.11044e-07
4078	1.20408e-07
4079	1.49062e-07
4080	1.6982e-07
4081	1.74281e-07
4082	1.59787e-07
4083	1.40695e-07
4084	1.23021e-07
4085	1.12421e-07
4086	1.18348e-07
4087	1.46306e-07
4088	1.67847e-07
4089	1.75738e-07
4090	1.64944e-07
4091	1.46173e-07
4092	1.26745e-07
4093	1.16739e-07
4094	1.16529e-07
4095	1.42749e-07
4096	1.65815e-07
4097	1.77841e-07
4098	1.72356e-07
4099	1.55297e-07
4100	1.34974e-07
4101	1.22934e-07
4102	1.16809e-07
4103	1.39687e-07
4104	1.63339e-07
4105	1.79443e-07
4106	1.78983e-07
4107	1.66225e-07
4108	1.47263e-07
4109	1.34901e-07
4110	1.23035e-07
4111	1.35901e-07
4112	1.54975e-07
4113	1.73466e-07
4114	1.80038e-07
4115	1.74714e-07
4116	1.59802e-07
4117	1.43425e-07
4118	1.29306e-07
4119	1.2872e-07
4120	1.43429e-07
4121	1.65831e-07
4122	1.79973e-07
4123	1.82385e-07
4124	1.7218e-07
4125	1.555e-07
4126	1.38579e-07
4127	1.30247e-07
4128	1.39929e-07
4129	1.62739e-07
4130	1.80973e-07
4131	1.88279e-07
4132	1.82822e-07
4133	1.67957e-07
4134	1.46386e-07
4135	1.42462e-07
4136	1.44235e-07
4137	1.59703e-07
4138	1.75111e-07
4139	1.84052e-07
4140	1.82696e-07
4141	1.72979e-07
4142	1.5957e-07
4143	1.50508e-07
4144	1.4498e-07
4145	1.54642e-07
4146	1.69617e-07
4147	1.82536e-07
4148	1.86191e-07
4149	1.80873e-07
4150	1.6886e-07
4151	1.58916e-07
4152	1.48098e-07
4153	1.52978e-07
4154	1.68807e-07
4155	1.85234e-07
4156	1.93496e-07
4157	1.90749e-07
4158	1.76678e-07
4159	1.55622e-07
4160	1.46319e-07
4161	1.56882e-07
4162	1.79462e-07
4163	1.98428e-07
4164	2.04726e-07
4165	1.97157e-07
4166	1.77049e-07
4167	1.50758e-07
4168	1.46122e-07
4169	1.65826e-07
4170	1.93264e-07
4171	2.10466e-07
4172	2.13037e-07
4173	1.98822e-07
4174	1.67916e-07
4175	1.53267e-07
4176	1.50766e-07
4177	1.71576e-07
4178	1.96954e-07
4179	2.10293e-07
4180	2.09221e-07
4181	1.93449e-07
4182	1.78578e-07
4183	1.50314e-07
4184	1.51778e-07
4185	1.74273e-07
4186	1.98446e-07
4187	2.09501e-07
4188	2.07362e-07
4189	1.90178e-07
4190	1.71841e-07
4191	1.4637e-07
4192	1.52225e-07
4193	1.77717e-07
4194	2.00916e-07
4195	2.08773e-07
4196	2.04156e-07
4197	1.81449e-07
4198	1.65826e-07
4199	1.43623e-07
4200	1.53726e-07
4201	1.80573e-07
4202	2.0055e-07
4203	2.04591e-07
4204	1.97926e-07
4205	1.72674e-07
4206	1.57984e-07
4207	1.40138e-07
4208	1.54175e-07
4209	1.81072e-07
4210	1.97835e-07
4211	1.98347e-07
4212	1.89863e-07
4213	1.62178e-07
4214	1.49642e-07
4215	1.3741e-07
4216	1.54179e-07
4217	1.79209e-07
4218	1.92052e-07
4219	1.89309e-07
4220	1.78954e-07
4221	1.50259e-07
4222	1.4054e-07
4223	1.35424e-07
4224	1.54021e-07
4225	1.75477e-07
4226	1.83512e-07
4227	1.7719e-07
4228	1.6459e-07
4229	1.36979e-07
4230	1.318e-07
4231	1.35388e-07
4232	1.55e-07
4233	1.70528e-07
4234	1.72501e-07
4235	1.61093e-07
4236	1.45929e-07
4237	1.23069e-07
4238	1.24836e-07
4239	1.39352e-07
4240	1.57619e-07
4241	1.64449e-07
4242	1.58979e-07
4243	1.4074e-07
4244	1.23316e-07
4245	1.12409e-07
4246	1.22188e-07
4247	1.42845e-07
4248	1.57166e-07
4249	1.56036e-07
4250	1.44411e-07
4251	1.25199e-07
4252	1.07195e-07
4253	1.05056e-07
4254	1.24744e-07
4255	1.46382e-07
4256	1.54413e-07
4257	1.4636e-07
4258	1.32913e-07
4259	1.0639e-07
4260	9.42265e-08
4261	1.04019e-07
4262	1.28853e-07
4263	1.46882e-07
4264	1.47517e-07
4265	1.34183e-07
4266	1.17515e-07
4267	9.24867e-08
4268	9.01524e-08
4269	1.06447e-07
4270	1.2982e-07
4271	1.4068e-07
4272	1.35152e-07
4273	1.19816e-07
4274	1.02719e-07
4275	8.30163e-08
4276	8.94002e-08
4277	1.08611e-07
4278	1.27586e-07
4279	1.3126e-07
4280	1.2175e-07
4281	1.05658e-07
4282	8.92435e-08
4283	7.90793e-08
4284	9.08347e-08
4285	1.10185e-07
4286	1.2314e-07
4287	1.20624e-07
4288	1.09405e-07
4289	9.37748e-08
4290	7.96554e-08
4291	7.69099e-08
4292	9.21898e-08
4293	1.09514e-07
4294	1.17421e-07
4295	1.10988e-07
4296	9.931e-08
4297	8.53746e-08
4298	7.395e-08
4299	7.56777e-08
4300	9.21818e-08
4301	1.07193e-07
4302	1.11632e-07
4303	1.03678e-07
4304	9.23805e-08
4305	7.98677e-08
4306	7.09349e-08
4307	7.46652e-08
4308	9.16321e-08
4309	1.04641e-07
4310	1.07469e-07
4311	9.92717e-08
4312	8.7723e-08
4313	7.57935e-08
4314	7.15279e-08
4315	7.17463e-08
4316	8.8336e-08
4317	1.01418e-07
4318	1.04896e-07
4319	9.73859e-08
4320	8.61382e-08
4321	7.46555e-08
4322	7.13413e-08
4323	6.99163e-08
4324	8.57372e-08
4325	9.9011e-08
4326	1.04805e-07
4327	1.00339e-07
4328	8.96232e-08
4329	7.7048e-08
4330	7.27679e-08
4331	6.97256e-08
4332	8.45719e-08
4333	9.84724e-08
4334	1.06361e-07
4335	1.04598e-07
4336	9.52669e-08
4337	8.24766e-08
4338	7.64634e-08
4339	7.15396e-08
4340	8.4223e-08
4341	9.74933e-08
4342	1.06863e-07
4343	1.07608e-07
4344	1.00971e-07
4345	9.00463e-08
4346	8.07083e-08
4347	7.21345e-08
4348	8.18379e-08
4349	9.45374e-08
4350	1.06515e-07
4351	1.10527e-07
4352	1.06976e-07
4353	9.70695e-08
4354	8.62507e-08
4355	8.11485e-08
4356	8.28511e-08
4357	8.96331e-08
4358	1.00574e-07
4359	1.06971e-07
4360	1.08024e-07
4361	1.02575e-07
4362	9.42294e-08
4363	8.47744e-08
4364	8.43755e-08
4365	8.71944e-08
4366	9.61305e-08
4367	1.03145e-07
4368	1.06881e-07
4369	1.05169e-07
4370	9.88954e-08
4371	9.26478e-08
4372	9.04371e-08
4373	8.9541e-08
4374	9.43881e-08
4375	9.99276e-08
4376	1.04681e-07
4377	1.05958e-07
4378	1.03382e-07
4379	9.92198e-08
4380	9.53485e-08
4381	9.13319e-08
4382	9.43494e-08
4383	9.98958e-08
4384	1.05335e-07
4385	1.07909e-07
4386	1.06605e-07
4387	1.03306e-07
4388	9.94556e-08
4389	9.43249e-08
4390	9.43298e-08
4391	1.0013e-07
4392	1.0714e-07
4393	1.11216e-07
4394	1.10945e-07
4395	1.07116e-07
4396	9.80519e-08
4397	9.30663e-08
4398	9.53253e-08
4399	1.04135e-07
4400	1.13398e-07
4401	1.18799e-07
4402	1.15487e-07
4403	1.06332e-07
4404	9.43831e-08
4405	9.16794e-08
4406	9.94001e-08
4407	1.12708e-07
4408	1.22119e-07
4409	1.23916e-07
4410	1.19194e-07
4411	1.07473e-07
4412	9.22677e-08
4413	9.13736e-08
4414	1.03348e-07
4415	1.18705e-07
4416	1.27566e-07
4417	1.27756e-07
4418	1.16894e-07
4419	1.0969e-07
4420	9.15561e-08
4421	9.23367e-08
4422	1.05573e-07
4423	1.20213e-07
4424	1.27266e-07
4425	1.26356e-07
4426	1.16578e-07
4427	1.05345e-07
4428	8.92213e-08
4429	9.19651e-08
4430	1.06753e-07
4431	1.21163e-07
4432	1.26734e-07
4433	1.24506e-07
4434	1.11086e-07
4435	1.02415e-07
4436	8.81427e-08
4437	9.3122e-08
4438	1.08357e-07
4439	1.20596e-07
4440	1.23697e-07
4441	1.20457e-07
4442	1.05766e-07
4443	9.74305e-08
4444	8.58857e-08
4445	9.3195e-08
4446	1.08743e-07
4447	1.19117e-07
4448	1.19835e-07
4449	1.15634e-07
4450	9.93719e-08
4451	9.24863e-08
4452	8.4172e-08
4453	9.32366e-08
4454	1.07927e-07
4455	1.15966e-07
4456	1.14448e-07
4457	1.09263e-07
4458	9.23662e-08
4459	8.70581e-08
4460	8.2615e-08
4461	9.28378e-08
4462	1.05831e-07
4463	1.1132e-07
4464	1.07651e-07
4465	1.01385e-07
4466	8.48167e-08
4467	8.16663e-08
4468	8.16699e-08
4469	9.26874e-08
4470	1.02742e-07
4471	1.05205e-07
4472	9.88766e-08
4473	9.16097e-08
4474	7.69678e-08
4475	7.6846e-08
4476	8.25972e-08
4477	9.32367e-08
4478	9.878e-08
4479	9.7473e-08
4480	8.76272e-08
4481	7.99345e-08
4482	6.98471e-08
4483	7.37202e-08
4484	8.10738e-08
4485	8.97581e-08
4486	9.23792e-08
4487	8.77571e-08
4488	7.57111e-08
4489	6.89844e-08
4490	6.57197e-08
4491	7.26273e-08
4492	8.07911e-08
4493	8.61062e-08
4494	8.30754e-08
4495	7.74843e-08
4496	6.55865e-08
4497	6.1178e-08
4498	6.14099e-08
4499	7.11045e-08
4500	8.00137e-08
4501	8.25985e-08
4502	7.54808e-08
4503	6.8526e-08
4504	5.54433e-08
4505	5.45707e-08
4506	6.12262e-08
4507	7.21278e-08
4508	7.828e-08
4509	7.702e-08
4510	6.7287e-08
4511	5.99827e-08
4512	4.93159e-08
4513	5.30428e-08
4514	6.30236e-08
4515	7.24764e-08
4516	7.45436e-08
4517	7.04051e-08
4518	5.97693e-08
4519	5.28198e-08
4520	4.67719e-08
4521	5.33706e-08
4522	6.43079e-08
4523	7.12559e-08
4524	6.98918e-08
4525	6.43817e-08
4526	5.36924e-08
4527	4.80706e-08
4528	4.58434e-08
4529	5.40445e-08
4530	6.42009e-08
4531	6.88797e-08
4532	6.52173e-08
4533	5.89674e-08
4534	4.98746e-08
4535	4.59204e-08
4536	4.18107e-07
4537	7.18877e-08
4538	8.01758e-08
4539	7.47475e-08
4540	6.7313e-08
4541	5.82133e-08
4542	4.1847e-07
4543	6.14986e-08
4544	5.8631e-08
4545	5.82421e-08
4546	6.19081e-08
4547	4.17524e-07
4548	8.14478e-08
4549	7.56315e-08
4550	5.76917e-08
4551	5.25611e-08
4552	4.08864e-07
4553	6.14735e-08
4554	6.73568e-08
4555	4.15635e-07
4556	1.02234e-07
4557	9.16627e-08
4558	6.87357e-08
4559	5.94121e-08
4560	4.03927e-07
4561	6.52013e-08
4562	6.79337e-08
4563	4.08174e-07
4564	1.09784e-07
4565	1.01541e-07
4566	7.7693e-08
4567	6.74058e-08
4568	4.04162e-07
4569	7.43989e-08
4570	6.35302e-08
4571	3.95973e-07
4572	1.03025e-07
4573	1.00165e-07
4574	7.93286e-08
4575	6.95729e-08
4576	4.05488e-07
4577	8.67968e-08
4578	7.25905e-08
4579	3.95913e-07
4580	9.51568e-08
4581	9.14043e-08
4582	4.08662e-07
4583	1.01838e-07
4584	8.97492e-08
4585	6.92375e-08
4586	5.91014e-08
4587	3.99332e-07
4588	7.66034e-08
4589	7.81812e-08
4590	4.00217e-07
4591	1.14342e-07
4592	1.02134e-07
4593	7.75583e-08
4594	6.62887e-08
4595	4.14342e-07
4596	7.66248e-08
4597	7.33908e-08
4598	4.08022e-07
4599	1.10231e-07
4600	1.0509e-07
4601	8.39486e-08
4602	7.3544e-08
4603	6.39016e-08
4604	4.06308e-07
4605	7.98987e-08
4606	8.17947e-08
4607	4.20144e-07
4608	1.18189e-07
4609	1.1138e-07
4610	8.64119e-08
4611	7.02936e-08
4612	5.65712e-08
4613	4.18387e-07
4614	8.64711e-08
4615	9.5009e-08
4616	9.29576e-08
4617	9.06589e-08
4618	8.03692e-08
4619	7.10123e-08
4620	6.02157e-08
4621	5.73288e-08
4622	4.13671e-07
4623	9.36497e-08
4624	1.00987e-07
4625	9.16849e-08
4626	8.36629e-08
4627	7.31421e-08
4628	5.84838e-08
4629	5.30654e-08
4630	5.8424e-08
4631	6.94123e-08
4632	7.84816e-08
4633	8.11243e-08
4634	7.84937e-08
4635	7.27335e-08
4636	6.2472e-08
4637	5.54345e-08
4638	5.47435e-08
4639	6.23869e-08
4640	7.13403e-08
4641	7.7473e-08
4642	7.7193e-08
4643	7.2637e-08
4644	6.52765e-08
4645	5.97837e-08
4646	5.51646e-08
4647	5.94496e-08
4648	6.77118e-08
4649	7.48961e-08
4650	7.59627e-08
4651	7.27142e-08
4652	6.68514e-08
4653	6.16472e-08
4654	5.60032e-08
4655	5.76475e-08
4656	6.49796e-08
4657	7.26077e-08
4658	7.50172e-08
4659	7.3342e-08
4660	6.98153e-08
4661	6.14606e-08
4662	5.50252e-08
4663	5.66005e-08
4664	6.39812e-08
4665	7.20875e-08
4666	7.48185e-08
4667	7.2931e-08
4668	6.7981e-08
4669	6.18843e-08
4670	5.5626e-08
4671	5.6998e-08
4672	6.39434e-08
4673	7.14332e-08
4674	7.36355e-08
4675	7.16309e-08
4676	6.72476e-08
4677	6.01314e-08
4678	5.46019e-08
4679	5.61505e-08
4680	6.34718e-08
4681	7.08548e-08
4682	7.28931e-08
4683	7.0274e-08
4684	6.54108e-08
4685	5.8401e-08
4686	5.34099e-08
4687	5.53922e-08
4688	6.29262e-08
4689	6.99218e-08
4690	7.15256e-08
4691	6.83099e-08
4692	6.32635e-08
4693	5.61233e-08
4694	5.1928e-08
4695	5.4496e-08
4696	6.20392e-08
4697	6.85807e-08
4698	6.96905e-08
4699	6.58656e-08
4700	6.06365e-08
4701	5.35375e-08
4702	5.0347e-08
4703	5.30635e-08
4704	6.05405e-08
4705	6.66153e-08
4706	6.74511e-08
4707	6.31799e-08
4708	5.70536e-08
4709	5.21183e-08
4710	4.91957e-08
4711	4.1982e-07
4712	7.97085e-08
4713	8.88022e-08
4714	8.02889e-08
4715	6.905e-08
4716	5.3825e-08
4717	4.51485e-08
4718	4.48614e-08
4719	4.19881e-07
4720	9.17154e-08
4721	9.86575e-08
4722	8.48759e-08
4723	7.14113e-08
4724	6.00496e-08
4725	4.53949e-08
4726	4.64165e-08
4727	4.16922e-07
4728	9.4648e-08
4729	9.98153e-08
4730	8.50987e-08
4731	7.29607e-08
4732	6.50489e-08
4733	4.20647e-07
4734	6.61202e-08
4735	6.2532e-08
4736	6.39018e-08
4737	7.18568e-08
4738	6.60757e-08
4739	4.12065e-07
4740	6.89577e-08
4741	6.43944e-08
4742	4.17188e-07
4743	7.52222e-08
4744	7.05742e-08
4745	5.3871e-08
4746	5.07015e-08
4747	3.96521e-07
4748	5.49156e-08
4749	5.78593e-08
4750	3.93754e-07
4751	8.16186e-08
4752	7.54569e-08
4753	4.11546e-07
4754	7.34713e-08
4755	6.42737e-08
4756	3.9969e-07
4757	6.17782e-08
4758	5.79387e-08
4759	3.89901e-07
4760	7.34098e-08
4761	7.41061e-08
4762	3.96511e-07
4763	7.76787e-08
4764	7.09816e-08
4765	3.93849e-07
4766	6.24728e-08
4767	5.41434e-08
4768	3.71186e-07
4769	6.5518e-08
4770	6.35598e-08
4771	3.64138e-07
4772	7.02758e-08
4773	6.44466e-08
4774	3.66851e-07
4775	6.35627e-08
4776	5.76588e-08
4777	3.53796e-07
4778	5.99334e-08
4779	4.2104e-07
4780	4.17603e-07
4781	1.01689e-07
4782	7.58547e-08
4783	4.11953e-07
4784	7.30898e-08
4785	5.97906e-08
4786	3.6109e-07
4787	6.60857e-08
4788	6.22964e-08
4789	3.42469e-07
4790	7.98584e-08
4791	4.19479e-07
4792	4.2072e-07
4793	1.20723e-07
4794	4.21499e-07
4795	9.31713e-08
4796	6.9925e-08
4797	3.71127e-07
4798	8.06765e-08
4799	4.20091e-07
4800	4.21036e-07
4801	9.32777e-08
4802	7.51594e-08
4803	3.90557e-07
4804	9.27569e-08
4805	8.16055e-08
4806	3.57969e-07
4807	8.36798e-08
4808	4.21504e-07
4809	4.14696e-07
4810	1.05824e-07
4811	4.04173e-07
4812	7.92122e-08
4813	6.41925e-08
4814	3.56331e-07
4815	7.47822e-08
4816	4.03708e-07
4817	3.8746e-07
4818	1.04499e-07
4819	3.90958e-07
4820	9.54402e-08
4821	7.34935e-08
4822	3.48598e-07
4823	4.1348e-07
4824	9.36526e-08
4825	4.03128e-07
4826	4.16301e-07
4827	1.08747e-07
4828	8.29227e-08
4829	3.93229e-07
4830	8.1719e-08
4831	7.30768e-08
4832	3.36782e-07
4833	7.4209e-08
4834	4.12706e-07
4835	4.00074e-07
4836	1.12118e-07
4837	4.03683e-07
4838	1.09742e-07
4839	8.10348e-08
4840	3.7327e-07
4841	8.41545e-08
4842	4.16295e-07
4843	4.03706e-07
4844	1.07971e-07
4845	4.00148e-07
4846	9.10462e-08
4847	7.93259e-08
4848	3.62817e-07
4849	8.28617e-08
4850	4.20546e-07
4851	4.09598e-07
4852	1.21093e-07
4853	8.72542e-08
4854	4.10976e-07
4855	8.31671e-08
4856	7.16902e-08
4857	3.53193e-07
4858	7.95363e-08
4859	7.26886e-08
4860	3.43032e-07
4861	8.75507e-08
4862	8.20736e-08
4863	3.5316e-07
4864	9.39683e-08
4865	7.84448e-08
4866	3.53803e-07
4867	7.56645e-08
4868	4.19126e-07
4869	4.09651e-07
4870	1.18647e-07
4871	8.99774e-08
4872	6.42317e-08
4873	4.14196e-07
4874	7.80586e-08
4875	6.29034e-08
4876	3.62204e-07
4877	1.00522e-07
4878	9.68722e-08
4879	3.68874e-07
4880	1.00189e-07
4881	8.65988e-08
4882	3.83534e-07
4883	8.51716e-08
4884	7.91615e-08
4885	3.71741e-07
4886	7.68141e-08
4887	7.19227e-08
4888	3.74279e-07
4889	9.77546e-08
4890	8.9784e-08
4891	3.79363e-07
4892	8.95068e-08
4893	7.73663e-08
4894	3.74535e-07
4895	7.52406e-08
4896	7.56366e-08
4897	3.75411e-07
4898	7.04935e-08
4899	6.60497e-08
4900	3.64416e-07
4901	7.87157e-08
4902	7.8539e-08
4903	3.70916e-07
4904	8.98362e-08
4905	7.98802e-08
4906	3.78117e-07
4907	7.31223e-08
4908	6.83628e-08
4909	3.69373e-07
4910	6.50998e-08
4911	6.25774e-08
4912	3.64665e-07
4913	7.36259e-08
4914	7.59174e-08
4915	3.72951e-07
4916	9.37497e-08
4917	8.38289e-08
4918	3.82611e-07
4919	7.64736e-08
4920	6.92485e-08
4921	3.71334e-07
4922	6.34012e-08
4923	6.04008e-08
4924	3.63806e-07
4925	7.08404e-08
4926	7.45707e-08
4927	3.71617e-07
4928	9.28242e-08
4929	8.30844e-08
4930	3.80503e-07
4931	7.77165e-08
4932	6.94024e-08
4933	3.7055e-07
4934	6.56111e-08
4935	6.22101e-08
4936	3.62909e-07
4937	6.65568e-08
4938	7.04129e-08
4939	3.64757e-07
4940	9.10329e-08
4941	8.23458e-08
4942	3.72894e-07
4943	7.72575e-08
4944	6.92998e-08
4945	3.65621e-07
4946	6.56093e-08
4947	6.14642e-08
4948	3.56048e-07
4949	6.3999e-08
4950	6.78527e-08
4951	3.56978e-07
4952	8.91211e-08
4953	8.03317e-08
4954	3.64781e-07
4955	7.55988e-08
4956	6.6035e-08
4957	3.55299e-07
4958	4.20495e-07
4959	8.84295e-08
4960	8.09566e-08
4961	4.03922e-07
4962	6.88073e-08
4963	6.69207e-08
4964	3.66166e-07
4965	8.81172e-08
4966	7.94699e-08
4967	3.63248e-07
4968	7.51715e-08
4969	6.73041e-08
4970	3.43715e-07
4971	4.17791e-07
4972	1.02878e-07
4973	9.68591e-08
4974	4.12243e-07
4975	8.56715e-08
4976	7.89992e-08
4977	3.70042e-07
4978	9.6642e-08
4979	8.2088e-08
4980	3.57667e-07
4981	8.51231e-08
4982	7.52235e-08
4983	3.39321e-07
4984	9.18852e-08
4985	4.08857e-07
4986	4.03961e-07
4987	1.16185e-07
4988	4.1245e-07
4989	8.58274e-08
4990	6.62595e-08
4991	3.6513e-07
4992	6.98636e-08
4993	4.13582e-07
4994	3.98937e-07
4995	9.95682e-08
4996	3.97684e-07
4997	7.81854e-08
4998	6.17306e-08
4999	3.43604e-07
5000	4.11392e-07
