1	1
2	0.633186
3	0.237956
4	0.0756072
5	0.266165
6	0.227154
7	0.157013
8	0.1773
9	0.0583604
10	0.0743142
11	0.104576
12	0.0369281
13	0.0631814
14	0.0541647
15	0.0213594
16	0.0368377
17	0.0302835
18	0.0172931
19	0.0238271
20	0.015579
21	0.0122474
22	0.0146484
23	0.00890845
24	0.00886734
25	0.0090812
26	0.0057043
27	0.00635218
28	0.00575504
29	0.00410798
30	0.00445823
31	0.00379896
32	0.00333437
33	0.00352948
34	0.0029766
35	0.00278565
36	0.00279835
37	0.0025129
38	0.00247861
39	0.00240971
40	0.00226858
41	0.00225222
42	0.00219595
43	0.0021321
44	0.0021034
45	0.00206767
46	0.0020498
47	0.00204085
48	0.00201725
49	0.00198543
50	0.00195203
51	0.00192402
52	0.00190449
53	0.00189274
54	0.00187823
55	0.00185795
56	0.00183674
57	0.00181653
58	0.00180164
59	0.0017909
60	0.00178136
61	0.0017699
62	0.00175555
63	0.00173938
64	0.0017254
65	0.00171351
66	0.00170303
67	0.00169273
68	0.00168179
69	0.00167019
70	0.00165874
71	0.00164804
72	0.00163829
73	0.0016292
74	0.00162037
75	0.00161141
76	0.00160238
77	0.00159351
78	0.00158502
79	0.00157706
80	0.00156955
81	0.00156226
82	0.00155505
83	0.00154791
84	0.00154087
85	0.0015341
86	0.00152763
87	0.0015214
88	0.00151533
89	0.00150934
90	0.00150338
91	0.00149747
92	0.00149171
93	0.00148615
94	0.00148074
95	0.00147542
96	0.00147018
97	0.00146493
98	0.00145981
99	0.00145489
100	0.00144999
101	0.00144519
102	0.00144037
103	0.00143571
104	0.00143104
105	0.00142647
106	0.00142197
107	0.00141755
108	0.00141319
109	0.0014089
110	0.00140467
111	0.00140044
112	0.0013963
113	0.00139226
114	0.00138829
115	0.00138433
116	0.00138033
117	0.00137642
118	0.00137267
119	0.001369
120	0.00136522
121	0.00136147
122	0.00135782
123	0.00135428
124	0.00135071
125	0.00134719
126	0.00134376
127	0.00134029
128	0.00133687
129	0.00133353
130	0.00133017
131	0.00132687
132	0.00132356
133	0.00132034
134	0.00131708
135	0.00131387
136	0.00131063
137	0.00130746
138	0.00130428
139	0.00130116
140	0.00129802
141	0.00129494
142	0.00129185
143	0.00128872
144	0.00128572
145	0.00128268
146	0.0012797
147	0.00127668
148	0.00127361
149	0.00127065
150	0.00126771
151	0.0012647
152	0.00126177
153	0.00125883
154	0.00125585
155	0.00125297
156	0.00125009
157	0.00124716
158	0.00124429
159	0.00124142
160	0.00123853
161	0.00123561
162	0.0012328
163	0.00122998
164	0.00122711
165	0.0012242
166	0.00122139
167	0.00121859
168	0.00121575
169	0.00121285
170	0.00121002
171	0.00120719
172	0.00120434
173	0.00120144
174	0.00119861
175	0.00119577
176	0.0011929
177	0.00119
178	0.00118709
179	0.00118425
180	0.00118138
181	0.00117847
182	0.00117553
183	0.00117259
184	0.00116972
185	0.00116682
186	0.00116387
187	0.00116088
188	0.00115789
189	0.00115498
190	0.00115203
191	0.00114904
192	0.00114602
193	0.00114298
194	0.00114001
195	0.00113703
196	0.00113399
197	0.00113093
198	0.00112788
199	0.00112488
200	0.00112185
201	0.00111878
202	0.00111567
203	0.00111256
204	0.0011095
205	0.00110641
206	0.00110328
207	0.00110012
208	0.00109695
209	0.00109383
210	0.00109068
211	0.00108748
212	0.00108425
213	0.00108107
214	0.0010779
215	0.00107467
216	0.00107142
217	0.00106818
218	0.00106494
219	0.00106168
220	0.0010584
221	0.00105512
222	0.00105185
223	0.00104856
224	0.00104528
225	0.00104196
226	0.00103861
227	0.00103526
228	0.00103192
229	0.00102858
230	0.00102522
231	0.00102184
232	0.00101845
233	0.00101505
234	0.00101166
235	0.00100825
236	0.00100484
237	0.00100143
238	0.000998016
239	0.000994603
240	0.000991171
241	0.000987679
242	0.000984192
243	0.000980731
244	0.000977302
245	0.000973878
246	0.000970439
247	0.000966963
248	0.000963495
249	0.000960066
250	0.000956689
251	0.000953355
252	0.000950046
253	0.000946798
254	0.000943653
255	0.000940603
256	0.000937653
257	0.000934819
258	0.000932081
259	0.000929436
260	0.000926883
261	0.000924446
262	0.0009221
263	0.000919821
264	0.000917586
265	0.00091542
266	0.000913298
267	0.000911224
268	0.000909182
269	0.000907195
270	0.000905238
271	0.00090332
272	0.000901431
273	0.000899586
274	0.000897764
275	0.000895989
276	0.000894182
277	0.00089248
278	0.000890782
279	0.000889079
280	0.000887369
281	0.000885711
282	0.000884077
283	0.000882472
284	0.000880853
285	0.000879245
286	0.000877637
287	0.000876064
288	0.000874492
289	0.000872928
290	0.000871346
291	0.000869768
292	0.000868212
293	0.000866666
294	0.000865084
295	0.00086351
296	0.000861931
297	0.000860366
298	0.000858794
299	0.000857223
300	0.000855638
301	0.000854044
302	0.000852445
303	0.000850859
304	0.00084924
305	0.000847638
306	0.000846011
307	0.000844368
308	0.000842726
309	0.000841098
310	0.000839441
311	0.000837794
312	0.000836123
313	0.000834459
314	0.000832789
315	0.000831121
316	0.000829425
317	0.000827751
318	0.000826068
319	0.000824382
320	0.000822672
321	0.000820967
322	0.00081923
323	0.000817523
324	0.0008158
325	0.000814066
326	0.000812315
327	0.000810572
328	0.000808814
329	0.00080708
330	0.000805311
331	0.000803534
332	0.00080175
333	0.000799988
334	0.0007982
335	0.00079643
336	0.000794641
337	0.000792853
338	0.000791066
339	0.000789296
340	0.000787489
341	0.000785707
342	0.000783917
343	0.000782126
344	0.000780334
345	0.000778561
346	0.000776758
347	0.000774983
348	0.000773203
349	0.00077143
350	0.000769649
351	0.000767892
352	0.000766134
353	0.000764376
354	0.000762605
355	0.000760873
356	0.000759136
357	0.000757394
358	0.000755623
359	0.0007539
360	0.000752188
361	0.000750483
362	0.00074873
363	0.000747001
364	0.000745289
365	0.000743592
366	0.000741883
367	0.000740198
368	0.000738511
369	0.000736832
370	0.000735145
371	0.000733487
372	0.00073182
373	0.000730174
374	0.000728528
375	0.000726892
376	0.000725247
377	0.000723629
378	0.000721998
379	0.000720394
380	0.000718782
381	0.000717196
382	0.000715596
383	0.000714022
384	0.000712432
385	0.000710868
386	0.000709288
387	0.000707739
388	0.000706171
389	0.000704631
390	0.00070307
391	0.000701534
392	0.000699981
393	0.000698436
394	0.000696906
395	0.000695379
396	0.000693843
397	0.000692327
398	0.000690805
399	0.0006893
400	0.000687779
401	0.000686279
402	0.000684776
403	0.000683286
404	0.000681765
405	0.000680263
406	0.000678755
407	0.000677261
408	0.000675745
409	0.000674253
410	0.000672745
411	0.000671254
412	0.000669733
413	0.000668227
414	0.000666704
415	0.000665207
416	0.000663694
417	0.000662181
418	0.000660644
419	0.000659142
420	0.000657615
421	0.000656101
422	0.000654567
423	0.000653059
424	0.000651537
425	0.000650021
426	0.000648477
427	0.000646935
428	0.000645383
429	0.000643869
430	0.000642332
431	0.000640799
432	0.00063925
433	0.000637714
434	0.000636168
435	0.000634624
436	0.000633067
437	0.000631538
438	0.00062999
439	0.000628446
440	0.000626896
441	0.000625371
442	0.000623829
443	0.000622294
444	0.000620754
445	0.000619243
446	0.000617732
447	0.000616215
448	0.000614704
449	0.000613209
450	0.000611697
451	0.000610208
452	0.000608725
453	0.000607257
454	0.00060579
455	0.00060436
456	0.000602925
457	0.000601489
458	0.00060004
459	0.000598644
460	0.000597264
461	0.00059588
462	0.000594498
463	0.000593137
464	0.000591785
465	0.000590505
466	0.000589243
467	0.000587972
468	0.000586706
469	0.000585548
470	0.000584513
471	0.000583318
472	0.000582192
473	0.000580954
474	0.00057981
475	0.000578849
476	0.000577783
477	0.000576838
478	0.000575667
479	0.000574548
480	0.000573595
481	0.000572736
482	0.000571753
483	0.000570673
484	0.000569717
485	0.000568789
486	0.000567959
487	0.000567089
488	0.00056605
489	0.000565125
490	0.000564418
491	0.000563728
492	0.000562745
493	0.000561837
494	0.000560928
495	0.000560245
496	0.000559471
497	0.000558725
498	0.000557835
499	0.000557048
500	0.000556274
501	0.000555447
502	0.000554729
503	0.000554172
504	0.000553422
505	0.000552441
506	0.000551691
507	0.000551243
508	0.000550617
509	0.000549745
510	0.00054904
511	0.000548404
512	0.000547728
513	0.000547045
514	0.000546253
515	0.000545698
516	0.000545095
517	0.000544265
518	0.000543625
519	0.000543024
520	0.000542343
521	0.000541646
522	0.000540843
523	0.000540321
524	0.000539735
525	0.000539044
526	0.000538277
527	0.000537492
528	0.000536978
529	0.000536444
530	0.000535712
531	0.000534922
532	0.000534059
533	0.000533542
534	0.000532956
535	0.000532219
536	0.000531319
537	0.00053047
538	0.000529872
539	0.000529242
540	0.00052833
541	0.000527521
542	0.000526691
543	0.000525883
544	0.000525032
545	0.000524136
546	0.000523325
547	0.000522456
548	0.000521446
549	0.000520425
550	0.000519478
551	0.000518589
552	0.000517577
553	0.000516442
554	0.000515366
555	0.000514313
556	0.000513179
557	0.000511993
558	0.000510853
559	0.000509692
560	0.000508414
561	0.000507085
562	0.000505835
563	0.000504587
564	0.000503212
565	0.000501761
566	0.000500364
567	0.00049897
568	0.000497471
569	0.000495908
570	0.000494395
571	0.000492877
572	0.000491258
573	0.000489581
574	0.000487965
575	0.000486347
576	0.000484642
577	0.000482869
578	0.000481164
579	0.00047946
580	0.000477674
581	0.000475831
582	0.00047406
583	0.000472291
584	0.000470454
585	0.000468567
586	0.000466754
587	0.000464938
588	0.000463062
589	0.000461135
590	0.000459283
591	0.000457399
592	0.000455541
593	0.000453639
594	0.000451679
595	0.000449802
596	0.000447894
597	0.000446035
598	0.000444093
599	0.000442207
600	0.000440269
601	0.000438403
602	0.000436479
603	0.000434577
604	0.000432721
605	0.000430793
606	0.000428906
607	0.000426981
608	0.000425126
609	0.000423225
610	0.000421365
611	0.000419449
612	0.000417554
613	0.000415741
614	0.000413847
615	0.0004119
616	0.000410029
617	0.000408263
618	0.000406393
619	0.000404436
620	0.000402548
621	0.000400788
622	0.000398954
623	0.00039701
624	0.000395162
625	0.000393356
626	0.000391466
627	0.000389673
628	0.000387836
629	0.000385941
630	0.000384131
631	0.000382344
632	0.000380457
633	0.000378677
634	0.000376862
635	0.000375046
636	0.000373161
637	0.000371431
638	0.00036966
639	0.000367863
640	0.000365977
641	0.000364253
642	0.000362509
643	0.000360751
644	0.000358923
645	0.000357139
646	0.00035545
647	0.000353759
648	0.00035197
649	0.000350189
650	0.000348425
651	0.000346821
652	0.000345137
653	0.000343403
654	0.000341614
655	0.000339918
656	0.000338327
657	0.000336718
658	0.000334987
659	0.000333282
660	0.000331589
661	0.000330007
662	0.000328402
663	0.000326789
664	0.000325113
665	0.000323487
666	0.000321874
667	0.00032032
668	0.000318727
669	0.000317149
670	0.000315539
671	0.00031398
672	0.000312414
673	0.000310891
674	0.000309337
675	0.00030781
676	0.000306263
677	0.000304756
678	0.000303235
679	0.000301751
680	0.000300244
681	0.000298771
682	0.000297279
683	0.000295823
684	0.000294348
685	0.000292908
686	0.000291448
687	0.000290023
688	0.000288576
689	0.00028717
690	0.000285742
691	0.00028435
692	0.000282937
693	0.000281562
694	0.000280165
695	0.000278807
696	0.000277426
697	0.000276084
698	0.00027472
699	0.000273391
700	0.00027204
701	0.000270729
702	0.000269394
703	0.000268097
704	0.000266774
705	0.000265492
706	0.000264185
707	0.000262917
708	0.000261622
709	0.000260344
710	0.000259096
711	0.000257853
712	0.000256602
713	0.000255352
714	0.000254114
715	0.000252896
716	0.000251689
717	0.000250488
718	0.000249285
719	0.000248087
720	0.000246908
721	0.000245719
722	0.000244549
723	0.0002434
724	0.000242193
725	0.000241074
726	0.000239929
727	0.000238767
728	0.000237637
729	0.000236527
730	0.000235365
731	0.000234261
732	0.000233144
733	0.000232016
734	0.000230911
735	0.000229827
736	0.0002287
737	0.000227624
738	0.000226537
739	0.000225443
740	0.000224369
741	0.000223316
742	0.000222223
743	0.000221171
744	0.000220095
745	0.000219057
746	0.000217984
747	0.000216909
748	0.000215861
749	0.00021482
750	0.000213764
751	0.000212733
752	0.000211657
753	0.0002106
754	0.000209557
755	0.000208504
756	0.000207455
757	0.000206429
758	0.000205363
759	0.000204316
760	0.000203277
761	0.000202245
762	0.000201211
763	0.000200199
764	0.000199153
765	0.000198127
766	0.000197101
767	0.000196079
768	0.000195052
769	0.000194046
770	0.000193013
771	0.000192001
772	0.000190984
773	0.000189974
774	0.000188956
775	0.00018796
776	0.000186939
777	0.000185944
778	0.000184931
779	0.000183945
780	0.000182947
781	0.000181958
782	0.000180953
783	0.000179969
784	0.00017898
785	0.000178019
786	0.000177027
787	0.000176058
788	0.000175072
789	0.000174122
790	0.000173152
791	0.000172216
792	0.00017125
793	0.000170305
794	0.000169343
795	0.000168435
796	0.000167505
797	0.000166605
798	0.000165671
799	0.000164774
800	0.000163867
801	0.00016301
802	0.000162174
803	0.000161377
804	0.000160552
805	0.000159773
806	0.000158985
807	0.000158235
808	0.000157476
809	0.00015677
810	0.000156028
811	0.00015533
812	0.000154613
813	0.000153939
814	0.000153231
815	0.000152581
816	0.000151912
817	0.000151277
818	0.000150594
819	0.000149969
820	0.00014933
821	0.000148733
822	0.000148087
823	0.000147496
824	0.000146885
825	0.000146314
826	0.000145697
827	0.000145127
828	0.000144528
829	0.000143991
830	0.000143409
831	0.000142859
832	0.000142271
833	0.000141735
834	0.000141173
835	0.000140656
836	0.000140095
837	0.000139572
838	0.000139015
839	0.000138502
840	0.000137958
841	0.000137457
842	0.000136918
843	0.000136418
844	0.000135883
845	0.00013539
846	0.000134863
847	0.000134376
848	0.000133853
849	0.000133368
850	0.000132848
851	0.000132367
852	0.000131855
853	0.000131379
854	0.000130873
855	0.000130399
856	0.000129893
857	0.000129424
858	0.000128923
859	0.000128459
860	0.000127965
861	0.000127505
862	0.000127014
863	0.000126556
864	0.00012607
865	0.000125616
866	0.000125132
867	0.000124678
868	0.000124199
869	0.000123745
870	0.000123267
871	0.000122818
872	0.000122346
873	0.000121902
874	0.000121434
875	0.00012099
876	0.000120522
877	0.000120078
878	0.000119614
879	0.000119177
880	0.000118718
881	0.00011828
882	0.00011782
883	0.00011738
884	0.000116924
885	0.00011649
886	0.000116038
887	0.000115604
888	0.000115151
889	0.000114714
890	0.000114264
891	0.000113835
892	0.00011339
893	0.000112961
894	0.000112515
895	0.000112081
896	0.00011164
897	0.000111212
898	0.000110774
899	0.000110347
900	0.000109909
901	0.000109484
902	0.000109052
903	0.000108631
904	0.000108201
905	0.000107776
906	0.000107349
907	0.000106934
908	0.000106511
909	0.000106093
910	0.000105668
911	0.000105253
912	0.000104835
913	0.000104427
914	0.000104009
915	0.000103597
916	0.000103178
917	0.00010277
918	0.000102358
919	0.000101953
920	0.000101538
921	0.000101131
922	0.000100719
923	0.000100316
924	9.99063e-05
925	9.95037e-05
926	9.90947e-05
927	9.86936e-05
928	9.82876e-05
929	9.78903e-05
930	9.74872e-05
931	9.70925e-05
932	9.66912e-05
933	9.62976e-05
934	9.58982e-05
935	9.55074e-05
936	9.51099e-05
937	9.47205e-05
938	9.43252e-05
939	9.39383e-05
940	9.35446e-05
941	9.31589e-05
942	9.2767e-05
943	9.23834e-05
944	9.19928e-05
945	9.16113e-05
946	9.12178e-05
947	9.08359e-05
948	9.04545e-05
949	9.00849e-05
950	8.96909e-05
951	8.93028e-05
952	8.89141e-05
953	8.85424e-05
954	8.81643e-05
955	8.77892e-05
956	8.73981e-05
957	8.70148e-05
958	8.66317e-05
959	8.62612e-05
960	8.5881e-05
961	8.55058e-05
962	8.51197e-05
963	8.47458e-05
964	8.43683e-05
965	8.40023e-05
966	8.36227e-05
967	8.32494e-05
968	8.28661e-05
969	8.24976e-05
970	8.21235e-05
971	8.1762e-05
972	8.13849e-05
973	8.10139e-05
974	8.0633e-05
975	8.02677e-05
976	7.98951e-05
977	7.95337e-05
978	7.91633e-05
979	7.88012e-05
980	7.84238e-05
981	7.80593e-05
982	7.76875e-05
983	7.73313e-05
984	7.6963e-05
985	7.66062e-05
986	7.62357e-05
987	7.58787e-05
988	7.55107e-05
989	7.5156e-05
990	7.47944e-05
991	7.44446e-05
992	7.40774e-05
993	7.37239e-05
994	7.33604e-05
995	7.30147e-05
996	7.26569e-05
997	7.23132e-05
998	7.19548e-05
999	7.16119e-05
1000	7.12564e-05
1001	7.0918e-05
1002	7.05666e-05
1003	7.02315e-05
1004	6.98824e-05
1005	6.95502e-05
1006	6.92045e-05
1007	6.88756e-05
1008	6.85332e-05
1009	6.82082e-05
1010	6.78693e-05
1011	6.7548e-05
1012	6.72126e-05
1013	6.68948e-05
1014	6.65637e-05
1015	6.62501e-05
1016	6.59228e-05
1017	6.56131e-05
1018	6.529e-05
1019	6.49842e-05
1020	6.46643e-05
1021	6.4364e-05
1022	6.40499e-05
1023	6.3752e-05
1024	6.34403e-05
1025	6.31466e-05
1026	6.28412e-05
1027	6.25534e-05
1028	6.22528e-05
1029	6.19679e-05
1030	6.16724e-05
1031	6.13914e-05
1032	6.11013e-05
1033	6.08295e-05
1034	6.05439e-05
1035	6.02729e-05
1036	5.99906e-05
1037	5.97257e-05
1038	5.94513e-05
1039	5.91924e-05
1040	5.89189e-05
1041	5.86607e-05
1042	5.83914e-05
1043	5.81392e-05
1044	5.78769e-05
1045	5.76296e-05
1046	5.73676e-05
1047	5.71212e-05
1048	5.68636e-05
1049	5.66231e-05
1050	5.63709e-05
1051	5.61334e-05
1052	5.58805e-05
1053	5.56431e-05
1054	5.53938e-05
1055	5.51619e-05
1056	5.49176e-05
1057	5.46883e-05
1058	5.44431e-05
1059	5.42133e-05
1060	5.39717e-05
1061	5.37477e-05
1062	5.35105e-05
1063	5.3288e-05
1064	5.30505e-05
1065	5.28305e-05
1066	5.25975e-05
1067	5.23817e-05
1068	5.21502e-05
1069	5.19349e-05
1070	5.17063e-05
1071	5.14958e-05
1072	5.12709e-05
1073	5.1062e-05
1074	5.08313e-05
1075	5.06317e-05
1076	5.04169e-05
1077	5.02126e-05
1078	4.99815e-05
1079	4.9784e-05
1080	4.95748e-05
1081	4.93792e-05
1082	4.91562e-05
1083	4.89635e-05
1084	4.87561e-05
1085	4.85585e-05
1086	4.83527e-05
1087	4.81668e-05
1088	4.79599e-05
1089	4.77637e-05
1090	4.7564e-05
1091	4.73862e-05
1092	4.71848e-05
1093	4.70004e-05
1094	4.67994e-05
1095	4.66159e-05
1096	4.64272e-05
1097	4.62575e-05
1098	4.60543e-05
1099	4.58821e-05
1100	4.56943e-05
1101	4.55256e-05
1102	4.53267e-05
1103	4.51643e-05
1104	4.4983e-05
1105	4.48186e-05
1106	4.46231e-05
1107	4.44652e-05
1108	4.42902e-05
1109	4.41303e-05
1110	4.39402e-05
1111	4.37872e-05
1112	4.36166e-05
1113	4.34638e-05
1114	4.32765e-05
1115	4.31289e-05
1116	4.2963e-05
1117	4.28161e-05
1118	4.26352e-05
1119	4.2494e-05
1120	4.23319e-05
1121	4.2189e-05
1122	4.20116e-05
1123	4.18759e-05
1124	4.17174e-05
1125	4.15811e-05
1126	4.1414e-05
1127	4.12783e-05
1128	4.1119e-05
1129	4.09899e-05
1130	4.08345e-05
1131	4.07037e-05
1132	4.05459e-05
1133	4.0421e-05
1134	4.02677e-05
1135	4.01448e-05
1136	3.99927e-05
1137	3.98719e-05
1138	3.97234e-05
1139	3.9603e-05
1140	3.94548e-05
1141	3.93375e-05
1142	3.91931e-05
1143	3.90792e-05
1144	3.8936e-05
1145	3.88229e-05
1146	3.86804e-05
1147	3.85695e-05
1148	3.84295e-05
1149	3.83217e-05
1150	3.81837e-05
1151	3.80774e-05
1152	3.79426e-05
1153	3.78395e-05
1154	3.77027e-05
1155	3.75986e-05
1156	3.74647e-05
1157	3.73661e-05
1158	3.72353e-05
1159	3.71406e-05
1160	3.70109e-05
1161	3.69133e-05
1162	3.67823e-05
1163	3.66889e-05
1164	3.65637e-05
1165	3.64739e-05
1166	3.63517e-05
1167	3.62637e-05
1168	3.61374e-05
1169	3.60485e-05
1170	3.59264e-05
1171	3.58433e-05
1172	3.57277e-05
1173	3.56483e-05
1174	3.55269e-05
1175	3.5444e-05
1176	3.53247e-05
1177	3.52518e-05
1178	3.51397e-05
1179	3.50643e-05
1180	3.49476e-05
1181	3.48712e-05
1182	3.47626e-05
1183	3.46953e-05
1184	3.45836e-05
1185	3.451e-05
1186	3.44021e-05
1187	3.43378e-05
1188	3.42298e-05
1189	3.41614e-05
1190	3.40568e-05
1191	3.39964e-05
1192	3.38906e-05
1193	3.3826e-05
1194	3.37244e-05
1195	3.36682e-05
1196	3.35652e-05
1197	3.35037e-05
1198	3.34047e-05
1199	3.33527e-05
1200	3.32499e-05
1201	3.3198e-05
1202	3.30988e-05
1203	3.30451e-05
1204	3.29493e-05
1205	3.29024e-05
1206	3.28025e-05
1207	3.27558e-05
1208	3.26598e-05
1209	3.26117e-05
1210	3.25191e-05
1211	3.24785e-05
1212	3.2382e-05
1213	3.2342e-05
1214	3.22496e-05
1215	3.22071e-05
1216	3.21182e-05
1217	3.20838e-05
1218	3.1989e-05
1219	3.19541e-05
1220	3.18638e-05
1221	3.18259e-05
1222	3.17393e-05
1223	3.17101e-05
1224	3.16163e-05
1225	3.15865e-05
1226	3.14977e-05
1227	3.14638e-05
1228	3.13789e-05
1229	3.13509e-05
1230	3.12656e-05
1231	3.12386e-05
1232	3.11444e-05
1233	3.11207e-05
1234	3.10322e-05
1235	3.10128e-05
1236	3.09252e-05
1237	3.08954e-05
1238	3.08103e-05
1239	3.07877e-05
1240	3.07046e-05
1241	3.06842e-05
1242	3.05905e-05
1243	3.05726e-05
1244	3.04852e-05
1245	3.04709e-05
1246	3.03849e-05
1247	3.03593e-05
1248	3.0277e-05
1249	3.02593e-05
1250	3.01795e-05
1251	3.01639e-05
1252	3.00715e-05
1253	3.00583e-05
1254	2.99734e-05
1255	2.99654e-05
1256	2.98829e-05
1257	2.98614e-05
1258	2.97786e-05
1259	2.97753e-05
1260	2.96952e-05
1261	2.96741e-05
1262	2.95932e-05
1263	2.9581e-05
1264	2.95075e-05
1265	2.95002e-05
1266	2.94109e-05
1267	2.93986e-05
1268	2.9327e-05
1269	2.93226e-05
1270	2.92348e-05
1271	2.92276e-05
1272	2.91459e-05
1273	2.91454e-05
1274	2.90646e-05
1275	2.90611e-05
1276	2.8982e-05
1277	2.89681e-05
1278	2.88921e-05
1279	2.88988e-05
1280	2.88235e-05
1281	2.88068e-05
1282	2.8731e-05
1283	2.87261e-05
1284	2.86592e-05
1285	2.86535e-05
1286	2.85795e-05
1287	2.85702e-05
1288	2.8498e-05
1289	2.84933e-05
1290	2.84239e-05
1291	2.84186e-05
1292	2.83475e-05
1293	2.83413e-05
1294	2.8271e-05
1295	2.82663e-05
1296	2.81971e-05
1297	2.81927e-05
1298	2.81234e-05
1299	2.81189e-05
1300	2.805e-05
1301	2.80461e-05
1302	2.79779e-05
1303	2.79742e-05
1304	2.79064e-05
1305	2.79029e-05
1306	2.78354e-05
1307	2.78323e-05
1308	2.77652e-05
1309	2.77622e-05
1310	2.76956e-05
1311	2.76929e-05
1312	2.76267e-05
1313	2.76243e-05
1314	2.75585e-05
1315	2.75562e-05
1316	2.74908e-05
1317	2.74887e-05
1318	2.74188e-05
1319	2.74298e-05
1320	2.73601e-05
1321	2.73509e-05
1322	2.72801e-05
1323	2.72974e-05
1324	2.72277e-05
1325	2.72312e-05
1326	2.71529e-05
1327	2.71599e-05
1328	2.70894e-05
1329	2.71016e-05
1330	2.70289e-05
1331	2.70361e-05
1332	2.69616e-05
1333	2.69705e-05
1334	2.68989e-05
1335	2.69034e-05
1336	2.68451e-05
1337	2.68495e-05
1338	2.67696e-05
1339	2.67702e-05
1340	2.67179e-05
1341	2.67215e-05
1342	2.66569e-05
1343	2.66502e-05
1344	2.65827e-05
1345	2.65969e-05
1346	2.65347e-05
1347	2.65258e-05
1348	2.64576e-05
1349	2.64745e-05
1350	2.64082e-05
1351	2.64123e-05
1352	2.63378e-05
1353	2.63449e-05
1354	2.62777e-05
1355	2.62833e-05
1356	2.62292e-05
1357	2.62316e-05
1358	2.61528e-05
1359	2.6152e-05
1360	2.61036e-05
1361	2.61066e-05
1362	2.60452e-05
1363	2.60366e-05
1364	2.59711e-05
1365	2.59848e-05
1366	2.59202e-05
1367	2.59244e-05
1368	2.58528e-05
1369	2.58541e-05
1370	2.58027e-05
1371	2.58022e-05
1372	2.57403e-05
1373	2.5733e-05
1374	2.56706e-05
1375	2.56837e-05
1376	2.56191e-05
1377	2.56209e-05
1378	2.55507e-05
1379	2.55512e-05
1380	2.55017e-05
1381	2.54991e-05
1382	2.54391e-05
1383	2.54295e-05
1384	2.53696e-05
1385	2.53796e-05
1386	2.5318e-05
1387	2.53165e-05
1388	2.52489e-05
1389	2.52462e-05
1390	2.51991e-05
1391	2.51935e-05
1392	2.51356e-05
1393	2.51234e-05
1394	2.50649e-05
1395	2.50724e-05
1396	2.5012e-05
1397	2.50086e-05
1398	2.49421e-05
1399	2.49373e-05
1400	2.48906e-05
1401	2.48828e-05
1402	2.48255e-05
1403	2.48115e-05
1404	2.47534e-05
1405	2.47586e-05
1406	2.46987e-05
1407	2.46932e-05
1408	2.46273e-05
1409	2.46204e-05
1410	2.45738e-05
1411	2.45641e-05
1412	2.45072e-05
1413	2.44914e-05
1414	2.44337e-05
1415	2.44365e-05
1416	2.43771e-05
1417	2.43696e-05
1418	2.43044e-05
1419	2.42954e-05
1420	2.42488e-05
1421	2.42371e-05
1422	2.41805e-05
1423	2.41631e-05
1424	2.41056e-05
1425	2.41059e-05
1426	2.4047e-05
1427	2.40375e-05
1428	2.39729e-05
1429	2.39618e-05
1430	2.3915e-05
1431	2.39013e-05
1432	2.38449e-05
1433	2.38257e-05
1434	2.37684e-05
1435	2.37664e-05
1436	2.37078e-05
1437	2.36962e-05
1438	2.36321e-05
1439	2.36189e-05
1440	2.3572e-05
1441	2.35563e-05
1442	2.3496e-05
1443	2.34852e-05
1444	2.3425e-05
1445	2.34147e-05
1446	2.33549e-05
1447	2.33413e-05
1448	2.32924e-05
1449	2.32735e-05
1450	2.32056e-05
1451	2.31968e-05
1452	2.3149e-05
1453	2.31393e-05
1454	2.30658e-05
1455	2.30489e-05
1456	2.30001e-05
1457	2.29912e-05
1458	2.29271e-05
1459	2.29152e-05
1460	2.28482e-05
1461	2.28208e-05
1462	2.27888e-05
1463	2.2789e-05
1464	2.27111e-05
1465	2.26751e-05
1466	2.2613e-05
1467	2.26259e-05
1468	2.25901e-05
1469	2.2549e-05
1470	2.24695e-05
1471	2.2457e-05
1472	2.24168e-05
1473	2.2401e-05
1474	2.23404e-05
1475	2.23167e-05
1476	2.22496e-05
1477	2.22509e-05
1478	2.21993e-05
1479	2.21716e-05
1480	2.21062e-05
1481	2.20777e-05
1482	2.20433e-05
1483	2.20286e-05
1484	2.19641e-05
1485	2.19338e-05
1486	2.18692e-05
1487	2.18698e-05
1488	2.18198e-05
1489	2.1792e-05
1490	2.17267e-05
1491	2.17036e-05
1492	2.16429e-05
1493	2.16386e-05
1494	2.15918e-05
1495	2.15625e-05
1496	2.14867e-05
1497	2.14717e-05
1498	2.14284e-05
1499	2.14025e-05
1500	2.13499e-05
1501	2.13256e-05
1502	2.1265e-05
1503	2.12325e-05
1504	2.11893e-05
1505	2.1176e-05
1506	2.11184e-05
1507	2.10787e-05
1508	2.10287e-05
1509	2.10137e-05
1510	2.09532e-05
1511	2.0933e-05
1512	2.08789e-05
1513	2.08519e-05
1514	2.07863e-05
1515	2.07729e-05
1516	2.0727e-05
1517	2.07003e-05
1518	2.06295e-05
1519	2.06106e-05
1520	2.05649e-05
1521	2.05413e-05
1522	2.04735e-05
1523	2.04545e-05
1524	2.0407e-05
1525	2.03757e-05
1526	2.03239e-05
1527	2.02995e-05
1528	2.0243e-05
1529	2.02087e-05
1530	2.0164e-05
1531	2.01454e-05
1532	2.0089e-05
1533	2.00496e-05
1534	2.00013e-05
1535	1.99831e-05
1536	1.99242e-05
1537	1.99007e-05
1538	1.98478e-05
1539	1.98187e-05
1540	1.97557e-05
1541	1.97389e-05
1542	1.96934e-05
1543	1.96645e-05
1544	1.95969e-05
1545	1.95751e-05
1546	1.953e-05
1547	1.94992e-05
1548	1.94481e-05
1549	1.94209e-05
1550	1.93646e-05
1551	1.93297e-05
1552	1.92858e-05
1553	1.92653e-05
1554	1.92101e-05
1555	1.91703e-05
1556	1.91221e-05
1557	1.91017e-05
1558	1.90447e-05
1559	1.90196e-05
1560	1.89676e-05
1561	1.89372e-05
1562	1.88764e-05
1563	1.88574e-05
1564	1.88121e-05
1565	1.87823e-05
1566	1.87173e-05
1567	1.86939e-05
1568	1.86488e-05
1569	1.86175e-05
1570	1.85672e-05
1571	1.85392e-05
1572	1.84839e-05
1573	1.84492e-05
1574	1.84054e-05
1575	1.83834e-05
1576	1.83293e-05
1577	1.82901e-05
1578	1.82424e-05
1579	1.82209e-05
1580	1.81653e-05
1581	1.81393e-05
1582	1.80883e-05
1583	1.80575e-05
1584	1.79987e-05
1585	1.79785e-05
1586	1.79334e-05
1587	1.79034e-05
1588	1.78408e-05
1589	1.78167e-05
1590	1.77721e-05
1591	1.77409e-05
1592	1.76916e-05
1593	1.76634e-05
1594	1.76097e-05
1595	1.75756e-05
1596	1.75323e-05
1597	1.75095e-05
1598	1.74569e-05
1599	1.7419e-05
1600	1.73723e-05
1601	1.735e-05
1602	1.72965e-05
1603	1.72699e-05
1604	1.72203e-05
1605	1.71897e-05
1606	1.71336e-05
1607	1.71125e-05
1608	1.70685e-05
1609	1.70385e-05
1610	1.6979e-05
1611	1.69542e-05
1612	1.69108e-05
1613	1.688e-05
1614	1.68322e-05
1615	1.68037e-05
1616	1.67523e-05
1617	1.67189e-05
1618	1.6677e-05
1619	1.66534e-05
1620	1.66031e-05
1621	1.6566e-05
1622	1.65211e-05
1623	1.64979e-05
1624	1.64469e-05
1625	1.64199e-05
1626	1.63724e-05
1627	1.63419e-05
1628	1.62889e-05
1629	1.62667e-05
1630	1.62246e-05
1631	1.61943e-05
1632	1.61382e-05
1633	1.61126e-05
1634	1.6071e-05
1635	1.60404e-05
1636	1.59947e-05
1637	1.59656e-05
1638	1.59169e-05
1639	1.5884e-05
1640	1.58439e-05
1641	1.58191e-05
1642	1.57714e-05
1643	1.57351e-05
1644	1.56922e-05
1645	1.56679e-05
1646	1.56199e-05
1647	1.55921e-05
1648	1.55474e-05
1649	1.55166e-05
1650	1.54668e-05
1651	1.54434e-05
1652	1.54033e-05
1653	1.53726e-05
1654	1.532e-05
1655	1.52936e-05
1656	1.52543e-05
1657	1.52236e-05
1658	1.51803e-05
1659	1.51505e-05
1660	1.51047e-05
1661	1.5072e-05
1662	1.50338e-05
1663	1.50081e-05
1664	1.49606e-05
1665	1.49308e-05
1666	1.48885e-05
1667	1.4859e-05
1668	1.48132e-05
1669	1.47884e-05
1670	1.47492e-05
1671	1.47173e-05
1672	1.46677e-05
1673	1.46413e-05
1674	1.46046e-05
1675	1.45738e-05
1676	1.45322e-05
1677	1.45013e-05
1678	1.44578e-05
1679	1.44253e-05
1680	1.43892e-05
1681	1.43629e-05
1682	1.4318e-05
1683	1.42875e-05
1684	1.42473e-05
1685	1.42174e-05
1686	1.41742e-05
1687	1.41484e-05
1688	1.41113e-05
1689	1.40791e-05
1690	1.40324e-05
1691	1.40054e-05
1692	1.39706e-05
1693	1.39396e-05
1694	1.39e-05
1695	1.38685e-05
1696	1.38273e-05
1697	1.37948e-05
1698	1.37607e-05
1699	1.37336e-05
1700	1.36912e-05
1701	1.36603e-05
1702	1.36224e-05
1703	1.35921e-05
1704	1.35513e-05
1705	1.35247e-05
1706	1.34895e-05
1707	1.34571e-05
1708	1.34131e-05
1709	1.33855e-05
1710	1.33528e-05
1711	1.33217e-05
1712	1.32843e-05
1713	1.32524e-05
1714	1.32136e-05
1715	1.31812e-05
1716	1.31489e-05
1717	1.31213e-05
1718	1.30814e-05
1719	1.30504e-05
1720	1.30147e-05
1721	1.29843e-05
1722	1.29399e-05
1723	1.29179e-05
1724	1.28927e-05
1725	1.28591e-05
1726	1.28041e-05
1727	1.27756e-05
1728	1.27546e-05
1729	1.27296e-05
1730	1.26811e-05
1731	1.26488e-05
1732	1.26202e-05
1733	1.25919e-05
1734	1.2545e-05
1735	1.25191e-05
1736	1.24958e-05
1737	1.24657e-05
1738	1.24165e-05
1739	1.23865e-05
1740	1.23623e-05
1741	1.23348e-05
1742	1.22884e-05
1743	1.22597e-05
1744	1.22352e-05
1745	1.22015e-05
1746	1.21672e-05
1747	1.21355e-05
1748	1.2093e-05
1749	1.20627e-05
1750	1.20442e-05
1751	1.20208e-05
1752	1.19743e-05
1753	1.19349e-05
1754	1.19082e-05
1755	1.18859e-05
1756	1.18469e-05
1757	1.18121e-05
1758	1.17876e-05
1759	1.17617e-05
1760	1.17197e-05
1761	1.16845e-05
1762	1.16612e-05
1763	1.16368e-05
1764	1.15963e-05
1765	1.15602e-05
1766	1.1537e-05
1767	1.15089e-05
1768	1.14756e-05
1769	1.1444e-05
1770	1.14045e-05
1771	1.13714e-05
1772	1.13537e-05
1773	1.13283e-05
1774	1.12953e-05
1775	1.12606e-05
1776	1.12211e-05
1777	1.11879e-05
1778	1.11701e-05
1779	1.11394e-05
1780	1.11052e-05
1781	1.1074e-05
1782	1.10487e-05
1783	1.10152e-05
1784	1.09816e-05
1785	1.09506e-05
1786	1.09239e-05
1787	1.08964e-05
1788	1.08635e-05
1789	1.08374e-05
1790	1.08034e-05
1791	1.0768e-05
1792	1.07421e-05
1793	1.07191e-05
1794	1.06984e-05
1795	1.06598e-05
1796	1.06203e-05
1797	1.05859e-05
1798	1.05626e-05
1799	1.05398e-05
1800	1.0516e-05
1801	1.04797e-05
1802	1.04506e-05
1803	1.04189e-05
1804	1.03896e-05
1805	1.03579e-05
1806	1.03317e-05
1807	1.03031e-05
1808	1.02747e-05
1809	1.02473e-05
1810	1.02218e-05
1811	1.01872e-05
1812	1.01563e-05
1813	1.01248e-05
1814	1.01014e-05
1815	1.0074e-05
1816	1.00456e-05
1817	1.00164e-05
1818	9.99156e-06
1819	9.95739e-06
1820	9.92848e-06
1821	9.89726e-06
1822	9.87416e-06
1823	9.84359e-06
1824	9.82286e-06
1825	9.79146e-06
1826	9.7622e-06
1827	9.72638e-06
1828	9.70111e-06
1829	9.67334e-06
1830	9.65327e-06
1831	9.62069e-06
1832	9.59803e-06
1833	9.56518e-06
1834	9.53741e-06
1835	9.50317e-06
1836	9.48012e-06
1837	9.45184e-06
1838	9.43171e-06
1839	9.39811e-06
1840	9.37618e-06
1841	9.34383e-06
1842	9.3177e-06
1843	9.28341e-06
1844	9.26093e-06
1845	9.23195e-06
1846	9.20977e-06
1847	9.18191e-06
1848	9.1608e-06
1849	9.12491e-06
1850	9.09829e-06
1851	9.06569e-06
1852	9.04653e-06
1853	9.01804e-06
1854	8.99478e-06
1855	8.96459e-06
1856	8.94409e-06
1857	8.9093e-06
1858	8.88513e-06
1859	8.85305e-06
1860	8.83411e-06
1861	8.80291e-06
1862	8.78604e-06
1863	8.75359e-06
1864	8.72918e-06
1865	8.69316e-06
1866	8.67237e-06
1867	8.64357e-06
1868	8.62751e-06
1869	8.59469e-06
1870	8.57603e-06
1871	8.54215e-06
1872	8.51894e-06
1873	8.48442e-06
1874	8.46577e-06
1875	8.43677e-06
1876	8.41814e-06
1877	8.38897e-06
1878	8.37055e-06
1879	8.33437e-06
1880	8.31168e-06
1881	8.27924e-06
1882	8.26334e-06
1883	8.23313e-06
1884	8.21846e-06
1885	8.18509e-06
1886	8.16253e-06
1887	8.12633e-06
1888	8.10813e-06
1889	8.07947e-06
1890	8.06579e-06
1891	8.0331e-06
1892	8.01621e-06
1893	7.98182e-06
1894	7.96092e-06
1895	7.92661e-06
1896	7.91037e-06
1897	7.88122e-06
1898	7.86482e-06
1899	7.83522e-06
1900	7.81889e-06
1901	7.78295e-06
1902	7.76279e-06
1903	7.73035e-06
1904	7.71643e-06
1905	7.68621e-06
1906	7.67331e-06
1907	7.6398e-06
1908	7.61977e-06
1909	7.58387e-06
1910	7.56787e-06
1911	7.53902e-06
1912	7.52521e-06
1913	7.49634e-06
1914	7.48123e-06
1915	7.44477e-06
1916	7.41713e-06
1917	7.39367e-06
1918	7.39111e-06
1919	7.35796e-06
1920	7.32821e-06
1921	7.2966e-06
1922	7.28865e-06
1923	7.25147e-06
1924	7.24246e-06
1925	7.2146e-06
1926	7.18817e-06
1927	7.15746e-06
1928	7.15203e-06
1929	7.12053e-06
1930	7.09343e-06
1931	7.06515e-06
1932	7.05997e-06
1933	7.03141e-06
1934	7.00561e-06
1935	6.97494e-06
1936	6.97073e-06
1937	6.94028e-06
1938	6.91387e-06
1939	6.88355e-06
1940	6.87713e-06
1941	6.84183e-06
1942	6.835e-06
1943	6.8041e-06
1944	6.77965e-06
1945	6.74903e-06
1946	6.74317e-06
1947	6.7065e-06
1948	6.69567e-06
1949	6.66954e-06
1950	6.64807e-06
1951	6.6195e-06
1952	6.61188e-06
1953	6.57424e-06
1954	6.56519e-06
1955	6.53775e-06
1956	6.51804e-06
1957	6.49126e-06
1958	6.4838e-06
1959	6.44461e-06
1960	6.43247e-06
1961	6.40471e-06
1962	6.38638e-06
1963	6.36334e-06
1964	6.3571e-06
1965	6.32016e-06
1966	6.3107e-06
1967	6.27894e-06
1968	6.25793e-06
1969	6.22996e-06
1970	6.22629e-06
1971	6.1921e-06
1972	6.18729e-06
1973	6.15748e-06
1974	6.13719e-06
1975	6.10614e-06
1976	6.09088e-06
1977	6.06839e-06
1978	6.05524e-06
1979	6.0311e-06
1980	6.01523e-06
1981	5.98819e-06
1982	5.97391e-06
1983	5.94953e-06
1984	5.93408e-06
1985	5.90075e-06
1986	5.90074e-06
1987	5.86799e-06
1988	5.85097e-06
1989	5.8231e-06
1990	5.80945e-06
1991	5.77898e-06
1992	5.78276e-06
1993	5.74908e-06
1994	5.73186e-06
1995	5.70464e-06
1996	5.69113e-06
1997	5.66086e-06
1998	5.6648e-06
1999	5.63234e-06
2000	5.61621e-06
2001	5.58854e-06
2002	5.57624e-06
2003	5.54668e-06
2004	5.54799e-06
2005	5.51434e-06
2006	5.49764e-06
2007	5.47027e-06
2008	5.45873e-06
2009	5.43023e-06
2010	5.43426e-06
2011	5.40427e-06
2012	5.39036e-06
2013	5.36072e-06
2014	5.34661e-06
2015	5.31489e-06
2016	5.31703e-06
2017	5.28782e-06
2018	5.2766e-06
2019	5.25243e-06
2020	5.23968e-06
2021	5.2069e-06
2022	5.2043e-06
2023	5.17529e-06
2024	5.16639e-06
2025	5.14433e-06
2026	5.13191e-06
2027	5.09846e-06
2028	5.09565e-06
2029	5.06561e-06
2030	5.05592e-06
2031	5.03409e-06
2032	5.02516e-06
2033	4.99473e-06
2034	4.99336e-06
2035	4.96067e-06
2036	4.94785e-06
2037	4.92229e-06
2038	4.91381e-06
2039	4.88661e-06
2040	4.89279e-06
2041	4.86206e-06
2042	4.84916e-06
2043	4.81861e-06
2044	4.81186e-06
2045	4.79078e-06
2046	4.78177e-06
2047	4.74918e-06
2048	4.74103e-06
2049	4.71435e-06
2050	4.71284e-06
2051	4.69108e-06
2052	4.6863e-06
2053	4.65649e-06
2054	4.64526e-06
2055	4.61394e-06
2056	4.60707e-06
2057	4.58234e-06
2058	4.5809e-06
2059	4.55734e-06
2060	4.55167e-06
2061	4.52366e-06
2062	4.51604e-06
2063	4.48744e-06
2064	4.48143e-06
2065	4.45588e-06
2066	4.45235e-06
2067	4.42761e-06
2068	4.42284e-06
2069	4.39523e-06
2070	4.38831e-06
2071	4.36151e-06
2072	4.35767e-06
2073	4.33289e-06
2074	4.32943e-06
2075	4.3038e-06
2076	4.29867e-06
2077	4.27148e-06
2078	4.2658e-06
2079	4.23954e-06
2080	4.2359e-06
2081	4.21087e-06
2082	4.20762e-06
2083	4.18254e-06
2084	4.1788e-06
2085	4.15314e-06
2086	4.14895e-06
2087	4.12281e-06
2088	4.11943e-06
2089	4.09448e-06
2090	4.09109e-06
2091	4.06542e-06
2092	4.0616e-06
2093	4.03629e-06
2094	4.03349e-06
2095	4.00916e-06
2096	4.00671e-06
2097	3.98175e-06
2098	3.97912e-06
2099	3.95435e-06
2100	3.95106e-06
2101	3.9256e-06
2102	3.92252e-06
2103	3.89792e-06
2104	3.89602e-06
2105	3.87216e-06
2106	3.87012e-06
2107	3.84552e-06
2108	3.84237e-06
2109	3.81797e-06
2110	3.8161e-06
2111	3.79225e-06
2112	3.79052e-06
2113	3.76652e-06
2114	3.76441e-06
2115	3.74014e-06
2116	3.73775e-06
2117	3.71384e-06
2118	3.71234e-06
2119	3.68873e-06
2120	3.6873e-06
2121	3.66377e-06
2122	3.66227e-06
2123	3.6387e-06
2124	3.63705e-06
2125	3.61322e-06
2126	3.61214e-06
2127	3.58924e-06
2128	3.58806e-06
2129	3.56448e-06
2130	3.56291e-06
2131	3.53952e-06
2132	3.53862e-06
2133	3.51608e-06
2134	3.51554e-06
2135	3.4927e-06
2136	3.49203e-06
2137	3.46936e-06
2138	3.46811e-06
2139	3.44482e-06
2140	3.44372e-06
2141	3.42112e-06
2142	3.42093e-06
2143	3.39911e-06
2144	3.39889e-06
2145	3.37653e-06
2146	3.37606e-06
2147	3.35393e-06
2148	3.35322e-06
2149	3.33078e-06
2150	3.33024e-06
2151	3.30825e-06
2152	3.30828e-06
2153	3.28679e-06
2154	3.28676e-06
2155	3.26499e-06
2156	3.265e-06
2157	3.24366e-06
2158	3.24355e-06
2159	3.22186e-06
2160	3.22179e-06
2161	3.20036e-06
2162	3.20072e-06
2163	3.17972e-06
2164	3.17998e-06
2165	3.15903e-06
2166	3.15927e-06
2167	3.13813e-06
2168	3.13843e-06
2169	3.11754e-06
2170	3.11808e-06
2171	3.09748e-06
2172	3.09797e-06
2173	3.07737e-06
2174	3.07786e-06
2175	3.05711e-06
2176	3.0576e-06
2177	3.03709e-06
2178	3.03788e-06
2179	3.01772e-06
2180	3.01854e-06
2181	2.99847e-06
2182	2.99926e-06
2183	2.9789e-06
2184	2.97958e-06
2185	2.95933e-06
2186	2.96024e-06
2187	2.94039e-06
2188	2.94149e-06
2189	2.92182e-06
2190	2.92296e-06
2191	2.90305e-06
2192	2.90398e-06
2193	2.88408e-06
2194	2.88516e-06
2195	2.86556e-06
2196	2.86677e-06
2197	2.84736e-06
2198	2.84872e-06
2199	2.82922e-06
2200	2.83046e-06
2201	2.81099e-06
2202	2.81224e-06
2203	2.79291e-06
2204	2.79421e-06
2205	2.77507e-06
2206	2.77659e-06
2207	2.75747e-06
2208	2.75888e-06
2209	2.73978e-06
2210	2.74111e-06
2211	2.72209e-06
2212	2.72349e-06
2213	2.70466e-06
2214	2.70628e-06
2215	2.68747e-06
2216	2.68901e-06
2217	2.67024e-06
2218	2.67172e-06
2219	2.65304e-06
2220	2.65454e-06
2221	2.63597e-06
2222	2.63767e-06
2223	2.61915e-06
2224	2.62091e-06
2225	2.6025e-06
2226	2.60423e-06
2227	2.58585e-06
2228	2.58764e-06
2229	2.56938e-06
2230	2.57126e-06
2231	2.55299e-06
2232	2.55496e-06
2233	2.53681e-06
2234	2.53884e-06
2235	2.52084e-06
2236	2.52294e-06
2237	2.50503e-06
2238	2.50723e-06
2239	2.4894e-06
2240	2.49156e-06
2241	2.47362e-06
2242	2.47583e-06
2243	2.45802e-06
2244	2.46039e-06
2245	2.44282e-06
2246	2.44531e-06
2247	2.42785e-06
2248	2.43049e-06
2249	2.41305e-06
2250	2.41568e-06
2251	2.39814e-06
2252	2.40082e-06
2253	2.38345e-06
2254	2.3863e-06
2255	2.36912e-06
2256	2.37203e-06
2257	2.3549e-06
2258	2.35792e-06
2259	2.34086e-06
2260	2.34394e-06
2261	2.32684e-06
2262	2.32987e-06
2263	2.31287e-06
2264	2.31599e-06
2265	2.29916e-06
2266	2.30239e-06
2267	2.28568e-06
2268	2.28905e-06
2269	2.27253e-06
2270	2.27595e-06
2271	2.25945e-06
2272	2.26282e-06
2273	2.24644e-06
2274	2.24996e-06
2275	2.23384e-06
2276	2.23756e-06
2277	2.22162e-06
2278	2.22546e-06
2279	2.2097e-06
2280	2.21353e-06
2281	2.19776e-06
2282	2.20156e-06
2283	2.18587e-06
2284	2.18981e-06
2285	2.17439e-06
2286	2.17849e-06
2287	2.16323e-06
2288	2.16734e-06
2289	2.15219e-06
2290	2.15639e-06
2291	2.14141e-06
2292	2.14559e-06
2293	2.13058e-06
2294	2.13482e-06
2295	2.11996e-06
2296	2.12435e-06
2297	2.10971e-06
2298	2.11412e-06
2299	2.09964e-06
2300	2.10411e-06
2301	2.08968e-06
2302	2.09425e-06
2303	2.07997e-06
2304	2.08455e-06
2305	2.07029e-06
2306	2.07482e-06
2307	2.06063e-06
2308	2.06522e-06
2309	2.05126e-06
2310	2.05601e-06
2311	2.04221e-06
2312	2.04698e-06
2313	2.03324e-06
2314	2.03803e-06
2315	2.02435e-06
2316	2.0291e-06
2317	2.01546e-06
2318	2.02033e-06
2319	2.007e-06
2320	2.0119e-06
2321	1.99848e-06
2322	2.00336e-06
2323	1.99002e-06
2324	1.99493e-06
2325	1.98175e-06
2326	1.98664e-06
2327	1.97362e-06
2328	1.97855e-06
2329	1.96548e-06
2330	1.97044e-06
2331	1.95741e-06
2332	1.96235e-06
2333	1.94946e-06
2334	1.95431e-06
2335	1.94152e-06
2336	1.94647e-06
2337	1.93362e-06
2338	1.93864e-06
2339	1.92604e-06
2340	1.93096e-06
2341	1.91834e-06
2342	1.92312e-06
2343	1.91049e-06
2344	1.91545e-06
2345	1.90298e-06
2346	1.908e-06
2347	1.89568e-06
2348	1.9006e-06
2349	1.8883e-06
2350	1.89313e-06
2351	1.88078e-06
2352	1.88573e-06
2353	1.87348e-06
2354	1.87844e-06
2355	1.86634e-06
2356	1.87124e-06
2357	1.8592e-06
2358	1.86404e-06
2359	1.85199e-06
2360	1.85694e-06
2361	1.84494e-06
2362	1.84986e-06
2363	1.83799e-06
2364	1.84283e-06
2365	1.83098e-06
2366	1.83582e-06
2367	1.82399e-06
2368	1.82888e-06
2369	1.81716e-06
2370	1.82207e-06
2371	1.81042e-06
2372	1.81523e-06
2373	1.80362e-06
2374	1.80842e-06
2375	1.79681e-06
2376	1.80168e-06
2377	1.79018e-06
2378	1.79503e-06
2379	1.78363e-06
2380	1.78843e-06
2381	1.77703e-06
2382	1.78183e-06
2383	1.77046e-06
2384	1.77528e-06
2385	1.76403e-06
2386	1.76884e-06
2387	1.75766e-06
2388	1.76246e-06
2389	1.75131e-06
2390	1.75609e-06
2391	1.74501e-06
2392	1.7498e-06
2393	1.73882e-06
2394	1.74362e-06
2395	1.73268e-06
2396	1.73746e-06
2397	1.72654e-06
2398	1.73128e-06
2399	1.72044e-06
2400	1.72519e-06
2401	1.71443e-06
2402	1.71921e-06
2403	1.70845e-06
2404	1.7132e-06
2405	1.70244e-06
2406	1.70712e-06
2407	1.69645e-06
2408	1.70113e-06
2409	1.69054e-06
2410	1.69524e-06
2411	1.68464e-06
2412	1.68931e-06
2413	1.6787e-06
2414	1.6833e-06
2415	1.6728e-06
2416	1.6774e-06
2417	1.66697e-06
2418	1.67159e-06
2419	1.66113e-06
2420	1.66573e-06
2421	1.65531e-06
2422	1.65982e-06
2423	1.64953e-06
2424	1.65404e-06
2425	1.64379e-06
2426	1.64833e-06
2427	1.63806e-06
2428	1.64255e-06
2429	1.63233e-06
2430	1.63677e-06
2431	1.62669e-06
2432	1.63114e-06
2433	1.62107e-06
2434	1.62556e-06
2435	1.61544e-06
2436	1.61986e-06
2437	1.60982e-06
2438	1.61419e-06
2439	1.60429e-06
2440	1.60869e-06
2441	1.59876e-06
2442	1.60319e-06
2443	1.59321e-06
2444	1.59757e-06
2445	1.58772e-06
2446	1.59204e-06
2447	1.58229e-06
2448	1.58666e-06
2449	1.57686e-06
2450	1.58124e-06
2451	1.57141e-06
2452	1.57572e-06
2453	1.56605e-06
2454	1.57032e-06
2455	1.56073e-06
2456	1.56504e-06
2457	1.55537e-06
2458	1.55968e-06
2459	1.55002e-06
2460	1.55427e-06
2461	1.54479e-06
2462	1.54902e-06
2463	1.53957e-06
2464	1.54384e-06
2465	1.5343e-06
2466	1.53855e-06
2467	1.52906e-06
2468	1.53326e-06
2469	1.52394e-06
2470	1.52811e-06
2471	1.51878e-06
2472	1.523e-06
2473	1.51393e-06
2474	1.51804e-06
2475	1.5088e-06
2476	1.51272e-06
2477	1.50353e-06
2478	1.5075e-06
2479	1.49806e-06
2480	1.50241e-06
2481	1.49319e-06
2482	1.4974e-06
2483	1.48861e-06
2484	1.49255e-06
2485	1.48362e-06
2486	1.48761e-06
2487	1.47827e-06
2488	1.48243e-06
2489	1.47334e-06
2490	1.47733e-06
2491	1.46874e-06
2492	1.47264e-06
2493	1.46394e-06
2494	1.46798e-06
2495	1.45893e-06
2496	1.46299e-06
2497	1.45416e-06
2498	1.45793e-06
2499	1.44948e-06
2500	1.45323e-06
2501	1.44465e-06
2502	1.44867e-06
2503	1.43995e-06
2504	1.44392e-06
2505	1.43537e-06
2506	1.43914e-06
2507	1.43129e-06
2508	1.43485e-06
2509	1.42648e-06
2510	1.43015e-06
2511	1.42135e-06
2512	1.4253e-06
2513	1.41714e-06
2514	1.42078e-06
2515	1.4132e-06
2516	1.41668e-06
2517	1.40872e-06
2518	1.41242e-06
2519	1.40406e-06
2520	1.40772e-06
2521	1.39987e-06
2522	1.40314e-06
2523	1.39584e-06
2524	1.39917e-06
2525	1.39158e-06
2526	1.3952e-06
2527	1.38737e-06
2528	1.3908e-06
2529	1.38341e-06
2530	1.38643e-06
2531	1.37935e-06
2532	1.38244e-06
2533	1.37456e-06
2534	1.37838e-06
2535	1.37156e-06
2536	1.37486e-06
2537	1.36782e-06
2538	1.37051e-06
2539	1.36297e-06
2540	1.36628e-06
2541	1.35897e-06
2542	1.36266e-06
2543	1.35589e-06
2544	1.359e-06
2545	1.35214e-06
2546	1.355e-06
2547	1.34768e-06
2548	1.351e-06
2549	1.34379e-06
2550	1.34724e-06
2551	1.3405e-06
2552	1.34359e-06
2553	1.33684e-06
2554	1.33996e-06
2555	1.33285e-06
2556	1.33627e-06
2557	1.32874e-06
2558	1.3323e-06
2559	1.32601e-06
2560	1.32897e-06
2561	1.32222e-06
2562	1.32518e-06
2563	1.31776e-06
2564	1.32134e-06
2565	1.31439e-06
2566	1.31782e-06
2567	1.3115e-06
2568	1.31451e-06
2569	1.30788e-06
2570	1.31105e-06
2571	1.30384e-06
2572	1.30727e-06
2573	1.30034e-06
2574	1.30354e-06
2575	1.29719e-06
2576	1.30025e-06
2577	1.2937e-06
2578	1.29711e-06
2579	1.28971e-06
2580	1.29352e-06
2581	1.28722e-06
2582	1.29025e-06
2583	1.28377e-06
2584	1.28655e-06
2585	1.27949e-06
2586	1.2831e-06
2587	1.27624e-06
2588	1.27992e-06
2589	1.27357e-06
2590	1.27656e-06
2591	1.27017e-06
2592	1.2733e-06
2593	1.2664e-06
2594	1.27001e-06
2595	1.26307e-06
2596	1.26648e-06
2597	1.26003e-06
2598	1.26312e-06
2599	1.25677e-06
2600	1.26017e-06
2601	1.25287e-06
2602	1.25695e-06
2603	1.25058e-06
2604	1.25388e-06
2605	1.24735e-06
2606	1.25014e-06
2607	1.2432e-06
2608	1.24688e-06
2609	1.24009e-06
2610	1.24415e-06
2611	1.23767e-06
2612	1.24091e-06
2613	1.23445e-06
2614	1.23761e-06
2615	1.23082e-06
2616	1.2346e-06
2617	1.22767e-06
2618	1.23147e-06
2619	1.22483e-06
2620	1.22817e-06
2621	1.22121e-06
2622	1.22508e-06
2623	1.21895e-06
2624	1.22282e-06
2625	1.21596e-06
2626	1.21934e-06
2627	1.21218e-06
2628	1.21566e-06
2629	1.20906e-06
2630	1.21289e-06
2631	1.20655e-06
2632	1.21038e-06
2633	1.20366e-06
2634	1.20728e-06
2635	1.20038e-06
2636	1.20395e-06
2637	1.19727e-06
2638	1.2009e-06
2639	1.19436e-06
2640	1.19816e-06
2641	1.19117e-06
2642	1.19526e-06
2643	1.18894e-06
2644	1.19248e-06
2645	1.18583e-06
2646	1.18919e-06
2647	1.18228e-06
2648	1.18616e-06
2649	1.17947e-06
2650	1.18339e-06
2651	1.17698e-06
2652	1.18049e-06
2653	1.17398e-06
2654	1.17758e-06
2655	1.17088e-06
2656	1.17478e-06
2657	1.16809e-06
2658	1.17175e-06
2659	1.16523e-06
2660	1.16874e-06
2661	1.16189e-06
2662	1.16595e-06
2663	1.15982e-06
2664	1.16359e-06
2665	1.15701e-06
2666	1.16033e-06
2667	1.15347e-06
2668	1.15713e-06
2669	1.15066e-06
2670	1.15456e-06
2671	1.1483e-06
2672	1.15192e-06
2673	1.14547e-06
2674	1.14901e-06
2675	1.14243e-06
2676	1.14607e-06
2677	1.13956e-06
2678	1.1432e-06
2679	1.13656e-06
2680	1.14037e-06
2681	1.13438e-06
2682	1.13793e-06
2683	1.13154e-06
2684	1.13498e-06
2685	1.12829e-06
2686	1.13196e-06
2687	1.12562e-06
2688	1.1292e-06
2689	1.12308e-06
2690	1.12649e-06
2691	1.12026e-06
2692	1.12383e-06
2693	1.11742e-06
2694	1.12101e-06
2695	1.1147e-06
2696	1.11809e-06
2697	1.11167e-06
2698	1.11527e-06
2699	1.10953e-06
2700	1.11304e-06
2701	1.10681e-06
2702	1.11008e-06
2703	1.10361e-06
2704	1.10702e-06
2705	1.10092e-06
2706	1.10431e-06
2707	1.09847e-06
2708	1.10181e-06
2709	1.09578e-06
2710	1.09914e-06
2711	1.09298e-06
2712	1.09629e-06
2713	1.09024e-06
2714	1.09342e-06
2715	1.0873e-06
2716	1.09077e-06
2717	1.08525e-06
2718	1.08853e-06
2719	1.08257e-06
2720	1.08555e-06
2721	1.07937e-06
2722	1.08256e-06
2723	1.07675e-06
2724	1.07998e-06
2725	1.07439e-06
2726	1.07748e-06
2727	1.07172e-06
2728	1.0748e-06
2729	1.06894e-06
2730	1.07202e-06
2731	1.06627e-06
2732	1.06929e-06
2733	1.06339e-06
2734	1.06663e-06
2735	1.06141e-06
2736	1.06441e-06
2737	1.05874e-06
2738	1.06152e-06
2739	1.05562e-06
2740	1.05863e-06
2741	1.05308e-06
2742	1.05611e-06
2743	1.05081e-06
2744	1.05366e-06
2745	1.04825e-06
2746	1.05111e-06
2747	1.04556e-06
2748	1.0485e-06
2749	1.04282e-06
2750	1.04584e-06
2751	1.04082e-06
2752	1.04358e-06
2753	1.03834e-06
2754	1.04103e-06
2755	1.03551e-06
2756	1.03847e-06
2757	1.0331e-06
2758	1.03592e-06
2759	1.0308e-06
2760	1.03337e-06
2761	1.0283e-06
2762	1.03098e-06
2763	1.02574e-06
2764	1.02854e-06
2765	1.02305e-06
2766	1.02581e-06
2767	1.02094e-06
2768	1.02338e-06
2769	1.01844e-06
2770	1.0209e-06
2771	1.0157e-06
2772	1.01843e-06
2773	1.01326e-06
2774	1.01578e-06
2775	1.01081e-06
2776	1.01304e-06
2777	1.00823e-06
2778	1.01065e-06
2779	1.00574e-06
2780	1.00832e-06
2781	1.0031e-06
2782	1.00558e-06
2783	1.00092e-06
2784	1.00303e-06
2785	9.98361e-07
2786	1.00054e-06
2787	9.95657e-07
2788	9.98138e-07
2789	9.93262e-07
2790	9.95508e-07
2791	9.90803e-07
2792	9.92735e-07
2793	9.88198e-07
2794	9.90327e-07
2795	9.85716e-07
2796	9.88037e-07
2797	9.83119e-07
2798	9.85327e-07
2799	9.80947e-07
2800	9.86642e-07
2801	9.78917e-07
2802	9.74443e-07
2803	9.73053e-07
2804	9.73717e-07
2805	9.65527e-07
2806	9.72262e-07
2807	9.71201e-07
2808	9.70979e-07
2809	9.68285e-07
2810	9.6969e-07
2811	9.6998e-07
2812	9.66622e-07
2813	9.58713e-07
2814	9.62654e-07
2815	9.56985e-07
2816	9.59178e-07
2817	9.54994e-07
2818	9.56707e-07
2819	9.48168e-07
2820	9.55134e-07
2821	9.5391e-07
2822	9.53405e-07
2823	9.50931e-07
2824	9.55449e-07
2825	9.48559e-07
2826	9.44141e-07
2827	9.43253e-07
2828	9.4376e-07
2829	9.39864e-07
2830	9.4107e-07
2831	9.37121e-07
2832	9.38319e-07
2833	9.34581e-07
2834	9.36131e-07
2835	9.32102e-07
2836	9.34313e-07
2837	9.30399e-07
2838	9.32114e-07
2839	9.28321e-07
2840	9.294e-07
2841	9.25847e-07
2842	9.27194e-07
2843	9.23431e-07
2844	9.24982e-07
2845	9.20806e-07
2846	9.22059e-07
2847	9.18399e-07
2848	9.19356e-07
2849	9.15968e-07
2850	9.17285e-07
2851	9.13686e-07
2852	9.15329e-07
2853	9.11571e-07
2854	9.12726e-07
2855	9.09071e-07
2856	9.09864e-07
2857	9.06473e-07
2858	9.07607e-07
2859	9.04092e-07
2860	9.0544e-07
2861	9.01586e-07
2862	9.02674e-07
2863	8.993e-07
2864	9.00121e-07
2865	8.96918e-07
2866	8.98006e-07
2867	8.94576e-07
2868	8.9589e-07
2869	8.92346e-07
2870	8.93257e-07
2871	8.8985e-07
2872	8.90516e-07
2873	8.87343e-07
2874	8.88328e-07
2875	8.85033e-07
2876	8.86168e-07
2877	8.82561e-07
2878	8.83441e-07
2879	8.80305e-07
2880	8.80967e-07
2881	8.77943e-07
2882	8.78824e-07
2883	8.75564e-07
2884	8.76615e-07
2885	8.73275e-07
2886	8.73976e-07
2887	8.70802e-07
2888	8.71329e-07
2889	8.68361e-07
2890	8.69178e-07
2891	8.66073e-07
2892	8.66978e-07
2893	8.63589e-07
2894	8.64256e-07
2895	8.61347e-07
2896	8.61856e-07
2897	8.59033e-07
2898	8.5974e-07
2899	8.56666e-07
2900	8.57482e-07
2901	8.54347e-07
2902	8.54836e-07
2903	8.51893e-07
2904	8.52271e-07
2905	8.49517e-07
2906	8.50162e-07
2907	8.47249e-07
2908	8.47931e-07
2909	8.44759e-07
2910	8.45212e-07
2911	8.42521e-07
2912	8.42875e-07
2913	8.4026e-07
2914	8.40799e-07
2915	8.37917e-07
2916	8.38508e-07
2917	8.35572e-07
2918	8.35847e-07
2919	8.33125e-07
2920	8.33341e-07
2921	8.30797e-07
2922	8.31268e-07
2923	8.28429e-07
2924	8.28989e-07
2925	8.26305e-07
2926	8.26472e-07
2927	8.23854e-07
2928	8.23958e-07
2929	8.2142e-07
2930	8.21842e-07
2931	8.19259e-07
2932	8.19671e-07
2933	8.17051e-07
2934	8.17094e-07
2935	8.14582e-07
2936	8.14634e-07
2937	8.12193e-07
2938	8.12463e-07
2939	8.09794e-07
2940	8.10096e-07
2941	8.07722e-07
2942	8.07728e-07
2943	8.05406e-07
2944	8.05406e-07
2945	8.03002e-07
2946	8.03205e-07
2947	8.00761e-07
2948	8.00858e-07
2949	7.98481e-07
2950	7.98343e-07
2951	7.96111e-07
2952	7.96071e-07
2953	7.93664e-07
2954	7.93845e-07
2955	7.91638e-07
2956	7.91599e-07
2957	7.89333e-07
2958	7.89076e-07
2959	7.86863e-07
2960	7.86797e-07
2961	7.8464e-07
2962	7.84685e-07
2963	7.82518e-07
2964	7.82338e-07
2965	7.80191e-07
2966	7.79897e-07
2967	7.77808e-07
2968	7.77629e-07
2969	7.7538e-07
2970	7.75318e-07
2971	7.73363e-07
2972	7.73117e-07
2973	7.71148e-07
2974	7.70802e-07
2975	7.68764e-07
2976	7.68535e-07
2977	7.66503e-07
2978	7.66258e-07
2979	7.64301e-07
2980	7.63908e-07
2981	7.62037e-07
2982	7.61655e-07
2983	7.59638e-07
2984	7.59389e-07
2985	7.5757e-07
2986	7.57198e-07
2987	7.55338e-07
2988	7.54817e-07
2989	7.52974e-07
2990	7.52555e-07
2991	7.50765e-07
2992	7.50408e-07
2993	7.48638e-07
2994	7.48149e-07
2995	7.46401e-07
2996	7.45833e-07
2997	7.44109e-07
2998	7.43581e-07
2999	7.41722e-07
3000	7.41274e-07
3001	7.39703e-07
3002	7.39154e-07
3003	7.37568e-07
3004	7.36939e-07
3005	7.35262e-07
3006	7.34676e-07
3007	7.33012e-07
3008	7.32408e-07
3009	7.30846e-07
3010	7.30172e-07
3011	7.28683e-07
3012	7.28014e-07
3013	7.2647e-07
3014	7.25794e-07
3015	7.24104e-07
3016	7.23436e-07
3017	7.22081e-07
3018	7.21366e-07
3019	7.20022e-07
3020	7.1928e-07
3021	7.17764e-07
3022	7.16997e-07
3023	7.15482e-07
3024	7.14655e-07
3025	7.13316e-07
3026	7.12361e-07
3027	7.11053e-07
3028	7.10149e-07
3029	7.08671e-07
3030	7.07832e-07
3031	7.06437e-07
3032	7.05454e-07
3033	7.04153e-07
3034	7.03202e-07
3035	7.01955e-07
3036	7.01127e-07
3037	6.99855e-07
3038	6.99002e-07
3039	6.97772e-07
3040	6.96806e-07
3041	6.95673e-07
3042	6.94701e-07
3043	6.9344e-07
3044	6.92532e-07
3045	6.91388e-07
3046	6.90382e-07
3047	6.89214e-07
3048	6.88113e-07
3049	6.87002e-07
3050	6.85982e-07
3051	6.84927e-07
3052	6.83964e-07
3053	6.82915e-07
3054	6.81867e-07
3055	6.80839e-07
3056	6.79718e-07
3057	6.78718e-07
3058	6.77599e-07
3059	6.76474e-07
3060	6.75409e-07
3061	6.74509e-07
3062	6.73391e-07
3063	6.72496e-07
3064	6.7131e-07
3065	6.70353e-07
3066	6.69175e-07
3067	6.68224e-07
3068	6.67047e-07
3069	6.66188e-07
3070	6.6499e-07
3071	6.64202e-07
3072	6.62986e-07
3073	6.62149e-07
3074	6.60892e-07
3075	6.59924e-07
3076	6.58686e-07
3077	6.57997e-07
3078	6.56752e-07
3079	6.56081e-07
3080	6.54786e-07
3081	6.53968e-07
3082	6.52621e-07
3083	6.51806e-07
3084	6.5045e-07
3085	6.49808e-07
3086	6.48487e-07
3087	6.47923e-07
3088	6.46592e-07
3089	6.45825e-07
3090	6.4446e-07
3091	6.43813e-07
3092	6.42389e-07
