1	1
2	0.633379
3	0.224977
4	0.0731389
5	0.319591
6	0.269519
7	0.174901
8	0.185923
9	0.0503682
10	0.0845052
11	0.121471
12	0.0269412
13	0.0733628
14	0.0566106
15	0.0160723
16	0.0433634
17	0.0319796
18	0.0165628
19	0.0281762
20	0.0148494
21	0.0123151
22	0.0168844
23	0.00744158
24	0.009418
25	0.00988634
26	0.00416749
27	0.00612496
28	0.00546399
29	0.00292299
30	0.0041843
31	0.00308021
32	0.00222466
33	0.00272328
34	0.00179742
35	0.00174952
36	0.00186328
37	0.0012331
38	0.00134451
39	0.00127713
40	0.000970723
41	0.00108742
42	0.000951605
43	0.000821972
44	0.000870071
45	0.000784031
46	0.00077971
47	0.00077327
48	0.00071076
49	0.000718251
50	0.000717799
51	0.000707124
52	0.000701723
53	0.000679525
54	0.000671963
55	0.000674295
56	0.000675087
57	0.000677946
58	0.000676308
59	0.000669893
60	0.000664339
61	0.000661656
62	0.000662036
63	0.000664894
64	0.000664935
65	0.00066296
66	0.000660261
67	0.000657997
68	0.000657066
69	0.000657293
70	0.00065794
71	0.000658484
72	0.000657952
73	0.000657111
74	0.000656476
75	0.000656257
76	0.000656407
77	0.000656734
78	0.000657048
79	0.000657285
80	0.000657419
81	0.000657461
82	0.000657549
83	0.000657745
84	0.000658099
85	0.000658581
86	0.000659057
87	0.000659465
88	0.000659805
89	0.000660146
90	0.000660554
91	0.000661054
92	0.000661596
93	0.000662149
94	0.000662638
95	0.000663087
96	0.000663582
97	0.000664175
98	0.000664749
99	0.000665261
100	0.000665786
101	0.000666253
102	0.000666821
103	0.0006674
104	0.000668052
105	0.000668647
106	0.000669203
107	0.00066973
108	0.000670266
109	0.000670856
110	0.000671446
111	0.000672164
112	0.000672764
113	0.000673267
114	0.000673777
115	0.000674388
116	0.000675203
117	0.000675928
118	0.00067648
119	0.000676933
120	0.000677647
121	0.000678383
122	0.000679025
123	0.000679581
124	0.000680278
125	0.000680933
126	0.000681484
127	0.000682207
128	0.000682844
129	0.000683393
130	0.000684071
131	0.000684654
132	0.000685313
133	0.000685788
134	0.000686391
135	0.000686877
136	0.000687505
137	0.000687984
138	0.000688555
139	0.000688963
140	0.000689487
141	0.00068989
142	0.000690342
143	0.000690905
144	0.000691185
145	0.00069158
146	0.00069183
147	0.000692195
148	0.000692657
149	0.000692858
150	0.000693033
151	0.00069336
152	0.000693473
153	0.000693659
154	0.000693957
155	0.000694014
156	0.000694069
157	0.000694261
158	0.000694248
159	0.000694277
160	0.000694337
161	0.000694463
162	0.000694265
163	0.000694131
164	0.000694096
165	0.00069417
166	0.000693922
167	0.000693677
168	0.000693506
169	0.000693453
170	0.000693111
171	0.000692799
172	0.000692535
173	0.000692351
174	0.000691907
175	0.000691482
176	0.000691096
177	0.000690735
178	0.000690401
179	0.000689764
180	0.000689176
181	0.000688713
182	0.000688249
183	0.000687794
184	0.000687014
185	0.000686296
186	0.000685705
187	0.000685152
188	0.00068457
189	0.000683694
190	0.00068285
191	0.000682142
192	0.000681462
193	0.000680784
194	0.000679806
195	0.000678867
196	0.00067802
197	0.000677221
198	0.000676394
199	0.000675308
200	0.000674239
201	0.000673283
202	0.000672346
203	0.000671417
204	0.000670212
205	0.000669055
206	0.00066798
207	0.000666949
208	0.000665895
209	0.000664613
210	0.000663349
211	0.000662205
212	0.000661167
213	0.00065986
214	0.000658428
215	0.00065731
216	0.000656087
217	0.000654791
218	0.000653412
219	0.000652106
220	0.000650799
221	0.000649522
222	0.000648167
223	0.000646866
224	0.000645346
225	0.000643994
226	0.000642599
227	0.000641337
228	0.000639863
229	0.000638445
230	0.000637031
231	0.000635648
232	0.000634224
233	0.000632805
234	0.000631341
235	0.00062993
236	0.000628509
237	0.000627136
238	0.000625656
239	0.0006243
240	0.000622857
241	0.00062143
242	0.000620118
243	0.000618862
244	0.000617511
245	0.000616123
246	0.000614736
247	0.000613482
248	0.000612295
249	0.000611167
250	0.000610021
251	0.000608909
252	0.000607833
253	0.000606894
254	0.000606055
255	0.000605347
256	0.000604726
257	0.000604228
258	0.000603807
259	0.000603499
260	0.000603264
261	0.000603123
262	0.000603059
263	0.000603078
264	0.000603132
265	0.000603233
266	0.000603348
267	0.000603491
268	0.000603623
269	0.000603765
270	0.0006039
271	0.000604044
272	0.000604175
273	0.000604304
274	0.000604418
275	0.000604833
276	0.000604629
277	0.000604649
278	0.000604925
279	0.000605055
280	0.000605003
281	0.000604922
282	0.000604766
283	0.000604979
284	0.000605091
285	0.000604981
286	0.000604758
287	0.000604423
288	0.00060453
289	0.000604576
290	0.000604376
291	0.000603884
292	0.000603758
293	0.000603674
294	0.000603305
295	0.000603117
296	0.000602824
297	0.000602454
298	0.000601885
299	0.000601719
300	0.000601466
301	0.000600868
302	0.000600488
303	0.000600064
304	0.000599407
305	0.000599065
306	0.000598626
307	0.000597894
308	0.000597443
309	0.000596802
310	0.00059635
311	0.000595782
312	0.000594924
313	0.000594403
314	0.000593719
315	0.000593185
316	0.000592531
317	0.000591629
318	0.000590977
319	0.000590252
320	0.000589673
321	0.000588947
322	0.000587992
323	0.000587306
324	0.000586488
325	0.000585866
326	0.000585113
327	0.000584105
328	0.000583368
329	0.000582547
330	0.000581844
331	0.000581069
332	0.000580072
333	0.000579271
334	0.000578436
335	0.000577719
336	0.000576884
337	0.000575905
338	0.000575117
339	0.000574326
340	0.000573417
341	0.000572676
342	0.000571864
343	0.000570928
344	0.000570163
345	0.00056937
346	0.000568485
347	0.000567744
348	0.000566959
349	0.000566157
350	0.000565256
351	0.00056458
352	0.000563877
353	0.000563111
354	0.000562182
355	0.000561449
356	0.000560917
357	0.000560236
358	0.000559287
359	0.0005585
360	0.000557936
361	0.00055727
362	0.000556383
363	0.000555724
364	0.000555003
365	0.000554344
366	0.000553513
367	0.000552882
368	0.000552235
369	0.000551383
370	0.000550753
371	0.000550096
372	0.000549272
373	0.000548637
374	0.000547995
375	0.000547164
376	0.000546535
377	0.00054576
378	0.000545167
379	0.000544375
380	0.000543742
381	0.000542938
382	0.000542307
383	0.000541509
384	0.000540883
385	0.000540078
386	0.00053943
387	0.00053861
388	0.000537949
389	0.000537128
390	0.000536465
391	0.000535634
392	0.000534854
393	0.000534211
394	0.000533399
395	0.000532564
396	0.000531785
397	0.000531022
398	0.000530273
399	0.000529475
400	0.000528661
401	0.000527759
402	0.000526982
403	0.000526113
404	0.000525286
405	0.000524541
406	0.000523738
407	0.000522838
408	0.000521932
409	0.000521041
410	0.000520214
411	0.000519376
412	0.000518536
413	0.000517653
414	0.000516721
415	0.000515859
416	0.000514955
417	0.000514058
418	0.000513269
419	0.000512406
420	0.000511488
421	0.000510532
422	0.000509623
423	0.000508738
424	0.000507838
425	0.000506996
426	0.000506074
427	0.000505133
428	0.000504295
429	0.000503402
430	0.000502488
431	0.000501534
432	0.000500584
433	0.000499714
434	0.000498809
435	0.000497862
436	0.000497053
437	0.000496163
438	0.000495224
439	0.000494228
440	0.000493353
441	0.000492492
442	0.000491632
443	0.000490719
444	0.000489764
445	0.000488942
446	0.000488095
447	0.000487194
448	0.000486488
449	0.000485718
450	0.00048487
451	0.000484092
452	0.000483409
453	0.000482767
454	0.000482089
455	0.000481615
456	0.000481132
457	0.000480563
458	0.000479936
459	0.000479528
460	0.000479186
461	0.000478751
462	0.000478373
463	0.000477959
464	0.000477497
465	0.0004773
466	0.000477117
467	0.000476681
468	0.000476182
469	0.00047598
470	0.000476353
471	0.000476105
472	0.000476133
473	0.000475521
474	0.000475077
475	0.000475221
476	0.000475171
477	0.000475718
478	0.000475319
479	0.000474879
480	0.000474916
481	0.000475335
482	0.000475421
483	0.000475031
484	0.000474999
485	0.000474915
486	0.00047532
487	0.000475539
488	0.0004751
489	0.000474877
490	0.000475448
491	0.000476314
492	0.000476125
493	0.000475966
494	0.000475667
495	0.00047611
496	0.000476345
497	0.000476864
498	0.000476789
499	0.000476952
500	0.000477101
501	0.000476909
502	0.000477186
503	0.00047818
504	0.00047846
505	0.000477742
506	0.000477561
507	0.0004786
508	0.000479183
509	0.000478928
510	0.000479152
511	0.000479415
512	0.000479619
513	0.000479782
514	0.000479619
515	0.000480223
516	0.00048078
517	0.000480305
518	0.000480475
519	0.000480808
520	0.000481041
521	0.000481105
522	0.000480717
523	0.000481149
524	0.000481495
525	0.000481487
526	0.000481252
527	0.000480731
528	0.000481163
529	0.00048155
530	0.000481432
531	0.00048101
532	0.000480287
533	0.00048059
534	0.000480868
535	0.000480676
536	0.000479874
537	0.000479196
538	0.000479226
539	0.000479362
540	0.000478945
541	0.000478486
542	0.000477894
543	0.000477351
544	0.000476877
545	0.000476114
546	0.000476119
547	0.000475653
548	0.000474634
549	0.000473317
550	0.000472447
551	0.000472052
552	0.000471568
553	0.000470376
554	0.000469397
555	0.000468382
556	0.000467292
557	0.000465979
558	0.00046507
559	0.000464094
560	0.000462848
561	0.000461223
562	0.000459923
563	0.000458714
564	0.000457395
565	0.000455702
566	0.000454272
567	0.000452846
568	0.000451286
569	0.000449398
570	0.000447797
571	0.000446241
572	0.000444564
573	0.000442545
574	0.000440789
575	0.000439085
576	0.000437295
577	0.000435187
578	0.000433328
579	0.000431533
580	0.000429666
581	0.000427497
582	0.000425571
583	0.000423716
584	0.000421802
585	0.000419608
586	0.000417652
587	0.000415783
588	0.000413859
589	0.000411658
590	0.000409697
591	0.000407734
592	0.00040584
593	0.000403914
594	0.000401754
595	0.000399824
596	0.000397868
597	0.000395987
598	0.000393977
599	0.000392043
600	0.000390039
601	0.000388153
602	0.000386198
603	0.000384259
604	0.000382415
605	0.00038048
606	0.000378575
607	0.000376609
608	0.000374738
609	0.00037284
610	0.000371022
611	0.000369127
612	0.000367219
613	0.000365576
614	0.000363637
615	0.000361609
616	0.000359687
617	0.000358172
618	0.000356378
619	0.000354417
620	0.000352486
621	0.000350904
622	0.000349257
623	0.00034728
624	0.000345485
625	0.000343779
626	0.000341904
627	0.000340316
628	0.000338694
629	0.000336805
630	0.000335108
631	0.000333467
632	0.000331647
633	0.000330076
634	0.000328493
635	0.000326827
636	0.000324963
637	0.000323382
638	0.00032188
639	0.000320311
640	0.000318511
641	0.000316936
642	0.000315428
643	0.000313886
644	0.00031218
645	0.000310493
646	0.000309109
647	0.000307709
648	0.000306146
649	0.000304427
650	0.000302739
651	0.000301407
652	0.000300108
653	0.000298635
654	0.000296965
655	0.000295312
656	0.000293972
657	0.000292706
658	0.000291295
659	0.00028976
660	0.000288145
661	0.000286648
662	0.000285312
663	0.000284038
664	0.000282689
665	0.000281246
666	0.000279763
667	0.000278326
668	0.000276967
669	0.000275652
670	0.000274324
671	0.000272956
672	0.000271568
673	0.000270192
674	0.000268854
675	0.000267537
676	0.000266229
677	0.000264901
678	0.000263573
679	0.00026224
680	0.000260932
681	0.000259625
682	0.000258334
683	0.000257031
684	0.000255737
685	0.000254438
686	0.000253158
687	0.000251869
688	0.000250598
689	0.000249314
690	0.000248046
691	0.000246765
692	0.000245504
693	0.00024423
694	0.000242979
695	0.00024171
696	0.000240462
697	0.000239196
698	0.000237953
699	0.000236692
700	0.000235459
701	0.000234208
702	0.000232982
703	0.000231736
704	0.00023052
705	0.000229283
706	0.000228071
707	0.000226838
708	0.000225633
709	0.000224401
710	0.000223175
711	0.000221962
712	0.000220778
713	0.000219587
714	0.00021839
715	0.000217178
716	0.000215971
717	0.000214772
718	0.000213589
719	0.000212404
720	0.000211221
721	0.000210038
722	0.000208838
723	0.000207637
724	0.000206487
725	0.000205257
726	0.000204099
727	0.000202939
728	0.000201742
729	0.000200537
730	0.000199398
731	0.000198211
732	0.000197052
733	0.000195904
734	0.00019472
735	0.00019353
736	0.000192412
737	0.000191238
738	0.000190103
739	0.000188986
740	0.000187836
741	0.000186674
742	0.000185585
743	0.000184429
744	0.000183323
745	0.000182159
746	0.000181086
747	0.000180001
748	0.00017884
749	0.000177726
750	0.000176622
751	0.000175464
752	0.000174407
753	0.000173311
754	0.000172205
755	0.000171146
756	0.000170027
757	0.000168869
758	0.000167827
759	0.000166768
760	0.000165692
761	0.000164643
762	0.000163568
763	0.000162462
764	0.000161443
765	0.000160394
766	0.000159337
767	0.000158317
768	0.000157278
769	0.000156215
770	0.000155216
771	0.000154188
772	0.000153156
773	0.000152158
774	0.000151145
775	0.000150113
776	0.00014913
777	0.000148115
778	0.00014714
779	0.000146131
780	0.000145126
781	0.000144159
782	0.000143188
783	0.000142231
784	0.000141236
785	0.000140244
786	0.000139304
787	0.000138364
788	0.000137432
789	0.000136465
790	0.000135524
791	0.000134554
792	0.000133635
793	0.000132745
794	0.000131862
795	0.000130903
796	0.000129984
797	0.000129087
798	0.00012824
799	0.000127397
800	0.000126555
801	0.000125725
802	0.000124876
803	0.000124085
804	0.000123342
805	0.000122627
806	0.000121949
807	0.000121295
808	0.000120628
809	0.000119996
810	0.000119405
811	0.000118837
812	0.000118323
813	0.000117796
814	0.000117259
815	0.000116728
816	0.000116266
817	0.0001158
818	0.000115311
819	0.00011483
820	0.00011442
821	0.000113989
822	0.000113509
823	0.000113045
824	0.000112674
825	0.000112293
826	0.000111859
827	0.000111404
828	0.000110957
829	0.000110622
830	0.000110286
831	0.000109869
832	0.000109423
833	0.000109009
834	0.000108635
835	0.000108282
836	0.000107955
837	0.000107534
838	0.000107143
839	0.000106733
840	0.000106381
841	0.000106063
842	0.000105714
843	0.000105309
844	0.000104921
845	0.000104554
846	0.000104225
847	0.000103877
848	0.000103524
849	0.000103149
850	0.000102799
851	0.000102449
852	0.000102124
853	0.00010178
854	0.000101424
855	0.000101087
856	0.000100821
857	0.000100468
858	0.000100177
859	9.98577e-05
860	9.95509e-05
861	9.92314e-05
862	9.89403e-05
863	9.86308e-05
864	9.83326e-05
865	9.7982e-05
866	9.77073e-05
867	9.73857e-05
868	9.70792e-05
869	9.68008e-05
870	9.65051e-05
871	9.61659e-05
872	9.58466e-05
873	9.55117e-05
874	9.5256e-05
875	9.49698e-05
876	9.46523e-05
877	9.43066e-05
878	9.3996e-05
879	9.36664e-05
880	9.34126e-05
881	9.31205e-05
882	9.27991e-05
883	9.24529e-05
884	9.21465e-05
885	9.18176e-05
886	9.15624e-05
887	9.12678e-05
888	9.0948e-05
889	9.06027e-05
890	9.02991e-05
891	8.99672e-05
892	8.97124e-05
893	8.94177e-05
894	8.91013e-05
895	8.87559e-05
896	8.84247e-05
897	8.81455e-05
898	8.78856e-05
899	8.75614e-05
900	8.72353e-05
901	8.68742e-05
902	8.66076e-05
903	8.63265e-05
904	8.60337e-05
905	8.56996e-05
906	8.536e-05
907	8.50613e-05
908	8.48135e-05
909	8.45037e-05
910	8.41823e-05
911	8.38405e-05
912	8.35552e-05
913	8.32513e-05
914	8.29669e-05
915	8.26388e-05
916	8.23423e-05
917	8.20224e-05
918	8.17351e-05
919	8.14225e-05
920	8.11402e-05
921	8.08186e-05
922	8.05256e-05
923	8.02124e-05
924	7.99356e-05
925	7.9624e-05
926	7.93392e-05
927	7.90238e-05
928	7.87445e-05
929	7.84337e-05
930	7.81583e-05
931	7.78478e-05
932	7.75736e-05
933	7.72648e-05
934	7.69947e-05
935	7.66875e-05
936	7.64194e-05
937	7.6113e-05
938	7.58482e-05
939	7.55442e-05
940	7.52821e-05
941	7.49791e-05
942	7.47188e-05
943	7.44171e-05
944	7.416e-05
945	7.38607e-05
946	7.36119e-05
947	7.3314e-05
948	7.30351e-05
949	7.27323e-05
950	7.2512e-05
951	7.22333e-05
952	7.19761e-05
953	7.16692e-05
954	7.14201e-05
955	7.11455e-05
956	7.09049e-05
957	7.06201e-05
958	7.03665e-05
959	7.00963e-05
960	6.98733e-05
961	6.95963e-05
962	6.93497e-05
963	6.90699e-05
964	6.88306e-05
965	6.85715e-05
966	6.83554e-05
967	6.80815e-05
968	6.78407e-05
969	6.75682e-05
970	6.73376e-05
971	6.70814e-05
972	6.68668e-05
973	6.65968e-05
974	6.63638e-05
975	6.61011e-05
976	6.58881e-05
977	6.56293e-05
978	6.54092e-05
979	6.51513e-05
980	6.49327e-05
981	6.46774e-05
982	6.44656e-05
983	6.4216e-05
984	6.40017e-05
985	6.37449e-05
986	6.35266e-05
987	6.32748e-05
988	6.30643e-05
989	6.28131e-05
990	6.26005e-05
991	6.23541e-05
992	6.21408e-05
993	6.18911e-05
994	6.16802e-05
995	6.14368e-05
996	6.1228e-05
997	6.09804e-05
998	6.07661e-05
999	6.05205e-05
1000	6.03124e-05
1001	6.00721e-05
1002	5.9864e-05
1003	5.96213e-05
1004	5.94109e-05
1005	5.91701e-05
1006	5.89628e-05
1007	5.87256e-05
1008	5.8519e-05
1009	5.82819e-05
1010	5.80753e-05
1011	5.78397e-05
1012	5.7635e-05
1013	5.74018e-05
1014	5.71985e-05
1015	5.69672e-05
1016	5.67647e-05
1017	5.65348e-05
1018	5.63327e-05
1019	5.6104e-05
1020	5.58964e-05
1021	5.56751e-05
1022	5.54802e-05
1023	5.52498e-05
1024	5.50419e-05
1025	5.48142e-05
1026	5.46189e-05
1027	5.43993e-05
1028	5.41996e-05
1029	5.3968e-05
1030	5.37693e-05
1031	5.3546e-05
1032	5.33441e-05
1033	5.31316e-05
1034	5.29393e-05
1035	5.27168e-05
1036	5.25164e-05
1037	5.22973e-05
1038	5.21141e-05
1039	5.19068e-05
1040	5.17091e-05
1041	5.1488e-05
1042	5.12963e-05
1043	5.10893e-05
1044	5.09164e-05
1045	5.07149e-05
1046	5.05191e-05
1047	5.03037e-05
1048	5.01204e-05
1049	4.99248e-05
1050	4.97621e-05
1051	4.95696e-05
1052	4.93794e-05
1053	4.91722e-05
1054	4.89972e-05
1055	4.88104e-05
1056	4.86576e-05
1057	4.84752e-05
1058	4.82913e-05
1059	4.80916e-05
1060	4.79152e-05
1061	4.77557e-05
1062	4.76085e-05
1063	4.74247e-05
1064	4.72445e-05
1065	4.70518e-05
1066	4.69074e-05
1067	4.67533e-05
1068	4.65969e-05
1069	4.64146e-05
1070	4.62395e-05
1071	4.60879e-05
1072	4.59536e-05
1073	4.57907e-05
1074	4.56066e-05
1075	4.54499e-05
1076	4.53365e-05
1077	4.51888e-05
1078	4.50035e-05
1079	4.4852e-05
1080	4.47201e-05
1081	4.45917e-05
1082	4.44308e-05
1083	4.42896e-05
1084	4.4159e-05
1085	4.39896e-05
1086	4.3853e-05
1087	4.3739e-05
1088	4.36165e-05
1089	4.34414e-05
1090	4.33114e-05
1091	4.31884e-05
1092	4.30523e-05
1093	4.2924e-05
1094	4.27989e-05
1095	4.26409e-05
1096	4.25298e-05
1097	4.24146e-05
1098	4.22648e-05
1099	4.2133e-05
1100	4.20382e-05
1101	4.19201e-05
1102	4.1764e-05
1103	4.16454e-05
1104	4.15461e-05
1105	4.14296e-05
1106	4.12821e-05
1107	4.11639e-05
1108	4.10799e-05
1109	4.09637e-05
1110	4.08197e-05
1111	4.06995e-05
1112	4.0617e-05
1113	4.05159e-05
1114	4.03711e-05
1115	4.02637e-05
1116	4.01738e-05
1117	4.00699e-05
1118	3.99339e-05
1119	3.9836e-05
1120	3.97487e-05
1121	3.96438e-05
1122	3.95083e-05
1123	3.94153e-05
1124	3.93279e-05
1125	3.92378e-05
1126	3.9121e-05
1127	3.90136e-05
1128	3.89076e-05
1129	3.88259e-05
1130	3.874e-05
1131	3.86385e-05
1132	3.85234e-05
1133	3.8431e-05
1134	3.83384e-05
1135	3.82607e-05
1136	3.81624e-05
1137	3.80671e-05
1138	3.79709e-05
1139	3.78801e-05
1140	3.77921e-05
1141	3.77091e-05
1142	3.76213e-05
1143	3.75331e-05
1144	3.74404e-05
1145	3.7354e-05
1146	3.72674e-05
1147	3.71879e-05
1148	3.71034e-05
1149	3.70221e-05
1150	3.69353e-05
1151	3.68482e-05
1152	3.67696e-05
1153	3.66998e-05
1154	3.66175e-05
1155	3.65389e-05
1156	3.64564e-05
1157	3.63866e-05
1158	3.63027e-05
1159	3.62392e-05
1160	3.61664e-05
1161	3.6096e-05
1162	3.60166e-05
1163	3.59529e-05
1164	3.58858e-05
1165	3.58178e-05
1166	3.57535e-05
1167	3.56988e-05
1168	3.56278e-05
1169	3.55684e-05
1170	3.55051e-05
1171	3.54475e-05
1172	3.53997e-05
1173	3.53613e-05
1174	3.52979e-05
1175	3.52453e-05
1176	3.51783e-05
1177	3.51552e-05
1178	3.51205e-05
1179	3.50837e-05
1180	3.5022e-05
1181	3.49687e-05
1182	3.49373e-05
1183	3.49305e-05
1184	3.48919e-05
1185	3.4843e-05
1186	3.48026e-05
1187	3.47933e-05
1188	3.47646e-05
1189	3.47313e-05
1190	3.47052e-05
1191	3.47015e-05
1192	3.46702e-05
1193	3.46365e-05
1194	3.46139e-05
1195	3.46175e-05
1196	3.45912e-05
1197	3.45613e-05
1198	3.45395e-05
1199	3.45471e-05
1200	3.45099e-05
1201	3.45105e-05
1202	3.44875e-05
1203	3.44703e-05
1204	3.44513e-05
1205	3.44599e-05
1206	3.44244e-05
1207	3.44291e-05
1208	3.44104e-05
1209	3.43969e-05
1210	3.43789e-05
1211	3.439e-05
1212	3.43563e-05
1213	3.43665e-05
1214	3.43522e-05
1215	3.43407e-05
1216	3.43254e-05
1217	3.43399e-05
1218	3.43066e-05
1219	3.43213e-05
1220	3.43107e-05
1221	3.43012e-05
1222	3.42894e-05
1223	3.43083e-05
1224	3.42749e-05
1225	3.42939e-05
1226	3.4287e-05
1227	3.42786e-05
1228	3.42705e-05
1229	3.42769e-05
1230	3.42759e-05
1231	3.42965e-05
1232	3.42601e-05
1233	3.42788e-05
1234	3.42585e-05
1235	3.42901e-05
1236	3.42822e-05
1237	3.42718e-05
1238	3.42647e-05
1239	3.42775e-05
1240	3.42861e-05
1241	3.43115e-05
1242	3.42711e-05
1243	3.42885e-05
1244	3.42685e-05
1245	3.43083e-05
1246	3.43073e-05
1247	3.42974e-05
1248	3.42914e-05
1249	3.43022e-05
1250	3.43144e-05
1251	3.43444e-05
1252	3.43035e-05
1253	3.43255e-05
1254	3.43054e-05
1255	3.43494e-05
1256	3.43502e-05
1257	3.43374e-05
1258	3.43149e-05
1259	3.43684e-05
1260	3.4379e-05
1261	3.43682e-05
1262	3.43561e-05
1263	3.43606e-05
1264	3.43785e-05
1265	3.44185e-05
1266	3.43789e-05
1267	3.43831e-05
1268	3.44022e-05
1269	3.44421e-05
1270	3.44031e-05
1271	3.44266e-05
1272	3.44033e-05
1273	3.44505e-05
1274	3.44336e-05
1275	3.44648e-05
1276	3.44526e-05
1277	3.44379e-05
1278	3.44231e-05
1279	3.44896e-05
1280	3.44998e-05
1281	3.44788e-05
1282	3.446e-05
1283	3.44623e-05
1284	3.44846e-05
1285	3.45006e-05
1286	3.45052e-05
1287	3.44996e-05
1288	3.44937e-05
1289	3.44967e-05
1290	3.45049e-05
1291	3.45114e-05
1292	3.45146e-05
1293	3.45145e-05
1294	3.45138e-05
1295	3.45156e-05
1296	3.4518e-05
1297	3.45202e-05
1298	3.45213e-05
1299	3.45217e-05
1300	3.45216e-05
1301	3.4522e-05
1302	3.45221e-05
1303	3.45219e-05
1304	3.45214e-05
1305	3.45203e-05
1306	3.45195e-05
1307	3.4518e-05
1308	3.45169e-05
1309	3.45146e-05
1310	3.45131e-05
1311	3.451e-05
1312	3.45081e-05
1313	3.45042e-05
1314	3.45019e-05
1315	3.44974e-05
1316	3.44947e-05
1317	3.44894e-05
1318	3.44667e-05
1319	3.45043e-05
1320	3.44918e-05
1321	3.44638e-05
1322	3.44264e-05
1323	3.44733e-05
1324	3.44559e-05
1325	3.44738e-05
1326	3.44235e-05
1327	3.44337e-05
1328	3.43978e-05
1329	3.44312e-05
1330	3.43977e-05
1331	3.44178e-05
1332	3.43729e-05
1333	3.43892e-05
1334	3.43495e-05
1335	3.43524e-05
1336	3.43557e-05
1337	3.43701e-05
1338	3.43077e-05
1339	3.42915e-05
1340	3.42996e-05
1341	3.4305e-05
1342	3.42893e-05
1343	3.42637e-05
1344	3.42234e-05
1345	3.42526e-05
1346	3.4241e-05
1347	3.42087e-05
1348	3.4161e-05
1349	3.4192e-05
1350	3.41622e-05
1351	3.41727e-05
1352	3.41172e-05
1353	3.41212e-05
1354	3.40764e-05
1355	3.40751e-05
1356	3.40745e-05
1357	3.40801e-05
1358	3.40093e-05
1359	3.39837e-05
1360	3.39857e-05
1361	3.39848e-05
1362	3.39651e-05
1363	3.39313e-05
1364	3.38826e-05
1365	3.39035e-05
1366	3.38678e-05
1367	3.38713e-05
1368	3.3812e-05
1369	3.37915e-05
1370	3.37811e-05
1371	3.37698e-05
1372	3.3743e-05
1373	3.37114e-05
1374	3.3667e-05
1375	3.36853e-05
1376	3.3642e-05
1377	3.3635e-05
1378	3.35716e-05
1379	3.35516e-05
1380	3.35413e-05
1381	3.35284e-05
1382	3.34952e-05
1383	3.34586e-05
1384	3.3408e-05
1385	3.34229e-05
1386	3.33772e-05
1387	3.33693e-05
1388	3.33028e-05
1389	3.32782e-05
1390	3.32618e-05
1391	3.32445e-05
1392	3.3208e-05
1393	3.3169e-05
1394	3.31151e-05
1395	3.31262e-05
1396	3.3076e-05
1397	3.3064e-05
1398	3.29935e-05
1399	3.29646e-05
1400	3.29444e-05
1401	3.29238e-05
1402	3.28842e-05
1403	3.28417e-05
1404	3.27837e-05
1405	3.279e-05
1406	3.27362e-05
1407	3.27207e-05
1408	3.26474e-05
1409	3.26143e-05
1410	3.25901e-05
1411	3.25654e-05
1412	3.25224e-05
1413	3.24768e-05
1414	3.24152e-05
1415	3.24171e-05
1416	3.23598e-05
1417	3.23408e-05
1418	3.2265e-05
1419	3.22279e-05
1420	3.21995e-05
1421	3.21713e-05
1422	3.21253e-05
1423	3.20769e-05
1424	3.2012e-05
1425	3.20092e-05
1426	3.1949e-05
1427	3.19264e-05
1428	3.18485e-05
1429	3.18077e-05
1430	3.17753e-05
1431	3.17437e-05
1432	3.16949e-05
1433	3.16441e-05
1434	3.15763e-05
1435	3.15689e-05
1436	3.15062e-05
1437	3.14803e-05
1438	3.14008e-05
1439	3.13568e-05
1440	3.13206e-05
1441	3.1286e-05
1442	3.12208e-05
1443	3.11982e-05
1444	3.11255e-05
1445	3.10956e-05
1446	3.10212e-05
1447	3.09801e-05
1448	3.09405e-05
1449	3.09001e-05
1450	3.08182e-05
1451	3.07826e-05
1452	3.07362e-05
1453	3.07257e-05
1454	3.06349e-05
1455	3.05746e-05
1456	3.05125e-05
1457	3.0494e-05
1458	3.0431e-05
1459	3.04136e-05
1460	3.03269e-05
1461	3.02456e-05
1462	3.01965e-05
1463	3.02169e-05
1464	3.01391e-05
1465	3.00686e-05
1466	2.99701e-05
1467	2.99555e-05
1468	2.9948e-05
1469	2.98881e-05
1470	2.97868e-05
1471	2.97314e-05
1472	2.96804e-05
1473	2.96521e-05
1474	2.95891e-05
1475	2.95395e-05
1476	2.94438e-05
1477	2.94154e-05
1478	2.93665e-05
1479	2.9324e-05
1480	2.92494e-05
1481	2.91774e-05
1482	2.91291e-05
1483	2.91049e-05
1484	2.90384e-05
1485	2.89833e-05
1486	2.88894e-05
1487	2.88597e-05
1488	2.88067e-05
1489	2.87613e-05
1490	2.86855e-05
1491	2.86341e-05
1492	2.8542e-05
1493	2.85128e-05
1494	2.84708e-05
1495	2.84288e-05
1496	2.83308e-05
1497	2.82733e-05
1498	2.82146e-05
1499	2.81596e-05
1500	2.81082e-05
1501	2.80757e-05
1502	2.80049e-05
1503	2.79281e-05
1504	2.78554e-05
1505	2.7824e-05
1506	2.77675e-05
1507	2.76983e-05
1508	2.76287e-05
1509	2.75918e-05
1510	2.7511e-05
1511	2.74698e-05
1512	2.74101e-05
1513	2.73614e-05
1514	2.72672e-05
1515	2.72188e-05
1516	2.71649e-05
1517	2.71268e-05
1518	2.70361e-05
1519	2.69852e-05
1520	2.69259e-05
1521	2.68841e-05
1522	2.67929e-05
1523	2.67453e-05
1524	2.66887e-05
1525	2.66279e-05
1526	2.65627e-05
1527	2.65218e-05
1528	2.64531e-05
1529	2.6381e-05
1530	2.63137e-05
1531	2.62802e-05
1532	2.62193e-05
1533	2.61475e-05
1534	2.60731e-05
1535	2.60333e-05
1536	2.59548e-05
1537	2.59145e-05
1538	2.58555e-05
1539	2.58052e-05
1540	2.57116e-05
1541	2.56589e-05
1542	2.56025e-05
1543	2.55637e-05
1544	2.54763e-05
1545	2.5425e-05
1546	2.53643e-05
1547	2.53036e-05
1548	2.5239e-05
1549	2.51982e-05
1550	2.51293e-05
1551	2.5058e-05
1552	2.49887e-05
1553	2.49535e-05
1554	2.48936e-05
1555	2.48245e-05
1556	2.47505e-05
1557	2.47086e-05
1558	2.46305e-05
1559	2.45885e-05
1560	2.45295e-05
1561	2.44803e-05
1562	2.43896e-05
1563	2.4337e-05
1564	2.42796e-05
1565	2.42399e-05
1566	2.41548e-05
1567	2.41037e-05
1568	2.40433e-05
1569	2.39842e-05
1570	2.39203e-05
1571	2.38798e-05
1572	2.38118e-05
1573	2.37426e-05
1574	2.36738e-05
1575	2.36386e-05
1576	2.35796e-05
1577	2.35133e-05
1578	2.34408e-05
1579	2.33996e-05
1580	2.33233e-05
1581	2.3282e-05
1582	2.32238e-05
1583	2.31764e-05
1584	2.30887e-05
1585	2.30375e-05
1586	2.29807e-05
1587	2.29423e-05
1588	2.28602e-05
1589	2.28109e-05
1590	2.27514e-05
1591	2.26947e-05
1592	2.26323e-05
1593	2.25935e-05
1594	2.25272e-05
1595	2.2461e-05
1596	2.23938e-05
1597	2.236e-05
1598	2.23024e-05
1599	2.22394e-05
1600	2.21689e-05
1601	2.21294e-05
1602	2.20555e-05
1603	2.20157e-05
1604	2.19589e-05
1605	2.19138e-05
1606	2.18295e-05
1607	2.17804e-05
1608	2.17245e-05
1609	2.1688e-05
1610	2.16091e-05
1611	2.1562e-05
1612	2.15039e-05
1613	2.145e-05
1614	2.13893e-05
1615	2.13527e-05
1616	2.12883e-05
1617	2.12253e-05
1618	2.116e-05
1619	2.11279e-05
1620	2.1072e-05
1621	2.10123e-05
1622	2.09441e-05
1623	2.09066e-05
1624	2.08351e-05
1625	2.07971e-05
1626	2.07418e-05
1627	2.06993e-05
1628	2.06181e-05
1629	2.05713e-05
1630	2.05165e-05
1631	2.04821e-05
1632	2.04062e-05
1633	2.03615e-05
1634	2.03046e-05
1635	2.02534e-05
1636	2.01944e-05
1637	2.016e-05
1638	2.00974e-05
1639	2.00375e-05
1640	1.99739e-05
1641	1.99436e-05
1642	1.98892e-05
1643	1.98327e-05
1644	1.97665e-05
1645	1.9731e-05
1646	1.96617e-05
1647	1.96255e-05
1648	1.95715e-05
1649	1.95316e-05
1650	1.94536e-05
1651	1.9409e-05
1652	1.9355e-05
1653	1.93226e-05
1654	1.92497e-05
1655	1.92074e-05
1656	1.91518e-05
1657	1.91033e-05
1658	1.90461e-05
1659	1.9014e-05
1660	1.89534e-05
1661	1.88965e-05
1662	1.88346e-05
1663	1.8806e-05
1664	1.87422e-05
1665	1.87066e-05
1666	1.86487e-05
1667	1.86067e-05
1668	1.85312e-05
1669	1.84913e-05
1670	1.84419e-05
1671	1.84126e-05
1672	1.83416e-05
1673	1.82981e-05
1674	1.82409e-05
1675	1.81945e-05
1676	1.81398e-05
1677	1.81108e-05
1678	1.80525e-05
1679	1.79984e-05
1680	1.79372e-05
1681	1.79089e-05
1682	1.78467e-05
1683	1.78121e-05
1684	1.77553e-05
1685	1.77158e-05
1686	1.7643e-05
1687	1.76051e-05
1688	1.75562e-05
1689	1.75278e-05
1690	1.74589e-05
1691	1.74167e-05
1692	1.73605e-05
1693	1.73162e-05
1694	1.72631e-05
1695	1.72358e-05
1696	1.7179e-05
1697	1.71268e-05
1698	1.70666e-05
1699	1.7039e-05
1700	1.69787e-05
1701	1.69456e-05
1702	1.68904e-05
1703	1.68525e-05
1704	1.67821e-05
1705	1.67451e-05
1706	1.66969e-05
1707	1.66696e-05
1708	1.66032e-05
1709	1.65625e-05
1710	1.65075e-05
1711	1.64648e-05
1712	1.6413e-05
1713	1.63869e-05
1714	1.63315e-05
1715	1.62817e-05
1716	1.62226e-05
1717	1.61962e-05
1718	1.61375e-05
1719	1.61059e-05
1720	1.60519e-05
1721	1.60157e-05
1722	1.59389e-05
1723	1.58876e-05
1724	1.58595e-05
1725	1.58554e-05
1726	1.57848e-05
1727	1.57262e-05
1728	1.56678e-05
1729	1.56492e-05
1730	1.55845e-05
1731	1.55438e-05
1732	1.55071e-05
1733	1.54899e-05
1734	1.5417e-05
1735	1.53595e-05
1736	1.53096e-05
1737	1.52975e-05
1738	1.52331e-05
1739	1.51885e-05
1740	1.51455e-05
1741	1.51282e-05
1742	1.50584e-05
1743	1.50061e-05
1744	1.49585e-05
1745	1.49192e-05
1746	1.48713e-05
1747	1.48656e-05
1748	1.47984e-05
1749	1.47398e-05
1750	1.46818e-05
1751	1.46791e-05
1752	1.46233e-05
1753	1.45755e-05
1754	1.45171e-05
1755	1.45071e-05
1756	1.44461e-05
1757	1.43959e-05
1758	1.43419e-05
1759	1.43373e-05
1760	1.42785e-05
1761	1.42283e-05
1762	1.41707e-05
1763	1.4163e-05
1764	1.4104e-05
1765	1.40547e-05
1766	1.3999e-05
1767	1.39658e-05
1768	1.39148e-05
1769	1.39227e-05
1770	1.38641e-05
1771	1.38097e-05
1772	1.37417e-05
1773	1.37022e-05
1774	1.36518e-05
1775	1.36492e-05
1776	1.35992e-05
1777	1.35584e-05
1778	1.3518e-05
1779	1.34804e-05
1780	1.34157e-05
1781	1.3375e-05
1782	1.33279e-05
1783	1.33039e-05
1784	1.32551e-05
1785	1.32233e-05
1786	1.31705e-05
1787	1.31403e-05
1788	1.30803e-05
1789	1.30749e-05
1790	1.30226e-05
1791	1.29781e-05
1792	1.29141e-05
1793	1.28771e-05
1794	1.28401e-05
1795	1.28242e-05
1796	1.27747e-05
1797	1.27388e-05
1798	1.26793e-05
1799	1.26446e-05
1800	1.25964e-05
1801	1.25601e-05
1802	1.2514e-05
1803	1.24968e-05
1804	1.24495e-05
1805	1.24178e-05
1806	1.23619e-05
1807	1.2328e-05
1808	1.22696e-05
1809	1.22416e-05
1810	1.22013e-05
1811	1.21833e-05
1812	1.2136e-05
1813	1.21025e-05
1814	1.20442e-05
1815	1.20105e-05
1816	1.19527e-05
1817	1.19258e-05
1818	1.18866e-05
1819	1.18686e-05
1820	1.18222e-05
1821	1.17905e-05
1822	1.17335e-05
1823	1.16918e-05
1824	1.16396e-05
1825	1.16243e-05
1826	1.15841e-05
1827	1.15606e-05
1828	1.15086e-05
1829	1.14753e-05
1830	1.14222e-05
1831	1.13853e-05
1832	1.1337e-05
1833	1.13224e-05
1834	1.12791e-05
1835	1.12528e-05
1836	1.12005e-05
1837	1.1169e-05
1838	1.1118e-05
1839	1.10828e-05
1840	1.10353e-05
1841	1.10215e-05
1842	1.09785e-05
1843	1.09531e-05
1844	1.09009e-05
1845	1.08693e-05
1846	1.08126e-05
1847	1.07842e-05
1848	1.07426e-05
1849	1.07274e-05
1850	1.06833e-05
1851	1.06558e-05
1852	1.06012e-05
1853	1.05713e-05
1854	1.05165e-05
1855	1.04909e-05
1856	1.04505e-05
1857	1.04345e-05
1858	1.03898e-05
1859	1.03628e-05
1860	1.0309e-05
1861	1.02725e-05
1862	1.02222e-05
1863	1.02092e-05
1864	1.01698e-05
1865	1.0149e-05
1866	1.00992e-05
1867	1.00694e-05
1868	1.0018e-05
1869	9.98548e-06
1870	9.93887e-06
1871	9.92714e-06
1872	9.88548e-06
1873	9.86265e-06
1874	9.8127e-06
1875	9.7847e-06
1876	9.73132e-06
1877	9.70601e-06
1878	9.66416e-06
1879	9.64998e-06
1880	9.60635e-06
1881	9.58095e-06
1882	9.52842e-06
1883	9.49473e-06
1884	9.44627e-06
1885	9.43527e-06
1886	9.39698e-06
1887	9.37822e-06
1888	9.32941e-06
1889	9.3009e-06
1890	9.24986e-06
1891	9.21918e-06
1892	9.17353e-06
1893	9.16342e-06
1894	9.12325e-06
1895	9.10294e-06
1896	9.05498e-06
1897	9.02924e-06
1898	8.97773e-06
1899	8.95316e-06
1900	8.91085e-06
1901	8.89745e-06
1902	8.85531e-06
1903	8.83246e-06
1904	8.78221e-06
1905	8.75133e-06
1906	8.70435e-06
1907	8.6944e-06
1908	8.65652e-06
1909	8.63922e-06
1910	8.59172e-06
1911	8.565e-06
1912	8.51313e-06
1913	8.48868e-06
1914	8.44696e-06
1915	8.43572e-06
1916	8.38666e-06
1917	8.3521e-06
1918	8.32144e-06
1919	8.30876e-06
1920	8.26206e-06
1921	8.23703e-06
1922	8.19796e-06
1923	8.16022e-06
1924	8.12052e-06
1925	8.12365e-06
1926	8.07773e-06
1927	8.03907e-06
1928	7.99985e-06
1929	7.99862e-06
1930	7.95582e-06
1931	7.92774e-06
1932	7.88321e-06
1933	7.86842e-06
1934	7.82163e-06
1935	7.78362e-06
1936	7.74529e-06
1937	7.74721e-06
1938	7.70489e-06
1939	7.6769e-06
1940	7.63598e-06
1941	7.60141e-06
1942	7.56231e-06
1943	7.5587e-06
1944	7.51455e-06
1945	7.48424e-06
1946	7.45179e-06
1947	7.42079e-06
1948	7.38698e-06
1949	7.38951e-06
1950	7.34388e-06
1951	7.30632e-06
1952	7.26797e-06
1953	7.23625e-06
1954	7.21185e-06
1955	7.20833e-06
1956	7.16099e-06
1957	7.12452e-06
1958	7.09179e-06
1959	7.06188e-06
1960	7.04561e-06
1961	7.0474e-06
1962	6.99894e-06
1963	6.94256e-06
1964	6.89835e-06
1965	6.86992e-06
1966	6.85923e-06
1967	6.87753e-06
1968	6.83378e-06
1969	6.78161e-06
1970	6.73235e-06
1971	6.70247e-06
1972	6.68386e-06
1973	6.68787e-06
1974	6.64391e-06
1975	6.60994e-06
1976	6.56636e-06
1977	6.5542e-06
1978	6.52088e-06
1979	6.51335e-06
1980	6.4723e-06
1981	6.43791e-06
1982	6.39169e-06
1983	6.37667e-06
1984	6.34182e-06
1985	6.31329e-06
1986	6.29605e-06
1987	6.28078e-06
1988	6.24507e-06
1989	6.23714e-06
1990	6.19703e-06
1991	6.16123e-06
1992	6.12667e-06
1993	6.10617e-06
1994	6.07552e-06
1995	6.08989e-06
1996	6.05267e-06
1997	6.00965e-06
1998	5.95489e-06
1999	5.93433e-06
2000	5.90729e-06
2001	5.92034e-06
2002	5.88582e-06
2003	5.848e-06
2004	5.8085e-06
2005	5.7893e-06
2006	5.76225e-06
2007	5.77955e-06
2008	5.74288e-06
2009	5.69902e-06
2010	5.63749e-06
2011	5.61462e-06
2012	5.58728e-06
2013	5.62112e-06
2014	5.58915e-06
2015	5.55121e-06
2016	5.4998e-06
2017	5.47653e-06
2018	5.44741e-06
2019	5.46681e-06
2020	5.43265e-06
2021	5.39494e-06
2022	5.3426e-06
2023	5.31898e-06
2024	5.29074e-06
2025	5.31897e-06
2026	5.28813e-06
2027	5.25312e-06
2028	5.20131e-06
2029	5.17818e-06
2030	5.14972e-06
2031	5.15773e-06
2032	5.12581e-06
2033	5.09442e-06
2034	5.05803e-06
2035	5.04125e-06
2036	5.01754e-06
2037	5.03737e-06
2038	5.004e-06
2039	4.96336e-06
2040	4.89997e-06
2041	4.88031e-06
2042	4.85891e-06
2043	4.85766e-06
2044	4.83263e-06
2045	4.83859e-06
2046	4.80344e-06
2047	4.77639e-06
2048	4.73614e-06
2049	4.714e-06
2050	4.68397e-06
2051	4.67364e-06
2052	4.64338e-06
2053	4.63045e-06
2054	4.60009e-06
2055	4.58568e-06
2056	4.5568e-06
2057	4.54198e-06
2058	4.51393e-06
2059	4.50308e-06
2060	4.47325e-06
2061	4.45711e-06
2062	4.42486e-06
2063	4.40933e-06
2064	4.38049e-06
2065	4.36589e-06
2066	4.33794e-06
2067	4.32653e-06
2068	4.2981e-06
2069	4.28708e-06
2070	4.25856e-06
2071	4.24202e-06
2072	4.21013e-06
2073	4.19492e-06
2074	4.167e-06
2075	4.15616e-06
2076	4.13026e-06
2077	4.11987e-06
2078	4.09272e-06
2079	4.07837e-06
2080	4.04837e-06
2081	4.03435e-06
2082	4.0062e-06
2083	3.9937e-06
2084	3.96663e-06
2085	3.95486e-06
2086	3.92772e-06
2087	3.91292e-06
2088	3.88471e-06
2089	3.87471e-06
2090	3.84923e-06
2091	3.83951e-06
2092	3.81387e-06
2093	3.80164e-06
2094	3.77471e-06
2095	3.76229e-06
2096	3.73483e-06
2097	3.72053e-06
2098	3.69232e-06
2099	3.68245e-06
2100	3.65739e-06
2101	3.64783e-06
2102	3.62323e-06
2103	3.61241e-06
2104	3.58718e-06
2105	3.57707e-06
2106	3.55126e-06
2107	3.54095e-06
2108	3.51546e-06
2109	3.50211e-06
2110	3.47483e-06
2111	3.46349e-06
2112	3.43941e-06
2113	3.431e-06
2114	3.40786e-06
2115	3.39952e-06
2116	3.37548e-06
2117	3.3643e-06
2118	3.33833e-06
2119	3.32765e-06
2120	3.30363e-06
2121	3.29424e-06
2122	3.2709e-06
2123	3.26197e-06
2124	3.23834e-06
2125	3.22684e-06
2126	3.20257e-06
2127	3.19516e-06
2128	3.17289e-06
2129	3.16522e-06
2130	3.14272e-06
2131	3.13297e-06
2132	3.10977e-06
2133	3.10032e-06
2134	3.07724e-06
2135	3.06664e-06
2136	3.04334e-06
2137	3.03643e-06
2138	3.01517e-06
2139	3.00803e-06
2140	2.98695e-06
2141	2.97847e-06
2142	2.95699e-06
2143	2.94892e-06
2144	2.92703e-06
2145	2.91706e-06
2146	2.89452e-06
2147	2.88715e-06
2148	2.86658e-06
2149	2.85958e-06
2150	2.83979e-06
2151	2.83249e-06
2152	2.81269e-06
2153	2.80593e-06
2154	2.78557e-06
2155	2.77657e-06
2156	2.7554e-06
2157	2.7484e-06
2158	2.72879e-06
2159	2.72219e-06
2160	2.70339e-06
2161	2.69678e-06
2162	2.67812e-06
2163	2.67207e-06
2164	2.65328e-06
2165	2.64641e-06
2166	2.62648e-06
2167	2.61937e-06
2168	2.60079e-06
2169	2.59456e-06
2170	2.57711e-06
2171	2.57195e-06
2172	2.55461e-06
2173	2.54892e-06
2174	2.53039e-06
2175	2.52439e-06
2176	2.50675e-06
2177	2.50119e-06
2178	2.48429e-06
2179	2.47927e-06
2180	2.46264e-06
2181	2.45749e-06
2182	2.44023e-06
2183	2.43527e-06
2184	2.41884e-06
2185	2.41439e-06
2186	2.39845e-06
2187	2.39439e-06
2188	2.37859e-06
2189	2.3741e-06
2190	2.35759e-06
2191	2.35331e-06
2192	2.33766e-06
2193	2.33395e-06
2194	2.31862e-06
2195	2.3152e-06
2196	2.29996e-06
2197	2.29614e-06
2198	2.28037e-06
2199	2.27666e-06
2200	2.26177e-06
2201	2.25877e-06
2202	2.24423e-06
2203	2.2413e-06
2204	2.22657e-06
2205	2.22303e-06
2206	2.20777e-06
2207	2.20432e-06
2208	2.18987e-06
2209	2.18708e-06
2210	2.173e-06
2211	2.17043e-06
2212	2.15608e-06
2213	2.15282e-06
2214	2.13797e-06
2215	2.13492e-06
2216	2.12095e-06
2217	2.11854e-06
2218	2.10479e-06
2219	2.10253e-06
2220	2.08848e-06
2221	2.08548e-06
2222	2.07086e-06
2223	2.06816e-06
2224	2.05448e-06
2225	2.05254e-06
2226	2.03911e-06
2227	2.03663e-06
2228	2.0228e-06
2229	2.02083e-06
2230	2.00703e-06
2231	2.00502e-06
2232	1.99138e-06
2233	1.98943e-06
2234	1.97603e-06
2235	1.9744e-06
2236	1.96081e-06
2237	1.95818e-06
2238	1.94466e-06
2239	1.94383e-06
2240	1.93058e-06
2241	1.92967e-06
2242	1.91626e-06
2243	1.91503e-06
2244	1.90174e-06
2245	1.90106e-06
2246	1.88772e-06
2247	1.88657e-06
2248	1.87296e-06
2249	1.87317e-06
2250	1.85959e-06
2251	1.85964e-06
2252	1.84633e-06
2253	1.8466e-06
2254	1.8337e-06
2255	1.83471e-06
2256	1.82138e-06
2257	1.82136e-06
2258	1.80752e-06
2259	1.80835e-06
2260	1.79486e-06
2261	1.79574e-06
2262	1.78277e-06
2263	1.78395e-06
2264	1.77121e-06
2265	1.77269e-06
2266	1.75956e-06
2267	1.76004e-06
2268	1.74685e-06
2269	1.74825e-06
2270	1.73553e-06
2271	1.73704e-06
2272	1.72461e-06
2273	1.7262e-06
2274	1.71399e-06
2275	1.71601e-06
2276	1.70383e-06
2277	1.70529e-06
2278	1.69325e-06
2279	1.69556e-06
2280	1.68375e-06
2281	1.68605e-06
2282	1.67449e-06
2283	1.67696e-06
2284	1.66579e-06
2285	1.66861e-06
2286	1.65749e-06
2287	1.66015e-06
2288	1.64874e-06
2289	1.65047e-06
2290	1.63963e-06
2291	1.64291e-06
2292	1.63249e-06
2293	1.63577e-06
2294	1.62506e-06
2295	1.62792e-06
2296	1.61739e-06
2297	1.62058e-06
2298	1.61033e-06
2299	1.61376e-06
2300	1.60322e-06
2301	1.60579e-06
2302	1.5956e-06
2303	1.59938e-06
2304	1.58969e-06
2305	1.59354e-06
2306	1.58373e-06
2307	1.58723e-06
2308	1.57734e-06
2309	1.58083e-06
2310	1.571e-06
2311	1.57458e-06
2312	1.56486e-06
2313	1.5684e-06
2314	1.55893e-06
2315	1.56267e-06
2316	1.55351e-06
2317	1.55677e-06
2318	1.54796e-06
2319	1.55244e-06
2320	1.54325e-06
2321	1.54687e-06
2322	1.53738e-06
2323	1.5405e-06
2324	1.53172e-06
2325	1.53573e-06
2326	1.52715e-06
2327	1.5313e-06
2328	1.52215e-06
2329	1.5256e-06
2330	1.51677e-06
2331	1.52039e-06
2332	1.51223e-06
2333	1.5166e-06
2334	1.50817e-06
2335	1.51219e-06
2336	1.5032e-06
2337	1.50571e-06
2338	1.49759e-06
2339	1.5019e-06
2340	1.49403e-06
2341	1.49845e-06
2342	1.48982e-06
2343	1.49316e-06
2344	1.48479e-06
2345	1.48821e-06
2346	1.4806e-06
2347	1.48488e-06
2348	1.47701e-06
2349	1.481e-06
2350	1.47268e-06
2351	1.47607e-06
2352	1.46817e-06
2353	1.47181e-06
2354	1.46435e-06
2355	1.46846e-06
2356	1.46066e-06
2357	1.46436e-06
2358	1.4564e-06
2359	1.45979e-06
2360	1.45231e-06
2361	1.45606e-06
2362	1.44888e-06
2363	1.45298e-06
2364	1.44543e-06
2365	1.44909e-06
2366	1.44145e-06
2367	1.44484e-06
2368	1.43754e-06
2369	1.44132e-06
2370	1.43416e-06
2371	1.43813e-06
2372	1.43071e-06
2373	1.43438e-06
2374	1.42702e-06
2375	1.43063e-06
2376	1.42357e-06
2377	1.42755e-06
2378	1.42047e-06
2379	1.42444e-06
2380	1.41719e-06
2381	1.42083e-06
2382	1.41368e-06
2383	1.41748e-06
2384	1.41049e-06
2385	1.41454e-06
2386	1.4075e-06
2387	1.41138e-06
2388	1.40429e-06
2389	1.408e-06
2390	1.40111e-06
2391	1.40508e-06
2392	1.39828e-06
2393	1.40242e-06
2394	1.39551e-06
2395	1.39936e-06
2396	1.3925e-06
2397	1.3962e-06
2398	1.38951e-06
2399	1.39347e-06
2400	1.38678e-06
2401	1.39079e-06
2402	1.38405e-06
2403	1.38773e-06
2404	1.38117e-06
2405	1.38484e-06
2406	1.37846e-06
2407	1.3824e-06
2408	1.37594e-06
2409	1.37974e-06
2410	1.37324e-06
2411	1.37662e-06
2412	1.37038e-06
2413	1.37388e-06
2414	1.3678e-06
2415	1.37163e-06
2416	1.36544e-06
2417	1.36901e-06
2418	1.36285e-06
2419	1.36603e-06
2420	1.36016e-06
2421	1.36359e-06
2422	1.35781e-06
2423	1.36153e-06
2424	1.35558e-06
2425	1.35895e-06
2426	1.35309e-06
2427	1.35614e-06
2428	1.35061e-06
2429	1.35396e-06
2430	1.34843e-06
2431	1.35196e-06
2432	1.34629e-06
2433	1.34936e-06
2434	1.34392e-06
2435	1.3468e-06
2436	1.34167e-06
2437	1.34494e-06
2438	1.33971e-06
2439	1.34299e-06
2440	1.33767e-06
2441	1.34037e-06
2442	1.33539e-06
2443	1.33802e-06
2444	1.33334e-06
2445	1.33648e-06
2446	1.33164e-06
2447	1.33464e-06
2448	1.32973e-06
2449	1.33211e-06
2450	1.32761e-06
2451	1.3301e-06
2452	1.3258e-06
2453	1.32882e-06
2454	1.32428e-06
2455	1.32701e-06
2456	1.32252e-06
2457	1.32468e-06
2458	1.32059e-06
2459	1.32303e-06
2460	1.31901e-06
2461	1.32186e-06
2462	1.31759e-06
2463	1.32001e-06
2464	1.31593e-06
2465	1.31792e-06
2466	1.31427e-06
2467	1.31668e-06
2468	1.31296e-06
2469	1.31559e-06
2470	1.31166e-06
2471	1.31369e-06
2472	1.31008e-06
2473	1.30968e-06
2474	1.30719e-06
2475	1.31155e-06
2476	1.3085e-06
2477	1.31178e-06
2478	1.30766e-06
2479	1.30789e-06
2480	1.30479e-06
2481	1.30587e-06
2482	1.30314e-06
2483	1.30643e-06
2484	1.30287e-06
2485	1.30536e-06
2486	1.30228e-06
2487	1.30326e-06
2488	1.30119e-06
2489	1.30296e-06
2490	1.30015e-06
2491	1.30262e-06
2492	1.29888e-06
2493	1.30009e-06
2494	1.29735e-06
2495	1.29809e-06
2496	1.29654e-06
2497	1.29865e-06
2498	1.29638e-06
2499	1.29866e-06
2500	1.29578e-06
2501	1.29654e-06
2502	1.29466e-06
2503	1.29511e-06
2504	1.29394e-06
2505	1.29353e-06
2506	1.29219e-06
2507	1.29507e-06
2508	1.29304e-06
2509	1.29424e-06
2510	1.29285e-06
2511	1.29199e-06
2512	1.29172e-06
2513	1.29206e-06
2514	1.29069e-06
2515	1.29216e-06
2516	1.29011e-06
2517	1.29039e-06
2518	1.28995e-06
2519	1.28941e-06
2520	1.28976e-06
2521	1.29025e-06
2522	1.28897e-06
2523	1.28944e-06
2524	1.28763e-06
2525	1.28681e-06
2526	1.28658e-06
2527	1.28572e-06
2528	1.28621e-06
2529	1.28672e-06
2530	1.28598e-06
2531	1.28639e-06
2532	1.28545e-06
2533	1.28261e-06
2534	1.28327e-06
2535	1.28355e-06
2536	1.28396e-06
2537	1.28515e-06
2538	1.28421e-06
2539	1.28275e-06
2540	1.28254e-06
2541	1.28029e-06
2542	1.28068e-06
2543	1.2804e-06
2544	1.28025e-06
2545	1.28067e-06
2546	1.28064e-06
2547	1.2795e-06
2548	1.28039e-06
2549	1.27869e-06
2550	1.27916e-06
2551	1.27829e-06
2552	1.27765e-06
2553	1.27656e-06
2554	1.2764e-06
2555	1.27459e-06
2556	1.27578e-06
2557	1.273e-06
2558	1.27434e-06
2559	1.27493e-06
2560	1.27503e-06
2561	1.27489e-06
2562	1.27532e-06
2563	1.27252e-06
2564	1.27392e-06
2565	1.27146e-06
2566	1.2718e-06
2567	1.27104e-06
2568	1.27049e-06
2569	1.26924e-06
2570	1.27039e-06
2571	1.2681e-06
2572	1.27046e-06
2573	1.26892e-06
2574	1.26963e-06
2575	1.26857e-06
2576	1.26816e-06
2577	1.26579e-06
2578	1.26679e-06
2579	1.26267e-06
2580	1.26486e-06
2581	1.26411e-06
2582	1.26493e-06
2583	1.26466e-06
2584	1.26513e-06
2585	1.26205e-06
2586	1.26408e-06
2587	1.26066e-06
2588	1.2623e-06
2589	1.26086e-06
2590	1.26089e-06
2591	1.25923e-06
2592	1.26017e-06
2593	1.25704e-06
2594	1.25974e-06
2595	1.25695e-06
2596	1.25868e-06
2597	1.25699e-06
2598	1.25706e-06
2599	1.25454e-06
2600	1.25557e-06
2601	1.25081e-06
2602	1.25351e-06
2603	1.25169e-06
2604	1.25348e-06
2605	1.25284e-06
2606	1.25354e-06
2607	1.25025e-06
2608	1.25216e-06
2609	1.24791e-06
2610	1.24997e-06
2611	1.24761e-06
2612	1.24834e-06
2613	1.24647e-06
2614	1.24749e-06
2615	1.24425e-06
2616	1.24695e-06
2617	1.24351e-06
2618	1.24583e-06
2619	1.24348e-06
2620	1.24408e-06
2621	1.24001e-06
2622	1.2411e-06
2623	1.2382e-06
2624	1.24053e-06
2625	1.23818e-06
2626	1.2406e-06
2627	1.23754e-06
2628	1.23913e-06
2629	1.23572e-06
2630	1.23681e-06
2631	1.23357e-06
2632	1.2352e-06
2633	1.23205e-06
2634	1.23428e-06
2635	1.23115e-06
2636	1.23308e-06
2637	1.22998e-06
2638	1.23137e-06
2639	1.22801e-06
2640	1.22955e-06
2641	1.22494e-06
2642	1.22693e-06
2643	1.22413e-06
2644	1.22582e-06
2645	1.22346e-06
2646	1.22523e-06
2647	1.22144e-06
2648	1.22382e-06
2649	1.21986e-06
2650	1.22168e-06
2651	1.21862e-06
2652	1.21973e-06
2653	1.21645e-06
2654	1.21818e-06
2655	1.21418e-06
2656	1.21667e-06
2657	1.213e-06
2658	1.21492e-06
2659	1.21183e-06
2660	1.21306e-06
2661	1.20838e-06
2662	1.21024e-06
2663	1.20678e-06
2664	1.20897e-06
2665	1.20618e-06
2666	1.2082e-06
2667	1.20434e-06
2668	1.20635e-06
2669	1.2021e-06
2670	1.20378e-06
2671	1.20014e-06
2672	1.20171e-06
2673	1.19815e-06
2674	1.20015e-06
2675	1.19616e-06
2676	1.19852e-06
2677	1.19461e-06
2678	1.19653e-06
2679	1.19193e-06
2680	1.19354e-06
2681	1.19008e-06
2682	1.19178e-06
2683	1.18827e-06
2684	1.19054e-06
2685	1.18608e-06
2686	1.1885e-06
2687	1.18432e-06
2688	1.18595e-06
2689	1.18246e-06
2690	1.18399e-06
2691	1.18005e-06
2692	1.18235e-06
2693	1.1779e-06
2694	1.18037e-06
2695	1.17631e-06
2696	1.17788e-06
2697	1.17321e-06
2698	1.17467e-06
2699	1.17088e-06
2700	1.17285e-06
2701	1.16914e-06
2702	1.17168e-06
2703	1.16729e-06
2704	1.16951e-06
2705	1.16524e-06
2706	1.16674e-06
2707	1.1629e-06
2708	1.16447e-06
2709	1.16029e-06
2710	1.16261e-06
2711	1.15819e-06
2712	1.16044e-06
2713	1.15631e-06
2714	1.15784e-06
2715	1.15301e-06
2716	1.15452e-06
2717	1.15059e-06
2718	1.15252e-06
2719	1.14887e-06
2720	1.15112e-06
2721	1.1467e-06
2722	1.14883e-06
2723	1.14439e-06
2724	1.14588e-06
2725	1.14197e-06
2726	1.14344e-06
2727	1.13933e-06
2728	1.1414e-06
2729	1.13695e-06
2730	1.1391e-06
2731	1.13485e-06
2732	1.13642e-06
2733	1.13155e-06
2734	1.133e-06
2735	1.12908e-06
2736	1.13082e-06
2737	1.12706e-06
2738	1.12928e-06
2739	1.12466e-06
2740	1.12686e-06
2741	1.12228e-06
2742	1.12381e-06
2743	1.11985e-06
2744	1.12126e-06
2745	1.11707e-06
2746	1.11917e-06
2747	1.11454e-06
2748	1.11684e-06
2749	1.11186e-06
2750	1.11348e-06
2751	1.10966e-06
2752	1.11085e-06
2753	1.10701e-06
2754	1.10903e-06
2755	1.10415e-06
2756	1.10675e-06
2757	1.10204e-06
2758	1.10374e-06
2759	1.09989e-06
2760	1.10096e-06
2761	1.09685e-06
2762	1.09882e-06
2763	1.09408e-06
2764	1.09672e-06
2765	1.09168e-06
2766	1.09342e-06
2767	1.08956e-06
2768	1.09031e-06
2769	1.08635e-06
2770	1.08803e-06
2771	1.08301e-06
2772	1.08578e-06
2773	1.08101e-06
2774	1.08295e-06
2775	1.07919e-06
2776	1.08009e-06
2777	1.07594e-06
2778	1.07765e-06
2779	1.0727e-06
2780	1.07536e-06
2781	1.07018e-06
2782	1.07205e-06
2783	1.06815e-06
2784	1.06884e-06
2785	1.06482e-06
2786	1.0664e-06
2787	1.06121e-06
2788	1.06404e-06
2789	1.05906e-06
2790	1.06112e-06
2791	1.05726e-06
2792	1.05816e-06
2793	1.05393e-06
2794	1.05563e-06
2795	1.05051e-06
2796	1.05325e-06
2797	1.04788e-06
2798	1.04983e-06
2799	1.04579e-06
2800	1.04856e-06
2801	1.04255e-06
2802	1.04043e-06
2803	1.03637e-06
2804	1.03926e-06
2805	1.0319e-06
2806	1.03675e-06
2807	1.03583e-06
2808	1.03461e-06
2809	1.03097e-06
2810	1.03308e-06
2811	1.02965e-06
2812	1.03138e-06
2813	1.02369e-06
2814	1.0266e-06
2815	1.02278e-06
2816	1.02195e-06
2817	1.01746e-06
2818	1.01963e-06
2819	1.01156e-06
2820	1.01792e-06
2821	1.01467e-06
2822	1.01464e-06
2823	1.0111e-06
2824	1.01296e-06
2825	1.00579e-06
2826	1.00434e-06
2827	9.99982e-07
2828	1.00373e-06
2829	9.98673e-07
2830	1.00248e-06
2831	9.99675e-07
2832	1.00009e-06
2833	9.96132e-07
2834	9.96897e-07
2835	9.90456e-07
2836	9.92295e-07
2837	9.84703e-07
2838	9.85151e-07
2839	9.80253e-07
2840	9.79841e-07
2841	9.75899e-07
2842	9.78188e-07
2843	9.73412e-07
2844	9.78466e-07
2845	9.7307e-07
2846	9.76136e-07
2847	9.72305e-07
2848	9.7204e-07
2849	9.67313e-07
2850	9.68102e-07
2851	9.61616e-07
2852	9.64579e-07
2853	9.58212e-07
2854	9.60469e-07
2855	9.56432e-07
2856	9.56998e-07
2857	9.5292e-07
2858	9.55087e-07
2859	9.49667e-07
2860	9.53699e-07
2861	9.47815e-07
2862	9.50278e-07
2863	9.45942e-07
2864	9.46071e-07
2865	9.41419e-07
2866	9.4293e-07
2867	9.3679e-07
2868	9.40294e-07
2869	9.34166e-07
2870	9.36599e-07
2871	9.32409e-07
2872	9.33126e-07
2873	9.28658e-07
2874	9.30832e-07
2875	9.2505e-07
2876	9.28847e-07
2877	9.2274e-07
2878	9.25115e-07
2879	9.20599e-07
2880	9.21001e-07
2881	9.16319e-07
2882	9.18212e-07
2883	9.12055e-07
2884	9.15694e-07
2885	9.09432e-07
2886	9.11816e-07
2887	9.0739e-07
2888	9.08221e-07
2889	9.03541e-07
2890	9.05934e-07
2891	8.99993e-07
2892	9.0386e-07
2893	8.97632e-07
2894	8.99993e-07
2895	8.95307e-07
2896	8.95862e-07
2897	8.91056e-07
2898	8.93265e-07
2899	8.87009e-07
2900	8.9082e-07
2901	8.84421e-07
2902	8.86807e-07
2903	8.82238e-07
2904	8.83196e-07
2905	8.78359e-07
2906	8.81031e-07
2907	8.74916e-07
2908	8.78924e-07
2909	8.72549e-07
2910	8.74877e-07
2911	8.70028e-07
2912	8.70661e-07
2913	8.65701e-07
2914	8.68198e-07
2915	8.61794e-07
2916	8.6581e-07
2917	8.59272e-07
2918	8.61709e-07
2919	8.57047e-07
2920	8.58137e-07
2921	8.53161e-07
2922	8.56106e-07
2923	8.49687e-07
2924	8.53643e-07
2925	8.47254e-07
2926	8.49395e-07
2927	8.44797e-07
2928	8.45993e-07
2929	8.40482e-07
2930	8.43555e-07
2931	8.36658e-07
2932	8.40281e-07
2933	8.34054e-07
2934	8.36182e-07
2935	8.31447e-07
2936	8.33252e-07
2937	8.27844e-07
2938	8.31477e-07
2939	8.24773e-07
2940	8.28365e-07
2941	8.2218e-07
2942	8.23845e-07
2943	8.19025e-07
2944	8.20831e-07
2945	8.14901e-07
2946	8.18699e-07
2947	8.11574e-07
2948	8.15043e-07
2949	8.09158e-07
2950	8.11006e-07
2951	8.06107e-07
2952	8.08524e-07
2953	8.02502e-07
2954	8.06529e-07
2955	7.99484e-07
2956	8.02642e-07
2957	7.97173e-07
2958	7.9908e-07
2959	7.93622e-07
2960	7.96427e-07
2961	7.89736e-07
2962	7.93433e-07
2963	7.86501e-07
2964	7.89453e-07
2965	7.83854e-07
2966	7.86212e-07
2967	7.80743e-07
2968	7.84246e-07
2969	7.77706e-07
2970	7.81585e-07
2971	7.74759e-07
2972	7.7725e-07
2973	7.71797e-07
2974	7.74137e-07
2975	7.68096e-07
2976	7.71881e-07
2977	7.64713e-07
2978	7.68417e-07
2979	7.61855e-07
2980	7.64437e-07
2981	7.58933e-07
2982	7.61855e-07
2983	7.55711e-07
2984	7.59855e-07
2985	7.52714e-07
2986	7.56184e-07
2987	7.50107e-07
2988	7.52751e-07
2989	7.46801e-07
2990	7.50078e-07
2991	7.43188e-07
2992	7.47025e-07
2993	7.399e-07
2994	7.43213e-07
2995	7.37029e-07
2996	7.40084e-07
2997	7.34108e-07
2998	7.38034e-07
2999	7.31286e-07
3000	7.3534e-07
3001	7.28273e-07
3002	7.31171e-07
3003	7.25198e-07
3004	7.2827e-07
3005	7.21795e-07
3006	7.26005e-07
3007	7.18598e-07
3008	7.22478e-07
3009	7.15637e-07
3010	7.18651e-07
3011	7.12627e-07
3012	7.16235e-07
3013	7.09679e-07
3014	7.14309e-07
3015	7.06989e-07
3016	7.10846e-07
3017	7.03934e-07
3018	7.06511e-07
3019	7.00571e-07
3020	7.04286e-07
3021	6.97365e-07
3022	7.02288e-07
3023	6.9449e-07
3024	6.98278e-07
3025	6.9166e-07
3026	6.95027e-07
3027	6.89203e-07
3028	6.93978e-07
3029	6.8698e-07
3030	6.92266e-07
3031	6.84824e-07
3032	6.88664e-07
3033	6.82651e-07
3034	6.85798e-07
3035	6.79404e-07
3036	6.83834e-07
3037	6.75992e-07
3038	6.80482e-07
3039	6.72695e-07
3040	6.76021e-07
3041	6.6967e-07
3042	6.73219e-07
3043	6.66809e-07
3044	6.71865e-07
3045	6.64253e-07
3046	6.689e-07
3047	6.61947e-07
3048	6.65596e-07
3049	6.59099e-07
3050	6.63037e-07
3051	6.55764e-07
3052	6.60348e-07
3053	6.52477e-07
3054	6.56676e-07
3055	6.49506e-07
3056	6.53308e-07
3057	6.4673e-07
3058	6.51266e-07
3059	6.44194e-07
3060	6.49116e-07
3061	6.41391e-07
3062	6.45363e-07
3063	6.38624e-07
3064	6.42575e-07
3065	6.35687e-07
3066	6.40519e-07
3067	6.32759e-07
3068	6.37395e-07
3069	6.29777e-07
3070	6.33673e-07
3071	6.26825e-07
3072	6.31111e-07
3073	6.2407e-07
3074	6.29256e-07
3075	6.21608e-07
3076	6.2628e-07
3077	6.18714e-07
3078	6.22318e-07
3079	6.15749e-07
3080	6.20241e-07
3081	6.12976e-07
3082	6.18427e-07
3083	6.10278e-07
3084	6.14762e-07
3085	6.07396e-07
3086	6.11084e-07
3087	6.04359e-07
3088	6.09195e-07
3089	6.01771e-07
3090	6.07258e-07
3091	5.99116e-07
3092	6.03375e-07
