-20 	-0.296 	0.221 		0.0256
-18 	-0.246 	0.192		0.0392
-16 	-0.204 	0.165 		0.0492
-14		-0.170 	0.148 		0.0601
-12 	-0.103 	0.131 		0.0854
-10 	-0.0346	0.122 		0.115
-8 		0.128 	0.111		0.178
-6 		0.509 	0.0986 		0.312
-4 		0.598 	0.105		0.331
-2 		1.04 	0.0456 		0.362
0 		1.57	0.0870		0.359
2 		1.33	0.0585		0.362
4 		1.47 	0.0767		0.358
6		1.64 	0.0932 		0.350
8 		1.81 	0.116 		0.338
10 		1.91 	0.160 		0.328
12 		2.01 	0.211 		0.317
14 		2.08 	0.271 		0.307
16 		2.11 	0.345 		0.306
18 		2.08 	0.433 		0.317
20 		2.01 	0.511 		0.330
22 		1.94 	0.595 		0.356
24 		1.88 	0.670 		0.371
26		1.82 	0.741 		0.388
28 		1.79 	0.816 		0.406
30 		1.75 	0.884 		0.414