/*--------------------------------*- C++ -*----------------------------------*\
| =========                 |                                                 |
| \\      /  F ield         | OpenFOAM: The Open Source CFD Toolbox           |
|  \\    /   O peration     | Version:  2.3.0                                 |
|   \\  /    A nd           | Web:      www.OpenFOAM.org                      |
|    \\/     M anipulation  |                                                 |
\*---------------------------------------------------------------------------*/
FoamFile
{
    version     2.0;
    format      ascii;
    class       volScalarField;
    location    "500";
    object      nut;
}
// * * * * * * * * * * * * * * * * * * * * * * * * * * * * * * * * * * * * * //

dimensions      [0 2 -1 0 0 0 0];

internalField   nonuniform List<scalar> 
7826
(
0.0668646
0.061817
0.0570896
0.0527481
0.0488495
0.0454362
0.0425307
0.0401264
0.0381802
0.0366124
0.0353145
0.0341681
0.0330576
0.0318816
0.0305849
0.0728493
0.0692851
0.0661036
0.0633355
0.0609903
0.059056
0.0575042
0.0562946
0.05538
0.0547115
0.0542424
0.0539321
0.0537454
0.0536546
0.0536381
0.0781932
0.0756515
0.0734566
0.0715974
0.0700533
0.0687954
0.0677899
0.0670013
0.0663956
0.0659416
0.0656116
0.0653829
0.0652363
0.065156
0.0651303
0.082742
0.080906
0.0793418
0.0780293
0.0769435
0.0760572
0.0753429
0.0747749
0.07433
0.0739882
0.0737328
0.0735496
0.0734273
0.0733563
0.0733293
0.0865657
0.0851982
0.0840392
0.0830665
0.0822577
0.081591
0.0810463
0.0806059
0.080254
0.0799777
0.0797663
0.0796108
0.0795039
0.0794397
0.0794133
0.0897544
0.0887083
0.0878194
0.0870685
0.0864378
0.0859113
0.0854744
0.0851152
0.0848231
0.0845893
0.0844068
0.08427
0.084174
0.0841147
0.0840892
0.0924201
0.0915992
0.0908966
0.090297
0.0897871
0.0893552
0.0889915
0.0886876
0.0884365
0.0882325
0.0880706
0.0879472
0.0878592
0.0878039
0.0877792
0.0946596
0.094001
0.0934312
0.0929388
0.0925142
0.0921496
0.0918379
0.0915737
0.0913524
0.09117
0.0910235
0.0909104
0.0908286
0.0907764
0.0907525
0.0965524
0.0960146
0.0955422
0.0951281
0.0947659
0.0944505
0.0941775
0.093943
0.0937441
0.0935785
0.0934438
0.0933387
0.0932618
0.093212
0.0931886
0.0981671
0.097718
0.0973178
0.0969623
0.0966472
0.096369
0.0961252
0.0959137
0.0957324
0.09558
0.095455
0.0953563
0.0952834
0.0952356
0.0952125
0.099554
0.0991692
0.098824
0.0985137
0.0982349
0.0979856
0.0977645
0.097571
0.0974039
0.0972623
0.0971452
0.0970521
0.0969826
0.0969364
0.0969135
0.100743
0.100412
0.100111
0.099837
0.0995868
0.0993605
0.0991568
0.0989774
0.0988222
0.09869
0.0985796
0.0984912
0.0984247
0.0983798
0.0983568
0.101768
0.101482
0.101218
0.100975
0.100746
0.10054
0.100348
0.10018
0.100035
0.0999121
0.0998069
0.0997227
0.0996589
0.0996147
0.0995911
0.102661
0.102411
0.102173
0.101962
0.101744
0.101561
0.101374
0.101216
0.101077
0.100966
0.100863
0.100783
0.100722
0.100678
0.100651
0.0306805
0.0321129
0.0332903
0.0343552
0.0354486
0.0367123
0.0382789
0.0402557
0.0427124
0.045679
0.0491503
0.0530977
0.0574776
0.0622361
0.0673136
0.0536312
0.0536357
0.0537174
0.0538997
0.0542127
0.0546919
0.0553799
0.0563232
0.05757
0.0591658
0.0611486
0.0635445
0.0663608
0.0695859
0.0731889
0.0651333
0.0651654
0.0652528
0.0654083
0.065648
0.0659907
0.0664599
0.0670837
0.0678931
0.0689223
0.0702067
0.0717796
0.0736693
0.0758954
0.0784676
0.0733331
0.0733681
0.0734477
0.0735795
0.0737732
0.0740402
0.0743947
0.074854
0.075438
0.0761701
0.0770761
0.0781832
0.0795186
0.0811077
0.0829726
0.079417
0.0794513
0.0795241
0.0796398
0.0798049
0.0800265
0.0803138
0.0806778
0.0811314
0.0816906
0.0823731
0.0831988
0.0841893
0.0853665
0.0867501
0.0840926
0.0841253
0.084192
0.0842959
0.0844409
0.0846323
0.0848757
0.0851782
0.0855488
0.085998
0.0865381
0.0871833
0.0879496
0.0888546
0.0899173
0.0877821
0.0878127
0.0878743
0.087969
0.0880995
0.0882691
0.0884817
0.088742
0.089056
0.0894308
0.0898747
0.0903977
0.0910112
0.0917279
0.0925622
0.0907547
0.0907833
0.0908404
0.0909277
0.091047
0.0912003
0.0913903
0.09162
0.0918934
0.0922153
0.0925912
0.0930279
0.0935336
0.0941169
0.0947855
0.0931902
0.0932168
0.0932701
0.0933512
0.0934615
0.0936021
0.0937748
0.0939816
0.0942249
0.0945076
0.0948336
0.0952073
0.0956346
0.0961224
0.0966803
0.0952132
0.0952379
0.0952878
0.0953638
0.0954666
0.0955972
0.0957564
0.0959454
0.0961656
0.0964187
0.0967068
0.0970328
0.0974003
0.0978143
0.0982809
0.0969133
0.096936
0.0969827
0.097054
0.0971506
0.097273
0.0974217
0.0975969
0.0977991
0.098029
0.0982876
0.0985765
0.0988977
0.0992542
0.099651
0.0983558
0.0983765
0.0984202
0.0984869
0.0985782
0.0986943
0.0988348
0.098999
0.0991867
0.0993981
0.0996335
0.0998931
0.100178
0.100488
0.100826
0.0995905
0.0996078
0.0996496
0.099711
0.0997982
0.0999097
0.100044
0.100199
0.100375
0.100572
0.100789
0.101025
0.10128
0.101554
0.101847
0.100655
0.100665
0.100709
0.100763
0.100848
0.100957
0.101088
0.101233
0.101399
0.101585
0.101788
0.102005
0.102237
0.102482
0.102743
0.0136631
0.0108338
0.00861898
0.00709942
0.00600545
0.0051412
0.00441143
0.00376892
0.00318855
0.0026566
0.00216621
0.00171534
0.00130478
0.000932291
0.000655446
0.0137199
0.0110922
0.00903525
0.00755078
0.00644733
0.00558165
0.00486114
0.00423236
0.00366513
0.00314215
0.00265392
0.00219606
0.00176576
0.00135884
0.00102464
0.0137866
0.0113755
0.0094809
0.00802669
0.00690919
0.00602655
0.005297
0.00466529
0.00409692
0.00357106
0.00307566
0.00260389
0.00214931
0.00170493
0.00132975
0.01388
0.0116689
0.00990676
0.0084905
0.00736346
0.00645756
0.00570698
0.00505984
0.00447977
0.0039431
0.00343517
0.0029466
0.00246757
0.00198877
0.00157859
0.0140056
0.0119664
0.0103033
0.00892777
0.00779843
0.00686982
0.00609258
0.00542196
0.00482268
0.00426947
0.00374543
0.00323864
0.00273613
0.00222633
0.00178439
0.0141163
0.0122477
0.0106704
0.00933468
0.00820866
0.00726094
0.00645588
0.00575751
0.00513397
0.00456002
0.00401725
0.00349135
0.00296651
0.00242859
0.00195745
0.0142377
0.0125055
0.0110076
0.00971075
0.00859193
0.00762918
0.00679771
0.00607012
0.0054194
0.00482187
0.00425839
0.00371288
0.00316672
0.00260306
0.00210511
0.014382
0.0127456
0.0113166
0.0100568
0.00894758
0.00797362
0.00711822
0.00636179
0.00568274
0.00505989
0.00447448
0.00390901
0.00334246
0.00275514
0.00223251
0.0144925
0.012966
0.0115999
0.0103747
0.00927617
0.00829394
0.00741755
0.00663376
0.00592639
0.00527758
0.00466952
0.00408402
0.00349793
0.00288869
0.00234343
0.0146074
0.0131673
0.011859
0.0106662
0.00957884
0.00859063
0.00769593
0.00688682
0.00615207
0.00547735
0.00484654
0.00424119
0.00363641
0.00300688
0.00244075
0.0147068
0.0133511
0.012096
0.0109332
0.00985696
0.00886454
0.00795389
0.00712162
0.0063609
0.00566093
0.00500757
0.00438276
0.00376
0.00311162
0.00252639
0.0147929
0.0135174
0.0123121
0.0111775
0.0101123
0.00911698
0.00819276
0.00733976
0.00655493
0.0058309
0.00515592
0.00451229
0.0038729
0.00320651
0.00260308
0.0148774
0.0136681
0.0125079
0.011399
0.0103436
0.00934514
0.00840776
0.00753476
0.00672684
0.00597989
0.00528329
0.00462213
0.00396498
0.00328576
0.00266819
0.0149959
0.0138489
0.0127309
0.0116446
0.0106032
0.00960819
0.00866376
0.00777604
0.00694456
0.00617102
0.00545735
0.00477029
0.0041074
0.0033841
0.00274105
0.000665372
0.000909884
0.00124884
0.0016146
0.0020026
0.00241055
0.00284215
0.00330962
0.00383945
0.00448858
0.00538413
0.00678126
0.00866602
0.0110617
0.0140445
0.00102701
0.001304
0.00164981
0.00201591
0.00239832
0.00279796
0.00322292
0.00369278
0.00424637
0.00495456
0.00592851
0.00729043
0.00909636
0.0113468
0.0141125
0.00132595
0.00162039
0.00197977
0.0023532
0.0027398
0.00314477
0.00358196
0.00407908
0.0046828
0.00546009
0.00648586
0.0078187
0.00954563
0.0116574
0.0142175
0.00156985
0.0018779
0.00225148
0.00263586
0.00303378
0.00345545
0.00392054
0.004462
0.00512568
0.00596348
0.00701993
0.00833056
0.00998355
0.0119685
0.0143354
0.0017717
0.00209238
0.00248002
0.00287806
0.00329331
0.00374092
0.00424482
0.0048386
0.00556082
0.00644658
0.0075217
0.00881324
0.0103981
0.012268
0.0144605
0.00194163
0.00227455
0.00267633
0.00309045
0.00352803
0.0040084
0.00455716
0.00520453
0.0059791
0.00690233
0.00798947
0.00926251
0.010785
0.0125504
0.0145864
0.00208681
0.00243171
0.00284788
0.00328022
0.003744
0.00426134
0.00485703
0.00555544
0.00637536
0.00732826
0.00842317
0.00967748
0.0111427
0.0128121
0.0147015
0.00221231
0.00256895
0.00299986
0.00345208
0.00394469
0.00450097
0.00514297
0.00588824
0.00674706
0.00772397
0.00882356
0.0100588
0.0114715
0.0130552
0.0148302
0.00232184
0.00268996
0.00313586
0.00360919
0.004132
0.00472747
0.00541358
0.0062011
0.00709339
0.00808996
0.00919187
0.0104082
0.0117735
0.0132814
0.0149496
0.00241811
0.00279741
0.00325846
0.00375358
0.00430707
0.00494077
0.00566801
0.00649329
0.00741448
0.00842728
0.00952983
0.010728
0.0120506
0.0134899
0.0150545
0.00250328
0.00289361
0.00336989
0.00388699
0.00447076
0.00514087
0.00590586
0.0067648
0.00771109
0.00873735
0.00983946
0.0110204
0.0123038
0.0136788
0.0151439
0.00257891
0.00297943
0.00347036
0.00400907
0.00462229
0.00532708
0.00612712
0.00701608
0.00798415
0.00902165
0.0101226
0.0112874
0.0125352
0.0138535
0.0152469
0.00264653
0.00305919
0.00356696
0.00412882
0.00477045
0.00550635
0.00633334
0.00724804
0.00823539
0.00928367
0.0103829
0.0115321
0.0127464
0.0140107
0.0153115
0.00270752
0.00312152
0.00363192
0.00420113
0.00486498
0.00562386
0.00651253
0.00745972
0.00846721
0.00950706
0.0105939
0.0117276
0.0129227
0.0141287
0.0153638
0.00129495
0.00391098
0.00679506
0.00990266
0.0132261
0.0167629
0.0205241
0.0245333
0.0288236
0.0334294
0.0383764
0.0436722
0.049301
0.055223
0.0613777
9.4913e-08
0.000431931
0.00175328
0.00389376
0.00640172
0.00938657
0.0128534
0.0168003
0.021223
0.0261153
0.0314658
0.0372525
0.0434375
0.0499613
0.0567413
0
0.000210773
0.00108443
0.00254416
0.00436925
0.00669087
0.00955176
0.0129832
0.0170066
0.0216305
0.0268485
0.0326363
0.0389484
0.0457188
0.0528773
4.26869e-06
0.000210488
0.00109068
0.00215948
0.00360978
0.00550989
0.00791961
0.0108959
0.0144881
0.0187331
0.0236499
0.0292339
0.0354521
0.0422379
0.0494746
9.26236e-06
0.000567246
0.00105769
0.00195319
0.00319368
0.00483504
0.00694211
0.00958298
0.0128236
0.0167222
0.0213218
0.0266425
0.0326736
0.0393669
0.0466388
0.000336927
0.000666957
0.00106598
0.00179264
0.00289142
0.00435782
0.00625263
0.00864663
0.0116134
0.0152237
0.0195376
0.024596
0.0304106
0.0369527
0.0441431
0.00038535
0.000634215
0.00106372
0.00165854
0.00264929
0.00398475
0.00571945
0.00792349
0.0106731
0.0140455
0.0181119
0.0229286
0.0285267
0.0349007
0.0420043
0.000374481
0.000588503
0.00103147
0.00155236
0.00245168
0.00368258
0.00528941
0.00734049
0.0099124
0.0130854
0.0169376
0.0215368
0.0269297
0.0331309
0.0401154
0.000366351
0.000564448
0.000999375
0.0014955
0.00229194
0.00343363
0.00493427
0.00685785
0.00928017
0.012283
0.0159487
0.020353
0.0255554
0.0315883
0.0384507
0.000361137
0.000553883
0.000976949
0.00145839
0.0021613
0.0032255
0.00463574
0.00645047
0.00874438
0.0115996
0.0151011
0.0193305
0.0243571
0.0302272
0.0369527
0.000357158
0.000548067
0.000960753
0.0014251
0.00205365
0.00304898
0.00438102
0.00610146
0.00828337
0.0110088
0.0143644
0.0184359
0.0232998
0.0290123
0.0355927
0.000353593
0.000543525
0.000948482
0.00139752
0.00197714
0.00289896
0.00416111
0.00579864
0.00788171
0.0104918
0.0137166
0.0176446
0.0223578
0.02792
0.0343609
0.000350352
0.000539871
0.000940193
0.00137917
0.00193089
0.00277194
0.00396945
0.00553306
0.00752804
0.0100348
0.0131413
0.0169382
0.021511
0.0269294
0.0332283
0.00034745
0.000537084
0.000935055
0.0013674
0.00189895
0.00266351
0.003801
0.005298
0.00721374
0.00962714
0.0126261
0.0163023
0.0207445
0.0260277
0.0321992
0.000344818
0.000534798
0.000931353
0.00135809
0.00187157
0.00257144
0.00365185
0.00508826
0.0069322
0.00926066
0.0121611
0.0157262
0.0200471
0.0252046
0.031259
0.000342369
0.000532662
0.000927989
0.00134969
0.00184801
0.00250082
0.00351994
0.00489993
0.00667827
0.00892903
0.011739
0.0152012
0.0194089
0.024447
0.0303778
0.000340069
0.000530635
0.000924972
0.00134288
0.00183057
0.00245345
0.0034041
0.00473005
0.00644791
0.00862718
0.0113535
0.0147202
0.0188218
0.0237451
0.0295521
0.000337923
0.000528822
0.00092264
0.00133818
0.00181871
0.00242062
0.00330232
0.0045762
0.00623786
0.008351
0.0109998
0.0142771
0.0182782
0.0230907
0.0287769
0.000335928
0.000527246
0.000920967
0.00133501
0.0018099
0.00239388
0.00321248
0.0044363
0.00604545
0.00809713
0.0106737
0.0138676
0.017775
0.0224885
0.0280947
0.000334057
0.000525815
0.000919604
0.00133241
0.00180205
0.00236962
0.00313493
0.00430876
0.00586847
0.00786279
0.0103718
0.0134873
0.0173058
0.0219193
0.0273958
0.000332283
0.000524425
0.000918233
0.00132984
0.00179464
0.00234834
0.00307351
0.00419292
0.00570519
0.00764569
0.0100914
0.0131334
0.016869
0.0213956
0.0268146
0.000330588
0.000523043
0.000916805
0.00132738
0.00178832
0.00233164
0.003029
0.0040884
0.00555423
0.00744394
0.00983013
0.0128029
0.0164596
0.0208965
0.0261875
0.000328968
0.000521709
0.000915461
0.00132538
0.00178361
0.00231947
0.00299637
0.00399423
0.0054144
0.0072559
0.00958598
0.0124933
0.0160751
0.0204285
0.0256427
0.000327427
0.000520468
0.000914334
0.00132398
0.00178039
0.00231037
0.00296992
0.00390912
0.00528463
0.00708023
0.00935721
0.0122026
0.0157132
0.0199871
0.0251133
0.000325963
0.000519319
0.000913418
0.00132304
0.00177805
0.00230271
0.00294616
0.0038324
0.00516395
0.0069157
0.0091423
0.0119288
0.015371
0.0195655
0.0245899
0.000324565
0.000518233
0.0009126
0.00132228
0.00177597
0.00229549
0.00292406
0.00376526
0.00505173
0.00676127
0.00893988
0.0116701
0.0150465
0.0191652
0.0241131
0.000323223
0.000517177
0.000911768
0.00132145
0.00177386
0.00228861
0.00290435
0.00371026
0.00494779
0.00661609
0.00874886
0.0114255
0.0147405
0.0187949
0.0237054
0.000321931
0.000516111
0.000910855
0.00132053
0.00177179
0.00228251
0.0028881
0.00366789
0.00485204
0.00647948
0.00856832
0.011194
0.0144503
0.0184373
0.0232455
0.000320672
0.000515055
0.000909904
0.00131959
0.00177001
0.00227767
0.00287553
0.00363536
0.00476405
0.00635086
0.00839744
0.0109745
0.0141748
0.0180999
0.0228565
0.000319461
0.000514047
0.000908984
0.00131879
0.00176872
0.00227416
0.00286588
0.00360888
0.0046831
0.00622965
0.00823554
0.0107661
0.0139132
0.0177796
0.0224736
0.000318302
0.000513083
0.000908155
0.0013182
0.00176794
0.00227169
0.00285805
0.00358558
0.00460849
0.00611533
0.00808191
0.0105681
0.0136645
0.0174742
0.0221051
0.000317181
0.000512143
0.000907402
0.00131778
0.00176751
0.00226981
0.00285109
0.00356389
0.00454006
0.00600742
0.00793606
0.0103797
0.0134274
0.0171816
0.0217449
0.00031609
0.000511257
0.000906706
0.00131746
0.00176722
0.00226813
0.00284442
0.00354339
0.0044788
0.00590563
0.00779737
0.0102
0.0132002
0.016898
0.0213872
0.000315047
0.000510403
0.000906029
0.00131713
0.00176692
0.00226644
0.00283797
0.00352457
0.00442642
0.0058099
0.00766537
0.0100285
0.0129831
0.0166301
0.021081
0.000314031
0.000509536
0.00090531
0.00131673
0.0017665
0.00226472
0.00283201
0.00350822
0.00438374
0.00572028
0.00753967
0.00986445
0.0127752
0.0163709
0.0207511
0.000313032
0.00050869
0.000904553
0.00131624
0.00176601
0.00226314
0.00282692
0.00349477
0.00434975
0.00563666
0.00741994
0.00970748
0.0125755
0.0161214
0.0204441
0.000312072
0.000507858
0.000903776
0.00131571
0.00176556
0.00226188
0.00282289
0.00348408
0.00432214
0.0055587
0.00730582
0.00955699
0.0123833
0.01588
0.0201451
0.000311133
0.000507021
0.000902993
0.0013152
0.00176524
0.00226105
0.00281994
0.00347554
0.00429858
0.00548587
0.00719697
0.00941268
0.0121991
0.0156522
0.0198885
0.000310209
0.000506209
0.000902229
0.00131475
0.00176509
0.00226065
0.00281786
0.00346844
0.00427734
0.00541773
0.0070931
0.00927426
0.0120223
0.0154321
0.0196111
0.000309317
0.000505447
0.000901522
0.00131438
0.00176512
0.00226061
0.00281634
0.00346212
0.00425741
0.00535413
0.00699391
0.00914139
0.0118522
0.0152208
0.0193607
0.000308458
0.000504691
0.000900853
0.00131409
0.00176527
0.00226076
0.00281511
0.00345615
0.00423833
0.00529544
0.00689925
0.00901391
0.0116895
0.0150213
0.019136
0.000307608
0.000503961
0.000900208
0.00131383
0.00176548
0.00226098
0.00281395
0.00345034
0.0042202
0.00524263
0.00680906
0.00889163
0.0115331
0.014827
0.0188839
0.000306784
0.000503259
0.000899582
0.00131357
0.00176567
0.00226117
0.00281277
0.00344472
0.00420347
0.00519682
0.00672342
0.00877428
0.0113825
0.014638
0.018643
0.000305987
0.000502565
0.00089895
0.00131328
0.0017658
0.00226128
0.00281157
0.0034395
0.0041887
0.00515846
0.00664237
0.00866143
0.0112363
0.0144502
0.0183889
0.000305203
0.000501854
0.000898286
0.00131293
0.00176583
0.00226132
0.00281047
0.00343494
0.00417616
0.00512686
0.00656586
0.00855283
0.0110949
0.0142708
0.0181813
0.000304425
0.000501164
0.000897603
0.00131254
0.00176582
0.00226135
0.0028096
0.0034312
0.00416588
0.0051006
0.00649366
0.00844821
0.0109577
0.0140949
0.0179491
0.000303675
0.000500489
0.000896917
0.00131211
0.00176578
0.00226146
0.00280905
0.00342836
0.00415753
0.00507811
0.00642543
0.00834734
0.0108244
0.0139239
0.0177349
0.000302936
0.000499802
0.000896218
0.00131168
0.00176576
0.00226169
0.00280887
0.00342634
0.00415063
0.00505804
0.0063608
0.00824997
0.010695
0.0137573
0.0175253
0.000302203
0.000499143
0.000895535
0.00131127
0.00176581
0.00226208
0.00280906
0.00342497
0.00414474
0.00503944
0.00629951
0.00815601
0.0105697
0.0135981
0.0173404
0.000301498
0.000498507
0.000894883
0.0013109
0.00176592
0.00226264
0.00280953
0.00342408
0.00413945
0.00502171
0.00624146
0.0080653
0.0104482
0.0134431
0.0171438
0.000300804
0.000497866
0.000894242
0.00131056
0.00176611
0.0022633
0.00281021
0.00342345
0.00413443
0.00500454
0.00618685
0.00797785
0.010331
0.0132957
0.0169759
0.000300116
0.000497241
0.00089362
0.00131024
0.00176634
0.00226405
0.00281099
0.00342293
0.00412953
0.00498791
0.00613624
0.00789363
0.0102175
0.0131504
0.0167807
0.000299448
0.000496654
0.000893023
0.00130995
0.00176658
0.00226481
0.00281177
0.00342241
0.00412471
0.00497205
0.00609041
0.00781265
0.0101074
0.01301
0.0166136
0.0002988
0.000496055
0.00089243
0.00130966
0.00176682
0.00226554
0.00281252
0.00342184
0.00412001
0.0049573
0.00605005
0.00773502
0.010001
0.0128748
0.0164507
0.000298153
0.000495469
0.000891834
0.00130935
0.00176701
0.00226622
0.00281319
0.00342126
0.00411561
0.00494402
0.00601539
0.00766084
0.00989815
0.0127432
0.0162841
0.00029752
0.0004949
0.000891237
0.00130901
0.00176715
0.00226681
0.00281379
0.00342072
0.00411167
0.00493246
0.00598599
0.0075901
0.00979846
0.0126147
0.0161198
0.000296907
0.000494335
0.000890638
0.00130865
0.00176725
0.00226734
0.00281435
0.00342031
0.00410834
0.00492266
0.005961
0.00752273
0.00970175
0.012489
0.0159592
0.000296298
0.000493751
0.000890014
0.00130825
0.00176728
0.00226782
0.00281493
0.00342011
0.00410568
0.00491447
0.00593936
0.00745849
0.00960799
0.0123664
0.0158037
0.00029569
0.000493189
0.000889389
0.00130783
0.00176729
0.00226828
0.00281558
0.00342018
0.00410372
0.00490765
0.00592013
0.00739718
0.00951685
0.0122462
0.0156462
0.000295105
0.000492627
0.000888757
0.00130739
0.00176728
0.00226876
0.00281632
0.00342054
0.00410238
0.00490189
0.00590251
0.00733851
0.00942817
0.0121282
0.0154951
0.000294517
0.000492071
0.000888127
0.00130696
0.00176727
0.00226927
0.00281718
0.00342119
0.00410156
0.0048969
0.00588594
0.00728235
0.00934208
0.0120148
0.015363
0.000293941
0.000491535
0.000887506
0.00130652
0.00176728
0.00226984
0.00281818
0.00342208
0.00410113
0.0048924
0.00587003
0.00722866
0.00925885
0.0119061
0.0152325
0.000293382
0.000491008
0.000886908
0.00130611
0.00176732
0.00227046
0.00281928
0.00342317
0.00410098
0.00488819
0.00585456
0.00717753
0.00917814
0.011799
0.0150893
0.000292832
0.000490471
0.000886313
0.00130573
0.00176739
0.00227113
0.00282047
0.00342439
0.00410097
0.00488412
0.00583946
0.00712923
0.00910002
0.0116951
0.0149622
0.000292284
0.000489945
0.000885732
0.00130534
0.00176748
0.00227184
0.00282172
0.00342568
0.00410103
0.00488013
0.0058248
0.00708419
0.00902435
0.0115939
0.0148334
0.000291757
0.000489449
0.000885171
0.00130498
0.00176758
0.00227256
0.00282298
0.00342698
0.00410111
0.0048762
0.00581076
0.00704298
0.00895126
0.0114955
0.0147084
0.00029125
0.000488959
0.000884629
0.00130463
0.0017677
0.00227328
0.00282424
0.00342827
0.00410117
0.00487239
0.00579756
0.00700601
0.0088805
0.0113978
0.0145736
0.000290749
0.000488451
0.000884074
0.00130428
0.00176779
0.00227399
0.00282547
0.00342953
0.00410123
0.00486879
0.00578548
0.0069735
0.00881238
0.0113039
0.014464
0.00029025
0.000487967
0.00088354
0.00130393
0.0017679
0.00227469
0.00282668
0.00343077
0.00410135
0.00486555
0.00577472
0.00694532
0.00874684
0.0112118
0.014339
0.000289799
0.000487471
0.000882984
0.00130355
0.00176795
0.00227533
0.00282783
0.00343198
0.00410158
0.00486278
0.00576539
0.00692099
0.00868391
0.0111221
0.0142244
0.000289323
0.000486992
0.000882547
0.0013033
0.00176812
0.00227607
0.00282907
0.00343332
0.00410204
0.00486063
0.00575755
0.00689996
0.00862366
0.011035
0.0141127
0.000289046
0.000486425
0.000881844
0.00130279
0.00176815
0.00227678
0.00283043
0.00343491
0.00410298
0.00485934
0.00575123
0.00688161
0.00856628
0.0109509
0.0140044
0.000288305
0.000486077
0.000881803
0.00130236
0.00176763
0.00227647
0.00283044
0.00343508
0.00410266
0.0048572
0.00574485
0.00686438
0.00850983
0.0108675
0.0138923
0.000290105
0.000486303
0.000884019
0.00130858
0.00177718
0.00228843
0.00284391
0.00344908
0.00411601
0.00486827
0.00575078
0.00685807
0.00846721
0.0107949
0.0137948
0.000270676
0.00046372
0.000839345
0.00124984
0.00171104
0.00221973
0.00277585
0.00338345
0.00405323
0.00480738
0.00568906
0.00678868
0.00835822
0.0106743
0.0136764
0.00127021
0.00382909
0.00665585
0.00970277
0.0129815
0.0165044
0.0202932
0.0243747
0.0287751
0.0335129
0.038594
0.0440077
0.0497278
0.0557135
0.0619208
8.78964e-08
0.000418411
0.00169807
0.00382076
0.00630516
0.00927815
0.0127529
0.0167369
0.0212306
0.026224
0.0316945
0.0376036
0.0438969
0.0505053
0.0573558
0
0.000224262
0.0011357
0.00259446
0.00442476
0.00675534
0.00963089
0.0130897
0.0171591
0.0218509
0.0271566
0.0330428
0.0394508
0.0462978
0.0534898
8.1955e-06
0.000264761
0.00113813
0.00223273
0.00370539
0.00562879
0.00806521
0.0110753
0.0147127
0.0190179
0.0240103
0.0296812
0.0359891
0.0428584
0.0501859
6.77127e-05
0.000534885
0.00107978
0.00200312
0.00327293
0.0049441
0.00708489
0.00976621
0.0130571
0.0170181
0.021693
0.0270996
0.0332211
0.0400002
0.0473389
0.000353463
0.000597233
0.000999156
0.00181091
0.00294713
0.00444752
0.00637935
0.0088171
0.011837
0.0155117
0.019902
0.0250472
0.0309543
0.0375877
0.0448618
0.000403953
0.000561028
0.00092014
0.00165334
0.0026843
0.00405738
0.0058313
0.0080804
0.0108839
0.0143212
0.0184641
0.023368
0.0290597
0.0355259
0.0427023
0.000395821
0.000531094
0.000883057
0.00152539
0.00246894
0.00373934
0.00538718
0.00748391
0.0101096
0.0133469
0.0172748
0.0219595
0.0274425
0.0337233
0.0407295
0.000388006
0.000521287
0.000870172
0.00142254
0.00229324
0.00347517
0.00501831
0.0069881
0.0094638
0.0125297
0.0162692
0.0207565
0.0260454
0.0321557
0.0390711
0.000383185
0.000519236
0.000859579
0.00133837
0.00214678
0.00325201
0.00470628
0.00656803
0.00891492
0.0118318
0.0154048
0.0197144
0.0248247
0.0307721
0.0375547
0.000379039
0.000517543
0.000847182
0.00126777
0.00202306
0.00306308
0.00443856
0.0062065
0.00844111
0.0112269
0.014652
0.0188012
0.023747
0.0295382
0.0361848
0.000374876
0.000514539
0.000833554
0.00121051
0.00191736
0.00290094
0.0042059
0.00589132
0.00802697
0.0106964
0.0139888
0.017992
0.0227846
0.0284216
0.034913
0.000371007
0.000512375
0.000826722
0.00118619
0.00182818
0.00275969
0.00400129
0.00561347
0.00766104
0.0102263
0.0133988
0.017269
0.0219201
0.027418
0.0338053
0.000367735
0.000512267
0.000827719
0.00118163
0.00175329
0.00263581
0.00382087
0.00536637
0.00733479
0.00980616
0.0128699
0.0166183
0.021139
0.026506
0.0327677
0.000364939
0.000513241
0.000831528
0.00117954
0.00168934
0.00252664
0.00366097
0.00514498
0.00704167
0.0094278
0.0123923
0.0160286
0.0204272
0.0256653
0.0317845
0.000362346
0.00051392
0.000834143
0.00117423
0.00163332
0.00242964
0.00351781
0.00494523
0.0067765
0.0090848
0.0119582
0.0154906
0.0197744
0.0248895
0.0308857
0.000359763
0.000513637
0.000834161
0.00116559
0.00158527
0.00234268
0.00338845
0.00476369
0.00653511
0.00877199
0.0115613
0.0149973
0.0191744
0.0241788
0.0300846
0.000357201
0.000512781
0.000833296
0.00115928
0.00155833
0.00226589
0.00327128
0.00459897
0.0063143
0.00848525
0.0111968
0.0145434
0.0186212
0.0235213
0.0293213
0.000354796
0.000512172
0.000833943
0.001159
0.00155065
0.00219932
0.00316511
0.00444889
0.00611145
0.00822121
0.0108606
0.0141238
0.0181086
0.0229087
0.0286015
0.000352631
0.00051217
0.000836581
0.00116289
0.00154931
0.00214132
0.00306865
0.00431133
0.00592433
0.0079771
0.0105493
0.0137346
0.0176315
0.0223352
0.0279234
0.000350677
0.000512532
0.000840128
0.00116763
0.00154726
0.00208975
0.0029806
0.00418457
0.005751
0.00775057
0.01026
0.013372
0.0171857
0.0217975
0.0272887
0.000348843
0.000512826
0.00084329
0.00117103
0.00154249
0.002043
0.0028997
0.00406728
0.00559005
0.00753965
0.00999013
0.0130333
0.0167683
0.0212928
0.0266907
0.000347052
0.000512755
0.000845309
0.00117238
0.00153552
0.00200265
0.00282523
0.00395859
0.00544089
0.00734271
0.00973765
0.0127156
0.0163751
0.0208125
0.0261043
0.000345276
0.000512316
0.000846326
0.00117271
0.00152998
0.00197736
0.00275772
0.00385781
0.00530209
0.00715832
0.00950076
0.0124171
0.0160057
0.0203674
0.0256069
0.000343542
0.000511751
0.000847141
0.00117383
0.00152892
0.00196756
0.00269765
0.00376431
0.00517241
0.00698522
0.00927791
0.0121358
0.0156569
0.0199406
0.0250684
0.000341899
0.000511318
0.000848461
0.00117663
0.0015319
0.00196518
0.00264429
0.00367749
0.00505089
0.00682231
0.00906779
0.0118701
0.0153264
0.0195355
0.0245842
0.000340365
0.000511121
0.000850454
0.00118077
0.00153679
0.00196408
0.00259623
0.00359666
0.00493669
0.00666852
0.00886915
0.0116185
0.0150125
0.0191497
0.0241192
0.000338947
0.00051106
0.000852813
0.00118535
0.00154162
0.00196165
0.00255219
0.00352116
0.00482923
0.00652371
0.00868104
0.0113799
0.0147152
0.0187887
0.0237114
0.000337595
0.000511003
0.000855077
0.00118952
0.00154527
0.00195721
0.00251155
0.00345045
0.00472807
0.00638715
0.00850268
0.0111534
0.0144333
0.0184458
0.0232989
0.000336274
0.000510845
0.000856894
0.00119276
0.0015474
0.00195132
0.00247605
0.00338423
0.00463268
0.00625803
0.00833336
0.0109384
0.0141658
0.0181208
0.0229132
0.000334984
0.000510513
0.000858154
0.00119508
0.00154858
0.00194622
0.00245123
0.00332293
0.00454261
0.00613566
0.00817242
0.0107337
0.0139104
0.0178054
0.0225122
0.000333721
0.000510029
0.000858998
0.00119694
0.00155002
0.00194423
0.00243879
0.00326709
0.00445763
0.00601949
0.00801919
0.0105386
0.0136669
0.0175074
0.0221721
0.000332472
0.000509522
0.000859732
0.00119894
0.0015526
0.00194579
0.00243428
0.00321656
0.00437744
0.00590903
0.00787307
0.0103524
0.0134341
0.0172208
0.0218145
0.000331278
0.000509076
0.000860622
0.00120145
0.00155651
0.0019498
0.00243286
0.00317057
0.00430172
0.00580391
0.00773372
0.0101742
0.0132107
0.0169438
0.0214726
0.000330154
0.000508708
0.000861772
0.0012045
0.00156135
0.00195482
0.00243161
0.00312821
0.00423018
0.00570386
0.00760101
0.0100038
0.0129972
0.0166827
0.021177
0.000329076
0.000508425
0.000863107
0.00120787
0.00156648
0.00195969
0.00242928
0.00308871
0.00416246
0.00560858
0.00747438
0.00984048
0.012792
0.0164278
0.0208464
0.000328034
0.000508199
0.00086449
0.00121122
0.00157136
0.00196371
0.00242553
0.00305179
0.00409822
0.00551775
0.00735334
0.00968386
0.0125951
0.016186
0.0205721
0.000327046
0.00050794
0.000865763
0.00121427
0.00157561
0.00196663
0.00242061
0.00301841
0.00403729
0.00543107
0.00723748
0.00953355
0.0124063
0.015954
0.0202931
0.000326075
0.000507617
0.0008668
0.00121686
0.0015791
0.00196862
0.00241566
0.00299168
0.00397986
0.00534824
0.00712643
0.00938933
0.0122255
0.0157346
0.0200437
0.000325111
0.000507244
0.000867569
0.00121898
0.00158198
0.00197034
0.00241236
0.0029744
0.00392635
0.00526916
0.00701998
0.00925089
0.0120519
0.0155214
0.0197724
0.000324179
0.000506796
0.000868122
0.00122076
0.00158463
0.00197254
0.00241177
0.0029656
0.00387702
0.00519371
0.00691786
0.00911787
0.011885
0.0153154
0.0195195
0.000323259
0.000506318
0.000868554
0.00122243
0.00158742
0.00197572
0.00241386
0.002962
0.0038317
0.00512176
0.00681986
0.00899006
0.0117234
0.0151119
0.0192501
0.000322354
0.00050587
0.000868988
0.00122418
0.00159062
0.00197995
0.00241783
0.00296063
0.00378986
0.00505315
0.00672578
0.00886715
0.0115671
0.0149172
0.019025
0.000321488
0.000505458
0.000869515
0.00122613
0.00159427
0.00198498
0.00242275
0.00295964
0.00375085
0.0049877
0.00663541
0.00874877
0.0114159
0.0147281
0.0187873
0.000320662
0.000505069
0.000870143
0.00122831
0.00159826
0.00199043
0.00242782
0.00295809
0.00371422
0.0049252
0.00654856
0.00863463
0.0112697
0.0145451
0.0185627
0.000319853
0.000504734
0.000870853
0.0012306
0.0016024
0.00199592
0.00243251
0.00295559
0.00367961
0.00486541
0.00646497
0.00852437
0.0111278
0.0143668
0.0183397
0.00031908
0.000504428
0.000871591
0.0012329
0.00160648
0.00200111
0.0024365
0.00295211
0.00364713
0.00480814
0.00638446
0.00841787
0.0109908
0.0141969
0.0181425
0.000318339
0.000504106
0.000872295
0.0012351
0.00161031
0.00200582
0.00243969
0.00294793
0.00361779
0.00475333
0.00630683
0.00831478
0.0108574
0.0140263
0.0179046
0.000317609
0.000503771
0.000872897
0.0012371
0.00161378
0.00200997
0.00244221
0.00294383
0.00359367
0.0047011
0.00623192
0.008215
0.0107285
0.0138674
0.0177458
0.000316887
0.000503434
0.000873383
0.00123885
0.00161685
0.00201362
0.00244448
0.00294084
0.00357661
0.00465176
0.00615967
0.00811838
0.0106033
0.013709
0.0175199
0.000316192
0.000503053
0.000873749
0.00124037
0.00161959
0.002017
0.00244696
0.00293983
0.00356643
0.00460557
0.00609002
0.00802474
0.0104815
0.0135535
0.0173251
0.000315507
0.000502645
0.000874011
0.0012417
0.00162214
0.00202035
0.00245007
0.00294098
0.00356131
0.00456249
0.00602289
0.00793395
0.0103632
0.0134035
0.0171449
0.000314825
0.000502247
0.000874205
0.00124293
0.00162463
0.0020239
0.002454
0.002944
0.0035591
0.00452228
0.00595823
0.00784591
0.0102483
0.0132556
0.016946
0.000314172
0.000501838
0.000874388
0.00124415
0.0016272
0.00202778
0.00245873
0.0029483
0.00355817
0.00448457
0.00589593
0.0077604
0.0101359
0.0131091
0.0167551
0.000313533
0.00050144
0.000874586
0.00124543
0.00162992
0.00203201
0.00246407
0.00295329
0.00355746
0.00444896
0.00583584
0.00767737
0.0100268
0.0129708
0.0166075
0.000312907
0.000501084
0.000874828
0.00124678
0.0016328
0.00203652
0.00246976
0.00295847
0.00355639
0.00441509
0.00577783
0.0075967
0.00992048
0.012834
0.0164208
0.00031231
0.000500749
0.000875126
0.00124822
0.00163581
0.0020412
0.00247559
0.00296347
0.00355464
0.00438276
0.00572179
0.00751839
0.0098173
0.0127025
0.0162693
0.000311743
0.000500414
0.00087546
0.00124972
0.00163889
0.00204592
0.0024813
0.00296803
0.00355214
0.00435192
0.00566762
0.00744234
0.00971692
0.0125734
0.0160999
0.000311184
0.000500099
0.000875803
0.00125122
0.00164195
0.00205054
0.00248674
0.00297202
0.00354895
0.00432287
0.00561525
0.00736847
0.00961916
0.0124479
0.0159474
0.000310642
0.0004998
0.000876138
0.00125268
0.00164491
0.00205496
0.0024918
0.00297541
0.00354531
0.00429647
0.00556471
0.00729674
0.00952428
0.012327
0.0158048
0.000310127
0.000499503
0.000876448
0.00125406
0.00164771
0.00205909
0.00249642
0.00297831
0.00354175
0.0042741
0.00551614
0.00722713
0.00943202
0.0122091
0.0156582
0.000309636
0.000499201
0.00087672
0.00125533
0.00165032
0.00206292
0.00250065
0.00298094
0.00353893
0.00425697
0.00546977
0.00715967
0.00934281
0.0120971
0.0155301
0.000309156
0.000498904
0.000876933
0.00125648
0.00165271
0.00206645
0.0025046
0.00298361
0.00353744
0.00424526
0.00542582
0.00709433
0.0092558
0.0119832
0.0153589
0.000308701
0.000498579
0.000877087
0.00125751
0.0016549
0.00206976
0.00250841
0.00298664
0.00353758
0.00423813
0.00538437
0.00703109
0.0091713
0.0118757
0.0152527
0.000308259
0.000498244
0.000877183
0.00125842
0.00165695
0.00207293
0.00251226
0.0029902
0.00353936
0.00423421
0.00534537
0.00696999
0.00908965
0.0117741
0.0151409
0.000307829
0.000497928
0.000877245
0.00125926
0.0016589
0.00207606
0.00251629
0.00299441
0.00354249
0.00423226
0.00530868
0.00691112
0.00901106
0.0116764
0.0150207
0.00030743
0.000497611
0.000877307
0.00126007
0.00166082
0.00207924
0.00252057
0.00299924
0.00354663
0.00423134
0.00527412
0.00685451
0.00893517
0.0115802
0.0148925
0.000307072
0.00049728
0.000877371
0.00126089
0.00166278
0.00208253
0.00252513
0.0030046
0.00355143
0.00423081
0.0052415
0.00680016
0.00886193
0.011487
0.0147778
0.000306733
0.00049698
0.000877473
0.00126175
0.00166481
0.00208599
0.00252998
0.00301038
0.00355661
0.0042303
0.00521066
0.00674798
0.00879097
0.0113955
0.014658
0.000306461
0.00049669
0.000877594
0.00126263
0.00166691
0.00208958
0.00253505
0.00301641
0.0035619
0.00422961
0.00518148
0.00669803
0.00872291
0.0113094
0.014562
0.000306219
0.00049642
0.000877866
0.00126369
0.00166921
0.00209339
0.00254038
0.00302267
0.00356722
0.00422872
0.00515395
0.00665027
0.00865689
0.0112207
0.0144177
0.000306204
0.000496072
0.000878014
0.00126472
0.00167162
0.00209745
0.00254602
0.00302922
0.00357268
0.00422783
0.00512855
0.00660523
0.00859404
0.0111404
0.0143537
0.000305803
0.000496091
0.000878306
0.00126543
0.00167324
0.00210038
0.00255033
0.00303428
0.00357647
0.0042253
0.00510288
0.00656019
0.0085322
0.011061
0.0142395
0.000308074
0.000497154
0.000882832
0.00127386
0.00168504
0.00211481
0.0025666
0.00305126
0.00359202
0.00423484
0.00509507
0.00653433
0.00848714
0.0109941
0.0141539
0.000289626
0.000471522
0.000839116
0.00122141
0.00163016
0.00206132
0.00251612
0.00300318
0.00354284
0.00417647
0.00500657
0.00642039
0.00836629
0.0108772
0.0140508
0.103471
0.125478
0.13829
0.114404
0.0441036
0.0252592
0.0303779
0.122585
0.0863639
0.0876764
0.0895211
0.108766
0.102699
0.139264
0.139505
0.13639
0.109468
0.134292
0.0808161
0.139222
0.0660798
0.138219
0.151475
0.216778
0.139654
0.121401
0.0293904
0.133861
0.092984
0.131355
0.0457951
0.131541
0.137447
0.0683283
0.0175695
0.0176042
0.0560889
0.102258
0.0815289
0.13782
0.0510634
0.0327011
0.0394921
0.137998
0.139609
0.100666
0.0864419
0.129047
0.0807696
0.139781
0.11465
0.138158
0.137934
0.131209
0.136261
0.138224
0.0583165
0.0471466
0.106289
0.128233
0.0458197
0.0758224
0.139411
0.138198
0.13426
0.106332
0.13922
0.0280133
0.0319615
0.0514402
0.133688
0.0172811
0.0687021
0.169382
0.123032
0.133082
0.0289137
0.0270638
0.131402
0.0536521
0.129745
0.0968949
0.135046
0.00852865
0.0974725
0.0386383
0.0317826
0.0891074
0.113207
0.0965363
0.122033
0.138647
0.0889374
0.0976715
0.0293784
0.137784
0.139274
0.0805599
0.138505
0.136653
0.0555575
0.31865
0.096746
0.145855
0.0527794
0.106627
0.127483
0.137196
0.117854
0.0452159
0.128295
0.110227
0.0358807
0.115024
0.139438
0.106233
0.132997
0.115785
0.0994236
0.121486
0.0421082
0.0363003
0.0477334
0.105618
0.0299976
0.0190179
0.102037
0.129425
0.0566172
0.126683
0.0998428
0.285448
0.0590581
0.137168
0.135189
0.0943725
0.269758
0.0363584
0.107545
0.0322209
0.0247006
0.0816479
0.0370163
0.137108
0.104788
0.135315
0.0705548
0.0836753
0.133773
0.113896
0.109135
0.0739127
0.104661
0.116175
0.127856
0.0362019
0.133492
0.129765
0.123705
0.103534
0.018434
0.139044
0.110706
0.384156
0.0713459
0.138526
0.138742
0.129588
0.11973
0.136065
0.137323
0.135832
0.128772
0.0602563
0.0879629
0.0266447
0.136739
0.0442686
0.0793009
0.0502222
0.058525
0.110641
0.103906
0.121895
0.128254
0.0216889
0.0136543
0.0744978
0.00918065
0.0210722
0.0988632
0.138672
0.0320406
0.0610934
0.129516
0.166766
0.0807362
0.0211766
0.0311405
0.0949726
0.0736292
0.13021
0.131153
0.13749
0.116693
0.124048
0.0397731
0.0512325
0.0914339
0.138785
0.133272
0.138925
0.109563
0.0346007
0.106395
0.0724472
0.101412
0.138541
0.0380663
0.03279
0.117922
0.0479458
0.13748
0.137632
0.104616
0.0848881
0.0417701
0.138751
0.146368
0.136125
0.0663652
0.0407928
0.134234
0.138336
0.104339
0.133852
0.13836
0.0335159
0.137328
0.0107522
0.134627
0.130487
0.135405
0.0445173
0.13728
0.0477659
0.0902137
0.0658462
0.0628837
0.12481
0.0618006
0.139791
0.129234
0.133136
0.0513003
0.0557031
0.0975939
0.0718271
0.12769
0.136996
0.101922
0.120623
0.0796326
0.035227
0.094682
0.138209
0.0385727
0.0571615
0.169653
0.132742
0.092797
0.110767
0.11722
0.0379621
0.00849134
0.105891
0.139931
0.0567104
0.0705658
0.13404
0.16122
0.132224
0.0607159
0.124894
0.101728
0.13252
0.0614742
0.0973079
0.11794
0.0715116
0.03331
0.124856
0.0800205
0.0745252
0.0825958
0.0420815
0.10795
0.12416
0.13094
0.139513
0.0203187
0.130267
0.100613
0.13957
0.133425
0.0412838
0.0613169
0.148838
0.0674448
0.111575
0.139384
0.134828
0.0387032
0.193135
0.102903
0.105755
0.018793
0.0415409
0.0338699
0.11014
0.130372
0.12322
0.103532
0.135326
0.105248
0.048853
0.150677
0.146259
0.137303
0.202299
0.121605
0.0304737
0.0392395
0.0879332
0.103085
0.0806628
0.130918
0.136995
0.0550586
0.123331
0.118112
0.0242739
0.111178
0.13623
0.13878
0.0547802
0.137017
0.0288896
0.0506274
0.0598445
0.0437282
0.0204052
0.0354384
0.0206299
0.0773073
0.109767
0.085062
0.138076
0.0277968
0.136006
0.121465
0.134487
0.0614843
0.104247
0.148555
0.127554
0.096646
0.138691
0.121485
0.130563
0.0648416
0.120342
0.132616
0.0601196
0.0424478
0.119485
0.134707
0.112794
0.0680101
0.156072
0.109739
0.119639
0.132188
0.0817934
0.0667336
0.111203
0.138635
0.108391
0.105272
0.118495
0.1397
0.033104
0.137644
0.0855711
0.130663
0.0518091
0.119665
0.132102
0.13606
0.0423751
0.138743
0.0820374
0.135405
0.0978986
0.19401
0.0913683
0.138585
0.00498842
0.136757
0.0377691
0.119036
0.0393744
0.0783642
0.0596635
0.123759
0.0870443
0.122603
0.121605
0.138976
0.0648411
0.0996356
0.109831
0.136203
0.0174214
0.10184
0.14303
0.111499
0.0386154
0.116033
0.0769047
0.114309
0.133577
0.0989903
0.125334
0.12204
0.129514
0.118622
0.11871
0.0659958
0.133669
0.133036
0.00647854
0.139017
0.0302383
0.02795
0.0218363
0.0296865
0.0550054
0.0929809
0.0971972
0.11988
0.0967066
0.139182
0.124276
0.121972
0.0458101
0.235486
0.124293
0.022187
0.272748
0.0515955
0.0430598
0.135535
0.133234
0.023966
0.154079
0.099578
0.106051
0.12879
0.0371098
0.0900397
0.133364
0.0540059
0.0550919
0.141629
0.0978644
0.00417002
0.0876754
0.0823314
0.05655
0.131991
0.133703
0.132504
0.129763
0.102444
0.14112
0.0592997
0.0702638
0.134839
0.0924183
0.139603
0.139147
0.133619
0.27013
0.105596
0.0711265
0.13865
0.0934233
0.106755
0.0796447
0.063388
0.113693
0.150199
0.114065
0.123861
0.109872
0.0793924
0.0470301
0.0451273
0.107422
0.101156
0.138916
0.135557
0.134897
0.0251023
0.0426012
0.0884773
0.104833
0.0263395
0.0579259
0.0164191
0.0957357
0.12497
0.102343
0.108622
0.14103
0.0561451
0.0478529
0.0511866
0.362762
0.0291843
0.0174685
0.0306088
0.0733166
0.127141
0.130514
0.153102
0.0865312
0.105603
0.139766
0.130809
0.0721281
0.0515534
0.0845366
0.0977641
0.139821
0.109847
0.134345
0.0971527
0.146867
0.10972
0.138019
0.124004
0.0227944
0.0423656
0.00358329
0.130601
0.138253
0.0361516
0.139841
0.0438129
0.0606508
0.13827
0.0531823
0.129842
0.102039
0.153999
0.139204
0.0294535
0.117208
0.127373
0.138353
0.1171
0.116039
0.0617911
0.00569662
0.0258065
0.0730147
0.129896
0.0183632
0.0582046
0.112777
0.0676359
0.106515
0.115306
0.0828152
0.136872
0.042032
0.0923766
0.0769233
0.127432
0.137473
0.139293
0.122817
0.134776
0.0515789
0.12477
0.107673
0.0214621
0.139012
0.099488
0.0755989
0.0964296
0.0984997
0.13924
0.124922
0.0197333
0.0177867
0.134907
0.141764
0.101162
0.107721
0.0192081
0.138634
0.0885166
0.0511732
0.073515
0.131526
0.135758
0.135834
0.122099
0.131119
0.0298331
0.0696405
0.0622137
0.0384917
0.139726
0.125666
0.0440449
0.0352016
0.128238
0.0602769
0.125853
0.00399391
0.137954
0.0184269
0.0509644
0.132412
0.0499496
0.0808765
0.0975596
0.0938187
0.0626686
0.0413539
0.0365486
0.138433
0.0596474
0.115688
0.138394
0.0659868
0.135068
0.142426
0.0713559
0.0962859
0.0800213
0.0474325
0.127293
0.0251755
0.136272
0.0852631
0.109297
0.0668545
0.127065
0.138686
0.0956953
0.114141
0.111599
0.141491
0.132389
0.019843
0.0890973
0.104439
0.127569
0.132508
0.153909
0.10999
0.0659663
0.107715
0.172436
0.126944
0.0903069
0.103879
0.138542
0.104045
0.0168299
0.162164
0.0648389
0.0822529
0.141066
0.0753844
0.0439359
0.137643
0.132541
0.115922
0.0353852
0.034995
0.12282
0.140825
0.1322
0.0685583
0.123935
0.126109
0.0267903
0.135594
0.0314494
0.029815
0.0598649
0.134256
0.111557
0.139321
0.0811944
0.0328981
0.0717096
0.077747
0.114734
0.126493
0.122348
0.126731
0.103144
0.00310815
0.117872
0.0221303
0.0627328
0.0144721
0.0941605
0.133027
0.0253026
0.133138
0.131218
0.120076
0.0215975
0.0657612
0.0435705
0.0414749
0.0911632
0.133701
0.133954
0.0920181
0.0760069
0.0239233
0.0405052
0.102507
0.0392084
0.102107
0.138719
0.135216
0.112238
0.0378756
0.138945
0.138088
0.115551
0.0510536
0.0206989
0.032726
0.0174322
0.0829279
0.0646915
0.0698147
0.119647
0.0622871
0.10787
0.0855402
0.133623
0.139115
0.121818
0.0874072
0.0921042
0.0590218
0.13911
0.138797
0.134337
0.0560831
0.0735318
0.139896
0.00369609
0.020139
0.13884
0.036148
0.0732168
0.0735068
0.207507
0.138978
0.0311426
0.109602
0.138941
0.109299
0.139404
0.137381
0.0561098
0.0958092
0.310838
0.0702029
0.143768
0.1303
0.11803
0.0325826
0.0604665
0.127938
0.163106
0.0802127
0.0712786
0.142582
0.0996943
0.134467
0.135994
0.104232
0.138829
0.0449265
0.0673765
0.0963786
0.0202921
0.0615212
0.134519
0.0864284
0.137899
0.135772
0.132196
0.0669968
0.130944
0.131414
0.139705
0.027161
0.085197
0.0365152
0.137922
0.138587
0.0234405
0.0857907
0.137927
0.0868175
0.0869874
0.126343
0.137046
0.138763
0.132179
0.117205
0.123647
0.0268826
0.11638
0.0710765
0.0880153
0.105119
0.137178
0.115711
0.137123
0.13865
0.133598
0.178386
0.065911
0.139172
0.137294
0.0354465
0.103163
0.121443
0.0492146
0.128383
0.134646
0.0514787
0.0279899
0.132288
0.0320478
0.0560372
0.220852
0.101657
0.0635448
0.139239
0.11041
0.116365
0.129628
0.0565594
0.136282
0.0824575
0.132564
0.00276477
0.0630245
0.134889
0.0515279
0.138568
0.138074
0.0945448
0.0259926
0.10397
0.132136
0.108195
0.139157
0.0946324
0.135471
0.070068
0.0997622
0.0304075
0.139537
0.0338399
0.0432723
0.134454
0.139949
0.122178
0.0350948
0.113656
0.128395
0.112741
0.2214
0.0372867
0.00743646
0.0985171
0.129832
0.102276
0.13108
0.0532028
0.127772
0.130398
0.163737
0.0208741
0.120661
0.0220965
0.0952583
0.0266054
0.139576
0.0216457
0.120979
0.13564
0.137136
0.0595776
0.124642
0.124421
0.114297
0.0275789
0.0222084
0.115607
0.323064
0.00947229
0.0212952
0.0934131
0.0290004
0.113369
0.028303
0.138836
0.104398
0.101141
0.0614082
0.117667
0.135908
0.0257092
0.0419563
0.130473
0.135667
0.121723
0.124907
0.0588357
0.125904
0.15214
0.0955348
0.00948484
0.103274
0.0467008
0.126201
0.134037
0.138396
0.0328565
0.0412165
0.111848
0.103448
0.0963816
0.0525326
0.13922
0.111887
0.139293
0.0666365
0.0561357
0.049038
0.139966
0.0325361
0.139027
0.0737061
0.138811
0.134455
0.0779915
0.125511
0.0616238
0.0685056
0.0214748
0.0754633
0.0767552
0.0270905
0.138886
0.0896906
0.138566
0.118147
0.136826
0.0852308
0.138045
0.136986
0.0227701
0.0830256
0.13927
0.0200769
0.0395565
0.137661
0.0509397
0.05292
0.0735828
0.106175
0.12635
0.137869
0.138706
0.108534
0.038679
0.106342
0.0257146
0.138474
0.119116
0.157004
0.0641537
0.0786136
0.107613
0.0169655
0.135736
0.104518
0.093087
0.115362
0.0514964
0.137739
0.13905
0.162242
0.139687
0.139068
0.128897
0.171251
0.118209
0.0937446
0.105364
0.205193
0.138828
0.136459
0.101435
0.106667
0.0040536
0.140135
0.0222396
0.0606755
0.0702823
0.0749875
0.0473794
0.0317792
0.0369792
0.138862
0.127476
0.12876
0.0621652
0.07713
0.102856
0.139511
0.110516
0.116399
0.139613
0.0209612
0.0712514
0.128325
0.0916331
0.100916
0.106796
0.116327
0.0991127
0.065045
0.142112
0.135108
0.136349
0.0815627
0.101826
0.131816
0.0305023
0.00646593
0.136689
0.139293
0.107356
0.0949841
0.0431186
0.0723018
0.0161598
0.102358
0.0998607
0.103813
0.0741029
0.138608
0.0898958
0.0474722
0.111707
0.10002
0.0874436
0.0421478
0.0106645
0.104278
0.0302734
0.0425721
0.0397589
0.0677086
0.0695573
0.0674714
0.115521
0.126465
0.116624
0.049378
0.134746
0.0893545
0.0395264
0.118961
0.134113
0.255001
0.0469628
0.0332629
0.102733
0.0684616
0.0956113
0.106901
0.135272
0.135431
0.135852
0.0376515
0.140252
0.137287
0.081288
0.0638543
0.0830497
0.0877848
0.0965053
0.0172413
0.026157
0.0422118
0.0333527
0.0780722
0.137516
0.136974
0.0375203
0.138167
0.0558166
0.169225
0.128134
0.1007
0.138599
0.0791662
0.120292
0.0748989
0.0751285
0.106785
0.311305
0.125482
0.137699
0.0693049
0.135298
0.114273
0.151498
0.108663
0.111228
0.260941
0.0569421
0.0945189
0.131307
0.136111
0.144002
0.102531
0.111394
0.121792
0.10542
0.0983272
0.103259
0.119235
0.121688
0.125366
0.138495
0.118852
0.0637858
0.114228
0.12981
0.139242
0.138793
0.125161
0.0624697
0.129424
0.139312
0.0494583
0.0173582
0.114635
0.0473301
0.104666
0.137378
0.0591486
0.132459
0.135468
0.130315
0.0180039
0.0845954
0.0999649
0.139157
0.0429249
0.0226677
0.128769
0.0615231
0.09385
0.130518
0.122633
0.135389
0.0742277
0.0581292
0.0379946
0.0872573
0.0465472
0.0503711
0.138606
0.0217218
0.116218
0.0718908
0.0339686
0.132109
0.129421
0.033847
0.00874561
0.0842479
0.138771
0.082507
0.0554951
0.129843
0.0598865
0.0915929
0.0510681
0.134907
0.111382
0.129481
0.138797
0.0164687
0.0611318
0.0353076
0.0715956
0.11141
0.134057
0.110991
0.127878
0.110465
0.133975
0.099415
0.0387613
0.107404
0.0439913
0.110451
0.0224208
0.139018
0.138365
0.135204
0.0415841
0.083146
0.139413
0.102744
0.0351974
0.137736
0.13287
0.0254691
0.135551
0.11178
0.124089
0.137117
0.133298
0.0464324
0.0189788
0.110501
0.111113
0.082864
0.0819645
0.0257692
0.131473
0.0942402
0.0545353
0.138921
0.0848965
0.108797
0.129858
0.138514
0.134626
0.0166698
0.134987
0.0248466
0.138647
0.137425
0.019047
0.127814
0.0991548
0.037486
0.127452
0.0287609
0.0327858
0.101651
0.114657
0.278825
0.0774326
0.128116
0.0625063
0.110511
0.0715722
0.100111
0.0669483
0.10449
0.168668
0.088923
0.0809523
0.0750326
0.138234
0.128176
0.143722
0.12297
0.132433
0.124368
0.134671
0.120566
0.106771
0.137172
0.126007
0.0233894
0.183258
0.0503389
0.0153338
0.0230964
0.134643
0.142225
0.0224674
0.120103
0.116292
0.131424
0.113373
0.104064
0.0614619
0.0766661
0.13798
0.17401
0.132078
0.0556119
0.139569
0.100467
0.0475024
0.0994472
0.0487085
0.122632
0.137527
0.104591
0.0969258
0.131851
0.0819045
0.131957
0.099137
0.00403608
0.129016
0.087001
0.124607
0.141739
0.106599
0.164229
0.0761281
0.0458138
0.136805
0.129744
0.112116
0.100329
0.130214
0.165849
0.0229024
0.364162
0.0172698
0.114337
0.0381669
0.128931
0.0356811
0.139837
0.128027
0.0984249
0.136102
0.128233
0.131495
0.0953644
0.0241796
0.139751
0.16292
0.107045
0.130845
0.0750462
0.196285
0.141239
0.022047
0.133615
0.126121
0.137731
0.134995
0.0859451
0.0162643
0.107862
0.100076
0.102116
0.131852
0.0420031
0.136478
0.103349
0.118177
0.0766543
0.127513
0.128123
0.0288425
0.128328
0.0767164
0.137089
0.0348132
0.139425
0.0497757
0.135371
0.146896
0.123339
0.0623919
0.13844
0.134996
0.0323678
0.107257
0.125394
0.136427
0.0970002
0.136829
0.0718003
0.105434
0.0276769
0.335065
0.134458
0.106492
0.139172
0.101123
0.0890973
0.178267
0.211096
0.0919284
0.111681
0.136177
0.0180461
0.0982365
0.0406087
0.124359
0.0867822
0.0734942
0.138298
0.135605
0.135443
0.124443
0.0321322
0.0466558
0.0306178
0.138559
0.0743268
0.133905
0.0187496
0.115851
0.0632144
0.138115
0.136205
0.0484548
0.132467
0.113619
0.0620749
0.107791
0.097999
0.120213
0.0204948
0.108684
0.0335252
0.139547
0.11446
0.101741
0.106761
0.0316849
0.111221
0.124799
0.128967
0.137303
0.101103
0.0682682
0.0593278
0.0730201
0.138055
0.138889
0.118672
0.129366
0.0903366
0.0667786
0.114799
0.00583206
0.138028
0.13681
0.140323
0.151786
0.139528
0.0855912
0.043525
0.133568
0.0734822
0.111225
0.122342
0.019399
0.0419895
0.120055
0.0638634
0.103428
0.0673772
0.103085
0.106745
0.137969
0.0351524
0.0914603
0.0191678
0.0278613
0.135195
0.13719
0.04205
0.127382
0.0880607
0.0393537
0.0965657
0.136394
0.132183
0.135554
0.0684897
0.0888265
0.0756397
0.109765
0.0652536
0.0300017
0.0860205
0.13785
0.00972104
0.0704959
0.134088
0.136925
0.134968
0.0359944
0.0346915
0.0654136
0.273958
0.113993
0.138719
0.0711902
0.102186
0.0896208
0.135625
0.183352
0.0454102
0.138732
0.0531403
0.0906485
0.0462068
0.126847
0.321453
0.0367654
0.102288
0.139675
0.0853618
0.137005
0.0262654
0.138502
0.136969
0.0632654
0.0323813
0.122427
0.041183
0.0426175
0.0535476
0.0326599
0.077229
0.0940132
0.0524028
0.138027
0.0773154
0.139339
0.172982
0.137943
0.137244
0.136818
0.131074
0.0458726
0.0180968
0.104726
0.0728491
0.032245
0.130434
0.13564
0.0030081
0.0727118
0.136502
0.0172537
0.138454
0.0774375
0.0566623
0.114632
0.119856
0.134931
0.134083
0.120397
0.134272
0.10013
0.0214305
0.0238501
0.0322982
0.0284032
0.0947515
0.135084
0.0178245
0.0883886
0.13311
0.119329
0.107789
0.143591
0.0234997
0.0620562
0.129598
0.132085
0.124737
0.110331
0.136308
0.0962269
0.08788
0.135848
0.0399503
0.128095
0.132485
0.100365
0.128907
0.138531
0.136239
0.0203365
0.107976
0.0724598
0.0306885
0.129798
0.0622524
0.129231
0.130205
0.124236
0.030093
0.0548756
0.0181267
0.138744
0.106362
0.0810645
0.119998
0.147947
0.107155
0.0683489
0.138571
0.0212572
0.0316037
0.109768
0.106943
0.222849
0.138996
0.0249505
0.137144
0.138171
0.0261268
0.123817
0.0161736
0.100981
0.0761986
0.135951
0.0307873
0.0262994
0.092069
0.137732
0.035638
0.129357
0.0226252
0.128503
0.121776
0.0777006
0.0292787
0.0837032
0.0756006
0.102577
0.0332951
0.113327
0.397889
0.140874
0.12231
0.125597
0.162719
0.00437456
0.0415908
0.0105303
0.146232
0.138398
0.132347
0.137827
0.0906627
0.139974
0.132788
0.138279
0.107658
0.136334
0.156304
0.0147154
0.133814
0.097593
0.14155
0.0948633
0.126879
0.0371426
0.132039
0.105881
0.137724
0.136717
0.138981
0.125775
0.0210192
0.118655
0.0691373
0.117403
0.0927185
0.0362671
0.139281
0.132263
0.136596
0.127977
0.138183
0.0871118
0.0466096
0.040037
0.0259428
0.0865656
0.127772
0.137011
0.0643312
0.13079
0.106213
0.107739
0.100668
0.0617435
0.135456
0.0846281
0.131856
0.0141073
0.100565
0.103667
0.0156057
0.139472
0.133977
0.127948
0.0937154
0.126326
0.0644288
0.13365
0.0951353
0.137779
0.137251
0.0960167
0.10909
0.138769
0.139087
0.0919233
0.138372
0.11998
0.0465304
0.151598
0.203039
0.0933503
0.137094
0.1187
0.116808
0.154285
0.0560847
0.138652
0.0342287
0.0398146
0.0287278
0.00714309
0.0876805
0.0583072
0.120072
0.0791998
0.139056
0.020508
0.108565
0.0839132
0.0690767
0.137554
0.102988
0.0819782
0.117949
0.0685388
0.127271
0.115303
0.122925
0.0503819
0.0467091
0.133382
0.138449
0.0555133
0.118215
0.0248476
0.097759
0.0451732
0.13776
0.0154669
0.0290096
0.130031
0.119203
0.139656
0.0321523
0.136871
0.0249282
0.0347745
0.0378022
0.0808642
0.128228
0.103748
0.055148
0.138317
0.125894
0.139515
0.128689
0.132459
0.129166
0.135544
0.0920622
0.122761
0.0281967
0.111072
0.0166679
0.0414518
0.0220803
0.023571
0.0217643
0.133166
0.0418641
0.104692
0.0306961
0.12633
0.139614
0.0480369
0.10527
0.184293
0.133135
0.12344
0.11284
0.111896
0.136135
0.0438253
0.126069
0.0621072
0.133308
0.102127
0.02627
0.0806526
0.0376118
0.115876
0.0517223
0.131702
0.139837
0.00396619
0.138366
0.0476823
0.0989902
0.0994266
0.113071
0.0770733
0.0399083
0.0956232
0.133795
0.127107
0.0237139
0.102027
0.139039
0.0902356
0.097742
0.138467
0.107251
0.130238
0.039448
0.237599
0.118046
0.118145
0.1388
0.0419617
0.105398
0.0543175
0.022672
0.0987809
0.00671111
0.0171813
0.0683068
0.103731
0.136555
0.073018
0.116006
0.222233
0.0851575
0.136935
0.0554343
0.136976
0.170208
0.111828
0.138713
0.115779
0.0161585
0.0973041
0.0974593
0.0891054
0.137986
0.11837
0.139161
0.0376115
0.0528172
0.133342
0.138237
0.134616
0.101784
0.0788644
0.0169084
0.00283024
0.138733
0.110764
0.0625455
0.0860142
0.0879271
0.0698083
0.0779494
0.119484
0.0804741
0.119323
0.0537945
0.138435
0.118965
0.134056
0.0852778
0.13962
0.133441
0.0698053
0.0938098
0.114721
0.116365
0.32619
0.0171241
0.111416
0.121339
0.0887821
0.135431
0.120942
0.099164
0.127005
0.0912647
0.133255
0.0491645
0.0674233
0.0685769
0.113089
0.10389
0.131682
0.029485
0.107931
0.0197888
0.03709
0.130001
0.0346314
0.0450519
0.205184
0.11575
0.0854633
0.0195065
0.13441
0.06942
0.0570416
0.0997112
0.0291422
0.105706
0.130769
0.0561137
0.2182
0.128323
0.0561362
0.141064
0.0800452
0.0224268
0.118031
0.135407
0.115076
0.0522426
0.134189
0.120792
0.0796396
0.00950494
0.105288
0.0244574
0.130298
0.0780586
0.132522
0.0443939
0.121782
0.0454082
0.119615
0.0663212
0.128309
0.00328542
0.117464
0.0230926
0.149158
0.111098
0.0394366
0.138315
0.133086
0.138966
0.075539
0.0246439
0.108568
0.0341325
0.0227323
0.047414
0.0305271
0.0296037
0.13845
0.0326814
0.137089
0.100602
0.0778538
0.134245
0.0622808
0.115055
0.114761
0.13894
0.117517
0.0669235
0.0262179
0.11082
0.0618641
0.100493
0.139853
0.1193
0.134353
0.138665
0.0468188
0.134447
0.0855068
0.102965
0.147392
0.0561596
0.132052
0.135452
0.0689621
0.0953542
0.123248
0.137659
0.116194
0.0946309
0.126719
0.119945
0.0372505
0.0750238
0.0365821
0.093017
0.0465698
0.0453148
0.101973
0.102576
0.12675
0.136309
0.0493119
0.0486254
0.143653
0.115026
0.139652
0.105002
0.136726
0.0958445
0.0841705
0.0399649
0.137399
0.128283
0.0169183
0.0580766
0.134576
0.136026
0.135808
0.0749685
0.112581
0.00468642
0.0626066
0.118449
0.0375537
0.0830422
0.0237401
0.134882
0.103163
0.102794
0.111702
0.107255
0.0171682
0.123894
0.061666
0.0851506
0.0898689
0.0536238
0.13266
0.150428
0.123664
0.137012
0.12513
0.108942
0.133165
0.0618753
0.1017
0.0659944
0.124978
0.124332
0.0777102
0.0208725
0.0732173
0.026575
0.106971
0.0952307
0.103345
0.0694108
0.136115
0.0264895
0.0935659
0.0926337
0.0243742
0.116889
0.036999
0.0206351
0.125532
0.134997
0.137694
0.0155317
0.102052
0.0793939
0.107788
0.0935989
0.00337701
0.0687496
0.114522
0.0133135
0.134844
0.131302
0.129471
0.148291
0.0419964
0.119039
0.150099
0.0862118
0.128638
0.0310059
0.135247
0.0226206
0.10893
0.0424582
0.0249556
0.0473379
0.0776795
0.113636
0.0919846
0.108434
0.101601
0.123716
0.016655
0.0452358
0.125552
0.0268522
0.125746
0.124743
0.0911156
0.113318
0.0754626
0.134972
0.0840996
0.118092
0.0933162
0.123196
0.138835
0.131668
0.339102
0.116602
0.117604
0.0947232
0.134063
0.0561593
0.0623015
0.0648123
0.0521549
0.126276
0.115447
0.13637
0.0228347
0.137285
0.326867
0.11268
0.129343
0.137837
0.0940002
0.0613693
0.118485
0.117572
0.115288
0.12205
0.0580369
0.107042
0.0162721
0.0484188
0.103158
0.0955336
0.139891
0.110267
0.111922
0.139778
0.172383
0.0779026
0.135941
0.0506834
0.102147
0.0408789
0.138838
0.0889566
0.161894
0.190961
0.133915
0.137526
0.102292
0.085682
0.133524
0.0559539
0.0544539
0.139426
0.202615
0.138546
0.149887
0.0530334
0.142994
0.0244462
0.333632
0.126453
0.0977359
0.138597
0.105372
0.077337
0.0240312
0.103578
0.134817
0.136279
0.13802
0.139211
0.0378809
0.215474
0.043862
0.024628
0.0507434
0.0546029
0.104469
0.200897
0.0190196
0.129282
0.0694826
0.133171
0.0234056
0.138857
0.124314
0.119951
0.09409
0.0873207
0.0816881
0.00308262
0.120308
0.139281
0.114697
0.128511
0.142827
0.0193817
0.038085
0.0385994
0.13769
0.0353322
0.107106
0.0434224
0.0671585
0.0992095
0.0196793
0.139542
0.0301304
0.129396
0.13892
0.111845
0.0482367
0.123273
0.13244
0.0993429
0.0189556
0.0264051
0.0448816
0.335927
0.126686
0.00393255
0.1262
0.139035
0.168752
0.0312887
0.115503
0.0160951
0.132311
0.0596914
0.050659
0.0450451
0.113432
0.0933429
0.00358092
0.119486
0.106578
0.101611
0.0648286
0.0651067
0.139537
0.00273614
0.138575
0.139446
0.100515
0.030062
0.0504007
0.0222913
0.0192571
0.076947
0.125732
0.0206449
0.0381235
0.124223
0.139381
0.0522368
0.0465091
0.016773
0.138874
0.0171501
0.0844974
0.0995724
0.299216
0.103569
0.0929403
0.125296
0.11495
0.13071
0.101628
0.130132
0.0544546
0.139346
0.121767
0.0266525
0.079228
0.0743513
0.139632
0.0126057
0.121561
0.0371202
0.126193
0.0976821
0.0348043
0.112845
0.109061
0.101123
0.0495744
0.129862
0.0972856
0.0628193
0.0918262
0.259109
0.112867
0.13403
0.135113
0.0885856
0.138067
0.0682405
0.138992
0.0310889
0.0248446
0.0955394
0.115698
0.134784
0.0446746
0.0895886
0.0786876
0.0132735
0.0648847
0.138934
0.104995
0.0895914
0.0420181
0.029019
0.051409
0.107244
0.110938
0.127658
0.138635
0.0262111
0.0170035
0.00931819
0.0819158
0.0922698
0.130199
0.128971
0.0780847
0.0616694
0.0308671
0.0350212
0.0770908
0.0643533
0.125227
0.0990935
0.103083
0.135906
0.038477
0.0824325
0.11502
0.13912
0.138575
0.211103
0.0191409
0.0394344
0.218105
0.0288247
0.139908
0.116541
0.139308
0.0423246
0.11681
0.0737014
0.0471138
0.0177346
0.019423
0.0160317
0.09145
0.13619
0.138226
0.13818
0.126634
0.0420637
0.0881416
0.114537
0.0437427
0.0804569
0.107656
0.138809
0.137718
0.375714
0.0270506
0.135307
0.138628
0.139786
0.12646
0.10755
0.100584
0.0422721
0.00510671
0.131338
0.0889925
0.0791727
0.109476
0.154148
0.138785
0.138234
0.168192
0.115695
0.109751
0.137275
0.187473
0.0697271
0.136728
0.0179499
0.0524882
0.120565
0.130516
0.104002
0.0105117
0.0521522
0.125554
0.123446
0.0777349
0.0551292
0.102412
0.0761672
0.00531964
0.13549
0.1145
0.0267508
0.139767
0.0256964
0.118242
0.103453
0.138765
0.137891
0.129442
0.131
0.00868915
0.127416
0.0580758
0.0595803
0.137283
0.136366
0.0302987
0.0766691
0.103579
0.139704
0.138402
0.0413531
0.123112
0.016503
0.0856405
0.133623
0.131527
0.136829
0.0944446
0.0930094
0.103766
0.131084
0.058983
0.0553126
0.138614
0.0577716
0.104983
0.119103
0.125834
0.13446
0.0365258
0.134334
0.0419543
0.0142364
0.131057
0.139347
0.0933714
0.102748
0.0387854
0.0225341
0.104255
0.106834
0.126013
0.103428
0.137758
0.114395
0.041716
0.206573
0.13978
0.102297
0.107844
0.102702
0.0432203
0.113501
0.0874217
0.0118662
0.00792312
0.101135
0.0409626
0.0458664
0.138418
0.137327
0.132183
0.0221715
0.0886897
0.102241
0.0249629
0.0691216
0.134048
0.132084
0.0933126
0.123552
0.0394952
0.00950483
0.0187371
0.0912079
0.105881
0.138313
0.137229
0.138655
0.104103
0.106636
0.02706
0.1119
0.139187
0.0185968
0.0672149
0.0709723
0.0235038
0.0446171
0.139904
0.13038
0.046473
0.105764
0.0378745
0.0236139
0.115236
0.0278998
0.137507
0.119371
0.0884009
0.102164
0.0956807
0.12472
0.0982926
0.0347856
0.0270311
0.00532286
0.10903
0.0283461
0.0216089
0.13355
0.312008
0.0425827
0.0566941
0.0548819
0.10485
0.13911
0.138533
0.0287122
0.100516
0.12616
0.0472097
0.0871093
0.139823
0.103623
0.14282
0.0259721
0.0293099
0.0810226
0.0471262
0.139045
0.0902425
0.125374
0.0223907
0.0983016
0.0866002
0.0542116
0.127684
0.0738202
0.128475
0.0407723
0.128978
0.139005
0.13337
0.0904754
0.138834
0.130308
0.139014
0.0468434
0.0268702
0.0933374
0.0417777
0.0783341
0.00769234
0.0562843
0.107552
0.132722
0.0816071
0.120793
0.301119
0.139658
0.128377
0.119403
0.0872638
0.135345
0.0908802
0.0866562
0.0109706
0.111944
0.138473
0.121178
0.0561293
0.0754787
0.0346262
0.0311895
0.0724046
0.137246
0.0843416
0.213772
0.0242691
0.11674
0.0561862
0.130555
0.131607
0.138546
0.346027
0.117373
0.0588302
0.0372648
0.10365
0.0448627
0.106266
0.0830286
0.102279
0.0192842
0.129474
0.135457
0.136625
0.133885
0.068624
0.152328
0.0390348
0.116684
0.0597317
0.0407558
0.0480203
0.0921927
0.103355
0.0642016
0.0170391
0.139716
0.0992064
0.0918577
0.0728809
0.13864
0.113704
0.121659
0.0176649
0.137129
0.0596416
0.132247
0.0227202
0.106459
0.092423
0.0257506
0.0290278
0.136332
0.136207
0.125537
0.0175016
0.00831249
0.0958713
0.127666
0.0821588
0.127212
0.131862
0.024737
0.138975
0.133025
0.0648785
0.138899
0.13996
0.0930338
0.00591693
0.0830888
0.125426
0.103259
0.117325
0.0649129
0.0315217
0.127369
0.0755541
0.139626
0.0499705
0.0333575
0.0243194
0.138717
0.0204548
0.0203267
0.136846
0.0702387
0.135586
0.0209241
0.106846
0.0319637
0.132618
0.112963
0.071295
0.129379
0.154674
0.122258
0.0111415
0.139399
0.122883
0.0287824
0.0369084
0.134416
0.142647
0.119177
0.0518775
0.0703093
0.00819638
0.288348
0.0664947
0.0505438
0.138494
0.09287
0.0369801
0.00682333
0.140801
0.13997
0.0182754
0.0461515
0.135873
0.054351
0.120465
0.0376063
0.0177576
0.130449
0.0481453
0.118993
0.0675861
0.037662
0.0525897
0.077231
0.0201298
0.133677
0.0354343
0.0271716
0.14023
0.0338951
0.138156
0.0250836
0.137338
0.0515645
0.0428528
0.0516911
0.133324
0.0387328
0.0205461
0.134958
0.0171023
0.0730832
0.136298
0.0345707
0.11419
0.0347452
0.104682
0.118442
0.137278
0.0994933
0.0186867
0.0431223
0.0519028
0.118422
0.138227
0.130716
0.137323
0.120007
0.1383
0.026426
0.0513542
0.103169
0.0224619
0.0247739
0.13587
0.391812
0.0466885
0.120228
0.1327
0.138676
0.0410529
0.0694414
0.0196043
0.11799
0.1336
0.250877
0.0366019
0.102859
0.0691216
0.137528
0.0889614
0.083692
0.135827
0.161852
0.134177
0.123265
0.0994963
0.10441
0.142664
0.106651
0.0962422
0.139044
0.072793
0.101557
0.122432
0.0802673
0.0633763
0.0476323
0.0972995
0.0421149
0.137699
0.105628
0.19551
0.123082
0.129086
0.0892075
0.0606463
0.117996
0.13453
0.107333
0.0516292
0.126056
0.0291098
0.0394369
0.137927
0.1213
0.0348728
0.0481736
0.136742
0.0190615
0.122445
0.0451952
0.139163
0.00854897
0.0716096
0.031431
0.0282546
0.0573306
0.0908346
0.117454
0.0286909
0.0789841
0.139212
0.139825
0.110627
0.108966
0.10503
0.0378688
0.0423022
0.0705432
0.0534585
0.0803677
0.00707306
0.0303296
0.0873372
0.100508
0.134468
0.0294772
0.0424674
0.0832303
0.187407
0.0623631
0.0824198
0.139505
0.0587825
0.00606882
0.13712
0.119499
0.0215669
0.123469
0.124722
0.0970623
0.132866
0.102206
0.135263
0.139708
0.094
0.0869927
0.13808
0.145277
0.139867
0.132297
0.0931598
0.0509075
0.0940825
0.0115625
0.139668
0.142276
0.136305
0.315395
0.113398
0.109878
0.034257
0.138814
0.324845
0.138304
0.0235916
0.130611
0.00521592
0.0767506
0.0499948
0.135457
0.033524
0.0373969
0.118267
0.101822
0.151471
0.0490533
0.103217
0.0600304
0.106444
0.0613945
0.137813
0.138871
0.0600702
0.110212
0.0936653
0.13968
0.0643149
0.186006
0.131838
0.0212006
0.102737
0.0678686
0.087833
0.0308518
0.0807826
0.112407
0.0618969
0.139671
0.101995
0.129976
0.1359
0.275475
0.0589547
0.024019
0.0116475
0.135608
0.022029
0.0433362
0.321149
0.136688
0.106941
0.137266
0.00527375
0.139121
0.0244998
0.136958
0.0691938
0.10362
0.120943
0.0314729
0.137411
0.178553
0.122773
0.121351
0.0801445
0.0175275
0.0575537
0.137
0.05024
0.0667267
0.229271
0.139167
0.138654
0.139035
0.0576842
0.131979
0.123742
0.00764602
0.139014
0.137232
0.0599478
0.0330504
0.0244072
0.143822
0.139252
0.0283874
0.117793
0.0234081
0.138805
0.0929427
0.116063
0.101521
0.121231
0.0851316
0.0533855
0.139894
0.139946
0.1335
0.131199
0.136704
0.134583
0.134717
0.139773
0.0979077
0.117164
0.00674691
0.136816
0.123676
0.139361
0.0615224
0.137254
0.133487
0.00464466
0.0464703
0.147009
0.133661
0.0321211
0.107959
0.101899
0.0146892
0.132087
0.124322
0.0726611
0.0232583
0.0439496
0.0308103
0.0679684
0.0352124
0.113092
0.107532
0.0907272
0.130981
0.0222681
0.11828
0.0494128
0.125542
0.118415
0.133668
0.0317525
0.166641
0.0225454
0.105579
0.0287029
0.0207555
0.0720544
0.102106
0.135142
0.0164676
0.0889885
0.129884
0.103376
0.133122
0.138824
0.139655
0.0328001
0.138269
0.111247
0.130476
0.0593634
0.136578
0.11579
0.136955
0.127683
0.0817602
0.102888
0.0560241
0.0552924
0.104166
0.133725
0.0376655
0.135122
0.128134
0.0417688
0.136472
0.0136522
0.143827
0.083994
0.0366275
0.0392747
0.014544
0.106333
0.125151
0.0888343
0.140199
0.0653023
0.0687758
0.138241
0.021
0.0206144
0.131241
0.0825048
0.0286486
0.0129029
0.0507029
0.0563979
0.0336603
0.0235504
0.0301901
0.116513
0.138923
0.134194
0.13902
0.0928312
0.107889
0.126205
0.00539676
0.130209
0.112621
0.115228
0.139338
0.135758
0.0686184
0.139543
0.107811
0.0405045
0.0185861
0.137792
0.0822743
0.13595
0.0628729
0.119199
0.137123
0.139144
0.12499
0.0980911
0.0401301
0.00916527
0.138977
0.105814
0.114221
0.134207
0.0769618
0.149889
0.103486
0.131292
0.143292
0.124568
0.00947731
0.0487332
0.0318631
0.137898
0.271343
0.0179934
0.103214
0.127652
0.0743298
0.0281541
0.0980056
0.064426
0.139726
0.119592
0.140643
0.126757
0.138113
0.101725
0.0923228
0.0815147
0.0501753
0.131602
0.101964
0.123344
0.114188
0.307182
0.125619
0.138641
0.0140337
0.134724
0.114024
0.0273594
0.0951443
0.131013
0.0966249
0.0258041
0.117852
0.170713
0.0354692
0.133132
0.104264
0.0764113
0.106839
0.120705
0.118943
0.0963387
0.0444192
0.0257415
0.0387734
0.104138
0.139014
0.138235
0.0232538
0.25739
0.037677
0.13555
0.0580033
0.0984358
0.0385364
0.0900748
0.00982751
0.138998
0.0197442
0.14992
0.134461
0.0814633
0.11236
0.112342
0.124503
0.104552
0.122604
0.124339
0.017404
0.0276818
0.138308
0.0830456
0.011318
0.0851239
0.272443
0.126304
0.08323
0.0619715
0.00323464
0.12751
0.136378
0.0368517
0.135787
0.118547
0.132238
0.0130443
0.0768372
0.126839
0.122268
0.082577
0.0590852
0.0367173
0.0971507
0.0347897
0.156589
0.139835
0.128927
0.0494025
0.111495
0.137622
0.0835704
0.0558329
0.136357
0.0793531
0.135415
0.0793066
0.102462
0.0466936
0.0285848
0.0560827
0.127676
0.00791896
0.078018
0.025766
0.120246
0.0416414
0.022966
0.0895107
0.101766
0.0462668
0.138826
0.109635
0.0316911
0.0759051
0.0897944
0.0677541
0.0983827
0.135663
0.135545
0.0956155
0.0283826
0.0242107
0.0309201
0.0663427
0.0328579
0.0738408
0.070706
0.0489376
0.12657
0.144655
0.0639119
0.0233088
0.13649
0.0413505
0.0257205
0.138653
0.0505766
0.12904
0.138158
0.214063
0.0987432
0.0515274
0.135275
0.133252
0.151542
0.105845
0.0195388
0.138308
0.0162338
0.0258173
0.131716
0.0512166
0.0884668
0.12826
0.102728
0.043022
0.131233
0.0881453
0.135856
0.104355
0.0949658
0.0533371
0.00605105
0.0859781
0.0338746
0.130662
0.0844392
0.138867
0.122701
0.104218
0.042475
0.0109462
0.131342
0.061134
0.0374342
0.0384878
0.105708
0.100562
0.0516061
0.105848
0.131942
0.129473
0.0517837
0.0569147
0.101893
0.133104
0.107452
0.0209984
0.175049
0.104965
0.239449
0.105498
0.0971127
0.139186
0.112453
0.128246
0.0487906
0.117299
0.118927
0.0875497
0.134423
0.104777
0.10826
0.00551482
0.137924
0.107489
0.0717506
0.0120856
0.0475666
0.102634
0.077305
0.0196733
0.217643
0.0659896
0.126701
0.042699
0.118854
0.0369554
0.135242
0.0898021
0.104192
0.0389204
0.0973728
0.0972942
0.0748895
0.124897
0.124145
0.1215
0.103926
0.0775573
0.138751
0.0544231
0.025807
0.123416
0.121088
0.137154
0.0668612
0.0977564
0.058247
0.133003
0.021781
0.125053
0.130804
0.120711
0.109475
0.116123
0.132763
0.118205
0.0428038
0.0577701
0.135094
0.082152
0.0640134
0.065954
0.0320673
0.0256861
0.169544
0.0229411
0.0611447
0.101592
0.099226
0.139215
0.0703594
0.127808
0.123298
0.0812145
0.139363
0.006518
0.0844474
0.0695004
0.128745
0.0966849
0.0323373
0.13796
0.139904
0.0385998
0.134662
0.139933
0.122411
0.0118543
0.0713588
0.0564309
0.134919
0.135094
0.139833
0.120441
0.0615801
0.0534465
0.0192345
0.0326214
0.134867
0.0247229
0.138851
0.118894
0.139698
0.143353
0.129776
0.130991
0.122415
0.0381688
0.137917
0.0616424
0.139924
0.191745
0.0276598
0.0174437
0.0651922
0.0609784
0.121507
0.0892917
0.063862
0.133018
0.0644934
0.108796
0.0231957
0.0271842
0.0334459
0.139643
0.0397135
0.18804
0.109691
0.0354747
0.121394
0.136231
0.119565
0.101087
0.0603847
0.138923
0.0730942
0.0769595
0.0176484
0.054716
0.104666
0.0181456
0.0621607
0.0432972
0.0483637
0.136162
0.0236333
0.0579885
0.0457442
0.110615
0.137935
0.0215555
0.0687779
0.0453133
0.0923086
0.104013
0.116709
0.116707
0.13909
0.0842375
0.137575
0.0201627
0.142902
0.041796
0.134783
0.0346628
0.0983742
0.128322
0.126622
0.136609
0.132803
0.136811
0.139878
0.0301426
0.0914156
0.075116
0.073671
0.0224664
0.204608
0.0444844
0.11303
0.0988707
0.132724
0.137188
0.137763
0.0476354
0.135898
0.131326
0.027045
0.0182906
0.0565952
0.135447
0.0873865
0.108445
0.065249
0.120564
0.0815827
0.0581229
0.105411
0.0395889
0.107366
0.00887036
0.0621278
0.037832
0.138566
0.133876
0.135667
0.145801
0.00768546
0.129553
0.123887
0.0733769
0.0272459
0.108952
0.0875285
0.11079
0.0324512
0.0918584
0.0257352
0.0258535
0.0236244
0.1369
0.128575
0.115308
0.103741
0.0444407
0.132033
0.0529888
0.136024
0.135224
0.0906802
0.0992487
0.110657
0.0369048
0.0489155
0.139005
0.12698
0.117572
0.06838
0.143773
0.0572694
0.105968
0.14469
0.0187396
0.107761
0.00918218
0.0403871
0.00683073
0.0977629
0.136437
0.0147033
0.113821
0.0943026
0.0104318
0.136696
0.107247
0.138876
0.138896
0.0247567
0.0218268
0.0345302
0.0292313
0.0251721
0.128804
0.102001
0.0733541
0.11059
0.0583142
0.00581692
0.136726
0.111857
0.0474966
0.0731648
0.0253108
0.115048
0.134265
0.113841
0.136105
0.0332306
0.138186
0.0160324
0.0986334
0.0357881
0.108088
0.0125958
0.0643465
0.104527
0.1089
0.0880542
0.0192566
0.0370575
0.043682
0.121943
0.0887064
0.103094
0.0841247
0.0357975
0.139018
0.0832793
0.206463
0.0361829
0.0807268
0.00344272
0.138623
0.0548879
0.136097
0.105305
0.0999361
0.0880364
0.126
0.0156769
0.138293
0.13849
0.133809
0.126322
0.0325192
0.112942
0.108068
0.103623
0.113742
0.135889
0.109408
0.121039
0.138202
0.104699
0.133149
0.137735
0.11808
0.136948
0.111427
0.0115206
0.111788
0.10124
0.334708
0.0300526
0.13823
0.0791407
0.139466
0.0511606
0.0469298
0.139257
0.105257
0.107311
0.0595571
0.0312478
0.105163
0.101018
0.113365
0.0686082
0.124007
0.134922
0.104773
0.136537
0.0294546
0.113587
0.0651224
0.135018
0.033528
0.102168
0.0271288
0.111738
0.138741
0.133428
0.134816
0.134027
0.159415
0.107007
0.0505757
0.139882
0.133023
0.0519404
0.0159296
0.0935651
0.137508
0.137803
0.0394829
0.0513677
0.0880285
0.0920955
0.114462
0.1397
0.00380649
0.105824
0.137415
0.0877686
0.103673
0.114091
0.0801244
0.138899
0.109915
0.131538
0.13626
0.120786
0.326944
0.0499962
0.110373
0.00876224
0.0193813
0.106188
0.0334919
0.103245
0.0959146
0.0641703
0.113698
0.0810836
0.0859372
0.13581
0.136792
0.128071
0.0838095
0.018102
0.0908608
0.101849
0.119898
0.0866932
0.126023
0.119008
0.0561393
0.11899
0.0614674
0.125927
0.105759
0.13752
0.150135
0.0222897
0.105954
0.126286
0.0634623
0.0358854
0.0229605
0.14041
0.0525985
0.103521
0.126915
0.0765469
0.0370528
0.0957377
0.122438
0.100312
0.0936465
0.12412
0.138766
0.129067
0.0558445
0.0571188
0.0514365
0.0498555
0.139023
0.0271995
0.134689
0.110647
0.0824936
0.0364078
0.136567
0.00596369
0.14701
0.0540706
0.138169
0.0103739
0.121129
0.0238412
0.135665
0.00887032
0.0868713
0.130112
0.0897586
0.132032
0.0212859
0.034829
0.136024
0.0252305
0.112555
0.0253511
0.0852767
0.00426598
0.104986
0.0760837
0.065695
0.139167
0.1322
0.0548643
0.136963
0.136617
0.0317263
0.127492
0.0671268
0.104598
0.0283757
0.122066
0.0888923
0.102331
0.117207
0.051195
0.028741
0.0259345
0.0332976
0.140997
0.060628
0.0381804
0.0488199
0.06145
0.0191009
0.0940389
0.00461303
0.0316363
0.093344
0.0776129
0.109081
0.133855
0.129096
0.0779146
0.124124
0.0386437
0.0567247
0.106267
0.0488355
0.0391524
0.108053
0.12797
0.133905
0.134242
0.115259
0.0194065
0.204087
0.0509972
0.201039
0.138886
0.13166
0.0223727
0.0836583
0.0526461
0.136367
0.136667
0.0232507
0.0274274
0.10385
0.0413543
0.0519152
0.102346
0.0463666
0.139315
0.13511
0.0997779
0.080315
0.0244784
0.0699681
0.101268
0.112295
0.12222
0.123068
0.106488
0.139704
0.135169
0.0568541
0.109234
0.095501
0.143402
0.137105
0.123957
0.129688
0.0848095
0.240187
0.0828097
0.105257
0.137825
0.0592594
0.0673712
0.0374973
0.142428
0.100738
0.0700562
0.0593314
0.100486
0.133547
0.132335
0.0597286
0.0797124
0.135413
0.13247
0.0252833
0.0316974
0.130946
0.0403342
0.0668712
0.114235
0.0882889
0.141372
0.138995
0.138956
0.111694
0.130462
0.0704735
0.100998
0.0336355
0.0344935
0.12731
0.0984274
0.0554291
0.307816
0.107478
0.328606
0.193484
0.0523009
0.126216
0.103027
0.138281
0.137794
0.0961308
0.0157506
0.134392
0.136181
0.107718
0.0269175
0.0922628
0.10797
0.00554421
0.109629
0.0863988
0.137466
0.0316101
0.0292194
0.28792
0.00433261
0.139152
0.132121
0.0775067
0.0488167
0.115306
0.108182
0.00444882
0.0970373
0.10483
0.122597
0.131142
0.0774381
0.129184
0.0659019
0.134423
0.0930052
0.0437558
0.111866
0.113759
0.109568
0.119297
0.107485
0.129232
0.139917
0.112219
0.00512186
0.111506
0.0553607
0.122002
0.0366935
0.0939133
0.1216
0.131207
0.0438532
0.043266
0.13338
0.148987
0.136841
0.138695
0.0256317
0.135924
0.0544072
0.136342
0.137874
0.0346617
0.0296428
0.101818
0.120174
0.13931
0.0194731
0.0961195
0.0187923
0.130537
0.129797
0.135823
0.0945984
0.0918776
0.104358
0.125399
0.134599
0.104351
0.0555132
0.135092
0.13206
0.126871
0.137208
0.139812
0.131393
0.0912351
0.0275408
0.0856121
0.358627
0.0703254
0.131683
0.083251
0.0776557
0.139418
0.114673
0.115254
0.136836
0.137038
0.126596
0.0441176
0.0351379
0.110231
0.155602
0.134394
0.138117
0.135747
0.128713
0.0680135
0.0175848
0.131291
0.110404
0.162433
0.10533
0.136021
0.117274
0.0540897
0.061404
0.0834708
0.118458
0.137647
0.0214833
0.084388
0.136232
0.0907055
0.103438
0.128887
0.328831
0.139689
0.137523
0.00385008
0.0209845
0.0145147
0.113768
0.0983618
0.0658232
0.135316
0.10106
0.136843
0.0838128
0.135971
0.0963924
0.0438518
0.138132
0.104719
0.115874
0.0617103
0.122106
0.052424
0.0475384
0.147644
0.0541697
0.109395
0.0234035
0.130058
0.136011
0.0922402
0.0613206
0.103168
0.137249
0.114735
0.0369194
0.0180847
0.0962208
0.0603511
0.137592
0.120263
0.0240437
0.0764126
0.137671
0.0850513
0.121871
0.139413
0.137519
0.171693
0.13753
0.0289751
0.0583082
0.013959
0.115208
0.0243443
0.139974
0.0335167
0.136341
0.0173878
0.0938361
0.139799
0.132516
0.139092
0.131626
0.098532
0.104368
0.0115747
0.125099
0.127955
0.135774
0.14802
0.136544
0.138629
0.300842
0.137225
0.130139
0.032742
0.0655937
0.131388
0.0911381
0.276088
0.00864356
0.0797541
0.11972
0.0155505
0.138492
0.0298788
0.115211
0.0213393
0.138631
0.0211339
0.0641781
0.10298
0.138595
0.13349
0.122833
0.0534812
0.127016
0.139606
0.127272
0.140358
0.0823318
0.083736
0.124113
0.119111
0.252724
0.139119
0.13619
0.138032
0.11554
0.11945
0.116255
0.0269068
0.0775654
0.138053
0.13339
0.0951002
0.114581
0.14154
0.116303
0.0404408
0.105015
0.0895765
0.103485
0.108882
0.0535304
0.0658374
0.0534088
0.125374
0.103178
0.13257
0.116627
0.104708
0.0980595
0.0658108
0.0433862
0.143019
0.0125416
0.0874281
0.123681
0.135684
0.125158
0.134481
0.139479
0.127975
0.154275
0.0999572
0.11112
0.0211713
0.137491
0.0819219
0.119484
0.0613342
0.111397
0.10605
0.112176
0.12248
0.0832233
0.122521
0.0480409
0.0358065
0.141869
0.104765
0.0292295
0.00797913
0.107032
0.0466759
0.139136
0.123298
0.13646
0.139799
0.135254
0.139376
0.134242
0.139315
0.0195605
0.101429
0.026003
0.124955
0.140558
0.0196594
0.139753
0.0965283
0.0362787
0.0434932
0.13313
0.363165
0.123505
0.0483643
0.132455
0.145869
0.139574
0.139272
0.0905408
0.13761
0.114833
0.021371
0.038799
0.138781
0.139365
0.115598
0.0952071
0.0897014
0.136448
0.0997589
0.108919
0.105206
0.108588
0.129661
0.10391
0.0740476
0.138397
0.163802
0.118783
0.136674
0.00748439
0.163073
0.136623
0.133906
0.137486
0.120114
0.0434521
0.137258
0.115951
0.137826
0.103704
0.0559863
0.00672487
0.125928
0.276812
0.0487336
0.0279007
0.0583541
0.115971
0.022878
0.131026
0.0121535
0.0420994
0.136648
0.0330814
0.118853
0.138487
0.137743
0.0176087
0.0623469
0.134274
0.129469
0.139647
0.0942907
0.386299
0.00490916
0.0542588
0.100979
0.0415871
0.0909826
0.0415829
0.0711143
0.136283
0.126177
0.0370535
0.178283
0.0295541
0.0823131
0.102813
0.102807
0.138664
0.120452
0.00400698
0.130909
0.0105336
0.144875
0.10431
0.130888
0.00595467
0.0124941
0.138974
0.10169
0.130415
0.121809
0.340475
0.115584
0.138908
0.102795
0.0981548
0.00568973
0.0435256
0.0614639
0.140028
0.12566
0.0861902
0.0231262
0.0313299
0.0276543
0.119931
0.0895653
0.0442458
0.165491
0.0311506
0.119918
0.045946
0.0960974
0.0717012
0.0383427
0.0804016
0.13291
0.101749
0.0544837
0.0711766
0.0361826
0.044386
0.118794
0.129614
0.103755
0.127866
0.105589
0.139184
0.102659
0.0317594
0.0487744
0.122396
0.078927
0.124908
0.137959
0.116962
0.0902548
0.113097
0.111182
0.0442928
0.137087
0.117552
0.117721
0.0394665
0.120702
0.0410092
0.138432
0.0262405
0.0838384
0.122656
0.132432
0.105691
0.110433
0.104544
0.379205
0.0342162
0.11298
0.0824853
0.143001
0.0639264
0.138513
0.110289
0.134598
0.139371
0.122479
0.0446885
0.108727
0.0289134
0.0733835
0.146368
0.117459
0.141587
0.117131
0.0871584
0.100278
0.0395641
0.0131546
0.118845
0.0134842
0.0611972
0.0756127
0.137502
0.138914
0.109467
0.0302095
0.139333
0.0545614
0.149441
0.102993
0.109013
0.137913
0.114801
0.066551
0.139504
0.0657378
0.132575
0.138676
0.113685
0.144939
0.133448
0.113787
0.0686204
0.0418259
0.129994
0.13762
0.130687
0.103876
0.0246801
0.0371762
0.138463
0.0827673
0.0841149
0.133163
0.137649
0.0873405
0.136068
0.0981558
0.108077
0.0194845
0.138186
0.12328
0.11232
0.0643332
0.117406
0.172609
0.139888
0.121236
0.131736
0.0938071
0.0546715
0.0193279
0.134561
0.1367
0.127139
0.139061
0.045295
0.139846
0.210359
0.0524376
0.119862
0.14293
0.112086
0.00521303
0.04165
0.126117
0.130866
0.131956
0.164076
0.136868
0.126923
0.122419
0.135372
0.0836392
0.0829699
0.110107
0.0585725
0.136087
0.133066
0.105223
0.047663
0.109106
0.108788
0.0213861
0.136443
0.139262
0.0828784
0.140917
0.124856
0.0285149
0.0423529
0.125405
0.136771
0.136548
0.0805951
0.016612
0.113134
0.093017
0.153609
0.0394415
0.0783937
0.137734
0.12253
0.0226937
0.110859
0.132028
0.0234315
0.139204
0.0711589
0.132216
0.122747
0.0374261
0.10466
0.0155045
0.133959
0.138489
0.105636
0.133082
0.138558
0.0341592
0.136119
0.0316964
0.093267
0.106995
0.120639
0.0461286
0.0302854
0.112482
0.108177
0.0817427
0.13753
0.0837257
0.037554
0.117307
0.041986
0.107257
0.105351
0.0673464
0.0619775
0.139444
0.0716909
0.124843
0.0116719
0.133694
0.0949733
0.0919266
0.0972551
0.121333
0.130279
0.124039
0.108782
0.101901
0.0671843
0.05698
0.117092
0.0265604
0.0297039
0.0759136
0.0359111
0.138673
0.132388
0.106381
0.0837304
0.110463
0.103529
0.0943427
0.11343
0.127901
0.132331
0.110204
0.00646874
0.127693
0.029942
0.035674
0.0962349
0.138028
0.119811
0.134987
0.124288
0.131373
0.138806
0.234793
0.132875
0.0148775
0.120539
0.0402431
0.136199
0.136588
0.00485578
0.108508
0.111774
0.13838
0.134756
0.105903
0.112037
0.138683
0.0210255
0.0785502
0.0244243
0.0955724
0.135807
0.136574
0.109145
0.043057
0.0915507
0.00632038
0.116423
0.136405
0.11796
0.0478838
0.0887906
0.119641
0.0717127
0.125323
0.10198
0.107996
0.00460681
0.0313309
0.0757035
0.0377003
0.0963919
0.120194
0.0779073
0.13695
0.13655
0.111499
0.0716541
0.10667
0.112657
0.104074
0.0196546
0.13775
0.111806
0.125595
0.100944
0.0246652
0.015862
0.106673
0.107075
0.0140264
0.10378
)
;

boundaryField
{
    wings
    {
        type            nutUSpaldingWallFunction;
        Cmu             0.09;
        kappa           0.41;
        E               9.8;
        value           nonuniform List<scalar> 
150
(
2.50158e-05
2.47866e-05
2.31045e-05
2.13745e-05
2.10926e-05
2.16051e-05
2.18252e-05
2.16923e-05
2.1414e-05
2.11141e-05
2.08308e-05
2.05687e-05
2.03253e-05
2.01013e-05
1.9897e-05
1.97093e-05
1.95339e-05
1.93678e-05
1.92105e-05
1.90629e-05
1.89252e-05
1.87964e-05
1.86747e-05
1.85586e-05
1.84473e-05
1.83408e-05
1.82392e-05
1.81432e-05
1.80525e-05
1.7965e-05
1.78809e-05
1.78008e-05
1.7723e-05
1.76472e-05
1.75753e-05
1.75062e-05
1.74388e-05
1.73744e-05
1.73131e-05
1.72528e-05
1.71946e-05
1.71387e-05
1.70834e-05
1.70296e-05
1.69784e-05
1.69288e-05
1.688e-05
1.68338e-05
1.67892e-05
1.67449e-05
1.67022e-05
1.66615e-05
1.66208e-05
1.65812e-05
1.65437e-05
1.65063e-05
1.64701e-05
1.6436e-05
1.64028e-05
1.63703e-05
1.63396e-05
1.63107e-05
1.62827e-05
1.62558e-05
1.6231e-05
1.62067e-05
1.61841e-05
1.61646e-05
1.61471e-05
1.61334e-05
1.61216e-05
1.61289e-05
1.61022e-05
1.6237e-05
1.5858e-05
2.7548e-05
2.2703e-05
1.91805e-05
1.71117e-05
1.72888e-05
1.85856e-05
1.9292e-05
1.947e-05
1.93462e-05
1.91361e-05
1.89257e-05
1.87324e-05
1.85555e-05
1.83925e-05
1.82418e-05
1.81016e-05
1.79703e-05
1.78471e-05
1.77314e-05
1.76222e-05
1.75191e-05
1.74213e-05
1.73281e-05
1.72392e-05
1.71544e-05
1.70734e-05
1.69958e-05
1.69212e-05
1.68496e-05
1.67807e-05
1.6714e-05
1.66497e-05
1.65878e-05
1.65278e-05
1.64697e-05
1.64136e-05
1.63589e-05
1.63057e-05
1.62541e-05
1.62039e-05
1.61547e-05
1.61071e-05
1.60608e-05
1.60155e-05
1.59713e-05
1.59284e-05
1.58861e-05
1.58447e-05
1.58044e-05
1.57648e-05
1.57259e-05
1.5688e-05
1.56509e-05
1.56143e-05
1.55787e-05
1.55438e-05
1.55094e-05
1.54757e-05
1.54427e-05
1.541e-05
1.53781e-05
1.53466e-05
1.53156e-05
1.52853e-05
1.52557e-05
1.52273e-05
1.51993e-05
1.5172e-05
1.51457e-05
1.5122e-05
1.50963e-05
1.50877e-05
1.50427e-05
1.51536e-05
1.46578e-05
)
;
    }
    outlet
    {
        type            freestream;
        freestreamValue uniform 0.14;
        value           nonuniform List<scalar> 
20
(
0.136006
0.121465
0.14112
0.137136
0.0949841
0.211096
0.397889
0.154285
0.141064
0.339102
0.0929403
0.218105
0.115695
0.135873
0.391812
0.137232
0.149889
0.131602
0.133855
0.340475
)
;
    }
    tunnel
    {
        type            nutUSpaldingWallFunction;
        Cmu             0.09;
        kappa           0.41;
        E               9.8;
        value           nonuniform List<scalar> 
40
(
0.00870058
0.00824393
0.00936672
0.00929136
0.00690999
0.0105948
0.00848688
0.00636348
0.0111274
0.00857703
0.00675171
0.00690797
0.00818831
0.00837491
0.00717452
0.00920238
0.00804907
0.00745846
0.010502
0.00983821
0.00660213
0.00865723
0.00819458
0.00727179
0.00602645
0.00789604
0.0104735
0.00907023
0.00718977
0.00752563
0.00515722
0.00880837
0.00914984
0.00915853
0.00727607
0.00623831
0.00439459
0.0060775
0.00905193
0.00779255
)
;
    }
    inlet
    {
        type            freestream;
        freestreamValue uniform 0.14;
        value           uniform 0.14;
    }
    defaultFaces
    {
        type            empty;
    }
}


// ************************************************************************* //
