/*--------------------------------*- C++ -*----------------------------------*\
| =========                 |                                                 |
| \\      /  F ield         | OpenFOAM: The Open Source CFD Toolbox           |
|  \\    /   O peration     | Version:  2.3.0                                 |
|   \\  /    A nd           | Web:      www.OpenFOAM.org                      |
|    \\/     M anipulation  |                                                 |
\*---------------------------------------------------------------------------*/
FoamFile
{
    version     2.0;
    format      ascii;
    class       regIOobject;
    location    "constant/polyMesh";
    object      faceZones;
}
// * * * * * * * * * * * * * * * * * * * * * * * * * * * * * * * * * * * * * //

2
(
wings
{
    type faceZone;
faceLabels      0();
flipMap         0();
}

baffleFaces
{
    type faceZone;
faceLabels      List<label> 
1800
(
245872
245873
245874
245875
245876
245877
245878
245879
245880
245881
245882
245883
245884
245885
245886
245887
245888
245889
245890
245891
245892
245893
245894
245895
245896
245897
245898
245899
245900
245901
245902
245903
245904
245905
245906
245907
245908
245909
245910
245911
245912
245913
245914
245915
245916
245917
245918
245919
245920
245921
245922
245923
245924
245925
245926
245927
245928
245929
245930
245931
245932
245933
245934
245935
245936
245937
245938
245939
245940
245941
245942
245943
245944
245945
245946
245947
245948
245949
245950
245951
245952
245953
245954
245955
245956
245957
245958
245959
245960
245961
245962
245963
245964
245965
245966
245967
245968
245969
245970
245971
245972
245973
245974
245975
245976
245977
245978
245979
245980
245981
245982
245983
245984
245985
245986
245987
245988
245989
245990
245991
245992
245993
245994
245995
245996
245997
245998
245999
246000
246001
246002
246003
246004
246005
246006
246007
246008
246009
246010
246011
246012
246013
246014
246015
246016
246017
246018
246019
246020
246021
246022
246023
246024
246025
246026
246027
246028
246029
246030
246031
246032
246033
246034
246035
246036
246037
246038
246039
246040
246041
246042
246043
246044
246045
246046
246047
246048
246049
246050
246051
246052
246053
246054
246055
246056
246057
246058
246059
246060
246061
246062
246063
246064
246065
246066
246067
246068
246069
246070
246071
246072
246073
246074
246075
246076
246077
246078
246079
246080
246081
246082
246083
246084
246085
246086
246087
246088
246089
246090
246091
246092
246093
246094
246095
246096
246097
246098
246099
246100
246101
246102
246103
246104
246105
246106
246107
246108
246109
246110
246111
246112
246113
246114
246115
246116
246117
246118
246119
246120
246121
246122
246123
246124
246125
246126
246127
246128
246129
246130
246131
246132
246133
246134
246135
246136
246137
246138
246139
246140
246141
246142
246143
246144
246145
246146
246147
246148
246149
246150
246151
246152
246153
246154
246155
246156
246157
246158
246159
246160
246161
246162
246163
246164
246165
246166
246167
246168
246169
246170
246171
246172
246173
246174
246175
246176
246177
246178
246179
246180
246181
246182
246183
246184
246185
246186
246187
246188
246189
246190
246191
246192
246193
246194
246195
246196
246197
246198
246199
246200
246201
246202
246203
246204
246205
246206
246207
246208
246209
246210
246211
246212
246213
246214
246215
246216
246217
246218
246219
246220
246221
246222
246223
246224
246225
246226
246227
246228
246229
246230
246231
246232
246233
246234
246235
246236
246237
246238
246239
246240
246241
246242
246243
246244
246245
246246
246247
246248
246249
246250
246251
246252
246253
246254
246255
246256
246257
246258
246259
246260
246261
246262
246263
246264
246265
246266
246267
246268
246269
246270
246271
246272
246273
246274
246275
246276
246277
246278
246279
246280
246281
246282
246283
246284
246285
246286
246287
246288
246289
246290
246291
246292
246293
246294
246295
246296
246297
246298
246299
246300
246301
246302
246303
246304
246305
246306
246307
246308
246309
246310
246311
246312
246313
246314
246315
246316
246317
246318
246319
246320
246321
246322
246323
246324
246325
246326
246327
246328
246329
246330
246331
246332
246333
246334
246335
246336
246337
246338
246339
246340
246341
246342
246343
246344
246345
246346
246347
246348
246349
246350
246351
246352
246353
246354
246355
246356
246357
246358
246359
246360
246361
246362
246363
246364
246365
246366
246367
246368
246369
246370
246371
246372
246373
246374
246375
246376
246377
246378
246379
246380
246381
246382
246383
246384
246385
246386
246387
246388
246389
246390
246391
246392
246393
246394
246395
246396
246397
246398
246399
246400
246401
246402
246403
246404
246405
246406
246407
246408
246409
246410
246411
246412
246413
246414
246415
246416
246417
246418
246419
246420
246421
246422
246423
246424
246425
246426
246427
246428
246429
246430
246431
246432
246433
246434
246435
246436
246437
246438
246439
246440
246441
246442
246443
246444
246445
246446
246447
246448
246449
246450
246451
246452
246453
246454
246455
246456
246457
246458
246459
246460
246461
246462
246463
246464
246465
246466
246467
246468
246469
246470
246471
246472
246473
246474
246475
246476
246477
246478
246479
246480
246481
246482
246483
246484
246485
246486
246487
246488
246489
246490
246491
246492
246493
246494
246495
246496
246497
246498
246499
246500
246501
246502
246503
246504
246505
246506
246507
246508
246509
246510
246511
246512
246513
246514
246515
246516
246517
246518
246519
246520
246521
246522
246523
246524
246525
246526
246527
246528
246529
246530
246531
246532
246533
246534
246535
246536
246537
246538
246539
246540
246541
246542
246543
246544
246545
246546
246547
246548
246549
246550
246551
246552
246553
246554
246555
246556
246557
246558
246559
246560
246561
246562
246563
246564
246565
246566
246567
246568
246569
246570
246571
246572
246573
246574
246575
246576
246577
246578
246579
246580
246581
246582
246583
246584
246585
246586
246587
246588
246589
246590
246591
246592
246593
246594
246595
246596
246597
246598
246599
246600
246601
246602
246603
246604
246605
246606
246607
246608
246609
246610
246611
246612
246613
246614
246615
246616
246617
246618
246619
246620
246621
246622
246623
246624
246625
246626
246627
246628
246629
246630
246631
246632
246633
246634
246635
246636
246637
246638
246639
246640
246641
246642
246643
246644
246645
246646
246647
246648
246649
246650
246651
246652
246653
246654
246655
246656
246657
246658
246659
246660
246661
246662
246663
246664
246665
246666
246667
246668
246669
246670
246671
246672
246673
246674
246675
246676
246677
246678
246679
246680
246681
246682
246683
246684
246685
246686
246687
246688
246689
246690
246691
246692
246693
246694
246695
246696
246697
246698
246699
246700
246701
246702
246703
246704
246705
246706
246707
246708
246709
246710
246711
246712
246713
246714
246715
246716
246717
246718
246719
246720
246721
246722
246723
246724
246725
246726
246727
246728
246729
246730
246731
246732
246733
246734
246735
246736
246737
246738
246739
246740
246741
246742
246743
246744
246745
246746
246747
246748
246749
246750
246751
246752
246753
246754
246755
246756
246757
246758
246759
246760
246761
246762
246763
246764
246765
246766
246767
246768
246769
246770
246771
246772
246773
246774
246775
246776
246777
246778
246779
246780
246781
246782
246783
246784
246785
246786
246787
246788
246789
246790
246791
246792
246793
246794
246795
246796
246797
246798
246799
246800
246801
246802
246803
246804
246805
246806
246807
246808
246809
246810
246811
246812
246813
246814
246815
246816
246817
246818
246819
246820
246821
246822
246823
246824
246825
246826
246827
246828
246829
246830
246831
246832
246833
246834
246835
246836
246837
246838
246839
246840
246841
246842
246843
246844
246845
246846
246847
246848
246849
246850
246851
246852
246853
246854
246855
246856
246857
246858
246859
246860
246861
246862
246863
246864
246865
246866
246867
246868
246869
246870
246871
246872
246873
246874
246875
246876
246877
246878
246879
246880
246881
246882
246883
246884
246885
246886
246887
246888
246889
246890
246891
246892
246893
246894
246895
246896
246897
246898
246899
246900
246901
246902
246903
246904
246905
246906
246907
246908
246909
246910
246911
246912
246913
246914
246915
246916
246917
246918
246919
246920
246921
246922
246923
246924
246925
246926
246927
246928
246929
246930
246931
246932
246933
246934
246935
246936
246937
246938
246939
246940
246941
246942
246943
246944
246945
246946
246947
246948
246949
246950
246951
246952
246953
246954
246955
246956
246957
246958
246959
246960
246961
246962
246963
246964
246965
246966
246967
246968
246969
246970
246971
246972
246973
246974
246975
246976
246977
246978
246979
246980
246981
246982
246983
246984
246985
246986
246987
246988
246989
246990
246991
246992
246993
246994
246995
246996
246997
246998
246999
247000
247001
247002
247003
247004
247005
247006
247007
247008
247009
247010
247011
247012
247013
247014
247015
247016
247017
247018
247019
247020
247021
247022
247023
247024
247025
247026
247027
247028
247029
247030
247031
247032
247033
247034
247035
247036
247037
247038
247039
247040
247041
247042
247043
247044
247045
247046
247047
247048
247049
247050
247051
247052
247053
247054
247055
247056
247057
247058
247059
247060
247061
247062
247063
247064
247065
247066
247067
247068
247069
247070
247071
247072
247073
247074
247075
247076
247077
247078
247079
247080
247081
247082
247083
247084
247085
247086
247087
247088
247089
247090
247091
247092
247093
247094
247095
247096
247097
247098
247099
247100
247101
247102
247103
247104
247105
247106
247107
247108
247109
247110
247111
247112
247113
247114
247115
247116
247117
247118
247119
247120
247121
247122
247123
247124
247125
247126
247127
247128
247129
247130
247131
247132
247133
247134
247135
247136
247137
247138
247139
247140
247141
247142
247143
247144
247145
247146
247147
247148
247149
247150
247151
247152
247153
247154
247155
247156
247157
247158
247159
247160
247161
247162
247163
247164
247165
247166
247167
247168
247169
247170
247171
247172
247173
247174
247175
247176
247177
247178
247179
247180
247181
247182
247183
247184
247185
247186
247187
247188
247189
247190
247191
247192
247193
247194
247195
247196
247197
247198
247199
247200
247201
247202
247203
247204
247205
247206
247207
247208
247209
247210
247211
247212
247213
247214
247215
247216
247217
247218
247219
247220
247221
247222
247223
247224
247225
247226
247227
247228
247229
247230
247231
247232
247233
247234
247235
247236
247237
247238
247239
247240
247241
247242
247243
247244
247245
247246
247247
247248
247249
247250
247251
247252
247253
247254
247255
247256
247257
247258
247259
247260
247261
247262
247263
247264
247265
247266
247267
247268
247269
247270
247271
247272
247273
247274
247275
247276
247277
247278
247279
247280
247281
247282
247283
247284
247285
247286
247287
247288
247289
247290
247291
247292
247293
247294
247295
247296
247297
247298
247299
247300
247301
247302
247303
247304
247305
247306
247307
247308
247309
247310
247311
247312
247313
247314
247315
247316
247317
247318
247319
247320
247321
247322
247323
247324
247325
247326
247327
247328
247329
247330
247331
247332
247333
247334
247335
247336
247337
247338
247339
247340
247341
247342
247343
247344
247345
247346
247347
247348
247349
247350
247351
247352
247353
247354
247355
247356
247357
247358
247359
247360
247361
247362
247363
247364
247365
247366
247367
247368
247369
247370
247371
247372
247373
247374
247375
247376
247377
247378
247379
247380
247381
247382
247383
247384
247385
247386
247387
247388
247389
247390
247391
247392
247393
247394
247395
247396
247397
247398
247399
247400
247401
247402
247403
247404
247405
247406
247407
247408
247409
247410
247411
247412
247413
247414
247415
247416
247417
247418
247419
247420
247421
247422
247423
247424
247425
247426
247427
247428
247429
247430
247431
247432
247433
247434
247435
247436
247437
247438
247439
247440
247441
247442
247443
247444
247445
247446
247447
247448
247449
247450
247451
247452
247453
247454
247455
247456
247457
247458
247459
247460
247461
247462
247463
247464
247465
247466
247467
247468
247469
247470
247471
247472
247473
247474
247475
247476
247477
247478
247479
247480
247481
247482
247483
247484
247485
247486
247487
247488
247489
247490
247491
247492
247493
247494
247495
247496
247497
247498
247499
247500
247501
247502
247503
247504
247505
247506
247507
247508
247509
247510
247511
247512
247513
247514
247515
247516
247517
247518
247519
247520
247521
247522
247523
247524
247525
247526
247527
247528
247529
247530
247531
247532
247533
247534
247535
247536
247537
247538
247539
247540
247541
247542
247543
247544
247545
247546
247547
247548
247549
247550
247551
247552
247553
247554
247555
247556
247557
247558
247559
247560
247561
247562
247563
247564
247565
247566
247567
247568
247569
247570
247571
247572
247573
247574
247575
247576
247577
247578
247579
247580
247581
247582
247583
247584
247585
247586
247587
247588
247589
247590
247591
247592
247593
247594
247595
247596
247597
247598
247599
247600
247601
247602
247603
247604
247605
247606
247607
247608
247609
247610
247611
247612
247613
247614
247615
247616
247617
247618
247619
247620
247621
247622
247623
247624
247625
247626
247627
247628
247629
247630
247631
247632
247633
247634
247635
247636
247637
247638
247639
247640
247641
247642
247643
247644
247645
247646
247647
247648
247649
247650
247651
247652
247653
247654
247655
247656
247657
247658
247659
247660
247661
247662
247663
247664
247665
247666
247667
247668
247669
247670
247671
)
;
flipMap         List<bool> 
1800
(
0
0
0
0
0
0
0
0
0
0
0
0
0
0
0
0
0
0
0
0
0
0
0
0
0
0
0
0
0
0
0
0
0
0
0
0
0
0
0
0
0
0
0
0
0
0
0
0
0
0
0
0
0
0
0
0
0
0
0
0
0
0
0
0
0
0
0
0
0
0
0
0
0
0
0
0
0
0
0
0
0
0
0
0
0
0
0
0
0
0
0
0
0
0
0
0
0
0
0
0
0
0
0
0
0
0
0
0
0
0
0
0
0
0
0
0
0
0
0
0
0
0
0
0
0
0
0
0
0
0
0
0
0
0
0
0
0
0
0
0
0
0
0
0
0
0
0
0
0
0
0
0
0
0
0
0
0
0
0
0
0
0
0
0
0
0
0
0
0
0
0
0
0
0
0
0
0
0
0
0
0
0
0
0
0
0
0
0
0
0
0
0
0
0
0
0
0
0
0
0
0
0
0
0
0
0
0
0
0
0
0
0
0
0
0
0
0
0
0
0
0
0
0
0
0
0
0
0
0
0
0
0
0
0
0
0
0
0
0
0
0
0
0
0
0
0
0
0
0
0
0
0
0
0
0
0
0
0
0
0
0
0
0
0
0
0
0
0
0
0
0
0
0
0
0
0
0
0
0
0
0
0
0
0
0
0
0
0
0
0
0
0
0
0
0
0
0
0
0
0
0
0
0
0
0
0
0
0
0
0
0
0
0
0
0
0
0
0
0
0
0
0
0
0
0
0
0
0
0
0
0
0
0
0
0
0
0
0
0
0
0
0
0
0
0
0
0
0
0
0
0
0
0
0
0
0
0
0
0
0
0
0
0
0
0
0
0
0
0
0
0
0
0
0
0
0
0
0
0
0
0
0
0
0
0
0
0
0
0
0
0
0
0
0
0
0
0
0
0
0
0
0
0
0
0
0
0
0
0
0
0
0
0
0
0
0
0
0
0
0
0
0
0
0
0
0
0
0
0
0
0
0
0
0
0
0
0
0
0
0
0
0
0
0
0
0
0
0
0
0
0
0
0
0
0
0
0
0
0
0
0
0
0
0
0
0
0
0
0
0
0
0
0
0
0
0
0
0
0
0
0
0
0
0
0
0
0
0
0
0
0
0
0
0
0
0
0
0
0
0
0
0
0
0
0
0
0
0
0
0
0
0
0
0
0
0
0
0
0
0
0
0
0
0
0
0
0
0
0
0
0
0
0
0
0
0
0
0
0
0
0
0
0
0
0
0
0
0
0
0
0
0
0
0
0
0
0
0
0
0
0
0
0
0
0
0
0
0
0
0
0
0
0
0
0
0
0
0
0
0
0
0
0
0
0
0
0
0
0
0
0
0
0
0
0
0
0
0
0
0
0
0
0
0
0
0
0
0
0
0
0
0
0
0
0
0
0
0
0
0
0
0
0
0
0
0
0
0
0
0
0
0
0
0
0
0
0
0
0
0
0
0
0
0
0
0
0
0
0
0
0
0
0
0
0
0
0
0
0
0
0
0
0
0
0
0
0
0
0
0
0
0
0
0
0
0
0
0
0
0
0
0
0
0
0
0
0
0
0
0
0
0
0
0
0
0
0
0
0
0
0
0
0
0
0
0
0
0
0
0
0
0
0
0
0
0
0
0
0
0
0
0
0
0
0
0
0
0
0
0
0
0
0
0
0
0
0
0
0
0
0
0
0
0
0
0
0
0
0
0
0
0
0
0
0
0
0
0
0
0
0
0
0
0
0
0
0
0
0
0
0
0
0
0
0
0
0
0
0
0
0
0
0
0
0
0
0
0
0
0
0
0
0
0
0
0
0
0
0
0
0
0
0
0
0
0
0
0
0
0
0
0
0
0
0
0
0
0
0
0
0
0
0
0
0
0
0
0
0
0
0
0
0
0
0
0
0
0
0
0
0
0
0
0
0
0
0
0
0
0
0
0
0
0
0
0
0
0
0
0
0
0
0
0
0
0
0
0
0
0
0
0
0
0
0
0
0
0
0
0
0
0
0
0
0
0
0
0
0
0
0
0
0
0
0
0
0
0
0
0
1
1
1
1
1
1
1
1
1
1
1
1
1
1
1
1
1
1
1
1
1
1
1
1
1
1
1
1
1
1
1
1
1
1
1
1
1
1
1
1
1
1
1
1
1
1
1
1
1
1
1
1
1
1
1
1
1
1
1
1
1
1
1
1
1
1
1
1
1
1
1
1
1
1
1
1
1
1
1
1
1
1
1
1
1
1
1
1
1
1
1
1
1
1
1
1
1
1
1
1
1
1
1
1
1
1
1
1
1
1
1
1
1
1
1
1
1
1
1
1
1
1
1
1
1
1
1
1
1
1
1
1
1
1
1
1
1
1
1
1
1
1
1
1
1
1
1
1
1
1
1
1
1
1
1
1
1
1
1
1
1
1
1
1
1
1
1
1
1
1
1
1
1
1
1
1
1
1
1
1
1
1
1
1
1
1
1
1
1
1
1
1
1
1
1
1
1
1
1
1
1
1
1
1
1
1
1
1
1
1
1
1
1
1
1
1
1
1
1
1
1
1
1
1
1
1
1
1
1
1
1
1
1
1
1
1
1
1
1
1
1
1
1
1
1
1
1
1
1
1
1
1
1
1
1
1
1
1
1
1
1
1
1
1
1
1
1
1
1
1
1
1
1
1
1
1
1
1
1
1
1
1
1
1
1
1
1
1
1
1
1
1
1
1
1
1
1
1
1
1
1
1
1
1
1
1
1
1
1
1
1
1
1
1
1
1
1
1
1
1
1
1
1
1
1
1
1
1
1
1
1
1
1
1
1
1
1
1
1
1
1
1
1
1
1
1
1
1
1
1
1
1
1
1
1
1
1
1
1
1
1
1
1
1
1
1
1
1
1
1
1
1
1
1
1
1
1
1
1
1
1
1
1
1
1
1
1
1
1
1
1
1
1
1
1
1
1
1
1
1
1
1
1
1
1
1
1
1
1
1
1
1
1
1
1
1
1
1
1
1
1
1
1
1
1
1
1
1
1
1
1
1
1
1
1
1
1
1
1
1
1
1
1
1
1
1
1
1
1
1
1
1
1
1
1
1
1
1
1
1
1
1
1
1
1
1
1
1
1
1
1
1
1
1
1
1
1
1
1
1
1
1
1
1
1
1
1
1
1
1
1
1
1
1
1
1
1
1
1
1
1
1
1
1
1
1
1
1
1
1
1
1
1
1
1
1
1
1
1
1
1
1
1
1
1
1
1
1
1
1
1
1
1
1
1
1
1
1
1
1
1
1
1
1
1
1
1
1
1
1
1
1
1
1
1
1
1
1
1
1
1
1
1
1
1
1
1
1
1
1
1
1
1
1
1
1
1
1
1
1
1
1
1
1
1
1
1
1
1
1
1
1
1
1
1
1
1
1
1
1
1
1
1
1
1
1
1
1
1
1
1
1
1
1
1
1
1
1
1
1
1
1
1
1
1
1
1
1
1
1
1
1
1
1
1
1
1
1
1
1
1
1
1
1
1
1
1
1
1
1
1
1
1
1
1
1
1
1
1
1
1
1
1
1
1
1
1
1
1
1
1
1
1
1
1
1
1
1
1
1
1
1
1
1
1
1
1
1
1
1
1
1
1
1
1
1
1
1
1
1
1
1
1
1
1
1
1
1
1
1
1
1
1
1
1
1
1
1
1
1
1
1
1
1
1
1
1
1
1
1
1
1
1
1
1
1
1
1
1
1
1
1
1
1
1
1
1
1
1
1
1
1
1
1
1
1
1
1
1
1
1
1
1
1
1
1
1
1
1
1
1
1
1
1
1
1
1
1
1
1
1
1
1
1
1
1
1
1
1
1
1
1
1
1
1
1
1
1
1
1
1
1
1
1
1
1
1
1
1
1
1
1
1
1
1
1
1
1
1
1
1
1
1
1
1
1
1
1
1
1
1
1
1
1
1
1
1
1
1
1
1
1
1
1
1
1
1
1
1
1
1
1
1
1
1
1
1
1
1
1
1
1
1
1
1
1
1
1
1
1
1
1
1
1
1
1
1
1
1
1
1
1
1
1
1
1
1
1
1
1
1
1
1
1
1
1
1
1
1
1
)
;
}
)

// ************************************************************************* //
