5.0 -82.2190158547
10.0 -51.0150571822
15.0 -17.9052011864
20.0 -2.68440213136
25.0 1.7489501822
30.0 2.02967366102
35.0 1.63211817797
40.0 1.40346336017
45.0 1.38906182627
50.0 1.44424025847
55.0 1.47538404237
60.0 1.50173531441
65.0 1.53599031059
70.0 1.56778418432
75.0 1.60157480085
80.0 1.63426854364
85.0 1.66787641695
90.0 1.70505505508
95.0 1.74228926441
100.0 1.77974036822
105.0 1.81750374831
110.0 1.85411111483
115.0 1.88979992797
120.0 1.92407564576
125.0 1.956439325
130.0 1.98689654449
135.0 2.01490419407
140.0 2.04058432712
145.0 2.06422411017
150.0 2.08512988093
155.0 2.10419563305
160.0 2.12080399788
165.0 2.13486568008
170.0 2.14723834576
175.0 2.157248775
180.0 2.1656996428
185.0 2.17278497627
190.0 2.17804630042
195.0 2.18214902924
200.0 2.18486013559
205.0 2.18636743347
210.0 2.18749925
215.0 2.1871599
220.0 2.18604518602
225.0 2.18459500339
230.0 2.18246602458
235.0 2.1799166928
240.0 2.17700952881
245.0 2.1736865072
250.0 2.16999608263
255.0 2.16599383008
260.0 2.16180269534
265.0 2.15742061992
270.0 2.15234936398
275.0 2.14756816398
280.0 2.14252024746
285.0 2.13699598983
290.0 2.13150715424
295.0 2.12597410339
300.0 2.12026211737
305.0 2.11450727585
310.0 2.10869943602
315.0 2.10266868178
320.0 2.09685865466
325.0 2.09104057966
330.0 2.08517465763
335.0 2.07944224831
340.0 2.07379801017
345.0 2.06823935593
350.0 2.06280402331
355.0 2.05752852797
360.0 2.05243662966
365.0 2.04748092415
370.0 2.042734675
375.0 2.03819702669
380.0 2.03387396907
385.0 2.02977566568
390.0 2.02589575847
395.0 2.02224230127
400.0 2.0188229322
405.0 2.01563639322
410.0 2.01268354788
415.0 2.00996483136
420.0 2.00747219873
425.0 2.00520099958
430.0 2.00315336525
435.0 2.00132676568
440.0 1.99971824153
445.0 1.99829686186
450.0 1.99714907076
455.0 1.99615114534
460.0 1.99536792712
465.0 1.99477823263
470.0 1.99437825085
475.0 1.99420908983
480.0 1.99423557669
485.0 1.99442635551
490.0 1.99478185085
495.0 1.99531816864
500.0 1.99602979915
505.0 1.99691038644
510.0 1.9979582339
515.0 1.99916952754
520.0 2.00054045127
525.0 2.00206973305
530.0 2.00375271017
535.0 2.00558641102
540.0 2.00756702161
545.0 2.00969284449
550.0 2.01195709661
555.0 2.01435765975
560.0 2.01689071483
565.0 2.01955160212
570.0 2.02233608898
575.0 2.02523824153
580.0 2.02825339915
585.0 2.03137605042
590.0 2.03460026271
595.0 2.03792052797
600.0 2.04133006314
605.0 2.04482166525
610.0 2.04838771059
615.0 2.05202014534
620.0 2.05571049449
625.0 2.05945070551
630.0 2.06323103432
635.0 2.06704131314
640.0 2.07087137246
645.0 2.07470977373
650.0 2.07854635021
655.0 2.08236839466
660.0 2.08616362534
665.0 2.08992103568
670.0 2.09362622733
675.0 2.09726649835
680.0 2.10082744894
685.0 2.10429425589
690.0 2.10765124547
695.0 2.11088147097
700.0 2.11396883123
705.0 2.11689467847
710.0 2.11964078686
715.0 2.12218850466
720.0 2.12451960233
725.0 2.12661669487
730.0 2.12846197394
735.0 2.13004017161
740.0 2.13133559686
745.0 2.1323334061
750.0 2.13302044881
755.0 2.13338357602
760.0 2.13341090703
765.0 2.13308929419
770.0 2.13240812678
775.0 2.13135723114
780.0 2.12991921199
785.0 2.12807881415
790.0 2.12583601212
795.0 2.12318572263
800.0 2.12011520551
805.0 2.11660200513
810.0 2.11264059953
815.0 2.10823267178
820.0 2.1033739789
825.0 2.09805475237
830.0 2.09226992445
835.0 2.08601522191
840.0 2.07928516691
845.0 2.07208140623
850.0 2.06440353852
855.0 2.05616718068
860.0 2.04753679928
865.0 2.03852164216
870.0 2.02893402114
875.0 2.01886879936
880.0 2.00836200496
885.0 1.99739409708
890.0 1.98596848411
895.0 1.97409147568
900.0 1.96176563466
905.0 1.94900024496
910.0 1.93580550479
915.0 1.92217672525
920.0 1.90812538021
925.0 1.89366584119
930.0 1.8787871178
935.0 1.86349554381
940.0 1.84783775542
945.0 1.83181034203
950.0 1.81542899975
955.0 1.79873183907
960.0 1.78170747174
965.0 1.76435210161
970.0 1.74671408746
975.0 1.72879469445
980.0 1.71065162576
985.0 1.69226576809
990.0 1.67368589572
995.0 1.65464164818
1000.0 1.63606276555
1005.0 1.61734876589
1010.0 1.59784761826
1015.0 1.57861527305
1020.0 1.55925813924
1025.0 1.54025756712
1030.0 1.52061233055
1035.0 1.50101225449
1040.0 1.48214806975
1045.0 1.46392482517
1050.0 1.44512564398
1055.0 1.42610428305
1060.0 1.40767527076
1065.0 1.3900597661
1070.0 1.37186716398
1075.0 1.35442717034
1080.0 1.33797070805
1085.0 1.3210469572
1090.0 1.30465385805
1095.0 1.28904180212
1100.0 1.27371167712
1105.0 1.25880033347
1110.0 1.2443247589
1115.0 1.23021884237
1120.0 1.21674448008
1125.0 1.20362030424
1130.0 1.19099761314
1135.0 1.17879798941
1140.0 1.16721044153
1145.0 1.15598876737
1150.0 1.14537832034
1155.0 1.13525959958
1160.0 1.124371625
1165.0 1.11508045763
1170.0 1.10597468644
1175.0 1.09722079958
1180.0 1.08884339873
1185.0 1.08080894661
1190.0 1.07311323347
1195.0 1.06564816992
1200.0 1.05872222246
1205.0 1.05207900805
1210.0 1.04569266441
1215.0 1.03961067924
1220.0 1.03385370932
1225.0 1.02858292797
1230.0 1.02334982458
1235.0 1.01825376102
1240.0 1.01318604195
1245.0 1.00876766441
1250.0 1.00519583517
1255.0 1.00152670763
1260.0 0.998602446186
1265.0 0.995573319068
1270.0 0.992498705085
1275.0 0.990012002542
1280.0 0.987776534322
1285.0 0.985651470339
1290.0 0.983864829661
1295.0 0.982375014831
1300.0 0.981175424576
1305.0 0.980179828814
1310.0 0.979483344492
1315.0 0.979012914407
1320.0 0.978842066949
1325.0 0.978879897458
1330.0 0.979296109322
1335.0 0.979840522881
1340.0 0.980778999576
1345.0 0.981871130508
1350.0 0.983289110169
1355.0 0.984979425
1360.0 0.986910844068
1365.0 0.98908327839
1370.0 0.991559108051
1375.0 0.994272169492
1380.0 0.997256418644
1385.0 1.00049616907
1390.0 1.00395243475
1395.0 1.00771338898
1400.0 1.01163578136
1405.0 1.01580739661
1410.0 1.02016332542
1415.0 1.02485536864
1420.0 1.02954570636
1425.0 1.03459421949
1430.0 1.03995288898
1435.0 1.04534896992
1440.0 1.0509065
1445.0 1.05671628814
1450.0 1.06275446907
1455.0 1.06890167966
1460.0 1.07523366441
1465.0 1.08172593136
1470.0 1.0883809572
1475.0 1.09514837754
1480.0 1.10205104025
1485.0 1.1090737
1490.0 1.11626848729
1495.0 1.12349043729
1500.0 1.13090022839
1505.0 1.13814558983
1510.0 1.14572121398
1515.0 1.1533060589
1520.0 1.16103478093
1525.0 1.16885060847
1530.0 1.1766463589
1535.0 1.18451392458
1540.0 1.19243981949
1545.0 1.20040485805
1550.0 1.20840490763
1555.0 1.21642924915
1560.0 1.22447206822
1565.0 1.23251968432
1570.0 1.24056840424
1575.0 1.24861471017
1580.0 1.25663287203
1585.0 1.26461514025
1590.0 1.27255102669
1595.0 1.28043278517
1600.0 1.288253725
1605.0 1.29599211737
1610.0 1.30366118686
1615.0 1.31124772076
1620.0 1.31874798602
1625.0 1.32615849831
1630.0 1.33348906949
1635.0 1.34065912034
1640.0 1.34783690508
1645.0 1.35478213136
1650.0 1.36175624958
1655.0 1.36848763559
1660.0 1.37525806102
1665.0 1.38178405636
1670.0 1.38835500424
1675.0 1.39467939492
1680.0 1.40105169025
1685.0 1.40717107373
1690.0 1.41334301144
1695.0 1.41926500805
1700.0 1.42524674661
1705.0 1.43097812288
1710.0 1.4367662661
1715.0 1.4423048928
1720.0 1.44790070678
1725.0 1.45324742119
1730.0 1.4586500572
1735.0 1.46381248263
1740.0 1.46903972627
1745.0 1.47404580508
1750.0 1.47912602924
1755.0 1.48399948729
1760.0 1.48894965339
1765.0 1.49370576525
1770.0 1.49853394407
1775.0 1.50317611229
1780.0 1.50788697076
1785.0 1.51238934831
1790.0 1.5170316161
1795.0 1.52146157288
1800.0 1.52598311907
1805.0 1.53032878347
1810.0 1.53476095847
1815.0 1.53904139915
1820.0 1.54338462627
1825.0 1.54760661949
1830.0 1.55187106525
1835.0 1.55603885085
1840.0 1.56023172415
1845.0 1.56436056229
1850.0 1.56849669237
1855.0 1.57258276949
1860.0 1.57667105805
1865.0 1.58072454915
1870.0 1.58477559153
1875.0 1.58880454661
1880.0 1.59282766059
1885.0 1.59683673771
1890.0 1.60083489703
1895.0 1.60490205085
1900.0 1.60876082754
1905.0 1.61296022797
1910.0 1.61677412924
1915.0 1.62063330254
1920.0 1.62458580381
1925.0 1.62857212712
1930.0 1.63255856102
1935.0 1.63654110169
1940.0 1.6406555322
1945.0 1.64464487924
1950.0 1.64858519619
1955.0 1.65253559915
1960.0 1.65649671822
1965.0 1.66046834068
1970.0 1.66443839364
1975.0 1.6684092
1980.0 1.67237801737
1985.0 1.6763446161
1990.0 1.68030668771
1995.0 1.68426484237
2000.0 1.68821677712
2005.0 1.69216225127
2010.0 1.69609811483
2015.0 1.70002455254
2020.0 1.70393756144
2025.0 1.70783733178
2030.0 1.71171985466
2035.0 1.71566670466
2040.0 1.71951025593
2045.0 1.72332955381
2050.0 1.72707820932
2055.0 1.73081405381
2060.0 1.73453221398
2065.0 1.73822230127
2070.0 1.74187182331
2075.0 1.74547843051
2080.0 1.74903557627
2085.0 1.75254216992
2090.0 1.75599125127
2095.0 1.75938214068
2100.0 1.76268162331
2105.0 1.76605936102
2110.0 1.76923126483
2115.0 1.77229879703
2120.0 1.77525667966
2125.0 1.77822290593
2130.0 1.78106252076
2135.0 1.78386556483
2140.0 1.78648054449
2145.0 1.78901234831
2150.0 1.79159927203
2155.0 1.79384369322
2160.0 1.79608305678
2165.0 1.79799006864
2170.0 1.80001743941
2175.0 1.80188575254
2180.0 1.80354854619
2185.0 1.80506245212
2190.0 1.80643903771
2195.0 1.80766418475
2200.0 1.80872910847
2205.0 1.80963114619
2210.0 1.81036319534
2215.0 1.81092006398
2220.0 1.81129845127
2225.0 1.81149360119
2230.0 1.81150050576
2235.0 1.81131484381
2240.0 1.81093159695
2245.0 1.81034687653
2250.0 1.80955438445
2255.0 1.8085510878
2260.0 1.80733195186
2265.0 1.80589649686
2270.0 1.80423713559
2275.0 1.8023466136
2280.0 1.80022200301
2285.0 1.79785944373
2290.0 1.79525388606
2295.0 1.79240147419
2300.0 1.78929800165
2305.0 1.78594299911
2310.0 1.78233140093
2315.0 1.77845893042
2320.0 1.77432307178
2325.0 1.76992083106
2330.0 1.76525138695
2335.0 1.76031301013
2340.0 1.75510656992
2345.0 1.74963203881
2350.0 1.74389748983
2355.0 1.7378922989
2360.0 1.73162750229
2365.0 1.72510476335
2370.0 1.71833256992
2375.0 1.7113083611
2380.0 1.70403428703
2385.0 1.69651076292
2390.0 1.68873570157
2395.0 1.68071587212
2400.0 1.67245892081
2405.0 1.66397287958
2410.0 1.65526031212
2415.0 1.64632628492
2420.0 1.6371775989
2425.0 1.62784050585
2430.0 1.61831882953
2435.0 1.60861763928
2440.0 1.59875136356
2445.0 1.58869161059
2450.0 1.57854262712
2455.0 1.56818070127
2460.0 1.5577774428
2465.0 1.54717185636
2470.0 1.53654148644
2475.0 1.52574355636
2480.0 1.51493442797
2485.0 1.50398657712
2490.0 1.49302755678
2495.0 1.48197305678
2500.0 1.47091968983
2505.0 1.45981656314
2510.0 1.44871331695
2515.0 1.43763747839
2520.0 1.42658231144
2525.0 1.41558679576
2530.0 1.40465943093
2535.0 1.39381588941
2540.0 1.38307187669
2545.0 1.3724375572
2550.0 1.36192821441
2555.0 1.35156206186
2560.0 1.34134717458
2565.0 1.33130514788
2570.0 1.32144066568
2575.0 1.31176219788
2580.0 1.3022799428
2585.0 1.29300236695
2590.0 1.28392992076
2595.0 1.27507403644
2600.0 1.26643218941
2605.0 1.2579937839
2610.0 1.24977579195
2615.0 1.24176845975
2620.0 1.2339951089
2625.0 1.22647056017
2630.0 1.21915204025
2635.0 1.21234969788
2640.0 1.2053072161
2645.0 1.19863218263
2650.0 1.19187844958
2655.0 1.18619173729
2660.0 1.17997082331
2665.0 1.17417795932
2670.0 1.16867120678
2675.0 1.16336707373
2680.0 1.15825963898
2685.0 1.15330990297
2690.0 1.14865982161
2695.0 1.14418607627
2700.0 1.13989503686
2705.0 1.13579939958
2710.0 1.13190426186
2715.0 1.12821342161
2720.0 1.12472689237
2725.0 1.12143448898
2730.0 1.1183963911
2735.0 1.11554267924
2740.0 1.11288522754
2745.0 1.11013250085
2750.0 1.10775061441
2755.0 1.1056137
2760.0 1.10373576864
2765.0 1.10197398051
2770.0 1.10031486314
2775.0 1.09888073347
2780.0 1.09773495339
2785.0 1.09668780042
2790.0 1.09576254322
2795.0 1.09513885932
2800.0 1.09464174025
2805.0 1.09432628305
2810.0 1.09418867331
2815.0 1.09428442288
2820.0 1.09444828559
2825.0 1.09487051314
2830.0 1.09545408008
2835.0 1.09621762839
2840.0 1.09712685169
2845.0 1.09823682754
2850.0 1.09949502797
2855.0 1.100942125
2860.0 1.10251839025
2865.0 1.1043339822
2870.0 1.10630120424
2875.0 1.10835183644
2880.0 1.11060960169
2885.0 1.11299655254
2890.0 1.11553175085
2895.0 1.11829104661
2900.0 1.12115366441
2905.0 1.12414209915
2910.0 1.12730165212
2915.0 1.13057601102
2920.0 1.13399691398
2925.0 1.1376012911
2930.0 1.14128691822
2935.0 1.14508148093
2940.0 1.14901193814
2945.0 1.15305093602
2950.0 1.15719741186
2955.0 1.16145075975
2960.0 1.16580350042
2965.0 1.17025762373
2970.0 1.17480899322
2975.0 1.17945583475
2980.0 1.18419863051
2985.0 1.18903012797
2990.0 1.19395375254
2995.0 1.19895845042
3000.0 1.20403704449
3005.0 1.20918230593
3010.0 1.21439298771
3015.0 1.21967414788
3020.0 1.22502029958
3025.0 1.23042421441
3030.0 1.23588125424
3035.0 1.24138502585
3040.0 1.24692919788
3045.0 1.25251161653
3050.0 1.25812808136
3055.0 1.26377389449
3060.0 1.26944443559
3065.0 1.27513965975
3070.0 1.28085452966
3075.0 1.28657458729
3080.0 1.29229437712
3085.0 1.29801002458
3090.0 1.30371565678
3095.0 1.30940781229
3100.0 1.31508274746
3105.0 1.32073656653
3110.0 1.32636595085
3115.0 1.33196065042
3120.0 1.337524975
3125.0 1.34305585381
3130.0 1.34854747627
3135.0 1.35400142161
3140.0 1.35941610551
3145.0 1.36479183093
3150.0 1.37010372246
3155.0 1.3754118
3160.0 1.38060478941
3165.0 1.38584944788
3170.0 1.39094003008
3175.0 1.39608566271
3180.0 1.4010717178
3185.0 1.40612510508
3190.0 1.41101807458
3195.0 1.41598684746
3200.0 1.42079267034
3205.0 1.42567767585
3210.0 1.43039592161
3215.0 1.43519926737
3220.0 1.43983034661
3225.0 1.44454905085
3230.0 1.4490959178
3235.0 1.45373590508
3240.0 1.45820448559
3245.0 1.46277253178
3250.0 1.46713020508
3255.0 1.47163181525
3260.0 1.47591331144
3265.0 1.48032392754
3270.0 1.48455086737
3275.0 1.48896284153
3280.0 1.49299113898
3285.0 1.49771251568
3290.0 1.50142561398
3295.0 1.50578052881
3300.0 1.50997716144
3305.0 1.51399693051
3310.0 1.51799699873
3315.0 1.52212907585
3320.0 1.52591561822
3325.0 1.53018077415
3330.0 1.53387453941
3335.0 1.53818081441
3340.0 1.54218646229
3345.0 1.54617835975
3350.0 1.55003700424
3355.0 1.55364037458
3360.0 1.55741811356
3365.0 1.56134567585
3370.0 1.56505394195
3375.0 1.56908153771
3380.0 1.57299745297
3385.0 1.57686743517
3390.0 1.58050245212
3395.0 1.58437416398
3400.0 1.58801428856
3405.0 1.59185890678
3410.0 1.5954524428
3415.0 1.59926318856
3420.0 1.60281140847
3425.0 1.60658023347
3430.0 1.61007593347
3435.0 1.61379647924
3440.0 1.6172354178
3445.0 1.62089962924
3450.0 1.62439240085
3455.0 1.62801891102
3460.0 1.63125151737
3465.0 1.63482592839
3470.0 1.63792251992
3475.0 1.64134863432
3480.0 1.64448209746
3485.0 1.64793363517
3490.0 1.65100182839
3495.0 1.65429234025
3500.0 1.65722746525
3505.0 1.66041287627
3510.0 1.66322042881
3515.0 1.66632953771
3520.0 1.66900568898
3525.0 1.67199229619
3530.0 1.67455483051
3535.0 1.67733163347
3540.0 1.67978350212
3545.0 1.68239328008
3550.0 1.68460565508
3555.0 1.68705306102
3560.0 1.68911618475
3565.0 1.69152154619
3570.0 1.69341293093
3575.0 1.69553045593
3580.0 1.69708441186
3585.0 1.69877679958
3590.0 1.70023315466
3595.0 1.701828775
3600.0 1.703153175
3605.0 1.70442785339
3610.0 1.70546477458
3615.0 1.70641256271
3620.0 1.70704927161
3625.0 1.70790617288
3630.0 1.70834349364
3635.0 1.70873744915
3640.0 1.70893639025
3645.0 1.70899619195
3650.0 1.70882750127
3655.0 1.70869169746
3660.0 1.70820026271
3665.0 1.70761332119
3670.0 1.70670718305
3675.0 1.70582078178
3680.0 1.7046872
3685.0 1.70344792246
3690.0 1.70181612288
3695.0 1.70015108559
3700.0 1.69821639831
3705.0 1.6962298161
3710.0 1.69390916695
3715.0 1.69152432585
3720.0 1.68877363093
3725.0 1.68599390424
3730.0 1.68289110254
3735.0 1.67973467627
3740.0 1.67623101525
3745.0 1.67268729237
3750.0 1.66881244364
3755.0 1.66488016398
3760.0 1.66060786483
3765.0 1.65627644534
3770.0 1.65161052331
3775.0 1.64688633432
3780.0 1.64183781441
3785.0 1.6367361089
3790.0 1.63132235381
3795.0 1.6258515928
3800.0 1.62007598475
3805.0 1.61424295
3810.0 1.60823559025
3815.0 1.60203731059
3820.0 1.59541172458
3825.0 1.58906302331
3830.0 1.58237260551
3835.0 1.5755476322
3840.0 1.56840128644
3845.0 1.56143988729
3850.0 1.55420119703
3855.0 1.54685297076
3860.0 1.53919228729
3865.0 1.53173352076
3870.0 1.5240284161
3875.0 1.51616423347
3880.0 1.50826388686
3885.0 1.50043539068
3890.0 1.492325825
3895.0 1.48433348008
3900.0 1.47619142966
3905.0 1.46787463602
3910.0 1.45955265042
3915.0 1.45128647203
3920.0 1.44281340042
3925.0 1.43436561949
3930.0 1.42585163814
3935.0 1.41743289237
3940.0 1.40906236949
3945.0 1.40070913347
3950.0 1.39238719195
3955.0 1.38411136441
3960.0 1.3758943822
3965.0 1.36775191525
3970.0 1.35968906864
3975.0 1.35171134619
3980.0 1.34382766907
3985.0 1.3360452339
3990.0 1.32837042076
3995.0 1.32081804788
4000.0 1.31339702924
4005.0 1.3061137089
4010.0 1.29897107669
4015.0 1.2919733661
4020.0 1.28512865127
4025.0 1.27844285593
4030.0 1.27191346102
4035.0 1.26553918729
4040.0 1.25931157585
4045.0 1.25323188729
4050.0 1.24736624195
4055.0 1.241632
4060.0 1.23627069703
4065.0 1.23073615339
4070.0 1.22546903856
4075.0 1.22014096822
4080.0 1.21565362797
4085.0 1.21071465975
4090.0 1.20612702797
4095.0 1.20176232246
4100.0 1.19755573347
4105.0 1.19350215763
4110.0 1.18957237924
4115.0 1.18587315339
4120.0 1.18232187712
4125.0 1.17892488517
4130.0 1.17568262331
4135.0 1.17260015636
4140.0 1.16968047119
4145.0 1.16692270042
4150.0 1.16432517034
4155.0 1.16188531907
4160.0 1.15957435042
4165.0 1.15744861017
4170.0 1.15549031949
4175.0 1.15368504915
4180.0 1.15201290847
4185.0 1.15054252246
4190.0 1.14907476017
4195.0 1.14777231483
4200.0 1.14672673602
4205.0 1.14587570847
4210.0 1.14514765085
4215.0 1.14459381017
4220.0 1.14406463771
4225.0 1.14357283305
4230.0 1.14336163263
4235.0 1.14342126186
4240.0 1.14345810847
4245.0 1.14364080254
4250.0 1.144030375
4255.0 1.1445200322
4260.0 1.14513818602
4265.0 1.14590897288
4270.0 1.14681376737
4275.0 1.14783645975
4280.0 1.14906010466
4285.0 1.15029784364
4290.0 1.15174672119
4295.0 1.15331010593
4300.0 1.15496769068
4305.0 1.15677834831
4310.0 1.15871032585
4315.0 1.16075469915
4320.0 1.16292082161
4325.0 1.16520146144
4330.0 1.16759326186
4335.0 1.17009577246
4340.0 1.17270394492
4345.0 1.1754143428
4350.0 1.17822405636
4355.0 1.18113048814
4360.0 1.18413453856
4365.0 1.1872340322
4370.0 1.19042775
4375.0 1.19371267542
4380.0 1.1970892839
4385.0 1.20055752415
4390.0 1.2041132072
4395.0 1.2077541661
4400.0 1.21148383517
4405.0 1.21528691483
4410.0 1.2191659911
4415.0 1.22311423856
4420.0 1.22712830932
4425.0 1.23120562034
4430.0 1.23535044703
4435.0 1.23956147881
4440.0 1.24383366695
4445.0 1.24816401186
4450.0 1.25254152754
4455.0 1.25696575593
4460.0 1.26143545
4465.0 1.26594803475
4470.0 1.27050268856
4475.0 1.27509514958
4480.0 1.27972120508
4485.0 1.28437574873
4490.0 1.28905922373
4495.0 1.29377118771
4500.0 1.29850360847
4505.0 1.30325011398
4510.0 1.30800690424
4515.0 1.31276972924
4520.0 1.31753605593
4525.0 1.32230163517
4530.0 1.32706477881
4535.0 1.33182081653
4540.0 1.33656848051
4545.0 1.34130479746
4550.0 1.34602849322
4555.0 1.35073067119
4560.0 1.35541980508
4565.0 1.36008654831
4570.0 1.36472964831
4575.0 1.3693550322
4580.0 1.37395550424
4585.0 1.3785331678
4590.0 1.38308168559
4595.0 1.38760399788
4600.0 1.39209081398
4605.0 1.39657174703
4610.0 1.40097652415
4615.0 1.40543175466
4620.0 1.40976549068
4625.0 1.41416279831
4630.0 1.41842843941
4635.0 1.42276441568
4640.0 1.42696702839
4645.0 1.43125055381
4650.0 1.43539775339
4655.0 1.43963009068
4660.0 1.44372441356
4665.0 1.44800006271
4670.0 1.45191267288
4675.0 1.4559061822
4680.0 1.45994262288
4685.0 1.46408873051
4690.0 1.46803285636
4695.0 1.47221333983
4700.0 1.47592787585
4705.0 1.47992069619
4710.0 1.48355605042
4715.0 1.48759679492
4720.0 1.49119195
4725.0 1.49526197839
4730.0 1.49881353559
4735.0 1.50297004873
4740.0 1.50665173771
4745.0 1.51081677585
4750.0 1.51400062542
4755.0 1.51752332669
4760.0 1.52112375551
4765.0 1.52491684407
4770.0 1.5285630678
4775.0 1.53216167839
4780.0 1.53556302924
4785.0 1.53915235508
4790.0 1.54252238008
4795.0 1.54605834661
4800.0 1.54935339746
4805.0 1.55284404873
4810.0 1.55600098178
4815.0 1.55969417966
4820.0 1.56263120127
4825.0 1.566108325
4830.0 1.56946822754
4835.0 1.57252034153
4840.0 1.57540356525
4845.0 1.57889723602
4850.0 1.58189994068
4855.0 1.58516945932
4860.0 1.58801749492
4865.0 1.59105225847
4870.0 1.59423716695
4875.0 1.59737192373
4880.0 1.59996315636
4885.0 1.60273900085
4890.0 1.60529250975
4895.0 1.60840560847
4900.0 1.61085483178
4905.0 1.61353781822
4910.0 1.61593149619
4915.0 1.61877207627
4920.0 1.62122797161
4925.0 1.62371932924
4930.0 1.62570567288
4935.0 1.62812493136
4940.0 1.63000779661
4945.0 1.63218969364
4950.0 1.63405848178
4955.0 1.63614876059
4960.0 1.63789031186
4965.0 1.63967073136
4970.0 1.64114055593
4975.0 1.64277806144
4980.0 1.64410113432
4985.0 1.64553383729
4990.0 1.6466156589
4995.0 1.64778931229
5000.0 1.64865825593
5005.0 1.6496253822
5010.0 1.65024541314
5015.0 1.65094497712
5020.0 1.65131396102
5025.0 1.65174170932
5030.0 1.65186429153
5035.0 1.65203588729
5040.0 1.65188874746
5045.0 1.65175035975
5050.0 1.65132543093
5055.0 1.65093975127
5060.0 1.65015904407
5065.0 1.64944385042
5070.0 1.64842768644
5075.0 1.64745075551
5080.0 1.64616267797
5085.0 1.64483883051
5090.0 1.64316316059
5095.0 1.64155214449
5100.0 1.63962149831
5105.0 1.63765889153
5110.0 1.63538343347
5115.0 1.6331183839
5120.0 1.63053115932
5125.0 1.62791620975
5130.0 1.62499349195
5135.0 1.62205999364
5140.0 1.61882423178
5145.0 1.61556709449
5150.0 1.61201362542
5155.0 1.60843835551
5160.0 1.60457734407
5165.0 1.6006886
5170.0 1.59651962754
5175.0 1.59232207712
5180.0 1.58785912797
5185.0 1.58337140975
5190.0 1.57863269068
5195.0 1.57382131102
5200.0 1.56885469873
5205.0 1.56384169407
5210.0 1.55846624661
5215.0 1.5532367928
5220.0 1.54774236525
5225.0 1.54217401864
5230.0 1.53633434025
5235.0 1.53064108814
5240.0 1.52472270339
5245.0 1.51871516102
5250.0 1.5124494339
5255.0 1.50624963729
5260.0 1.49991328008
5265.0 1.4936415928
5270.0 1.48723884195
5275.0 1.48069230085
5280.0 1.4740431072
5285.0 1.46746620508
5290.0 1.46070826907
5295.0 1.45391123517
5300.0 1.44708570636
5305.0 1.4402181178
5310.0 1.43332034703
5315.0 1.42639789195
5320.0 1.41945839788
5325.0 1.41251372076
5330.0 1.40557405
5335.0 1.39864700508
5340.0 1.39173811695
5345.0 1.38485585424
5350.0 1.37801040551
5355.0 1.37121235212
5360.0 1.36446594873
5365.0 1.35777754195
5370.0 1.35115223602
5375.0 1.34459722839
5380.0 1.33811931949
5385.0 1.33172401229
5390.0 1.32541556229
5395.0 1.31919819958
5400.0 1.31307872246
5405.0 1.30706729068
5410.0 1.30117112288
5415.0 1.29539359788
5420.0 1.28973854831
5425.0 1.28421020466
5430.0 1.27879842076
5435.0 1.27353835212
5440.0 1.26838722076
5445.0 1.26340179492
5450.0 1.25852573644
5455.0 1.25378742203
5460.0 1.24929873305
5465.0 1.24483464788
5470.0 1.24022824492
5475.0 1.23632526271
5480.0 1.23212784153
5485.0 1.22825756949
5490.0 1.22447506102
5495.0 1.22082818432
5500.0 1.21732669788
5505.0 1.21399813686
5510.0 1.21076115339
5515.0 1.20765896271
5520.0 1.20470301695
5525.0 1.20189076229
5530.0 1.19921882288
5535.0 1.1966842178
5540.0 1.19428484576
5545.0 1.19201857119
5550.0 1.18988499068
5555.0 1.18780103136
5560.0 1.1860451072
5565.0 1.18430278771
5570.0 1.18264359364
5575.0 1.18118275042
5580.0 1.17984868136
5585.0 1.17867567881
5590.0 1.17766588814
5595.0 1.17667182754
5600.0 1.17584649364
5605.0 1.17510638602
5610.0 1.17448246653
5615.0 1.17405182712
5620.0 1.17378567754
5625.0 1.17353484534
5630.0 1.17345359873
5635.0 1.1734927572
5640.0 1.17362861907
5645.0 1.17394633008
5650.0 1.17433574661
5655.0 1.17484006992
5660.0 1.17547500085
5665.0 1.17620916525
5670.0 1.17711842458
5675.0 1.17804005932
5680.0 1.17913552966
5685.0 1.18033997881
5690.0 1.18162250678
5695.0 1.1830322411
5700.0 1.1845497178
5705.0 1.18616177627
5710.0 1.18787734576
5715.0 1.18969089195
5720.0 1.19159778178
5725.0 1.19359756949
5730.0 1.19568985339
5735.0 1.19787460763
5740.0 1.20015058517
5745.0 1.20251606653
5750.0 1.20496938644
5755.0 1.20751008729
5760.0 1.21013948093
5765.0 1.21285455254
5770.0 1.2156540839
5775.0 1.21853505678
5780.0 1.22149836992
5785.0 1.22453846314
5790.0 1.22765030339
5795.0 1.23083172246
5800.0 1.23408234195
5805.0 1.23739745466
5810.0 1.24077371483
5815.0 1.24421065678
5820.0 1.24771340466
5825.0 1.25127768178
5830.0 1.25490352627
5835.0 1.25858073263
5840.0 1.26230764025
5845.0 1.26607997966
5850.0 1.26989735212
5855.0 1.27375718517
5860.0 1.27765992331
5865.0 1.28160257797
5870.0 1.28558432119
5875.0 1.28959962966
5880.0 1.293645975
5885.0 1.29771953263
5890.0 1.30182243008
5895.0 1.30595381186
5900.0 1.31010521356
5905.0 1.31427196356
5910.0 1.31845238263
5915.0 1.32264221229
5920.0 1.32684020551
5925.0 1.33104166907
5930.0 1.33524621229
5935.0 1.3394491322
5940.0 1.34365004703
5945.0 1.34784551441
5950.0 1.35203558644
5955.0 1.35621638729
5960.0 1.36038839915
5965.0 1.36454392669
5970.0 1.36868982415
5975.0 1.37282048814
5980.0 1.37693684915
5985.0 1.38103288898
5990.0 1.38511337288
5995.0 1.3891777572
6000.0 1.39322277627
6005.0 1.39724575127
6010.0 1.40124597712
6015.0 1.40522880424
6020.0 1.40918168644
6025.0 1.41313452034
6030.0 1.41701802288
6035.0 1.42095442458
6040.0 1.42477870381
6045.0 1.42866984958
6050.0 1.43244125127
6055.0 1.43637357542
6060.0 1.43992725763
6065.0 1.44384779492
6070.0 1.44781976314
6075.0 1.45129160593
6080.0 1.45476111229
6085.0 1.45858939873
6090.0 1.46198777669
6095.0 1.4657694822
6100.0 1.46945394237
6105.0 1.47291876864
6110.0 1.47625752924
6115.0 1.48012113347
6120.0 1.48333239746
6125.0 1.48694901314
6130.0 1.49025779958
6135.0 1.49382614746
6140.0 1.49735443517
6145.0 1.50081647754
6150.0 1.50418378729
6155.0 1.50748061525
6160.0 1.51070305297
6165.0 1.51386346186
6170.0 1.51713678093
6175.0 1.52041291102
6180.0 1.5235989589
6185.0 1.52680350508
6190.0 1.52984593814
6195.0 1.53290304873
6200.0 1.53588787119
6205.0 1.53911281314
6210.0 1.54196333263
6215.0 1.54521793814
6220.0 1.54778668305
6225.0 1.55094851059
6230.0 1.55357149237
6235.0 1.55654899915
6240.0 1.55942917076
6245.0 1.56202190593
6250.0 1.56447537246
6255.0 1.56723293686
6260.0 1.56981900042
6265.0 1.57265619025
6270.0 1.57487102288
6275.0 1.57744293517
6280.0 1.57968484322
6285.0 1.58204484364
6290.0 1.58404177754
6295.0 1.58635766441
6300.0 1.58837953898
6305.0 1.59060722373
6310.0 1.59233197415
6315.0 1.59451764364
6320.0 1.59624993644
6325.0 1.59805500381
6330.0 1.59954864153
6335.0 1.60134768178
6340.0 1.60278951059
6345.0 1.60430750593
6350.0 1.60549370297
6355.0 1.60689886314
6360.0 1.60797009364
6365.0 1.60912511525
6370.0 1.60996865508
6375.0 1.61096589831
6380.0 1.61163385551
6385.0 1.61239068136
6390.0 1.61284151653
6395.0 1.61336765593
6400.0 1.61358525636
6405.0 1.61389298517
6410.0 1.61388835297
6415.0 1.61393994492
6420.0 1.61370120297
6425.0 1.61351656102
6430.0 1.61302547669
6435.0 1.6125706911
6440.0 1.61181835593
6445.0 1.61110443432
6450.0 1.61010736568
6455.0 1.60915421229
6460.0 1.60782002754
6465.0 1.60655475847
6470.0 1.60503387246
6475.0 1.60349757246
6480.0 1.60164845042
6485.0 1.59983899746
6490.0 1.59775442797
6495.0 1.59566164153
6500.0 1.59327763432
6505.0 1.5909027822
6510.0 1.58826086271
6515.0 1.5856136928
6520.0 1.58269352415
6525.0 1.57976217331
6530.0 1.57657477034
6535.0 1.57337745297
6540.0 1.56993043644
6545.0 1.56647053347
6550.0 1.56277194025
6555.0 1.55905664449
6560.0 1.55517851229
6565.0 1.55119722924
6570.0 1.54688404153
6575.0 1.54275627797
6580.0 1.53836949153
6585.0 1.53391050042
6590.0 1.5292094339
6595.0 1.52463235339
6600.0 1.51982761271
6605.0 1.51495406695
6610.0 1.5098528589
6615.0 1.50487861398
6620.0 1.49972840975
6625.0 1.49449246271
6630.0 1.48920767288
6635.0 1.48372188941
6640.0 1.4782465928
6645.0 1.4727584428
6650.0 1.46708669619
6655.0 1.46135720763
6660.0 1.45568567161
6665.0 1.4499356322
6670.0 1.44426558814
6675.0 1.43831281059
6680.0 1.43244469449
6685.0 1.42645571949
6690.0 1.42056962585
6695.0 1.41453725297
6700.0 1.40862386907
6705.0 1.40259006229
6710.0 1.39667567881
6715.0 1.3907154661
6720.0 1.38482806949
6725.0 1.37886306949
6730.0 1.37295353686
6735.0 1.36710793517
6740.0 1.36130890466
6745.0 1.35555940212
6750.0 1.34986156356
6755.0 1.34421961822
6760.0 1.33864078983
6765.0 1.33313100381
6770.0 1.32769451568
6775.0 1.32233555381
6780.0 1.31705752627
6785.0 1.31186296695
6790.0 1.30675655424
6795.0 1.30174421059
6800.0 1.29683103432
6805.0 1.29202252288
6810.0 1.28731021653
6815.0 1.2827258822
6820.0 1.27823479237
6825.0 1.2738886322
6830.0 1.26963657119
6835.0 1.26549851356
6840.0 1.26173463941
6845.0 1.25751697839
6850.0 1.2537544411
6855.0 1.2499804911
6860.0 1.24654429153
6865.0 1.24317210424
6870.0 1.23987495932
6875.0 1.23668504788
6880.0 1.23361340381
6885.0 1.2306706089
6890.0 1.22784523347
6895.0 1.22512455593
6900.0 1.22252172881
6905.0 1.22003970212
6910.0 1.21767891907
6915.0 1.21543936144
6920.0 1.21332020297
6925.0 1.21131972839
6930.0 1.20943711356
6935.0 1.20767148898
6940.0 1.20602118093
6945.0 1.20447812246
6950.0 1.20308174322
6955.0 1.20176930593
6960.0 1.20058575424
6965.0 1.19953826314
6970.0 1.19856160932
6975.0 1.19769475254
6980.0 1.19693390339
6985.0 1.19640785169
6990.0 1.19593992754
6995.0 1.19550510636
7000.0 1.19517164576
7005.0 1.19503145678
7010.0 1.19495109831
7015.0 1.19499368263
7020.0 1.1951668589
7025.0 1.1954015411
7030.0 1.19575749831
7035.0 1.19622623475
7040.0 1.19677641907
7045.0 1.1974893822
7050.0 1.19821515424
7055.0 1.19908845932
7060.0 1.2000627072
7065.0 1.20110483093
7070.0 1.20225468136
7075.0 1.20349995466
7080.0 1.2048271072
7085.0 1.20624629746
7090.0 1.20775499195
7095.0 1.20935063898
7100.0 1.21103409449
7105.0 1.21280365593
7110.0 1.21465763898
7115.0 1.21659645975
7120.0 1.21862055
7125.0 1.2207277839
7130.0 1.22291774576
7135.0 1.22518746356
7140.0 1.22753525
7145.0 1.22996152076
7150.0 1.23246247797
7155.0 1.23503258263
7160.0 1.23767060847
7165.0 1.24037565297
7170.0 1.24314650636
7175.0 1.24597928814
7180.0 1.24887152458
7185.0 1.25182230042
7190.0 1.25483592119
7195.0 1.25790977415
7200.0 1.26104477627
7205.0 1.26423196356
7210.0 1.26746970593
7215.0 1.270754975
7220.0 1.27408486314
7225.0 1.27745761653
7230.0 1.2808720161
7235.0 1.28432673305
7240.0 1.28782097119
7245.0 1.29135383051
7250.0 1.29492324703
7255.0 1.29852450339
7260.0 1.30215511525
7265.0 1.30581290466
7270.0 1.30949835551
7275.0 1.31321309746
7280.0 1.31694872542
7285.0 1.32070262542
7290.0 1.32447148263
7295.0 1.32825225042
7300.0 1.33204331653
7305.0 1.33584204915
7310.0 1.33964599619
7315.0 1.34345293983
7320.0 1.34726086186
7325.0 1.3510683822
7330.0 1.35487264322
7335.0 1.35867352881
7340.0 1.36246861186
7345.0 1.36625692203
7350.0 1.37003730636
7355.0 1.37380498178
7360.0 1.37756346102
7365.0 1.38131176737
7370.0 1.38504577246
7375.0 1.38876282458
7380.0 1.39247024619
7385.0 1.39616156102
7390.0 1.39983773093
7395.0 1.40349652288
7400.0 1.40713550339
7405.0 1.41075752966
7410.0 1.41435592754
7415.0 1.41795219195
7420.0 1.42149008729
7425.0 1.42507541992
7430.0 1.42856043475
7435.0 1.43219118856
7440.0 1.43547161864
7445.0 1.43910796864
7450.0 1.44263846314
7455.0 1.44594604873
7460.0 1.44928593559
7465.0 1.45271814831
7470.0 1.45616317585
7475.0 1.45943062076
7480.0 1.4625714661
7485.0 1.46578893602
7490.0 1.46912560254
7495.0 1.47248845085
7500.0 1.47542347415
7505.0 1.47899655
7510.0 1.48201635297
7515.0 1.48502801483
7520.0 1.48822075381
7525.0 1.49142526059
7530.0 1.49445363644
7535.0 1.49751874407
7540.0 1.50040563898
7545.0 1.50344408814
7550.0 1.50645557669
7555.0 1.50933980932
7560.0 1.51216699831
7565.0 1.51511099661
7570.0 1.51783142458
7575.0 1.52057797203
7580.0 1.52342000678
7585.0 1.52635979407
7590.0 1.5288005678
7595.0 1.53176704364
7600.0 1.53416330169
7605.0 1.53673443475
7610.0 1.53912349068
7615.0 1.54176919746
7620.0 1.54414974915
7625.0 1.54659924449
7630.0 1.54886704068
7635.0 1.550985575
7640.0 1.55319572585
7645.0 1.55574261525
7650.0 1.55777855169
7655.0 1.55992073602
7660.0 1.56174433008
7665.0 1.56383477119
7670.0 1.56555787881
7675.0 1.56750546186
7680.0 1.56917128729
7685.0 1.57101201864
7690.0 1.57250614703
7695.0 1.57417772839
7700.0 1.57552684449
7705.0 1.57703731144
7710.0 1.57822784958
7715.0 1.57955812415
7720.0 1.58058795
7725.0 1.58177064492
7730.0 1.58263127585
7735.0 1.5835935
7740.0 1.58426755
7745.0 1.58506988475
7750.0 1.58556963263
7755.0 1.58614215127
7760.0 1.58641673814
7765.0 1.58679460085
7770.0 1.58688215169
7775.0 1.58704076949
7780.0 1.58690525551
7785.0 1.58684080381
7790.0 1.58648772203
7795.0 1.58619679915
7800.0 1.58562402119
7805.0 1.58509178814
7810.0 1.58428235593
7815.0 1.58352617585
7820.0 1.5824792322
7825.0 1.58148172246
7830.0 1.58020191864
7835.0 1.578970275
7840.0 1.57745379068
7845.0 1.57593758559
7850.0 1.57416959195
7855.0 1.57244848559
7860.0 1.57046245254
7865.0 1.56846652754
7870.0 1.56621499661
7875.0 1.56398153686
7880.0 1.56150983856
7885.0 1.55903671525
7890.0 1.55632407712
7895.0 1.55361128008
7900.0 1.55067337203
7905.0 1.54773064407
7910.0 1.54456746653
7915.0 1.54139396314
7920.0 1.53801102881
7925.0 1.53459870763
7930.0 1.53101805085
7935.0 1.52743596864
7940.0 1.52363641102
7945.0 1.51982653093
7950.0 1.51578688136
7955.0 1.51184454153
7960.0 1.50769913347
7965.0 1.50349722542
7970.0 1.49909605847
7975.0 1.49480025932
7980.0 1.49034164703
7985.0 1.48580451059
7990.0 1.48122447669
7995.0 1.47646337881
8000.0 1.47171446483
8005.0 1.46693872034
8010.0 1.4620014428
8015.0 1.45712719364
8020.0 1.4521621678
8025.0 1.44709703602
8030.0 1.44200470593
8035.0 1.43688262076
8040.0 1.43171893008
8045.0 1.42651913051
8050.0 1.42128705085
8055.0 1.4160303072
8060.0 1.41075781271
8065.0 1.40547591229
8070.0 1.40019055466
8075.0 1.39490766398
8080.0 1.38963361356
8085.0 1.38437305678
8090.0 1.37913024873
8095.0 1.37391111441
8100.0 1.36871948517
8105.0 1.3635591661
8110.0 1.35843695085
8115.0 1.3533574911
8120.0 1.34832631144
8125.0 1.34334721568
8130.0 1.33842361059
8135.0 1.33355972627
8140.0 1.32875939407
8145.0 1.32402684322
8150.0 1.31936590381
8155.0 1.3147786839
8160.0 1.31026901483
8165.0 1.3058381572
8170.0 1.30148951737
8175.0 1.29724215042
8180.0 1.29304691907
8185.0 1.28896440593
8190.0 1.28498233475
8195.0 1.28110450932
8200.0 1.27732967203
8205.0 1.27365187754
8210.0 1.26999529364
8215.0 1.26648745297
8220.0 1.26327032797
8225.0 1.25995067331
8230.0 1.25680309237
8235.0 1.25377332797
8240.0 1.25084953263
8245.0 1.24802576271
8250.0 1.24530457754
8255.0 1.2426639322
8260.0 1.24017206059
8265.0 1.23777767881
8270.0 1.23548249958
8275.0 1.23329074492
8280.0 1.23120370424
8285.0 1.22922220975
8290.0 1.22734754831
8295.0 1.2255792839
8300.0 1.22391700593
8305.0 1.22235985678
8310.0 1.22097309661
8315.0 1.21952028771
8320.0 1.21828109619
8325.0 1.21713474831
8330.0 1.21614523856
8335.0 1.21521298178
8340.0 1.21433417966
8345.0 1.21356898983
8350.0 1.21301615424
8355.0 1.21248286186
8360.0 1.21205980975
8365.0 1.21172579449
8370.0 1.21151092246
8375.0 1.21135584831
8380.0 1.21132797458
8385.0 1.21141837246
8390.0 1.21155716017
8395.0 1.21180532712
8400.0 1.21215527585
8405.0 1.21256418305
8410.0 1.21312911229
8415.0 1.21373266144
8420.0 1.21442232246
8425.0 1.21522899576
8430.0 1.21610186229
8435.0 1.21705827161
8440.0 1.21810926229
8445.0 1.21924252669
8450.0 1.22045850678
8455.0 1.2217597322
8460.0 1.22314240085
8465.0 1.22460735551
8470.0 1.22615586949
8475.0 1.22778497966
8480.0 1.22949383178
8485.0 1.23128074449
8490.0 1.2331435822
8495.0 1.23508279153
8500.0 1.23709791992
8505.0 1.23918222373
8510.0 1.24133481568
8515.0 1.243553625
8520.0 1.245838175
8525.0 1.24818640508
8530.0 1.25059783305
8535.0 1.25306911992
8540.0 1.25559852542
8545.0 1.2581848178
8550.0 1.260832625
8555.0 1.26353985678
8560.0 1.26630521441
8565.0 1.26912279492
8570.0 1.27199172415
8575.0 1.2749082161
8580.0 1.27787096992
8585.0 1.28087577797
8590.0 1.28392218347
8595.0 1.28700767373
8600.0 1.29013306059
8605.0 1.2932958322
8610.0 1.29649722712
8615.0 1.29973431271
8620.0 1.30300493644
8625.0 1.30630489619
8630.0 1.30963288432
8635.0 1.31298639449
8640.0 1.31636877924
8645.0 1.31977753136
8650.0 1.32320753178
8655.0 1.32665500254
8660.0 1.33011821314
8665.0 1.33359380763
8670.0 1.33708048093
8675.0 1.34057487246
8680.0 1.34407695169
8685.0 1.34758250805
8690.0 1.35109193602
8695.0 1.35460144534
8700.0 1.35811058771
8705.0 1.36161726356
8710.0 1.36512102924
8715.0 1.36861935551
8720.0 1.37211222881
8725.0 1.37559795636
8730.0 1.37907314831
8735.0 1.38254076864
8740.0 1.38599869915
8745.0 1.38944481271
8750.0 1.39287868263
8755.0 1.39629606653
8760.0 1.39970461271
8765.0 1.40309793602
8770.0 1.40647776398
8775.0 1.40984024153
8780.0 1.41318541356
8785.0 1.41651322712
8790.0 1.41982119746
8795.0 1.42311815169
8800.0 1.42637323729
8805.0 1.42966135805
8810.0 1.43281737585
8815.0 1.43605641102
8820.0 1.43918368178
8825.0 1.44239947288
8830.0 1.4457950322
8835.0 1.44890833644
8840.0 1.45175395339
8845.0 1.45525628856
8850.0 1.45816381568
8855.0 1.46115220763
8860.0 1.46408563305
8865.0 1.46724015127
8870.0 1.46987955763
8875.0 1.47293284873
8880.0 1.47585068178
8885.0 1.47890314025
8890.0 1.48171295
8895.0 1.48444171864
8900.0 1.48726301059
8905.0 1.49026256398
8910.0 1.49279446992
8915.0 1.49552879025
8920.0 1.49821156737
8925.0 1.50096158432
8930.0 1.50360453856
8935.0 1.50628423771
8940.0 1.50867847797
8945.0 1.51115224322
8950.0 1.51364520339
8955.0 1.51613084788
8960.0 1.51867549407
8965.0 1.52101832331
8970.0 1.52327651441
8975.0 1.52548204703
8980.0 1.52787581102
8985.0 1.53026139958
8990.0 1.53211613771
8995.0 1.53422967076
9000.0 1.53622039364
9005.0 1.53847668517
9010.0 1.54022073941
9015.0 1.54218674237
9020.0 1.54394472161
9025.0 1.54581575763
9030.0 1.54743680763
9035.0 1.54917896992
9040.0 1.55072325551
9045.0 1.55233779958
9050.0 1.55369937754
9055.0 1.55518036525
9060.0 1.5564041411
9065.0 1.55769944153
9070.0 1.5587659161
9075.0 1.5600543339
9080.0 1.56093128814
9085.0 1.56191789915
9090.0 1.56266041441
9095.0 1.56355791737
9100.0 1.56413038602
9105.0 1.56478834873
9110.0 1.565186525
9115.0 1.56567739407
9120.0 1.56590592924
9125.0 1.56621232161
9130.0 1.56623603517
9135.0 1.56633505932
9140.0 1.56616750042
9145.0 1.56606973941
9150.0 1.56569733941
9155.0 1.56539473432
9160.0 1.56483443432
9165.0 1.56430028263
9170.0 1.56353216186
9175.0 1.56277747373
9180.0 1.56175788432
9185.0 1.560826725
9190.0 1.55962642034
9195.0 1.55844251102
9200.0 1.55702038559
9205.0 1.55562016017
9210.0 1.55396391907
9215.0 1.55233084831
9220.0 1.55047226737
9225.0 1.54863049534
9230.0 1.54655473136
9235.0 1.54448645085
9240.0 1.54219985424
9245.0 1.53992031695
9250.0 1.537427125
9255.0 1.53493251864
9260.0 1.53223188517
9265.0 1.5295285678
9270.0 1.52663066441
9275.0 1.52372541695
9280.0 1.520687875
9285.0 1.51758154153
9290.0 1.51421367288
9295.0 1.51099185508
9300.0 1.50756570636
9305.0 1.50408137076
9310.0 1.50041092331
9315.0 1.49683398729
9320.0 1.49307645127
9325.0 1.48926242924
9330.0 1.48527712542
9335.0 1.48138279788
9340.0 1.47734982076
9345.0 1.47321926483
9350.0 1.4690008928
9355.0 1.46482689746
9360.0 1.46054009788
9365.0 1.45613370466
9370.0 1.45178612161
9375.0 1.44730580593
9380.0 1.44278134788
9385.0 1.43824917203
9390.0 1.43368641695
9395.0 1.42905704873
9400.0 1.42445387669
9405.0 1.41970994449
9410.0 1.4150528072
9415.0 1.41026889619
9420.0 1.40557178305
9425.0 1.40077035847
9430.0 1.39605955042
9435.0 1.3912978322
9440.0 1.38659622331
9445.0 1.38182718136
9450.0 1.37709199619
9455.0 1.37239743771
9460.0 1.36772996356
9465.0 1.36308998856
9470.0 1.35847964873
9475.0 1.35390444195
9480.0 1.3493694678
9485.0 1.34487980085
9490.0 1.34043969364
9495.0 1.33605083136
9500.0 1.33171704449
9505.0 1.32744213729
9510.0 1.32322866992
9515.0 1.31908044534
9520.0 1.31500002246
9525.0 1.31098993178
9530.0 1.30705315551
9535.0 1.30319053051
9540.0 1.29939063178
9545.0 1.29568607373
9550.0 1.29205949873
9555.0 1.28852784534
9560.0 1.28507841568
9565.0 1.2817133161
9570.0 1.27846095
9575.0 1.27515944449
9580.0 1.27214863856
9585.0 1.26907005042
9590.0 1.26624572585
9595.0 1.26348073814
9600.0 1.26078527415
9605.0 1.25817923602
9610.0 1.25567069322
9615.0 1.25328209153
9620.0 1.25096259703
9625.0 1.24873847076
9630.0 1.24661735593
9635.0 1.24459796695
9640.0 1.24267862542
9645.0 1.24085804661
9650.0 1.23913497542
9655.0 1.23750812627
9660.0 1.23597666907
9665.0 1.23454101271
9670.0 1.23317362754
9675.0 1.23191010381
9680.0 1.23080723136
9685.0 1.2298082089
9690.0 1.22878637076
9695.0 1.22789381186
9700.0 1.22715301229
9705.0 1.2264864089
9710.0 1.2258936
9715.0 1.2253915178
9720.0 1.22497467161
9725.0 1.22465618686
9730.0 1.22443141102
9735.0 1.2242927072
9740.0 1.22424093771
9745.0 1.22427778347
9750.0 1.22440114576
9755.0 1.22460930847
9760.0 1.22490271695
9765.0 1.22528008178
9770.0 1.22574184661
9775.0 1.22628671992
9780.0 1.22691514831
9785.0 1.22762583771
9790.0 1.22841839153
9795.0 1.22929193559
9800.0 1.23024607712
9805.0 1.23128036102
9810.0 1.23239439915
9815.0 1.23358773093
9820.0 1.23485912542
9825.0 1.23620684831
9830.0 1.23762924619
9835.0 1.23912585466
9840.0 1.2406958678
9845.0 1.24233924576
9850.0 1.24405051949
9855.0 1.24582880551
9860.0 1.24767244534
9865.0 1.24958055805
9870.0 1.25153283305
9875.0 1.2535678089
9880.0 1.25568338644
9885.0 1.2578397089
9890.0 1.26004104025
9895.0 1.26230642797
9900.0 1.26463080805
9905.0 1.26701330763
9910.0 1.26945437881
9915.0 1.27194805508
9920.0 1.27449310847
9925.0 1.27708695
9930.0 1.27972793347
9935.0 1.28241261949
9940.0 1.28513978559
9945.0 1.28790684068
9950.0 1.29071255678
9955.0 1.2935560411
9960.0 1.29643648475
9965.0 1.29935384831
9970.0 1.30230731949
9975.0 1.30529517246
9980.0 1.30831531653
9985.0 1.31136391314
9990.0 1.31443971229
9995.0 1.31754057754
10000.0 1.32066821653
