5.0 -7.60283864407
10.0 -4.51142890254
15.0 -1.51159148305
20.0 -0.174325122881
25.0 0.156529822034
30.0 0.150659330508
35.0 0.104634923729
40.0 0.0819718601695
45.0 0.0763311016949
50.0 0.0767435847458
55.0 0.0778098601695
60.0 0.0781070847458
65.0 0.0785909110169
70.0 0.0794122033898
75.0 0.0802944915254
80.0 0.0810650805085
85.0 0.0818083559322
90.0 0.0824844364407
95.0 0.0831125550847
100.0 0.0836302372881
105.0 0.083982059322
110.0 0.0841911059322
115.0 0.0842696398305
120.0 0.0842144830508
125.0 0.0840630550847
130.0 0.0837976483051
135.0 0.0834165423729
140.0 0.082990809322
145.0 0.0825060169492
150.0 0.0819760466102
155.0 0.0814162711864
160.0 0.0808634322034
165.0 0.0803044067797
170.0 0.0797488601695
175.0 0.0792213177966
180.0 0.0787105508475
185.0 0.0782147118644
190.0 0.0777562245763
195.0 0.0773324745763
200.0 0.0769346271186
205.0 0.0765682669492
210.0 0.076231
215.0 0.0759238601695
220.0 0.0756433728814
225.0 0.075387970339
230.0 0.0751562584746
235.0 0.0749491059322
240.0 0.0747606525424
245.0 0.0745924745763
250.0 0.074439809322
255.0 0.074302309322
260.0 0.0741758898305
265.0 0.0740592584746
270.0 0.0739474915254
275.0 0.0738422669492
280.0 0.0737362161017
285.0 0.0736316737288
290.0 0.0735202711864
295.0 0.0734073644068
300.0 0.0732829152542
305.0 0.0731525635593
310.0 0.0730061991525
315.0 0.0728495847458
320.0 0.0726742754237
325.0 0.0724846991525
330.0 0.072274470339
335.0 0.0720500381356
340.0 0.0718034067797
345.0 0.0715403813559
350.0 0.0712623008475
355.0 0.0709708474576
360.0 0.0706694661017
365.0 0.0703584788136
370.0 0.0700437245763
375.0 0.0697285338983
380.0 0.0694088474576
385.0 0.0690988305085
390.0 0.0687860889831
395.0 0.0684861483051
400.0 0.0681907542373
405.0 0.0679080932203
410.0 0.0676334322034
415.0 0.0673748601695
420.0 0.0671234322034
425.0 0.0668905889831
430.0 0.0666650762712
435.0 0.0664602033898
440.0 0.0662631525424
445.0 0.0660850466102
450.0 0.0659138559322
455.0 0.065763279661
460.0 0.0656196694915
465.0 0.0654949576271
470.0 0.0653754449153
475.0 0.0652739533898
480.0 0.0651763050847
485.0 0.0650953855932
490.0 0.065016309322
495.0 0.0649525381356
500.0 0.0648886525424
505.0 0.0648385932203
510.0 0.0647864279661
515.0 0.0647465508475
520.0 0.0647033771186
525.0 0.0646709745763
530.0 0.0646341144068
535.0 0.0646073050847
540.0 0.0645752457627
545.0 0.0645500720339
550.0 0.064522720339
555.0 0.0645004067797
560.0 0.064472559322
565.0 0.0644529915254
570.0 0.0644288813559
575.0 0.0644096144068
580.0 0.0643843813559
585.0 0.0643634576271
590.0 0.0643347245763
595.0 0.0643134788136
600.0 0.0642865720339
605.0 0.0642706271186
610.0 0.0642423347458
615.0 0.0642143813559
620.0 0.0641831991525
625.0 0.0641600635593
630.0 0.0641292754237
635.0 0.0641031440678
640.0 0.0640704152542
645.0 0.064043309322
650.0 0.0640077330508
655.0 0.0639776567797
660.0 0.0639410550847
665.0 0.0639096483051
670.0 0.0638713347458
675.0 0.0638381694915
680.0 0.0637967754237
685.0 0.0637606567797
690.0 0.0637173728814
695.0 0.0636801228814
700.0 0.0636358686441
705.0 0.0635956652542
710.0 0.0635490847458
715.0 0.0635076652542
720.0 0.0634584152542
725.0 0.0634148008475
730.0 0.0633642457627
735.0 0.0633188559322
740.0 0.0632664025424
745.0 0.0632191991525
750.0 0.0631668898305
755.0 0.0631197033898
760.0 0.0630633771186
765.0 0.0630117881356
770.0 0.0629565042373
775.0 0.0629064322034
780.0 0.0628476059322
785.0 0.0627939533898
790.0 0.0627368983051
795.0 0.0626841355932
800.0 0.0626236398305
805.0 0.0625684067797
810.0 0.0625098177966
815.0 0.0624573983051
820.0 0.0623963601695
825.0 0.0623394025424
830.0 0.0622803262712
835.0 0.0622270847458
840.0 0.0621658220339
845.0 0.0621087330508
850.0 0.0620496949153
855.0 0.0619965381356
860.0 0.0619351101695
865.0 0.0618797669492
870.0 0.0618206186441
875.0 0.0617677288136
880.0 0.0617073813559
885.0 0.0616520974576
890.0 0.0615938559322
895.0 0.0615403983051
900.0 0.0614824745763
905.0 0.0614273813559
910.0 0.0613705169492
915.0 0.0613204618644
920.0 0.0612627245763
925.0 0.0612084491525
930.0 0.0611530762712
935.0 0.0611028177966
940.0 0.0610438559322
945.0 0.0609950042373
950.0 0.060943059322
955.0 0.0608932161017
960.0 0.0608370423729
965.0 0.0607883008475
970.0 0.0607369661017
975.0 0.0606889618644
980.0 0.0606359279661
985.0 0.0605881271186
990.0 0.0605379788136
995.0 0.0604907288136
1000.0 0.0604403135593
1005.0 0.0603935084746
1010.0 0.0603458389831
1015.0 0.0603006355932
1020.0 0.0602517542373
1025.0 0.0602067288136
1030.0 0.0601607076271
1035.0 0.0601174025424
1040.0 0.0600703728814
1045.0 0.0600271483051
1050.0 0.0599827542373
1055.0 0.0599414110169
1060.0 0.0598962033898
1065.0 0.0598548050847
1070.0 0.0598121440678
1075.0 0.0597727372881
1080.0 0.0597294237288
1085.0 0.0596898262712
1090.0 0.0596489194915
1095.0 0.0596115211864
1100.0 0.0595699957627
1105.0 0.059532220339
1110.0 0.0594930932203
1115.0 0.0594575974576
1120.0 0.0594179279661
1125.0 0.0593819237288
1130.0 0.0593446016949
1135.0 0.0593110338983
1140.0 0.0592731186441
1145.0 0.0592389067797
1150.0 0.0592033347458
1155.0 0.0591726652542
1160.0 0.05913475
1165.0 0.0591029533898
1170.0 0.0590676822034
1175.0 0.0590404364407
1180.0 0.0590056991525
1185.0 0.058974309322
1190.0 0.0589422923729
1195.0 0.0589081694915
1200.0 0.0588797838983
1205.0 0.0588555042373
1210.0 0.0588210762712
1215.0 0.0587941864407
1220.0 0.0587619745763
1225.0 0.0587377711864
1230.0 0.0587069745763
1235.0 0.0586821016949
1240.0 0.0586536483051
1245.0 0.0586256101695
1250.0 0.0585999618644
1255.0 0.0585760042373
1260.0 0.0585425254237
1265.0 0.0585217118644
1270.0 0.0584976483051
1275.0 0.0584745508475
1280.0 0.0584438813559
1285.0 0.0584225762712
1290.0 0.0583922923729
1295.0 0.0583772584746
1300.0 0.0583514788136
1305.0 0.0583314067797
1310.0 0.0583061355932
1315.0 0.0582818347458
1320.0 0.0582608432203
1325.0 0.0582415423729
1330.0 0.0582193728814
1335.0 0.0581989279661
1340.0 0.0581758686441
1345.0 0.0581561483051
1350.0 0.0581333813559
1355.0 0.0581171398305
1360.0 0.0580954364407
1365.0 0.0580766483051
1370.0 0.0580557923729
1375.0 0.0580370084746
1380.0 0.0580160254237
1385.0 0.0580007076271
1390.0 0.0579807033898
1395.0 0.0579633516949
1400.0 0.0579435974576
1405.0 0.0579264152542
1410.0 0.0579066991525
1415.0 0.0578926525424
1420.0 0.0578739957627
1425.0 0.0578576525424
1430.0 0.0578395
1435.0 0.0578233728814
1440.0 0.0578055550847
1445.0 0.0577917923729
1450.0 0.0577746525424
1455.0 0.0577594025424
1460.0 0.057742470339
1465.0 0.0577272627119
1470.0 0.0577107033898
1475.0 0.0576981567797
1480.0 0.0576822754237
1485.0 0.0576680720339
1490.0 0.0576522669492
1495.0 0.0576382711864
1500.0 0.0576227584746
1505.0 0.0576112542373
1510.0 0.0575963728814
1515.0 0.057583
1520.0 0.0575686186441
1525.0 0.0575556228814
1530.0 0.0575410211864
1535.0 0.0575306864407
1540.0 0.0575165508475
1545.0 0.0575047245763
1550.0 0.0574907457627
1555.0 0.0574794661017
1560.0 0.057465690678
1565.0 0.0574561398305
1570.0 0.0574432076271
1575.0 0.0574321228814
1580.0 0.0574195635593
1585.0 0.0574088940678
1590.0 0.0573964067797
1595.0 0.0573876822034
1600.0 0.0573757415254
1605.0 0.0573656440678
1610.0 0.0573541186441
1615.0 0.0573443983051
1620.0 0.0573329872881
1625.0 0.0573250381356
1630.0 0.0573141271186
1635.0 0.0573049364407
1640.0 0.0572943983051
1645.0 0.0572856228814
1650.0 0.0572752372881
1655.0 0.0572681059322
1660.0 0.0572581398305
1665.0 0.0572498898305
1670.0 0.0572402966102
1675.0 0.0572324618644
1680.0 0.0572230211864
1685.0 0.0572166610169
1690.0 0.0572076355932
1695.0 0.0572002415254
1700.0 0.0571915889831
1705.0 0.0571846101695
1710.0 0.0571761059322
1715.0 0.0571704745763
1720.0 0.0571623432203
1725.0 0.0571558008475
1730.0 0.0571480423729
1735.0 0.0571418728814
1740.0 0.0571342627119
1745.0 0.0571287161017
1750.0 0.0571227118644
1755.0 0.0571164279661
1760.0 0.0571099830508
1765.0 0.0571034745763
1770.0 0.0570966737288
1775.0 0.0570929491525
1780.0 0.0570866059322
1785.0 0.0570817627119
1790.0 0.0570756991525
1795.0 0.0570702076271
1800.0 0.0570642542373
1805.0 0.0570608686441
1810.0 0.0570555847458
1815.0 0.0570497161017
1820.0 0.0570460254237
1825.0 0.0570420169492
1830.0 0.0570354618644
1835.0 0.0570330932203
1840.0 0.0570280127119
1845.0 0.0570248601695
1850.0 0.0570202288136
1855.0 0.0570162161017
1860.0 0.0570111822034
1865.0 0.0570087627119
1870.0 0.0570047415254
1875.0 0.0570019661017
1880.0 0.0569979237288
1885.0 0.0569945762712
1890.0 0.0569900889831
1895.0 0.0569887245763
1900.0 0.0569833771186
1905.0 0.0569814872881
1910.0 0.0569793008475
1915.0 0.0569766355932
1920.0 0.0569725169492
1925.0 0.0569709322034
1930.0 0.056967279661
1935.0 0.056966559322
1940.0 0.0569617838983
1945.0 0.0569615254237
1950.0 0.0569574830508
1955.0 0.0569556779661
1960.0 0.0569540466102
1965.0 0.0569521355932
1970.0 0.0569494279661
1975.0 0.0569478813559
1980.0 0.0569445127119
1985.0 0.056943970339
1990.0 0.056942970339
1995.0 0.0569398559322
2000.0 0.0569383771186
2005.0 0.0569388559322
2010.0 0.056933529661
2015.0 0.0569359025424
2020.0 0.0569305635593
2025.0 0.0569307161017
2030.0 0.0569314194915
2035.0 0.0569285042373
2040.0 0.0569266822034
2045.0 0.0569258686441
2050.0 0.0569241652542
2055.0 0.0569243474576
2060.0 0.0569228432203
2065.0 0.0569225
2070.0 0.0569203305085
2075.0 0.0569192966102
2080.0 0.0569186016949
2085.0 0.0569185211864
2090.0 0.0569176440678
2095.0 0.0569172923729
2100.0 0.0569154533898
2105.0 0.0569147457627
2110.0 0.0569141737288
2115.0 0.0569145466102
2120.0 0.056912470339
2125.0 0.0569140635593
2130.0 0.0569127245763
2135.0 0.0569108177966
2140.0 0.0569115932203
2145.0 0.0569120042373
2150.0 0.0569091101695
2155.0 0.0569117542373
2160.0 0.0569090932203
2165.0 0.0569098983051
2170.0 0.0569106144068
2175.0 0.0569088940678
2180.0 0.0569095127119
2185.0 0.0569099491525
2190.0 0.0569084576271
2195.0 0.056909
2200.0 0.0569093771186
2205.0 0.0569093432203
2210.0 0.0569089322034
2215.0 0.0569089745763
2220.0 0.0569082457627
2225.0 0.056909029661
2230.0 0.0569088050847
2235.0 0.0569092711864
2240.0 0.0569092372881
2245.0 0.0569098559322
2250.0 0.0569089957627
2255.0 0.0569098177966
2260.0 0.0569102584746
2265.0 0.0569101228814
2270.0 0.0569103813559
2275.0 0.0569109067797
2280.0 0.0569113516949
2285.0 0.0569112754237
2290.0 0.0569116271186
2295.0 0.0569119025424
2300.0 0.05691275
2305.0 0.0569131864407
2310.0 0.056912940678
2315.0 0.05691375
2320.0 0.0569144661017
2325.0 0.0569140677966
2330.0 0.0569143898305
2335.0 0.0569166016949
2340.0 0.0569155889831
2345.0 0.0569156694915
2350.0 0.0569173135593
2355.0 0.0569179576271
2360.0 0.0569173474576
2365.0 0.0569186652542
2370.0 0.0569193728814
2375.0 0.0569197033898
2380.0 0.0569200720339
2385.0 0.0569210932203
2390.0 0.0569214449153
2395.0 0.0569223262712
2400.0 0.0569223644068
2405.0 0.0569235720339
2410.0 0.0569242669492
2415.0 0.0569246059322
2420.0 0.0569250381356
2425.0 0.0569265508475
2430.0 0.0569265720339
2435.0 0.056927309322
2440.0 0.0569282584746
2445.0 0.0569288855932
2450.0 0.056929309322
2455.0 0.0569306864407
2460.0 0.0569307457627
2465.0 0.0569316483051
2470.0 0.0569327161017
2475.0 0.0569332923729
2480.0 0.0569336228814
2485.0 0.0569350847458
2490.0 0.0569353516949
2495.0 0.0569362415254
2500.0 0.0569371779661
2505.0 0.0569377923729
2510.0 0.0569383305085
2515.0 0.0569398262712
2520.0 0.0569399576271
2525.0 0.0569408008475
2530.0 0.0569418983051
2535.0 0.0569426355932
2540.0 0.0569430423729
2545.0 0.0569444872881
2550.0 0.0569446991525
2555.0 0.0569456652542
2560.0 0.0569467161017
2565.0 0.0569473601695
2570.0 0.0569478432203
2575.0 0.0569493262712
2580.0 0.0569495762712
2585.0 0.0569504533898
2590.0 0.0569515381356
2595.0 0.056952220339
2600.0 0.0569526144068
2605.0 0.0569540084746
2610.0 0.05695425
2615.0 0.0569552923729
2620.0 0.0569562881356
2625.0 0.0569569194915
2630.0 0.0569573940678
2635.0 0.0569588686441
2640.0 0.0569591059322
2645.0 0.0569600127119
2650.0 0.0569610084746
2655.0 0.056961720339
2660.0 0.0569622330508
2665.0 0.0569636567797
2670.0 0.0569638516949
2675.0 0.0569647542373
2680.0 0.0569657838983
2685.0 0.0569664491525
2690.0 0.0569669152542
2695.0 0.0569683389831
2700.0 0.0569684830508
2705.0 0.0569694237288
2710.0 0.0569704491525
2715.0 0.0569710720339
2720.0 0.0569715338983
2725.0 0.0569729067797
2730.0 0.0569730889831
2735.0 0.0569739872881
2740.0 0.0569749661017
2745.0 0.0569755847458
2750.0 0.056976
2755.0 0.0569774110169
2760.0 0.0569775508475
2765.0 0.056978440678
2770.0 0.0569793771186
2775.0 0.0569799872881
2780.0 0.0569804025424
2785.0 0.0569817669492
2790.0 0.0569819025424
2795.0 0.0569827076271
2800.0 0.0569836355932
2805.0 0.0569842076271
2810.0 0.0569846144068
2815.0 0.0569859364407
2820.0 0.0569860677966
2825.0 0.0569868686441
2830.0 0.0569877542373
2835.0 0.0569883177966
2840.0 0.0569886822034
2845.0 0.0569899576271
2850.0 0.0569900466102
2855.0 0.0569908432203
2860.0 0.0569917245763
2865.0 0.0569922457627
2870.0 0.0569926059322
2875.0 0.0569938389831
2880.0 0.0569939237288
2885.0 0.0569946737288
2890.0 0.0569955127119
2895.0 0.056996029661
2900.0 0.0569963474576
2905.0 0.0569975338983
2910.0 0.0569976144068
2915.0 0.0569983644068
2920.0 0.0569991567797
2925.0 0.0569996313559
2930.0 0.0569999025424
2935.0 0.0570010889831
2940.0 0.0570011228814
2945.0 0.0570018305085
2950.0 0.0570026228814
2955.0 0.0570030084746
2960.0 0.0570032754237
2965.0 0.0570044576271
2970.0 0.0570044872881
2975.0 0.0570051567797
2980.0 0.0570058601695
2985.0 0.0570061610169
2990.0 0.0570065042373
2995.0 0.0570076949153
3000.0 0.0570075932203
3005.0 0.0570081737288
3010.0 0.0570089533898
3015.0 0.0570093474576
3020.0 0.057009559322
3025.0 0.0570106228814
3030.0 0.057010559322
3035.0 0.0570111822034
3040.0 0.0570119194915
3045.0 0.0570122245763
3050.0 0.0570123940678
3055.0 0.0570134957627
3060.0 0.0570133898305
3065.0 0.057013970339
3070.0 0.0570146186441
3075.0 0.0570148389831
3080.0 0.0570150084746
3085.0 0.0570161101695
3090.0 0.057016
3095.0 0.0570165381356
3100.0 0.0570171440678
3105.0 0.0570173601695
3110.0 0.057017529661
3115.0 0.0570185423729
3120.0 0.0570183940678
3125.0 0.0570189279661
3130.0 0.0570195338983
3135.0 0.05701975
3140.0 0.0570198728814
3145.0 0.0570208432203
3150.0 0.057020690678
3155.0 0.0570211440678
3160.0 0.0570217457627
3165.0 0.0570219618644
3170.0 0.0570220423729
3175.0 0.0570230127119
3180.0 0.0570228177966
3185.0 0.0570232669492
3190.0 0.0570238262712
3195.0 0.057024
3200.0 0.0570240805085
3205.0 0.0570250508475
3210.0 0.057024809322
3215.0 0.0570252584746
3220.0 0.0570257754237
3225.0 0.0570259449153
3230.0 0.0570259830508
3235.0 0.0570269110169
3240.0 0.0570266694915
3245.0 0.0570270762712
3250.0 0.0570275932203
3255.0 0.057027720339
3260.0 0.0570277584746
3265.0 0.0570286864407
3270.0 0.0570284025424
3275.0 0.0570288050847
3280.0 0.057029279661
3285.0 0.0570294067797
3290.0 0.0570294025424
3295.0 0.0570302838983
3300.0 0.05703
3305.0 0.0570303644068
3310.0 0.0570308771186
3315.0 0.0570309618644
3320.0 0.0570309576271
3325.0 0.0570317966102
3330.0 0.0570315127119
3335.0 0.0570318347458
3340.0 0.0570323050847
3345.0 0.0570323898305
3350.0 0.0570323389831
3355.0 0.0570331822034
3360.0 0.0570328516949
3365.0 0.0570332161017
3370.0 0.0570336440678
3375.0 0.0570336864407
3380.0 0.0570336355932
3385.0 0.0570344745763
3390.0 0.0570341483051
3395.0 0.0570344661017
3400.0 0.0570348559322
3405.0 0.0570348940678
3410.0 0.0570348474576
3415.0 0.0570356440678
3420.0 0.0570352754237
3425.0 0.0570355932203
3430.0 0.0570359788136
3435.0 0.0570360211864
3440.0 0.0570359279661
3445.0 0.0570367245763
3450.0 0.0570363559322
3455.0 0.0570366313559
3460.0 0.0570370169492
3465.0 0.0570370169492
3470.0 0.0570369237288
3475.0 0.0570376779661
3480.0 0.057037309322
3485.0 0.0570375423729
3490.0 0.0570379279661
3495.0 0.0570379237288
3500.0 0.0570377881356
3505.0 0.0570385466102
3510.0 0.0570381737288
3515.0 0.0570384067797
3520.0 0.05703875
3525.0 0.05703875
3530.0 0.0570386144068
3535.0 0.0570393262712
3540.0 0.0570389152542
3545.0 0.057039190678
3550.0 0.0570395338983
3555.0 0.0570394449153
3560.0 0.0570393135593
3565.0 0.0570400677966
3570.0 0.0570396101695
3575.0 0.0570398432203
3580.0 0.0570401440678
3585.0 0.0570401016949
3590.0 0.0570399661017
3595.0 0.0570406355932
3600.0 0.0570402245763
3605.0 0.0570404576271
3610.0 0.0570407584746
3615.0 0.0570407161017
3620.0 0.0570405805085
3625.0 0.0570412923729
3630.0 0.0570408347458
3635.0 0.0570409872881
3640.0 0.0570412881356
3645.0 0.0570412415254
3650.0 0.0570411101695
3655.0 0.057041779661
3660.0 0.0570413644068
3665.0 0.0570415127119
3670.0 0.0570418177966
3675.0 0.0570417288136
3680.0 0.0570415084746
3685.0 0.0570421822034
3690.0 0.0570417245763
3695.0 0.0570419152542
3700.0 0.057042220339
3705.0 0.0570421313559
3710.0 0.0570419152542
3715.0 0.0570425847458
3720.0 0.0570420889831
3725.0 0.057042279661
3730.0 0.0570425847458
3735.0 0.0570424533898
3740.0 0.0570422330508
3745.0 0.0570429067797
3750.0 0.0570424067797
3755.0 0.057042559322
3760.0 0.0570428601695
3765.0 0.0570427330508
3770.0 0.0570425127119
3775.0 0.0570431822034
3780.0 0.0570426864407
3785.0 0.0570428347458
3790.0 0.0570430974576
3795.0 0.0570429661017
3800.0 0.05704275
3805.0 0.0570434194915
3810.0 0.0570429237288
3815.0 0.0570430720339
3820.0 0.0570433305085
3825.0 0.0570432033898
3830.0 0.0570429830508
3835.0 0.0570436144068
3840.0 0.0570431144068
3845.0 0.0570432669492
3850.0 0.0570435254237
3855.0 0.0570433559322
3860.0 0.0570431779661
3865.0 0.057043809322
3870.0 0.057043309322
3875.0 0.0570434194915
3880.0 0.0570436779661
3885.0 0.0570435508475
3890.0 0.0570433305085
3895.0 0.0570439618644
3900.0 0.0570434661017
3905.0 0.0570435720339
3910.0 0.0570438347458
3915.0 0.0570436610169
3920.0 0.0570434449153
3925.0 0.0570440720339
3930.0 0.0570435762712
3935.0 0.0570436822034
3940.0 0.0570439449153
3945.0 0.0570437711864
3950.0 0.0570435550847
3955.0 0.0570441864407
3960.0 0.0570436864407
3965.0 0.0570437966102
3970.0 0.0570440550847
3975.0 0.0570438855932
3980.0 0.0570436652542
3985.0 0.0570442966102
3990.0 0.0570437584746
3995.0 0.0570438644068
4000.0 0.0570441271186
4005.0 0.0570439533898
4010.0 0.0570437372881
4015.0 0.0570443686441
4020.0 0.0570438262712
4025.0 0.0570439364407
4030.0 0.0570441567797
4035.0 0.0570440254237
4040.0 0.0570437669492
4045.0 0.0570443940678
4050.0 0.0570438559322
4055.0 0.0570440084746
4060.0 0.0570442245763
4065.0 0.0570440550847
4070.0 0.0570438389831
4075.0 0.0570444237288
4080.0 0.0570438855932
4085.0 0.0570440381356
4090.0 0.0570442542373
4095.0 0.0570440847458
4100.0 0.0570438262712
4105.0 0.0570444533898
4110.0 0.0570439152542
4115.0 0.0570440254237
4120.0 0.0570442415254
4125.0 0.0570440720339
4130.0 0.0570438559322
4135.0 0.0570444872881
4140.0 0.0570439449153
4145.0 0.0570440550847
4150.0 0.0570442754237
4155.0 0.0570441016949
4160.0 0.0570438432203
4165.0 0.0570444745763
4170.0 0.0570439364407
4175.0 0.0570440423729
4180.0 0.0570442627119
4185.0 0.0570440932203
4190.0 0.0570438347458
4195.0 0.0570444618644
4200.0 0.0570439237288
4205.0 0.0570440338983
4210.0 0.0570442542373
4215.0 0.0570440805085
4220.0 0.0570438220339
4225.0 0.0570444110169
4230.0 0.0570438728814
4235.0 0.0570439788136
4240.0 0.0570441991525
4245.0 0.057044029661
4250.0 0.0570438135593
4255.0 0.0570444025424
4260.0 0.0570438601695
4265.0 0.057043970339
4270.0 0.057044190678
4275.0 0.0570440211864
4280.0 0.0570437627119
4285.0 0.0570443474576
4290.0 0.057043809322
4295.0 0.0570439194915
4300.0 0.0570441398305
4305.0 0.057043970339
4310.0 0.0570437118644
4315.0 0.0570443389831
4320.0 0.0570447457627
4325.0 0.0570462881356
4330.0 0.0570421398305
4335.0 0.0570419279661
4340.0 0.0570444618644
4345.0 0.0570448516949
4350.0 0.0570441567797
4355.0 0.0570432754237
4360.0 0.0570434872881
4365.0 0.0570439491525
4370.0 0.0570445805085
4375.0 0.0570446016949
4380.0 0.0570459364407
4385.0 0.0570419957627
4390.0 0.0570420381356
4395.0 0.0570444067797
4400.0 0.0570445847458
4405.0 0.057044059322
4410.0 0.0570454745763
4415.0 0.0570421525424
4420.0 0.0570431059322
4425.0 0.0570453220339
4430.0 0.0570424110169
4435.0 0.0570449322034
4440.0 0.0570436271186
4445.0 0.0570419491525
4450.0 0.0570432457627
4455.0 0.0570441016949
4460.0 0.0570445211864
4465.0 0.0570456610169
4470.0 0.0570435042373
4475.0 0.0570412923729
4480.0 0.0570432923729
4485.0 0.0570443516949
4490.0 0.0570442161017
4495.0 0.0570436610169
4500.0 0.0570426567797
4505.0 0.057043529661
4510.0 0.0570441313559
4515.0 0.0570458008475
4520.0 0.0570444279661
4525.0 0.0570424618644
4530.0 0.0570431652542
4535.0 0.0570418771186
4540.0 0.0570436737288
4545.0 0.0570453389831
4550.0 0.0570440042373
4555.0 0.0570432288136
4560.0 0.0570427415254
4565.0 0.0570442923729
4570.0 0.0570441440678
4575.0 0.0570431101695
4580.0 0.0570426652542
4585.0 0.0570461016949
4590.0 0.0570425974576
4595.0 0.057041059322
4600.0 0.057046059322
4605.0 0.0570429322034
4610.0 0.057041309322
4615.0 0.0570454194915
4620.0 0.0570428050847
4625.0 0.0570416016949
4630.0 0.0570430254237
4635.0 0.0570418177966
4640.0 0.0570436186441
4645.0 0.057044559322
4650.0 0.0570413135593
4655.0 0.0570443432203
4660.0 0.0570435042373
4665.0 0.0570416610169
4670.0 0.0570425762712
4675.0 0.057043470339
4680.0 0.0570440635593
4685.0 0.0570452033898
4690.0 0.0570431313559
4695.0 0.0570407118644
4700.0 0.0570451355932
4705.0 0.0570422330508
4710.0 0.0570428008475
4715.0 0.0570439194915
4720.0 0.0570436440678
4725.0 0.0570436737288
4730.0 0.0570424237288
4735.0 0.0570433813559
4740.0 0.0570463305085
4745.0 0.0570428771186
4750.0 0.0570408389831
4755.0 0.0570457372881
4760.0 0.0570435127119
4765.0 0.057041559322
4770.0 0.0570450550847
4775.0 0.0570431313559
4780.0 0.0570443601695
4785.0 0.0570429067797
4790.0 0.0570400084746
4795.0 0.0570444661017
4800.0 0.0570435423729
4805.0 0.0570411652542
4810.0 0.0570443262712
4815.0 0.0570430508475
4820.0 0.0570433389831
4825.0 0.0570423898305
4830.0 0.0570421694915
4835.0 0.0570435762712
4840.0 0.0570428940678
4845.0 0.0570431144068
4850.0 0.057044470339
4855.0 0.0570427118644
4860.0 0.0570412457627
4865.0 0.0570420084746
4870.0 0.0570468940678
4875.0 0.0570389152542
4880.0 0.0570413644068
4885.0 0.0570445381356
4890.0 0.0570415932203
4895.0 0.0570427288136
4900.0 0.0570455211864
4905.0 0.0570397923729
4910.0 0.0570467415254
4915.0 0.0570400423729
4920.0 0.0570462711864
4925.0 0.0570406355932
4930.0 0.0570482457627
4935.0 0.0570441186441
4940.0 0.0570369661017
4945.0 0.0570462415254
4950.0 0.057041529661
4955.0 0.0570501949153
4960.0 0.0570351822034
4965.0 0.0570498177966
4970.0 0.057030029661
4975.0 0.0570465635593
4980.0 0.0570411822034
4985.0 0.0570403474576
4990.0 0.0570471610169
4995.0 0.0570405720339
5000.0 0.0570427754237
