5.0 21.9973683225
10.0 14.0154856729
15.0 5.14908015
20.0 0.849648622881
25.0 -0.151799997458
30.0 -0.0260617974576
35.0 0.160819960169
40.0 0.223371053814
45.0 0.223714400424
50.0 0.218504985169
55.0 0.218328477542
60.0 0.219834603814
65.0 0.219517810169
70.0 0.21830627161
75.0 0.217441682627
80.0 0.217287877119
85.0 0.217367660169
90.0 0.217603424576
95.0 0.217871884322
100.0 0.218195168644
105.0 0.218707598729
110.0 0.219209791102
115.0 0.219583116949
120.0 0.219837654237
125.0 0.219789734746
130.0 0.219533226695
135.0 0.219002600424
140.0 0.218154359746
145.0 0.216927197881
150.0 0.215434238559
155.0 0.213599300424
160.0 0.21156142839
165.0 0.209177810169
170.0 0.206774302119
175.0 0.204141122458
180.0 0.201389180932
185.0 0.198748992797
190.0 0.196076041525
195.0 0.193324652966
200.0 0.190586150763
205.0 0.187954020678
210.0 0.185395918771
215.0 0.182870852839
220.0 0.180358330339
225.0 0.177901943941
230.0 0.175580615636
235.0 0.173348359915
240.0 0.171139015847
245.0 0.169062404153
250.0 0.167125130678
255.0 0.165343375678
260.0 0.16374000822
265.0 0.162334149025
270.0 0.161156093941
275.0 0.16021110322
280.0 0.159533498771
285.0 0.159123767288
290.0 0.159010380975
295.0 0.159177377627
300.0 0.15964103178
305.0 0.160399671525
310.0 0.161431425763
315.0 0.162732209915
320.0 0.164253615085
325.0 0.166013215508
330.0 0.167917985805
335.0 0.169930118178
340.0 0.172098950847
345.0 0.17438574822
350.0 0.176581388898
355.0 0.178790184449
360.0 0.180863165805
365.0 0.182925369958
370.0 0.184800116271
375.0 0.186573675593
380.0 0.188240380212
385.0 0.189670776822
390.0 0.191056742458
395.0 0.192230601992
400.0 0.193251171992
405.0 0.194139987458
410.0 0.19488263178
415.0 0.195481659958
420.0 0.195978350297
425.0 0.196346525169
430.0 0.196628742203
435.0 0.196790946102
440.0 0.196887903008
445.0 0.196887844025
450.0 0.196844312034
455.0 0.196709577924
460.0 0.196535063602
465.0 0.196286807712
470.0 0.196014548347
475.0 0.195679071102
480.0 0.195327186992
485.0 0.194921625508
490.0 0.194508232797
495.0 0.194048124746
500.0 0.193587147627
505.0 0.193083321483
510.0 0.192584229873
515.0 0.192044715636
520.0 0.191511588136
525.0 0.19093944928
530.0 0.190375475975
535.0 0.189771732712
540.0 0.189194477797
545.0 0.188578969788
550.0 0.187943286653
555.0 0.187292410508
560.0 0.18663176339
565.0 0.185967479322
570.0 0.18525285822
575.0 0.184512452839
580.0 0.183861278941
585.0 0.183159084068
590.0 0.182463417458
595.0 0.181718100212
600.0 0.181006563136
605.0 0.180232358856
610.0 0.179514952839
615.0 0.1788452925
620.0 0.178149487246
625.0 0.177397453008
630.0 0.176680273475
635.0 0.175951277712
640.0 0.175227645169
645.0 0.174491984449
650.0 0.17380316839
655.0 0.173114614364
660.0 0.172447525127
665.0 0.171755104915
670.0 0.171082327119
675.0 0.170385784703
680.0 0.169748842754
685.0 0.169066951441
690.0 0.168485553347
695.0 0.16785458911
700.0 0.167224921102
705.0 0.166620515678
710.0 0.166044741737
715.0 0.165445756144
720.0 0.164867220932
725.0 0.164283698941
730.0 0.163723594534
735.0 0.163195491737
740.0 0.162651826271
745.0 0.16212927178
750.0 0.161628925636
755.0 0.161094284025
760.0 0.160603013644
765.0 0.160108854703
770.0 0.159647871525
775.0 0.159185345254
780.0 0.158732758475
785.0 0.158279785042
790.0 0.157838754873
795.0 0.157394360381
800.0 0.156991683771
805.0 0.156581541568
810.0 0.156204785254
815.0 0.155813858136
820.0 0.15543414072
825.0 0.155043226525
830.0 0.154706248136
835.0 0.154355691144
840.0 0.154018207669
845.0 0.153667916398
850.0 0.153366390763
855.0 0.153051539703
860.0 0.152754759831
865.0 0.15245623339
870.0 0.152180538305
875.0 0.151898635678
880.0 0.151644126398
885.0 0.151378716102
890.0 0.151134144958
895.0 0.150881544322
900.0 0.150681292712
905.0 0.15044526661
910.0 0.150238005805
915.0 0.150035849873
920.0 0.149860702966
925.0 0.149660628814
930.0 0.149487922034
935.0 0.149314091186
940.0 0.149160616992
945.0 0.14901069072
950.0 0.148871267246
955.0 0.148723558475
960.0 0.148608537754
965.0 0.148480157415
970.0 0.14837215322
975.0 0.148254550678
980.0 0.148167560297
985.0 0.148064880339
990.0 0.147983848136
995.0 0.147892073729
1000.0 0.147828115763
1005.0 0.14775079839
1010.0 0.147693477373
1015.0 0.14762312661
1020.0 0.147580846737
1025.0 0.147524656525
1030.0 0.147486175254
1035.0 0.147435470847
1040.0 0.147410591483
1045.0 0.147372140212
1050.0 0.147349746864
1055.0 0.147314919492
1060.0 0.147304222161
1065.0 0.147280164322
1070.0 0.147270767415
1075.0 0.147248556144
1080.0 0.147249245593
1085.0 0.147236489958
1090.0 0.147237294619
1095.0 0.147224777331
1100.0 0.147234227669
1105.0 0.147230064153
1110.0 0.147238444619
1115.0 0.147233037881
1120.0 0.147248877542
1125.0 0.147250934449
1130.0 0.147264688475
1135.0 0.147264189915
1140.0 0.147284470763
1145.0 0.1472907575
1150.0 0.147308063898
1155.0 0.147312559746
1160.0 0.147336857754
1165.0 0.147341273051
1170.0 0.147361454958
1175.0 0.147368656441
1180.0 0.147391579958
1185.0 0.147396922669
1190.0 0.147423640508
1195.0 0.147437954619
1200.0 0.147452696059
1205.0 0.147460516356
1210.0 0.147486261653
1215.0 0.147496511186
1220.0 0.14751733161
1225.0 0.147528966441
1230.0 0.147546623729
1235.0 0.147554138559
1240.0 0.147579789788
1245.0 0.147594648771
1250.0 0.147609995169
1255.0 0.147622891737
1260.0 0.147650413093
1265.0 0.147657198898
1270.0 0.147674620339
1275.0 0.147685573051
1280.0 0.147714341653
1285.0 0.147725152246
1290.0 0.147753257585
1295.0 0.147750627076
1300.0 0.147779310085
1305.0 0.147785550763
1310.0 0.147812699407
1315.0 0.147830746441
1320.0 0.147849265932
1325.0 0.147860269195
1330.0 0.147882205975
1335.0 0.147897885975
1340.0 0.147922990975
1345.0 0.147940222542
1350.0 0.147965851822
1355.0 0.147976337034
1360.0 0.148003814619
1365.0 0.148021052754
1370.0 0.148047715847
1375.0 0.148069301992
1380.0 0.148096828686
1385.0 0.148111753136
1390.0 0.148141212627
1395.0 0.148162170169
1400.0 0.1481933575
1405.0 0.148216713856
1410.0 0.14824935839
1415.0 0.148266942797
1420.0 0.148300545593
1425.0 0.14832581589
1430.0 0.148359663729
1435.0 0.148388137797
1440.0 0.148422383814
1445.0 0.14844661178
1450.0 0.14848270572
1455.0 0.148512628347
1460.0 0.148550365847
1465.0 0.14858319572
1470.0 0.148621374195
1475.0 0.148649025763
1480.0 0.148688501398
1485.0 0.148722822627
1490.0 0.148764238644
1495.0 0.148800238517
1500.0 0.148842731229
1505.0 0.14887346839
1510.0 0.148917046441
1515.0 0.148955428263
1520.0 0.148999167288
1525.0 0.149038888644
1530.0 0.149085230381
1535.0 0.149118248559
1540.0 0.149165972203
1545.0 0.149205618517
1550.0 0.149254605
1555.0 0.149294404661
1560.0 0.149344553475
1565.0 0.149380446737
1570.0 0.149429689492
1575.0 0.14947280428
1580.0 0.149522505169
1585.0 0.149565773305
1590.0 0.149616891017
1595.0 0.149654939449
1600.0 0.149705956229
1605.0 0.149750675678
1610.0 0.149801684661
1615.0 0.149846303305
1620.0 0.149898602288
1625.0 0.149937916653
1630.0 0.149989860551
1635.0 0.1500354225
1640.0 0.150087104492
1645.0 0.15013226911
1650.0 0.150184987161
1655.0 0.150224974788
1660.0 0.150277041144
1665.0 0.150322852881
1670.0 0.150374360975
1675.0 0.150419521144
1680.0 0.150471938432
1685.0 0.15051192178
1690.0 0.150563475508
1695.0 0.150608817119
1700.0 0.15065964322
1705.0 0.150704121483
1710.0 0.150755602754
1715.0 0.150795031441
1720.0 0.150845437331
1725.0 0.150889843093
1730.0 0.150939352034
1735.0 0.150982682627
1740.0 0.151032677415
1745.0 0.151074983729
1750.0 0.151115852669
1755.0 0.151162373771
1760.0 0.151206540254
1765.0 0.151255502754
1770.0 0.151303587966
1775.0 0.15133750178
1780.0 0.151383452119
1785.0 0.151423529576
1790.0 0.151468031949
1795.0 0.15151398322
1800.0 0.151559353559
1805.0 0.151593137415
1810.0 0.151636246144
1815.0 0.151681829025
1820.0 0.15171641411
1825.0 0.151756472839
1830.0 0.151804296737
1835.0 0.151831426568
1840.0 0.151878303602
1845.0 0.151912147076
1850.0 0.151950966186
1855.0 0.151991234025
1860.0 0.152032785042
1865.0 0.152061395085
1870.0 0.152103142924
1875.0 0.152136009364
1880.0 0.152172410975
1885.0 0.152209879915
1890.0 0.15224901339
1895.0 0.152277622246
1900.0 0.152320552754
1905.0 0.15235070572
1910.0 0.152378587754
1915.0 0.152410803008
1920.0 0.152449168771
1925.0 0.15248086911
1930.0 0.152515195636
1935.0 0.152535262119
1940.0 0.152580558602
1945.0 0.152600397966
1950.0 0.152640499195
1955.0 0.15266452839
1960.0 0.15269563322
1965.0 0.152722816568
1970.0 0.152758830297
1975.0 0.152786208898
1980.0 0.152821057034
1985.0 0.152838048729
1990.0 0.152863220932
1995.0 0.152897857331
2000.0 0.152925312839
2005.0 0.152945061949
2010.0 0.152989993305
2015.0 0.153002237458
2020.0 0.153040500042
2025.0 0.1530651375
2030.0 0.153073860212
2035.0 0.153111956568
2040.0 0.153137308178
2045.0 0.153156331441
2050.0 0.153190356271
2055.0 0.153206051356
2060.0 0.15323299322
2065.0 0.153255833178
2070.0 0.153280845508
2075.0 0.1533046125
2080.0 0.153329864492
2085.0 0.153348100466
2090.0 0.153372117203
2095.0 0.153394278263
2100.0 0.153416789025
2105.0 0.15343991928
2110.0 0.153463729492
2115.0 0.153479591229
2120.0 0.153512460847
2125.0 0.153518097754
2130.0 0.153539675381
2135.0 0.153572463517
2140.0 0.153584071271
2145.0 0.153603660254
2150.0 0.153635002712
2155.0 0.153642249153
2160.0 0.153674206737
2165.0 0.153682715678
2170.0 0.153700252712
2175.0 0.153727764746
2180.0 0.153744192669
2185.0 0.153757837076
2190.0 0.153778181949
2195.0 0.153794487924
2200.0 0.15381096411
2205.0 0.153831060297
2210.0 0.153850327161
2215.0 0.153872655085
2220.0 0.153885542585
2225.0 0.153898966229
2230.0 0.153924723008
2235.0 0.153934351102
2240.0 0.153947516398
2245.0 0.153964672076
2250.0 0.153985273432
2255.0 0.154000475593
2260.0 0.154016781102
2265.0 0.154027638856
2270.0 0.154046014873
2275.0 0.154063127754
2280.0 0.154071270593
2285.0 0.154088336695
2290.0 0.154110489153
2295.0 0.154117192712
2300.0 0.154128410212
2305.0 0.1541463275
2310.0 0.154162392924
2315.0 0.154170137754
2320.0 0.154189702542
2325.0 0.154202382712
2330.0 0.154213809492
2335.0 0.154226812203
2340.0 0.15423567339
2345.0 0.154251129831
2350.0 0.154273790085
2355.0 0.154274518263
2360.0 0.154285436864
2365.0 0.154300644322
2370.0 0.154319926737
2375.0 0.154319493347
2380.0 0.154327704703
2385.0 0.15435051072
2390.0 0.154361892034
2395.0 0.154363286059
2400.0 0.154375579492
2405.0 0.154390398602
2410.0 0.15440013428
2415.0 0.154407728347
2420.0 0.154419662627
2425.0 0.154427622839
2430.0 0.154438898517
2435.0 0.154447489407
2440.0 0.154456928814
2445.0 0.154465835593
2450.0 0.154476540805
2455.0 0.154482636949
2460.0 0.154493065085
2465.0 0.154500850593
2470.0 0.154509230678
2475.0 0.154517544322
2480.0 0.154527402034
2485.0 0.154532353983
2490.0 0.154541468559
2495.0 0.15454866089
2500.0 0.15455682911
2505.0 0.154564040975
2510.0 0.154572076653
2515.0 0.154576393093
2520.0 0.154585634788
2525.0 0.154592064407
2530.0 0.154598410593
2535.0 0.154604478432
2540.0 0.154612641314
2545.0 0.154616661144
2550.0 0.154624462119
2555.0 0.154629366398
2560.0 0.154635458432
2565.0 0.154641568729
2570.0 0.1546485875
2575.0 0.154651124364
2580.0 0.154658374576
2585.0 0.154663278941
2590.0 0.154668650678
2595.0 0.154673405085
2600.0 0.154680084958
2605.0 0.154682621864
2610.0 0.154689151864
2615.0 0.154692658051
2620.0 0.154697182415
2625.0 0.154701852161
2630.0 0.154707684703
2635.0 0.154709077754
2640.0 0.154714802754
2645.0 0.15471826661
2650.0 0.154722579237
2655.0 0.154726147415
2660.0 0.154731005551
2665.0 0.154732017331
2670.0 0.154737742373
2675.0 0.154740697924
2680.0 0.154743908983
2685.0 0.154746799364
2690.0 0.154751488093
2695.0 0.154752288093
2700.0 0.154757335339
2705.0 0.154759443602
2710.0 0.154762188686
2715.0 0.154764867288
2720.0 0.154769174788
2725.0 0.154769381737
2730.0 0.15477383589
2735.0 0.154775520551
2740.0 0.154778011525
2745.0 0.154780266525
2750.0 0.154784065678
2755.0 0.154783764322
2760.0 0.154787837246
2765.0 0.154789225466
2770.0 0.154791377585
2775.0 0.154793166653
2780.0 0.154796499873
2785.0 0.154795859661
2790.0 0.154799678475
2795.0 0.154800727881
2800.0 0.154802456441
2805.0 0.154803821907
2810.0 0.154806816314
2815.0 0.154805922034
2820.0 0.15480948678
2825.0 0.154810197331
2830.0 0.154811544703
2835.0 0.154812571356
2840.0 0.154815311653
2845.0 0.154814163305
2850.0 0.154817431568
2855.0 0.154817760975
2860.0 0.154818811864
2865.0 0.154819584449
2870.0 0.154822113051
2875.0 0.154820710636
2880.0 0.154823640085
2885.0 0.154823715381
2890.0 0.154824554619
2895.0 0.154825115466
2900.0 0.154827347627
2905.0 0.154825691186
2910.0 0.154828366525
2915.0 0.154828018305
2920.0 0.154828518771
2925.0 0.154828952712
2930.0 0.154831100254
2935.0 0.154829316822
2940.0 0.154831695763
2945.0 0.15483117822
2950.0 0.154831594068
2955.0 0.154831858644
2960.0 0.154833752119
2965.0 0.154831672288
2970.0 0.154833671525
2975.0 0.154833109492
2980.0 0.154833568432
2985.0 0.1548339175
2990.0 0.154835220085
2995.0 0.154832714068
3000.0 0.154834884025
3005.0 0.154834491568
3010.0 0.154834528263
3015.0 0.154834325212
3020.0 0.154835627839
3025.0 0.154833333941
3030.0 0.154835334576
3035.0 0.15483456089
3040.0 0.154834385847
3045.0 0.154834140593
3050.0 0.154835401059
3055.0 0.154832937797
3060.0 0.154834769068
3065.0 0.154833868432
3070.0 0.154833820763
3075.0 0.154833872288
3080.0 0.154835090508
3085.0 0.154832161398
3090.0 0.15483361161
3095.0 0.15483258411
3100.0 0.154832536568
3105.0 0.154832333983
3110.0 0.154833255847
3115.0 0.154830284534
3120.0 0.154831777246
3125.0 0.154830834619
3130.0 0.154830617754
3135.0 0.154830118729
3140.0 0.154830871271
3145.0 0.154827942458
3150.0 0.154829477669
3155.0 0.154828492797
3160.0 0.154828064237
3165.0 0.154827353517
3170.0 0.154828063814
3175.0 0.154825135127
3180.0 0.154826712839
3185.0 0.154825558602
3190.0 0.154824960678
3195.0 0.154824165339
3200.0 0.154824918136
3205.0 0.154821989619
3210.0 0.154823440297
3215.0 0.154822201483
3220.0 0.154821518941
3225.0 0.154820638983
3230.0 0.154821349576
3235.0 0.154818421144
3240.0 0.154819829576
3245.0 0.154818506144
3250.0 0.154817738983
3255.0 0.15481681678
3260.0 0.154817527458
3265.0 0.15481455678
3270.0 0.154815922966
3275.0 0.154814514915
3280.0 0.154813705508
3285.0 0.154812783432
3290.0 0.154813451822
3295.0 0.154810438898
3300.0 0.154811762839
3305.0 0.1548103125
3310.0 0.154809460805
3315.0 0.154808496483
3320.0 0.154809165
3325.0 0.154806152203
3330.0 0.154807433814
3335.0 0.154805941229
3340.0 0.154805047288
3345.0 0.154804125424
3350.0 0.154804751695
3355.0 0.15480169661
3360.0 0.154802978347
3365.0 0.154801443475
3370.0 0.154800549619
3375.0 0.154799627839
3380.0 0.154800254195
3385.0 0.154797199195
3390.0 0.154798438644
3395.0 0.154796903898
3400.0 0.154796010127
3405.0 0.154795046059
3410.0 0.154795714873
3415.0 0.154792617585
3420.0 0.154793857161
3425.0 0.154792364831
3430.0 0.154791471186
3435.0 0.154790507203
3440.0 0.154791133729
3445.0 0.154788078898
3450.0 0.154789318517
3455.0 0.154787783941
3460.0 0.154786932712
3465.0 0.154785968771
3470.0 0.154786637754
3475.0 0.154783583008
3480.0 0.154784822712
3485.0 0.154783330551
3490.0 0.154782437034
3495.0 0.154781515593
3500.0 0.154782184619
3505.0 0.154779129958
3510.0 0.154780369703
3515.0 0.154778877669
3520.0 0.154778068941
3525.0 0.154777147542
3530.0 0.154777816653
3535.0 0.154774804407
3540.0 0.15477604428
3545.0 0.154774594661
3550.0 0.154773786017
3555.0 0.154772907119
3560.0 0.154773618559
3565.0 0.154770606398
3570.0 0.154771888729
3575.0 0.154770439153
3580.0 0.154769672924
3585.0 0.154768836441
3590.0 0.154769547966
3595.0 0.154766705212
3600.0 0.154767987585
3605.0 0.154766495636
3610.0 0.154765814449
3615.0 0.154764978093
3620.0 0.154765647246
3625.0 0.154762592712
3630.0 0.15476396
3635.0 0.154762764746
3640.0 0.154762083347
3645.0 0.154761289364
3650.0 0.154761916186
3655.0 0.154759031271
3660.0 0.154760356017
3665.0 0.154759287839
3670.0 0.154758606568
3675.0 0.154757812627
3680.0 0.15475852428
3685.0 0.15475568178
3690.0 0.154757176186
3695.0 0.154755981017
3700.0 0.154755257585
3705.0 0.154754421398
3710.0 0.154755345085
3715.0 0.154752629788
3720.0 0.154754166653
3725.0 0.15475288678
3730.0 0.15475216322
3735.0 0.154751538814
3740.0 0.154752462542
3745.0 0.154749704873
3750.0 0.154751156992
3755.0 0.154749919492
3760.0 0.154749323093
3765.0 0.154748741102
3770.0 0.154749622458
3775.0 0.154746864831
3780.0 0.154748359322
3785.0 0.154747121864
3790.0 0.154746567881
3795.0 0.15474598589
3800.0 0.154746867288
3805.0 0.154744152034
3810.0 0.154745688941
3815.0 0.154744493856
3820.0 0.154743939915
3825.0 0.154743400297
3830.0 0.154744281695
3835.0 0.154741566525
3840.0 0.154743103432
3845.0 0.154741950763
3850.0 0.154741439195
3855.0 0.154740899619
3860.0 0.15474182339
3865.0 0.15473910822
3870.0 0.154740687542
3875.0 0.154739534873
3880.0 0.154739065678
3885.0 0.154738526144
3890.0 0.154739449958
3895.0 0.154736777161
3900.0 0.154738398856
3905.0 0.154737246229
3910.0 0.154736777076
3915.0 0.154736279915
3920.0 0.154737203729
3925.0 0.154734573347
3930.0 0.154736195042
3935.0 0.154735084831
3940.0 0.154734615678
3945.0 0.154734118517
3950.0 0.154735084746
3955.0 0.154732454364
3960.0 0.154734076102
3965.0 0.15473300822
3970.0 0.15473253911
3975.0 0.154732084322
3980.0 0.154733092966
3985.0 0.154730462585
3990.0 0.154732126695
3995.0 0.154731058856
4000.0 0.154730589746
4005.0 0.154730135
4010.0 0.154731186017
4015.0 0.154728555636
4020.0 0.154730219788
4025.0 0.154729194322
4030.0 0.154728767585
4035.0 0.154728312839
4040.0 0.154729363856
4045.0 0.15472677589
4050.0 0.154728440042
4055.0 0.154727414576
4060.0 0.154727030254
4065.0 0.154726617881
4070.0 0.154727668941
4075.0 0.154725080932
4080.0 0.1547267875
4085.0 0.154725762034
4090.0 0.154725377712
4095.0 0.154724965381
4100.0 0.154726058771
4105.0 0.154723470805
4110.0 0.154725219746
4115.0 0.154724194322
4120.0 0.154723852373
4125.0 0.154723440042
4130.0 0.154724533432
4135.0 0.154721987881
4140.0 0.15472373678
4145.0 0.154722711398
4150.0 0.154722369407
4155.0 0.154721999492
4160.0 0.154723092924
4165.0 0.154720589703
4170.0 0.154722338644
4175.0 0.154721355593
4180.0 0.154721013644
4185.0 0.154720643729
4190.0 0.154721779534
4195.0 0.154719233983
4200.0 0.154721025297
4205.0 0.154720042246
4210.0 0.154719742669
4215.0 0.154719372754
4220.0 0.154720508559
4225.0 0.154718005381
4230.0 0.154719796695
4235.0 0.154718856059
4240.0 0.154718556483
4245.0 0.154718186568
4250.0 0.154719364746
4255.0 0.154716861568
4260.0 0.154718652881
4265.0 0.154717712246
4270.0 0.154717412669
4275.0 0.154717085127
4280.0 0.154718263347
4285.0 0.154715760169
4290.0 0.154717551483
4295.0 0.15471665322
4300.0 0.154716396017
4305.0 0.154716068475
4310.0 0.154717246695
4315.0 0.15471478589
4320.0 0.154713656992
4325.0 0.154708084492
4330.0 0.154720815169
4335.0 0.154723390932
4340.0 0.154714660297
4345.0 0.154711068898
4350.0 0.154711399661
4355.0 0.154717371314
4360.0 0.154718103347
4365.0 0.154715425551
4370.0 0.154710252585
4375.0 0.154710606695
4380.0 0.154707449661
4385.0 0.154720646525
4390.0 0.154721908729
4395.0 0.154711864449
4400.0 0.154708908602
4405.0 0.154710341271
4410.0 0.15470851678
4415.0 0.154720637669
4420.0 0.15471695822
4425.0 0.154706313008
4430.0 0.154715551695
4435.0 0.154709354322
4440.0 0.15471453322
4445.0 0.154719503602
4450.0 0.154712334703
4455.0 0.154709746229
4460.0 0.154708189873
4465.0 0.154705582161
4470.0 0.154713398856
4475.0 0.154720174322
4480.0 0.154712585678
4485.0 0.154707681907
4490.0 0.154708054449
4495.0 0.154710212203
4500.0 0.154716452712
4505.0 0.154712757966
4510.0 0.15470741589
4515.0 0.154701345678
4520.0 0.154708144322
4525.0 0.154715636483
4530.0 0.154714071441
4535.0 0.154716275551
4540.0 0.154708189703
4545.0 0.154701485
4550.0 0.154708308983
4555.0 0.154713804195
4560.0 0.154715016186
4565.0 0.154706608051
4570.0 0.154704738771
4575.0 0.154710180847
4580.0 0.154714537924
4585.0 0.154703500127
4590.0 0.154711282246
4595.0 0.154715174195
4600.0 0.154701892754
4605.0 0.154711579576
4610.0 0.154715682712
4615.0 0.154703587712
4620.0 0.154710817246
4625.0 0.154712929153
4630.0 0.154710559364
4635.0 0.154715261695
4640.0 0.154707260678
4645.0 0.154702122627
4650.0 0.154715259831
4655.0 0.154706180805
4660.0 0.154707969492
4665.0 0.154713066864
4670.0 0.154708609831
4675.0 0.154707885508
4680.0 0.154705227288
4685.0 0.154700373729
4690.0 0.154707851525
4695.0 0.154717084746
4700.0 0.154701403475
4705.0 0.154709752924
4710.0 0.154708530466
4715.0 0.154705173814
4720.0 0.154706955297
4725.0 0.154705586864
4730.0 0.154709298347
4735.0 0.154707712288
4740.0 0.154697226653
4745.0 0.154707008517
4750.0 0.154715807288
4755.0 0.154701042627
4760.0 0.154705271949
4765.0 0.154710637924
4770.0 0.154702017542
4775.0 0.154708577627
4780.0 0.154701061441
4785.0 0.15470856661
4790.0 0.154717503814
4795.0 0.154702402415
4800.0 0.154705362669
4805.0 0.154712071441
4810.0 0.154705323814
4815.0 0.154705827712
4820.0 0.154702669788
4825.0 0.154710390805
4830.0 0.154710428517
4835.0 0.154705033983
4840.0 0.154706502076
4845.0 0.154705169576
4850.0 0.154703256695
4855.0 0.154706529322
4860.0 0.154712407754
4865.0 0.154711292585
4870.0 0.154692245339
4875.0 0.154717638814
4880.0 0.154712253475
4885.0 0.154701598686
4890.0 0.154708162373
4895.0 0.154705547627
4900.0 0.154700505042
4905.0 0.154714501695
4910.0 0.154693995424
4915.0 0.154714182839
4920.0 0.154695486525
4925.0 0.154716086441
4930.0 0.154685766822
4935.0 0.154698825678
4940.0 0.154731017797
4945.0 0.154696263644
4950.0 0.154702512669
4955.0 0.154688452331
4960.0 0.15473098911
4965.0 0.154680361314
4970.0 0.154753192881
4975.0 0.154683603941
4980.0 0.154710194873
4985.0 0.154721621229
4990.0 0.154682403475
4995.0 0.154712274619
5000.0 0.154712034068
