/*--------------------------------*- C++ -*----------------------------------*\
| =========                 |                                                 |
| \\      /  F ield         | OpenFOAM: The Open Source CFD Toolbox           |
|  \\    /   O peration     | Version:  2.3.0                                 |
|   \\  /    A nd           | Web:      www.OpenFOAM.org                      |
|    \\/     M anipulation  |                                                 |
\*---------------------------------------------------------------------------*/
FoamFile
{
    version     2.0;
    format      ascii;
    class       labelList;
    note        "nPoints:15734  nCells:7826  nFaces:31419  nInternalFaces:15537";
    location    "constant/polyMesh";
    object      neighbour;
}
// * * * * * * * * * * * * * * * * * * * * * * * * * * * * * * * * * * * * * //


15537
(
1
15
854
4674
2
16
853
3
17
852
4
18
851
5
19
850
6
20
849
7
21
848
8
22
847
9
23
846
10
24
845
11
25
844
12
26
843
13
27
842
14
28
841
29
210
840
16
30
5885
17
31
18
32
19
33
20
34
21
35
22
36
23
37
24
38
25
39
26
40
27
41
28
42
29
43
44
225
31
45
3128
32
46
33
47
34
48
35
49
36
50
37
51
38
52
39
53
40
54
41
55
42
56
43
57
44
58
59
240
46
60
6358
47
61
48
62
49
63
50
64
51
65
52
66
53
67
54
68
55
69
56
70
57
71
58
72
59
73
74
255
61
75
4694
62
76
63
77
64
78
65
79
66
80
67
81
68
82
69
83
70
84
71
85
72
86
73
87
74
88
89
270
76
90
5035
77
91
78
92
79
93
80
94
81
95
82
96
83
97
84
98
85
99
86
100
87
101
88
102
89
103
104
285
91
105
4118
92
106
93
107
94
108
95
109
96
110
97
111
98
112
99
113
100
114
101
115
102
116
103
117
104
118
119
300
106
120
5812
107
121
108
122
109
123
110
124
111
125
112
126
113
127
114
128
115
129
116
130
117
131
118
132
119
133
134
315
121
135
5443
122
136
123
137
124
138
125
139
126
140
127
141
128
142
129
143
130
144
131
145
132
146
133
147
134
148
149
330
136
150
5495
137
151
138
152
139
153
140
154
141
155
142
156
143
157
144
158
145
159
146
160
147
161
148
162
149
163
164
345
151
165
4385
152
166
153
167
154
168
155
169
156
170
157
171
158
172
159
173
160
174
161
175
162
176
163
177
164
178
179
360
166
180
5447
167
181
168
182
169
183
170
184
171
185
172
186
173
187
174
188
175
189
176
190
177
191
178
192
179
193
194
375
181
195
4936
182
196
183
197
184
198
185
199
186
200
187
201
188
202
189
203
190
204
191
205
192
206
193
207
194
208
209
390
196
5176
5425
197
7250
198
7594
199
7482
200
6504
201
6391
202
5629
203
5774
204
6189
205
6479
206
7156
207
6899
208
6403
209
5001
405
3953
211
225
1965
212
226
1966
213
227
1967
214
228
1968
215
229
1969
216
230
1970
217
231
1971
218
232
1972
219
233
1973
220
234
1974
221
235
1975
222
236
1976
223
237
1977
224
238
1978
239
1979
5903
226
240
227
241
228
242
229
243
230
244
231
245
232
246
233
247
234
248
235
249
236
250
237
251
238
252
239
253
254
4218
241
255
242
256
243
257
244
258
245
259
246
260
247
261
248
262
249
263
250
264
251
265
252
266
253
267
254
268
269
3777
256
270
257
271
258
272
259
273
260
274
261
275
262
276
263
277
264
278
265
279
266
280
267
281
268
282
269
283
284
5594
271
285
272
286
273
287
274
288
275
289
276
290
277
291
278
292
279
293
280
294
281
295
282
296
283
297
284
298
299
6192
286
300
287
301
288
302
289
303
290
304
291
305
292
306
293
307
294
308
295
309
296
310
297
311
298
312
299
313
314
5518
301
315
302
316
303
317
304
318
305
319
306
320
307
321
308
322
309
323
310
324
311
325
312
326
313
327
314
328
329
6859
316
330
317
331
318
332
319
333
320
334
321
335
322
336
323
337
324
338
325
339
326
340
327
341
328
342
329
343
344
3611
331
345
332
346
333
347
334
348
335
349
336
350
337
351
338
352
339
353
340
354
341
355
342
356
343
357
344
358
359
4990
346
360
347
361
348
362
349
363
350
364
351
365
352
366
353
367
354
368
355
369
356
370
357
371
358
372
359
373
374
6768
361
375
362
376
363
377
364
378
365
379
366
380
367
381
368
382
369
383
370
384
371
385
372
386
373
387
374
388
389
4169
376
390
377
391
378
392
379
393
380
394
381
395
382
396
383
397
384
398
385
399
386
400
387
401
388
402
389
403
404
4748
391
405
392
406
393
407
394
408
395
409
396
410
397
411
398
412
399
413
400
414
401
415
402
416
403
417
404
418
419
4481
406
5430
407
5246
408
5399
409
5194
410
6057
411
6162
412
6751
413
6025
414
5566
415
5147
416
6074
417
6208
418
6781
419
6194
5292
5705
421
435
1964
5902
422
436
1963
423
437
1962
424
438
1961
425
439
1960
426
440
1959
427
441
1958
428
442
1957
429
443
1956
430
444
1955
431
445
1954
432
446
1953
433
447
1952
434
448
1951
449
630
1950
436
450
4214
437
451
438
452
439
453
440
454
441
455
442
456
443
457
444
458
445
459
446
460
447
461
448
462
449
463
464
645
451
465
3774
452
466
453
467
454
468
455
469
456
470
457
471
458
472
459
473
460
474
461
475
462
476
463
477
464
478
479
660
466
480
5593
467
481
468
482
469
483
470
484
471
485
472
486
473
487
474
488
475
489
476
490
477
491
478
492
479
493
494
675
481
495
6191
482
496
483
497
484
498
485
499
486
500
487
501
488
502
489
503
490
504
491
505
492
506
493
507
494
508
509
690
496
510
5517
497
511
498
512
499
513
500
514
501
515
502
516
503
517
504
518
505
519
506
520
507
521
508
522
509
523
524
705
511
525
6858
512
526
513
527
514
528
515
529
516
530
517
531
518
532
519
533
520
534
521
535
522
536
523
537
524
538
539
720
526
540
3610
527
541
528
542
529
543
530
544
531
545
532
546
533
547
534
548
535
549
536
550
537
551
538
552
539
553
554
735
541
555
4989
542
556
543
557
544
558
545
559
546
560
547
561
548
562
549
563
550
564
551
565
552
566
553
567
554
568
569
750
556
570
6767
557
571
558
572
559
573
560
574
561
575
562
576
563
577
564
578
565
579
566
580
567
581
568
582
569
583
584
765
571
585
4167
572
586
573
587
574
588
575
589
576
590
577
591
578
592
579
593
580
594
581
595
582
596
583
597
584
598
599
780
586
600
4747
587
601
588
602
589
603
590
604
591
605
592
606
593
607
594
608
595
609
596
610
597
611
598
612
599
613
614
795
601
615
4478
602
616
603
617
604
618
605
619
606
620
607
621
608
622
609
623
610
624
611
625
612
626
613
627
614
628
629
810
616
5290
6163
617
6218
618
6771
619
6037
620
5560
621
5075
622
5985
623
6121
624
6734
625
6017
626
5568
627
5169
628
5383
629
5222
825
5403
631
645
3075
632
646
3076
633
647
3077
634
648
3078
635
649
3079
636
650
3080
637
651
3081
638
652
3082
639
653
3083
640
654
3084
641
655
3085
642
656
3086
643
657
3087
644
658
3088
659
3089
4667
646
660
647
661
648
662
649
663
650
664
651
665
652
666
653
667
654
668
655
669
656
670
657
671
658
672
659
673
674
5878
661
675
662
676
663
677
664
678
665
679
666
680
667
681
668
682
669
683
670
684
671
685
672
686
673
687
674
688
689
3124
676
690
677
691
678
692
679
693
680
694
681
695
682
696
683
697
684
698
685
699
686
700
687
701
688
702
689
703
704
6353
691
705
692
706
693
707
694
708
695
709
696
710
697
711
698
712
699
713
700
714
701
715
702
716
703
717
704
718
719
4676
706
720
707
721
708
722
709
723
710
724
711
725
712
726
713
727
714
728
715
729
716
730
717
731
718
732
719
733
734
5027
721
735
722
736
723
737
724
738
725
739
726
740
727
741
728
742
729
743
730
744
731
745
732
746
733
747
734
748
749
4104
736
750
737
751
738
752
739
753
740
754
741
755
742
756
743
757
744
758
745
759
746
760
747
761
748
762
749
763
764
5790
751
765
752
766
753
767
754
768
755
769
756
770
757
771
758
772
759
773
760
774
761
775
762
776
763
777
764
778
779
5421
766
780
767
781
768
782
769
783
770
784
771
785
772
786
773
787
774
788
775
789
776
790
777
791
778
792
779
793
794
5482
781
795
782
796
783
797
784
798
785
799
786
800
787
801
788
802
789
803
790
804
791
805
792
806
793
807
794
808
809
4365
796
810
797
811
798
812
799
813
800
814
801
815
802
816
803
817
804
818
805
819
806
820
807
821
808
822
809
823
824
5419
811
825
812
826
813
827
814
828
815
829
816
830
817
831
818
832
819
833
820
834
821
835
822
836
823
837
824
838
839
4913
826
3963
827
6363
828
6868
829
7116
830
7135
831
6457
832
6149
833
5734
834
5580
835
6341
836
6466
837
7454
838
7582
839
7224
5162
5389
841
855
842
856
843
857
844
858
845
859
846
860
847
861
848
862
849
863
850
864
851
865
852
866
853
867
854
868
869
3672
856
870
857
871
858
872
859
873
860
874
861
875
862
876
863
877
864
878
865
879
866
880
867
881
868
882
869
883
884
7462
871
885
872
886
873
887
874
888
875
889
876
890
877
891
878
892
879
893
880
894
881
895
882
896
883
897
884
898
899
5800
886
900
887
901
888
902
889
903
890
904
891
905
892
906
893
907
894
908
895
909
896
910
897
911
898
912
899
913
914
6677
901
915
902
916
903
917
904
918
905
919
906
920
907
921
908
922
909
923
910
924
911
925
912
926
913
927
914
928
929
4726
916
930
917
931
918
932
919
933
920
934
921
935
922
936
923
937
924
938
925
939
926
940
927
941
928
942
929
943
944
6582
931
945
932
946
933
947
934
948
935
949
936
950
937
951
938
952
939
953
940
954
941
955
942
956
943
957
944
958
959
5338
946
960
947
961
948
962
949
963
950
964
951
965
952
966
953
967
954
968
955
969
956
970
957
971
958
972
959
973
974
5374
961
975
962
976
963
977
964
978
965
979
966
980
967
981
968
982
969
983
970
984
971
985
972
986
973
987
974
988
989
4349
976
990
977
991
978
992
979
993
980
994
981
995
982
996
983
997
984
998
985
999
986
1000
987
1001
988
1002
989
1003
1004
5771
991
1005
992
1006
993
1007
994
1008
995
1009
996
1010
997
1011
998
1012
999
1013
1000
1014
1001
1015
1002
1016
1003
1017
1004
1018
1019
5365
1006
1020
1007
1021
1008
1022
1009
1023
1010
1024
1011
1025
1012
1026
1013
1027
1014
1028
1015
1029
1016
1030
1017
1031
1018
1032
1019
1033
1034
3385
1021
1035
1022
1036
1023
1037
1024
1038
1025
1039
1026
1040
1027
1041
1028
1042
1029
1043
1030
1044
1031
1045
1032
1046
1033
1047
1034
1048
1049
3830
1036
1050
1037
1051
1038
1052
1039
1053
1040
1054
1041
1055
1042
1056
1043
1057
1044
1058
1045
1059
1046
1060
1047
1061
1048
1062
1049
1063
1064
5975
1051
1065
1052
1066
1053
1067
1054
1068
1055
1069
1056
1070
1057
1071
1058
1072
1059
1073
1060
1074
1061
1075
1062
1076
1063
1077
1064
1078
1079
6339
1066
1080
1067
1081
1068
1082
1069
1083
1070
1084
1071
1085
1072
1086
1073
1087
1074
1088
1075
1089
1076
1090
1077
1091
1078
1092
1079
1093
1094
5883
1081
1095
1082
1096
1083
1097
1084
1098
1085
1099
1086
1100
1087
1101
1088
1102
1089
1103
1090
1104
1091
1105
1092
1106
1093
1107
1094
1108
1109
5610
1096
1110
1097
1111
1098
1112
1099
1113
1100
1114
1101
1115
1102
1116
1103
1117
1104
1118
1105
1119
1106
1120
1107
1121
1108
1122
1109
1123
1124
3941
1111
1125
1112
1126
1113
1127
1114
1128
1115
1129
1116
1130
1117
1131
1118
1132
1119
1133
1120
1134
1121
1135
1122
1136
1123
1137
1124
1138
1139
3719
1126
1140
1127
1141
1128
1142
1129
1143
1130
1144
1131
1145
1132
1146
1133
1147
1134
1148
1135
1149
1136
1150
1137
1151
1138
1152
1139
1153
1154
5835
1141
1155
1142
1156
1143
1157
1144
1158
1145
1159
1146
1160
1147
1161
1148
1162
1149
1163
1150
1164
1151
1165
1152
1166
1153
1167
1154
1168
1169
3801
1156
1170
1157
1171
1158
1172
1159
1173
1160
1174
1161
1175
1162
1176
1163
1177
1164
1178
1165
1179
1166
1180
1167
1181
1168
1182
1169
1183
1184
6182
1171
1185
1172
1186
1173
1187
1174
1188
1175
1189
1176
1190
1177
1191
1178
1192
1179
1193
1180
1194
1181
1195
1182
1196
1183
1197
1184
1198
1199
5830
1186
1200
1187
1201
1188
1202
1189
1203
1190
1204
1191
1205
1192
1206
1193
1207
1194
1208
1195
1209
1196
1210
1197
1211
1198
1212
1199
1213
1214
3282
1201
1215
1202
1216
1203
1217
1204
1218
1205
1219
1206
1220
1207
1221
1208
1222
1209
1223
1210
1224
1211
1225
1212
1226
1213
1227
1214
1228
1229
5461
1216
1230
1217
1231
1218
1232
1219
1233
1220
1234
1221
1235
1222
1236
1223
1237
1224
1238
1225
1239
1226
1240
1227
1241
1228
1242
1229
1243
1244
7304
1231
1245
1232
1246
1233
1247
1234
1248
1235
1249
1236
1250
1237
1251
1238
1252
1239
1253
1240
1254
1241
1255
1242
1256
1243
1257
1244
1258
1259
6660
1246
1260
1247
1261
1248
1262
1249
1263
1250
1264
1251
1265
1252
1266
1253
1267
1254
1268
1255
1269
1256
1270
1257
1271
1258
1272
1259
1273
1274
3184
1261
1275
1262
1276
1263
1277
1264
1278
1265
1279
1266
1280
1267
1281
1268
1282
1269
1283
1270
1284
1271
1285
1272
1286
1273
1287
1274
1288
1289
6235
1276
1290
1277
1291
1278
1292
1279
1293
1280
1294
1281
1295
1282
1296
1283
1297
1284
1298
1285
1299
1286
1300
1287
1301
1288
1302
1289
1303
1304
4690
1291
1305
1292
1306
1293
1307
1294
1308
1295
1309
1296
1310
1297
1311
1298
1312
1299
1313
1300
1314
1301
1315
1302
1316
1303
1317
1304
1318
1319
4911
1306
1320
1307
1321
1308
1322
1309
1323
1310
1324
1311
1325
1312
1326
1313
1327
1314
1328
1315
1329
1316
1330
1317
1331
1318
1332
1319
1333
1334
3911
1321
1335
1322
1336
1323
1337
1324
1338
1325
1339
1326
1340
1327
1341
1328
1342
1329
1343
1330
1344
1331
1345
1332
1346
1333
1347
1334
1348
1349
6328
1336
1350
1337
1351
1338
1352
1339
1353
1340
1354
1341
1355
1342
1356
1343
1357
1344
1358
1345
1359
1346
1360
1347
1361
1348
1362
1349
1363
1364
6706
1351
1365
1352
1366
1353
1367
1354
1368
1355
1369
1356
1370
1357
1371
1358
1372
1359
1373
1360
1374
1361
1375
1362
1376
1363
1377
1364
1378
1379
4745
1366
1380
1367
1381
1368
1382
1369
1383
1370
1384
1371
1385
1372
1386
1373
1387
1374
1388
1375
1389
1376
1390
1377
1391
1378
1392
1379
1393
1394
3970
1381
1395
1382
1396
1383
1397
1384
1398
1385
1399
1386
1400
1387
1401
1388
1402
1389
1403
1390
1404
1391
1405
1392
1406
1393
1407
1394
1408
1409
5805
1396
1410
1397
1411
1398
1412
1399
1413
1400
1414
1401
1415
1402
1416
1403
1417
1404
1418
1405
1419
1406
1420
1407
1421
1408
1422
1409
1423
1424
6705
1411
1425
1412
1426
1413
1427
1414
1428
1415
1429
1416
1430
1417
1431
1418
1432
1419
1433
1420
1434
1421
1435
1422
1436
1423
1437
1424
1438
1439
5836
1426
1440
1427
1441
1428
1442
1429
1443
1430
1444
1431
1445
1432
1446
1433
1447
1434
1448
1435
1449
1436
1450
1437
1451
1438
1452
1439
1453
1454
7691
1441
1455
1442
1456
1443
1457
1444
1458
1445
1459
1446
1460
1447
1461
1448
1462
1449
1463
1450
1464
1451
1465
1452
1466
1453
1467
1454
1468
1469
5675
1456
1470
1457
1471
1458
1472
1459
1473
1460
1474
1461
1475
1462
1476
1463
1477
1464
1478
1465
1479
1466
1480
1467
1481
1468
1482
1469
1483
1484
6633
1471
1485
1472
1486
1473
1487
1474
1488
1475
1489
1476
1490
1477
1491
1478
1492
1479
1493
1480
1494
1481
1495
1482
1496
1483
1497
1484
1498
1499
6609
1486
1500
1487
1501
1488
1502
1489
1503
1490
1504
1491
1505
1492
1506
1493
1507
1494
1508
1495
1509
1496
1510
1497
1511
1498
1512
1499
1513
1514
6176
1501
1515
1502
1516
1503
1517
1504
1518
1505
1519
1506
1520
1507
1521
1508
1522
1509
1523
1510
1524
1511
1525
1512
1526
1513
1527
1514
1528
1529
4450
1516
1530
1517
1531
1518
1532
1519
1533
1520
1534
1521
1535
1522
1536
1523
1537
1524
1538
1525
1539
1526
1540
1527
1541
1528
1542
1529
1543
1544
5089
1531
1545
1532
1546
1533
1547
1534
1548
1535
1549
1536
1550
1537
1551
1538
1552
1539
1553
1540
1554
1541
1555
1542
1556
1543
1557
1544
1558
1559
4410
1546
1560
1547
1561
1548
1562
1549
1563
1550
1564
1551
1565
1552
1566
1553
1567
1554
1568
1555
1569
1556
1570
1557
1571
1558
1572
1559
1573
1574
6746
1561
1575
1562
1576
1563
1577
1564
1578
1565
1579
1566
1580
1567
1581
1568
1582
1569
1583
1570
1584
1571
1585
1572
1586
1573
1587
1574
1588
1589
3535
1576
1590
1577
1591
1578
1592
1579
1593
1580
1594
1581
1595
1582
1596
1583
1597
1584
1598
1585
1599
1586
1600
1587
1601
1588
1602
1589
1603
1604
4917
1591
1605
1592
1606
1593
1607
1594
1608
1595
1609
1596
1610
1597
1611
1598
1612
1599
1613
1600
1614
1601
1615
1602
1616
1603
1617
1604
1618
1619
4127
1606
1620
1607
1621
1608
1622
1609
1623
1610
1624
1611
1625
1612
1626
1613
1627
1614
1628
1615
1629
1616
1630
1617
1631
1618
1632
1619
1633
1634
4687
1621
1635
1622
1636
1623
1637
1624
1638
1625
1639
1626
1640
1627
1641
1628
1642
1629
1643
1630
1644
1631
1645
1632
1646
1633
1647
1634
1648
1649
5843
1636
1650
1637
1651
1638
1652
1639
1653
1640
1654
1641
1655
1642
1656
1643
1657
1644
1658
1645
1659
1646
1660
1647
1661
1648
1662
1649
1663
1664
3842
1651
1665
1652
1666
1653
1667
1654
1668
1655
1669
1656
1670
1657
1671
1658
1672
1659
1673
1660
1674
1661
1675
1662
1676
1663
1677
1664
1678
1679
6232
1666
1680
1667
1681
1668
1682
1669
1683
1670
1684
1671
1685
1672
1686
1673
1687
1674
1688
1675
1689
1676
1690
1677
1691
1678
1692
1679
1693
1694
5900
1681
1695
1682
1696
1683
1697
1684
1698
1685
1699
1686
1700
1687
1701
1688
1702
1689
1703
1690
1704
1691
1705
1692
1706
1693
1707
1694
1708
1709
3441
1696
1710
1697
1711
1698
1712
1699
1713
1700
1714
1701
1715
1702
1716
1703
1717
1704
1718
1705
1719
1706
1720
1707
1721
1708
1722
1709
1723
1724
3865
1711
1725
1712
1726
1713
1727
1714
1728
1715
1729
1716
1730
1717
1731
1718
1732
1719
1733
1720
1734
1721
1735
1722
1736
1723
1737
1724
1738
1739
5934
1726
1740
1727
1741
1728
1742
1729
1743
1730
1744
1731
1745
1732
1746
1733
1747
1734
1748
1735
1749
1736
1750
1737
1751
1738
1752
1739
1753
1754
6776
1741
1755
1742
1756
1743
1757
1744
1758
1745
1759
1746
1760
1747
1761
1748
1762
1749
1763
1750
1764
1751
1765
1752
1766
1753
1767
1754
1768
1769
5410
1756
1770
1757
1771
1758
1772
1759
1773
1760
1774
1761
1775
1762
1776
1763
1777
1764
1778
1765
1779
1766
1780
1767
1781
1768
1782
1769
1783
1784
5504
1771
1785
1772
1786
1773
1787
1774
1788
1775
1789
1776
1790
1777
1791
1778
1792
1779
1793
1780
1794
1781
1795
1782
1796
1783
1797
1784
1798
1799
6730
1786
1800
1787
1801
1788
1802
1789
1803
1790
1804
1791
1805
1792
1806
1793
1807
1794
1808
1795
1809
1796
1810
1797
1811
1798
1812
1799
1813
1814
3406
1801
1815
1802
1816
1803
1817
1804
1818
1805
1819
1806
1820
1807
1821
1808
1822
1809
1823
1810
1824
1811
1825
1812
1826
1813
1827
1814
1828
1829
5912
1816
1830
1817
1831
1818
1832
1819
1833
1820
1834
1821
1835
1822
1836
1823
1837
1824
1838
1825
1839
1826
1840
1827
1841
1828
1842
1829
1843
1844
5665
1831
1845
1832
1846
1833
1847
1834
1848
1835
1849
1836
1850
1837
1851
1838
1852
1839
1853
1840
1854
1841
1855
1842
1856
1843
1857
1844
1858
1859
5872
1846
1860
1847
1861
1848
1862
1849
1863
1850
1864
1851
1865
1852
1866
1853
1867
1854
1868
1855
1869
1856
1870
1857
1871
1858
1872
1859
1873
1874
4539
1861
1875
1862
1876
1863
1877
1864
1878
1865
1879
1866
1880
1867
1881
1868
1882
1869
1883
1870
1884
1871
1885
1872
1886
1873
1887
1874
1888
1889
3725
1876
1890
1877
1891
1878
1892
1879
1893
1880
1894
1881
1895
1882
1896
1883
1897
1884
1898
1885
1899
1886
1900
1887
1901
1888
1902
1889
1903
1904
5555
1891
1905
1892
1906
1893
1907
1894
1908
1895
1909
1896
1910
1897
1911
1898
1912
1899
1913
1900
1914
1901
1915
1902
1916
1903
1917
1904
1918
1919
6625
1906
1920
1907
1921
1908
1922
1909
1923
1910
1924
1911
1925
1912
1926
1913
1927
1914
1928
1915
1929
1916
1930
1917
1931
1918
1932
1919
1933
1934
6109
1921
1935
1922
1936
1923
1937
1924
1938
1925
1939
1926
1940
1927
1941
1928
1942
1929
1943
1930
1944
1931
1945
1932
1946
1933
1947
1934
1948
1949
6600
1936
1950
1937
1951
1938
1952
1939
1953
1940
1954
1941
1955
1942
1956
1943
1957
1944
1958
1945
1959
1946
1960
1947
1961
1948
1962
1949
1963
1964
3844
1951
1952
1953
1954
1955
1956
1957
1958
1959
1960
1961
1962
1963
1964
3161
1966
1980
1967
1981
1968
1982
1969
1983
1970
1984
1971
1985
1972
1986
1973
1987
1974
1988
1975
1989
1976
1990
1977
1991
1978
1992
1979
1993
1994
3162
1981
1995
1982
1996
1983
1997
1984
1998
1985
1999
1986
2000
1987
2001
1988
2002
1989
2003
1990
2004
1991
2005
1992
2006
1993
2007
1994
2008
2009
3846
1996
2010
1997
2011
1998
2012
1999
2013
2000
2014
2001
2015
2002
2016
2003
2017
2004
2018
2005
2019
2006
2020
2007
2021
2008
2022
2009
2023
2024
6602
2011
2025
2012
2026
2013
2027
2014
2028
2015
2029
2016
2030
2017
2031
2018
2032
2019
2033
2020
2034
2021
2035
2022
2036
2023
2037
2024
2038
2039
6110
2026
2040
2027
2041
2028
2042
2029
2043
2030
2044
2031
2045
2032
2046
2033
2047
2034
2048
2035
2049
2036
2050
2037
2051
2038
2052
2039
2053
2054
6626
2041
2055
2042
2056
2043
2057
2044
2058
2045
2059
2046
2060
2047
2061
2048
2062
2049
2063
2050
2064
2051
2065
2052
2066
2053
2067
2054
2068
2069
5556
2056
2070
2057
2071
2058
2072
2059
2073
2060
2074
2061
2075
2062
2076
2063
2077
2064
2078
2065
2079
2066
2080
2067
2081
2068
2082
2069
2083
2084
3726
2071
2085
2072
2086
2073
2087
2074
2088
2075
2089
2076
2090
2077
2091
2078
2092
2079
2093
2080
2094
2081
2095
2082
2096
2083
2097
2084
2098
2099
4544
2086
2100
2087
2101
2088
2102
2089
2103
2090
2104
2091
2105
2092
2106
2093
2107
2094
2108
2095
2109
2096
2110
2097
2111
2098
2112
2099
2113
2114
5873
2101
2115
2102
2116
2103
2117
2104
2118
2105
2119
2106
2120
2107
2121
2108
2122
2109
2123
2110
2124
2111
2125
2112
2126
2113
2127
2114
2128
2129
5669
2116
2130
2117
2131
2118
2132
2119
2133
2120
2134
2121
2135
2122
2136
2123
2137
2124
2138
2125
2139
2126
2140
2127
2141
2128
2142
2129
2143
2144
5913
2131
2145
2132
2146
2133
2147
2134
2148
2135
2149
2136
2150
2137
2151
2138
2152
2139
2153
2140
2154
2141
2155
2142
2156
2143
2157
2144
2158
2159
3407
2146
2160
2147
2161
2148
2162
2149
2163
2150
2164
2151
2165
2152
2166
2153
2167
2154
2168
2155
2169
2156
2170
2157
2171
2158
2172
2159
2173
2174
6733
2161
2175
2162
2176
2163
2177
2164
2178
2165
2179
2166
2180
2167
2181
2168
2182
2169
2183
2170
2184
2171
2185
2172
2186
2173
2187
2174
2188
2189
5505
2176
2190
2177
2191
2178
2192
2179
2193
2180
2194
2181
2195
2182
2196
2183
2197
2184
2198
2185
2199
2186
2200
2187
2201
2188
2202
2189
2203
2204
5414
2191
2205
2192
2206
2193
2207
2194
2208
2195
2209
2196
2210
2197
2211
2198
2212
2199
2213
2200
2214
2201
2215
2202
2216
2203
2217
2204
2218
2219
6777
2206
2220
2207
2221
2208
2222
2209
2223
2210
2224
2211
2225
2212
2226
2213
2227
2214
2228
2215
2229
2216
2230
2217
2231
2218
2232
2219
2233
2234
5938
2221
2235
2222
2236
2223
2237
2224
2238
2225
2239
2226
2240
2227
2241
2228
2242
2229
2243
2230
2244
2231
2245
2232
2246
2233
2247
2234
2248
2249
3867
2236
2250
2237
2251
2238
2252
2239
2253
2240
2254
2241
2255
2242
2256
2243
2257
2244
2258
2245
2259
2246
2260
2247
2261
2248
2262
2249
2263
2264
3442
2251
2265
2252
2266
2253
2267
2254
2268
2255
2269
2256
2270
2257
2271
2258
2272
2259
2273
2260
2274
2261
2275
2262
2276
2263
2277
2264
2278
2279
5905
2266
2280
2267
2281
2268
2282
2269
2283
2270
2284
2271
2285
2272
2286
2273
2287
2274
2288
2275
2289
2276
2290
2277
2291
2278
2292
2279
2293
2294
6239
2281
2295
2282
2296
2283
2297
2284
2298
2285
2299
2286
2300
2287
2301
2288
2302
2289
2303
2290
2304
2291
2305
2292
2306
2293
2307
2294
2308
2309
3843
2296
2310
2297
2311
2298
2312
2299
2313
2300
2314
2301
2315
2302
2316
2303
2317
2304
2318
2305
2319
2306
2320
2307
2321
2308
2322
2309
2323
2324
5845
2311
2325
2312
2326
2313
2327
2314
2328
2315
2329
2316
2330
2317
2331
2318
2332
2319
2333
2320
2334
2321
2335
2322
2336
2323
2337
2324
2338
2339
4689
2326
2340
2327
2341
2328
2342
2329
2343
2330
2344
2331
2345
2332
2346
2333
2347
2334
2348
2335
2349
2336
2350
2337
2351
2338
2352
2339
2353
2354
4132
2341
2355
2342
2356
2343
2357
2344
2358
2345
2359
2346
2360
2347
2361
2348
2362
2349
2363
2350
2364
2351
2365
2352
2366
2353
2367
2354
2368
2369
4921
2356
2370
2357
2371
2358
2372
2359
2373
2360
2374
2361
2375
2362
2376
2363
2377
2364
2378
2365
2379
2366
2380
2367
2381
2368
2382
2369
2383
2384
3536
2371
2385
2372
2386
2373
2387
2374
2388
2375
2389
2376
2390
2377
2391
2378
2392
2379
2393
2380
2394
2381
2395
2382
2396
2383
2397
2384
2398
2399
6748
2386
2400
2387
2401
2388
2402
2389
2403
2390
2404
2391
2405
2392
2406
2393
2407
2394
2408
2395
2409
2396
2410
2397
2411
2398
2412
2399
2413
2414
4490
2401
2415
2402
2416
2403
2417
2404
2418
2405
2419
2406
2420
2407
2421
2408
2422
2409
2423
2410
2424
2411
2425
2412
2426
2413
2427
2414
2428
2429
5988
2416
2430
2417
2431
2418
2432
2419
2433
2420
2434
2421
2435
2422
2436
2423
2437
2424
2438
2425
2439
2426
2440
2427
2441
2428
2442
2429
2443
2444
5662
2431
2445
2432
2446
2433
2447
2434
2448
2435
2449
2436
2450
2437
2451
2438
2452
2439
2453
2440
2454
2441
2455
2442
2456
2443
2457
2444
2458
2459
7330
2446
2460
2447
2461
2448
2462
2449
2463
2450
2464
2451
2465
2452
2466
2453
2467
2454
2468
2455
2469
2456
2470
2457
2471
2458
2472
2459
2473
2474
5686
2461
2475
2462
2476
2463
2477
2464
2478
2465
2479
2466
2480
2467
2481
2468
2482
2469
2483
2470
2484
2471
2485
2472
2486
2473
2487
2474
2488
2489
6699
2476
2490
2477
2491
2478
2492
2479
2493
2480
2494
2481
2495
2482
2496
2483
2497
2484
2498
2485
2499
2486
2500
2487
2501
2488
2502
2489
2503
2504
3157
2491
2505
2492
2506
2493
2507
2494
2508
2495
2509
2496
2510
2497
2511
2498
2512
2499
2513
2500
2514
2501
2515
2502
2516
2503
2517
2504
2518
2519
5571
2506
2520
2507
2521
2508
2522
2509
2523
2510
2524
2511
2525
2512
2526
2513
2527
2514
2528
2515
2529
2516
2530
2517
2531
2518
2532
2519
2533
2534
7149
2521
2535
2522
2536
2523
2537
2524
2538
2525
2539
2526
2540
2527
2541
2528
2542
2529
2543
2530
2544
2531
2545
2532
2546
2533
2547
2534
2548
2549
6745
2536
2550
2537
2551
2538
2552
2539
2553
2540
2554
2541
2555
2542
2556
2543
2557
2544
2558
2545
2559
2546
2560
2547
2561
2548
2562
2549
2563
2564
6586
2551
2565
2552
2566
2553
2567
2554
2568
2555
2569
2556
2570
2557
2571
2558
2572
2559
2573
2560
2574
2561
2575
2562
2576
2563
2577
2564
2578
2579
4742
2566
2580
2567
2581
2568
2582
2569
2583
2570
2584
2571
2585
2572
2586
2573
2587
2574
2588
2575
2589
2576
2590
2577
2591
2578
2592
2579
2593
2594
4884
2581
2595
2582
2596
2583
2597
2584
2598
2585
2599
2586
2600
2587
2601
2588
2602
2589
2603
2590
2604
2591
2605
2592
2606
2593
2607
2594
2608
2609
6707
2596
2610
2597
2611
2598
2612
2599
2613
2600
2614
2601
2615
2602
2616
2603
2617
2604
2618
2605
2619
2606
2620
2607
2621
2608
2622
2609
2623
2624
6333
2611
2625
2612
2626
2613
2627
2614
2628
2615
2629
2616
2630
2617
2631
2618
2632
2619
2633
2620
2634
2621
2635
2622
2636
2623
2637
2624
2638
2639
3916
2626
2640
2627
2641
2628
2642
2629
2643
2630
2644
2631
2645
2632
2646
2633
2647
2634
2648
2635
2649
2636
2650
2637
2651
2638
2652
2639
2653
2654
4916
2641
2655
2642
2656
2643
2657
2644
2658
2645
2659
2646
2660
2647
2661
2648
2662
2649
2663
2650
2664
2651
2665
2652
2666
2653
2667
2654
2668
2669
4699
2656
2670
2657
2671
2658
2672
2659
2673
2660
2674
2661
2675
2662
2676
2663
2677
2664
2678
2665
2679
2666
2680
2667
2681
2668
2682
2669
2683
2684
6240
2671
2685
2672
2686
2673
2687
2674
2688
2675
2689
2676
2690
2677
2691
2678
2692
2679
2693
2680
2694
2681
2695
2682
2696
2683
2697
2684
2698
2699
4332
2686
2700
2687
2701
2688
2702
2689
2703
2690
2704
2691
2705
2692
2706
2693
2707
2694
2708
2695
2709
2696
2710
2697
2711
2698
2712
2699
2713
2714
6664
2701
2715
2702
2716
2703
2717
2704
2718
2705
2719
2706
2720
2707
2721
2708
2722
2709
2723
2710
2724
2711
2725
2712
2726
2713
2727
2714
2728
2729
5690
2716
2730
2717
2731
2718
2732
2719
2733
2720
2734
2721
2735
2722
2736
2723
2737
2724
2738
2725
2739
2726
2740
2727
2741
2728
2742
2729
2743
2744
7306
2731
2745
2732
2746
2733
2747
2734
2748
2735
2749
2736
2750
2737
2751
2738
2752
2739
2753
2740
2754
2741
2755
2742
2756
2743
2757
2744
2758
2759
3548
2746
2760
2747
2761
2748
2762
2749
2763
2750
2764
2751
2765
2752
2766
2753
2767
2754
2768
2755
2769
2756
2770
2757
2771
2758
2772
2759
2773
2774
3820
2761
2775
2762
2776
2763
2777
2764
2778
2765
2779
2766
2780
2767
2781
2768
2782
2769
2783
2770
2784
2771
2785
2772
2786
2773
2787
2774
2788
2789
5838
2776
2790
2777
2791
2778
2792
2779
2793
2780
2794
2781
2795
2782
2796
2783
2797
2784
2798
2785
2799
2786
2800
2787
2801
2788
2802
2789
2803
2804
6187
2791
2805
2792
2806
2793
2807
2794
2808
2795
2809
2796
2810
2797
2811
2798
2812
2799
2813
2800
2814
2801
2815
2802
2816
2803
2817
2804
2818
2819
5839
2806
2820
2807
2821
2808
2822
2809
2823
2810
2824
2811
2825
2812
2826
2813
2827
2814
2828
2815
2829
2816
2830
2817
2831
2818
2832
2819
2833
2834
5413
2821
2835
2822
2836
2823
2837
2824
2838
2825
2839
2826
2840
2827
2841
2828
2842
2829
2843
2830
2844
2831
2845
2832
2846
2833
2847
2834
2848
2849
3443
2836
2850
2837
2851
2838
2852
2839
2853
2840
2854
2841
2855
2842
2856
2843
2857
2844
2858
2845
2859
2846
2860
2847
2861
2848
2862
2849
2863
2864
4716
2851
2865
2852
2866
2853
2867
2854
2868
2855
2869
2856
2870
2857
2871
2858
2872
2859
2873
2860
2874
2861
2875
2862
2876
2863
2877
2864
2878
2879
5886
2866
2880
2867
2881
2868
2882
2869
2883
2870
2884
2871
2885
2872
2886
2873
2887
2874
2888
2875
2889
2876
2890
2877
2891
2878
2892
2879
2893
2894
3759
2881
2895
2882
2896
2883
2897
2884
2898
2885
2899
2886
2900
2887
2901
2888
2902
2889
2903
2890
2904
2891
2905
2892
2906
2893
2907
2894
2908
2909
6343
2896
2910
2897
2911
2898
2912
2899
2913
2900
2914
2901
2915
2902
2916
2903
2917
2904
2918
2905
2919
2906
2920
2907
2921
2908
2922
2909
2923
2924
5981
2911
2925
2912
2926
2913
2927
2914
2928
2915
2929
2916
2930
2917
2931
2918
2932
2919
2933
2920
2934
2921
2935
2922
2936
2923
2937
2924
2938
2939
3390
2926
2940
2927
2941
2928
2942
2929
2943
2930
2944
2931
2945
2932
2946
2933
2947
2934
2948
2935
2949
2936
2950
2937
2951
2938
2952
2939
2953
2954
5368
2941
2955
2942
2956
2943
2957
2944
2958
2945
2959
2946
2960
2947
2961
2948
2962
2949
2963
2950
2964
2951
2965
2952
2966
2953
2967
2954
2968
2969
5775
2956
2970
2957
2971
2958
2972
2959
2973
2960
2974
2961
2975
2962
2976
2963
2977
2964
2978
2965
2979
2966
2980
2967
2981
2968
2982
2969
2983
2984
4350
2971
2985
2972
2986
2973
2987
2974
2988
2975
2989
2976
2990
2977
2991
2978
2992
2979
2993
2980
2994
2981
2995
2982
2996
2983
2997
2984
2998
2999
5378
2986
3000
2987
3001
2988
3002
2989
3003
2990
3004
2991
3005
2992
3006
2993
3007
2994
3008
2995
3009
2996
3010
2997
3011
2998
3012
2999
3013
3014
5342
3001
3015
3002
3016
3003
3017
3004
3018
3005
3019
3006
3020
3007
3021
3008
3022
3009
3023
3010
3024
3011
3025
3012
3026
3013
3027
3014
3028
3029
6583
3016
3030
3017
3031
3018
3032
3019
3033
3020
3034
3021
3035
3022
3036
3023
3037
3024
3038
3025
3039
3026
3040
3027
3041
3028
3042
3029
3043
3044
4727
3031
3045
3032
3046
3033
3047
3034
3048
3035
3049
3036
3050
3037
3051
3038
3052
3039
3053
3040
3054
3041
3055
3042
3056
3043
3057
3044
3058
3059
6676
3046
3060
3047
3061
3048
3062
3049
3063
3050
3064
3051
3065
3052
3066
3053
3067
3054
3068
3055
3069
3056
3070
3057
3071
3058
3072
3059
3073
3074
5798
3061
3075
3062
3076
3063
3077
3064
3078
3065
3079
3066
3080
3067
3081
3068
3082
3069
3083
3070
3084
3071
3085
3072
3086
3073
3087
3074
3088
3089
7461
3076
3077
3078
3079
3080
3081
3082
3083
3084
3085
3086
3087
3088
3089
3669
3510
4794
5803
7033
3523
4791
5809
7045
3153
3753
3859
7566
3989
5040
7237
7349
3685
5230
5610
5639
4719
5240
5646
5886
3666
4751
4889
6769
5592
6809
7386
7763
3675
4779
4898
6780
3770
4311
6461
7375
4981
5311
5650
5823
3798
4331
6486
7383
3588
4485
6435
6794
3515
3694
6097
7038
4143
5402
5416
6824
3332
4155
6736
7367
3252
3701
3840
7799
3603
4195
4473
4685
3187
3627
6823
7586
4126
4153
5546
6798
3439
3463
5513
6275
3188
4222
5976
7625
3764
4661
6158
7564
5050
5503
6114
7766
3393
4923
5589
5791
3479
3506
5557
6304
3167
3948
4133
7414
3637
5819
6438
7124
3855
4788
5023
5244
4927
5541
7362
7752
3269
3501
5037
6216
3462
5671
5727
6966
3185
3313
5799
7292
3277
3503
5055
6228
4069
5878
6353
3215
3697
4478
6286
3190
5129
5958
6422
3216
3700
4481
6287
4078
5885
6358
4575
5216
5458
5678
3194
5150
5989
7384
4623
5043
6787
7711
3308
4443
5099
7549
4542
4902
7267
7311
3480
4006
5369
7599
4244
5155
5324
6711
4636
5052
6795
7714
4225
5078
6215
7132
3179
4432
6449
7811
5572
5670
6293
6380
4023
5749
6492
6540
4334
4662
5640
7760
3641
5530
5892
6637
4245
5130
6250
7162
3172
3512
7051
7546
4098
4887
5309
5698
3263
3616
3705
3776
3597
3966
5896
6758
3607
3973
5908
6770
4324
5161
5382
6696
3335
6059
6778
7473
3268
3631
3713
3800
3186
3694
4554
5020
3256
4642
7303
4836
5215
5455
6144
4556
6094
6962
7660
3939
5433
5984
7280
4595
5571
6699
3288
3501
6444
7106
3297
3503
6450
7113
3172
4927
5541
7060
3688
3844
5902
3691
3846
5903
4498
5386
6551
7012
5494
5851
6120
7632
3797
5846
6856
6966
3421
4645
5668
6054
4597
4736
5888
4720
5186
6314
6451
3428
4657
5672
6063
3410
4115
4371
5614
3350
3538
4948
5823
3261
6578
3497
4617
4973
6502
5023
5033
5463
5681
5498
6690
6747
7234
3408
6610
6783
7590
3538
5311
5823
7016
5153
5847
6816
7543
4399
5274
5499
5563
5919
6151
7645
4795
5372
5604
7602
3690
4071
4630
5680
3225
3374
4712
5867
4456
6235
6660
3312
3447
7093
6152
6245
7692
4528
4707
6300
4634
4735
5016
3436
4506
4543
4894
3714
5272
7377
3870
5026
5453
7447
4244
4516
5644
6711
3370
4247
6031
7672
3736
5301
7384
3350
4440
6719
7037
5371
6280
6565
6907
4675
4851
5590
7251
3465
3920
5828
6248
4604
5693
6933
7406
3525
3746
3769
4561
4272
4486
6299
7443
3308
3795
4216
5978
3527
3737
3756
4573
4495
5433
6015
6561
3574
4557
6272
6406
4433
5819
5930
7006
3591
5935
6305
6540
4592
6566
7229
7518
4066
5676
5977
7583
3321
3785
5448
5511
5142
5387
6090
6118
3562
4295
6543
7439
3374
4479
6774
6845
3534
3885
6077
7021
3697
5213
6884
3700
5218
6887
4324
4468
5722
6696
4862
4878
5193
6544
4458
6536
7090
7655
3539
3892
6082
7029
5316
5381
5759
7219
3857
3938
6830
7089
4369
4796
6968
7267
3492
4708
5330
7637
3560
4173
4252
3880
4451
4926
4980
3245
4893
6570
7551
4314
5575
6257
6323
3872
3991
6844
7099
3604
3927
4081
5321
4360
5954
6921
7188
4525
4792
6213
7561
3261
3918
6084
7596
3931
4106
5329
7532
4497
5226
7164
7172
3667
4290
5864
6170
3920
4082
4310
5828
4348
4935
6274
7463
3518
6806
6890
7647
3636
5028
5179
6680
4102
5933
5986
7742
3387
7789
7793
7797
3430
3663
4298
6873
3274
4315
4798
5581
3648
4719
6650
3582
4695
4711
7096
4393
4890
6381
7486
4526
6593
7141
7673
4119
5955
6007
7746
4269
5248
5359
5516
4498
5113
5501
7399
3557
5006
5136
3619
5531
7404
3463
6275
6346
7295
3586
4845
6355
7148
3859
4306
4987
3924
4388
5545
3884
4883
5029
6136
4675
5069
6262
6618
3436
4347
7610
7715
3330
7546
3291
4135
7286
7426
3376
3898
5185
3850
3964
4123
4869
3608
3927
4022
5321
3934
4816
5807
7792
3832
4133
6491
6721
3384
3912
5200
5061
5417
5983
3460
3550
4128
4223
4584
4841
6348
7589
3613
3931
4026
5329
4684
4731
4928
5375
4115
4261
6423
3554
5100
6020
6648
3329
3513
5748
6797
5074
5436
6001
3329
4860
5635
5862
4020
4081
5199
7159
3556
5107
6023
6653
3647
3859
4306
4960
5361
5461
5830
3474
3563
4152
4243
3625
6372
6709
7120
4120
4441
5090
5187
4487
4655
6461
6892
4799
6020
6916
6988
3816
5855
6366
4803
6023
6923
6989
3828
4228
4718
6725
3388
4413
4436
3331
4793
4890
5042
3932
4341
4616
6104
3810
4017
4076
7413
4724
4759
4933
5134
4483
5393
5868
7193
3822
5865
6375
3919
4958
6704
6888
3490
3508
3896
5404
3330
4277
4927
5898
5953
6462
6722
7765
3836
4241
4739
6742
3837
3950
6009
7520
4090
4400
5472
5528
4492
5411
5882
7200
4507
4686
6486
6919
4227
4646
4856
7307
3327
5466
4303
5618
5686
7515
3928
4979
6903
7761
4174
7002
7343
7608
5894
7093
7292
3914
4754
5918
4106
5204
6474
7170
3336
3352
3491
4580
3422
5159
5363
5710
3757
3935
5723
6266
4732
4985
6219
7073
4823
5331
6262
7019
4628
6468
6605
7032
4456
5083
5685
3826
4880
5857
5901
3772
4744
5892
7776
3365
3771
5538
7004
3343
4831
4935
5125
3447
4809
5317
7459
4725
5099
5699
4778
4982
5551
6839
5225
7382
4927
6084
4890
5343
6278
5777
6336
6762
3705
3780
5474
5674
4257
4647
4664
4750
3344
5101
6778
3824
4293
5682
3347
3372
3509
4613
4236
5129
5958
6914
3429
4928
5442
6902
3713
3796
5489
5695
3480
3649
6027
7176
3573
4458
4491
4671
4935
5390
6320
3653
4941
6394
4265
5150
5989
6943
3392
3814
5599
7056
3847
4320
5733
3455
5479
5973
6929
4562
6265
6894
7638
3424
6819
4229
4569
7258
7374
3491
5527
5719
4376
4804
5586
5591
4958
4972
5260
6888
3532
4789
6442
6568
4032
4623
6862
7415
4259
4700
5272
5895
3656
3768
3870
7430
3529
3788
5094
5263
4040
4636
6865
7419
3987
4446
6500
7425
4979
4994
5286
6903
3837
4737
6594
7402
4019
4774
5869
7299
3600
7037
7787
3863
5572
6140
4285
4721
5301
5922
4566
5553
5820
6624
3852
4064
6195
6651
3555
4100
4926
3484
3962
6181
7529
3509
5583
5762
4701
5826
6395
7438
3453
4252
3484
5648
6181
6877
3435
3732
4186
4434
4837
5616
5637
3933
4696
6644
7130
6397
7123
7519
7737
6103
6171
6290
6470
3624
4526
4585
4770
5141
5587
6646
7368
4071
4308
4442
5680
3444
3749
4212
3830
4087
5365
3409
4180
4383
4440
4277
5859
7362
3570
3711
7426
4006
4830
6081
7417
4097
5368
6638
3763
4570
5148
6072
3634
6464
7236
4143
4579
6824
3582
4607
7391
7601
4755
5961
6613
7377
3920
4310
4541
6960
3555
4116
4153
4775
3917
4919
5485
6791
3445
3671
6042
6876
4457
5858
7588
7744
4683
4823
5122
6513
4048
4765
5856
7527
4120
4441
6183
4947
5119
6908
7050
3687
3895
6912
7205
5237
5912
6730
5241
5913
6733
3832
3948
4133
4440
5394
6719
4445
4482
5614
4013
6975
6998
7376
3588
5119
6794
6908
3552
3708
3740
7777
3614
5696
6973
7736
3463
3618
4897
6382
3937
5232
5950
6942
3626
4162
4466
5232
4816
5216
5678
6870
4242
4379
4985
5298
3819
4288
6056
7321
4937
6567
6616
4886
5140
7294
5008
5173
6952
7100
4180
4440
4948
3975
4129
6118
7214
4033
4158
6083
7611
4347
4977
5160
6815
4946
6576
6629
4438
5797
6779
3486
4873
4965
4292
4971
5852
6760
4479
5445
6763
6774
6367
6427
6453
6656
4634
4728
4735
4797
5037
5061
5185
7440
7677
4937
5855
6198
6567
4946
5865
6210
6576
6255
6382
6930
4336
4454
4878
6157
3865
5900
6444
3867
5905
6450
4343
4716
5413
5055
5074
5200
3477
4704
5098
3627
5173
6823
6952
3914
6230
4343
4464
4893
6169
4010
6302
6715
4164
6580
6995
3825
4364
5069
5164
4130
4137
4183
4624
4479
4712
5673
3891
4112
4771
7379
4455
5831
6796
4272
4386
4929
6402
3967
4627
6045
7465
4486
4703
7476
7681
3972
4399
5274
5691
4145
4700
6531
4035
4255
6130
7629
3758
4787
6856
3618
4085
4709
5526
6778
4389
7310
7752
3826
5054
5901
6437
4352
5633
6489
7071
5753
5789
6639
7504
4116
4775
5128
7266
4094
4738
5544
6816
3500
4769
5512
7806
6606
6674
7014
7407
3505
5492
5634
7803
4166
4721
6557
3671
6043
6876
7775
3923
6691
7703
7765
5621
5844
6876
4149
4920
6211
6869
6317
6493
7008
3910
6027
5782
5806
6652
7510
4235
5277
6384
6595
3596
3606
3845
7297
4489
7218
4197
4879
5605
7444
5084
6809
7484
3949
4468
4825
5192
4497
4543
5300
6940
4032
4811
5785
7415
3586
4677
5471
4293
6524
3684
5842
7232
4040
4821
5792
7419
3583
6507
7434
7514
3692
3856
4293
7507
4881
5576
6525
7700
3566
6941
7222
3960
4644
5799
6203
4217
4896
5626
7455
3957
4800
5751
5474
6366
3623
3633
3869
7320
5489
6375
3985
5851
6267
6536
3961
4844
5793
3683
6493
7346
5826
5915
6958
7199
4333
5471
7385
4320
6553
4629
6291
7334
4479
5445
5673
6818
5624
6578
6764
4829
5409
7161
3808
4425
5620
7422
6729
7043
7146
4352
5550
5633
6636
5049
6428
6765
7477
3884
3933
4108
3729
3889
4320
7525
4988
5091
6643
7252
3817
5036
6244
7699
4447
4480
5137
7341
3594
4638
7359
4117
5196
5348
7548
4033
5234
6083
4684
6399
6643
7349
4035
5231
6130
5193
5861
5968
6421
4695
5308
6495
4301
4781
6480
6800
4860
5862
6050
7755
4439
4778
5950
3534
3885
4015
4047
4355
6527
4917
5435
6746
4921
5444
6748
3670
6491
6906
7171
4213
7072
3541
4357
6532
4029
5919
6324
6593
3892
4021
4051
4114
4267
5333
7410
4288
4402
5440
6307
4427
5197
6107
6905
4424
6000
6446
7551
3549
3583
6071
7478
4724
6796
6998
7374
3820
5889
7306
4625
6485
3562
3897
5834
3982
5769
6258
6986
3603
4672
5206
3782
5779
5887
6669
4215
4955
5100
4247
4518
4226
4959
5107
4027
4516
5006
4890
5343
5813
6723
4060
5172
5732
6376
5867
7047
7104
4322
5080
5094
7333
4128
6238
3576
4496
5860
3741
4063
5229
5858
5406
5650
6034
7580
3645
4435
4973
5787
6261
6717
7231
4065
5183
5747
6388
3959
4822
6854
6967
5846
6657
7690
3815
4880
5857
6692
4935
5390
5737
6713
3630
3988
6591
4157
4168
7351
4854
6123
7336
4152
6263
7243
3890
4487
4589
5459
4335
5000
5031
7360
3969
4840
6864
6976
5120
5704
5741
6097
4797
6128
6556
7640
7169
7745
4625
5740
5446
5673
5681
6060
4231
4290
4975
6170
4025
4776
3899
4507
4603
5473
7129
7244
4566
4762
4981
6624
5841
6634
6772
7249
4175
6540
7371
4498
5386
6694
7399
4238
4298
4986
6873
5247
6373
7626
3614
5178
6829
7562
4537
4583
6356
3650
4109
4131
3841
4924
6258
7338
3771
3956
7004
7050
4605
5684
6819
4957
5576
6525
6934
4531
5904
6412
6936
4366
7777
4072
5210
7508
4773
6431
6510
7743
3731
4147
6356
3655
4124
4139
3829
4215
4859
3849
4088
4934
7345
4989
6858
7254
4990
6859
7255
4346
4910
6509
6913
3833
4226
4871
5178
5245
4471
4660
6039
7204
3728
5015
5270
3677
4330
6835
6982
4292
5408
4767
7467
3927
4022
4761
6991
4001
5046
5217
6949
4274
4651
5387
6090
4572
4609
6390
3680
4038
6654
4356
6490
7173
4632
4771
7379
4707
7166
3931
4026
4096
7001
5589
5791
6146
6579
4671
6445
6674
3739
5038
5299
3966
4882
4941
6758
3760
4173
6390
4656
5731
6845
3778
5154
6867
6917
3687
7134
7365
4692
6571
7006
3814
3993
7056
7100
6439
6649
3973
4352
5117
6770
4110
4567
6822
4250
4877
5412
6520
4937
6087
6167
6776
4946
6091
6168
6777
3723
6789
7801
4607
5060
5371
5579
4575
5458
7552
4340
4968
5102
6659
7133
7278
4131
5303
5785
3861
5493
6202
6621
3871
6798
7051
7596
3670
6059
6394
4266
4905
5431
6537
4139
5310
5792
3764
4578
6127
4061
6115
6128
6253
4511
5089
6103
6747
5068
5224
5388
7369
4458
4491
4922
7090
4368
4577
5728
7303
3850
5607
7583
7695
4873
6311
7418
5829
7137
7585
7607
4304
5852
6357
6498
5067
5097
5707
4950
5567
5780
3711
6750
7077
7426
4667
6184
7461
4416
7628
5112
7751
4674
6188
7462
4096
4820
5364
7532
5088
5211
5445
6763
5079
5108
5716
4839
6365
6708
7289
3718
4386
4919
3850
4251
4869
6385
4380
4583
4978
6356
4770
6558
6750
4341
4493
4562
5281
3799
4053
4338
6965
4099
4427
5562
5215
5455
7637
4862
5875
5959
3695
4474
5965
6521
3767
5951
4297
6550
7781
4741
4843
6744
7110
4151
5220
5367
4299
6560
7782
4947
5119
5682
5146
5293
5350
7394
4904
6245
3805
4013
7405
4003
5790
6506
7009
4278
4747
6144
6190
6389
7196
3778
4471
6279
6917
4280
4748
4510
5356
7501
3900
5593
5654
7213
3915
5420
5640
6848
3903
5594
5655
7216
3728
5185
4417
4609
5022
6390
4287
4825
5764
7065
3740
3960
5944
3894
5149
5944
7389
4526
4585
5012
7141
7296
7690
5677
6417
6886
7449
3739
5200
4259
4801
5958
4183
4915
5891
6112
6027
6612
7220
7278
3762
3786
4602
7321
4058
4386
5071
3941
4336
5835
3887
4461
4720
7174
5694
6425
6889
7450
5608
5831
6796
6998
6249
6990
7222
4079
6766
7686
7816
4283
4539
5555
4291
4544
5556
4301
5737
6480
7183
3780
4924
5008
5173
5733
4425
5812
6555
7042
4605
5684
7297
4589
5061
5459
4174
4340
4968
6329
4221
4483
6407
7193
4222
4735
6199
6790
4285
4835
5989
3783
4446
5231
3891
4263
5123
7631
3796
4934
4692
7124
5128
5229
6266
4230
4492
6418
7200
3824
5682
5787
6794
3862
4156
6524
7507
3823
4426
5249
6138
3805
4474
5234
4367
5507
6131
7015
4034
4715
7147
7325
4603
5074
5473
3756
4794
4912
5803
3821
4718
5283
6725
3769
4791
4899
5809
4642
5320
6944
3827
4447
5254
6147
4588
4930
5326
7791
4446
5191
4775
5128
5460
3936
6369
6460
5646
5886
6343
4656
5731
7320
3831
4739
5302
6742
4402
4436
5487
3825
4356
6849
3768
4394
4321
4729
7034
7713
3886
4185
6553
7525
3875
6912
7812
3952
4661
4474
5214
3851
4004
4520
6472
7523
4363
6196
6743
5803
6500
6554
7033
3900
4214
5593
4519
4985
6219
6276
3898
4618
5270
3903
4218
5594
5297
7354
3847
5733
5841
6823
6465
6516
3940
4219
6637
6813
6119
7652
7767
3987
5266
6180
4963
5092
6660
6955
4690
5048
5685
3819
5196
7328
4409
6038
6065
7397
4695
7142
7281
4274
4463
4651
7659
5809
6521
6573
7045
4346
5813
6509
7168
4332
4725
5103
6664
4647
4750
5898
6084
4640
6283
6549
6675
4699
5058
5699
6478
6526
5018
5054
7028
3873
4023
4546
4338
6556
7390
3912
4643
5299
4454
5835
6182
4659
6289
6564
6681
4353
4763
7063
7725
4345
5006
5909
7207
5608
6206
4650
5415
7263
7769
4225
5412
6520
6723
4925
7022
7079
4435
5353
5396
6789
5397
6644
7130
4727
5116
6098
6676
4726
5115
6100
6677
4786
5180
6552
6688
6514
7542
6164
7348
7663
3865
6087
6444
5595
5801
6033
4245
5431
6537
6713
5525
7328
5379
5838
5400
7209
7693
3867
6091
6450
4282
4858
6769
4580
5787
5164
7522
4582
4918
4861
5137
6780
4390
4509
5002
5100
5321
5643
5975
6631
5423
7226
7697
4932
6783
5107
5329
5645
4121
4296
5837
6587
5519
5691
7145
7150
4414
4521
5024
3950
6630
3874
4316
6122
7692
4567
4945
7442
7625
5136
5139
5356
5015
6931
6986
5843
5893
6232
5845
5899
6239
4297
6600
4156
5327
5942
4299
6602
4613
5841
4550
6107
6588
6724
5038
7000
7344
4049
5351
6788
7375
5186
5345
6008
3955
5471
5818
7385
4351
5607
5622
5881
4517
6679
7368
4437
6518
6739
4087
5391
7123
4957
5095
6645
6827
6928
3946
5257
5779
5887
3966
4855
4882
3929
4070
7053
5704
5741
4673
5353
6156
6961
5934
5120
5480
6097
6729
5938
6113
6505
6993
7519
4185
5366
5993
3952
6012
4126
4501
7672
4097
5407
7139
5373
6804
7383
6065
6245
7397
4697
4704
7365
5315
5355
6015
6561
3934
4475
5658
7619
4308
4442
4535
5612
4176
5143
6435
6661
4242
4980
5531
4537
5132
5327
6914
3891
4263
4848
5152
3958
4665
7132
7177
4696
7541
3986
4319
3951
4101
7084
4188
5578
7174
7195
7604
7643
7653
4469
6563
6782
4655
5195
6698
7631
3995
4327
3902
4502
6274
6800
4484
6053
6792
5127
5559
6773
3915
4333
5420
6630
7439
7520
4062
4186
4686
5221
6718
4472
6401
4572
5163
5366
6943
4599
7196
7436
4477
6409
4999
5104
5597
6297
3976
7152
7247
7762
5186
5345
5816
6314
4528
5010
5182
6689
3994
4702
7162
7202
4277
5859
5898
6801
4006
6081
7176
4911
6328
6970
4074
4212
4005
4897
6382
7802
4754
4809
5404
5920
4916
6333
6974
3964
4123
5485
4501
4647
7027
6137
6234
7180
4389
4461
5250
6165
6360
4273
4401
4894
6143
4073
4967
7703
4388
7242
4187
4891
6264
7327
4044
5139
6021
7313
4072
6148
6252
7187
6410
6524
6842
4762
6034
7210
7472
4096
4493
4576
6018
5111
6890
4161
6870
4999
5460
5590
4787
5312
5970
4196
4849
5306
6113
7123
7519
7158
7324
7533
4080
4401
6104
5230
5610
4764
6277
6773
7025
5073
6102
6559
7369
4773
5514
5752
6431
4136
6296
6895
7046
4045
6577
6716
4421
5083
5448
7635
5409
6610
5036
6033
7453
4737
6935
6436
6553
6863
4740
5026
4764
5001
5430
4416
5780
5864
6202
5355
5984
6561
4949
6347
7098
5512
7128
7329
4713
5429
5720
5972
7151
7209
4807
5206
5492
7121
7356
4513
4906
7609
5004
5403
6363
4058
4919
4122
5021
5268
7228
4109
4368
5728
6045
4092
4392
6230
7093
5990
7165
7226
4649
4745
5805
4248
4969
6323
7364
4302
5021
5268
4124
5550
4083
4843
5664
7670
4510
6076
7501
4460
6214
7169
5115
5170
5223
6371
4429
4430
5133
6620
5116
5174
5235
6378
5833
6256
7361
7724
4494
5988
6686
7515
5498
6672
7234
4237
4396
4808
6715
4943
5822
6597
5188
5354
7550
4373
4939
7080
4988
6937
4458
5742
7655
6067
6406
7252
4451
4518
4926
7048
6329
7139
7608
4160
5734
6149
7299
5575
6411
7140
4758
5486
5776
4387
4956
7091
4445
4482
4818
5816
5418
6684
7000
7240
4044
4722
6381
6913
4261
4315
4942
6049
4388
4404
4471
7204
4041
4206
4971
4194
5287
5739
7732
4367
6426
7009
4311
5715
5952
5180
6552
6760
7186
4283
5555
6959
7366
4395
4891
6264
7035
4034
4608
4715
6843
5065
6860
4291
5556
6964
7370
4264
5181
5384
7036
5608
7405
4249
5265
6383
6978
4355
5462
6241
4020
5210
5359
5802
7071
7418
7578
5692
7085
7087
4973
6502
7284
5516
7508
4357
5467
6246
4859
5987
4331
4540
4407
5475
7272
7477
4359
5818
7148
4871
5998
7466
7634
7799
5605
6410
6842
7444
5259
5428
7576
4246
6389
7018
7358
4693
5612
6269
6443
4534
6862
5879
6467
4672
4682
5854
6528
4928
5273
5375
5442
4500
4648
5603
7040
4526
5815
7673
4698
6039
6551
7630
4549
6865
5653
6088
6949
4514
4668
5617
7059
5626
6436
6863
7455
4815
7539
5609
5887
7702
4744
6116
6196
7326
4319
6241
6319
4216
5978
7384
4123
5676
7583
4253
4920
5774
7347
4327
6246
6326
4295
6533
6672
7592
4083
4843
5697
4323
5255
5464
7101
4805
5931
6117
6331
4547
5756
6061
6759
4426
4547
6138
7314
4869
6932
4780
5508
6140
4198
6283
6415
4797
5821
6934
4618
5219
5564
6266
6875
7588
5330
5595
6545
4209
6289
6420
6372
6709
7676
5565
6548
6684
7598
5007
5437
5553
6531
6316
6482
6535
4156
5132
5327
6346
7295
4761
5921
4568
4842
7013
4643
5244
5598
4714
5604
7235
7499
5397
5679
7578
4600
6741
7421
7432
5030
6494
6546
5657
6064
7686
5778
6018
7189
5619
7508
4351
6385
6857
7186
7670
4551
5027
6426
7009
4709
4951
6720
4778
4982
6568
7654
5914
6631
5786
6933
7000
5039
5468
5587
6557
4103
5606
6474
5581
6296
7396
7818
4575
7212
7412
4134
4296
4536
7416
4738
4961
6731
4581
4595
6419
6640
5736
5925
7099
4782
5726
6799
6493
6619
7498
4239
4980
6031
4185
5163
5366
6788
6963
7375
5364
5528
5997
5027
5790
7009
6545
6678
6878
7064
5623
7532
4571
5035
6455
7042
6806
7271
7541
4855
6473
4838
5530
7715
6045
6722
7074
7324
4771
4848
6665
4207
5120
5704
4660
5093
6039
4261
6364
4518
7048
4588
4930
7548
5035
5812
7042
6804
6977
7383
6114
6117
6331
6744
5551
6839
7150
6808
4867
6484
4772
5087
6868
7773
4247
7672
4598
4687
4917
5007
6531
6076
6118
6727
4138
4615
6051
4811
6473
4604
4689
4921
5539
6587
6784
7416
4402
4436
6307
4315
5581
7246
4138
4874
6112
5488
5644
4821
6484
4267
4830
4892
7316
4552
5630
7562
7813
4940
6619
6738
7498
5589
6197
5053
5100
5213
5643
4564
5198
5794
4309
4381
5138
5718
4213
4605
7072
5057
5107
5218
5645
5179
6680
7372
4852
5088
5570
6763
4593
4630
4885
5039
6557
4247
4768
4204
4530
6345
6850
5189
5777
7275
4437
5406
6272
6517
4301
4781
5764
4558
4884
5490
6512
5687
5869
7502
4460
5807
6658
4789
5405
6442
5661
6383
6885
7470
4524
5426
5392
5888
5891
6112
4591
5242
5832
4278
4747
6767
4557
5715
5788
4280
4748
6768
5340
5939
6277
7559
4734
4864
5861
7185
4439
4778
5551
5706
4656
7104
5880
7208
5446
6305
6539
4485
4592
6566
5158
6137
6174
6704
4271
4587
5172
5732
5439
5635
6270
7487
5398
7580
5435
5481
5754
6703
5441
5638
5983
6503
4757
5145
4618
5270
6663
7352
4469
5459
6623
4949
5991
6347
4256
4374
5197
4270
4569
5935
6305
5129
5448
5511
6422
4276
5308
6145
6495
4286
4596
5183
5747
5444
5491
5693
6712
5171
6148
7761
4473
6212
7777
5381
5759
7108
4601
7144
7448
4300
5172
7107
4900
5177
5827
6899
5451
5647
6001
6519
5406
6034
6517
7472
4432
5395
5859
6801
4276
5465
6145
7198
6367
6453
6585
5533
5585
6089
6807
4996
5046
7469
5480
6649
4600
5362
5910
6111
4305
5183
7112
5071
5167
6299
6301
4643
5299
6679
7368
5473
6641
4605
6819
4866
5902
6129
7021
5150
5466
4614
7155
7457
4872
5903
4273
4401
5530
4663
4807
5554
6095
4640
5523
6549
4658
6861
4700
5834
5895
4409
4470
5050
5850
4954
5343
6135
7029
4263
5123
7311
4390
5258
7331
5929
5935
7376
4659
5543
6564
4509
5002
5011
5446
6060
6496
6539
5278
6820
7323
6304
6364
6423
7346
4658
5641
6861
4537
4583
5958
4538
4664
4750
4521
5024
5025
4732
6726
7088
4612
5168
5398
6793
4414
5279
7342
7088
7404
4721
5860
5922
4753
6950
4962
5390
4977
7215
7785
5575
6323
6411
4783
5661
7335
5032
5231
5854
4351
5607
6385
4656
6845
6189
6211
7534
5434
5991
6264
6814
4346
4910
5909
5947
6352
7174
6499
7027
7055
4994
5743
6538
7739
4564
4801
5796
7597
7689
7718
5227
5416
5994
6645
6827
4856
5522
5713
6836
4572
4609
5989
5063
5234
5879
4660
7591
5702
6854
6967
7513
4317
4888
5359
5211
5445
6818
5144
5729
6714
4412
5352
5530
7440
4730
6269
4777
5227
5724
5930
5165
6254
7362
4452
5053
5709
6864
6976
7521
4459
5057
5113
5333
5501
7110
4426
4804
5591
5760
6675
4832
6655
7464
7733
4591
4835
5157
5746
6735
5917
6193
6476
7157
7321
4531
5175
7247
7762
4950
5011
5768
6681
4897
4996
7507
5418
6327
6686
7240
6238
6666
4363
5750
4752
6073
4965
5025
4760
6075
5999
6787
7711
6467
4399
4462
6920
4595
6699
7581
5636
6281
7768
6006
6795
7714
4967
7552
5258
5351
6788
7331
5046
7469
4362
4723
6142
4382
4391
5208
5457
4879
5313
7241
7444
4335
5533
5857
7360
5295
5500
6847
6049
4627
6065
6122
4826
7624
7680
4500
5064
6601
6984
4939
5360
7525
6247
6834
7603
4619
5308
6145
5625
6383
6885
4834
7082
5279
5373
6804
7342
5345
6008
6159
7568
4956
5377
4896
5336
7253
7455
4514
5076
6615
6994
6727
6835
7757
5477
5749
6240
6664
4515
4865
5765
7092
7700
5031
6089
5230
5959
4527
5009
6505
6993
7186
7599
4972
5656
5700
6523
6844
7741
5281
7235
4825
4836
5192
7065
5240
5974
4364
5069
6618
6764
5971
6273
6497
6528
7437
7677
5737
6480
7728
5339
5374
5771
5346
5378
5775
5881
5550
6300
6871
7617
4487
5564
6892
6901
7245
7783
4570
7522
7248
7784
4565
5056
7002
7343
5711
6132
6271
4541
5915
6960
4504
6043
6876
7800
4381
5449
5601
5837
7776
4476
6849
4523
5419
5482
4672
4682
4685
4375
7015
4842
7013
4542
4870
7230
4523
5482
6231
6506
6364
7346
7531
4507
5598
6919
6925
4812
5652
7378
5190
5280
7531
4376
6160
7395
5992
7717
4434
6973
7422
7736
4853
4876
7114
7712
4519
7404
7467
4978
5198
5773
4461
6360
4391
6857
7411
5168
5394
5398
4983
5602
5758
7214
4563
5447
5495
5352
4819
5660
7380
6279
4541
7310
6234
7180
6960
7489
4575
7429
7552
5813
6509
7756
6032
6127
7564
5181
5434
5683
4538
4808
6801
5651
6165
6360
7656
5226
6274
7172
7463
6449
4504
5059
7800
6150
7321
5237
5677
5912
7020
5545
6598
7204
5241
5694
5913
7024
4757
5217
6312
6949
5045
6441
7820
4513
6181
6412
6936
5870
6424
4511
5089
6746
4929
5284
6280
7138
4486
4929
7138
5727
5846
6966
6252
7187
4920
7347
7424
7749
6394
7722
5022
5242
5814
6433
6671
6766
7816
4661
4785
5062
6483
4462
5357
5946
7556
5129
5448
6914
4554
6069
6152
7409
4563
5495
6303
6555
4653
5880
6650
4991
7079
7314
5190
6619
5584
6064
6670
7686
6885
7101
7394
4844
5350
7394
5642
6024
7111
7651
5499
7789
4942
5649
6049
7117
7736
6755
7109
5727
5942
7507
4877
5412
6902
5318
6942
5945
7146
4814
6013
5466
6943
7641
4715
5894
5980
7147
5280
7531
5191
4556
7341
4722
6381
7142
7486
6039
6598
7204
7630
5089
5207
6176
5278
6041
4989
6259
6767
5255
5295
5500
5767
5721
5835
4905
5431
6929
4963
5685
6032
6127
7780
4990
6268
6768
6254
7152
5449
5021
6920
5203
6811
7659
5413
5730
5839
5589
5628
5995
6197
4632
4849
5232
4930
5203
6811
7127
5917
7453
5993
7525
5050
5187
6114
6917
4866
5462
7259
6024
7312
5214
4902
4993
7267
6578
6764
7605
4872
5467
7262
4747
5290
4837
5637
6330
4748
5292
4777
6541
5702
7513
5149
6205
7809
6435
6687
4746
6623
5196
5348
5849
6448
4703
7476
7529
4494
5988
6748
5034
6432
5709
7521
6099
6756
5491
7023
6152
7158
7409
4581
6640
7243
5000
5031
4698
4769
4798
6304
7806
4648
5666
5890
7596
4599
5569
7172
4598
5201
5754
6922
5621
7778
5273
5494
6120
7639
4543
7662
7677
6641
7175
7456
7772
7808
4975
5666
6298
6841
5481
6703
5322
5766
7087
5611
6413
4668
5688
5510
5994
7385
5971
7466
5023
6226
6646
4926
7497
5260
5351
5952
4986
5688
4531
4796
5904
7247
4586
5419
5274
6580
7616
4709
6778
7473
6661
6717
7319
4628
7586
4567
4945
5750
6822
6053
6453
6792
5175
6307
6349
7191
7687
4649
4737
5805
6594
4811
5144
6825
5046
5217
5612
4945
5750
5795
5327
4750
5898
5714
5872
4546
6492
7739
5954
6047
7311
7164
5717
5873
4781
5764
7065
7403
5286
5373
6972
7661
4819
4961
5544
7131
4821
5157
6833
5956
6542
7796
4676
6048
6482
5202
7203
7822
4654
4755
6613
6840
5020
6293
4808
5395
6801
7094
6147
7229
5537
6067
4765
5856
6846
5117
5544
5847
6816
5323
5563
6151
7650
4899
6083
6193
4795
6099
4641
5447
4700
4978
6634
6689
6772
6663
7352
4838
6722
7013
7765
5211
7258
5622
6490
4694
4909
6494
5366
4912
6130
6273
6281
6498
6883
7468
4606
6756
7189
5358
7303
7646
5229
5858
7430
4923
5315
6015
5527
7231
4886
5140
5054
5846
6657
4801
4738
6816
7543
5121
6522
6231
6897
6954
5144
5999
6862
5348
5977
6337
6581
4783
4885
5661
7819
4721
5022
4729
6962
4783
5220
6200
4754
4809
6433
6671
7719
5157
6006
6865
5469
7414
7768
5201
6005
6389
7358
7044
7257
4879
5361
5877
5196
5487
5849
6361
6604
5212
6010
5926
6040
6217
7601
7745
6577
6716
7705
4835
4958
5258
5260
5351
4864
5527
5861
6421
5040
6272
6406
5583
7249
4896
5379
5889
5644
6051
7466
5520
6813
7235
4786
6688
6941
6663
5465
5779
7333
5584
6427
6656
7044
5109
5497
5946
6336
5474
5674
6821
7106
6915
7509
5145
5602
6051
6085
4979
5279
5286
5373
6038
7074
4763
6605
4794
5155
5324
6346
6447
5131
6837
7097
7287
5627
5937
4637
5895
6999
7503
5795
6243
5489
5695
6826
7113
6926
7512
5272
7003
7517
4791
5161
5382
4740
5026
5424
6376
7471
4936
5600
6303
5358
7575
6679
4807
5918
6095
5237
5677
5924
5325
5659
7615
6084
5283
6725
4654
6999
6927
7496
7709
6791
7757
4879
5092
5877
7241
4901
5583
6446
4745
7003
5013
6698
5241
5694
5928
6199
6595
6388
7480
4892
4740
5521
6260
7257
6205
6909
7587
6499
6715
5078
6119
7652
4914
5159
5301
5922
5067
5878
5302
6742
5205
5567
7722
7807
4896
5103
5889
7253
5596
7293
7325
5004
5222
5403
5079
5885
6262
7019
5027
6353
4776
5404
5657
6501
7428
7685
7747
5339
5374
5789
6124
5220
5525
5906
6056
4910
5909
7207
7511
5072
6843
5164
6812
7522
6779
7211
5072
7312
5041
6718
5843
6981
5346
5378
5806
6126
5845
6985
4911
6235
4824
4885
7750
7819
5944
7389
5142
6090
6443
5035
6358
4711
6136
6879
5098
6062
7812
5093
5113
4916
6240
4906
5228
7609
5130
6164
7663
6395
7438
5098
7712
5300
5585
6143
6940
4948
5650
5823
7580
6701
7125
6365
7064
7232
4792
4791
4899
5161
5966
7281
7745
5463
5681
5742
6951
6971
5520
6405
7235
7705
5240
5886
4794
4912
5155
5996
7331
7693
5102
5974
5449
5578
4815
5763
5722
7453
7764
5973
7239
5099
5699
6582
6677
6583
6676
4735
5821
6790
6247
7713
4833
5203
6013
4966
5082
7211
5298
7055
5098
5844
6062
6440
5118
5271
6166
5810
6186
7768
6705
4841
7342
7697
5062
5697
6587
6784
4884
5490
6586
4816
5678
5757
6093
5892
6637
6706
7138
7315
7476
5753
6397
6639
7563
4804
5586
5707
6550
6749
7711
5126
5184
5324
7221
6970
7758
6432
6895
7046
7495
4915
6949
5815
6996
7005
5014
6946
7239
6560
6752
7714
7067
7381
4992
5219
6300
7032
5127
5430
5978
6974
4940
5028
6738
7817
7497
4775
5460
5546
5751
7734
5701
7357
5627
5396
5687
7109
5782
6652
6945
7284
7355
6355
6766
5614
6141
4837
5616
5716
5871
6572
6155
4887
6332
6799
6200
4807
5149
5554
5944
6158
6483
6694
7698
7815
5018
6310
5033
7233
7494
5232
5950
5209
5267
6291
6898
6720
7081
5080
6278
6669
5281
7261
7230
7678
6243
6423
7818
5276
5654
7213
5073
5285
7329
4978
5051
6710
6900
7528
5282
5655
7216
6769
4995
5501
6810
5601
5801
6195
6451
6302
4845
4938
5634
6078
7750
5476
4951
5652
7126
5475
5507
6131
7820
4833
5680
5948
6655
7464
7435
5605
5968
6410
6421
5280
5816
6314
4961
6728
5364
5736
7595
5496
5400
5784
7070
5166
5745
6078
6275
6447
5917
4888
5439
5635
4972
6523
6668
6888
5575
6257
7056
7814
5469
5748
7414
5438
7591
5000
6320
6692
5371
6907
7798
5948
7217
5252
5253
5382
5022
6851
7403
5137
7610
7715
5277
5910
6384
5423
5804
7083
6731
7115
4967
4987
5697
5133
7356
5317
6433
4994
6538
6603
6903
5626
6000
6436
6446
5552
7593
5937
7108
5208
7351
7420
7707
4999
5597
6618
5014
6946
7547
6542
6724
7114
5506
5781
5269
6621
5152
5325
4858
4889
6769
7535
5249
7054
5755
6129
6249
6562
4868
5254
7049
5118
5271
6522
6978
7516
7555
6261
7231
5420
5994
6645
7259
7781
5289
5550
6636
4898
6780
7538
6932
6047
7190
7332
5770
6135
7262
7782
5679
7578
5488
6016
7474
5442
5720
6215
6902
6724
6803
6866
5032
5797
5884
5959
4918
7348
5916
6199
6790
6202
6904
5783
7541
7796
6707
6447
5710
5860
5189
7367
5248
7270
5097
5251
5068
5876
5154
6917
5907
5974
6940
7440
5992
6048
6316
6482
6760
5108
5256
5966
5559
5827
7118
5880
7208
7249
5866
7307
5047
5148
5828
6248
5020
5741
6097
5063
5831
5611
7753
5479
5776
6250
6929
4931
5257
6716
7198
5030
6028
6455
6351
5048
5996
5162
5419
6897
5856
6512
7527
6088
6429
5058
5201
6657
7694
6982
7372
5212
5034
5683
7285
6069
7409
5015
6465
5620
5630
7822
6779
7774
6811
6093
7705
7771
6059
6491
7473
5427
5479
5973
5038
6478
5176
5447
6167
5513
5634
7803
5303
5652
6866
6905
5101
6904
5227
5930
5535
6855
7388
6941
7222
7491
7648
5016
6168
6518
7523
7580
6204
7810
5066
5957
5526
6221
5787
6435
6717
6794
5072
5609
6606
7702
5412
6215
6902
6020
6527
6916
5310
5660
5095
6488
7180
6023
6532
6923
5458
5547
6928
6224
5431
6250
6929
5083
7143
6285
6786
7010
5084
5969
5051
6900
7441
4987
5880
6650
5146
5949
7103
5151
6061
6282
7058
4996
5653
7731
6755
5290
5515
6286
6628
5470
6601
5292
5472
6287
6642
7018
7786
7187
7088
4992
6207
5497
6839
5142
6118
7353
5584
6656
6670
7809
5298
5478
6615
7303
5266
5574
6767
6768
6455
7042
7422
5650
6034
5547
5866
7619
7739
5501
6331
7110
5408
5288
5702
6881
6967
5072
6606
7312
7407
5104
5125
5127
6403
5738
6234
5045
6309
6441
7821
5087
5353
6462
6691
7483
7765
5971
6238
6547
6563
7542
5143
5422
6661
5841
6772
7586
5738
5957
5121
5767
7322
6461
6963
7375
5088
7458
7062
5795
7625
5354
7337
7431
7550
6837
6856
5305
5709
6891
6976
5572
5946
5033
5761
6252
5761
5969
7134
7754
6106
6463
7796
6340
6494
5300
6180
7301
6060
6179
6288
5192
7699
5185
5474
7078
6263
6575
5168
7237
6486
6977
7383
5080
5263
7486
5689
6550
7509
5245
6094
6330
7136
7201
7668
6072
6248
7633
5511
7758
5561
6428
6635
5307
5394
7441
5703
6560
7512
6259
6648
5236
5200
5489
5182
6431
6689
6268
6653
5978
6974
7339
7350
7778
5371
7733
7745
6337
5424
6434
6206
7317
5269
5476
5603
6276
6295
5567
6011
6938
5097
6535
5876
7327
5745
5428
7373
7451
7576
5352
6932
5751
7119
6361
5483
5560
5985
5289
5496
5617
5337
6959
7179
7366
5343
6278
5108
6546
5094
5393
6222
6392
6881
5375
6120
6900
7536
6019
6529
5344
6964
7182
7370
5541
6248
7633
7752
5396
6363
7458
5187
7043
7146
5537
6067
6937
6955
7143
5113
5333
5308
5529
6622
5411
6229
6408
6891
6184
7154
5526
6758
5646
7741
6957
7154
5460
5546
6005
6044
6469
7674
5519
6342
7150
7265
6188
6336
6762
7556
5820
6931
7052
7352
5153
6644
7543
5783
6042
7271
5906
6325
7157
7335
5170
7574
5174
7573
6489
7041
5401
5875
5682
5480
6242
6368
5312
5970
6513
5698
6047
6010
6052
6477
7675
5226
7463
6950
7685
7747
5177
6379
5390
6320
6026
6310
6956
6987
7053
5793
7160
5427
6151
6946
5362
5910
6384
7540
5349
7207
6780
5718
6225
7506
5349
6294
6419
6831
5848
7057
7260
7353
5712
6566
5897
5602
6312
5949
7364
5566
6074
6805
5622
5881
5554
5466
5561
5632
7788
7408
7593
6644
7413
6867
7316
6497
5309
6387
7190
7275
5911
5738
5957
6011
5363
6512
5962
6154
7437
6476
5389
6897
7011
7084
5745
5807
7198
7792
5331
6513
6673
6857
7411
7443
7441
5383
5568
6961
6124
6582
5761
5969
6019
5999
5733
6126
6583
5648
7391
5425
5600
5559
6403
5663
6761
5951
6869
6357
6760
6179
7035
5752
6605
6006
5524
7334
7747
6195
6424
5434
6267
7285
5309
7275
5197
5562
5803
6500
5455
5271
6544
5399
5631
6057
5940
6581
7723
5947
6997
7658
5213
5619
6884
5435
7664
7701
7823
7217
5218
5623
6887
7428
7600
7628
6203
7325
6103
6176
6290
5457
5715
5524
6898
7334
5921
7508
7458
5444
5693
5643
5809
6521
5842
6190
5577
6870
6443
5645
6663
7210
6161
5960
6604
7730
5383
5403
5789
6124
6322
5454
7076
7327
5635
6797
7680
7463
5614
5826
7199
7753
6379
5959
6180
5254
5967
7049
7679
6206
5806
6126
6335
5926
6437
7028
5924
5477
5749
7371
7720
5249
5979
7054
7684
5974
5928
7030
7671
5509
6667
6710
6719
6679
7233
5663
5696
5399
5430
7025
5592
6924
7359
5515
7302
6035
6352
6697
7174
6098
6184
7535
7082
7726
7763
5592
7359
7763
6036
6242
7103
6100
6188
7538
5465
6716
7180
5500
6324
7322
7731
5284
6280
6907
7537
5304
5347
6405
7780
7142
7486
5506
5927
7219
6325
7335
7516
6180
7301
5725
7622
7729
5691
7150
6473
6984
7062
5861
7517
6971
7639
6580
5331
6673
7638
7669
6916
7245
7783
5641
6708
6041
7187
5578
5604
6923
7248
7784
7040
7269
6511
7627
5388
7305
7369
7739
6373
7626
7732
5784
6754
7723
6484
6994
7302
5565
6237
6327
7719
5705
5452
7125
7364
5508
5995
6572
7642
6323
7103
5570
6700
6763
6774
6569
6867
7088
7260
6089
7527
7059
7282
5360
5896
5502
6116
6196
5804
6775
7730
5318
5759
6942
5503
5850
7653
7332
5377
5908
6003
6207
6369
6812
6153
7444
7644
5605
5884
5968
7448
5510
6824
5335
5759
6910
7148
7483
5706
6910
5339
5771
5914
7256
6227
7363
7575
5619
5381
6880
7108
5427
7005
7650
7334
6227
6944
5485
6808
6811
5346
5775
5925
7268
5623
6244
7064
6894
5521
5920
6064
6260
5664
5626
5907
6000
7457
5506
5781
7219
6178
7455
7649
6415
6749
7308
5374
6124
6582
7504
6101
6185
6828
5453
6820
7048
7266
5378
6126
6583
6420
6752
7309
6541
7510
6405
7499
7744
7676
7313
7511
5452
7340
6299
7485
5434
6814
5510
7385
6294
6841
5915
6920
7199
6344
7683
7624
5785
6319
6939
7144
7257
7760
5490
7294
6474
5771
5914
5680
5948
6161
5775
5925
5833
7361
7599
5893
6044
6821
7674
5723
6266
6875
6120
5596
7111
7312
7407
5792
6326
6947
7155
5899
6052
6826
7675
5766
7359
6961
5522
6179
6288
5534
6196
6743
7493
6483
6786
6727
7757
5454
6834
7095
7224
5914
7256
7737
5539
6016
7137
5702
6881
6710
5499
7616
7109
7709
7769
6793
7025
5933
7209
6113
6166
7738
5853
6197
6256
5657
5726
6799
7379
6793
5925
7268
7743
7295
7469
7414
7688
5504
6167
6776
5709
6891
5839
5505
6168
6777
6225
6927
7506
5615
5853
6209
6337
6503
6712
7023
6622
5482
5790
6506
5712
6397
7563
5955
7226
6285
7167
7250
5549
7094
6151
5500
6847
6951
7014
7177
6714
6979
7040
7269
6561
7158
5481
6220
6361
6519
5794
6662
6874
5535
6081
7316
6574
7270
6325
7157
7687
6055
6567
6616
6971
5495
5812
6555
5491
6818
6451
6735
6992
7059
7282
6066
6576
6629
6701
6871
6012
7181
6702
7244
7699
6693
7039
7568
7657
6461
6892
5577
6623
5877
7304
5532
6401
5867
6226
5625
6242
6368
6145
5542
6409
5832
6683
6896
6281
6883
6070
6601
6984
5818
5606
7350
6641
6765
7820
6473
6825
6486
6919
6079
6615
6994
7005
6058
6746
5811
6732
6740
5744
5753
7184
7563
7659
6996
7202
7490
5671
5727
6950
7685
6980
6748
5667
5756
5864
6070
6170
6536
7655
6484
6833
7228
7654
5769
6747
7616
5534
6032
7780
7643
7766
5668
6730
5672
6733
6160
6765
5670
6579
6134
6710
7528
5615
5961
5796
7718
6078
6255
5782
6456
7192
5516
6628
7159
6191
6858
7276
6192
6859
7277
5874
7265
6116
7326
5640
5920
6296
6895
7513
7545
7710
6374
7620
6161
7225
7126
7231
7667
7800
6308
6525
6848
6041
5689
6241
7259
5901
6089
7075
7505
6589
6597
5718
7082
7506
7726
5656
5788
5684
6414
6472
5888
6721
5568
5824
6156
6961
7633
5703
6246
7262
7521
7554
7716
7041
6318
6297
5577
6430
5552
6507
7363
7593
6302
7094
6342
6334
6665
6547
6662
6205
6625
6626
6304
6317
7806
6201
6369
6448
6460
7205
6037
6740
6930
7058
7346
7531
6593
7673
6623
7210
5735
7240
5588
6025
7300
6017
7164
7172
7358
6172
7547
6419
7149
5741
5714
6354
6911
7449
6399
6643
7301
5821
6790
7619
6314
6565
6877
7601
5734
6341
7299
7818
5717
6362
6918
7450
7249
5941
5778
6150
5992
6316
6575
6683
5923
6805
6838
5723
6030
6282
7717
6924
6191
6192
6195
6244
6233
6445
6618
6764
6641
7233
5731
6452
6514
7022
7664
6142
6451
7353
5897
6825
6875
6642
7170
6022
7317
6577
6843
5883
5777
6762
6013
6309
6737
7355
7821
5994
6824
6028
6340
5911
6833
6327
6686
7581
5643
6829
6973
6685
7557
6022
5645
6297
6798
7051
6383
6978
5863
6665
7220
7278
7642
5774
6391
7347
6829
7822
5939
6277
7025
6282
7717
7788
6311
7418
5793
5653
5810
6088
5696
7736
6222
6392
6616
5875
5883
7026
5765
7175
7808
6175
6534
7279
6950
7031
6229
6408
6629
6936
7618
5819
6592
7279
6225
7263
7656
5896
5852
6191
6988
6192
6989
5788
6853
5920
6658
6968
7267
5866
7290
7307
5908
6728
7819
5988
7330
7515
7008
7136
7110
7410
5872
5912
7020
6601
6725
6508
7565
7803
5924
6167
5873
5913
7024
6140
6380
5849
6460
5928
6168
5681
6044
6516
6009
6633
7691
6808
7791
6584
7412
7484
7709
6179
7285
6414
6235
6699
7330
6096
7773
6615
6742
5817
7509
6664
6957
7306
7145
6092
6306
5786
6596
6052
6526
6330
6965
5726
7332
6240
5788
5952
7731
6349
6558
7191
5825
7512
6194
7350
6342
6910
6316
6535
6009
6171
6290
6633
5860
5922
5818
5984
6271
5744
6068
6296
6836
7396
5760
6911
7351
6340
6546
5768
6918
5722
6410
6421
6524
6971
7132
6157
6939
7144
7082
7602
5936
6141
7007
6174
6458
6898
7631
7318
7646
5732
6979
7571
6169
6947
7155
6452
5932
6149
6237
6263
7243
7086
7423
6713
6137
6019
6373
6529
6046
6085
6507
6591
7639
5929
6492
6617
7178
7563
6262
5747
6992
7579
5943
6883
7382
7371
7776
7119
6086
6456
6322
5769
6258
5987
6077
7274
6508
7121
5894
5980
7412
6051
7466
7634
6354
6599
6148
6436
6446
6553
7142
7281
7464
7611
6308
6848
7560
6242
7322
6362
6607
6703
5998
6082
7283
6481
6832
7424
7823
6356
7072
7658
6189
7005
7162
6413
6150
6217
7333
5864
7722
6590
7336
6335
6542
7114
6292
6967
7804
6712
6933
7504
6069
6146
7805
7160
6531
6997
7416
7128
7660
6399
7301
6676
7223
7461
5840
5918
6677
7227
7462
6033
6142
7452
7553
7624
6313
6976
6705
7510
6254
6632
6948
7215
7456
6088
6429
5985
6396
7433
6723
6390
7104
7671
6654
7650
6541
6550
7259
7781
7279
6547
7052
6934
6855
7273
6017
7445
7790
6560
7262
7782
6958
6211
7534
5881
6016
6501
7474
6182
6939
7317
6557
7030
6027
6612
6630
7665
6705
6935
7691
6117
6743
6187
6947
6187
6203
7147
7292
6632
6948
7613
6440
7557
7614
6489
7413
6548
6575
7598
6460
5870
7653
7550
7632
6357
6827
7264
6520
6528
6087
6198
6512
7360
6127
7789
6270
6695
6092
6306
7298
6091
6210
6430
6029
6222
6584
6886
6096
6755
7465
7488
6572
7133
6911
6918
6123
6995
7738
6102
7035
6955
6535
6467
6537
6229
6596
6889
6339
6157
6544
6546
7767
6186
6957
6031
7027
7672
6186
6429
6822
7066
7613
7212
7665
7126
6714
6825
7069
7614
6232
6398
6437
7781
7782
6387
7230
6239
6400
6056
6200
6169
6570
6728
7629
6111
6735
6833
7188
7092
7197
7540
6696
7221
7576
7645
7381
7553
6025
6515
7481
6730
6807
7287
7560
6733
6177
6975
5936
6810
7075
7493
6376
7471
7571
7070
7693
6087
6776
6177
7006
7007
6092
7085
6091
6777
6057
7500
5986
6292
6698
6064
6260
7105
6739
7297
6388
7480
7579
6058
6183
6852
7228
5956
6107
6173
7101
7394
6942
6869
7205
7731
5984
6271
7280
7310
7797
7083
7697
6106
6352
6011
6007
6313
6718
6422
7758
5976
6647
7153
6500
6523
6554
7425
6105
6551
6614
7012
5982
6617
7405
6193
6476
6036
7178
7184
6544
6019
6026
6310
6711
6854
7151
7794
6796
6339
6404
6861
7153
7676
7791
6035
7192
7524
6093
7705
6343
6416
6638
6521
6538
6603
6216
6503
6121
6963
7070
6459
6991
6864
7165
7795
6204
6264
7395
6782
7320
6579
7642
6273
6497
7567
7595
7667
6471
7001
6787
6570
6228
6519
6209
6392
6754
6881
6207
6662
6874
6396
7433
7445
7790
6981
7401
6795
6977
7083
6651
7039
6935
6985
7406
6458
7266
7430
6269
6220
6408
6775
6891
7409
6112
6734
6104
7189
7398
6294
6655
7537
6490
7695
7400
6534
7111
6751
6513
6673
6340
7117
6226
6683
6896
7251
7261
7602
6726
7505
7764
6138
6386
6147
6377
6771
6817
6065
7465
6756
7097
7287
7114
7712
7567
7667
6516
7013
6334
6359
7291
7332
6426
7395
6592
7102
7485
7801
6526
6850
7389
6222
6584
6616
6198
6216
6366
7157
6162
6729
6852
6491
7494
6508
7314
6185
6828
6229
6596
6629
6210
6228
6375
6406
6566
7178
7518
6293
6170
6621
7195
7478
7643
6849
7605
6600
6749
7308
6208
6872
6602
6752
7309
6108
6298
6129
7080
6275
6311
6636
6873
6684
7000
7344
7598
7388
6135
7091
7611
6359
6456
6468
6605
6269
7085
7435
7341
7689
6909
7221
6755
7109
7223
7573
6969
7638
7227
7574
6515
7481
7500
7036
7369
6690
6813
6318
7010
6352
6697
6588
6487
6727
6835
6600
6625
7308
6602
6626
7309
7289
7432
6830
6488
6934
7392
6405
7493
7177
7767
6734
7433
7074
7533
7265
6241
6319
6915
7509
7390
7569
7021
7629
6231
6954
6462
7148
7483
6246
6326
6926
7512
6667
7337
7431
7029
6463
7656
6234
7661
6855
7133
7176
7273
6159
6345
7764
6150
6940
6190
6851
6293
6380
6377
6252
6457
7692
6842
6987
7053
6647
6815
7175
6851
7403
7436
7102
7485
7448
6983
7577
6541
7568
7526
7696
6173
6751
7500
6218
6223
7302
7202
7348
6463
6697
6505
7185
7457
7520
7770
7373
7451
7572
7217
7225
6704
7729
6592
7246
7651
6609
6492
6540
6863
7011
7084
6936
6939
6439
7223
7559
7812
6429
6947
7227
6479
6948
7611
6321
6781
7220
6567
7197
7335
6709
6953
7120
6904
7325
6814
7606
6670
7317
6624
6781
7530
6337
6581
6576
7118
6438
6534
7124
6611
6783
7473
6254
6495
7096
7132
6366
6807
7189
6771
7584
6276
6295
6361
6604
6459
6720
7378
7270
7302
7584
6471
6731
7380
6360
6646
6944
7408
6375
7429
7459
7015
7066
7111
7293
7495
6574
7270
7492
7584
6640
7243
6533
7069
7416
7640
7637
7038
6687
6702
6562
7801
7162
6347
7076
7129
7327
7392
7569
7724
7565
7803
6612
7264
6847
7623
6922
6648
7254
7105
7185
7319
6548
6894
7251
7261
6536
7090
6653
7255
6695
6732
6462
6793
7629
7728
7559
7652
7242
7354
7446
7768
7314
6376
7179
6384
6595
7197
7540
6434
6628
6884
6642
6887
6432
6895
6388
7182
6609
7033
7622
7070
7723
6511
6860
7073
6798
6487
7627
7443
6701
6385
6857
6932
7022
7079
6818
7291
7191
6525
7700
6502
7284
6837
6873
6443
7353
7083
7730
6411
7125
7166
7364
7597
7718
6598
6614
7804
7663
7339
7350
7612
7184
7679
6593
7141
7516
7805
7581
6706
6840
6844
7608
7341
6744
6442
7367
7460
6707
6846
6507
7298
7192
7684
6736
6554
7622
7729
7759
7026
6466
6945
6590
7031
7514
7575
7683
6585
7007
6447
7666
6757
6890
7543
7357
7555
6685
7339
7530
7612
7313
7511
7539
6482
6407
6599
6433
6766
6498
6494
7291
6418
6607
6868
6423
7289
7387
7621
7657
6522
6978
6953
6737
7355
7727
7824
7049
7574
7679
6490
7695
6924
6785
7747
7807
7229
7518
7054
7573
7684
7266
7430
6579
7756
6635
7238
7524
7661
6412
7190
7785
6504
7347
6503
6416
6844
7099
7741
6904
7529
7609
6695
6732
6993
6444
7066
7106
6779
6450
7069
7113
7213
7245
6487
6835
7774
6899
6631
7026
7089
6417
6549
6519
7216
7248
7682
6413
7275
6739
7297
7107
7179
6638
7031
7193
7449
6425
6564
6831
7112
7182
7377
7043
7397
7200
7450
7395
6741
7621
7526
7788
6928
7290
7002
7293
6483
6786
6807
6534
7279
6852
6828
6838
7272
7698
6799
6674
7407
6709
7676
6921
7188
6782
7320
6792
6832
7424
7749
7825
7117
7524
7135
7502
6938
7620
7274
7704
6697
7236
7572
7814
6469
7338
7454
7727
7183
7238
7524
6516
7401
6543
6690
7770
7283
7708
6518
7523
7532
7296
7348
7490
7694
6696
6478
6526
7406
7345
7156
7534
7728
6608
6680
7372
7643
7766
7774
6827
7392
7071
6761
7096
7427
7494
7720
6711
7491
6860
7073
7474
7607
7698
7482
7749
7319
7015
7058
7756
7002
7139
7608
6841
7537
6563
7542
6828
6838
7351
7707
6739
7168
7357
6853
7021
7783
7168
6809
6924
7242
7288
7029
7784
6547
7052
7183
6617
7371
7720
7796
6666
7770
6651
7064
6575
6599
7630
7802
7815
6668
7079
6965
7640
6750
7286
6836
7119
7396
6990
7382
6782
6607
7163
7446
7460
7654
6589
6597
7551
6850
7006
7389
6659
6603
6682
7570
6817
7487
6843
7060
7145
6754
6886
7568
7657
6745
6980
6744
6724
6905
6867
7316
6910
7336
6951
7068
7246
6999
7503
7197
6889
6614
6675
6682
6775
7061
6681
7203
7754
7823
6633
7688
7740
6783
6802
7590
7220
7003
7517
7630
6975
6905
6885
7160
7470
6984
6645
6848
6662
7366
7370
6685
6805
6872
7557
7159
7402
7089
7232
7772
7208
7343
6930
7477
6994
7326
7099
7256
7737
7719
7170
7252
6683
6861
7175
7398
6852
7551
6678
7268
7743
7400
6996
7122
7798
7809
7690
6968
7152
7278
7642
7304
6717
7298
6690
7234
7194
7544
6888
7759
7333
7652
7587
6909
7221
6986
7234
6956
7068
6959
7039
7206
7754
6964
6903
7761
7240
7778
7023
6702
7244
6941
7491
6772
7429
7459
7360
7663
6893
7621
7657
6983
7399
7755
6963
6774
7236
7572
6871
6834
6747
7759
6840
6846
7387
7808
7023
7183
7040
6860
6977
7194
7704
7137
7171
7280
7168
7027
7055
7131
7146
7708
7487
7445
7059
7460
7654
7095
7821
7813
7817
6817
7487
7044
7475
7493
6980
7149
7107
7122
7481
7112
7034
7128
7660
7713
7723
6969
6882
6890
7647
7126
7063
7121
7725
7008
7562
7753
7526
7041
7131
7492
6912
7559
7730
7612
6965
7640
6938
7300
7620
7012
6862
7742
7485
7801
6982
7659
7809
6865
7161
7680
7436
7728
7479
7561
7706
6866
7134
7365
7746
6872
7751
7779
7791
7484
6983
7399
6953
7173
7326
7337
7456
7786
7492
7037
7048
7181
7066
7106
7776
7586
7069
7113
6973
7017
7738
7149
7294
7167
7721
7305
7036
7028
7557
7228
6970
7627
7053
7236
6974
7373
7605
7007
7196
6937
7425
7710
7388
6966
7276
7277
7084
7716
7134
7116
7118
7619
7340
7530
6997
7016
7499
7163
7618
7206
7289
7432
7130
7263
7656
7085
7087
7108
7558
7589
7735
7468
7159
7193
7170
7200
7420
7039
7206
7475
7019
7030
7047
7636
7620
7156
7632
7210
7420
7472
7585
7600
7628
7798
7098
7666
7816
7020
7812
7539
7756
6987
7415
7804
7783
7024
7427
7188
7797
7811
7338
7401
7784
7233
7427
7494
7419
7805
7506
7726
7566
7565
7062
7592
7345
7691
7425
7300
7011
7615
7299
7727
7645
7785
7068
7140
7682
7120
7636
7668
7304
7097
7669
7306
6960
7489
7179
7229
7713
7182
7678
7097
7669
7758
7032
7238
7725
7405
7151
7794
7294
7613
7674
7757
7075
7614
7675
7592
7635
7276
7398
7277
7400
7222
7648
7067
7704
7165
7795
7519
7145
7122
7016
7376
7003
7086
7708
7787
7810
7597
7012
7641
7061
7068
7658
7026
7089
7738
7662
7677
7251
7449
7701
7450
7287
7047
7741
7725
7622
7128
7603
7036
7194
7043
7397
7131
7105
7570
7626
7246
7651
7671
7538
7098
7523
7546
7592
7535
7073
7814
7078
7344
7598
7565
7605
7633
7177
7702
7352
7121
7617
7403
7081
7706
7413
7658
7324
7577
7129
7244
7122
7296
7490
7260
7344
7274
7378
7561
7704
7115
7735
7285
7283
7380
7700
7760
7212
7616
7201
7824
7169
7666
7140
7542
7103
7755
7790
7671
7257
7711
7714
7589
7708
7135
7773
7422
7205
7734
7173
7737
7777
7166
7217
7225
7548
7666
7769
7273
7502
7597
7689
7171
7446
7743
7682
7322
7241
7536
7448
7292
7269
7678
7442
7625
7253
7549
7457
7534
7533
7750
7393
7688
7218
7315
7662
7282
7682
7721
7825
7762
7585
7522
7388
7518
7323
7447
7679
7319
7417
7230
7286
7684
7544
7646
7683
7436
7771
7556
7636
7821
7490
7813
7817
7421
7511
7343
7269
7237
7349
7412
7245
7501
7634
7785
7786
7248
7315
7476
7560
7461
7582
7824
7328
7282
7462
7387
7441
7661
7258
7374
7644
7288
7678
7594
7825
7349
7649
7276
7398
7277
7400
7504
7458
7368
7602
7769
7392
7724
7336
7510
7541
7751
7802
7815
7378
7324
7733
7380
7355
7426
7354
7566
7615
7298
7495
7469
7694
7807
7329
7603
7311
7366
7370
7793
7539
7446
7465
7488
7604
7447
7548
7603
7515
7742
7606
7401
7778
7356
7617
7746
7406
7617
7555
7662
7569
7724
7793
7408
7434
7712
7460
7424
7623
7376
7517
7631
7479
7706
7648
7527
7496
7726
7763
7772
7569
7599
7618
7762
7452
7624
7680
7734
7503
7665
7467
7593
7591
7670
7489
7681
7804
7591
7670
7578
7805
7707
7432
7475
7558
7595
7735
7720
7607
7807
7703
7528
7550
7445
7514
7575
7771
7792
7442
7610
7489
7681
7520
7770
7715
7610
7681
7547
7576
7688
7740
7764
7582
7727
7786
7483
7733
7497
7491
7648
7750
7819
7545
7571
7707
7685
7621
7802
7514
7683
7553
7590
7554
7579
7500
7594
7749
7496
7604
7653
7584
7651
7709
7562
7813
7588
7799
7773
7665
7564
7577
7710
7687
7716
7696
7632
7609
7612
7692
7573
7635
7644
7798
7574
7760
7606
7787
7710
7794
7596
7645
7641
7649
7703
7740
7716
7795
7687
7753
7647
7748
7706
7577
7615
7748
7775
7626
7732
7794
7623
7795
7719
7824
7695
7600
7686
7816
7744
7735
7740
7825
7748
7607
7618
7646
7810
7674
7675
7814
7774
7722
7799
7644
7668
7699
7669
7655
7649
7779
7673
7689
7701
7721
7800
7820
7694
7742
7717
7788
7746
7815
7822
7767
7806
7823
7759
7761
7818
7780
7779
7775
7793
7817
7790
7792
7808
7779
7810
7811
7811
)


// ************************************************************************* //
