5.0 -77.7566101695
10.0 -48.0767372881
15.0 -17.1081398305
20.0 -2.83058771186
25.0 1.11874491525
30.0 1.15351228814
35.0 0.703125
40.0 0.443580084746
45.0 0.361477669492
50.0 0.350435338983
55.0 0.352398516949
60.0 0.352828644068
65.0 0.351377542373
70.0 0.350585084746
75.0 0.350784067797
80.0 0.350538686441
85.0 0.350827033898
90.0 0.351358559322
95.0 0.352067542373
100.0 0.352992669492
105.0 0.353968940678
110.0 0.355112457627
115.0 0.356421949153
120.0 0.357770847458
125.0 0.359234237288
130.0 0.360700211864
135.0 0.362183559322
140.0 0.363732457627
145.0 0.365279745763
150.0 0.366776144068
155.0 0.368330466102
160.0 0.369763474576
165.0 0.371223220339
170.0 0.372606440678
175.0 0.373878644068
180.0 0.375061483051
185.0 0.376135338983
190.0 0.377095127119
195.0 0.377936991525
200.0 0.378654957627
205.0 0.379243177966
210.0 0.379703135593
215.0 0.380007118644
220.0 0.380207118644
225.0 0.380266144068
230.0 0.380176525424
235.0 0.379958898305
240.0 0.3796
245.0 0.379134915254
250.0 0.378545677966
255.0 0.377842966102
260.0 0.37704190678
265.0 0.376153177966
270.0 0.375194449153
275.0 0.37418029661
280.0 0.373114194915
285.0 0.372003983051
290.0 0.370908474576
295.0 0.369732966102
300.0 0.368634788136
305.0 0.367493644068
310.0 0.366421694915
315.0 0.365373220339
320.0 0.364368898305
325.0 0.363419237288
330.0 0.362511144068
335.0 0.361655720339
340.0 0.360857711864
345.0 0.360106228814
350.0 0.359377330508
355.0 0.358662542373
360.0 0.358013135593
365.0 0.357442754237
370.0 0.356824364407
375.0 0.35627440678
380.0 0.355752330508
385.0 0.355217966102
390.0 0.354750720339
395.0 0.3542925
400.0 0.353872966102
405.0 0.353435550847
410.0 0.353081398305
415.0 0.352763135593
420.0 0.352474110169
425.0 0.352214237288
430.0 0.35200470339
435.0 0.351825084746
440.0 0.351710974576
445.0 0.351648177966
450.0 0.35163940678
455.0 0.351685847458
460.0 0.351796991525
465.0 0.351982838983
470.0 0.352221694915
475.0 0.352533516949
480.0 0.352958516949
485.0 0.353449279661
490.0 0.354068262712
495.0 0.354709322034
500.0 0.355494576271
505.0 0.356338644068
510.0 0.357372711864
515.0 0.358485211864
520.0 0.35961190678
525.0 0.360845889831
530.0 0.362177754237
535.0 0.363562711864
540.0 0.365050254237
545.0 0.366557923729
550.0 0.36800440678
555.0 0.369496271186
560.0 0.37092
565.0 0.372343516949
570.0 0.37369970339
575.0 0.374977923729
580.0 0.376145211864
585.0 0.37730940678
590.0 0.378401398305
595.0 0.379426144068
600.0 0.380409872881
605.0 0.381339364407
610.0 0.382210932203
615.0 0.383014152542
620.0 0.383853347458
625.0 0.384569279661
630.0 0.385315254237
635.0 0.385961822034
640.0 0.386640677966
645.0 0.387284745763
650.0 0.387878728814
655.0 0.388444152542
660.0 0.388956016949
665.0 0.389493940678
670.0 0.39000309322
675.0 0.390471652542
680.0 0.39091279661
685.0 0.391328728814
690.0 0.391718644068
695.0 0.392079364407
700.0 0.392413516949
705.0 0.392717076271
710.0 0.392992415254
715.0 0.393237372881
720.0 0.393450466102
725.0 0.393643559322
730.0 0.393793432203
735.0 0.393911271186
740.0 0.394015932203
745.0 0.394082161017
750.0 0.394124152542
755.0 0.394126101695
760.0 0.394108601695
765.0 0.394064194915
770.0 0.393996313559
775.0 0.393901398305
780.0 0.393783177966
785.0 0.393641949153
790.0 0.393481737288
795.0 0.393307542373
800.0 0.393112118644
805.0 0.392879788136
810.0 0.392661016949
815.0 0.392393983051
820.0 0.39213
825.0 0.391858305085
830.0 0.391567330508
835.0 0.391268855932
840.0 0.390967754237
845.0 0.390657754237
850.0 0.390335974576
855.0 0.38999529661
860.0 0.389670466102
865.0 0.389323644068
870.0 0.388979915254
875.0 0.388624830508
880.0 0.388271694915
885.0 0.387926101695
890.0 0.387592669492
895.0 0.387242372881
900.0 0.386892542373
905.0 0.386549618644
910.0 0.386196186441
915.0 0.385840508475
920.0 0.385504788136
925.0 0.385166525424
930.0 0.384831144068
935.0 0.384508855932
940.0 0.384185677966
945.0 0.383876822034
950.0 0.383564576271
955.0 0.383250847458
960.0 0.38295309322
965.0 0.382657372881
970.0 0.38237970339
975.0 0.38210440678
980.0 0.38183029661
985.0 0.381555508475
990.0 0.38128529661
995.0 0.381030635593
1000.0 0.380778516949
1005.0 0.38052779661
1010.0 0.380282838983
1015.0 0.380040889831
1020.0 0.379803305085
1025.0 0.379572033898
1030.0 0.379343389831
1035.0 0.379117881356
1040.0 0.378893559322
1045.0 0.378666737288
1050.0 0.378445635593
1055.0 0.378233050847
1060.0 0.378023262712
1065.0 0.377809788136
1070.0 0.377598389831
1075.0 0.377377330508
1080.0 0.37716940678
1085.0 0.376968135593
1090.0 0.376748771186
1095.0 0.376538898305
1100.0 0.37632
1105.0 0.376123771186
1110.0 0.37590779661
1115.0 0.375684533898
1120.0 0.375469533898
1125.0 0.375259830508
1130.0 0.3750425
1135.0 0.374828771186
1140.0 0.374616864407
1145.0 0.374401737288
1150.0 0.374193898305
1155.0 0.37397809322
1160.0 0.373762966102
1165.0 0.373551567797
1170.0 0.373353474576
1175.0 0.373147838983
1180.0 0.372943728814
1185.0 0.37273309322
1190.0 0.372527966102
1195.0 0.372328347458
1200.0 0.372134957627
1205.0 0.371944110169
1210.0 0.37174779661
1215.0 0.371559576271
1220.0 0.371377330508
1225.0 0.37118559322
1230.0 0.371004110169
1235.0 0.370821864407
1240.0 0.37064529661
1245.0 0.370468432203
1250.0 0.370296016949
1255.0 0.370123135593
1260.0 0.369961101695
1265.0 0.369793940678
1270.0 0.36962720339
1275.0 0.369458601695
1280.0 0.369301355932
1285.0 0.369134364407
1290.0 0.368980677966
1295.0 0.368819152542
1300.0 0.368667457627
1305.0 0.368507923729
1310.0 0.368358983051
1315.0 0.368202118644
1320.0 0.368057542373
1325.0 0.367905677966
1330.0 0.367753432203
1335.0 0.367603771186
1340.0 0.367460932203
1345.0 0.367312838983
1350.0 0.367171525424
1355.0 0.367026694915
1360.0 0.366889872881
1365.0 0.36675029661
1370.0 0.366612245763
1375.0 0.366473898305
1380.0 0.366338898305
1385.0 0.366203220339
1390.0 0.366070847458
1395.0 0.365937838983
1400.0 0.36580809322
1405.0 0.36567779661
1410.0 0.365550720339
1415.0 0.365423135593
1420.0 0.365298855932
1425.0 0.365174067797
1430.0 0.365052542373
1435.0 0.364930635593
1440.0 0.364811991525
1445.0 0.364696144068
1450.0 0.36458059322
1455.0 0.364464576271
1460.0 0.364358898305
1465.0 0.36424690678
1470.0 0.364132457627
1475.0 0.364022542373
1480.0 0.363916228814
1485.0 0.363808855932
1490.0 0.363700211864
1495.0 0.363598898305
1500.0 0.363489491525
1505.0 0.363388771186
1510.0 0.363293262712
1515.0 0.363193389831
1520.0 0.363098983051
1525.0 0.363005720339
1530.0 0.362911779661
1535.0 0.362824576271
1540.0 0.362734915254
1545.0 0.362643135593
1550.0 0.362563474576
1555.0 0.362473855932
1560.0 0.362388516949
1565.0 0.362309830508
1570.0 0.362224152542
1575.0 0.362143347458
1580.0 0.3620675
1585.0 0.361988559322
1590.0 0.361917372881
1595.0 0.361841864407
1600.0 0.361767245763
1605.0 0.36170029661
1610.0 0.361627372881
1615.0 0.361555550847
1620.0 0.361491864407
1625.0 0.361419872881
1630.0 0.361354364407
1635.0 0.361290932203
1640.0 0.361227118644
1645.0 0.361167415254
1650.0 0.361106652542
1655.0 0.361044279661
1660.0 0.360990254237
1665.0 0.360927754237
1670.0 0.360870847458
1675.0 0.360816271186
1680.0 0.360761313559
1685.0 0.360712161017
1690.0 0.360657923729
1695.0 0.360604830508
1700.0 0.360554788136
1705.0 0.360504830508
1710.0 0.360459110169
1715.0 0.360411779661
1720.0 0.360364067797
1725.0 0.360319533898
1730.0 0.360276949153
1735.0 0.360231779661
1740.0 0.360185677966
1745.0 0.360148220339
1750.0 0.360103305085
1755.0 0.360067245763
1760.0 0.360031822034
1765.0 0.359992245763
1770.0 0.359956101695
1775.0 0.359916101695
1780.0 0.359885
1785.0 0.359849194915
1790.0 0.359815974576
1795.0 0.359780635593
1800.0 0.359751822034
1805.0 0.359719618644
1810.0 0.359686864407
1815.0 0.359661101695
1820.0 0.35963059322
1825.0 0.359600635593
1830.0 0.359576864407
1835.0 0.359548644068
1840.0 0.359521144068
1845.0 0.359499110169
1850.0 0.359473008475
1855.0 0.359447881356
1860.0 0.359427754237
1865.0 0.359403644068
1870.0 0.359380381356
1875.0 0.359362161017
1880.0 0.359340084746
1885.0 0.359318940678
1890.0 0.359302161017
1895.0 0.359282161017
1900.0 0.359262881356
1905.0 0.359246737288
1910.0 0.359229830508
1915.0 0.359214449153
1920.0 0.359196355932
1925.0 0.359183008475
1930.0 0.359167330508
1935.0 0.359151355932
1940.0 0.359140466102
1945.0 0.359123728814
1950.0 0.359111822034
1955.0 0.359102118644
1960.0 0.359087372881
1965.0 0.359076101695
1970.0 0.359067076271
1975.0 0.359055762712
1980.0 0.359045042373
1985.0 0.359034110169
1990.0 0.359026822034
1995.0 0.359017542373
2000.0 0.359008262712
2005.0 0.359000847458
2010.0 0.358993601695
2015.0 0.358984872881
2020.0 0.358979364407
2025.0 0.358971059322
2030.0 0.358966059322
2035.0 0.358959745763
2040.0 0.358954449153
2045.0 0.358948389831
2050.0 0.358944364407
2055.0 0.358939661017
2060.0 0.35893470339
2065.0 0.358931567797
2070.0 0.358927330508
2075.0 0.358924067797
2080.0 0.358920974576
2085.0 0.358918135593
2090.0 0.358915211864
2095.0 0.358913474576
2100.0 0.358910805085
2105.0 0.35890940678
2110.0 0.358907838983
2115.0 0.358906271186
2120.0 0.358905381356
2125.0 0.358904576271
2130.0 0.358903559322
2135.0 0.358903601695
2140.0 0.358902966102
2145.0 0.358903262712
2150.0 0.358903177966
2155.0 0.358903771186
2160.0 0.358904110169
2165.0 0.358905084746
2170.0 0.358905889831
2175.0 0.358907033898
2180.0 0.358908347458
2185.0 0.358909745763
2190.0 0.358911398305
2195.0 0.35891309322
2200.0 0.358915084746
2205.0 0.358917118644
2210.0 0.358919364407
2215.0 0.358921694915
2220.0 0.358924237288
2225.0 0.358926779661
2230.0 0.358929661017
2235.0 0.358932372881
2240.0 0.358935635593
2245.0 0.358938432203
2250.0 0.358942076271
2255.0 0.358944957627
2260.0 0.358948898305
2265.0 0.358951949153
2270.0 0.358956101695
2275.0 0.358959364407
2280.0 0.358963728814
2285.0 0.358967161017
2290.0 0.358971652542
2295.0 0.35897529661
2300.0 0.358979915254
2305.0 0.358983771186
2310.0 0.358988559322
2315.0 0.358992457627
2320.0 0.3589975
2325.0 0.359001483051
2330.0 0.359006525424
2335.0 0.359010805085
2340.0 0.359016059322
2345.0 0.359020211864
2350.0 0.359025550847
2355.0 0.359029915254
2360.0 0.35903529661
2365.0 0.359039830508
2370.0 0.35904529661
2375.0 0.359049830508
2380.0 0.359055381356
2385.0 0.359059957627
2390.0 0.359065635593
2395.0 0.359070254237
2400.0 0.359076016949
2405.0 0.359080635593
2410.0 0.359086440678
2415.0 0.359091144068
2420.0 0.359096949153
2425.0 0.359101694915
2430.0 0.359107542373
2435.0 0.359112245763
2440.0 0.359118135593
2445.0 0.359122923729
2450.0 0.359128771186
2455.0 0.359133601695
2460.0 0.359139449153
2465.0 0.359144237288
2470.0 0.359150127119
2475.0 0.359154957627
2480.0 0.359160677966
2485.0 0.359165508475
2490.0 0.359171440678
2495.0 0.359176101695
2500.0 0.35918190678
2505.0 0.359186525424
2510.0 0.3591925
2515.0 0.359197118644
2520.0 0.359202966102
2525.0 0.359207627119
2530.0 0.359213389831
2535.0 0.359218050847
2540.0 0.359223559322
2545.0 0.359228262712
2550.0 0.359233898305
2555.0 0.359238432203
2560.0 0.359244194915
2565.0 0.359248474576
2570.0 0.359253940678
2575.0 0.359258516949
2580.0 0.359263940678
2585.0 0.359268432203
2590.0 0.359273771186
2595.0 0.359278135593
2600.0 0.35928309322
2605.0 0.359287881356
2610.0 0.359292881356
2615.0 0.359297245763
2620.0 0.359302161017
2625.0 0.359306694915
2630.0 0.359311567797
2635.0 0.359315762712
2640.0 0.359320550847
2645.0 0.359324957627
2650.0 0.35932970339
2655.0 0.359333728814
2660.0 0.359338389831
2665.0 0.359342627119
2670.0 0.35934720339
2675.0 0.359351101695
2680.0 0.359355762712
2685.0 0.359359618644
2690.0 0.359364110169
2695.0 0.359367881356
2700.0 0.359372457627
2705.0 0.359375974576
2710.0 0.359380381356
2715.0 0.359383855932
2720.0 0.359388347458
2725.0 0.359391737288
2730.0 0.359396059322
2735.0 0.359399491525
2740.0 0.359403559322
2745.0 0.35940690678
2750.0 0.359411016949
2755.0 0.359414322034
2760.0 0.359418177966
2765.0 0.359421398305
2770.0 0.35942529661
2775.0 0.359428389831
2780.0 0.359432033898
2785.0 0.359435338983
2790.0 0.359438940678
2795.0 0.35944190678
2800.0 0.359445677966
2805.0 0.359448262712
2810.0 0.359451822034
2815.0 0.359454872881
2820.0 0.359458135593
2825.0 0.359460847458
2830.0 0.359464322034
2835.0 0.35946690678
2840.0 0.359470127119
2845.0 0.359472711864
2850.0 0.359475847458
2855.0 0.359478432203
2860.0 0.359481355932
2865.0 0.359484025424
2870.0 0.359487033898
2875.0 0.359489279661
2880.0 0.359492415254
2885.0 0.359494576271
2890.0 0.359497372881
2895.0 0.359499745763
2900.0 0.359502457627
2905.0 0.359504576271
2910.0 0.359507415254
2915.0 0.35950940678
2920.0 0.359512076271
2925.0 0.359514067797
2930.0 0.359516610169
2935.0 0.359518559322
2940.0 0.359521059322
2945.0 0.359522923729
2950.0 0.359525381356
2955.0 0.359527161017
2960.0 0.359529533898
2965.0 0.359531228814
2970.0 0.359533559322
2975.0 0.359535211864
2980.0 0.359537457627
2985.0 0.359539025424
2990.0 0.359541186441
2995.0 0.359542669492
3000.0 0.359544788136
3005.0 0.359546271186
3010.0 0.359548305085
3015.0 0.359549618644
3020.0 0.359551652542
3025.0 0.359553008475
3030.0 0.359554915254
3035.0 0.359556186441
3040.0 0.359558050847
3045.0 0.359559237288
3050.0 0.359561016949
3055.0 0.359562161017
3060.0 0.359563898305
3065.0 0.359565
3070.0 0.359566694915
3075.0 0.359567669492
3080.0 0.359569364407
3085.0 0.35957029661
3090.0 0.359571864407
3095.0 0.359572838983
3100.0 0.359574364407
3105.0 0.359575169492
3110.0 0.359576694915
3115.0 0.3595775
3120.0 0.359578898305
3125.0 0.35957970339
3130.0 0.359581059322
3135.0 0.359581737288
3140.0 0.359583135593
3145.0 0.359583771186
3150.0 0.359585
3155.0 0.359585720339
3160.0 0.359586949153
3165.0 0.359587457627
3170.0 0.359588728814
3175.0 0.359589237288
3180.0 0.359590338983
3185.0 0.359590889831
3190.0 0.359591991525
3195.0 0.359592372881
3200.0 0.359593516949
3205.0 0.359593898305
3210.0 0.359594915254
3215.0 0.359595338983
3220.0 0.359596271186
3225.0 0.359596610169
3230.0 0.359597584746
3235.0 0.359597838983
3240.0 0.359598813559
3245.0 0.359599067797
3250.0 0.359599915254
3255.0 0.359600169492
3260.0 0.359601016949
3265.0 0.359601186441
3270.0 0.359602033898
3275.0 0.359602161017
3280.0 0.359602966102
3285.0 0.35960309322
3290.0 0.359603855932
3295.0 0.359603940678
3300.0 0.35960470339
3305.0 0.359604745763
3310.0 0.359605423729
3315.0 0.359605466102
3320.0 0.359606144068
3325.0 0.359606144068
3330.0 0.359606822034
3335.0 0.359606652542
3340.0 0.359607627119
3345.0 0.359607245763
3350.0 0.359607966102
3355.0 0.359608177966
3360.0 0.359608220339
3365.0 0.359608389831
3370.0 0.359609067797
3375.0 0.359608601695
3380.0 0.359609279661
3385.0 0.359609449153
3390.0 0.359609449153
3395.0 0.35961
3400.0 0.359610211864
3405.0 0.359609491525
3410.0 0.35961059322
3415.0 0.359610254237
3420.0 0.359610381356
3425.0 0.359610211864
3430.0 0.359611186441
3435.0 0.359610466102
3440.0 0.359610805085
3445.0 0.359611144068
3450.0 0.359611186441
3455.0 0.359611144068
3460.0 0.359611313559
3465.0 0.359611483051
3470.0 0.359611186441
3475.0 0.359611355932
3480.0 0.359611567797
3485.0 0.359611228814
3490.0 0.359611355932
3495.0 0.359611652542
3500.0 0.359611567797
3505.0 0.359611779661
3510.0 0.359611525424
3515.0 0.359611271186
3520.0 0.359611694915
3525.0 0.359611101695
3530.0 0.359611864407
3535.0 0.359611016949
3540.0 0.359611652542
3545.0 0.359611101695
3550.0 0.359611610169
3555.0 0.359611228814
3560.0 0.359611313559
3565.0 0.359611355932
3570.0 0.359611101695
3575.0 0.359610974576
3580.0 0.359611101695
3585.0 0.359610974576
3590.0 0.359610847458
3595.0 0.359610635593
3600.0 0.359611016949
3605.0 0.359610508475
3610.0 0.359610677966
3615.0 0.359610423729
3620.0 0.359610635593
3625.0 0.359610127119
3630.0 0.35961029661
3635.0 0.359610169492
3640.0 0.35961
3645.0 0.359609788136
3650.0 0.359610084746
3655.0 0.359609618644
3660.0 0.359609576271
3665.0 0.359609322034
3670.0 0.359609237288
3675.0 0.359609237288
3680.0 0.359609194915
3685.0 0.359609025424
3690.0 0.359609025424
3695.0 0.359608516949
3700.0 0.359608771186
3705.0 0.359608516949
3710.0 0.359608474576
3715.0 0.359607966102
3720.0 0.359608262712
3725.0 0.359607966102
3730.0 0.359608008475
3735.0 0.3596075
3740.0 0.359607457627
3745.0 0.359607457627
3750.0 0.359607457627
3755.0 0.359606991525
3760.0 0.359606991525
3765.0 0.359606864407
3770.0 0.359606822034
3775.0 0.359606525424
3780.0 0.359606694915
3785.0 0.359606186441
3790.0 0.359606144068
3795.0 0.359606016949
3800.0 0.359606144068
3805.0 0.35960559322
3810.0 0.359605550847
3815.0 0.359605423729
3820.0 0.35960529661
3825.0 0.359605169492
3830.0 0.359605084746
3835.0 0.359604745763
3840.0 0.359605
3845.0 0.359604533898
3850.0 0.359604322034
3855.0 0.359604279661
3860.0 0.359604449153
3865.0 0.359604067797
3870.0 0.359603728814
3875.0 0.359603601695
3880.0 0.359603771186
3885.0 0.359603347458
3890.0 0.359603305085
3895.0 0.35960309322
3900.0 0.35960309322
3905.0 0.359602923729
3910.0 0.359602754237
3915.0 0.3596025
3920.0 0.359602584746
3925.0 0.359602415254
3930.0 0.359602118644
3935.0 0.359601864407
3940.0 0.359602076271
3945.0 0.359601991525
3950.0 0.359601779661
3955.0 0.359601228814
3960.0 0.359601398305
3965.0 0.359601313559
3970.0 0.359601228814
3975.0 0.359600974576
3980.0 0.359600720339
3985.0 0.359600550847
3990.0 0.359600805085
3995.0 0.359600677966
4000.0 0.359600466102
4005.0 0.359599915254
4010.0 0.359600127119
4015.0 0.359600042373
4020.0 0.359599915254
4025.0 0.359599788136
4030.0 0.359599491525
4035.0 0.359599322034
4040.0 0.359599618644
4045.0 0.359599237288
4050.0 0.359599067797
4055.0 0.359598898305
4060.0 0.359598898305
4065.0 0.359598983051
4070.0 0.359598898305
4075.0 0.359598728814
4080.0 0.359598177966
4085.0 0.359598135593
4090.0 0.359598644068
4095.0 0.359598516949
4100.0 0.359598262712
4105.0 0.359597415254
4110.0 0.359597838983
4115.0 0.359598008475
4120.0 0.35959809322
4125.0 0.3595975
4130.0 0.359597161017
4135.0 0.359597288136
4140.0 0.359597669492
4145.0 0.359597415254
4150.0 0.359596864407
4155.0 0.359596822034
4160.0 0.35959720339
4165.0 0.359597033898
4170.0 0.359596779661
4175.0 0.359596440678
4180.0 0.359596652542
4185.0 0.359596610169
4190.0 0.359596440678
4195.0 0.359596355932
4200.0 0.359596144068
4205.0 0.359596144068
4210.0 0.359596355932
4215.0 0.359596186441
4220.0 0.359595974576
4225.0 0.35959559322
4230.0 0.359595805085
4235.0 0.359595847458
4240.0 0.359595889831
4245.0 0.35959559322
4250.0 0.359595466102
4255.0 0.359595169492
4260.0 0.359595466102
4265.0 0.359595423729
4270.0 0.359595466102
4275.0 0.359595127119
4280.0 0.359594957627
4285.0 0.359594872881
4290.0 0.359595042373
4295.0 0.359595042373
4300.0 0.359595042373
4305.0 0.359594533898
4310.0 0.359594661017
4315.0 0.359594661017
4320.0 0.35959470339
4325.0 0.359594618644
4330.0 0.359594491525
4335.0 0.359594237288
4340.0 0.359594449153
4345.0 0.359594279661
4350.0 0.359594322034
4355.0 0.359594194915
4360.0 0.359594194915
4365.0 0.359593940678
4370.0 0.359594110169
4375.0 0.359593855932
4380.0 0.359593940678
4385.0 0.359593855932
4390.0 0.359593940678
4395.0 0.359593686441
4400.0 0.359593728814
4405.0 0.359593686441
4410.0 0.359593813559
4415.0 0.359593601695
4420.0 0.359593516949
4425.0 0.359593432203
4430.0 0.359593389831
4435.0 0.359593432203
4440.0 0.359593601695
4445.0 0.359593220339
4450.0 0.359593135593
4455.0 0.359593135593
4460.0 0.359593262712
4465.0 0.359593220339
4470.0 0.359593262712
4475.0 0.359593008475
4480.0 0.359593008475
4485.0 0.359592966102
4490.0 0.359593050847
4495.0 0.359592881356
4500.0 0.359593050847
4505.0 0.35959279661
4510.0 0.359592838983
4515.0 0.359592627119
4520.0 0.359592838983
4525.0 0.359592669492
4530.0 0.359592881356
4535.0 0.359592711864
4540.0 0.359592711864
4545.0 0.359592457627
4550.0 0.359592627119
4555.0 0.359592457627
4560.0 0.359592627119
4565.0 0.359592457627
4570.0 0.359592542373
4575.0 0.359592457627
4580.0 0.359592415254
4585.0 0.359592288136
4590.0 0.359592415254
4595.0 0.359592288136
4600.0 0.359592372881
4605.0 0.359592330508
4610.0 0.359592245763
4615.0 0.359592161017
4620.0 0.359592372881
4625.0 0.359592161017
4630.0 0.359592288136
4635.0 0.359592161017
4640.0 0.359592161017
4645.0 0.359592033898
4650.0 0.35959220339
4655.0 0.359592161017
4660.0 0.35959220339
4665.0 0.359591991525
4670.0 0.359591991525
4675.0 0.359591991525
4680.0 0.359591991525
4685.0 0.359592033898
4690.0 0.359592118644
4695.0 0.35959190678
4700.0 0.359591991525
4705.0 0.359591822034
4710.0 0.359591949153
4715.0 0.359591822034
4720.0 0.359591991525
4725.0 0.359591949153
4730.0 0.359591864407
4735.0 0.359591779661
4740.0 0.359591737288
4745.0 0.359591737288
4750.0 0.359591949153
4755.0 0.35959190678
4760.0 0.359591949153
4765.0 0.359591652542
4770.0 0.359591652542
4775.0 0.359591694915
4780.0 0.359591737288
4785.0 0.359591737288
4790.0 0.359591822034
4795.0 0.359591652542
4800.0 0.359591652542
4805.0 0.359591652542
4810.0 0.359591610169
4815.0 0.359591610169
4820.0 0.359591822034
4825.0 0.359591694915
4830.0 0.359591779661
4835.0 0.359591525424
4840.0 0.359591567797
4845.0 0.359591483051
4850.0 0.359591737288
4855.0 0.359591652542
4860.0 0.359591779661
4865.0 0.359591610169
4870.0 0.359591610169
4875.0 0.359591355932
4880.0 0.359591610169
4885.0 0.359591567797
4890.0 0.359591779661
4895.0 0.359591652542
4900.0 0.359591652542
4905.0 0.359591355932
4910.0 0.359591483051
4915.0 0.359591483051
4920.0 0.359591737288
4925.0 0.359591652542
4930.0 0.359591610169
4935.0 0.359591355932
4940.0 0.359591525424
4945.0 0.359591567797
4950.0 0.359591694915
4955.0 0.359591567797
4960.0 0.359591567797
4965.0 0.359591525424
4970.0 0.359591483051
4975.0 0.359591398305
4980.0 0.359591567797
4985.0 0.359591610169
4990.0 0.359591567797
4995.0 0.359591398305
5000.0 0.359591483051
5005.0 0.359591355932
5010.0 0.359591525424
5015.0 0.359591567797
5020.0 0.359591567797
5025.0 0.359591398305
5030.0 0.359591483051
5035.0 0.359591355932
5040.0 0.359591567797
5045.0 0.359591567797
5050.0 0.359591567797
5055.0 0.359591355932
5060.0 0.359591483051
5065.0 0.359591355932
5070.0 0.359591567797
5075.0 0.359591610169
5080.0 0.359591567797
5085.0 0.359591355932
5090.0 0.359591483051
5095.0 0.359591355932
5100.0 0.359591567797
5105.0 0.359591483051
5110.0 0.359591483051
5115.0 0.359591525424
5120.0 0.359591610169
5125.0 0.359591398305
5130.0 0.359591525424
5135.0 0.359591483051
5140.0 0.359591525424
5145.0 0.359591567797
5150.0 0.359591610169
5155.0 0.359591355932
5160.0 0.359591398305
5165.0 0.359591525424
5170.0 0.359591737288
5175.0 0.359591567797
5180.0 0.359591525424
5185.0 0.359591355932
5190.0 0.359591652542
5195.0 0.359591610169
5200.0 0.359591694915
5205.0 0.359591440678
5210.0 0.359591567797
5215.0 0.359591567797
5220.0 0.359591567797
5225.0 0.359591567797
5230.0 0.359591567797
5235.0 0.359591483051
5240.0 0.359591694915
5245.0 0.359591652542
5250.0 0.359591567797
5255.0 0.359591525424
5260.0 0.359591525424
5265.0 0.359591525424
5270.0 0.359591737288
5275.0 0.359591652542
5280.0 0.359591610169
5285.0 0.359591525424
5290.0 0.359591567797
5295.0 0.359591525424
5300.0 0.359591694915
5305.0 0.359591525424
5310.0 0.359591610169
5315.0 0.359591483051
5320.0 0.359591652542
5325.0 0.359591525424
5330.0 0.359591652542
5335.0 0.359591483051
5340.0 0.359591610169
5345.0 0.359591610169
5350.0 0.359591779661
5355.0 0.359591525424
5360.0 0.359591525424
5365.0 0.359591440678
5370.0 0.359591737288
5375.0 0.359591694915
5380.0 0.359591737288
5385.0 0.359591610169
5390.0 0.359591525424
5395.0 0.359591525424
5400.0 0.359591822034
5405.0 0.359591779661
5410.0 0.359591652542
5415.0 0.359591525424
5420.0 0.359591694915
5425.0 0.359591652542
5430.0 0.359591737288
5435.0 0.359591694915
5440.0 0.359591610169
5445.0 0.359591567797
5450.0 0.359591822034
5455.0 0.359591737288
5460.0 0.359591694915
5465.0 0.359591652542
5470.0 0.359591610169
5475.0 0.359591610169
5480.0 0.359591822034
5485.0 0.359591737288
5490.0 0.359591779661
5495.0 0.359591652542
5500.0 0.359591694915
5505.0 0.359591737288
5510.0 0.359591822034
5515.0 0.359591694915
5520.0 0.359591864407
5525.0 0.359591779661
5530.0 0.359591779661
5535.0 0.359591737288
5540.0 0.359591737288
5545.0 0.359591694915
5550.0 0.359591779661
5555.0 0.359591864407
5560.0 0.359591949153
5565.0 0.359591652542
5570.0 0.359591610169
5575.0 0.359591694915
5580.0 0.359591991525
5585.0 0.35959190678
5590.0 0.359591864407
5595.0 0.359591652542
5600.0 0.359591864407
5605.0 0.359591822034
5610.0 0.359591949153
5615.0 0.359591737288
5620.0 0.359591864407
5625.0 0.359591779661
5630.0 0.359591991525
5635.0 0.359591864407
5640.0 0.35959190678
5645.0 0.359591694915
5650.0 0.359591864407
5655.0 0.359591822034
5660.0 0.359592033898
5665.0 0.359591864407
5670.0 0.35959190678
5675.0 0.359591737288
5680.0 0.35959190678
5685.0 0.359591822034
5690.0 0.359591991525
5695.0 0.35959190678
5700.0 0.359591949153
5705.0 0.359591779661
5710.0 0.359591949153
5715.0 0.359591864407
5720.0 0.359591991525
5725.0 0.359591864407
5730.0 0.359591949153
5735.0 0.359591864407
5740.0 0.35959190678
5745.0 0.35959190678
5750.0 0.359591949153
5755.0 0.359591822034
5760.0 0.359592033898
5765.0 0.35959190678
5770.0 0.35959190678
5775.0 0.35959190678
5780.0 0.359591822034
5785.0 0.359591864407
5790.0 0.359592076271
5795.0 0.359591864407
5800.0 0.359591864407
5805.0 0.359591864407
5810.0 0.35959190678
5815.0 0.35959190678
5820.0 0.359592033898
5825.0 0.359591864407
5830.0 0.359591991525
5835.0 0.35959190678
5840.0 0.359592076271
5845.0 0.359591949153
5850.0 0.359591991525
5855.0 0.359591864407
5860.0 0.359592033898
5865.0 0.359591949153
5870.0 0.359592118644
5875.0 0.359591864407
5880.0 0.359592033898
5885.0 0.359591991525
5890.0 0.359592118644
5895.0 0.35959190678
5900.0 0.359591949153
5905.0 0.35959190678
5910.0 0.359592033898
5915.0 0.359592076271
5920.0 0.359592076271
5925.0 0.359591822034
5930.0 0.359591864407
5935.0 0.359591991525
5940.0 0.359592161017
5945.0 0.359591991525
5950.0 0.359591991525
5955.0 0.359591949153
5960.0 0.359591991525
5965.0 0.359592033898
5970.0 0.359592118644
5975.0 0.35959190678
5980.0 0.359591991525
5985.0 0.359591991525
5990.0 0.359592033898
5995.0 0.359592076271
6000.0 0.359592118644
6005.0 0.35959190678
6010.0 0.359592033898
6015.0 0.359591991525
6020.0 0.359592033898
6025.0 0.359592033898
6030.0 0.359592118644
6035.0 0.359591991525
6040.0 0.359592033898
6045.0 0.359591949153
6050.0 0.359592033898
6055.0 0.359592033898
6060.0 0.359592033898
6065.0 0.359591949153
6070.0 0.359592118644
6075.0 0.35959190678
6080.0 0.359591991525
6085.0 0.359591949153
6090.0 0.359592076271
6095.0 0.359592033898
6100.0 0.359592118644
6105.0 0.359591949153
6110.0 0.359591949153
6115.0 0.359591949153
6120.0 0.359592161017
6125.0 0.359592033898
6130.0 0.359592033898
6135.0 0.359592033898
6140.0 0.359592118644
6145.0 0.359591949153
6150.0 0.359592076271
6155.0 0.359592033898
6160.0 0.359592118644
6165.0 0.359592076271
6170.0 0.359592076271
6175.0 0.35959190678
6180.0 0.359592033898
6185.0 0.359591949153
6190.0 0.359592161017
6195.0 0.359592076271
6200.0 0.359592076271
6205.0 0.359592033898
6210.0 0.359592033898
6215.0 0.35959190678
6220.0 0.359592118644
6225.0 0.359592118644
6230.0 0.359592118644
6235.0 0.359592118644
6240.0 0.359592076271
6245.0 0.359591949153
6250.0 0.359592076271
6255.0 0.359591949153
6260.0 0.359592076271
6265.0 0.359591991525
6270.0 0.359592118644
6275.0 0.359591991525
6280.0 0.359591949153
6285.0 0.359591991525
6290.0 0.359592161017
6295.0 0.359592076271
6300.0 0.359592161017
6305.0 0.359591991525
6310.0 0.359592118644
6315.0 0.359592076271
6320.0 0.359592033898
6325.0 0.359591991525
6330.0 0.359592118644
6335.0 0.359592033898
6340.0 0.359592118644
6345.0 0.359592033898
6350.0 0.359592076271
6355.0 0.359592076271
6360.0 0.359592161017
6365.0 0.359591949153
6370.0 0.359592118644
6375.0 0.359592033898
6380.0 0.359592118644
6385.0 0.359592118644
6390.0 0.35959220339
6395.0 0.359591949153
6400.0 0.359592118644
6405.0 0.359592033898
6410.0 0.359592118644
6415.0 0.359592118644
6420.0 0.359592118644
6425.0 0.359591949153
6430.0 0.359592118644
6435.0 0.359592076271
6440.0 0.359592118644
6445.0 0.359591991525
6450.0 0.359592161017
6455.0 0.359591991525
6460.0 0.359592161017
6465.0 0.359592076271
6470.0 0.359592076271
6475.0 0.359592076271
6480.0 0.359592161017
6485.0 0.359591991525
6490.0 0.359592118644
6495.0 0.359591949153
6500.0 0.359592076271
6505.0 0.359592033898
6510.0 0.35959220339
6515.0 0.359592033898
6520.0 0.359591949153
6525.0 0.359591991525
6530.0 0.359592161017
6535.0 0.359592076271
6540.0 0.35959220339
6545.0 0.359592033898
6550.0 0.359592118644
6555.0 0.359592076271
6560.0 0.359592033898
6565.0 0.359591949153
6570.0 0.359592118644
6575.0 0.359592076271
6580.0 0.359592161017
6585.0 0.359592033898
6590.0 0.359592033898
6595.0 0.359592033898
6600.0 0.359592161017
6605.0 0.359592033898
6610.0 0.359592161017
6615.0 0.359592033898
6620.0 0.359592076271
6625.0 0.359592118644
6630.0 0.359592118644
6635.0 0.359591991525
6640.0 0.359592033898
6645.0 0.359592118644
6650.0 0.35959220339
6655.0 0.359591991525
6660.0 0.359591949153
6665.0 0.359592033898
6670.0 0.359592245763
6675.0 0.359592118644
6680.0 0.359592161017
6685.0 0.359591949153
6690.0 0.359592161017
6695.0 0.359592118644
6700.0 0.359592118644
6705.0 0.359591949153
6710.0 0.359592076271
6715.0 0.359592033898
6720.0 0.359592161017
6725.0 0.359592118644
6730.0 0.359592033898
6735.0 0.35959190678
6740.0 0.359592118644
6745.0 0.359592076271
6750.0 0.359592118644
6755.0 0.359592076271
6760.0 0.359591991525
6765.0 0.359591949153
6770.0 0.359592245763
6775.0 0.359592033898
6780.0 0.359592033898
6785.0 0.359592033898
6790.0 0.359592118644
6795.0 0.359592076271
6800.0 0.359592161017
6805.0 0.359592033898
6810.0 0.359592118644
6815.0 0.359592076271
6820.0 0.359592076271
6825.0 0.359591949153
6830.0 0.359592118644
6835.0 0.359592033898
6840.0 0.35959220339
6845.0 0.359592076271
6850.0 0.359592076271
6855.0 0.359592033898
6860.0 0.359592033898
6865.0 0.359591991525
6870.0 0.35959220339
6875.0 0.359592033898
6880.0 0.359592118644
6885.0 0.359591949153
6890.0 0.359592033898
6895.0 0.359591991525
6900.0 0.359592033898
6905.0 0.359592076271
6910.0 0.35959220339
6915.0 0.359592076271
6920.0 0.359592076271
6925.0 0.359591949153
6930.0 0.359592033898
6935.0 0.359592076271
6940.0 0.359592245763
6945.0 0.359592076271
6950.0 0.359592076271
6955.0 0.359592076271
6960.0 0.359592076271
6965.0 0.359591991525
6970.0 0.359592118644
6975.0 0.359591991525
6980.0 0.359592118644
6985.0 0.359591991525
6990.0 0.359592033898
6995.0 0.359592076271
7000.0 0.35959220339
7005.0 0.359592033898
7010.0 0.359592118644
7015.0 0.359591991525
7020.0 0.359592076271
7025.0 0.359592076271
7030.0 0.359592118644
7035.0 0.359592033898
7040.0 0.359592161017
7045.0 0.359592076271
7050.0 0.359591991525
7055.0 0.35959190678
7060.0 0.359592161017
7065.0 0.35959220339
7070.0 0.359592161017
7075.0 0.359591864407
7080.0 0.359591991525
7085.0 0.359592033898
7090.0 0.35959220339
7095.0 0.359591991525
7100.0 0.359592033898
7105.0 0.359591949153
7110.0 0.359592118644
7115.0 0.359592033898
7120.0 0.359592118644
7125.0 0.35959190678
7130.0 0.359592033898
7135.0 0.359591991525
7140.0 0.359592161017
7145.0 0.359591991525
7150.0 0.359592076271
7155.0 0.35959190678
7160.0 0.359592076271
7165.0 0.359592033898
7170.0 0.359592161017
7175.0 0.359591991525
7180.0 0.359592076271
7185.0 0.35959190678
7190.0 0.359592033898
7195.0 0.359591991525
7200.0 0.359592118644
7205.0 0.359591991525
7210.0 0.359591991525
7215.0 0.359592033898
7220.0 0.359592161017
7225.0 0.359592033898
7230.0 0.359592118644
7235.0 0.359591991525
7240.0 0.35959220339
7245.0 0.359592161017
7250.0 0.359592076271
7255.0 0.35959190678
7260.0 0.359592033898
7265.0 0.359592033898
7270.0 0.35959220339
7275.0 0.359592076271
7280.0 0.359592076271
7285.0 0.359591991525
7290.0 0.359592118644
7295.0 0.359591949153
7300.0 0.359592161017
7305.0 0.359592033898
7310.0 0.359592076271
7315.0 0.359592076271
7320.0 0.359592076271
7325.0 0.359591949153
7330.0 0.359592118644
7335.0 0.359591991525
7340.0 0.35959220339
7345.0 0.359592076271
7350.0 0.359592161017
7355.0 0.359591949153
7360.0 0.359592076271
7365.0 0.359591991525
7370.0 0.35959220339
7375.0 0.359592118644
7380.0 0.359592161017
7385.0 0.359591949153
7390.0 0.359592076271
7395.0 0.359592076271
7400.0 0.359592245763
7405.0 0.359592076271
7410.0 0.359592076271
7415.0 0.359591991525
7420.0 0.359592076271
7425.0 0.359592118644
7430.0 0.359592161017
7435.0 0.359591991525
7440.0 0.359592118644
7445.0 0.359591991525
7450.0 0.359592076271
7455.0 0.359592076271
7460.0 0.359592033898
7465.0 0.359592033898
7470.0 0.359592161017
7475.0 0.359591991525
7480.0 0.359591991525
7485.0 0.359591991525
7490.0 0.359592033898
7495.0 0.359592076271
7500.0 0.359592161017
7505.0 0.359591991525
7510.0 0.359592118644
7515.0 0.359592033898
7520.0 0.359592161017
7525.0 0.359592076271
7530.0 0.359592161017
7535.0 0.359592118644
7540.0 0.359592076271
7545.0 0.35959190678
7550.0 0.359592076271
7555.0 0.359592033898
7560.0 0.359592161017
7565.0 0.359591991525
7570.0 0.359592033898
7575.0 0.359592033898
7580.0 0.359592118644
7585.0 0.359592033898
7590.0 0.359592161017
7595.0 0.359592033898
7600.0 0.359592118644
7605.0 0.359592033898
7610.0 0.359592033898
7615.0 0.359591949153
7620.0 0.359592161017
7625.0 0.359592033898
7630.0 0.359592161017
7635.0 0.359592033898
7640.0 0.359592033898
7645.0 0.359591991525
7650.0 0.359592118644
7655.0 0.359591991525
7660.0 0.359592161017
7665.0 0.359592076271
7670.0 0.359592076271
7675.0 0.359592033898
7680.0 0.359592076271
7685.0 0.359591991525
7690.0 0.359592161017
7695.0 0.359591991525
7700.0 0.359592076271
7705.0 0.359591949153
7710.0 0.359592076271
7715.0 0.359591991525
7720.0 0.359591991525
7725.0 0.359592033898
7730.0 0.359592161017
7735.0 0.359592076271
7740.0 0.359592118644
7745.0 0.359591991525
7750.0 0.359591991525
7755.0 0.359592033898
7760.0 0.35959220339
7765.0 0.359592118644
7770.0 0.359592161017
7775.0 0.359591949153
7780.0 0.359591991525
7785.0 0.359592033898
7790.0 0.35959220339
7795.0 0.359592076271
7800.0 0.359592118644
7805.0 0.359592076271
7810.0 0.359592076271
7815.0 0.359591949153
7820.0 0.359592076271
7825.0 0.359591991525
7830.0 0.359592118644
7835.0 0.359591991525
7840.0 0.359591991525
7845.0 0.359592033898
7850.0 0.359592161017
7855.0 0.359592076271
7860.0 0.359592118644
7865.0 0.359591991525
7870.0 0.359592076271
7875.0 0.359592033898
7880.0 0.359592076271
7885.0 0.359592033898
7890.0 0.35959220339
7895.0 0.359591991525
7900.0 0.359592076271
7905.0 0.359591991525
7910.0 0.359592033898
7915.0 0.359592076271
7920.0 0.35959220339
7925.0 0.359591991525
7930.0 0.359592118644
7935.0 0.35959190678
7940.0 0.359592076271
7945.0 0.359591991525
7950.0 0.359592161017
7955.0 0.359592033898
7960.0 0.359591991525
7965.0 0.359591991525
7970.0 0.359592118644
7975.0 0.359592033898
7980.0 0.359592161017
7985.0 0.359592033898
7990.0 0.359591991525
7995.0 0.359592033898
8000.0 0.35959220339
8005.0 0.359592076271
8010.0 0.359592118644
8015.0 0.359591991525
8020.0 0.359592161017
8025.0 0.359592118644
8030.0 0.359592076271
8035.0 0.359591949153
8040.0 0.359592033898
8045.0 0.359592033898
8050.0 0.359592118644
8055.0 0.359592033898
8060.0 0.359592033898
8065.0 0.359592033898
8070.0 0.359592161017
8075.0 0.359591991525
8080.0 0.359592118644
8085.0 0.359592033898
8090.0 0.359592076271
8095.0 0.359592118644
8100.0 0.359592118644
8105.0 0.359591949153
8110.0 0.359591991525
8115.0 0.359592076271
8120.0 0.35959220339
8125.0 0.359591991525
8130.0 0.359591949153
8135.0 0.359592033898
8140.0 0.359592245763
8145.0 0.359592118644
8150.0 0.359592118644
8155.0 0.359591949153
8160.0 0.359592161017
8165.0 0.359592118644
8170.0 0.359592076271
8175.0 0.359591949153
8180.0 0.359592076271
8185.0 0.359591991525
8190.0 0.359592161017
8195.0 0.359592118644
8200.0 0.359592033898
8205.0 0.35959190678
8210.0 0.359592118644
8215.0 0.359592076271
8220.0 0.359592118644
8225.0 0.359592033898
8230.0 0.359591991525
8235.0 0.359591949153
8240.0 0.35959220339
8245.0 0.359592033898
8250.0 0.359591991525
8255.0 0.359591991525
8260.0 0.359592118644
8265.0 0.359592033898
8270.0 0.359592161017
8275.0 0.359592033898
8280.0 0.359592033898
8285.0 0.359592076271
8290.0 0.359592161017
8295.0 0.359591949153
8300.0 0.359592076271
8305.0 0.359592118644
8310.0 0.359592118644
8315.0 0.359592033898
8320.0 0.359592033898
8325.0 0.359591949153
8330.0 0.359592076271
8335.0 0.359592033898
8340.0 0.359592118644
8345.0 0.359592118644
8350.0 0.359592118644
8355.0 0.35959190678
8360.0 0.359591991525
8365.0 0.359592076271
8370.0 0.35959220339
8375.0 0.359592118644
8380.0 0.359592118644
8385.0 0.359591991525
8390.0 0.359592076271
8395.0 0.359592033898
8400.0 0.359592033898
8405.0 0.359591949153
8410.0 0.35959220339
8415.0 0.359592033898
8420.0 0.359592161017
8425.0 0.359592033898
8430.0 0.359591991525
8435.0 0.359592033898
8440.0 0.359592118644
8445.0 0.359591991525
8450.0 0.359592118644
8455.0 0.359591949153
8460.0 0.359592076271
8465.0 0.359591949153
8470.0 0.359592118644
8475.0 0.359591991525
8480.0 0.359592118644
8485.0 0.35959190678
8490.0 0.359592033898
8495.0 0.359591949153
8500.0 0.359592161017
8505.0 0.359591991525
8510.0 0.359591991525
8515.0 0.35959190678
8520.0 0.359592118644
8525.0 0.359592076271
8530.0 0.359592118644
8535.0 0.359592033898
8540.0 0.359591991525
8545.0 0.359591949153
8550.0 0.359592161017
8555.0 0.359592118644
8560.0 0.359592033898
8565.0 0.35959190678
8570.0 0.359592118644
8575.0 0.359592033898
8580.0 0.359592076271
8585.0 0.359592033898
8590.0 0.359591991525
8595.0 0.359591949153
8600.0 0.359592161017
8605.0 0.359592076271
8610.0 0.359592033898
8615.0 0.359591991525
8620.0 0.359591991525
8625.0 0.359591949153
8630.0 0.359592161017
8635.0 0.359592076271
8640.0 0.359592076271
8645.0 0.359591991525
8650.0 0.359592033898
8655.0 0.359592033898
8660.0 0.359592161017
8665.0 0.359591991525
8670.0 0.359592161017
8675.0 0.359592076271
8680.0 0.359592118644
8685.0 0.359592033898
8690.0 0.359592033898
8695.0 0.359591949153
8700.0 0.359592076271
8705.0 0.359592161017
8710.0 0.35959220339
8715.0 0.35959190678
8720.0 0.359591864407
8725.0 0.359591991525
8730.0 0.359592245763
8735.0 0.359592161017
8740.0 0.359592118644
8745.0 0.35959190678
8750.0 0.359592118644
8755.0 0.359592076271
8760.0 0.35959220339
8765.0 0.359591991525
8770.0 0.359592076271
8775.0 0.359592161017
8780.0 0.359592118644
8785.0 0.359591949153
8790.0 0.359592033898
8795.0 0.35959190678
8800.0 0.359592118644
8805.0 0.359592033898
8810.0 0.35959220339
8815.0 0.359592033898
8820.0 0.359592076271
8825.0 0.359591949153
8830.0 0.359592118644
8835.0 0.359592161017
8840.0 0.359592118644
8845.0 0.359591949153
8850.0 0.359592076271
8855.0 0.359592033898
8860.0 0.359592118644
8865.0 0.359592076271
8870.0 0.359592076271
8875.0 0.35959190678
8880.0 0.359592076271
8885.0 0.359592076271
8890.0 0.359592033898
8895.0 0.359591991525
8900.0 0.359592118644
8905.0 0.359592033898
8910.0 0.359592161017
8915.0 0.359592033898
8920.0 0.359592118644
8925.0 0.359592076271
8930.0 0.359592076271
8935.0 0.359591949153
8940.0 0.359592076271
8945.0 0.359591991525
8950.0 0.359592118644
8955.0 0.359592033898
8960.0 0.359592076271
8965.0 0.359592076271
8970.0 0.359592076271
8975.0 0.359591949153
8980.0 0.359592033898
8985.0 0.359592118644
8990.0 0.359592288136
8995.0 0.359591991525
9000.0 0.35959190678
9005.0 0.359591949153
9010.0 0.35959220339
9015.0 0.359592118644
9020.0 0.359592161017
9025.0 0.359591949153
9030.0 0.359592118644
9035.0 0.359592118644
9040.0 0.359592076271
9045.0 0.359591949153
9050.0 0.359592076271
9055.0 0.359592033898
9060.0 0.359592118644
9065.0 0.359592076271
9070.0 0.359592033898
9075.0 0.35959190678
9080.0 0.359592118644
9085.0 0.359592076271
9090.0 0.359592076271
9095.0 0.359592033898
9100.0 0.359591991525
9105.0 0.359591949153
9110.0 0.35959220339
9115.0 0.359592033898
9120.0 0.359591991525
9125.0 0.359591991525
9130.0 0.359592076271
9135.0 0.359592033898
9140.0 0.359592161017
9145.0 0.359592033898
9150.0 0.359592118644
9155.0 0.359592033898
9160.0 0.359592033898
9165.0 0.359591949153
9170.0 0.359592118644
9175.0 0.359592033898
9180.0 0.35959220339
9185.0 0.359592076271
9190.0 0.359592118644
9195.0 0.35959190678
9200.0 0.359592033898
9205.0 0.359592033898
9210.0 0.359592161017
9215.0 0.359592161017
9220.0 0.359592118644
9225.0 0.35959190678
9230.0 0.359591949153
9235.0 0.359592076271
9240.0 0.359592245763
9245.0 0.359592033898
9250.0 0.359591949153
9255.0 0.359591991525
9260.0 0.35959220339
9265.0 0.359592076271
9270.0 0.359592118644
9275.0 0.359591991525
9280.0 0.359592161017
9285.0 0.359592118644
9290.0 0.359592076271
9295.0 0.359591949153
9300.0 0.359592076271
9305.0 0.359591991525
9310.0 0.359592033898
9315.0 0.359592033898
9320.0 0.359592161017
9325.0 0.359591991525
9330.0 0.359592118644
9335.0 0.359591991525
9340.0 0.35959220339
9345.0 0.359592076271
9350.0 0.359592118644
9355.0 0.359591991525
9360.0 0.359592118644
9365.0 0.359592161017
9370.0 0.359592118644
9375.0 0.359591949153
9380.0 0.359592033898
9385.0 0.359591949153
9390.0 0.359592118644
9395.0 0.359591991525
9400.0 0.359592033898
9405.0 0.359592076271
9410.0 0.359592161017
9415.0 0.359592033898
9420.0 0.359592076271
9425.0 0.359591949153
9430.0 0.359592033898
9435.0 0.359592118644
9440.0 0.359592245763
9445.0 0.359592033898
9450.0 0.359592033898
9455.0 0.359592033898
9460.0 0.359592076271
9465.0 0.359591991525
9470.0 0.359592118644
9475.0 0.359592033898
9480.0 0.359592076271
9485.0 0.359591991525
9490.0 0.359592033898
9495.0 0.359592118644
9500.0 0.359592161017
9505.0 0.359591991525
9510.0 0.359592033898
9515.0 0.359592076271
9520.0 0.359592161017
9525.0 0.359591991525
9530.0 0.359591991525
9535.0 0.359592033898
9540.0 0.359592245763
9545.0 0.359592076271
9550.0 0.359592076271
9555.0 0.359591949153
9560.0 0.359592161017
9565.0 0.359592161017
9570.0 0.359592118644
9575.0 0.359591949153
9580.0 0.359592033898
9585.0 0.359591991525
9590.0 0.359592118644
9595.0 0.359592118644
9600.0 0.359592033898
9605.0 0.35959190678
9610.0 0.359592118644
9615.0 0.359592033898
9620.0 0.359592076271
9625.0 0.359592033898
9630.0 0.359591991525
9635.0 0.359591991525
9640.0 0.359592245763
9645.0 0.35959220339
9650.0 0.359592076271
9655.0 0.359591822034
9660.0 0.359591991525
9665.0 0.359592033898
9670.0 0.35959220339
9675.0 0.359591991525
9680.0 0.359591991525
9685.0 0.35959190678
9690.0 0.359592118644
9695.0 0.359592033898
9700.0 0.359591949153
9705.0 0.359591991525
9710.0 0.35959220339
9715.0 0.359592118644
9720.0 0.359592118644
9725.0 0.359591949153
9730.0 0.359591949153
9735.0 0.359592033898
9740.0 0.359592245763
9745.0 0.359592118644
9750.0 0.359592118644
9755.0 0.359591949153
9760.0 0.359591991525
9765.0 0.359592033898
9770.0 0.359592245763
9775.0 0.359592033898
9780.0 0.359592033898
9785.0 0.359592076271
9790.0 0.359592118644
9795.0 0.359591991525
9800.0 0.359592118644
9805.0 0.359591949153
9810.0 0.359592076271
9815.0 0.359591991525
9820.0 0.359592033898
9825.0 0.359592076271
9830.0 0.359592161017
9835.0 0.359592033898
9840.0 0.359592118644
9845.0 0.359591949153
9850.0 0.359592076271
9855.0 0.359592033898
9860.0 0.359592076271
9865.0 0.359592076271
9870.0 0.35959220339
9875.0 0.359592076271
9880.0 0.359591991525
9885.0 0.359591864407
9890.0 0.359592118644
9895.0 0.35959220339
9900.0 0.359592161017
9905.0 0.35959190678
9910.0 0.359591991525
9915.0 0.359591949153
9920.0 0.359592161017
9925.0 0.359591949153
9930.0 0.359592033898
9935.0 0.359591949153
9940.0 0.359592118644
9945.0 0.359591991525
9950.0 0.359592076271
9955.0 0.35959190678
9960.0 0.359592033898
9965.0 0.359591991525
9970.0 0.359592161017
9975.0 0.359592033898
9980.0 0.359592076271
9985.0 0.35959190678
9990.0 0.359592033898
9995.0 0.359591991525
10000.0 0.359592161017
