5.0 -0.0018483713489
10.0 0.0163095985623
15.0 0.00484735882669
20.0 0.0164369398958
25.0 0.00813085182136
30.0 0.0149068274228
35.0 0.0074879788203
40.0 0.00974616316153
45.0 0.00794323487331
50.0 0.00967265774492
55.0 0.00857820378729
60.0 0.00994910353686
65.0 0.00897540099915
70.0 0.0101155314737
75.0 0.00926663000466
80.0 0.0100778115462
85.0 0.00979802534492
90.0 0.00987094498432
95.0 0.0102877167589
100.0 0.00991729706314
105.0 0.0102536669564
110.0 0.0100246908322
115.0 0.0101271725364
120.0 0.0100741470742
125.0 0.0100443054517
130.0 0.0100468522398
135.0 0.0100160146225
140.0 0.010028579214
145.0 0.0100231809962
150.0 0.0100366478225
155.0 0.0100453498458
160.0 0.0100573438081
165.0 0.0100717949975
170.0 0.0100777429784
175.0 0.010091817625
180.0 0.010095095889
185.0 0.010104675486
190.0 0.010110388414
195.0 0.0101115606593
200.0 0.0101178231831
205.0 0.0101212361475
210.0 0.0101202076788
215.0 0.0101236828949
220.0 0.0101258986047
225.0 0.0101244786203
230.0 0.0101269653229
235.0 0.0101278029674
240.0 0.0101269335042
245.0 0.0101295850839
250.0 0.0101291390284
255.0 0.0101298165233
260.0 0.0101318030767
265.0 0.0101306583225
270.0 0.0101332598432
275.0 0.0101342303814
280.0 0.0101338874945
285.0 0.0101355872229
290.0 0.0101370281453
295.0 0.0101362657835
300.0 0.0101377870581
305.0 0.010139105725
310.0 0.0101381269716
315.0 0.0101393313225
320.0 0.010140584722
325.0 0.0101401958263
330.0 0.0101385684809
335.0 0.0101402718335
340.0 0.0101432626081
345.0 0.0101385003534
350.0 0.0101378354377
355.0 0.0101446269564
360.0 0.0101417582695
365.0 0.0101359881343
370.0 0.0101472712386
375.0 0.0101384618081
380.0 0.0101413015004
385.0 0.0101461265475
390.0 0.0101343650623
395.0 0.0101481902369
400.0 0.0101342922758
405.0 0.0101459106966
410.0 0.0101395125864
415.0 0.0101408860597
420.0 0.0101427323394
425.0 0.0101380049119
430.0 0.0101473174339
435.0 0.0101370427555
440.0 0.0101459704725
445.0 0.0101404406958
450.0 0.0101405342962
455.0 0.0101432919619
460.0 0.0101368138419
465.0 0.0101455592767
470.0 0.0101386487525
475.0 0.0101417328394
480.0 0.0101423132347
485.0 0.0101379880784
490.0 0.0101435503678
495.0 0.0101391400199
500.0 0.0101395807589
