/*--------------------------------*- C++ -*----------------------------------*\
| =========                 |                                                 |
| \\      /  F ield         | OpenFOAM: The Open Source CFD Toolbox           |
|  \\    /   O peration     | Version:  2.3.0                                 |
|   \\  /    A nd           | Web:      www.OpenFOAM.org                      |
|    \\/     M anipulation  |                                                 |
\*---------------------------------------------------------------------------*/
FoamFile
{
    version     2.0;
    format      ascii;
    class       volScalarField;
    location    "400";
    object      p;
}
// * * * * * * * * * * * * * * * * * * * * * * * * * * * * * * * * * * * * * //

dimensions      [0 2 -2 0 0 0 0];

internalField   nonuniform List<scalar> 
7991
(
-0.000393643
0.0130168
0.0607963
0.155008
0.297039
0.480559
0.695593
0.932496
1.18469
1.44958
1.7268
2.01985
2.35824
2.86306
3.50659
0.235136
0.253015
0.272362
0.295583
0.328839
0.379029
0.452441
0.553339
0.683276
0.841301
1.02448
1.22873
1.44975
1.68455
1.93139
0.468438
0.545501
0.640714
0.751828
0.876813
1.01152
1.15147
1.29273
1.4323
1.56801
1.69836
1.82234
1.93906
2.04792
2.14911
0.614832
0.684781
0.763246
0.845666
0.932128
1.02215
1.11505
1.21006
1.30627
1.40277
1.49864
1.59305
1.68519
1.77447
1.86075
0.731539
0.801454
0.880966
0.963233
1.04747
1.13254
1.21739
1.30116
1.38318
1.46299
1.54024
1.61469
1.68614
1.75447
1.81972
0.810977
0.871872
0.940399
1.00984
1.07961
1.14921
1.21832
1.28662
1.35386
1.41984
1.48439
1.54732
1.60849
1.66776
1.72506
0.866062
0.921676
0.983175
1.04516
1.10697
1.16829
1.22896
1.2888
1.34767
1.40545
1.46204
1.51732
1.57118
1.6235
1.67421
0.901472
0.95539
1.0099
1.06444
1.11871
1.17254
1.22588
1.27868
1.33086
1.38235
1.43305
1.48285
1.53166
1.57932
1.62574
0.931734
0.980822
1.02884
1.07724
1.12564
1.17386
1.22184
1.26954
1.31689
1.36382
1.41023
1.45603
1.50107
1.54524
1.58838
0.948964
0.997354
1.04086
1.08455
1.12834
1.17214
1.21591
1.25961
1.30321
1.3466
1.38973
1.43247
1.47467
1.51619
1.55685
0.965768
1.00981
1.04924
1.08893
1.12892
1.16915
1.20952
1.25003
1.29068
1.33128
1.37178
1.41207
1.45202
1.49147
1.53024
0.978441
1.01783
1.05413
1.09065
1.12798
1.16537
1.20267
1.24034
1.2787
1.31703
1.35531
1.3935
1.43165
1.46938
1.50667
0.98923
1.02565
1.05923
1.09281
1.12775
1.1628
1.19791
1.23376
1.27004
1.30615
1.34296
1.3804
1.41776
1.45492
1.49063
1.00668
1.03539
1.07101
1.10114
1.12645
1.15968
1.19817
1.23329
1.26664
1.29967
1.3361
1.37434
1.40921
1.44715
1.48501
4.29837
4.41922
4.3068
4.31334
4.35349
4.37795
4.37924
4.36095
4.32432
4.267
4.18412
4.06988
3.9205
3.73801
3.54064
2.19598
2.47554
2.74166
2.98981
3.21377
3.4055
3.55724
3.66316
3.72012
3.72817
3.69087
3.61487
3.50885
3.38233
3.24879
2.24485
2.33799
2.42931
2.51914
2.60665
2.69065
2.76976
2.84235
2.90639
2.95932
2.99789
3.01829
3.01704
2.99327
2.95449
1.94558
2.03109
2.11774
2.20483
2.29111
2.37505
2.45489
2.52866
2.59427
2.64958
2.69256
2.72135
2.73473
2.73315
2.72083
1.8828
1.94524
2.00764
2.06984
2.13138
2.19173
2.25023
2.30612
2.35849
2.40622
2.44797
2.48211
2.50699
2.52192
2.52802
1.78102
1.83659
1.89207
1.94721
2.00166
2.05497
2.10668
2.15623
2.20297
2.24617
2.28499
2.31842
2.34543
2.36615
2.38517
1.72364
1.77247
1.82088
1.86869
1.91566
1.96149
2.00589
2.04852
2.08901
2.12691
2.16169
2.19267
2.21917
2.24097
2.25845
1.67112
1.71585
1.76004
1.8035
1.84601
1.88734
1.92727
1.96554
2.00191
2.03608
2.0677
2.09639
2.12166
2.14323
2.16203
1.63058
1.67209
1.71293
1.75292
1.79188
1.82963
1.86596
1.90071
1.93369
1.96471
1.99357
2.02001
2.04361
2.06406
2.08454
1.59664
1.63567
1.67396
1.71132
1.74762
1.78264
1.81623
1.84828
1.87863
1.90716
1.93374
1.9582
1.98029
1.99966
2.01829
1.56814
1.6052
1.64148
1.67667
1.71091
1.74382
1.77528
1.80522
1.83345
1.85998
1.88467
1.90744
1.92815
1.94641
1.96332
1.54323
1.57877
1.61357
1.64685
1.67964
1.71117
1.74104
1.76942
1.79595
1.82097
1.84425
1.86573
1.88495
1.90189
1.91657
1.52552
1.55841
1.59158
1.62358
1.65541
1.68505
1.71226
1.73897
1.76379
1.78731
1.80939
1.82982
1.84782
1.86411
1.87857
1.51614
1.54476
1.57482
1.60546
1.63909
1.66313
1.68688
1.7121
1.73504
1.75648
1.77623
1.79165
1.80993
1.82852
1.84219
-0.828993
-0.822124
-0.76031
-0.636326
-0.463018
-0.265712
-0.0750425
0.0819106
0.189239
0.242581
0.24657
0.207153
0.128957
0.0022893
-0.000299643
-0.788549
-0.825621
-0.870312
-0.932788
-1.01985
-1.12699
-1.24286
-1.35494
-1.45272
-1.53051
-1.58733
-1.62754
-1.65294
-1.68666
-1.68728
-0.789789
-0.867257
-0.962274
-1.06913
-1.17783
-1.27598
-1.35526
-1.41349
-1.45284
-1.47807
-1.49472
-1.50992
-1.52372
-1.53774
-1.53992
-0.733417
-0.779113
-0.820196
-0.852917
-0.876385
-0.891246
-0.899629
-0.904179
-0.907041
-0.909973
-0.914427
-0.923335
-0.936456
-0.947846
-0.950376
-0.649778
-0.668326
-0.68138
-0.690381
-0.697307
-0.703294
-0.708622
-0.713163
-0.716817
-0.720044
-0.723822
-0.730329
-0.740576
-0.748639
-0.748492
-0.585585
-0.600756
-0.614974
-0.62889
-0.641968
-0.653618
-0.663318
-0.670911
-0.676647
-0.681373
-0.686393
-0.693606
-0.7041
-0.712273
-0.711304
-0.541907
-0.551451
-0.563644
-0.575872
-0.587026
-0.597017
-0.605939
-0.613965
-0.621359
-0.628633
-0.636701
-0.646821
-0.659542
-0.669418
-0.668621
-0.494334
-0.498819
-0.506029
-0.513891
-0.52197
-0.530692
-0.540221
-0.550539
-0.561552
-0.57327
-0.586066
-0.600584
-0.616754
-0.629127
-0.628938
-0.452229
-0.44828
-0.451686
-0.456773
-0.463653
-0.472971
-0.484909
-0.499366
-0.516028
-0.534519
-0.554819
-0.576786
-0.599138
-0.615883
-0.617166
-0.403128
-0.40079
-0.401823
-0.404318
-0.409384
-0.418241
-0.431614
-0.449887
-0.472615
-0.499218
-0.529534
-0.563589
-0.598725
-0.626422
-0.633633
-0.369575
-0.359212
-0.355824
-0.354023
-0.355393
-0.362055
-0.376057
-0.398928
-0.429913
-0.466677
-0.511047
-0.56356
-0.618132
-0.660238
-0.675242
-0.329406
-0.318516
-0.310832
-0.303109
-0.29654
-0.294911
-0.30094
-0.323266
-0.359233
-0.399861
-0.446041
-0.519173
-0.62278
-0.708838
-0.750126
-0.301926
-0.283219
-0.274739
-0.261534
-0.24896
-0.24302
-0.245473
-0.275306
-0.338951
-0.389986
-0.455251
-0.544849
-0.705202
-0.802645
-0.839299
-0.263133
-0.235971
-0.230648
-0.212138
-0.169659
-0.131061
-0.0593863
-0.065324
-0.153924
-0.173952
-0.112092
-0.143125
-0.608482
-0.898289
-0.927721
0.00628414
0.0167009
0.150924
0.236372
0.283689
0.287985
0.243078
0.144373
-0.0032648
-0.182808
-0.3659
-0.521795
-0.624438
-0.662137
-0.643368
-1.68395
-1.67864
-1.63994
-1.60964
-1.56317
-1.49844
-1.41091
-1.3016
-1.17644
-1.04627
-0.924117
-0.82197
-0.743469
-0.681291
-0.623887
-1.53636
-1.5277
-1.50745
-1.48785
-1.46608
-1.44176
-1.40754
-1.35781
-1.2878
-1.19554
-1.08369
-0.961111
-0.840033
-0.730259
-0.635825
-0.947112
-0.938131
-0.920563
-0.901617
-0.886313
-0.874648
-0.863551
-0.851596
-0.836987
-0.817591
-0.790788
-0.754419
-0.707751
-0.651849
-0.589818
-0.745405
-0.739256
-0.725173
-0.70923
-0.696566
-0.685901
-0.674965
-0.662818
-0.649013
-0.633656
-0.616816
-0.598075
-0.576209
-0.549379
-0.516132
-0.708315
-0.703043
-0.688877
-0.672689
-0.659363
-0.647543
-0.635276
-0.621288
-0.60476
-0.585435
-0.563452
-0.539291
-0.513546
-0.486848
-0.459036
-0.665711
-0.660291
-0.644429
-0.626
-0.609775
-0.594951
-0.580236
-0.564742
-0.547969
-0.529624
-0.509502
-0.487527
-0.463815
-0.439385
-0.416904
-0.6263
-0.620608
-0.602506
-0.580745
-0.560144
-0.540572
-0.521379
-0.502232
-0.483115
-0.464087
-0.445161
-0.426274
-0.407191
-0.388222
-0.371788
-0.614559
-0.6075
-0.585088
-0.557297
-0.52949
-0.502563
-0.47662
-0.451768
-0.428352
-0.406593
-0.386625
-0.368479
-0.351835
-0.336477
-0.324518
-0.633181
-0.62266
-0.590412
-0.55021
-0.51007
-0.472177
-0.437176
-0.405657
-0.377471
-0.352876
-0.332045
-0.314739
-0.300362
-0.288259
-0.279916
-0.674317
-0.653768
-0.601789
-0.543856
-0.48892
-0.437389
-0.392689
-0.353965
-0.321213
-0.295016
-0.274973
-0.260601
-0.250172
-0.242743
-0.239757
-0.780652
-0.741337
-0.634952
-0.540869
-0.461582
-0.391664
-0.337024
-0.29733
-0.260882
-0.233479
-0.216434
-0.206332
-0.201413
-0.199688
-0.200601
-0.891971
-0.789071
-0.563343
-0.488142
-0.423448
-0.323236
-0.277329
-0.230025
-0.180217
-0.16036
-0.148286
-0.149894
-0.151085
-0.157765
-0.165018
-1.38679
-1.19052
-0.575104
-0.522913
-0.37598
-0.216646
-0.174385
-0.189295
-0.125535
-0.101475
-0.103887
-0.105905
-0.113721
-0.128187
-0.146674
-8.80266
-8.1539
-7.56516
-6.94027
-6.26156
-5.52077
-4.73736
-3.93802
-3.15589
-2.428
-1.78922
-1.26417
-0.860576
-0.568264
-0.371388
-0.255763
-1.17411
-1.32018
-1.36171
-1.43684
-1.52121
-1.58257
-1.60789
-1.58736
-1.51206
-1.37912
-1.19627
-0.982089
-0.761364
-0.566115
-0.812536
-1.18403
-1.02666
-0.995227
-1.02492
-1.05136
-1.06352
-1.066
-1.05877
-1.03832
-0.999691
-0.937332
-0.847244
-0.730136
-0.603008
-2.16845
-2.17251
-1.91947
-1.85161
-1.79357
-1.71305
-1.61633
-1.50956
-1.39342
-1.26926
-1.14014
-1.00947
-0.879447
-0.749905
-0.62737
-2.0738
-1.78667
-1.62754
-1.60737
-1.56479
-1.50721
-1.44261
-1.37119
-1.29056
-1.19982
-1.09907
-0.989471
-0.873361
-0.753313
-0.637333
-1.16111
-0.865455
-0.875421
-0.897922
-0.897545
-0.89897
-0.90235
-0.902396
-0.895541
-0.87952
-0.852038
-0.81095
-0.754973
-0.68384
-0.602804
-0.608686
-0.518002
-0.570403
-0.575476
-0.580771
-0.596038
-0.6157
-0.634771
-0.650791
-0.661556
-0.664513
-0.656989
-0.636499
-0.600722
-0.550076
-0.558102
-0.553391
-0.570323
-0.558354
-0.557622
-0.56227
-0.56957
-0.577596
-0.584981
-0.590023
-0.590843
-0.585434
-0.571702
-0.547346
-0.509792
-0.581738
-0.588483
-0.584111
-0.573612
-0.570037
-0.566711
-0.565197
-0.564919
-0.564711
-0.563239
-0.559197
-0.551162
-0.537575
-0.516829
-0.486198
-0.582951
-0.583954
-0.574621
-0.566622
-0.560725
-0.554347
-0.549642
-0.546103
-0.542781
-0.538697
-0.532873
-0.524199
-0.511405
-0.493238
-0.466819
-0.578777
-0.57545
-0.56573
-0.556857
-0.549067
-0.541945
-0.535827
-0.53041
-0.525127
-0.519284
-0.512116
-0.502753
-0.490158
-0.473294
-0.449576
-0.570609
-0.565714
-0.556239
-0.546381
-0.538319
-0.53151
-0.524813
-0.518457
-0.51212
-0.505232
-0.497146
-0.487166
-0.474485
-0.458321
-0.436744
-0.556111
-0.551164
-0.542272
-0.532687
-0.525441
-0.51923
-0.512533
-0.506062
-0.499558
-0.4925
-0.484313
-0.474399
-0.462088
-0.446773
-0.426897
-0.539675
-0.535246
-0.527114
-0.518362
-0.511794
-0.505882
-0.499417
-0.493171
-0.486851
-0.479995
-0.472087
-0.462574
-0.450835
-0.436295
-0.417454
-0.526037
-0.522105
-0.514549
-0.506302
-0.499517
-0.493373
-0.487221
-0.481237
-0.475121
-0.468491
-0.460889
-0.451795
-0.440615
-0.426785
-0.408956
-0.515433
-0.511744
-0.504459
-0.49626
-0.488825
-0.482392
-0.476614
-0.470806
-0.464835
-0.458403
-0.451097
-0.442438
-0.431893
-0.418973
-0.402517
-0.505451
-0.501853
-0.494747
-0.48658
-0.478924
-0.472621
-0.467207
-0.461503
-0.455663
-0.44943
-0.442415
-0.43418
-0.424241
-0.412171
-0.396853
-0.494799
-0.491335
-0.484525
-0.476649
-0.469329
-0.463476
-0.458375
-0.452793
-0.447131
-0.441127
-0.43441
-0.426568
-0.41714
-0.405712
-0.39121
-0.484077
-0.480857
-0.474473
-0.4671
-0.460348
-0.454889
-0.449958
-0.444551
-0.439122
-0.433382
-0.426984
-0.419541
-0.410612
-0.399792
-0.386079
-0.474677
-0.47174
-0.465797
-0.458927
-0.452595
-0.447108
-0.442091
-0.43693
-0.431767
-0.426307
-0.420241
-0.413209
-0.404792
-0.39461
-0.381775
-0.467235
-0.464524
-0.458915
-0.452375
-0.446164
-0.4403
-0.435084
-0.430214
-0.42527
-0.420046
-0.414276
-0.407619
-0.39968
-0.390095
-0.3781
-0.461094
-0.458516
-0.453123
-0.446748
-0.440511
-0.434352
-0.429098
-0.424496
-0.419679
-0.414623
-0.409082
-0.40273
-0.395182
-0.386077
-0.374749
-0.455357
-0.452862
-0.44764
-0.441392
-0.43519
-0.429044
-0.423968
-0.419583
-0.414848
-0.409931
-0.404583
-0.398486
-0.391272
-0.382565
-0.37171
-0.449694
-0.447288
-0.442261
-0.4362
-0.430174
-0.424287
-0.419494
-0.415272
-0.41062
-0.405844
-0.400681
-0.394824
-0.387925
-0.379614
-0.368995
-0.444231
-0.441949
-0.437158
-0.431369
-0.425635
-0.420105
-0.415547
-0.411418
-0.40689
-0.402285
-0.397325
-0.391727
-0.385166
-0.377349
-0.367428
-0.439636
-0.4375
-0.432962
-0.427478
-0.42205
-0.416799
-0.412237
-0.408049
-0.403677
-0.399241
-0.394473
-0.389112
-0.382839
-0.37539
-0.365847
-0.436148
-0.434149
-0.429839
-0.424626
-0.419431
-0.4143
-0.409509
-0.405179
-0.401002
-0.396719
-0.392119
-0.386964
-0.380942
-0.373812
-0.364763
-0.433813
-0.431916
-0.427785
-0.422762
-0.417683
-0.412532
-0.407467
-0.403026
-0.399018
-0.394812
-0.390321
-0.385315
-0.379487
-0.372591
-0.36379
-0.43213
-0.430299
-0.426299
-0.421397
-0.416364
-0.411164
-0.405962
-0.401529
-0.39765
-0.393472
-0.389054
-0.384161
-0.378496
-0.371829
-0.363414
-0.43072
-0.428937
-0.425048
-0.420243
-0.415252
-0.410058
-0.404884
-0.400555
-0.396758
-0.392583
-0.388216
-0.383404
-0.377861
-0.371359
-0.363118
-0.429402
-0.427666
-0.423889
-0.419189
-0.414277
-0.40916
-0.404128
-0.399933
-0.396186
-0.392022
-0.387715
-0.383003
-0.377626
-0.3714
-0.364033
-0.427878
-0.426204
-0.422558
-0.418005
-0.413237
-0.408291
-0.403476
-0.399423
-0.395717
-0.391615
-0.387399
-0.382804
-0.37759
-0.371528
-0.364524
-0.426641
-0.425044
-0.421541
-0.417157
-0.412562
-0.407798
-0.403166
-0.399118
-0.395367
-0.391342
-0.387219
-0.382735
-0.377661
-0.371692
-0.365097
-0.425353
-0.423843
-0.42049
-0.416305
-0.411913
-0.407365
-0.402893
-0.39878
-0.394985
-0.39114
-0.387166
-0.382837
-0.377939
-0.372072
-0.365325
-0.424766
-0.423341
-0.420129
-0.416123
-0.411898
-0.407491
-0.40307
-0.398791
-0.39493
-0.391271
-0.387435
-0.383267
-0.378565
-0.372919
-0.366096
-0.424264
-0.422912
-0.419826
-0.415988
-0.411916
-0.407645
-0.403284
-0.398955
-0.39517
-0.391771
-0.388129
-0.384206
-0.379815
-0.374663
-0.368829
-0.424517
-0.423228
-0.420249
-0.416543
-0.412574
-0.408377
-0.404038
-0.399709
-0.396029
-0.392819
-0.389309
-0.385564
-0.381352
-0.37634
-0.37038
-0.425088
-0.423846
-0.42096
-0.417365
-0.413492
-0.40938
-0.405115
-0.400906
-0.397404
-0.394373
-0.39099
-0.387404
-0.383345
-0.378485
-0.373223
-0.426418
-0.425218
-0.422417
-0.418922
-0.415134
-0.411108
-0.406937
-0.402885
-0.399554
-0.396655
-0.393384
-0.389961
-0.386111
-0.381477
-0.376755
-0.428659
-0.427493
-0.42477
-0.421357
-0.417651
-0.413703
-0.409636
-0.405732
-0.402526
-0.399688
-0.396482
-0.393147
-0.389396
-0.384789
-0.379729
-0.43161
-0.430478
-0.427833
-0.424512
-0.420905
-0.417067
-0.413127
-0.409377
-0.406238
-0.403405
-0.400239
-0.396941
-0.393234
-0.388717
-0.383515
-0.43593
-0.434827
-0.432255
-0.429007
-0.42548
-0.421702
-0.417836
-0.414124
-0.410894
-0.407941
-0.404784
-0.401505
-0.397873
-0.39361
-0.389204
-0.440782
-0.439706
-0.437206
-0.434046
-0.430618
-0.426939
-0.423165
-0.419494
-0.41612
-0.413028
-0.409882
-0.40656
-0.402839
-0.398389
-0.393581
-0.446913
-0.445864
-0.443427
-0.440331
-0.436966
-0.433311
-0.429532
-0.425759
-0.422115
-0.418801
-0.4156
-0.412155
-0.408303
-0.403655
-0.399126
-0.453274
-0.452247
-0.44987
-0.446847
-0.443559
-0.439959
-0.436198
-0.432369
-0.42854
-0.425102
-0.421883
-0.418334
-0.41438
-0.409521
-0.404342
-0.460537
-0.459533
-0.457209
-0.454241
-0.450994
-0.447396
-0.443593
-0.43965
-0.43565
-0.432105
-0.428842
-0.425185
-0.421155
-0.416216
-0.410652
-0.467953
-0.466967
-0.464694
-0.461783
-0.458587
-0.455019
-0.451212
-0.447233
-0.443187
-0.439635
-0.436369
-0.432651
-0.428579
-0.423629
-0.417537
-0.475912
-0.474948
-0.472722
-0.469864
-0.466706
-0.463155
-0.459342
-0.455341
-0.451299
-0.447783
-0.444543
-0.440855
-0.436895
-0.432298
-0.426934
-0.484122
-0.483178
-0.481001
-0.478195
-0.475081
-0.471564
-0.467775
-0.4638
-0.459818
-0.456359
-0.453131
-0.449428
-0.445424
-0.440752
-0.434529
-0.492656
-0.491736
-0.489609
-0.486863
-0.4838
-0.480336
-0.476592
-0.472676
-0.46878
-0.465386
-0.462175
-0.458503
-0.454574
-0.450209
-0.445925
-0.501709
-0.500813
-0.498738
-0.496049
-0.493038
-0.489624
-0.48593
-0.48207
-0.478247
-0.474862
-0.471599
-0.467865
-0.463793
-0.458959
-0.452926
-0.511098
-0.510232
-0.508213
-0.505598
-0.50266
-0.499332
-0.495722
-0.491957
-0.488216
-0.484809
-0.481459
-0.477637
-0.473379
-0.468224
-0.461974
-0.521409
-0.520574
-0.518613
-0.516067
-0.513197
-0.509941
-0.506406
-0.502713
-0.499029
-0.49556
-0.492151
-0.488382
-0.484207
-0.479279
-0.473675
-0.532255
-0.531453
-0.529551
-0.527089
-0.52431
-0.521171
-0.517752
-0.514183
-0.510587
-0.507078
-0.503657
-0.500005
-0.495925
-0.491113
-0.485771
-0.544183
-0.543416
-0.541571
-0.539185
-0.536482
-0.533425
-0.53008
-0.526569
-0.522984
-0.51936
-0.51586
-0.512205
-0.507971
-0.502771
-0.496694
-0.556705
-0.555971
-0.554186
-0.55189
-0.549283
-0.546349
-0.543116
-0.539713
-0.536183
-0.532528
-0.529045
-0.525502
-0.521352
-0.51632
-0.512357
-0.570772
-0.57007
-0.568339
-0.566114
-0.563578
-0.560719
-0.557542
-0.554174
-0.550636
-0.546926
-0.543431
-0.539899
-0.535656
-0.530121
-0.524352
-0.586157
-0.585482
-0.5838
-0.581642
-0.579176
-0.576395
-0.573281
-0.569956
-0.566422
-0.562689
-0.559176
-0.555592
-0.551211
-0.545503
-0.540014
-0.603517
-0.602866
-0.60123
-0.59913
-0.596719
-0.59399
-0.590906
-0.587585
-0.584018
-0.580237
-0.576656
-0.572926
-0.568273
-0.562088
-0.555147
-0.623317
-0.62268
-0.621079
-0.619012
-0.616633
-0.613912
-0.61082
-0.60745
-0.603808
-0.599929
-0.596206
-0.592214
-0.58714
-0.580391
-0.572706
-0.645609
-0.644981
-0.643412
-0.641377
-0.639027
-0.63632
-0.633222
-0.62981
-0.626092
-0.622107
-0.618205
-0.613914
-0.60842
-0.60117
-0.593257
-0.671295
-0.670672
-0.669125
-0.667096
-0.664741
-0.66198
-0.658809
-0.655256
-0.651369
-0.647158
-0.64294
-0.638181
-0.632062
-0.62392
-0.614668
-0.699894
-0.699267
-0.69774
-0.695718
-0.693365
-0.690573
-0.687347
-0.683681
-0.679625
-0.675156
-0.670525
-0.665161
-0.658263
-0.649113
-0.638717
-0.732482
-0.731854
-0.73034
-0.728305
-0.725918
-0.723031
-0.719671
-0.715782
-0.711434
-0.706553
-0.701319
-0.695134
-0.687218
-0.67676
-0.664437
-0.768635
-0.768004
-0.766507
-0.764473
-0.762067
-0.759116
-0.755646
-0.751556
-0.746904
-0.741546
-0.735555
-0.728327
-0.719095
-0.706946
-0.692482
-0.809371
-0.808747
-0.807273
-0.805245
-0.802811
-0.79978
-0.79616
-0.791808
-0.786743
-0.780751
-0.773757
-0.765179
-0.754226
-0.739806
-0.72262
-0.855834
-0.855222
-0.853774
-0.851751
-0.849278
-0.846138
-0.842312
-0.837609
-0.831984
-0.825131
-0.816808
-0.806453
-0.79323
-0.775775
-0.75533
-0.908675
-0.908087
-0.906677
-0.904685
-0.902186
-0.898966
-0.894923
-0.889836
-0.883522
-0.875584
-0.86556
-0.852908
-0.836719
-0.81531
-0.790716
-0.973075
-0.97252
-0.971156
-0.969166
-0.966558
-0.963085
-0.958553
-0.952658
-0.945071
-0.935255
-0.922534
-0.906352
-0.885756
-0.858803
-0.828242
-1.04679
-1.04626
-1.04492
-1.04292
-1.04019
-1.03647
-1.03141
-1.0246
-1.01547
-1.00327
-0.987014
-0.966049
-0.939341
-0.904791
-0.865486
-1.15446
-1.15398
-1.15269
-1.15052
-1.14719
-1.14228
-1.1352
-1.12528
-1.11161
-1.09323
-1.06897
-1.03829
-1.00053
-0.954101
-0.902768
-1.25441
-1.25392
-1.25241
-1.24995
-1.24625
-1.24072
-1.23248
-1.22053
-1.20345
-1.17979
-1.14794
-1.1073
-1.05763
-0.998273
-0.932609
-1.53633
-1.53617
-1.53434
-1.52981
-1.52081
-1.50596
-1.48341
-1.45138
-1.40812
-1.35284
-1.28589
-1.20978
-1.12797
-1.04326
-0.960531
-1.52022
-1.51883
-1.51943
-1.51364
-1.50354
-1.48864
-1.46729
-1.43744
-1.39698
-1.34446
-1.27964
-1.20473
-1.12324
-1.03848
-0.955083
-3.0089
-3.08576
-3.02578
-2.94356
-2.8401
-2.70537
-2.53262
-2.32261
-2.08294
-1.82852
-1.57968
-1.35821
-1.17872
-1.0413
-0.938213
15.6739
15.0145
14.1777
13.3646
12.4917
11.5291
10.4971
9.42949
8.36372
7.34132
6.40336
5.58215
4.89309
4.33181
3.89229
6.74307
5.9093
5.9478
6.0632
6.10947
6.1101
6.08189
6.01249
5.88506
5.68791
5.41791
5.08342
4.70475
4.30909
3.93637
4.60612
4.29385
4.51219
4.57687
4.58382
4.59046
4.59859
4.59617
4.57648
4.53432
4.4628
4.3536
4.19978
3.99921
3.76938
3.99333
3.9882
4.20772
4.22867
4.23622
4.25115
4.2621
4.25903
4.23794
4.19564
4.12951
4.03782
3.91915
3.77104
3.5998
3.36439
3.6455
3.78289
3.78587
3.80779
3.83612
3.86092
3.8784
3.88563
3.8774
3.84785
3.79208
3.70717
3.59171
3.45097
3.44866
3.74918
3.73711
3.716
3.71604
3.71146
3.70075
3.68664
3.66917
3.64595
3.61342
3.56704
3.50187
3.41302
3.30004
3.60789
3.70337
3.64924
3.64371
3.63702
3.61823
3.59187
3.56122
3.52647
3.48697
3.44167
3.38871
3.32533
3.24746
3.15072
3.38838
3.39546
3.37747
3.38872
3.38726
3.37831
3.36408
3.34522
3.32129
3.29168
3.25542
3.2111
3.15698
3.09095
3.00896
3.10392
3.09867
3.10316
3.1135
3.11554
3.11594
3.11273
3.10551
3.09407
3.07791
3.05592
3.02653
2.98793
2.93878
2.87883
2.87876
2.87839
2.88763
2.89477
2.89903
2.9032
2.90432
2.90219
2.89675
2.88762
2.87393
2.85435
2.82716
2.79076
2.74547
2.69435
2.69768
2.70689
2.71441
2.72061
2.72594
2.72894
2.72949
2.72741
2.72229
2.71343
2.69971
2.67962
2.65139
2.61583
2.53394
2.53875
2.54791
2.55699
2.56413
2.56955
2.57362
2.57593
2.57616
2.57396
2.56871
2.55948
2.54489
2.52316
2.49571
2.39632
2.4014
2.41034
2.41981
2.42663
2.43174
2.43635
2.43958
2.44115
2.44082
2.43811
2.43229
2.42224
2.40638
2.38681
2.27747
2.28218
2.29049
2.29928
2.30532
2.31013
2.31489
2.31849
2.32072
2.32142
2.32025
2.31659
2.30953
2.29751
2.2818
2.17033
2.17446
2.18206
2.19007
2.19584
2.20072
2.20547
2.20917
2.21175
2.21306
2.21282
2.21051
2.20535
2.19588
2.18281
2.07027
2.074
2.08116
2.0889
2.09526
2.1006
2.10523
2.10902
2.1119
2.11372
2.11426
2.1131
2.10965
2.10286
2.09425
1.97714
1.98072
1.98771
1.99554
2.00256
2.00819
2.01264
2.01658
2.01975
2.02202
2.02321
2.02299
2.02088
2.01591
2.00999
1.89191
1.89543
1.90226
1.91005
1.91717
1.92265
1.92692
1.93098
1.93435
1.93691
1.93853
1.93894
1.93769
1.93375
1.92883
1.81425
1.81762
1.82415
1.83162
1.83835
1.84342
1.84752
1.85163
1.85508
1.85781
1.85973
1.86061
1.86009
1.85726
1.85398
1.74248
1.74559
1.75169
1.75866
1.76486
1.76965
1.77371
1.7778
1.78125
1.78408
1.78621
1.78748
1.7876
1.78575
1.7839
1.67451
1.67734
1.68303
1.68954
1.69541
1.70036
1.70462
1.7086
1.71201
1.71489
1.71718
1.71874
1.71937
1.71831
1.71751
1.60928
1.6119
1.6173
1.62354
1.62937
1.63477
1.6393
1.64313
1.64653
1.64946
1.65187
1.65365
1.65465
1.65418
1.65395
1.547
1.54952
1.55473
1.56086
1.56677
1.5725
1.57713
1.5808
1.58425
1.58725
1.58977
1.59173
1.59299
1.59294
1.59295
1.48819
1.49064
1.49571
1.50175
1.50766
1.51341
1.51791
1.52147
1.52498
1.52804
1.53066
1.53275
1.53423
1.53458
1.53528
1.43286
1.43523
1.44013
1.446
1.45177
1.45729
1.46156
1.46505
1.46859
1.47169
1.47438
1.47662
1.47832
1.47902
1.48126
1.38053
1.38279
1.38746
1.39308
1.39858
1.40378
1.40785
1.41131
1.41484
1.41795
1.42069
1.42305
1.42497
1.42599
1.4288
1.33033
1.33244
1.33687
1.34219
1.34739
1.35231
1.35639
1.35993
1.36339
1.36645
1.36918
1.37157
1.37357
1.37465
1.37755
1.28153
1.2835
1.2877
1.29275
1.29772
1.30251
1.30683
1.31054
1.31388
1.31688
1.3196
1.32201
1.32413
1.32541
1.32879
1.23392
1.23577
1.23979
1.24465
1.24949
1.2543
1.25891
1.26276
1.26597
1.26896
1.27169
1.27415
1.2764
1.27789
1.28145
1.18755
1.18933
1.19322
1.19795
1.20275
1.20763
1.21241
1.21628
1.21939
1.22241
1.22516
1.22766
1.22998
1.23159
1.23486
1.14269
1.14443
1.14821
1.15284
1.15761
1.16249
1.16727
1.17105
1.17408
1.17711
1.17986
1.18234
1.18461
1.18605
1.18808
1.09933
1.10102
1.10469
1.10923
1.11393
1.11875
1.1234
1.12704
1.13004
1.1331
1.13587
1.1384
1.14077
1.14252
1.14366
1.05749
1.05912
1.06268
1.06709
1.07167
1.07634
1.0808
1.08432
1.0873
1.09039
1.09321
1.09584
1.0984
1.10066
1.10194
1.01672
1.01829
1.02171
1.02597
1.03039
1.03489
1.03916
1.04263
1.04566
1.04874
1.05157
1.05423
1.05683
1.05934
1.05947
0.976824
0.97831
0.981593
0.985669
0.989905
0.994215
0.998333
1.00188
1.00498
1.00799
1.01075
1.01336
1.01584
1.01846
1.01846
0.937404
0.938815
0.941965
0.945874
0.949946
0.95412
0.958182
0.961922
0.965154
0.968066
0.9708
0.973406
0.975883
0.978661
0.979965
0.898486
0.899833
0.90287
0.906641
0.910591
0.914692
0.918773
0.922721
0.926045
0.928869
0.931601
0.934222
0.93671
0.939447
0.940467
0.860096
0.861395
0.864339
0.868004
0.871874
0.875949
0.880075
0.884153
0.887496
0.890247
0.892988
0.895599
0.898057
0.900672
0.90153
0.822248
0.823513
0.826383
0.829972
0.833795
0.837871
0.842035
0.84616
0.84948
0.852208
0.854997
0.857655
0.860212
0.863
0.863699
0.785161
0.786398
0.7892
0.792721
0.7965
0.800556
0.804712
0.808793
0.812052
0.814773
0.817617
0.820334
0.822991
0.826067
0.826737
0.748614
0.749824
0.752562
0.756021
0.759756
0.763783
0.767902
0.771904
0.775099
0.777831
0.780715
0.783465
0.786148
0.789322
0.79031
0.712931
0.714106
0.716767
0.720135
0.723783
0.727709
0.731716
0.735564
0.738667
0.741379
0.744254
0.746999
0.749667
0.752788
0.753849
0.677349
0.678488
0.681074
0.684358
0.687923
0.691763
0.695673
0.699415
0.702516
0.705277
0.708151
0.710912
0.713623
0.716818
0.717599
0.642233
0.643329
0.645832
0.649009
0.652459
0.656168
0.659945
0.663568
0.666715
0.669535
0.672369
0.67513
0.677895
0.681298
0.682375
0.60695
0.608002
0.610424
0.613497
0.616838
0.620433
0.624113
0.627684
0.630963
0.633871
0.636632
0.639356
0.642069
0.645469
0.646891
0.571646
0.572654
0.574995
0.57796
0.581186
0.584664
0.588255
0.591791
0.595194
0.598141
0.600788
0.603446
0.606043
0.6092
0.610669
0.535935
0.536905
0.539176
0.542048
0.545186
0.548584
0.552135
0.555687
0.55921
0.562191
0.564772
0.567441
0.570062
0.573228
0.574818
0.499824
0.500763
0.502972
0.50577
0.50884
0.512192
0.515736
0.51933
0.522942
0.52595
0.528528
0.531278
0.53403
0.537433
0.539493
0.463466
0.464377
0.466527
0.469252
0.472258
0.475558
0.479087
0.48269
0.486319
0.489313
0.491903
0.494736
0.497607
0.501216
0.50354
0.426361
0.427251
0.429356
0.432035
0.435007
0.438299
0.44184
0.445476
0.449114
0.45211
0.454742
0.457666
0.460661
0.464712
0.468616
0.389104
0.389971
0.392023
0.39464
0.397556
0.400794
0.404293
0.407884
0.41145
0.414388
0.417021
0.419967
0.422904
0.426549
0.432687
0.351057
0.351905
0.353911
0.356483
0.35936
0.362576
0.366057
0.369634
0.373157
0.376092
0.378782
0.381826
0.384927
0.388345
0.395649
0.312705
0.313531
0.315486
0.317996
0.320813
0.323967
0.327386
0.330899
0.334352
0.337291
0.340053
0.343184
0.346485
0.349728
0.356726
0.273376
0.274182
0.276093
0.27856
0.281338
0.284466
0.287858
0.29136
0.294807
0.297851
0.300773
0.304058
0.307703
0.311417
0.319342
0.23361
0.234389
0.236246
0.238645
0.24135
0.244401
0.247717
0.251155
0.254568
0.257727
0.260802
0.264178
0.268007
0.271815
0.279682
0.192672
0.193427
0.195233
0.197575
0.200222
0.20322
0.206487
0.209903
0.213338
0.216676
0.21993
0.223391
0.227404
0.231397
0.23874
0.150691
0.151425
0.153185
0.155473
0.158061
0.161007
0.164231
0.167642
0.171131
0.174686
0.178149
0.181759
0.186068
0.190584
0.19835
0.107383
0.108099
0.109819
0.11206
0.114605
0.117518
0.120731
0.12418
0.12778
0.131586
0.135299
0.139153
0.143887
0.149142
0.157752
0.0625223
0.0632242
0.06491
0.0671182
0.0696319
0.0725368
0.0757649
0.0792874
0.0830256
0.0870744
0.0910302
0.0951564
0.100311
0.106213
0.115525
0.016008
0.0166989
0.0183545
0.0205297
0.023017
0.0259083
0.029154
0.032743
0.0366118
0.0408571
0.0450309
0.0494401
0.0550189
0.0615648
0.0720169
-0.0328036
-0.0321194
-0.0304869
-0.028326
-0.0258417
-0.0229215
-0.0196169
-0.0159141
-0.0118825
-0.00742989
-0.00301504
0.00173424
0.00779085
0.0149698
0.0268197
-0.0835663
-0.0828961
-0.0812993
-0.0791854
-0.0767369
-0.0738479
-0.0705359
-0.066789
-0.0626483
-0.0580431
-0.053388
-0.0482544
-0.0416314
-0.0337719
-0.0202416
-0.137758
-0.137098
-0.135528
-0.133433
-0.130984
-0.128063
-0.124679
-0.120806
-0.11648
-0.111635
-0.106632
-0.100972
-0.0936044
-0.0849189
-0.0695732
-0.195143
-0.194502
-0.192972
-0.190926
-0.188507
-0.185602
-0.182187
-0.178234
-0.173742
-0.168644
-0.163206
-0.156867
-0.148495
-0.138628
-0.121597
-0.257237
-0.256621
-0.255133
-0.253126
-0.250719
-0.247795
-0.2443
-0.240196
-0.235439
-0.229941
-0.223852
-0.216533
-0.206725
-0.19488
-0.174929
-0.32472
-0.324132
-0.322695
-0.32074
-0.318354
-0.315418
-0.311838
-0.307554
-0.302465
-0.296434
-0.289465
-0.28085
-0.269234
-0.255002
-0.232035
-0.399627
-0.399068
-0.397679
-0.395762
-0.393369
-0.390371
-0.386623
-0.382035
-0.376425
-0.369584
-0.361336
-0.350917
-0.336884
-0.319488
-0.292604
-0.483416
-0.482885
-0.481541
-0.479643
-0.477211
-0.474082
-0.470066
-0.465004
-0.458619
-0.450576
-0.44048
-0.427497
-0.410077
-0.388271
-0.355913
-0.580452
-0.579946
-0.578646
-0.576743
-0.574194
-0.570791
-0.566252
-0.560317
-0.552558
-0.542466
-0.52938
-0.512419
-0.489965
-0.461892
-0.422268
-0.690164
-0.689672
-0.688366
-0.686378
-0.68362
-0.679796
-0.67453
-0.66739
-0.657753
-0.644834
-0.627631
-0.605151
-0.575686
-0.538893
-0.486925
-0.835343
-0.834863
-0.833594
-0.831388
-0.827967
-0.822851
-0.81542
-0.804944
-0.790472
-0.770916
-0.745048
-0.712059
-0.670712
-0.621797
-0.55649
-0.976606
-0.976112
-0.974595
-0.972035
-0.968136
-0.962192
-0.953316
-0.94037
-0.921916
-0.896304
-0.861848
-0.817759
-0.76324
-0.700752
-0.623173
-1.30228
-1.30204
-1.30012
-1.29536
-1.28595
-1.27036
-1.24673
-1.21304
-1.1675
-1.10908
-1.03804
-0.956783
-0.868059
-0.777463
-0.68248
-1.33793
-1.33664
-1.33728
-1.33124
-1.32055
-1.30452
-1.28136
-1.24875
-1.20442
-1.14669
-1.07519
-0.992154
-0.900375
-0.805083
-0.709721
-2.88501
-2.96147
-2.90093
-2.81779
-2.71234
-2.57417
-2.39633
-2.17946
-1.93139
-1.66742
-1.4084
-1.17691
-0.986466
-0.836362
-0.717651
0.331594
1.22795
-0.370145
-0.064329
0.102959
-0.53732
0.12773
1.93355
0.551929
0.331055
0.12208
1.24673
0.48176
-0.0976935
0.0191572
1.47577
-0.154065
-2.17382
-0.299208
0.270105
1.18428
0.504701
1.54845
0.826742
0.760426
2.35949
1.85955
0.00545514
1.17666
-0.159445
-6.70528
0.363132
-0.548922
-0.258716
1.72481
1.42991
0.463081
-0.875414
0.913752
1.9315
0.884239
-0.341377
0.716373
1.02549
0.751655
0.219943
0.736983
0.607822
-0.385794
1.78041
1.00138
0.156216
0.0175951
2.70107
0.878868
3.49633
0.677622
-0.766735
0.693197
0.74435
1.68799
-1.15796
0.282025
-0.234512
1.47978
1.38029
0.142552
4.75502
0.416257
1.9967
1.19896
0.532598
0.330351
-0.354811
1.02216
0.363777
0.471636
1.05195
-0.322284
1.763
1.41573
0.68324
0.700013
-0.192313
3.47868
0.100075
0.858713
0.461033
-0.336293
2.1729
0.464495
0.488093
-0.121889
1.07713
0.0720496
1.00154
0.519526
1.52734
0.0784723
0.68863
1.90732
1.20795
1.14604
0.41844
-0.304077
-0.145447
0.918261
0.222784
0.547925
0.677857
1.14709
-0.184322
0.163173
0.54606
0.912023
1.63416
0.501185
0.351721
0.205365
0.590094
1.59604
-0.0176589
-0.331714
1.04153
1.55703
1.23337
2.7171
0.0250118
-0.324156
1.40754
-0.37918
0.660159
1.1174
-0.0977496
0.823944
-3.14484
1.6721
0.0571264
1.11874
0.719887
1.92125
0.897882
0.864538
0.626391
0.547994
2.19874
0.516248
0.210818
-0.481291
0.224394
-0.578314
-0.0134825
1.77351
-0.0176876
1.53262
0.407313
1.38017
0.389618
0.276976
0.801862
0.6858
1.37074
0.692172
0.687153
0.398101
0.495729
3.46957
0.309462
0.415936
1.64669
0.00186869
1.72153
0.646516
-0.74699
1.57151
0.302025
1.31002
-3.53282
0.497698
0.641827
0.571325
2.72085
2.21738
3.48021
-0.0902478
0.214445
0.328368
0.588232
0.251774
0.583704
0.878066
0.617172
0.583787
0.74989
0.735333
1.97854
1.23356
0.572719
-0.234035
1.77063
5.68651
-0.295083
0.973067
0.764828
2.1155
0.873687
0.391389
0.680384
-0.391246
0.348613
0.135274
0.820473
0.661076
2.29483
0.534807
1.32514
-0.326795
1.84073
0.0103287
-0.38377
0.750142
-0.07616
1.49202
-0.25864
2.21917
1.54655
0.180317
1.7455
0.378773
0.635372
-0.346874
1.14033
0.746235
2.81359
-0.34045
0.902896
1.24674
3.03663
0.241221
1.45671
0.424555
0.466491
10.114
0.455191
-0.401078
-0.3951
0.593602
0.310674
-0.358935
0.377146
0.114405
6.03462
1.25944
1.18179
0.71537
1.44761
0.866957
-0.837333
0.681382
-0.280868
1.57178
0.118114
-0.707793
0.155536
0.897236
1.87966
-0.342521
0.66133
1.3078
0.664393
-0.33656
0.384909
2.98973
0.790893
1.08695
1.45618
0.590458
-4.47884
0.485134
0.227314
-0.265384
0.625679
0.660808
0.0126557
1.62261
0.152021
2.42877
0.763546
-1.12878
-0.383145
0.362241
-0.315584
0.838408
6.12477
0.657386
-0.12721
0.868075
0.1926
1.4159
-3.74884
0.631613
0.676452
0.29342
0.270987
0.963191
1.14082
0.430804
-0.223537
1.16606
-0.728768
0.757438
-0.151339
0.700701
-0.551809
-0.0231839
-0.1948
1.60058
0.334868
-0.112461
0.571906
1.23016
0.734916
6.215
0.340289
0.0437984
0.191382
0.236942
1.05717
1.24577
-0.359963
0.751236
-0.741601
0.603922
1.51577
4.33782
-0.411834
2.44042
2.39648
4.05178
-0.0947111
1.77837
0.616143
1.78061
0.597137
0.567853
-0.247047
0.449105
0.831081
1.19275
-0.342866
0.927481
-0.0462955
0.855132
0.40063
0.387346
0.284949
-0.330278
2.06388
1.06841
2.96741
0.680664
-0.18493
-0.275475
0.34683
-0.259495
0.845621
0.729823
-0.655833
-0.335436
1.98505
1.71411
-0.369291
1.83463
-0.529622
0.500484
3.30756
0.315679
-0.494605
0.238866
-0.0977133
0.93133
0.0312393
0.248439
0.845708
0.732171
0.223084
0.543968
0.50329
1.49258
7.48883
0.319308
0.806199
1.55097
1.24965
-0.260134
-0.636442
0.520463
0.524982
1.73117
1.77705
0.543152
-1.01995
0.676527
0.800448
-0.282087
0.930302
-0.170248
0.585994
0.559103
0.628391
0.348207
2.04192
0.598657
0.351365
0.0471211
0.891672
-0.0472976
1.0364
1.01345
0.664251
0.86536
0.562502
0.920856
1.47411
1.2303
0.272426
1.26373
-0.644674
-0.430295
0.400316
0.237373
2.28203
-0.628666
0.525791
0.845739
-0.241602
-0.261099
0.692249
0.36893
-0.358724
0.409096
0.831408
0.427643
0.80702
-0.293014
1.72635
-0.0573466
0.967603
8.11246
0.522426
0.425219
-0.304068
0.474827
0.304257
0.0400818
1.47382
2.97677
0.965791
0.793671
0.414807
1.57661
-0.431924
-0.362788
0.890499
0.247936
1.28307
1.51864
0.0601888
0.604812
0.48868
0.391395
-0.355053
1.36846
1.05734
0.534472
0.750564
-0.443277
0.281207
0.455471
0.534524
2.28196
0.545824
0.456239
2.32967
0.497138
0.367832
0.164344
0.940499
0.441903
0.512972
-0.168884
1.48946
-0.451608
0.428404
0.28573
0.30903
-0.187475
0.930632
0.636711
0.677182
-0.105906
0.455477
1.08487
1.1022
0.785594
-0.30793
0.33452
0.702617
2.12182
1.29352
2.31327
0.547845
0.52905
0.797419
-0.143651
2.61007
0.514173
0.893731
0.79651
-0.294761
0.628381
0.728232
-0.079364
2.07389
0.491225
0.711521
0.529165
0.696784
-0.0850791
1.05891
0.188719
1.09511
-0.397004
0.23244
1.8709
1.29006
1.52099
0.804484
-0.120518
1.57228
0.552599
0.463298
0.0375112
1.20689
0.418688
0.338878
1.35025
0.761221
1.19697
-0.290845
1.37184
0.361177
2.08379
1.52301
0.280424
-0.256237
2.16613
0.82427
0.318563
0.391388
-0.283092
0.712962
0.70096
2.04174
1.16886
0.527802
-0.628536
0.15123
0.770789
1.45306
0.395772
-0.297137
-0.169697
0.732871
-0.235935
0.758125
0.127798
0.0397026
-0.248243
1.42299
0.897327
1.09083
1.48397
0.00105728
-0.237008
1.62804
0.90296
1.3737
-0.433614
0.476332
-0.668487
-8.63218
0.508402
0.42015
0.0844947
14.0867
-0.369189
2.02893
1.06251
-0.12189
0.533845
0.547519
-2.28188
0.741019
0.755692
1.12655
0.700015
0.850148
0.360241
2.13739
-0.6091
0.853241
1.07189
0.105544
0.720424
6.63578
0.102883
0.901945
-0.153355
0.912666
0.45997
1.85955
-0.164565
0.442574
1.63059
0.792012
3.53992
0.427751
1.08971
1.36827
0.544919
0.293211
0.727223
0.353891
1.59113
0.399837
0.761185
-0.0719766
3.18578
0.423366
-0.514109
0.157383
-1.40417
-0.275615
0.785914
0.653607
0.498958
1.59543
0.907348
1.98453
0.507981
0.751596
0.390037
0.761477
0.555942
2.55132
0.414575
0.916434
0.320514
0.504526
0.727505
0.480616
1.14665
-0.260885
1.53957
-0.294993
0.422748
0.959495
0.629079
0.135546
0.0310955
-0.333118
2.37306
0.558785
0.213842
0.500781
0.203094
0.569382
2.07586
7.02998
-0.483626
3.02378
0.543052
0.926123
-0.321909
0.783314
1.11477
1.38625
1.17512
0.900545
1.27462
3.6835
-0.267171
1.46788
-0.266979
2.37193
0.434066
-0.173087
1.63085
-8.43889
0.290229
0.337709
-0.222556
0.718483
-0.290464
7.73274
0.317684
0.69467
1.03559
0.0449178
0.546221
-0.22952
-0.57762
3.7977
-0.343765
0.481106
0.714563
0.140876
-0.370057
-2.05058
-0.326597
0.316991
-0.540371
0.473396
7.84804
1.0935
0.424943
2.83562
-3.2151
0.172703
0.825077
0.519805
1.13277
0.50391
0.533356
-0.416621
0.521674
-0.390047
0.629707
-0.284071
1.50494
-0.208677
1.41286
0.523543
0.0635677
1.46384
-6.41825
0.315762
-0.486098
-0.711509
0.280133
0.779445
-0.287928
2.69553
1.39089
0.19889
-0.205656
0.552716
1.31652
1.63084
0.628069
0.455084
0.560072
0.405552
0.809383
0.498278
0.526279
0.471925
0.288638
-0.464433
-2.03298
-0.35002
1.86752
-0.402848
0.773054
-2.31501
-0.064634
0.0491073
1.923
0.539935
0.178875
-0.214831
1.68378
2.01615
0.761439
-0.559909
0.50531
0.126029
3.86115
0.81196
-0.350252
0.316517
0.223489
1.69024
1.96263
0.176952
0.27938
-0.255636
0.575007
0.687944
-0.361718
1.64505
0.87885
-0.362268
3.56141
1.01072
-0.27825
1.32962
0.514013
0.680643
1.35597
0.269433
-0.186389
0.613658
-0.184798
0.113027
0.61067
0.766361
1.0511
0.585189
-0.555337
-0.299703
0.62055
0.41038
-0.607404
-0.0713846
2.42757
1.04884
-0.373756
1.90726
0.895053
1.86727
1.61201
0.391408
0.0636521
1.55398
1.87314
0.632849
-0.176979
0.410497
0.405683
1.84977
3.28669
0.00656523
-0.431067
0.447352
-0.512624
0.0649703
0.352928
-0.357627
0.497575
1.20569
0.446792
1.47733
1.12963
0.25389
-0.184741
0.390224
1.86963
0.984975
0.314832
1.64896
-0.702855
0.677618
0.498265
2.20873
0.473645
0.535867
0.501092
-0.284966
-0.386952
0.146294
0.386945
-0.335698
0.621825
1.27797
1.88658
0.240425
-0.100638
1.64596
0.484655
0.441659
2.67505
1.19944
0.537135
0.62456
0.82128
1.34994
-0.206141
1.51296
1.00165
0.0881829
0.908901
0.317567
0.398837
0.533247
-0.392147
0.692034
0.0558399
-0.337436
0.286511
-4.55227
1.74247
1.17104
1.50662
0.519425
1.5473
0.811474
-0.726656
1.77716
0.628868
0.247411
1.5168
0.95416
0.411253
0.440381
0.540633
0.928303
1.44693
1.0182
0.40317
0.833267
0.00938211
0.528239
0.0446117
1.27543
0.372606
-0.219304
-0.378129
0.446084
1.66683
0.443221
0.163432
-2.90932
0.658859
2.64554
-0.550784
0.0123626
0.00722563
0.688043
0.399851
0.598482
0.449837
-0.13273
0.404541
0.743548
0.188503
0.572722
1.11792
-0.00470875
-0.319713
-0.38546
0.939925
1.13559
0.0902748
0.573776
2.69641
0.673275
-0.0305533
2.07564
0.396027
1.80132
1.25699
0.628953
0.200776
-0.0926654
1.01486
0.411715
1.92017
0.811305
1.23957
0.89435
1.05506
0.630727
-0.176322
0.483857
0.347327
0.0787708
0.49103
2.59229
-0.376425
-0.343183
1.21578
-0.0944446
0.425216
0.171903
0.0196237
-0.304961
1.25081
0.450612
0.50783
2.1433
0.622358
1.0927
-0.285893
0.39825
22.1717
0.129402
0.402315
1.22114
-0.292847
1.83105
0.273402
0.817802
0.42998
0.535692
0.343254
1.08444
0.125327
0.528646
0.867365
1.46835
0.822949
0.167416
-0.433141
3.05759
0.551398
-8.31793
0.348565
0.0185279
0.595112
-0.669934
0.487939
1.22847
0.0601449
1.35867
-0.268332
0.406597
2.46441
0.933245
0.278209
0.377668
0.446413
1.97473
0.582359
0.550715
1.9698
0.702686
2.78251
0.787815
0.433618
0.864286
-0.128196
-0.405263
0.42944
0.164532
2.36866
1.37681
0.360415
0.927319
-0.258971
0.576587
0.894365
-0.361405
2.02672
1.49877
-0.172852
0.141475
0.578815
1.55332
0.370204
0.365412
0.516634
0.706449
0.383102
2.35949
0.512766
-0.642478
0.748071
0.415761
0.537222
0.0541779
0.279925
-0.0531442
1.56
-0.465314
-0.28351
1.17735
0.498075
-0.19722
2.75867
1.67309
1.00384
-0.0787724
1.7089
-0.0554829
1.49126
0.112104
-0.161079
1.37936
0.675521
-0.129084
0.807544
0.189228
0.395459
0.964069
0.925784
-0.254619
1.03484
0.379618
0.928294
0.718002
-0.301734
1.3348
0.846004
35.5924
0.979841
1.53385
-0.638454
-0.0978549
-0.158003
-0.340946
1.01355
-0.336035
0.558159
1.22135
0.395
0.507665
0.286971
4.28655
-0.182635
0.913042
0.900218
0.683776
2.20928
0.841768
1.35452
-0.335541
0.965441
0.827369
0.538464
1.05424
0.947816
0.0145464
1.65261
0.813937
-0.109708
0.352313
1.98931
-0.502587
-0.354949
1.47122
0.244825
0.520505
0.285247
0.375036
0.78738
0.481237
0.807593
0.29538
2.11486
0.671961
-0.282222
0.996084
0.290199
1.17162
0.302344
0.115394
0.818745
2.04628
0.424802
0.327079
-5.45206
1.36924
0.334561
0.778215
-0.564926
0.223984
1.76686
-0.36939
0.819018
-0.370903
-0.268781
0.910549
4.02131
0.000416375
-0.25086
1.02045
1.36596
2.22764
-0.536159
-1.12266
-0.208553
0.807862
0.189029
0.705692
-0.189847
0.379461
0.730213
-0.385543
0.15036
0.0818728
1.98374
0.934649
-0.212754
0.373853
0.247838
-0.324231
0.549954
1.0834
-0.135306
0.0263356
0.534254
-0.333512
1.32704
1.46632
-0.0196248
2.43955
0.51543
-0.450895
0.205177
0.0754551
1.24977
0.522154
-0.261158
1.92646
0.757826
0.363012
0.456355
0.494764
0.378338
0.38423
0.450308
0.0819778
-0.389163
-0.206912
1.34396
0.588547
-0.36373
0.667561
-0.126047
2.74733
0.685641
-0.45
0.363414
0.390576
0.45342
1.09816
0.257677
3.01879
0.147694
0.37933
0.487971
0.553181
0.954275
1.07246
0.684931
2.09288
0.988107
-0.241834
2.44098
0.794763
-0.130318
0.457221
0.35752
0.666552
-0.308681
0.2839
0.175858
1.67511
-0.17714
0.812847
-7.18739
0.749681
0.300106
1.68333
0.792858
0.729367
-0.00775814
0.57019
0.728895
-0.20636
0.423546
0.405625
-0.383873
0.425348
0.95294
0.562917
0.756722
-0.317867
0.693304
0.916849
0.682603
0.861807
1.36096
0.991081
1.77008
1.71747
0.651495
-0.189657
1.14982
-0.146765
1.25447
0.248846
0.465053
0.904171
-0.089836
0.383125
0.708928
-0.307031
0.825578
-0.157465
2.14503
0.195714
0.87632
2.03599
0.856012
0.11894
0.0201801
2.30014
0.0285811
-0.408081
2.91629
0.668173
-0.368789
-0.320585
1.19642
1.29561
-0.221165
1.34202
0.518982
0.986332
-0.0653961
0.496617
0.552372
0.86476
-0.20442
3.25245
0.890585
0.317252
0.732675
-0.345254
1.09366
0.375393
1.58014
0.760211
0.215721
0.413207
-0.0441673
2.70743
0.837027
-0.315943
-0.386033
-0.342024
0.417168
0.0438032
3.18375
0.85132
-0.17873
0.486253
0.405917
1.30275
0.405963
1.06664
0.595996
0.511177
-0.412274
0.465208
0.358479
0.226258
-0.115629
1.72569
1.27615
0.109167
1.62848
0.876073
1.0473
0.168065
-0.144762
0.420696
2.2477
1.65348
0.0197387
1.39429
0.829968
0.255698
0.874576
0.58809
-0.421359
-0.259707
0.249714
0.18069
1.36176
-0.18924
0.410202
1.38786
0.480618
0.767433
0.415529
-0.512982
0.200067
0.565076
0.416474
1.47252
-0.0158907
0.615151
0.817262
0.507924
1.65145
0.407868
2.11014
1.34747
0.497228
2.85811
-0.270293
0.279336
-0.238669
-0.466203
0.0951103
0.831822
0.730657
0.0340388
1.74829
0.176452
1.2858
4.27969
0.778877
1.57058
0.732917
0.50869
2.37432
1.00864
0.761838
0.115585
0.111931
0.178566
-0.281734
0.502213
0.783998
-0.488313
1.71506
-0.720695
0.718564
0.236818
1.17067
0.302725
-0.00812689
0.575584
0.221235
0.455366
0.913453
0.872192
0.35766
-0.675831
0.775648
0.526374
2.05578
-12.7067
11.2162
0.757148
0.165526
0.878835
0.381366
0.573653
0.499701
1.07348
0.457096
-0.414088
-0.14433
0.999153
0.974659
-0.373637
2.42372
-0.267026
0.838479
-0.277416
-0.0163818
0.211516
1.62979
0.36406
1.27674
0.756994
-0.354625
1.17131
-0.212954
1.56262
0.75585
-25.5688
-0.654197
0.210189
0.359387
1.63057
-15.3907
0.883598
0.350066
-0.0599745
-0.368676
0.626892
0.988451
0.781293
1.35731
0.265704
0.380315
-0.00884653
0.577818
0.888043
0.700146
0.355165
-0.189284
-2.92896
0.468615
0.530408
0.832024
-0.302322
0.549551
2.04567
0.880773
0.781102
0.486411
-0.491926
0.265096
1.13314
0.931455
0.821332
1.08617
0.563739
0.328875
1.09331
0.403918
-0.0731215
0.894067
1.49357
0.898004
0.283696
0.896251
0.139717
0.482128
0.2975
2.78554
1.89581
0.952714
0.355519
3.81887
0.415822
0.263666
2.71183
1.09113
-0.354059
1.27799
1.57823
-0.317913
0.333519
0.375846
-0.231533
2.23396
-0.342357
1.26732
0.40558
5.0943
0.0277069
1.12681
-0.762989
-0.0934904
-0.463671
1.40679
-0.350772
0.541823
-0.249794
0.276717
-0.548296
0.165232
-0.10673
1.51332
0.486016
12.1459
0.27524
0.677577
-0.102139
-0.191387
0.798728
-0.306061
1.38601
0.847325
0.195083
1.97012
0.413134
-3.93639
0.137543
0.724153
0.26487
1.74621
0.190207
0.225836
0.261703
0.941292
1.10006
0.509719
1.3571
-0.457482
2.88233
0.10779
1.45649
0.677506
0.337353
-0.336169
0.1695
2.25083
0.212445
-0.116921
-0.411662
0.016497
-0.427564
0.160122
0.53287
-0.368513
0.769853
0.59161
-0.317364
0.640909
0.776678
0.751429
1.10651
4.98254
1.40992
1.44843
0.363066
-0.333022
0.986626
0.095118
1.15733
0.441293
0.441616
-0.160158
-0.182581
-0.286674
1.30998
0.824403
1.22519
0.160425
-0.0795468
1.40872
1.84937
1.33401
0.0953495
1.2934
1.48804
0.91455
0.800569
0.488122
-0.344433
1.05364
0.558561
1.54895
0.505662
-0.0120577
0.050394
2.42171
1.70644
-0.36355
0.951633
1.57643
-3.5316
0.108476
-0.377354
0.314882
-0.29818
0.734908
-0.234621
-0.145647
1.68055
1.7513
-0.338705
1.44007
0.298795
0.60186
0.379124
1.09551
-12.1558
0.44603
-0.840928
1.14054
-0.446369
0.393628
0.136609
0.525198
0.652849
0.277227
0.581728
-7.32074
-0.576909
1.16348
-0.731689
0.803454
-5.23931
-0.134234
-0.423426
0.635199
0.152528
1.5188
-0.454455
0.177267
-0.311368
1.66527
-0.418166
0.285192
-0.19048
0.766658
0.142709
2.56707
-0.74705
-0.186455
1.34234
1.15187
-0.197271
7.54557
1.47046
-0.173102
0.540347
1.66892
0.973176
-0.347957
-0.357703
2.28126
-0.584227
0.264007
0.202042
1.05008
-0.232669
2.55092
0.600222
1.0457
-0.338661
0.849814
1.10382
0.563408
-0.424957
0.461004
-0.252942
0.274883
0.426993
0.140539
1.9148
-0.298188
1.51915
1.2887
0.484627
0.213473
1.31483
-0.0607792
1.58551
-0.417195
1.86878
0.251612
0.340867
0.272997
-0.356588
1.52056
0.888586
3.09288
-0.402985
0.618118
-0.323046
0.592842
0.914729
0.493281
0.983141
-0.278631
0.113046
4.18161
0.727522
0.552979
0.75746
0.776213
0.5127
0.7705
0.396585
0.392063
-0.54118
1.61503
-0.298205
0.884596
-0.503741
0.831017
0.610869
0.149042
0.882146
3.02894
0.621158
-0.402468
0.458742
0.401368
-0.036377
-0.324037
0.64214
-3.79598
0.437942
0.134319
0.608071
0.681383
-0.25028
-0.687591
0.148405
0.161822
1.00455
0.553597
0.505835
1.79203
-0.37211
0.835377
5.22977
0.376918
-0.470039
0.930089
-0.477857
0.168767
1.23841
-6.07488
0.635852
1.65988
0.446819
0.522158
-0.56441
1.83152
1.93375
0.957424
0.540862
0.614921
-0.0810828
-0.532833
0.0970534
0.829445
0.442115
1.15524
0.490249
0.568945
0.45414
-0.0988144
2.99242
2.87226
0.598763
-0.186721
0.634986
-0.372168
0.740361
0.452753
1.00726
0.152519
1.71232
0.68086
1.39645
0.534425
0.0151979
0.782284
0.425916
0.634541
0.718779
1.41387
0.834033
0.460937
-0.247882
-0.324493
1.21519
0.356348
0.411723
2.43547
1.40821
0.310343
0.00158124
1.31798
0.620344
2.395
0.581399
0.226539
0.565008
0.559431
0.262249
0.240733
1.10737
0.461691
-0.396303
0.40964
-0.297776
0.749655
0.593113
0.451267
0.245371
2.19853
0.772746
0.529028
2.00099
0.499293
0.374607
1.02494
1.21825
0.934205
1.69028
-0.336156
-0.424369
0.353022
0.0449943
0.764122
-0.400421
-0.0490925
1.96816
-0.116239
1.42434
0.280273
0.094806
0.226443
1.30114
0.694927
-1.12333
0.541417
1.27367
0.495986
-0.648921
0.707347
1.10398
0.792264
1.25131
0.513767
1.63901
0.271835
2.90328
0.48936
-0.0145796
1.29778
0.357279
1.92011
0.613375
0.674031
2.04039
0.603203
0.534838
0.874636
-0.493815
0.178208
-0.326797
0.953434
1.40232
-0.375088
0.798728
1.48895
-0.488283
0.230853
0.868081
-0.427211
0.233315
-0.427186
0.429524
1.53523
1.01659
0.591444
0.271945
0.889157
0.863273
1.27459
0.226593
0.386568
1.75729
0.719555
0.487153
1.18508
-0.233593
0.842631
0.871526
1.09555
0.655828
0.631284
1.03537
-0.349511
0.816748
0.685538
0.726756
1.84655
0.397479
1.1481
0.669973
1.78587
0.47565
-0.396488
0.654855
-0.232766
0.905509
-4.25995
-0.354328
1.41898
0.532397
0.319603
0.509525
1.93783
6.89664
0.229693
0.16845
-1.71441
1.30837
0.113026
1.02334
-3.0298
0.541899
0.783713
0.40821
-0.278561
1.41577
-0.103285
0.132364
0.431194
0.421891
-0.59039
-0.71985
-0.350558
2.06502
0.42084
1.82946
0.738251
1.23437
0.338501
0.239485
0.0685296
1.19749
14.1086
-0.159097
1.56883
14.9078
1.09226
1.30058
0.45053
2.15306
0.267685
0.402881
0.806948
-1.00744
0.651568
2.2121
0.0406012
-0.273218
1.69035
2.22784
0.667534
0.411337
0.754506
0.884794
0.537896
0.962245
0.580088
0.827564
0.197855
1.48757
-0.366707
0.213169
0.272175
0.278981
2.16231
-0.265179
0.481318
0.266926
0.881052
2.10934
-0.135329
1.58972
-7.47745
0.753494
0.313303
1.76434
1.56841
-2.36995
-0.383377
0.185653
1.34375
0.653897
0.0538614
0.822821
-0.274084
23.9702
-0.27943
0.856045
0.675149
8.63527
0.395808
0.394873
-0.163842
1.14274
0.751438
-0.157484
2.02926
-0.207443
-0.140536
1.13342
0.260625
1.22888
0.80978
0.277534
1.63301
0.584823
-0.45636
0.0671268
-0.268923
1.06933
-0.692237
-0.26281
1.37571
0.542199
1.60332
0.344668
1.61469
1.32242
0.759711
1.27425
-0.0238751
1.5786
1.35203
-0.240643
1.89573
0.538637
-1.47817
1.42645
0.0950734
0.441792
0.121434
-0.518445
0.46441
-3.75245
0.0833667
2.76696
-0.253872
1.60685
-0.385633
0.66554
0.512087
1.74971
0.835612
2.0582
-0.837392
0.916414
1.5746
-0.47266
-0.0309825
0.627212
-0.782558
0.662821
-0.237373
0.0726868
0.339365
0.0608416
1.01505
0.306071
1.50612
0.334008
1.12401
0.723747
-0.779735
-0.41251
0.712454
1.30639
-0.00817192
-0.0729515
0.0227481
0.864824
0.436147
-0.412289
1.14643
0.282205
2.03315
1.02951
-0.415859
0.488672
-0.350096
3.03541
1.08039
0.498436
0.418115
-0.229385
0.161782
-4.50432
0.773983
1.51651
-0.14129
-0.400513
0.568586
0.772432
-0.241447
2.0585
-0.422506
0.491515
0.369034
0.806245
-0.0674524
2.11421
0.735644
-0.318986
0.555784
0.759021
4.14128
-0.322318
1.52778
0.654486
1.07633
0.870444
0.153731
1.10924
0.767041
0.566454
0.45017
0.343689
0.916042
0.633184
0.883102
0.124261
-0.504763
0.136354
-0.244134
1.24372
-0.346797
0.973339
1.49887
-0.0832171
1.2615
0.290329
0.573714
0.572319
2.68775
-0.353562
0.668442
0.908112
0.413187
-0.344326
0.402348
0.27783
-0.450755
0.143286
0.0288801
-0.379194
0.416639
1.30921
1.64064
-0.347424
0.856125
-0.350847
0.567154
0.430628
3.2826
-0.274882
0.402295
-0.423615
0.288212
0.731171
0.073484
1.75396
0.0900595
2.31997
-0.554896
-0.0880342
-0.848488
0.990381
1.24829
1.01587
0.442658
-0.173616
-0.191969
1.47892
1.55716
-0.846958
-0.076137
2.58951
0.53788
1.14891
0.920226
1.10081
0.890944
0.544212
0.292552
1.65006
-0.222815
1.55439
0.0108232
0.936674
0.804448
-0.190378
-0.280353
1.40809
0.97971
1.92519
-0.340473
1.39117
-0.423444
-0.437996
0.646698
0.603688
0.366209
0.833906
-0.461982
0.250201
0.25655
-21.2325
5.35047
0.690582
0.502018
0.8601
-0.193228
1.73049
0.892315
0.822168
1.98736
0.432784
1.69608
0.934198
0.488863
0.532299
0.24081
0.95676
-0.361363
0.808331
-0.251154
0.891275
0.659803
0.447608
0.818598
1.95221
0.859829
-0.524563
0.163311
0.0177011
1.3383
0.0240649
-20.4542
-0.192671
0.401051
-0.110091
-0.378907
2.35076
-0.152452
1.29809
0.185748
-0.165492
0.446303
1.38195
0.239943
1.5712
-0.522476
0.471489
1.25798
0.968867
0.839064
1.2091
-0.161988
0.317803
1.33964
0.569812
0.469279
0.645241
0.783728
0.521799
0.171627
2.03203
1.70346
0.551376
1.20519
0.499144
-0.0480693
0.755912
-7.81773
0.512923
0.358166
0.476602
0.153452
1.59974
-0.315117
1.12541
0.756229
0.440549
0.591411
2.38879
-0.200533
0.149016
1.43976
0.452488
-0.487923
1.85639
0.979149
1.58894
1.22981
0.420871
-0.320249
1.47347
0.739672
1.98084
-0.333399
0.808583
-0.224391
1.37995
-0.469715
0.209805
0.575281
-0.866338
1.02566
-0.277531
0.0920164
1.98388
-0.128034
1.9328
-0.335746
-0.564238
0.39157
0.633303
0.355753
0.542999
-0.682042
0.779572
0.685908
0.386135
2.15292
1.20278
-0.707403
1.88372
-0.194015
-0.120281
0.967763
-0.193103
-0.447961
0.330434
0.272827
-0.176984
-0.398494
0.485961
0.785662
0.799059
0.779819
1.96599
-0.387254
-0.245983
-0.181731
-1.63975
0.450222
0.397381
-0.311255
3.0859
0.177391
0.751692
0.4921
0.343472
0.769516
0.670182
-0.309968
0.616819
0.190616
0.405976
0.597944
0.983772
-0.353046
0.88194
0.160335
0.339846
0.2379
0.534338
0.0158193
-0.385805
1.06609
-0.750721
-0.161723
0.707567
0.356819
-0.308171
0.201429
0.550893
-0.460099
0.37062
-0.327582
0.714172
0.701389
0.109457
1.54103
0.239221
-0.329282
1.60989
-0.335878
0.3543
2.26322
1.54165
-0.304133
-0.628468
0.111411
0.676926
-3.50972
-0.116938
0.606418
0.10728
-0.624267
-0.0241267
0.584231
0.4367
0.810185
1.18702
-0.493237
0.45435
0.638736
0.352031
-0.51205
-0.221224
2.09641
-0.38902
2.1528
0.758707
-0.355594
-0.316491
1.25494
0.74195
-0.515111
0.0928205
0.471664
1.18979
0.00310223
0.274078
0.304666
0.464397
-0.494406
0.0104342
1.14102
-0.00517838
0.577939
-0.0231211
0.928431
-0.212961
1.82963
0.593977
-0.012618
1.11301
0.306767
-0.343595
1.34658
1.22106
1.90345
-10.1518
0.438405
0.798409
0.144379
0.761866
0.946001
0.029731
-0.292928
1.94929
1.69299
0.473499
0.608686
-2.3845
0.203491
1.71623
0.427463
1.03025
0.417882
0.544284
-0.368627
0.625995
-0.238008
1.00509
0.524329
0.65855
0.98033
1.69239
0.832632
0.356863
2.60701
0.264638
-0.195447
0.808227
0.582221
0.161735
-0.196574
0.739741
0.704548
1.17753
-0.0169551
0.543329
0.378832
-0.0175767
1.4093
0.173941
0.204046
1.01803
-0.121378
-0.361911
0.844162
1.07001
1.42025
-0.294823
1.64027
-0.342481
1.3003
1.03549
1.84744
0.32128
1.7965
0.735762
-0.206342
0.983193
0.175044
0.245714
2.09134
-0.395824
2.24907
-0.0539851
0.669814
-2.46129
1.16662
0.373939
0.74282
2.38253
0.82206
0.669812
0.0211069
1.06775
1.4424
0.434647
0.855811
-0.197014
1.66439
0.438908
-0.33414
0.100902
0.637352
0.648777
-0.198459
2.34243
0.285238
2.62647
-0.364037
-13.0227
0.504308
0.204681
-0.252977
0.559905
1.85124
0.745306
-0.848526
-0.513801
3.17261
-0.0160429
0.716395
-2.34627
0.843296
1.31304
-0.302689
1.1394
-0.396566
0.308981
0.417609
0.461532
-0.185905
0.133107
1.15299
-0.686499
-0.618405
-0.360305
0.989362
0.0867136
0.422607
-0.217542
0.589511
-0.2407
1.09685
0.0704323
-0.366286
2.60236
0.5128
1.27029
0.389585
0.560922
2.64602
0.455383
0.630231
-1.8639
1.47021
1.25503
0.517328
1.01429
1.64024
-1.11443
-0.261508
0.43016
0.121572
0.761855
1.1016
1.71713
-0.334231
1.15191
-1.03822
0.457816
0.521712
-0.429771
0.373094
-0.146644
0.224542
2.0802
0.617553
1.64575
0.580209
1.88294
-0.423968
1.05923
1.57965
0.059035
0.547068
1.57316
0.846859
0.862848
0.396744
1.32361
0.0435637
0.932087
0.452602
-0.555257
0.079152
0.279887
-0.0746481
0.118175
-0.305804
-0.00942444
1.29605
0.594127
-0.268386
2.00774
1.85561
0.49731
1.76194
0.814225
1.97251
-0.32433
0.41905
0.40688
6.19893
0.727784
0.930883
3.11871
1.08195
0.324049
0.374807
-0.0395321
2.42371
0.656835
0.472629
1.36539
-0.417222
-0.356115
1.18975
0.0645697
-0.088486
0.991931
0.483343
2.07186
0.29022
-0.433385
2.66518
0.33412
-0.367164
2.19325
1.46328
-0.227222
-0.112505
1.0597
0.461871
1.82579
0.441441
6.2289
6.21324
0.639708
0.613236
0.759085
-0.357184
1.11262
-0.443165
0.087821
-0.328303
1.36578
-0.305207
1.58855
0.160313
1.21292
-0.351588
2.35226
2.25553
-0.400464
0.599819
1.10636
0.216792
1.81117
1.49836
-0.470827
0.21108
2.64854
-1.25258
0.532642
0.439589
-0.328301
0.916546
0.556576
1.23976
1.36061
1.06351
0.439801
-0.190824
2.12592
-0.687923
-0.0315219
-0.468376
-0.591453
0.0205407
-0.113574
0.758102
-0.317144
0.377141
-0.203875
0.681694
-0.409146
2.74694
-0.194982
0.405405
0.141288
1.30126
0.345992
0.813416
1.46619
-0.474438
0.304911
1.44559
0.489521
0.5474
-0.297258
1.09811
-0.189647
1.86854
-0.267688
0.404982
1.5692
-0.499245
1.5098
0.00559796
-0.0298304
-0.393258
0.378389
1.04193
1.8537
0.585351
0.0584257
1.28886
0.416271
-0.0872705
2.46998
-0.0417038
2.34196
-0.151525
0.500789
0.485714
0.478749
1.10764
0.594855
0.677955
-0.38399
2.77663
-2.69748
-0.693097
-0.21456
0.324097
1.57783
0.732343
0.586919
0.637326
2.03694
1.72048
-0.317944
1.32656
1.68459
0.410572
-0.255016
0.533381
0.625525
0.534041
1.90566
0.112651
0.517448
-0.588773
1.2935
0.642655
0.294009
2.27017
0.636443
0.378173
1.81295
0.929798
-0.638031
1.62396
-0.0912485
1.94677
-0.247086
0.82129
0.345884
0.627678
0.475275
1.38115
1.24465
0.457532
0.402278
0.032827
1.00367
2.20688
0.343097
0.119707
1.24473
0.254419
-17.7683
0.387069
-0.371349
0.249157
0.329091
-0.252463
0.961831
0.296913
-0.282356
0.146616
2.85221
0.549225
0.958324
-2.37936
0.906641
-0.477634
0.35503
2.00074
-0.504887
0.240103
-0.360184
1.58361
-0.260783
1.18678
0.772924
-0.127009
0.701029
-0.3585
0.771825
1.42823
0.588818
-0.317871
0.916626
-0.148596
0.974885
-0.326969
0.501564
0.120052
-0.115618
0.944077
1.87149
1.29647
0.47735
-0.493691
-0.338736
1.90457
0.909912
1.37406
-0.588522
-0.45208
2.78969
0.557007
-0.558922
0.848154
0.319323
0.556067
-0.281261
2.18959
0.345862
-0.556719
0.0775445
-0.440729
0.435997
-0.532207
0.104863
-0.445633
0.244923
3.61589
0.601725
0.830852
0.6705
1.05799
-0.346039
1.6287
-0.468734
0.277831
0.427245
-0.640045
0.0372673
0.657948
0.0465355
3.27058
-0.366045
1.76805
1.03527
-0.137349
0.410006
-0.0396958
0.0292201
-0.0204367
0.297026
-0.243654
5.24889
-0.324412
0.873343
0.430455
2.05974
-0.418814
2.54608
0.130142
2.17901
-0.120809
-0.874012
-0.660008
-0.145089
0.553335
10.5276
0.73848
1.73992
0.764161
-0.467066
1.03918
1.70766
0.515889
0.0178441
-0.380151
2.28564
0.425978
1.7022
-0.37998
1.98823
0.386973
0.73474
1.59532
-0.134765
2.46528
-0.105545
-0.163846
-0.157012
0.490679
-0.0824823
1.75197
-0.472125
-0.508627
0.187389
0.185446
0.520051
-0.374775
0.712812
0.859664
0.407077
-0.54975
35.1096
-0.622005
-0.0169338
-0.327773
0.711092
1.25064
0.102542
1.38056
0.554012
0.709473
0.244749
-0.352965
1.23169
-0.444505
0.309093
0.889458
0.265292
1.23607
2.63321
-0.0828743
2.18294
0.309162
1.4213
0.895739
-0.253636
1.83231
0.367032
0.856994
0.68779
-0.347096
0.672282
1.9665
-0.849037
0.980691
0.574469
0.264693
-0.0435397
1.74419
-0.332134
1.47596
-0.00356739
2.54602
0.415356
0.257846
0.62805
0.717424
0.94329
-0.792287
1.82957
0.774344
-0.208682
1.01869
1.61247
-0.0441925
1.21174
2.20477
0.708795
0.595194
1.61466
1.54588
-0.0892017
-0.747868
0.383009
1.28074
2.99829
1.07293
1.13473
-0.453434
1.56727
1.47695
0.989007
0.285349
1.92023
1.14975
0.968495
0.234896
-1.06191
1.49637
0.474418
-0.510427
-0.317249
1.58824
0.00085017
1.85857
-19.3967
0.520783
-1.5298
-0.097361
1.1757
0.473778
0.533493
0.712559
0.427433
0.54464
1.24145
0.379937
-0.311917
2.14659
0.683082
-0.104945
-0.291468
1.86504
-0.00705787
-0.769462
1.32724
0.775603
0.723783
-6.85832
0.519918
-0.315992
3.28418
0.857227
0.752396
-0.475502
0.283626
-0.28162
1.25409
0.333974
1.29741
0.672623
0.60522
2.11242
-0.0478544
0.118666
1.09582
0.0616595
-0.358853
1.94319
-0.169093
0.61501
1.71403
0.692813
4.1543
0.187019
0.377438
0.24076
1.78741
0.533455
0.97915
0.435392
-0.0605595
1.13381
-0.499775
3.41294
0.431007
0.415458
1.19863
-0.337652
1.52608
0.693143
0.0858958
0.992066
0.108016
1.45945
-0.527402
0.0612337
0.493774
-0.321887
1.06615
1.33516
0.179477
-0.470946
1.27386
0.401226
0.52103
0.258191
2.497
0.571763
0.510691
-3.01907
0.65685
2.09685
-3.10855
1.01865
0.582727
0.433407
-0.226154
1.17741
0.575193
0.705917
0.515598
0.512005
0.367938
1.22247
0.866729
0.549252
0.288964
1.54467
0.392494
0.818192
1.19226
-1.10634
0.403003
1.30694
-0.0446713
-0.519838
0.81884
0.637564
1.68691
0.568271
-0.472706
0.28533
0.664853
0.269589
1.64232
0.744546
-0.362846
2.10073
0.188958
1.31134
-0.380251
0.508833
0.53967
0.818297
0.769236
-0.854686
0.0881272
3.64945
0.651034
-0.482941
0.131948
-0.437136
5.48292
0.607632
1.1299
3.51576
-0.48302
0.316858
1.1265
0.774491
0.664671
2.47633
0.788353
0.500204
-0.0196558
1.8573
0.502234
-7.12469
1.15959
1.61426
0.34194
0.970541
0.751737
0.580353
-0.315837
1.92931
0.865473
0.355507
0.6029
-0.0950251
-0.212801
0.337387
0.432472
1.00715
-0.084693
0.447181
0.345808
0.828934
1.07999
-11.5027
1.72591
5.26567
0.480335
-0.276343
1.83085
-0.263723
0.541126
-0.268655
2.10043
-0.310582
1.08744
0.997173
0.460257
-0.0968315
0.576349
1.20451
-0.363706
1.70573
-0.408206
0.583622
0.566045
-0.539351
0.435456
1.16414
1.72105
0.339293
2.48055
-0.246396
0.795246
0.715284
0.455141
0.381223
0.552817
-0.284436
1.11923
0.990029
0.222627
0.246165
1.59036
0.762649
0.845392
2.09473
-0.293299
0.181977
0.208852
0.572796
0.161012
0.590967
-0.42754
0.723302
-0.373059
-0.103053
1.84013
0.614367
1.29247
1.27595
0.490306
1.88316
0.317476
-0.432399
0.195106
1.33918
-0.247918
2.73186
0.385032
-0.032317
0.785481
0.617258
-0.222821
0.518035
-0.335467
0.607727
1.66468
0.0712024
0.413781
0.658195
1.00987
0.231002
-0.0826027
0.471412
0.567916
1.87311
-0.206085
0.793962
-0.0542535
-0.161276
1.91113
0.929494
-0.39939
-0.815816
1.06243
0.723499
-0.309066
0.743027
0.425795
0.832963
-0.323374
1.147
0.520459
0.313497
2.37317
1.73393
0.784348
0.901154
-0.385355
0.724769
0.560816
-0.456163
-0.288751
0.565657
-0.597142
0.0316981
0.386066
0.268771
0.0845728
0.671408
1.78567
-0.388729
-0.519982
0.688473
0.31408
-4.34487
0.408669
0.428892
-0.166149
1.77535
1.03426
0.203364
-0.346268
2.62356
-0.273685
1.4008
0.143447
-0.207834
0.161369
1.33042
0.215434
1.01722
0.25603
0.243961
0.261461
1.14844
0.566935
-0.303954
1.80548
-0.253967
0.768782
0.421488
0.0444187
0.548052
1.20183
-0.0745442
-0.175203
0.430285
-0.534807
1.03863
-0.0117883
1.18868
-0.192478
2.59277
-0.575286
-0.312559
0.276545
1.51684
-0.446092
-0.345765
1.73619
-0.499027
0.207193
1.79427
-0.245123
1.96702
0.703264
-0.599714
-0.0145332
-0.448114
0.41795
2.60429
0.989152
-0.526049
-0.0146147
-0.304246
2.50271
0.302879
-0.355674
0.995589
0.645467
1.18209
0.309381
-0.2518
2.92319
0.930858
0.189661
-0.32811
2.47624
1.89491
0.228056
1.07932
-0.399607
0.402904
0.190734
1.23846
0.932345
0.156593
0.0808413
1.066
0.711424
-0.42018
0.319941
-0.235525
0.622486
0.764799
0.49866
1.71745
0.952844
0.406524
0.0578828
-0.345645
1.79753
0.670044
0.17319
0.572799
0.510494
0.140452
0.532957
1.33286
4.50691
0.51053
0.484379
1.37471
0.881752
0.633336
-0.474004
0.559809
-0.083046
0.685083
0.647577
1.96867
-0.00969036
-0.294353
1.45532
-0.309129
1.49153
0.383013
-0.0238899
1.49297
2.83407
0.520883
0.294056
2.04058
0.37827
-1.69252
1.10354
0.459343
0.482852
0.298946
-0.444148
-0.0735694
1.25533
0.346953
-0.130056
0.856759
0.259666
1.59473
0.978997
-0.359045
0.820674
1.80473
0.375186
1.21527
-0.504147
-0.494336
1.11899
1.26505
-0.232954
1.88902
1.61973
-0.487016
-0.300442
1.53015
0.395055
0.893952
0.291329
1.1971
0.155595
0.825421
-0.485083
0.095775
0.00278017
-1.04472
0.617611
2.22425
0.641923
0.980556
1.44357
0.226443
1.2603
-0.367256
0.424823
-0.256535
0.579316
0.397698
1.68338
-0.274425
1.17385
-0.268078
0.981022
0.418897
-0.589116
1.45013
0.441114
0.292439
-0.000805285
2.97239
-0.286895
-0.809196
-0.292855
2.5883
-0.463879
0.266172
-0.310489
0.478863
-0.706795
1.2364
0.848046
-0.254167
1.10962
-0.149963
1.46678
0.986343
0.190092
0.608351
-0.32081
1.98667
-0.398983
0.288461
1.28499
-0.0154463
0.0685304
-0.446879
0.697686
-0.444656
1.41289
0.471146
-0.6684
0.144983
-0.103
-0.370065
0.874219
-0.283975
-0.316985
2.2432
0.968266
0.700979
1.22937
-0.284021
0.623935
1.37011
0.450644
0.98953
0.513273
-0.450829
3.51336
0.0281653
1.79605
0.648062
-0.586697
-0.544852
-0.343956
2.72058
-0.0339847
0.304376
-0.680141
0.381097
0.319303
-0.29422
-0.40764
-0.318708
0.267821
1.86676
1.11635
0.438125
-0.5229
3.29804
-0.299908
2.04291
0.46216
-0.280597
1.4447
0.284099
-0.617321
-0.0642867
-0.606963
-0.32446
1.04554
1.66975
0.434476
1.08139
-0.115521
-0.14595
1.5471
1.29797
0.879452
-0.212266
1.12806
-0.290433
4.81708
1.00618
0.462947
1.66753
2.20565
1.24479
0.775604
2.11132
1.20156
0.132142
0.642896
1.29644
1.43477
-0.424825
0.515867
0.507855
1.74416
0.8043
-0.408686
1.0054
1.04575
-1.23376
-0.404398
0.496522
0.43725
0.845856
1.25078
1.81183
0.495848
1.55021
0.778017
-0.555679
0.388277
-0.17355
1.30377
-0.227366
1.06335
-0.229821
0.506516
-0.413145
0.135362
0.0841606
0.927307
0.248617
-0.339438
2.81209
1.52714
0.285896
-0.291861
1.22414
0.690583
0.638094
0.249558
1.34794
1.63408
0.710124
-0.152165
0.464939
1.26076
-0.332416
1.2029
-0.299919
1.83735
1.36903
-0.326775
0.551678
0.390637
0.761183
-0.0733118
0.716424
1.62596
4.08218
0.964627
0.867753
-0.559094
-0.0841477
0.48208
-0.356892
1.06938
-1.29457
0.120625
0.282677
2.32976
-0.276464
-0.0950424
1.42967
-0.382652
0.762413
1.22743
0.434363
0.770687
-0.323649
1.273
1.96778
1.63583
0.362122
-0.0670805
1.66011
0.527138
0.738628
1.02109
1.88853
0.431047
0.477035
2.03647
0.691262
0.50537
-0.406198
2.34828
0.770792
0.507037
0.0742728
0.405877
0.492725
0.705241
-0.675579
-0.364317
0.909133
0.065443
-0.354292
1.32169
0.16745
1.86236
-0.0230519
0.822869
-0.403956
0.185972
0.201924
0.277065
-0.221598
3.0779
0.592757
1.14524
1.51431
-0.0640267
0.779588
1.44825
-0.421066
-0.227321
1.06874
0.348341
1.18646
0.382112
0.34626
0.206672
0.90441
2.03705
-0.617627
0.364378
0.0340656
0.0515499
-0.271719
0.577415
1.13677
-0.137235
1.81509
0.483209
0.460845
1.92394
0.206442
-0.38559
2.07001
0.836441
0.353568
1.05815
0.435086
0.693946
-0.0702514
0.446855
1.14664
1.39798
0.800191
0.414841
0.92958
0.800198
0.95062
0.480794
0.0147674
2.60252
0.451573
0.199634
0.86812
0.304665
0.484089
0.468171
0.773424
1.4074
1.56182
0.388219
0.0624236
1.64548
0.829592
1.36058
1.09837
0.423069
0.537122
0.548803
0.506414
0.000615279
0.631943
0.618412
-0.355509
-0.313361
0.293297
0.711432
-0.41576
0.296882
0.50023
1.44024
0.360313
0.319082
0.734846
0.718301
0.292443
1.04361
0.803172
0.357164
0.509575
1.35794
-0.33108
1.6658
0.858624
3.99426
-0.351461
0.953702
0.0140995
-0.067383
0.602224
1.02937
0.191503
2.12647
-0.151234
0.763542
1.92681
-0.552675
0.034925
1.65955
1.4733
1.16301
-0.212986
1.98342
-0.379328
0.760976
1.43843
0.632397
1.1617
-0.229111
0.766936
0.21786
1.27242
-0.387682
0.458877
0.535672
0.679313
0.884818
-0.772303
2.24475
0.795078
1.07202
1.11066
0.126626
0.149285
0.880622
0.32141
-0.126815
2.19428
-0.648034
-0.422032
4.05062
0.0541192
2.50347
-0.279352
1.20846
1.4369
-0.05602
-0.05216
0.403839
-0.337147
0.593868
1.11599
0.877812
1.82096
1.89208
0.705329
-0.554285
1.13567
0.369509
-0.219719
0.966436
1.0389
-0.304147
2.28704
-0.189503
2.00987
4.46349
0.487753
0.507589
1.32692
1.11614
1.5773
0.478568
0.240071
0.788306
0.235064
1.39612
-0.348214
0.296919
-0.407181
2.65605
1.33533
0.0281017
0.942574
-0.604964
0.618691
2.29649
0.225069
2.46043
-0.102283
1.3301
0.773643
0.779821
1.39305
0.082094
-0.311797
1.36886
-0.349681
0.618972
1.8094
0.161102
-0.655548
-0.230746
0.414758
0.109321
2.12175
-0.592599
-0.472087
0.336864
0.808696
1.28865
1.77342
-0.354736
0.453661
-0.11833
2.69301
-0.354517
0.310474
-3.2673
0.633241
0.967917
-0.537565
1.17786
0.0416187
-0.438379
0.46895
0.179975
1.12036
0.587282
0.196744
-0.370812
2.9505
0.287323
-0.0395404
-0.262307
0.275372
1.40739
1.93396
-0.382654
0.73041
-1.0861
0.612627
-0.122149
2.04576
-0.0293934
1.66393
-0.354448
0.921826
1.05426
0.498335
0.950703
0.363191
1.12509
-0.602602
0.0653288
-0.341934
1.522
0.672552
0.593217
-0.235963
-0.353758
1.4564
1.78851
0.697881
2.30346
0.554512
-3.08936
-0.0187543
0.646272
0.411033
-0.0468658
0.213465
0.718568
1.158
0.351579
1.86299
-0.294012
1.2821
-0.457294
0.18549
0.686588
-0.325667
1.00942
-0.365112
0.563007
0.723823
-0.507038
0.0409464
-0.268713
0.821187
-0.621997
0.498132
-0.533672
24.0876
1.45504
0.123843
1.23603
0.0239121
-3.6535
1.1202
0.255236
0.942587
-0.468417
-0.239281
0.943611
-0.330954
1.2534
0.0716964
-0.38506
2.53563
-0.562007
0.0271953
0.54985
0.636098
-0.571421
0.614228
2.18651
0.0304768
1.16803
0.925323
1.40135
0.644529
1.22818
-0.175253
0.594746
-0.211782
0.941688
0.0643694
0.511598
1.91446
1.24174
-0.25449
0.52023
0.786292
-0.445976
0.342039
1.16926
0.791046
0.0622545
2.04215
-0.346196
1.68417
0.105766
1.1778
0.60938
0.254247
0.649139
0.320924
-0.124246
-0.367344
0.515797
-0.135774
0.495355
-0.252481
1.3355
0.540045
0.37925
-0.0372643
1.68136
-0.0644163
1.84594
-0.197196
0.507886
0.877452
0.569857
2.08187
-0.582957
-0.0119061
-0.21191
0.866393
-1.13131
0.969618
1.90062
0.407597
-0.192112
0.327447
1.20151
-0.0960819
-6.28422
0.696434
0.47982
-0.164212
2.90426
-0.325175
1.6981
-0.0673656
-0.0859388
0.314936
0.319416
0.749063
0.234564
0.400658
0.670389
1.09858
-0.122362
-0.691966
-0.204142
0.449859
-0.574375
-0.03622
0.553217
0.756024
0.125099
0.422896
0.398552
0.521773
1.93309
0.633118
1.46083
-0.323401
0.501634
0.653247
1.05301
0.779382
1.58623
-2.24662
0.550333
0.632555
0.644125
-0.386482
-0.359685
0.945622
-0.407042
0.513887
-0.198569
0.362996
-0.459441
0.347178
4.95749
0.662419
0.226024
-0.0600763
0.426414
1.91531
-0.144287
0.629348
0.909258
0.377276
-0.0300623
0.728736
0.479557
1.02538
-0.453067
-0.0744552
0.699237
0.624792
1.6818
-0.15303
0.0321118
1.53917
0.757084
0.448287
0.901639
0.262429
-0.305638
2.92023
-0.0105989
-0.319396
0.147048
0.204286
1.55997
0.577591
-0.452158
0.17682
0.521143
0.33546
0.713025
0.579673
-0.542018
-0.287921
2.33276
0.358682
0.556567
-1.92941
0.00820094
0.930214
0.547654
2.47546
0.551131
0.739559
0.669464
0.599583
0.50048
0.0387228
2.04555
0.796561
-0.0916661
0.725118
-0.124009
1.89741
0.0991045
0.0441685
1.40926
-0.257079
1.86662
0.836749
0.615898
0.228958
1.10318
0.111149
0.921825
0.964183
0.257726
-0.0511345
1.38187
0.212783
1.77401
-0.905078
0.351009
-0.307305
1.19121
-0.304722
-0.273975
-0.404481
0.252418
0.215947
0.502585
0.441138
-0.411187
0.486432
0.513525
2.48454
1.39543
0.0699437
0.86961
1.18468
-0.645526
-0.322982
-0.0802574
0.821716
2.1585
0.946561
-0.154145
-0.236873
1.92792
-0.522189
1.16266
0.349024
0.259156
2.74651
1.50005
1.72798
0.06786
0.440986
5.54305
0.699983
0.980718
1.36958
0.796744
2.23419
0.0185042
2.12479
-0.189482
-0.579233
-0.588025
0.59714
2.01883
1.27892
0.555804
0.200423
0.426026
0.465732
0.258649
0.276485
0.0234021
0.36047
1.07475
0.945441
0.0416616
-3.69694
0.0720997
0.50665
0.424277
0.677108
-0.444647
0.460893
-1.38655
0.990586
0.652891
1.41214
-0.31177
1.34347
-0.392072
3.25209
-0.246897
0.675171
1.34239
0.584842
0.953036
0.428101
0.253749
0.555494
0.0743135
-0.199445
-0.368237
0.226193
-0.3561
1.14568
-0.49692
0.847786
0.975025
-0.444184
0.14945
1.33932
0.311047
0.125055
1.71492
0.533136
-0.268617
1.00259
0.235243
-0.303836
1.41167
0.884167
0.241796
0.524806
-0.138351
0.379831
1.76117
0.853703
0.658631
0.48528
0.537354
1.85861
0.931042
0.505408
0.291696
0.946644
1.17407
1.0049
-0.0759309
0.667243
1.27777
0.715649
-0.142469
-0.214005
1.29198
0.0223673
1.25
-0.429569
3.16717
0.909719
0.985106
1.18386
-0.548783
0.473077
-0.464811
0.439574
0.504858
0.391931
0.46717
1.05115
0.0181919
1.56461
-0.345483
0.747629
0.585666
2.00863
1.03056
0.228602
0.62465
0.237906
-1.00851
1.02022
1.91459
1.78793
0.404299
-1.4962
2.19882
0.75451
-0.317651
1.4489
-2.3671
0.218998
0.516317
1.48517
0.33024
1.35831
2.79202
0.0174968
0.754653
0.503526
0.717521
0.217376
2.36962
0.322733
0.721376
0.765975
0.103997
1.00615
0.255372
0.995846
0.628038
1.30804
-0.896377
0.701137
0.97938
1.39632
0.77653
-0.824695
0.978108
1.41305
-0.533071
0.432697
1.0249
1.17816
0.760325
0.179207
0.337211
0.0812688
0.535461
4.0017
-0.00776031
0.705184
2.66216
0.444531
-0.410518
0.440701
0.402018
-0.343864
2.50975
0.0349884
0.868018
1.78471
0.242539
-0.455928
0.333813
-0.615882
0.229011
0.813317
0.753234
-0.389311
0.789453
-0.218952
0.142487
2.17909
-0.254641
2.32634
0.803126
0.416405
5.98779
0.392863
-0.230374
0.985709
1.28931
-0.172317
2.43035
-0.228004
0.586944
-0.66883
1.1079
1.26143
-0.0139173
0.449175
-0.0190868
0.895969
1.58826
0.474948
0.919407
-0.200602
0.213459
-0.622601
1.04735
1.4732
0.211319
2.6067
-0.348535
1.17143
0.415367
-0.349451
1.37374
-0.318773
0.474425
1.12515
-0.197324
2.22079
2.12741
1.33843
-0.228629
0.50765
-0.346579
1.83225
-0.533904
1.27548
0.0222428
0.250616
1.30967
0.628042
-0.241027
0.540675
0.264378
0.299157
0.518052
0.227868
0.0148543
0.707414
-0.391673
0.541399
0.500696
-0.164436
2.30822
-0.347364
0.914754
1.11509
-0.37873
0.74792
-0.312848
0.989827
0.761589
0.534952
-0.119137
0.674613
-0.524107
-0.053067
0.673891
0.0125258
0.6479
-0.309221
-0.662997
1.19854
-0.101392
2.38182
-0.339362
0.231411
-0.333521
1.10869
0.59378
0.370686
20.0176
0.82239
0.54153
-0.112439
0.891359
-0.230888
-0.263494
3.62065
1.72229
1.46254
-3.48752
0.521685
0.37763
0.61671
-0.27018
1.22018
2.28807
1.50197
0.986945
0.777302
0.178649
0.704152
1.43206
0.725193
0.764913
6.86339
-0.346422
1.57792
-0.313056
-0.0408083
0.0963114
-0.108756
0.62889
-10.4236
0.655595
0.691281
0.441915
0.467114
-0.242917
0.632048
0.610648
0.154222
0.599068
1.60004
-0.540663
-0.256296
1.78865
-0.426071
0.116253
0.42357
-1.30062
0.0253057
-0.379054
0.555311
-2.53907
0.0603823
0.749693
-0.0517269
0.402127
0.614887
0.6263
-0.397546
0.505734
0.309188
-0.0257537
1.30592
-0.130973
1.34811
0.706851
1.3578
0.787824
0.331176
0.437895
1.01216
1.01854
0.90435
0.650303
-0.22367
0.87937
0.628517
0.382144
-0.316833
0.134087
-0.230431
0.448654
-0.334464
1.5653
0.405923
0.776166
0.41215
0.491372
0.263865
2.11444
0.144324
0.0712033
0.363249
0.728164
2.39624
1.50026
-0.0978215
0.29599
0.480003
0.185652
0.532198
0.504798
1.49764
0.458135
-0.599437
0.358812
-8.72476
0.868533
0.0689501
1.81466
0.757949
0.859561
0.587867
0.747586
-0.349392
-0.318662
0.093036
0.844826
-0.0538451
2.83161
0.607311
-0.154449
2.25224
-0.329499
1.0841
-0.0425192
1.23096
0.282633
0.405676
0.471102
0.366433
1.83654
0.484658
0.468377
0.00187458
1.72774
1.08067
1.93958
0.331749
-4.27322
0.14301
1.36234
-0.596775
-0.0960064
3.63318
-0.544037
0.0565044
0.751098
0.636352
1.28543
1.4291
0.605886
0.448579
0.51799
0.0953983
1.74183
-0.62085
0.361073
0.754668
-2.54854
1.76442
-0.0636974
0.918258
0.466834
0.705918
1.35994
0.29523
1.36566
0.73481
0.473725
0.481058
-1.35041
-2.86407
0.73001
0.887006
-1.4677
1.6449
0.752277
0.753865
1.37155
-0.369255
-5.56699
0.485083
1.01188
0.981025
0.545647
0.501248
0.10201
3.05153
0.819432
0.589343
2.3004
0.694704
0.740267
-0.140919
0.240782
-0.924219
0.399583
-0.0888593
2.27971
1.27467
0.736203
0.306111
0.920044
0.738301
0.44861
0.291894
0.881038
0.72941
0.764251
-0.160461
-0.23786
0.36477
-0.0321898
-1.21624
0.257678
2.37639
0.945074
0.749184
-0.387873
-0.375883
0.656647
1.32882
0.732061
-0.139124
0.615636
-0.0844557
-1.88342
-0.128862
-0.168642
0.647215
-0.180298
-0.279002
-0.0676076
-0.0853116
0.619407
-7.38042
)
;

boundaryField
{
    wings
    {
        type            zeroGradient;
    }
    outlet
    {
        type            freestreamPressure;
    }
    tunnel
    {
        type            zeroGradient;
    }
    inlet
    {
        type            freestreamPressure;
    }
    defaultFaces
    {
        type            empty;
    }
}


// ************************************************************************* //
